0,1,2,3,4,5,6,7,8,9,10,11
MATSnbbiTCv7Dc3trJrkrqjx7ckKdr6fwPoVwv9q3sD,631WX9JizSHJm4w6VanZeJAst9T8DeUUnPLesdGkCVtK,211maUSfpnXbPuW1iBu8b4dtJv5EbN1j7JJiEX5TZKEP,161.32410899999377,161.15171800000098,161.54672038067832,1.0013799015042728,0.06461868815227133,0.9998130349624621,19715.351241,25839.08704,45576.81251795634
ACUSESXyNnwRLAg1dpSGMLSzUDdLjUMybY8rkXiAKhCP,AhFPQdu8GKBsxuhiH46UmCu1YpaLgNpoP325HnYtsgas,A8wxWpT3aFEr2XqZp1kDmbxbFfcBE95UUmdsNTDBJYbT,100.50026854499993,100.5350944270001,100.47746568654968,0.999773106492347,0.04019098627461987,0.9878369991228432,1044.997638794,1840.979146512,2863.3478511523917
BSC8REUo9LpiiWUuqMuLXs2D2yJsJfGd4HdiF3wCLxk5,AZjEH1zWVx1UJ6udMyRijGTzPteuLnaY18yNNmprJEsh,Caf8ypkSVR8xYnXNhjvfvdGCC7mrM3C11rz8Xi6NA6aK,300.06688612399967,299.9749171560002,300.10114417011243,1.0001141680328518,0.12004045766804497,0.999773106492347,3136.028772559,3218.601366987,6354.257894028037
wrmcMSHFi3sWpAEy4rGDvQb3ezh3PhXoV2xNjgLBkKU,8p4mGnARWPBu6P2Gcw4adodLkNDorrXniZMhaY7eJXUn,AyY89zccbsgp9LKFgH4CFZMJmpSgqmPSdTfukhP227rc,0.0013389200000000212,0.013104069999997137,0.42643887928097324,318.49466680680433,0.0001705755517123893,3128.1281281281285,27.08291547,0.09573348,8925.23073036609
GokA1R67GqSavkd15zR62QD68Tuc5AEfvjssntVDEbM8,3YB7hfpBdbQEuZqLGWVDpRPmeZWCUsrrWyqGXegnQ6Cg,4DPCj6Z1DsG6HUtwSogBGqXEUxdEV5a8YVrrFtcnz7UW,82709.05693400002,82595.99926999999,82711.12471211783,1.0000250006250158,8.271112471211785,1.0,14717.904338,17689.009851,32407.282145807374
SAMyS8Jr2HJrkFwYVKbpUwsNStnQmvz3f8Tup8bWUWF,6jPzm5TFfquvgm25sTyN3MMGBfufRaFHMxobDWv6hMFW,Cj9ECoDmxsHTDzCY5ZA6RWrPbg9uFzEC1Qc2kso2vJG6,615.5702054400001,88.53286392000928,598.6286611388604,0.972478290613448,0.23945146445554416,0.01890813849996655,449.59709141,110460.33254724,2525.822677474752
moFiBS1R4Lf3E3zzmBPnw3NF4RhWPkhREFviuzUaCAU,44ALBrpqi9PfZkBRTvbtRNtFJGsatfY4QydjtMbFWq8S,2ho8qEEie1UjVwWNBo9y4oAJZMyMLx8zPj9bxyUz6uWs,712.3288617510007,712.3471050999979,712.3500612888246,1.0000297608856838,0.2849400245155298,0.9997956297757263,33275.521490498,31126.090148749,64396.24070221369
KEnkcdADoLR5jS2CLLLesy8TtFsyWL37BhXNfDMzWzP,3qsjFRuw1qeLMPo4DLwaQevenGAGBj9dA3Q6rb8ax2YR,77iEv8zPQAEyCcEbvBRSB6AFcUdfkhiqnAKtPxk76rNN,0.010430999999999968,1.2497979999999984,8.540511631585669e-05,0.008187624994330069,3.4162046526342673e-08,0.999696092387914,119.987883,0.291673,1.274000148222612
daob129AwBGn9Y5r91uLoWZeYiGzbPmksauMhFZKTze,6VW5GQNyj4LStgmxEHLr5zUfW92vQnmbw8jTnCH7a38F,4VPCCUifPeBA1c7HWK358CHn2nyjm8pdTRk6Ps3KmnMQ,10.245362400999767,9.157396737999974,1665.313614192711,162.54316333702414,0.6661254456770844,145.87755854649936,48.411041135,223.942133916,40537.01551788099
C2ypsDADXcCRz8HbV2zX1AXPSja7a1P3xZtRC91xGhJh,J9bYNuDpY1d1T86gLaw7DGk5D3CsUAf2tzUwxMvb6FTv,A2NGvvPrMGzsJ4jb52KEnSBVmsA7C34dV1GC7PerdgvG,802.6392730399997,806.8211937299997,116986.67691598211,145.75249535559675,46.79467076639285,146.2882929721495,2121.787180292,1250.24238573,492151.6005509438
KEN5P7p3asnb23Sw6yAmJRGvijfAzso3RqfyLAQhznt,9zj4aX38Uxf3h6AUjS4EipWS8mwbEofasHAf3a1uKGds,CwQDG1MWunn9cLNwcZLd8YBacweSR7ARo32w4mLua1Yr,30778.02268299926,30782.268778999103,30772.51440292114,0.9998210320352657,3.0772514402921143,1.0,1163630.77618,1096188.717195,2259611.240743285
Sid7E679i9ABqptiAVhkmQ27YHN8vaYT4fppPwmxFsJ,GP7KB8o1bv527HG8kTzzzf4wJ5aEGHvcMQvVhLziUfmT,9gYxhAZ1M9wu5pxr8SBoa5NDm21gi3s9vMHaYTME77sa,571.9869490000019,1322.2987440000143,4.683214640063014,0.008187624994330069,0.0018732858560252057,0.018935669565749238,129324.31908,11205.09613,1271.0350250442607
YAkoNb6HKmSxQN9L8hiBE5tPJRsniSSMzND1boHmZxe,CfWX7o2TswwbxusJ4hCaPobu2jLCb1hfXuXJQjVq3jQF,EnTrdMMpdhugeH6Ban6gYZWXughWxKtVGfCwFn78ZmY3,6143674.987222012,6143881.117364965,6143674.987222012,1.0,614.3674987222013,0.9996561182953065,848674.214424,608424.017484,1456889.006019691
FrnkTEL6yZ5Aycq2TrEgu29dCrwKG4LPUZydfiwqspkc,DjvZuMZ46fxKBoBpGMPcRcos4xdTtHFxwMh69DpA2ZFY,9rvDPJLAng4uVVqnnSoEXgNDFhBZQTny9AoQioYDZbQX,14.095891024999588,11.762609827999853,2377.4042014736765,168.65937720838375,0.9509616805894707,145.89117918588053,173.201425979,1438.328804078,239051.52992117888
MARpDPs5A7XiyCWPNH8GsMWPLxmwNn9SBmKvPa9LzgA,6YjT74rmcfCpw8LSjPNx5JTmZoYLGrTKnf9arfSgZ4SR,F8GSmi3vA8M8TsybLya1LQ4n1aFHCRbZ6k437PeTdXtg,12858.45165599998,13534.778635000188,12019.704646091095,0.9347707614923053,4.8078818584364384,1.0,297211.356523,14934.937589,292759.4236501657
parEAJhzYzHW87y9VoZAQ22dzQ2MD2ekEtTReaxbMcz,3oyc6hpjYSJEquK6dSvG72NXyz3pqLZz5D8AC71pwgQb,Di2vordgFJVZ1aj1aBpvzXtLfZgJsuLLXawGtVFwX6Rz,4.731337762000123,5.473011695999759,674.6595874532433,142.59383315894107,0.2698638349812973,168.01862856138587,1101.545816327,141.408140541,180832.84219137632
BSCuChvaSj9b5HUSqgDVRzcnr2sSn7cXaamt1jbKH6hn,GnKpRj5kBVPMJfiwZtEuD9GYApLzPdW5JFuZTcyX4BTc,3dmwD9okkomV9nDwyuh4UMhKdUR13QpuKxRo89ycZB5t,46.33679304100019,46.41430779699999,46.269735793546154,0.9985528293381308,0.018507894317418463,0.9998120353373565,1726.186093052,1386.361872586,3109.789292725526
ercAoEmXjQzEvAFbdjAo81KtMxRGn9AW1ju882upmPH,CMRhskR2Eg6V42RTSdRTXGdozyPbWB8U9dVpijPWb9T4,7TKLLgrWswt6ZJ1pXhVR3FyufHGjJFqiEXxvWJfDcgRm,3.710432988999969,3.773485533999974,541.1890108861058,145.85602610006075,0.21647560435444235,143.42494171210367,304.67485041,788.073115656,157468.0036112708
RoBgmK8CvjdHvPrqdDyVw54VwjZv2TqJ493xnqJAQHx,ExiHJxM7qPAcy27NDHAF6G7vnW7muNHi2sVJpnaNynGQ,6rkPHSqZb7StM4HwS9EuVrmfkV7tRdc7dnsFhyB6cefE,0.4389540000000025,28.59267,0.0,0.0,0.0,0.9457785175867515,6353.465501,17.53959,16.58856742927941
7oAd7xG4m3oC2qeWB1szghTebAZyyGPAFDJ4wwwbRSNi,D9yh4KAysxt9GLacVe4Wwh2XqghhcjTCSTV9HuM7TBJd,HDYfJLpZKaMFb84jM4mRytn7XLR8UFZUnQpSfhJJaNEy,0.2061123820000148,9.122061989968643,0.20607025876627988,0.9997956297757263,8.242810350651196e-05,0.02262842962115797,951.811203978,300251.526324217,7745.83721418158
heyk4SZTeCUV6a65WiVA5bzic3KcxgVf1qxobfeV4tQ,9ZDpBKPqMABtGfq66FbVribaArMvtk63xxy91onZAtDt,DaTP4s6N7xxSPinbNZ3FB52EpRDRt87QShTuN3VPCW52,28.729621960999793,24.929185813999993,4804.720086837267,167.23923807141048,1.921888034734907,145.83909397754545,627.349600903,4471.742616252,757072.3609143915
KysFMBBoavfov2tLpvefWW6tPFt6rAeZWDJVy1mMQae,B8ka2V21TH3x64dFV8ETcjuQcwmrciJ2qzy1mJUttRew,7fSf7EYxBANyxzk2s5pymFgshA91tFYQNKKs5UnLWcYS,26.8593069999838,23.34106900000006,0.0,0.0,0.0,0.01884907758457515,134426.336645,2669.123243,50.31051109009984
BSCNHw8CmxbZ8hCWWzMf5FaG2ajPT6JxfznKUNuRVrn4,7n9kgNL633yGzCYksgnzHyjG73ZLBAwvEae5sbAekbzW,SscdxE99omdG9AiMVwmaEMQySQnCgeAh1sPj2Leutm2,1805.8765180670007,1788.4272010099994,1815.5125196074819,1.005335913859047,0.7262050078429928,0.9997956297757263,4051.984235608,7651.786628001,11723.828105099163
AURHmCnNwiW4uA2Qj1XvEh4iKgRUZYXtiY7FKAapUV5Y,BKWm4TRnTeKwfWXRyuzjRHU7iZDkPuXBX5b5V5jSVfGJ,A5Ww74HVrkj9nPeC7pHKLfgeDMEhBCpW1efQdz3TGLEg,11.103872126999704,9.883662685000047,1812.054926752369,163.19126391470712,0.7248219707009477,145.67894400247073,289.929809323,1798.351554798,309295.96747814445
YakoMPuYrybnr9R7VC7hVGxMz94fJvPFCdZ4gmW61Ed,,,0.797196,0.793074,0.0,0.0,0.0,145.67894400247073,289.929809323,1798.351554798,261981.95544817403
BUSDTd9WiT6uBHJRgNvFXBsA7JrifsAtWzKfioN7ERcy,DyBxrn7gSc1EwnpWhDyhzvMHPtxpmBqRqotapLcKcfTM,Cds99GeBgoCpqBsoRWu1C6fF9LiUMd4pXQQD24s9LPff,552.28108322,551.30175854,553.3711358181802,1.0019737279282221,0.05533711358181802,0.9996711082054004,115.06184611,149.06356394,264.30348504608645
B2izdXFYb2sNwbWWHmh75T4aQFtfXsUxem9u2p61HGzf,4DYwgJtxwuJdAjkj5RJSNH4e7U329V5cNp7d3a1nLrZv,EXNW64GEf1ACC6xY9BtKRiunrs6GoJSXBdxWN2eTPmrF,2486.6024939999934,2462.404372000001,2511.382303185525,1.0099653278902936,0.25113823031855254,1.0,10526.484887,29405.653671,40037.038431431174
Lid8SLUxQ9RmF7XMqUA8c24RitTwzja8VSKngJxRcUa,4PgzyzLtds9bKZ2to9PMnKqJzKEUpjvNUaeN23phegax,AtymwxoVN9peZo7EXTcDz9jKVc4vRmisJKKrNfe3ewBa,49.681199359995844,42.0569921389997,8564.176569474317,172.3826453427036,0.8564176569474317,145.90450433467691,970.714997777,7672.186612164,1286741.0040015683
7dwD9TF6uikvHXxPFK9AsSim54yJoujQjY9vU6gNFumk,CquVr6atkvwueDYficKjn6SSEWq4F4rH4VSiBbW4GBWU,8BCa6ge3b7ho3TfZuM64Vk1hgbrJ3J7EPiAb9uP86CGd,0.0001259389999999994,0.00012567800000000016,0.02170889339097355,172.37625668755234,8.683557356389421e-06,173.029090515843,0.003811697,0.003696205,1.2965970499972848
WiiQFxXqp8P9Fs1rt9SVcDyA3KUdJmUsog6wnVQAwba,3S2jpqSYxho6wiz3cafhjXruVY8cg4HYa2v3BqBHYFSj,Dfe67M6TfrG74gKRtdqys4e6E9QirPD53BkF4FujFjuv,15172.432647134,15171.941524826996,15161.296962579625,0.9992660580664052,1.5161296962579627,0.9997956297757263,16069.003199567,10746.393247934,26801.406489423556
KEVpg4SYCVrqFxKijQH6hm4QxsRdoE51ud64bEEFUC9,2bPenuBYfqzD8p5dFjCcggwkHDsc2RQDnx9AoyYGUBjA,AE6n6iLuX8oYu61vt5hoDYkjswpnxFxrhSehxrnQTnbx,182.89463163799996,183.3333330000005,182.9020452065983,1.0000405346429906,0.07316081808263933,0.9997956297757263,3880.760895505,3762.477066449,7642.626328929537
JSoLLrxK5bYdHwTEWYaGgmeycBCNXKDiBCTw5hXGBg7,xG4wXczA7Dk4hccJ61CHKpDHW4NrNfQwgmWgkb9BuF2,BVR6WgfhsRr9Lob4QDnkEAiNGgAbv7ZieKcY9kSg3QYR,2.5266055590000747,2.150649083000001,433.1687182102032,171.4429530431467,0.1732674872840813,145.87577102638775,17.111747944,164.61192978,26946.580776048453
STK75uPSyBnEhGTTzb1nwmP3n427XoXmfRhXxxhyady,6TYyD5fUmDe6N65avW1Ny2RxzRNobw2RRgKwH9CTzSAU,54zDfk4cx2vGrEajPtodWpArNe5eUurytyxd4X3aZAxK,320.71107721700014,361.47002106899845,46778.693984120604,145.8593023666255,4.677869398412061,164.4492872932338,1828.986026338,322.027649901,319731.84335490176
BUSDgu5JdqP1rndBvXvanbEufS94FNh1w5FJcAj6vawb,Bgzr8cWubt89JQFXndVjtdKmDbGzuPxNhvjH1EhWCwbo,Dxaf8xPBBQsasRKW5Aa4Sw2YrbfGofY9xZueyyF23FBW,12939.987437359994,12815.486717230007,12966.675708637027,1.0020624650067262,5.18667028345481,1.0,6551.35865299,8507.69157143,15072.562172388305
RajgMbScQbqqrdJfR2rxfHJiTiY5b6bJ2tTXiF4aPxy,725ZA3fhyBAKb5iopNRrcbSuQa3LXA1656Q3mBvYPxeg,GLA6i1dSZpUfk2f9Nj8uiG7xyDdAR2reff8oEiZH3617,19137.311324910013,19118.57758508002,19151.35654677429,1.0007339182409596,7.660542618709715,1.0,64814.57352247,116622.95869795,181485.10081820816
vEnkoSUkpnbRrPgBz9DfcVxNz67zjwMYBZraAvDDNSf,DtfyjjsZ5yCjWKLKHvwsfXs5QVsmm1QkK6Sh9JZHoq1g,e5wrKCRv4GhHvEf1VD5Pq2KGaZDXP77nTL612Jyrxwy,1960.2215070000009,1960.3163699999996,1960.758754898843,1.0002740750965764,0.1960758754898843,0.9997030881828097,824.420447,1122.394336,1946.7074839717252
TETFuZgEmET6d9vYmz9iMFCxK1jKdKYxf3oPz8hSzJK,Eu1Ze6Z84LWNkq7SNoAHBJbXx5t1P95EwyqYohrfCRFV,ASMbv7WNu3qe4pkhREmvyEdwFNDZQ6B6iSrjkj4u8bdC,181.62987048299993,181.51937852199998,181.2703900908142,0.9980208079693622,0.07250815603632568,0.9997700528878358,228.299253543,124.378572364,352.19737735025694
ALBpShJ9NLpE739pcHDF2LNVk5J4VYPvvKuV6jMPitZi,D6d156U1bPiJpDYRLextvDRccgFk7QzkQbJg42ceKEu5,GNcM8U5g8RwTZffwwm3kSQqUNPSwv5d2fbN9sLxPJqt2,8767.111171999997,8766.660180999992,8763.710852189346,0.9996121504856115,3.505484340875739,0.9995541988273231,52064.77009,48243.780535,100266.85019526698
HEDSDjj84KS7LKhZY7ejkCACTdPen62rKhCby1wXtgxc,EnnjMSFttpCTywBrYNt1J5QQeoSVkvzPipJDa8Y7kJow,6bjVT6JN2rSvpyn9PdfLYC8wJn4LWh49jpY47fnLDXZk,5.222971087994665,5.393267672994625,5.020367075849705,0.9612090496517092,0.002008146830339882,0.9997956297757263,39106.983234811,9061.853674448,46649.98789125823
KZMu9QBEdL97EFgamLbN5DE1AoKBG4HdrKKJo4Vuon3,DD4ACBWyVqdaKWh7v5btsgqQCCMwbKnuL2xd9pv7Gyuw,GcYqiJ1MAuYbNTNYXm1F1gQYTfTgkErACAhNU5dpVj9T,19.405520950000096,19.96890484000096,18.871447841919547,0.972478290613448,0.00754857913676782,1.0,2258.14336754,837.17660392,3033.172005945394
SoN9GaFpSXfpyR5dth3x7PHPVhvJMpQqqDJfCSmPv1t,9kZ9iS68ViMPtoeqtnhAKuF2iqVyfHPdZHoUNdwCELr,BBhm5fJLjw3HRzjtKB8uMEYjGhY6EDm9co3cqpjrSzB9,0.13571835300000057,0.1335283310000004,23.62832003078066,174.09819312190268,0.009451328012312264,170.6132933688755,1.546652047,2.435032818,684.7182953112657
MATgk4zXLXtYkwBH678J1xZbRDZ45LicNzkRBHkxTuY,y8dALFo1bJrSzPYjMX14HJX448pXqYmrfXHD1K8MXih,GN7Yuet3UyiWS5YVkEHv6oQKi4HGBJc3XDPt9zQhAqZz,215.79471099999773,215.46229699999913,216.1104483650591,1.0014631376440981,0.08644417934602365,1.0,3416.131621,4644.994451,8066.124342771878
iLiUBQ7Z7im6Ew3b4ewwPcehzWgEQRJ1iQz7g6D62NW,GpugBvKWM3TVhYcZjemSdtehBWgfvuGr6uAm9iPjXT6v,92fMXJ3xy8tEyMUWLHKRLyhPw2nECBo77GtDiBBbYrjX,0.0011553950000688928,0.0011553950000688928,0.001134693680336261,0.9820829069440343,4.538774721345044e-07,0.9997956297757263,1805.840138149,1156.638795719,2929.8871455385015
SUiuyGR7SFq3xeRVJonq84fjjeFwRSsFekcevJ53tzy,49GjCCPsv7fBqo6t3iKDrP1xxGDS8uWZbVCdfnp2gjMf,CEwj5xEbbJEjYqM8D6Ai8ByGz1mrh8mkAVsE5fzDSSSx,0.062051999999999996,6.924056000000064,0.0005080585061481694,0.008187624994330069,2.032234024592678e-07,0.9459252378529011,645.638187,1.662669,6.8590039264707965
ALLwa5WNZbvQsRKAqe1jdRGemdYQnW8E5k4msbRFcYtu,CGoM82Hbz7QVqTgvQatYtjvDWBvoUJp5qm21P8iMs9yb,3dxNNww8TivyN5FMy5dCNdi3Zcxv6e4kUfSPxfFwpdNq,1.543041126999996,1.521199017000001,4828.7940134564105,3129.400719762166,1.9315176053825645,3083.878408842096,0.858452356,7.799320573,26738.597739460594
Dg3mAgpwDfVNnbGWcsxL8sUcSkEbjSJQhKAWNigG44Ju,EATxwd8YA2wV93VJcKMmH2Kn2Y9XfJVUB9hHVu3udwEy,GiGvrRi7NMHfHKanG2B8xyCEqe8jaafWins8bhrLVEaa,0.03068369400000004,0.03027571000000001,5.355541026045608,174.5402957690036,0.002142216410418243,172.6500557746005,0.206305655,0.253229224,79.72868968987682
Lee1XZJfJ9Hm2K1qTyeCz1LXNc1YBZaKZszvNY4KCDw,9DgFSWkPDGijNKcLGbr3p5xoJbHsPgXUTr6QvGBJ5vGN,2hNHZg7XBhuhHVZ3JDEi4buq2fPQwuWBdQ9xkH7t1GQX,613.6366793139787,518.0670532029962,105946.78483227943,172.65393090700462,10.594678483227943,145.5469333552236,6724.456665041,53842.092371937,8997555.306597242
AUSejoEUCh2DBs9mof6BNC8Pubs22w4cJa1ccV9h44R,4xkyD7AfGQDwsQMy9MosRRNGoVJ1zosNinesxg1TzHG7,Cbm5gsQe3nSiCsFrvepVzMCD9xLK3ri9g3ypS2hdmVJ7,486.50930499999777,486.06411800000024,486.6056529192758,1.000198039211764,0.04866056529192758,1.0,14402.860199,14474.27427,28879.98680008096
KwnjUuZhTMTSGAaavkLEmSyfobY16JNH4poL9oeeEvE,J63v6qEZmQpDqCD8bd4PXu2Pq5ZbyXrFcSa3Xt1HdAPQ,BnKQtTdLw9qPCDgZkWX3sURkBAoKCUYL1yahh6Mw7mRK,202.4246599999865,6550.527360000036,3.8197551823882896,0.018870009130253915,0.000381975518238829,1.0,279037.338913,545.036254,5810.473386970066
DFWzVTzNBrQZLjoQ4yQwkj9HuoXmfkuZP9V5vbymZe23,DhgiEgiNdqZdRdo195UUHnoEJUtefK8buko8nU97XJUZ,2K2kkXsouBHtWVjtcgkyiXd8eP3oVBvq1bTJzcVdLLr2,23.373107691997575,23.77524678399641,22.99473695268849,0.9838117059872774,0.009197894781075397,0.9997956297757263,45475.905730365,22540.180524528,67275.30238068603
C98Sspw7XqnMsgxea3SLQVdbMDL8pKUc3RE82UvX9eq2,CSqgQJurPCzGxb4Cgwx5R61hWQUiaoUHcShNc8r1cKEL,6S2CR5EnukPhC914XkAns8m5GixjMAoUuZMsS5ubHuWc,29.712169000000017,29.740201000000184,0.0,0.0,0.0,1.0,906.94936,856.689011,856.689011
SoNcU2iwHMw6dGzsYNQkYFkUjwN1UdAjrWVRnStrZu2,8ivTTid27jZnYNc4w3CTA1Z6QS2twsFb8WMwUabeDJgc,CyXm53PMvHCbeXJBykU46Rcbo28xk5srhMZFg7gv6EYB,2.450024195000008,2.4339318610000014,422.7439147908539,172.54683266132093,0.1690975659163416,171.1990473115415,15.480836944,19.200288176,5958.2404254718185
Cob4usZcpHEY7Qt4ZCwj6WVg9S44zvzYV2v9qYF65dTf,NhFM9UXE48PyNAyeyPYA3iXztqKVJwA4bTdLj4ysM8w,6TuFuynuBoeskxyR2cz4wxyidk8dpDK7kAWw3UkjQGx,22.895676999990997,2049.2972709999667,0.18746121726723436,0.008187624994330069,7.498448690689375e-05,1.0,72322.590664,176.274073,768.4243239752689
SEQV6QiTpvTzrceiaYg9Avnwf7oc8ZALpnQMz6TyT4A,3dFMPj4r9mMmPHF32mz1gNDX7f8ftidWof7S8YiYTs1j,Fc1ED3YPeQfXQosHbd8DTaBd2AV5gHQtwiSAL5C5pUhi,3586.5500924380003,3606.6645769499996,3567.1458392760487,0.9945897163954676,1.4268583357104196,0.9991557134221583,4670.937083055,959.373039289,5604.22904224553
