0,1,2,3,4,5,6,7,8,9,10,11
KysFMBBoavfov2tLpvefWW6tPFt6rAeZWDJVy1mMQae,B8ka2V21TH3x64dFV8ETcjuQcwmrciJ2qzy1mJUttRew,7fSf7EYxBANyxzk2s5pymFgshA91tFYQNKKs5UnLWcYS,1.8756039999998393,2.484777999983635,0.0,0.0,0.0,0.019678615541702204,134441.592323,2657.579771,52.29749058491399
SRMuKizofcAMicegrfSv7xs9q76tH1w8aAF7oX9FEWu,72Hj2KWntXPfbie4UgKeTPnm1XVkomDfCnRPKbvfTtPi,6aqJQ5wedqpUt4fFEDUqUmXhrdxCu4bEJsQdVPCADLko,1.6142889999973704,1.6077079999995476,0.07350378392469398,0.04553322479730316,2.9401513569877592e-05,0.04550999938880071,16958.427081,4932.720622,996.6599849801913
B2izdXFYb2sNwbWWHmh75T4aQFtfXsUxem9u2p61HGzf,4DYwgJtxwuJdAjkj5RJSNH4e7U329V5cNp7d3a1nLrZv,EXNW64GEf1ACC6xY9BtKRiunrs6GoJSXBdxWN2eTPmrF,16670.73055800001,16523.957152999996,16794.438391189513,1.0074206605858755,1.6794438391189512,1.0,10930.878305,28996.560073,40008.552715806916
BSC8REUo9LpiiWUuqMuLXs2D2yJsJfGd4HdiF3wCLxk5,AZjEH1zWVx1UJ6udMyRijGTzPteuLnaY18yNNmprJEsh,Caf8ypkSVR8xYnXNhjvfvdGCC7mrM3C11rz8Xi6NA6aK,294.6617339530003,294.4706323380001,295.6106966122189,1.0032205154245442,0.11824427864488755,0.9969537519814107,2435.139668123,3920.044928649,6351.085572537431
YAkoNb6HKmSxQN9L8hiBE5tPJRsniSSMzND1boHmZxe,CfWX7o2TswwbxusJ4hCaPobu2jLCb1hfXuXJQjVq3jQF,EnTrdMMpdhugeH6Ban6gYZWXughWxKtVGfCwFn78ZmY3,6683160.071125002,6682769.043505005,6683160.071125002,1.0,668.3160071125002,0.9934393266865619,883115.674365,546898.06608,1426425.720897698
Sid7E679i9ABqptiAVhkmQ27YHN8vaYT4fppPwmxFsJ,GP7KB8o1bv527HG8kTzzzf4wJ5aEGHvcMQvVhLziUfmT,9gYxhAZ1M9wu5pxr8SBoa5NDm21gi3s9vMHaYTME77sa,699.1607609999955,1378.4504179999876,5.973462930920497,0.008543761698492308,0.0023893851723681987,0.01931844413191924,129186.456369,11264.385558,1321.3487009720309
SUiuyGR7SFq3xeRVJonq84fjjeFwRSsFekcevJ53tzy,49GjCCPsv7fBqo6t3iKDrP1xxGDS8uWZbVCdfnp2gjMf,CEwj5xEbbJEjYqM8D6Ai8ByGz1mrh8mkAVsE5fzDSSSx,4.9140000000000255,9.092998999999907,0.04198404498639142,0.008543761698492308,1.679361799455657e-05,0.9399962776147407,642.730267,1.688265,7.078297053283585
Cob4usZcpHEY7Qt4ZCwj6WVg9S44zvzYV2v9qYF65dTf,NhFM9UXE48PyNAyeyPYA3iXztqKVJwA4bTdLj4ysM8w,6TuFuynuBoeskxyR2cz4wxyidk8dpDK7kAWw3UkjQGx,12.245759999999962,1450.9412110000412,0.10462485525692883,0.008543761698492308,4.184994210277154e-05,1.0,71738.501089,181.122853,794.0395109114469
KEN5P7p3asnb23Sw6yAmJRGvijfAzso3RqfyLAQhznt,9zj4aX38Uxf3h6AUjS4EipWS8mwbEofasHAf3a1uKGds,CwQDG1MWunn9cLNwcZLd8YBacweSR7ARo32w4mLua1Yr,175824.5211630005,175851.32495599962,175788.48452367313,0.9997950420163866,17.578848452367314,1.0,1143503.609486,1094259.211672,2237528.450963945
heyk4SZTeCUV6a65WiVA5bzic3KcxgVf1qxobfeV4tQ,9ZDpBKPqMABtGfq66FbVribaArMvtk63xxy91onZAtDt,DaTP4s6N7xxSPinbNZ3FB52EpRDRt87QShTuN3VPCW52,83.81305272400095,72.70969946800005,13747.696672001019,164.02811048146188,5.499078668800408,142.6451924790037,627.974519863,4470.995936293,740771.5498289895
SAMyS8Jr2HJrkFwYVKbpUwsNStnQmvz3f8Tup8bWUWF,6jPzm5TFfquvgm25sTyN3MMGBfufRaFHMxobDWv6hMFW,Cj9ECoDmxsHTDzCY5ZA6RWrPbg9uFzEC1Qc2kso2vJG6,1089.1268000300042,21.667895559999977,1059.4992284796076,0.9727969493087669,0.42379969139184304,0.0196561573090069,460.25508143,109920.64225305,2608.3521747519835
BUSDTd9WiT6uBHJRgNvFXBsA7JrifsAtWzKfioN7ERcy,DyBxrn7gSc1EwnpWhDyhzvMHPtxpmBqRqotapLcKcfTM,Cds99GeBgoCpqBsoRWu1C6fF9LiUMd4pXQQD24s9LPff,1005.60620891,1008.26593843,1001.5878983570652,0.9960040913457662,0.10015878983570653,0.9999813703470705,165.40234422,98.68171963,263.42129278511356
ALBpShJ9NLpE739pcHDF2LNVk5J4VYPvvKuV6jMPitZi,D6d156U1bPiJpDYRLextvDRccgFk7QzkQbJg42ceKEu5,GNcM8U5g8RwTZffwwm3kSQqUNPSwv5d2fbN9sLxPJqt2,80.10755500000232,80.11756900000182,80.30116109941302,1.0024168269698244,0.032120464439765205,0.998894224093928,42012.576135,58299.898822,100349.54546063107
RajgMbScQbqqrdJfR2rxfHJiTiY5b6bJ2tTXiF4aPxy,725ZA3fhyBAKb5iopNRrcbSuQa3LXA1656Q3mBvYPxeg,GLA6i1dSZpUfk2f9Nj8uiG7xyDdAR2reff8oEiZH3617,3950.9740325300154,3950.1109468499926,3955.295707278659,1.0010938251461694,1.5821182829114637,1.0,66241.39762509,115187.05514809,181500.90927961975
AUSejoEUCh2DBs9mof6BNC8Pubs22w4cJa1ccV9h44R,4xkyD7AfGQDwsQMy9MosRRNGoVJ1zosNinesxg1TzHG7,Cbm5gsQe3nSiCsFrvepVzMCD9xLK3ri9g3ypS2hdmVJ7,2693.922271999998,2696.2497539999986,2694.4503842753156,1.0001960384235309,0.2694450384275316,1.0,14308.410504,14568.492919,28879.708421238436
KZMu9QBEdL97EFgamLbN5DE1AoKBG4HdrKKJo4Vuon3,DD4ACBWyVqdaKWh7v5btsgqQCCMwbKnuL2xd9pv7Gyuw,GcYqiJ1MAuYbNTNYXm1F1gQYTfTgkErACAhNU5dpVj9T,35.718375710000146,36.7204555200002,34.746726924952505,0.9727969493087669,0.013898690769981,1.0,2253.94014366,841.24583435,3033.8719300270122
MATgk4zXLXtYkwBH678J1xZbRDZ45LicNzkRBHkxTuY,y8dALFo1bJrSzPYjMX14HJX448pXqYmrfXHD1K8MXih,GN7Yuet3UyiWS5YVkEHv6oQKi4HGBJc3XDPt9zQhAqZz,965.2148660000003,965.5637939999997,966.355165094812,1.001181394044973,0.3865420660379248,1.0,3569.269725,4491.58451,8065.070948998017
ercAoEmXjQzEvAFbdjAo81KtMxRGn9AW1ju882upmPH,CMRhskR2Eg6V42RTSdRTXGdozyPbWB8U9dVpijPWb9T4,7TKLLgrWswt6ZJ1pXhVR3FyufHGjJFqiEXxvWJfDcgRm,0.7245133889997533,0.7128804470000318,103.43544805063165,142.7654058863319,0.04137417922025266,137.67630483406288,314.467665154,800.168841501,155059.39319504856
AURHmCnNwiW4uA2Qj1XvEh4iKgRUZYXtiY7FKAapUV5Y,BKWm4TRnTeKwfWXRyuzjRHU7iZDkPuXBX5b5V5jSVfGJ,A5Ww74HVrkj9nPeC7pHKLfgeDMEhBCpW1efQdz3TGLEg,0.002759596000032616,0.002574364999873069,0.43727642752953766,158.45668261744453,0.00017491057101181505,142.76695493218426,289.921953164,1809.463050003,304271.60062756855
SoNcU2iwHMw6dGzsYNQkYFkUjwN1UdAjrWVRnStrZu2,8ivTTid27jZnYNc4w3CTA1Z6QS2twsFb8WMwUabeDJgc,CyXm53PMvHCbeXJBykU46Rcbo28xk5srhMZFg7gv6EYB,2.042293398999991,2.027297430000006,345.5515694619597,169.19780949747914,0.13822062778478386,164.97120262686946,15.686410393,18.99153758,5787.163071680077
JSoLLrxK5bYdHwTEWYaGgmeycBCNXKDiBCTw5hXGBg7,xG4wXczA7Dk4hccJ61CHKpDHW4NrNfQwgmWgkb9BuF2,BVR6WgfhsRr9Lob4QDnkEAiNGgAbv7ZieKcY9kSg3QYR,0.8819774609998206,0.7505738020000052,147.37118034463023,167.09177599342328,0.0589484721378521,142.88382130777845,17.01478168,163.949350297,26268.739760414483
RoBgmK8CvjdHvPrqdDyVw54VwjZv2TqJ493xnqJAQHx,ExiHJxM7qPAcy27NDHAF6G7vnW7muNHi2sVJpnaNynGQ,6rkPHSqZb7StM4HwS9EuVrmfkV7tRdc7dnsFhyB6cefE,2.4847780000000057,0.03830999999999918,0.0,0.0,0.0,0.9534715422116153,6338.209823,17.77254,16.94561112281762
Lee1XZJfJ9Hm2K1qTyeCz1LXNc1YBZaKZszvNY4KCDw,9DgFSWkPDGijNKcLGbr3p5xoJbHsPgXUTr6QvGBJ5vGN,2hNHZg7XBhuhHVZ3JDEi4buq2fPQwuWBdQ9xkH7t1GQX,1389.5564711510378,1173.1009473939966,235212.19037736655,169.2714152038231,23.52121903773666,142.94055888329117,6900.122764169,54999.088340048,9029593.970768966
vEnkoSUkpnbRrPgBz9DfcVxNz67zjwMYBZraAvDDNSf,DtfyjjsZ5yCjWKLKHvwsfXs5QVsmm1QkK6Sh9JZHoq1g,e5wrKCRv4GhHvEf1VD5Pq2KGaZDXP77nTL612Jyrxwy,1072.7986550000005,1073.1033630000006,1072.1435752755071,0.9993893730930402,0.10721435752755074,0.9994612903644935,1095.987847,850.599435,1945.4598162193302
GokA1R67GqSavkd15zR62QD68Tuc5AEfvjssntVDEbM8,3YB7hfpBdbQEuZqLGWVDpRPmeZWCUsrrWyqGXegnQ6Cg,4DPCj6Z1DsG6HUtwSogBGqXEUxdEV5a8YVrrFtcnz7UW,11514.393808999983,11513.513845000007,11516.846897389127,1.0002130453786657,1.1516846897389128,1.0,14397.140153,17999.903499,32400.1108961756
C2ypsDADXcCRz8HbV2zX1AXPSja7a1P3xZtRC91xGhJh,J9bYNuDpY1d1T86gLaw7DGk5D3CsUAf2tzUwxMvb6FTv,A2NGvvPrMGzsJ4jb52KEnSBVmsA7C34dV1GC7PerdgvG,181.9020451650002,182.84967026400048,26010.12526973229,142.9897351958795,10.404050107892918,125.87166125418524,501.871208014,299.658208586,109480.90765953099
daob129AwBGn9Y5r91uLoWZeYiGzbPmksauMhFZKTze,6VW5GQNyj4LStgmxEHLr5zUfW92vQnmbw8jTnCH7a38F,4VPCCUifPeBA1c7HWK358CHn2nyjm8pdTRk6Ps3KmnMQ,19.43328622200017,17.38359317000001,3080.2765696689194,158.50518200991547,1.2321106278675678,142.99267948977354,48.388532451,223.958486696,39694.25725047429
BSCuChvaSj9b5HUSqgDVRzcnr2sSn7cXaamt1jbKH6hn,GnKpRj5kBVPMJfiwZtEuD9GYApLzPdW5JFuZTcyX4BTc,3dmwD9okkomV9nDwyuh4UMhKdUR13QpuKxRo89ycZB5t,297.98984650199986,297.82577464400015,297.9440536927235,0.9998463276188304,0.11917762147708942,0.9993903718731574,1522.543949437,1589.401131188,3110.742164036447
C98Sspw7XqnMsgxea3SLQVdbMDL8pKUc3RE82UvX9eq2,CSqgQJurPCzGxb4Cgwx5R61hWQUiaoUHcShNc8r1cKEL,6S2CR5EnukPhC914XkAns8m5GixjMAoUuZMsS5ubHuWc,40.076156000000196,40.07934899999998,0.0,0.0,0.0,1.0,892.113749,871.483659,871.483659
7oAd7xG4m3oC2qeWB1szghTebAZyyGPAFDJ4wwwbRSNi,D9yh4KAysxt9GLacVe4Wwh2XqghhcjTCSTV9HuM7TBJd,HDYfJLpZKaMFb84jM4mRytn7XLR8UFZUnQpSfhJJaNEy,7.986054437991697,0.1805930000000444,7.56417749830134,0.9471732952779057,0.003025670999320536,0.022637728318270305,952.01731636,300242.404262227,7698.531356010906
NorjjEePhxfwLF4vZjUHCrVVKLzQjEEGQFd3wgjEJmh,34M8pFVqgbV7aqHxvRT5tCv3vu2P1JJYT8J3VaxBK2oG,3AZWBSze3ucsY3xSeuLne3b2pauVqiaJ1SZSV5T9WGWw,0.0011050000002796878,0.0011050000002796878,0.0006547430357440445,0.592527634007531,2.6189721429761777e-07,1.0,38124.370231,2258.549989,24848.292880001576
Lid8SLUxQ9RmF7XMqUA8c24RitTwzja8VSKngJxRcUa,4PgzyzLtds9bKZ2to9PMnKqJzKEUpjvNUaeN23phegax,AtymwxoVN9peZo7EXTcDz9jKVc4vRmisJKKrNfe3ewBa,110.9895451389948,93.98021932999882,18746.055380556245,168.8992900825039,1.8746055380556244,143.15793813630125,973.12890907,7669.325743262,1262285.6422017287
MAR3XM1n9xWPQ3HJjAcC85o8DopWFP5p2WxGTaZ3fPB,6qG7GUhER8Cg9gDEgnebph9LdS6eu2eoWcA4R7z9uizK,4QV4CwRXVMY227KkFF9voNAfwWHVvVajXSXDKbUHkWZR,0.30629300000000015,0.005993999999999999,0.2918168419227389,0.9527375484347952,0.00011672673676909554,0.01961239936681761,0.10448,24.619526,0.5823899951942171
HEDSDjj84KS7LKhZY7ejkCACTdPen62rKhCby1wXtgxc,EnnjMSFttpCTywBrYNt1J5QQeoSVkvzPipJDa8Y7kJow,6bjVT6JN2rSvpyn9PdfLYC8wJn4LWh49jpY47fnLDXZk,16.07542053800171,16.513762032991508,15.570656115233282,0.968600235273772,0.006228262446093313,1.0,39113.89921296,9055.153557506,46940.88553765367
STK75uPSyBnEhGTTzb1nwmP3n427XoXmfRhXxxhyady,6TYyD5fUmDe6N65avW1Ny2RxzRNobw2RRgKwH9CTzSAU,54zDfk4cx2vGrEajPtodWpArNe5eUurytyxd4X3aZAxK,587.8522636099981,661.3741728410014,84181.23040164368,143.20133750049226,8.418123040164367,161.38410757089966,1853.897733579,326.612633224,318190.7233718809
MATSnbbiTCv7Dc3trJrkrqjx7ckKdr6fwPoVwv9q3sD,631WX9JizSHJm4w6VanZeJAst9T8DeUUnPLesdGkCVtK,211maUSfpnXbPuW1iBu8b4dtJv5EbN1j7JJiEX5TZKEP,737.8765609999973,737.0068009999959,738.3372834648793,1.0006243896191223,0.29533491338595175,0.9996191451057148,19778.068973,25776.224225,45556.82541780075
FrnkTEL6yZ5Aycq2TrEgu29dCrwKG4LPUZydfiwqspkc,DjvZuMZ46fxKBoBpGMPcRcos4xdTtHFxwMh69DpA2ZFY,9rvDPJLAng4uVVqnnSoEXgNDFhBZQTny9AoQioYDZbQX,58.163681682003016,48.994567941999975,9959.834693991294,171.23803731071345,3.983933877596517,143.43989818062266,173.222239411,1438.292443245,235970.75790832794
MARpDPs5A7XiyCWPNH8GsMWPLxmwNn9SBmKvPa9LzgA,6YjT74rmcfCpw8LSjPNx5JTmZoYLGrTKnf9arfSgZ4SR,F8GSmi3vA8M8TsybLya1LQ4n1aFHCRbZ6k437PeTdXtg,31243.905072,32705.710232000274,29812.829624370945,0.954196652296465,11.925131849748379,1.0,296229.421236,15857.797869,298518.9199241106
BUSD5rCfUDpCxKGMvYU2yThChxgHoioK74PTPociGnv2,CcFHbafgYDZ8yA8Me1PdtDiVb2eeaS61LbqyKKK5CsNZ,26R9s4nmF3CFDTkiePDwRmtscn8i7r2eygbSijditJ58,324.85926293,324.51197006,324.6143381657106,0.9992460588561325,0.032461433816571066,1.0,76.69355107,71.18690082,147.82262946637903
WiiQFxXqp8P9Fs1rt9SVcDyA3KUdJmUsog6wnVQAwba,3S2jpqSYxho6wiz3cafhjXruVY8cg4HYa2v3BqBHYFSj,Dfe67M6TfrG74gKRtdqys4e6E9QirPD53BkF4FujFjuv,13931.575334568,13964.798910875998,13900.635577911396,0.9977791630943678,1.3900635577911395,1.0,20865.145149319,5953.268196159,26772.075261089016
wrmcMSHFi3sWpAEy4rGDvQb3ezh3PhXoV2xNjgLBkKU,8p4mGnARWPBu6P2Gcw4adodLkNDorrXniZMhaY7eJXUn,AyY89zccbsgp9LKFgH4CFZMJmpSgqmPSdTfukhP227rc,0.0026124100000000233,0.026011389999997192,0.8196567520080394,313.7550200803213,0.0003278627008032158,3076.0712418099606,27.08229849,0.09579531,8791.880304742475
KEVpg4SYCVrqFxKijQH6hm4QxsRdoE51ud64bEEFUC9,2bPenuBYfqzD8p5dFjCcggwkHDsc2RQDnx9AoyYGUBjA,AE6n6iLuX8oYu61vt5hoDYkjswpnxFxrhSehxrnQTnbx,3951.5007873420004,3950.927134849,3957.5493752079387,1.0015307064812726,1.5830197500831755,1.0,1909.081703224,5733.749769796,7645.753716756404
BUSDgu5JdqP1rndBvXvanbEufS94FNh1w5FJcAj6vawb,Bgzr8cWubt89JQFXndVjtdKmDbGzuPxNhvjH1EhWCwbo,Dxaf8xPBBQsasRKW5Aa4Sw2YrbfGofY9xZueyyF23FBW,9715.881229220004,9697.969341880007,9697.45161033263,0.9981031448972485,3.878980644133052,1.0,6267.998539,8785.4075119,15041.516565887261
BSCNHw8CmxbZ8hCWWzMf5FaG2ajPT6JxfznKUNuRVrn4,7n9kgNL633yGzCYksgnzHyjG73ZLBAwvEae5sbAekbzW,SscdxE99omdG9AiMVwmaEMQySQnCgeAh1sPj2Leutm2,110.41347320600016,110.24687431399889,110.57046690457555,1.0014218708461646,0.04422818676183023,1.0,5294.901074379,6402.964938696,11705.394678545985
ALLwa5WNZbvQsRKAqe1jdRGemdYQnW8E5k4msbRFcYtu,CGoM82Hbz7QVqTgvQatYtjvDWBvoUJp5qm21P8iMs9yb,3dxNNww8TivyN5FMy5dCNdi3Zcxv6e4kUfSPxfFwpdNq,5.2681042249999965,5.166943881999998,16217.535479005039,3078.4386159339983,6.487014191602015,3035.573890421854,0.861657094,7.795273066,26315.685859721383
iLiUBQ7Z7im6Ew3b4ewwPcehzWgEQRJ1iQz7g6D62NW,GpugBvKWM3TVhYcZjemSdtehBWgfvuGr6uAm9iPjXT6v,92fMXJ3xy8tEyMUWLHKRLyhPw2nECBo77GtDiBBbYrjX,13.941426395999997,13.685261999999966,13.692151360285857,0.9821198327464067,0.005476860544114343,1.0,1805.840138149,1156.637640324,2930.189054769644
KwnjUuZhTMTSGAaavkLEmSyfobY16JNH4poL9oeeEvE,J63v6qEZmQpDqCD8bd4PXu2Pq5ZbyXrFcSa3Xt1HdAPQ,BnKQtTdLw9qPCDgZkWX3sURkBAoKCUYL1yahh6Mw7mRK,83.09698400000082,4298.584933999984,1.6404787726483532,0.01974173662726841,0.00016404787726483533,1.0,278393.722442,557.44226,6053.417807134827
SoN9GaFpSXfpyR5dth3x7PHPVhvJMpQqqDJfCSmPv1t,9kZ9iS68ViMPtoeqtnhAKuF2iqVyfHPdZHoUNdwCELr,BBhm5fJLjw3HRzjtKB8uMEYjGhY6EDm9co3cqpjrSzB9,0.4669755390000012,0.45761478099999997,79.24534438911896,169.69913361804322,0.03169813775564759,168.1275832803171,1.533730803,2.448030211,671.8541916450405
ionytDfEj1mXodptgrsKEZro7DGsfpzANUfarJdm6Qb,3gkSjY95an9xNFSjCfsay6JZez7uv7yfW3Ad4ubc4fMK,9wXqANaSuEqkKL9yHzCPEDGHwbkStVAqV5rB3QDs3Jr6,0.00042030399999999635,0.001571102000000213,0.3466827895037661,824.8381873685929,0.00013867311580150642,3072.1022395625328,3.152466539,0.08412514,2858.7158167664134
BerKDkt6v49dT1bHRedgnpsJS263C1DSJtEGvY9Mg35V,78XKqNb8wbfsMMrvo8WPUpdx7GEkfQutpNVH943aCGFa,DKYQwn4nDvFHCszi5tXbqfVMAP7DaXXp1KGTXEnYnKVH,0.0033694210001158353,0.001108728999952291,0.003376071340742111,1.0019737339519303,1.3504285362968444e-06,1.0,1338.317413093,1686.888382613,3027.847278222681
parEAJhzYzHW87y9VoZAQ22dzQ2MD2ekEtTReaxbMcz,3oyc6hpjYSJEquK6dSvG72NXyz3pqLZz5D8AC71pwgQb,Di2vordgFJVZ1aj1aBpvzXtLfZgJsuLLXawGtVFwX6Rz,12.887474666000003,15.175452415999644,1735.7020184015084,134.68131370847019,0.6942808073606034,164.74491720744186,1101.00437538,141.863859929,171656.0655336833
