0,1,2,3,4,5,6,7,8,9,10,11
KZMu9QBEdL97EFgamLbN5DE1AoKBG4HdrKKJo4Vuon3,DD4ACBWyVqdaKWh7v5btsgqQCCMwbKnuL2xd9pv7Gyuw,GcYqiJ1MAuYbNTNYXm1F1gQYTfTgkErACAhNU5dpVj9T,16.126348010000015,16.509700190001354,15.674466008050057,0.9719786524717349,0.006269786403220023,1.0,2264.60813368,830.89162592,3032.0423880708167
wrmcMSHFi3sWpAEy4rGDvQb3ezh3PhXoV2xNjgLBkKU,8p4mGnARWPBu6P2Gcw4adodLkNDorrXniZMhaY7eJXUn,AyY89zccbsgp9LKFgH4CFZMJmpSgqmPSdTfukhP227rc,0.0018431499999985168,0.009454329999999234,0.587364563415716,318.674314850223,0.00023494582536628638,3135.5825912454534,27.07933659,0.09609759,8930.810964681468
DFWzVTzNBrQZLjoQ4yQwkj9HuoXmfkuZP9V5vbymZe23,DhgiEgiNdqZdRdo195UUHnoEJUtefK8buko8nU97XJUZ,2K2kkXsouBHtWVjtcgkyiXd8eP3oVBvq1bTJzcVdLLr2,23.373107691997575,23.77524678399641,22.995306714251306,0.9838360827869022,0.009198122685700524,0.9999871301656348,45475.905730365,22540.180524528,67280.72739108682
KysFMBBoavfov2tLpvefWW6tPFt6rAeZWDJVy1mMQae,B8ka2V21TH3x64dFV8ETcjuQcwmrciJ2qzy1mJUttRew,7fSf7EYxBANyxzk2s5pymFgshA91tFYQNKKs5UnLWcYS,26.8593069999838,23.34106900000006,0.0,0.0,0.0,0.018706260437274927,134426.336645,2669.123243,49.92931452274185
SoN9GaFpSXfpyR5dth3x7PHPVhvJMpQqqDJfCSmPv1t,9kZ9iS68ViMPtoeqtnhAKuF2iqVyfHPdZHoUNdwCELr,BBhm5fJLjw3HRzjtKB8uMEYjGhY6EDm9co3cqpjrSzB9,0.15032939699999992,0.14800300300000035,26.260235558734028,174.6846330976372,0.010504094223493611,171.59716809761545,1.542677072,2.439082328,688.0215985521965
Lid8SLUxQ9RmF7XMqUA8c24RitTwzja8VSKngJxRcUa,4PgzyzLtds9bKZ2to9PMnKqJzKEUpjvNUaeN23phegax,AtymwxoVN9peZo7EXTcDz9jKVc4vRmisJKKrNfe3ewBa,63.060130225994726,53.383373682999945,10879.789482890974,172.5303998564547,1.0879789482890976,146.1334976263536,970.797515321,7672.08871433,1288641.241422702
MATSnbbiTCv7Dc3trJrkrqjx7ckKdr6fwPoVwv9q3sD,631WX9JizSHJm4w6VanZeJAst9T8DeUUnPLesdGkCVtK,211maUSfpnXbPuW1iBu8b4dtJv5EbN1j7JJiEX5TZKEP,181.28481599999577,181.1646550000005,181.43486263139192,1.0008276844950774,0.07257394505255678,0.9986657825145605,19725.324356,25829.100706,45536.28976933471
GokA1R67GqSavkd15zR62QD68Tuc5AEfvjssntVDEbM8,3YB7hfpBdbQEuZqLGWVDpRPmeZWCUsrrWyqGXegnQ6Cg,4DPCj6Z1DsG6HUtwSogBGqXEUxdEV5a8YVrrFtcnz7UW,9793.490625,9793.353733999997,9794.15662765068,1.0000680046243144,0.9794156627650681,1.0,16624.203556,15774.110241,32399.444319717353
Sid7E679i9ABqptiAVhkmQ27YHN8vaYT4fppPwmxFsJ,GP7KB8o1bv527HG8kTzzzf4wJ5aEGHvcMQvVhLziUfmT,9gYxhAZ1M9wu5pxr8SBoa5NDm21gi3s9vMHaYTME77sa,649.380766000002,1498.6872860000149,5.316886190538822,0.008187624994330069,0.0021267544762155295,0.018931655625157157,129324.31908,11205.09613,1270.9900484540663
MATgk4zXLXtYkwBH678J1xZbRDZ45LicNzkRBHkxTuY,y8dALFo1bJrSzPYjMX14HJX448pXqYmrfXHD1K8MXih,GN7Yuet3UyiWS5YVkEHv6oQKi4HGBJc3XDPt9zQhAqZz,214.72819399999935,214.46695699999918,215.0428016187676,1.0014651435049478,0.08601712064750705,1.0,3415.136281,4645.955191,8066.095136740619
ALLwa5WNZbvQsRKAqe1jdRGemdYQnW8E5k4msbRFcYtu,CGoM82Hbz7QVqTgvQatYtjvDWBvoUJp5qm21P8iMs9yb,3dxNNww8TivyN5FMy5dCNdi3Zcxv6e4kUfSPxfFwpdNq,1.140797852999996,1.125872636,3577.2902257760925,3135.7792411414234,1.4309160903104372,3118.7916553610467,1.014771921,7.640757962,27012.032896884084
7dwD9TF6uikvHXxPFK9AsSim54yJoujQjY9vU6gNFumk,CquVr6atkvwueDYficKjn6SSEWq4F4rH4VSiBbW4GBWU,8BCa6ge3b7ho3TfZuM64Vk1hgbrJ3J7EPiAb9uP86CGd,0.0001259389999999994,0.00012567800000000016,0.021712718488766138,172.4066293107476,8.685087395506456e-06,172.95280948002775,0.003811697,0.003696205,1.2964308708880148
MARpDPs5A7XiyCWPNH8GsMWPLxmwNn9SBmKvPa9LzgA,6YjT74rmcfCpw8LSjPNx5JTmZoYLGrTKnf9arfSgZ4SR,F8GSmi3vA8M8TsybLya1LQ4n1aFHCRbZ6k437PeTdXtg,17121.191096999988,18007.771247000237,16245.293601868068,0.9488413224191279,6.498117440747227,1.0,296880.658407,15248.62132,296941.25784355926
iLiUBQ7Z7im6Ew3b4ewwPcehzWgEQRJ1iQz7g6D62NW,GpugBvKWM3TVhYcZjemSdtehBWgfvuGr6uAm9iPjXT6v,92fMXJ3xy8tEyMUWLHKRLyhPw2nECBo77GtDiBBbYrjX,0.0011553950000688928,0.0011553950000688928,0.001134721795303755,0.9821072405853365,4.53888718121502e-07,0.9999871301656348,1805.840138149,1156.638795719,2930.152584985036
WiiQFxXqp8P9Fs1rt9SVcDyA3KUdJmUsog6wnVQAwba,3S2jpqSYxho6wiz3cafhjXruVY8cg4HYa2v3BqBHYFSj,Dfe67M6TfrG74gKRtdqys4e6E9QirPD53BkF4FujFjuv,20316.027174942996,20320.60870744099,20309.124550309087,0.9996602374778066,2.0309124550309092,0.9999878651472565,14892.58808858,11922.050834704,26809.43430766176
STK75uPSyBnEhGTTzb1nwmP3n427XoXmfRhXxxhyady,6TYyD5fUmDe6N65avW1Ny2RxzRNobw2RRgKwH9CTzSAU,54zDfk4cx2vGrEajPtodWpArNe5eUurytyxd4X3aZAxK,324.46022700000043,365.09175958100053,47537.27840993592,146.51188174733002,4.753727840993592,165.0845786075809,1828.823914067,322.164630592,321128.84531802085
KwnjUuZhTMTSGAaavkLEmSyfobY16JNH4poL9oeeEvE,J63v6qEZmQpDqCD8bd4PXu2Pq5ZbyXrFcSa3Xt1HdAPQ,BnKQtTdLw9qPCDgZkWX3sURkBAoKCUYL1yahh6Mw7mRK,166.3873879999843,7256.017621000086,3.1505940768542353,0.01893529380276426,0.0003150594076854236,1.0,279058.864676,544.628829,5828.690419905894
B2izdXFYb2sNwbWWHmh75T4aQFtfXsUxem9u2p61HGzf,4DYwgJtxwuJdAjkj5RJSNH4e7U329V5cNp7d3a1nLrZv,EXNW64GEf1ACC6xY9BtKRiunrs6GoJSXBdxWN2eTPmrF,2966.6396879999847,2936.3142199999984,2996.527048784562,1.0100744828923685,0.29965270487845624,1.0,10526.123706,29405.9857,40038.15465919905
moFiBS1R4Lf3E3zzmBPnw3NF4RhWPkhREFviuzUaCAU,44ALBrpqi9PfZkBRTvbtRNtFJGsatfY4QydjtMbFWq8S,2ho8qEEie1UjVwWNBo9y4oAJZMyMLx8zPj9bxyUz6uWs,712.3288617510007,712.3471050999979,712.3687629501511,1.00005601513752,0.28494750518006046,0.9999886071297989,33275.521490498,31126.090148749,64403.12095665441
daob129AwBGn9Y5r91uLoWZeYiGzbPmksauMhFZKTze,6VW5GQNyj4LStgmxEHLr5zUfW92vQnmbw8jTnCH7a38F,4VPCCUifPeBA1c7HWK358CHn2nyjm8pdTRk6Ps3KmnMQ,10.569771182999816,9.466990433,1723.1106885386068,163.02251569173225,0.6892442754154428,145.9353147554759,47.854718891,224.564255402,40573.25195625143
FrnkTEL6yZ5Aycq2TrEgu29dCrwKG4LPUZydfiwqspkc,DjvZuMZ46fxKBoBpGMPcRcos4xdTtHFxwMh69DpA2ZFY,9rvDPJLAng4uVVqnnSoEXgNDFhBZQTny9AoQioYDZbQX,12.22350632699954,10.197338472999832,2134.438812698318,174.6175569921148,0.8537755250793273,145.57899167040682,173.177085873,1438.356286475,239634.21750997822
parEAJhzYzHW87y9VoZAQ22dzQ2MD2ekEtTReaxbMcz,3oyc6hpjYSJEquK6dSvG72NXyz3pqLZz5D8AC71pwgQb,Di2vordgFJVZ1aj1aBpvzXtLfZgJsuLLXawGtVFwX6Rz,7.30392180100003,8.490428435999661,1043.020605304015,142.8028165856332,0.417208242121606,168.05149501130734,1101.546003511,141.40777317,181067.65958745693
YakoMPuYrybnr9R7VC7hVGxMz94fJvPFCdZ4gmW61Ed,,,0.797196,0.793074,0.0,0.0,0.0,168.05149501130734,1101.546003511,141.40777317,23763.787687438336
Cob4usZcpHEY7Qt4ZCwj6WVg9S44zvzYV2v9qYF65dTf,NhFM9UXE48PyNAyeyPYA3iXztqKVJwA4bTdLj4ysM8w,6TuFuynuBoeskxyR2cz4wxyidk8dpDK7kAWw3UkjQGx,193.19528900000057,2056.8635079999576,1.5818105770032258,0.008187624994330069,0.0006327242308012904,1.0,72322.590664,176.274073,768.4243239752689
BSC8REUo9LpiiWUuqMuLXs2D2yJsJfGd4HdiF3wCLxk5,AZjEH1zWVx1UJ6udMyRijGTzPteuLnaY18yNNmprJEsh,Caf8ypkSVR8xYnXNhjvfvdGCC7mrM3C11rz8Xi6NA6aK,1490.6577648809994,1490.0961716290003,1491.0290758517585,1.0002490920313885,0.5964116303407034,0.99995966162725,3012.295014266,3342.338973726,6355.2495021608665
Dg3mAgpwDfVNnbGWcsxL8sUcSkEbjSJQhKAWNigG44Ju,EATxwd8YA2wV93VJcKMmH2Kn2Y9XfJVUB9hHVu3udwEy,GiGvrRi7NMHfHKanG2B8xyCEqe8jaafWins8bhrLVEaa,0.03616318799999996,0.035638322,6.323083532354769,174.84862043564235,0.0025292334129419073,173.23066529237005,0.206058803,0.253477973,79.93925533292122
SUiuyGR7SFq3xeRVJonq84fjjeFwRSsFekcevJ53tzy,49GjCCPsv7fBqo6t3iKDrP1xxGDS8uWZbVCdfnp2gjMf,CEwj5xEbbJEjYqM8D6Ai8ByGz1mrh8mkAVsE5fzDSSSx,0.062051999999999996,6.924056000000064,0.0005080585061481694,0.008187624994330069,2.032234024592678e-07,0.9493142154107872,645.638187,1.662669,6.864638674397989
KEVpg4SYCVrqFxKijQH6hm4QxsRdoE51ud64bEEFUC9,2bPenuBYfqzD8p5dFjCcggwkHDsc2RQDnx9AoyYGUBjA,AE6n6iLuX8oYu61vt5hoDYkjswpnxFxrhSehxrnQTnbx,182.89463163799996,183.3333330000005,183.3185789499627,1.0023179866361625,0.07332743157998509,0.99995966162725,1726.187071586,5917.083102796,7647.03276744166
BUSDTd9WiT6uBHJRgNvFXBsA7JrifsAtWzKfioN7ERcy,DyBxrn7gSc1EwnpWhDyhzvMHPtxpmBqRqotapLcKcfTM,Cds99GeBgoCpqBsoRWu1C6fF9LiUMd4pXQQD24s9LPff,391.83410111999996,391.48940631,390.604275745729,0.9968613620643132,0.0390604275745729,0.9999650012249571,162.59355847,101.54990308,263.62958511707427
RoBgmK8CvjdHvPrqdDyVw54VwjZv2TqJ493xnqJAQHx,ExiHJxM7qPAcy27NDHAF6G7vnW7muNHi2sVJpnaNynGQ,6rkPHSqZb7StM4HwS9EuVrmfkV7tRdc7dnsFhyB6cefE,0.4389540000000025,28.59267,0.0,0.0,0.0,0.9487323986421742,6353.465501,17.53959,16.640377291900293
C2ypsDADXcCRz8HbV2zX1AXPSja7a1P3xZtRC91xGhJh,J9bYNuDpY1d1T86gLaw7DGk5D3CsUAf2tzUwxMvb6FTv,A2NGvvPrMGzsJ4jb52KEnSBVmsA7C34dV1GC7PerdgvG,806.4154917109997,810.6162375979995,117739.18988569119,146.00313497931427,47.09567595427647,142.11002982747416,1993.959336512,1174.236538326,457995.10363804334
vEnkoSUkpnbRrPgBz9DfcVxNz67zjwMYBZraAvDDNSf,DtfyjjsZ5yCjWKLKHvwsfXs5QVsmm1QkK6Sh9JZHoq1g,e5wrKCRv4GhHvEf1VD5Pq2KGaZDXP77nTL612Jyrxwy,1287.1773920000005,1287.6511109999992,1284.12502681127,0.9976286367304915,0.12841250268112703,0.9990209594597295,1155.472224,791.265196,1943.22269490408
BUSDgu5JdqP1rndBvXvanbEufS94FNh1w5FJcAj6vawb,Bgzr8cWubt89JQFXndVjtdKmDbGzuPxNhvjH1EhWCwbo,Dxaf8xPBBQsasRKW5Aa4Sw2YrbfGofY9xZueyyF23FBW,12636.39875077,12512.551182320007,12658.955997641318,1.0017851009070082,5.063582399056528,1.0,6759.45250391,8298.92438025,15070.443188955609
SAMyS8Jr2HJrkFwYVKbpUwsNStnQmvz3f8Tup8bWUWF,6jPzm5TFfquvgm25sTyN3MMGBfufRaFHMxobDWv6hMFW,Cj9ECoDmxsHTDzCY5ZA6RWrPbg9uFzEC1Qc2kso2vJG6,845.5757260900136,16.55215524999994,821.8815548077803,0.9719786524717349,0.3287526219231121,0.018898442121305446,449.59709141,110460.33254724,2524.526976408071
YAkoNb6HKmSxQN9L8hiBE5tPJRsniSSMzND1boHmZxe,CfWX7o2TswwbxusJ4hCaPobu2jLCb1hfXuXJQjVq3jQF,EnTrdMMpdhugeH6Ban6gYZWXughWxKtVGfCwFn78ZmY3,6355120.025368985,6355461.917758967,6355120.025368985,1.0,635.5120025368985,0.9999130075683416,724306.916985,732693.988277,1456937.1664302982
TETFuZgEmET6d9vYmz9iMFCxK1jKdKYxf3oPz8hSzJK,Eu1Ze6Z84LWNkq7SNoAHBJbXx5t1P95EwyqYohrfCRFV,ASMbv7WNu3qe4pkhREmvyEdwFNDZQ6B6iSrjkj4u8bdC,10.209436278999988,10.159321949000002,10.259642805475002,1.004917659026707,0.004103857122190001,0.9990489054420192,56.939975644,295.800355325,352.7390082460078
SEQV6QiTpvTzrceiaYg9Avnwf7oc8ZALpnQMz6TyT4A,3dFMPj4r9mMmPHF32mz1gNDX7f8ftidWof7S8YiYTs1j,Fc1ED3YPeQfXQosHbd8DTaBd2AV5gHQtwiSAL5C5pUhi,927.3317002150006,926.938092692,927.2490563611053,0.9999108799430925,0.37089962254444214,0.9993943670135896,2398.752645309,3227.996594122,5624.580481241323
Lee1XZJfJ9Hm2K1qTyeCz1LXNc1YBZaKZszvNY4KCDw,9DgFSWkPDGijNKcLGbr3p5xoJbHsPgXUTr6QvGBJ5vGN,2hNHZg7XBhuhHVZ3JDEi4buq2fPQwuWBdQ9xkH7t1GQX,9316.107861122005,8266.617015755015,1611511.2501975454,172.98117134546138,161.15112501975455,145.96965378479607,6736.518347537,53827.783498417,9022513.755814029
JSoLLrxK5bYdHwTEWYaGgmeycBCNXKDiBCTw5hXGBg7,xG4wXczA7Dk4hccJ61CHKpDHW4NrNfQwgmWgkb9BuF2,BVR6WgfhsRr9Lob4QDnkEAiNGgAbv7ZieKcY9kSg3QYR,2.844548946000046,2.4236813209999966,486.93180144891534,171.18067246957736,0.19477272057956616,145.92613627574903,17.123525241,164.598074807,26950.377660816375
SoNcU2iwHMw6dGzsYNQkYFkUjwN1UdAjrWVRnStrZu2,8ivTTid27jZnYNc4w3CTA1Z6QS2twsFb8WMwUabeDJgc,CyXm53PMvHCbeXJBykU46Rcbo28xk5srhMZFg7gv6EYB,2.5508584130000074,2.5343766520000024,441.2505525452034,172.9812012679522,0.17650022101808138,171.24484039295896,15.598664025,19.081449228,5965.8753687349
C98Sspw7XqnMsgxea3SLQVdbMDL8pKUc3RE82UvX9eq2,CSqgQJurPCzGxb4Cgwx5R61hWQUiaoUHcShNc8r1cKEL,6S2CR5EnukPhC914XkAns8m5GixjMAoUuZMsS5ubHuWc,24.643002000000024,24.667348000000175,0.0,0.0,0.0,1.0,923.680112,839.964188,839.964188
AURHmCnNwiW4uA2Qj1XvEh4iKgRUZYXtiY7FKAapUV5Y,BKWm4TRnTeKwfWXRyuzjRHU7iZDkPuXBX5b5V5jSVfGJ,A5Ww74HVrkj9nPeC7pHKLfgeDMEhBCpW1efQdz3TGLEg,0.0011779309998019016,0.001051164000045901,0.1901453728450855,161.42318427570305,7.605814913803421e-05,145.892818090476,289.929395077,1809.454712608,310787.77339793113
AUSejoEUCh2DBs9mof6BNC8Pubs22w4cJa1ccV9h44R,4xkyD7AfGQDwsQMy9MosRRNGoVJ1zosNinesxg1TzHG7,Cbm5gsQe3nSiCsFrvepVzMCD9xLK3ri9g3ypS2hdmVJ7,658.517441,658.0991719999984,659.1561633222593,1.0009699398717358,0.06591561633222592,1.0,14119.166801,14757.943216,28890.804759835977
RajgMbScQbqqrdJfR2rxfHJiTiY5b6bJ2tTXiF4aPxy,725ZA3fhyBAKb5iopNRrcbSuQa3LXA1656Q3mBvYPxeg,GLA6i1dSZpUfk2f9Nj8uiG7xyDdAR2reff8oEiZH3617,17547.788627240006,17531.109134870014,17562.844551360104,1.000857995525244,7.025137820544042,1.0,65687.20245938,115748.86279714,181492.42458229593
CZgvH45CRmoaNJ7395Ao5CQZXkGznvqU7cErD6n7FaRg,4ZjU6MKvtqVQKCiowhvZ5yUsPxXX5SCzd5eFsPeXyey5,BsyWeshjDbCvjDojry3vKDCesmFRM37WtwcR4Kfgzqr,2.2812843499999644,2.2088439600000243,2.357449536872089,1.0333869764512809,0.0009429798147488355,1.0,206.08591301,599.35162227,812.3181208046055
BSCNHw8CmxbZ8hCWWzMf5FaG2ajPT6JxfznKUNuRVrn4,7n9kgNL633yGzCYksgnzHyjG73ZLBAwvEae5sbAekbzW,SscdxE99omdG9AiMVwmaEMQySQnCgeAh1sPj2Leutm2,2308.1228831240005,2290.386421746999,2320.160502253025,1.0052153285325656,0.9280642009012099,0.9999886071297989,4051.984235608,7651.786628001,11724.816116794613
ACUSESXyNnwRLAg1dpSGMLSzUDdLjUMybY8rkXiAKhCP,AhFPQdu8GKBsxuhiH46UmCu1YpaLgNpoP325HnYtsgas,A8wxWpT3aFEr2XqZp1kDmbxbFfcBE95UUmdsNTDBJYbT,100.50026854499993,100.5350944270001,100.49912355848521,0.9999886071297989,0.04019964942339409,0.9878851865847698,1044.997638794,1840.979146512,2863.661760922218
ALBpShJ9NLpE739pcHDF2LNVk5J4VYPvvKuV6jMPitZi,D6d156U1bPiJpDYRLextvDRccgFk7QzkQbJg42ceKEu5,GNcM8U5g8RwTZffwwm3kSQqUNPSwv5d2fbN9sLxPJqt2,2598.0836560000025,2594.175252000001,2601.8824043102954,1.0014621347166863,1.0407529617241182,0.9993464274364566,44399.823351,55909.212574,100337.41372074856
KEN5P7p3asnb23Sw6yAmJRGvijfAzso3RqfyLAQhznt,9zj4aX38Uxf3h6AUjS4EipWS8mwbEofasHAf3a1uKGds,CwQDG1MWunn9cLNwcZLd8YBacweSR7ARo32w4mLua1Yr,23486.131429998437,23489.27256599907,23456.974410805804,0.9987585431308882,2.3456974410805804,1.0,1154625.611107,1085705.789248,2238897.9824588383
BSCuChvaSj9b5HUSqgDVRzcnr2sSn7cXaamt1jbKH6hn,GnKpRj5kBVPMJfiwZtEuD9GYApLzPdW5JFuZTcyX4BTc,3dmwD9okkomV9nDwyuh4UMhKdUR13QpuKxRo89ycZB5t,1116.895564677,1119.1062154860006,1114.6085095078174,0.997952310635378,0.44584340380312704,0.9987585431308882,1724.7259222,1387.819309367,3107.2906108245234
KEnkcdADoLR5jS2CLLLesy8TtFsyWL37BhXNfDMzWzP,3qsjFRuw1qeLMPo4DLwaQevenGAGBj9dA3Q6rb8ax2YR,77iEv8zPQAEyCcEbvBRSB6AFcUdfkhiqnAKtPxk76rNN,0.010430999999999968,1.2497979999999984,8.540511631585669e-05,0.008187624994330069,3.4162046526342673e-08,0.9987964502774158,119.987883,0.291673,1.2737377469093167
heyk4SZTeCUV6a65WiVA5bzic3KcxgVf1qxobfeV4tQ,9ZDpBKPqMABtGfq66FbVribaArMvtk63xxy91onZAtDt,DaTP4s6N7xxSPinbNZ3FB52EpRDRt87QShTuN3VPCW52,45.12267776099998,39.198658970000224,7567.390601093883,167.70703727238592,3.026956240437553,145.6351542290847,627.001673486,4472.142922924,756453.8173397112
HEDSDjj84KS7LKhZY7ejkCACTdPen62rKhCby1wXtgxc,EnnjMSFttpCTywBrYNt1J5QQeoSVkvzPipJDa8Y7kJow,6bjVT6JN2rSvpyn9PdfLYC8wJn4LWh49jpY47fnLDXZk,5.238722050999058,5.409547567989648,5.0338104230457015,0.9608851880365977,0.0020135241692182805,0.9999886071297989,39106.983234811,9061.853674448,46639.07137305075
