0,1,2,3,4,5,6,7,8,9,10,11
WiiQFxXqp8P9Fs1rt9SVcDyA3KUdJmUsog6wnVQAwba,3S2jpqSYxho6wiz3cafhjXruVY8cg4HYa2v3BqBHYFSj,Dfe67M6TfrG74gKRtdqys4e6E9QirPD53BkF4FujFjuv,13809.757936583002,13842.834342121998,13779.725562129637,0.9978252787202151,1.3779725562129637,0.9998984403154172,20687.109718073,6130.921479159,26772.419845059234
daob129AwBGn9Y5r91uLoWZeYiGzbPmksauMhFZKTze,6VW5GQNyj4LStgmxEHLr5zUfW92vQnmbw8jTnCH7a38F,4VPCCUifPeBA1c7HWK358CHn2nyjm8pdTRk6Ps3KmnMQ,17.82030370299995,15.921755318999992,2851.2650157664825,160.00092160530843,1.140506006306593,143.6917042755754,48.439259062,223.90379847,39923.44448772756
ercAoEmXjQzEvAFbdjAo81KtMxRGn9AW1ju882upmPH,CMRhskR2Eg6V42RTSdRTXGdozyPbWB8U9dVpijPWb9T4,7TKLLgrWswt6ZJ1pXhVR3FyufHGjJFqiEXxvWJfDcgRm,0.7245133889997533,0.7128804470000318,104.06309525464583,143.63170761869975,0.041625238101858336,129.76535698384825,314.467665154,800.168841501,149001.72310166404
vEnkoSUkpnbRrPgBz9DfcVxNz67zjwMYBZraAvDDNSf,DtfyjjsZ5yCjWKLKHvwsfXs5QVsmm1QkK6Sh9JZHoq1g,e5wrKCRv4GhHvEf1VD5Pq2KGaZDXP77nTL612Jyrxwy,668.25625,668.3722280000003,668.2769665859641,1.0000310009610298,0.06682769665859642,1.0002490620164421,1091.790087,854.796543,1946.8333738925871
DFWzVTzNBrQZLjoQ4yQwkj9HuoXmfkuZP9V5vbymZe23,DhgiEgiNdqZdRdo195UUHnoEJUtefK8buko8nU97XJUZ,2K2kkXsouBHtWVjtcgkyiXd8eP3oVBvq1bTJzcVdLLr2,0.0011542869979166426,0.0011542869979166426,0.0011355863548742535,0.9837989658757818,4.5423454194970146e-07,0.9998984403154172,45452.130483581,22563.55363222,67277.02105142814
BSCrK1Nx9PXU9mF7STWWBqeHLxmtJDr9h7jheEy4tAWX,FfSySSbVJPvEo5a5AvrP3nySoXpRE2QPn1uUMpJJ1x7v,HL7Vcj6838ZmvBHDbQxXfjBNckNi83WvPiZQoMQLFeRM,0.002994743000000133,0.0029915019999999792,9.297383470038225,3104.568061445611,0.0037189533880152906,3097.31772285201,0.83008691,0.974198312,5594.463006340189
Sid7E679i9ABqptiAVhkmQ27YHN8vaYT4fppPwmxFsJ,GP7KB8o1bv527HG8kTzzzf4wJ5aEGHvcMQvVhLziUfmT,9gYxhAZ1M9wu5pxr8SBoa5NDm21gi3s9vMHaYTME77sa,527.9448180000018,1210.1117819999927,4.5275149245877016,0.008575735134098213,0.0018110059698350808,0.019794649122326043,129237.046701,11242.435023,1330.8427385816917
KEVpg4SYCVrqFxKijQH6hm4QxsRdoE51ud64bEEFUC9,2bPenuBYfqzD8p5dFjCcggwkHDsc2RQDnx9AoyYGUBjA,AE6n6iLuX8oYu61vt5hoDYkjswpnxFxrhSehxrnQTnbx,3951.5007873420004,3950.927134849,3957.732843236802,1.001577136442631,1.583093137294721,0.9998984403154172,1909.081703224,5733.749769796,7645.260037528017
ALBpShJ9NLpE739pcHDF2LNVk5J4VYPvvKuV6jMPitZi,D6d156U1bPiJpDYRLextvDRccgFk7QzkQbJg42ceKEu5,GNcM8U5g8RwTZffwwm3kSQqUNPSwv5d2fbN9sLxPJqt2,38.225044000006164,38.130897999995796,38.32645580205841,1.0026530198906307,0.015330582320823368,0.9965628547140911,42012.576135,58299.898822,100223.54993473779
JSoLLrxK5bYdHwTEWYaGgmeycBCNXKDiBCTw5hXGBg7,xG4wXczA7Dk4hccJ61CHKpDHW4NrNfQwgmWgkb9BuF2,BVR6WgfhsRr9Lob4QDnkEAiNGgAbv7ZieKcY9kSg3QYR,0.7345862729999055,0.6276432719999931,123.52429729317754,168.15492180207596,0.04940971891727102,143.59740800934648,16.981449164,163.988640696,26403.858003179983
BerKDkt6v49dT1bHRedgnpsJS263C1DSJtEGvY9Mg35V,78XKqNb8wbfsMMrvo8WPUpdx7GEkfQutpNVH943aCGFa,DKYQwn4nDvFHCszi5tXbqfVMAP7DaXXp1KGTXEnYnKVH,0.0011303460000817722,0.0011303460000817722,0.0011324619792433628,1.0018719747417495,4.5298479169734516e-07,0.9998984403154172,1338.317413093,1686.888382613,3027.539772247689
BSCuChvaSj9b5HUSqgDVRzcnr2sSn7cXaamt1jbKH6hn,GnKpRj5kBVPMJfiwZtEuD9GYApLzPdW5JFuZTcyX4BTc,3dmwD9okkomV9nDwyuh4UMhKdUR13QpuKxRo89ycZB5t,385.58277964599984,385.461516867,385.3333595277113,0.9993531347055552,0.1541333438110845,1.0000480023041107,1610.17969166,1501.808198044,3111.0184105974836
Lee1XZJfJ9Hm2K1qTyeCz1LXNc1YBZaKZszvNY4KCDw,9DgFSWkPDGijNKcLGbr3p5xoJbHsPgXUTr6QvGBJ5vGN,2hNHZg7XBhuhHVZ3JDEi4buq2fPQwuWBdQ9xkH7t1GQX,1455.7140235520783,1228.8309298739941,247638.21787123315,170.11460621020382,24.763821787123316,143.60980182852617,6905.503713049,54992.755725386,9072225.796555663
C98Sspw7XqnMsgxea3SLQVdbMDL8pKUc3RE82UvX9eq2,CSqgQJurPCzGxb4Cgwx5R61hWQUiaoUHcShNc8r1cKEL,6S2CR5EnukPhC914XkAns8m5GixjMAoUuZMsS5ubHuWc,41.88337000000013,41.890750000000025,0.0,0.0,0.0,1.0,896.872977,866.729422,866.729422
C2ypsDADXcCRz8HbV2zX1AXPSja7a1P3xZtRC91xGhJh,J9bYNuDpY1d1T86gLaw7DGk5D3CsUAf2tzUwxMvb6FTv,A2NGvvPrMGzsJ4jb52KEnSBVmsA7C34dV1GC7PerdgvG,59.71605020400017,60.045985467999856,8577.95853262392,143.6457787030481,3.4311834130495678,144.29766646142727,508.711383874,304.380859321,116995.69058723023
7oAd7xG4m3oC2qeWB1szghTebAZyyGPAFDJ4wwwbRSNi,D9yh4KAysxt9GLacVe4Wwh2XqghhcjTCSTV9HuM7TBJd,HDYfJLpZKaMFb84jM4mRytn7XLR8UFZUnQpSfhJJaNEy,7.986054437991697,0.1805930000000444,7.985243376821914,0.9998984403154172,0.003194097350728766,0.022635431317207435,952.01731636,300242.404262227,7748.036949972502
ALLwa5WNZbvQsRKAqe1jdRGemdYQnW8E5k4msbRFcYtu,CGoM82Hbz7QVqTgvQatYtjvDWBvoUJp5qm21P8iMs9yb,3dxNNww8TivyN5FMy5dCNdi3Zcxv6e4kUfSPxfFwpdNq,3.5231994569999987,3.4853185160000004,10924.310740752222,3100.679048711668,4.369724296300889,3055.665050219855,0.871589539,7.785338001,26491.904656457773
SAMyS8Jr2HJrkFwYVKbpUwsNStnQmvz3f8Tup8bWUWF,6jPzm5TFfquvgm25sTyN3MMGBfufRaFHMxobDWv6hMFW,Cj9ECoDmxsHTDzCY5ZA6RWrPbg9uFzEC1Qc2kso2vJG6,871.3209677600098,17.37340704999997,847.6773559811905,0.9728646358188737,0.33907094239247626,0.019762011299284097,461.73083035,109847.66465204,2620.0123861683837
SoNcU2iwHMw6dGzsYNQkYFkUjwN1UdAjrWVRnStrZu2,8ivTTid27jZnYNc4w3CTA1Z6QS2twsFb8WMwUabeDJgc,CyXm53PMvHCbeXJBykU46Rcbo28xk5srhMZFg7gv6EYB,1.717726717999998,1.7057085190000034,292.2405808448522,170.13217398464693,0.1168962323379409,168.12795075061564,16.021467236,18.654533151,5862.115482171526
iLiUBQ7Z7im6Ew3b4ewwPcehzWgEQRJ1iQz7g6D62NW,GpugBvKWM3TVhYcZjemSdtehBWgfvuGr6uAm9iPjXT6v,92fMXJ3xy8tEyMUWLHKRLyhPw2nECBo77GtDiBBbYrjX,13.941426395999997,13.685261999999966,13.690760832086204,0.9820200920053838,0.005476304332834482,0.9998984403154172,1805.840138149,1156.637640324,2929.891471182168
KysFMBBoavfov2tLpvefWW6tPFt6rAeZWDJVy1mMQae,B8ka2V21TH3x64dFV8ETcjuQcwmrciJ2qzy1mJUttRew,7fSf7EYxBANyxzk2s5pymFgshA91tFYQNKKs5UnLWcYS,11.264979999999923,14.936592999991262,0.0,0.0,0.0,0.019795602486090125,134454.044138,2648.190395,52.422524366901996
wrmcMSHFi3sWpAEy4rGDvQb3ezh3PhXoV2xNjgLBkKU,8p4mGnARWPBu6P2Gcw4adodLkNDorrXniZMhaY7eJXUn,AyY89zccbsgp9LKFgH4CFZMJmpSgqmPSdTfukhP227rc,0.0017699600000000287,0.01748334999999912,0.5583470031545832,315.45741324921136,0.0002233388012618333,3101.4483763917747,27.08026064,0.09600288,8840.416947913767
BSC8REUo9LpiiWUuqMuLXs2D2yJsJfGd4HdiF3wCLxk5,AZjEH1zWVx1UJ6udMyRijGTzPteuLnaY18yNNmprJEsh,Caf8ypkSVR8xYnXNhjvfvdGCC7mrM3C11rz8Xi6NA6aK,296.1045877710003,295.90908699400006,296.9779184572334,1.0029493993754277,0.11879116738289335,0.9998984403154172,2436.578122779,3918.602074831,6361.96866761278
Lid8SLUxQ9RmF7XMqUA8c24RitTwzja8VSKngJxRcUa,4PgzyzLtds9bKZ2to9PMnKqJzKEUpjvNUaeN23phegax,AtymwxoVN9peZo7EXTcDz9jKVc4vRmisJKKrNfe3ewBa,87.98002885299877,74.57068297299952,14946.248201243703,169.8822834693156,1.4946248201243704,143.75375556686419,973.061024711,7669.407342685,1267811.9373159497
MAR3XM1n9xWPQ3HJjAcC85o8DopWFP5p2WxGTaZ3fPB,6qG7GUhER8Cg9gDEgnebph9LdS6eu2eoWcA4R7z9uizK,4QV4CwRXVMY227KkFF9voNAfwWHVvVajXSXDKbUHkWZR,0.30629300000000015,0.005993999999999999,0.288416376172101,0.9416355456118842,0.0001153665504688404,0.019676935029298858,0.10448,24.619526,0.5828188953596637
GokA1R67GqSavkd15zR62QD68Tuc5AEfvjssntVDEbM8,3YB7hfpBdbQEuZqLGWVDpRPmeZWCUsrrWyqGXegnQ6Cg,4DPCj6Z1DsG6HUtwSogBGqXEUxdEV5a8YVrrFtcnz7UW,8874.493965999995,8873.018146000002,8877.396874778047,1.0003271069639772,0.8877396874778047,1.0,12689.596076,19708.040874,32401.787805246517
KZMu9QBEdL97EFgamLbN5DE1AoKBG4HdrKKJo4Vuon3,DD4ACBWyVqdaKWh7v5btsgqQCCMwbKnuL2xd9pv7Gyuw,GcYqiJ1MAuYbNTNYXm1F1gQYTfTgkErACAhNU5dpVj9T,31.552709199999867,32.416209770000705,30.686301723787853,0.9725409482044725,0.012274520689515142,0.999623232007624,2252.47439474,842.67174244,3032.977834366104
B2izdXFYb2sNwbWWHmh75T4aQFtfXsUxem9u2p61HGzf,4DYwgJtxwuJdAjkj5RJSNH4e7U329V5cNp7d3a1nLrZv,EXNW64GEf1ACC6xY9BtKRiunrs6GoJSXBdxWN2eTPmrF,12457.223488000014,12345.289211000001,12570.50891433601,1.009093954719936,1.2570508914336012,1.0,10615.648172,29315.16644,40027.35283579894
SoN9GaFpSXfpyR5dth3x7PHPVhvJMpQqqDJfCSmPv1t,9kZ9iS68ViMPtoeqtnhAKuF2iqVyfHPdZHoUNdwCELr,BBhm5fJLjw3HRzjtKB8uMEYjGhY6EDm9co3cqpjrSzB9,0.34560469600000054,0.33888283399999986,59.29660631054194,171.57349711053072,0.023718642524216776,168.90311278302673,1.560340815,2.420964403,676.6215539174477
BUSD5rCfUDpCxKGMvYU2yThChxgHoioK74PTPociGnv2,CcFHbafgYDZ8yA8Me1PdtDiVb2eeaS61LbqyKKK5CsNZ,26R9s4nmF3CFDTkiePDwRmtscn8i7r2eygbSijditJ58,34.5708803,34.40940700000001,34.486377983164076,0.9975556793433482,0.0034486377983164074,1.0,76.69355107,71.18690082,147.69298825888762
MATSnbbiTCv7Dc3trJrkrqjx7ckKdr6fwPoVwv9q3sD,631WX9JizSHJm4w6VanZeJAst9T8DeUUnPLesdGkCVtK,211maUSfpnXbPuW1iBu8b4dtJv5EbN1j7JJiEX5TZKEP,735.0660040000002,734.312194999995,735.5544121296542,1.0006644411889494,0.2942217648518617,0.9993614080602494,19789.457526,25764.829932,45550.983175963614
BUSDTd9WiT6uBHJRgNvFXBsA7JrifsAtWzKfioN7ERcy,DyBxrn7gSc1EwnpWhDyhzvMHPtxpmBqRqotapLcKcfTM,Cds99GeBgoCpqBsoRWu1C6fF9LiUMd4pXQQD24s9LPff,1079.6818325499999,1082.3761487100003,1080.6819821108038,1.0009263373066506,0.10806819821108038,1.0000140001960027,123.89179315,140.16596839,264.17448948101304
BSCNHw8CmxbZ8hCWWzMf5FaG2ajPT6JxfznKUNuRVrn4,7n9kgNL633yGzCYksgnzHyjG73ZLBAwvEae5sbAekbzW,SscdxE99omdG9AiMVwmaEMQySQnCgeAh1sPj2Leutm2,110.41347320600016,110.24687431399889,110.54388791048198,1.0011811484658082,0.0442175551641928,0.9998990012017877,5294.901074379,6402.964938696,11703.473385591806
MARpDPs5A7XiyCWPNH8GsMWPLxmwNn9SBmKvPa9LzgA,6YjT74rmcfCpw8LSjPNx5JTmZoYLGrTKnf9arfSgZ4SR,F8GSmi3vA8M8TsybLya1LQ4n1aFHCRbZ6k437PeTdXtg,30911.430125999977,32374.527584000214,29407.025514718032,0.9513317693439045,11.762810205887213,1.0,296702.175025,15409.666898,297671.8720327181
RoBgmK8CvjdHvPrqdDyVw54VwjZv2TqJ493xnqJAQHx,ExiHJxM7qPAcy27NDHAF6G7vnW7muNHi2sVJpnaNynGQ,6rkPHSqZb7StM4HwS9EuVrmfkV7tRdc7dnsFhyB6cefE,2.6788720000000055,12.49012500000035,0.0,0.0,0.0,0.9512394650229248,6325.758008,17.966634,17.09057131442269
SRMuKizofcAMicegrfSv7xs9q76tH1w8aAF7oX9FEWu,72Hj2KWntXPfbie4UgKeTPnm1XVkomDfCnRPKbvfTtPi,6aqJQ5wedqpUt4fFEDUqUmXhrdxCu4bEJsQdVPCADLko,1.6142889999973704,1.6077079999995476,0.07325191816227825,0.04537720207620666,2.9300767264911298e-05,0.04236342497784817,16958.427081,4932.720622,978.492912555934
heyk4SZTeCUV6a65WiVA5bzic3KcxgVf1qxobfeV4tQ,9ZDpBKPqMABtGfq66FbVribaArMvtk63xxy91onZAtDt,DaTP4s6N7xxSPinbNZ3FB52EpRDRt87QShTuN3VPCW52,71.14421474599965,61.84456870400004,11754.742386801572,165.22414969043604,4.701896954720629,143.56153779673812,629.791833573,4468.908545669,745620.2032733057
YAkoNb6HKmSxQN9L8hiBE5tPJRsniSSMzND1boHmZxe,CfWX7o2TswwbxusJ4hCaPobu2jLCb1hfXuXJQjVq3jQF,EnTrdMMpdhugeH6Ban6gYZWXughWxKtVGfCwFn78ZmY3,6600955.656186999,6601071.682719018,6600955.656186999,1.0,660.0955656186999,0.998864291300791,1053527.145529,389177.044914,1442262.1986875588
STK75uPSyBnEhGTTzb1nwmP3n427XoXmfRhXxxhyady,6TYyD5fUmDe6N65avW1Ny2RxzRNobw2RRgKwH9CTzSAU,54zDfk4cx2vGrEajPtodWpArNe5eUurytyxd4X3aZAxK,553.4170038219966,622.5638335639953,79468.84789391716,143.59668630542814,7.946884789391717,161.85553778201913,1853.846234459,326.663588386,319078.4869601284
parEAJhzYzHW87y9VoZAQ22dzQ2MD2ekEtTReaxbMcz,3oyc6hpjYSJEquK6dSvG72NXyz3pqLZz5D8AC71pwgQb,Di2vordgFJVZ1aj1aBpvzXtLfZgJsuLLXawGtVFwX6Rz,10.792092317000055,12.70888489099957,1514.553357516588,140.339177337356,0.6058213430066353,165.3744582126031,1100.98709987,141.879178596,177974.81614675987
FrnkTEL6yZ5Aycq2TrEgu29dCrwKG4LPUZydfiwqspkc,DjvZuMZ46fxKBoBpGMPcRcos4xdTtHFxwMh69DpA2ZFY,9rvDPJLAng4uVVqnnSoEXgNDFhBZQTny9AoQioYDZbQX,59.313151621004096,49.95631875299992,10177.764511467367,171.59372303297397,4.0711058045869475,143.75375556686419,173.226271356,1438.290854793,236484.25280306535
Cob4usZcpHEY7Qt4ZCwj6WVg9S44zvzYV2v9qYF65dTf,NhFM9UXE48PyNAyeyPYA3iXztqKVJwA4bTdLj4ysM8w,6TuFuynuBoeskxyR2cz4wxyidk8dpDK7kAWw3UkjQGx,127.18548699999343,1098.487702000013,1.0907090494132352,0.008575735134098213,0.00043628361976529403,1.0,71687.910757,181.554823,796.3313579689022
AUSejoEUCh2DBs9mof6BNC8Pubs22w4cJa1ccV9h44R,4xkyD7AfGQDwsQMy9MosRRNGoVJ1zosNinesxg1TzHG7,Cbm5gsQe3nSiCsFrvepVzMCD9xLK3ri9g3ypS2hdmVJ7,2736.965297999999,2739.2855439999985,2737.48268222694,1.0001890357277525,0.273748268222694,1.0,14405.922395,14470.972762,28879.618391023883
HEDSDjj84KS7LKhZY7ejkCACTdPen62rKhCby1wXtgxc,EnnjMSFttpCTywBrYNt1J5QQeoSVkvzPipJDa8Y7kJow,6bjVT6JN2rSvpyn9PdfLYC8wJn4LWh49jpY47fnLDXZk,17.574964158999137,18.060203170998648,17.021761753221536,0.9685232697618711,0.006808704701288615,0.9998990012017877,39110.921985288,9058.037321219,46936.960514927974
KEN5P7p3asnb23Sw6yAmJRGvijfAzso3RqfyLAQhznt,9zj4aX38Uxf3h6AUjS4EipWS8mwbEofasHAf3a1uKGds,CwQDG1MWunn9cLNwcZLd8YBacweSR7ARo32w4mLua1Yr,130078.15065799991,130106.22726999992,130023.2808334882,0.9995781780088804,13.00232808334882,1.0,1153471.094657,1085306.73253,2238291.267713153
SUiuyGR7SFq3xeRVJonq84fjjeFwRSsFekcevJ53tzy,49GjCCPsv7fBqo6t3iKDrP1xxGDS8uWZbVCdfnp2gjMf,CEwj5xEbbJEjYqM8D6Ai8ByGz1mrh8mkAVsE5fzDSSSx,4.9140000000000255,9.092998999999907,0.04214116244895884,0.008575735134098213,1.6856464979583536e-05,0.9504628278740332,642.730267,1.688265,7.11651765856098
BUSDgu5JdqP1rndBvXvanbEufS94FNh1w5FJcAj6vawb,Bgzr8cWubt89JQFXndVjtdKmDbGzuPxNhvjH1EhWCwbo,Dxaf8xPBBQsasRKW5Aa4Sw2YrbfGofY9xZueyyF23FBW,7799.375017480007,7785.390092260007,7809.714298239447,1.0013256550347005,3.1238857192957785,1.0,6579.04236852,8474.31652991,15062.080439069337
MATgk4zXLXtYkwBH678J1xZbRDZ45LicNzkRBHkxTuY,y8dALFo1bJrSzPYjMX14HJX448pXqYmrfXHD1K8MXih,GN7Yuet3UyiWS5YVkEHv6oQKi4HGBJc3XDPt9zQhAqZz,17.677442999999585,17.66872000000012,17.697795464784086,1.001151324022626,0.007079118185913635,1.0,3586.937354,4473.910436,8064.977517143315
ACUSESXyNnwRLAg1dpSGMLSzUDdLjUMybY8rkXiAKhCP,AhFPQdu8GKBsxuhiH46UmCu1YpaLgNpoP325HnYtsgas,A8wxWpT3aFEr2XqZp1kDmbxbFfcBE95UUmdsNTDBJYbT,0.06079791100000875,0.06159438499980752,0.06079177048406393,0.9998990012017877,2.4316708193625575e-05,0.9877788347779582,1044.551691297,1841.390268127,2863.332526253468
RajgMbScQbqqrdJfR2rxfHJiTiY5b6bJ2tTXiF4aPxy,725ZA3fhyBAKb5iopNRrcbSuQa3LXA1656Q3mBvYPxeg,GLA6i1dSZpUfk2f9Nj8uiG7xyDdAR2reff8oEiZH3617,2914.927208690002,2913.1089622800064,2918.411880027111,1.0011954574120137,1.1673647520108443,1.0,65937.45627747,115491.37430954,181507.65600784624
KwnjUuZhTMTSGAaavkLEmSyfobY16JNH4poL9oeeEvE,J63v6qEZmQpDqCD8bd4PXu2Pq5ZbyXrFcSa3Xt1HdAPQ,BnKQtTdLw9qPCDgZkWX3sURkBAoKCUYL1yahh6Mw7mRK,63.49229400000081,3255.6555740002077,1.2568682129539812,0.019795602486090125,0.00012568682129539813,1.0,278350.12406,558.304252,6068.4126598456305
AURHmCnNwiW4uA2Qj1XvEh4iKgRUZYXtiY7FKAapUV5Y,BKWm4TRnTeKwfWXRyuzjRHU7iZDkPuXBX5b5V5jSVfGJ,A5Ww74HVrkj9nPeC7pHKLfgeDMEhBCpW1efQdz3TGLEg,0.009271579000142083,0.008274466999978358,1.494227093208272,161.16209473978205,0.0005976908372833089,143.8735685119459,289.928692907,1809.455499197,307058.335207096
