0,1,2,3,4,5,6,7,8,9,10,11
RajgMbScQbqqrdJfR2rxfHJiTiY5b6bJ2tTXiF4aPxy,725ZA3fhyBAKb5iopNRrcbSuQa3LXA1656Q3mBvYPxeg,GLA6i1dSZpUfk2f9Nj8uiG7xyDdAR2reff8oEiZH3617,2612.0115051100074,2610.5691744700016,2614.735745989039,1.0010429666460894,1.0458942983956154,1.0,66241.39762509,115187.05514809,181497.54034149332
MARpDPs5A7XiyCWPNH8GsMWPLxmwNn9SBmKvPa9LzgA,6YjT74rmcfCpw8LSjPNx5JTmZoYLGrTKnf9arfSgZ4SR,F8GSmi3vA8M8TsybLya1LQ4n1aFHCRbZ6k437PeTdXtg,32610.08545300003,34133.57734900028,31009.705558815138,0.9509237749011277,12.403882223526054,1.0,296383.22771,15711.798337,297549.6560483737
KZMu9QBEdL97EFgamLbN5DE1AoKBG4HdrKKJo4Vuon3,DD4ACBWyVqdaKWh7v5btsgqQCCMwbKnuL2xd9pv7Gyuw,GcYqiJ1MAuYbNTNYXm1F1gQYTfTgkErACAhNU5dpVj9T,37.154004710000095,38.196204440000315,36.14743808835055,0.9729082603744563,0.01445897523534022,1.0,2252.46439474,842.68146335,3034.1226791918957
RoBgmK8CvjdHvPrqdDyVw54VwjZv2TqJ493xnqJAQHx,ExiHJxM7qPAcy27NDHAF6G7vnW7muNHi2sVJpnaNynGQ,6rkPHSqZb7StM4HwS9EuVrmfkV7tRdc7dnsFhyB6cefE,2.4847780000000057,0.03830999999999918,0.0,0.0,0.0,0.9510757141865306,6338.209823,17.77254,16.90303117340868
wrmcMSHFi3sWpAEy4rGDvQb3ezh3PhXoV2xNjgLBkKU,8p4mGnARWPBu6P2Gcw4adodLkNDorrXniZMhaY7eJXUn,AyY89zccbsgp9LKFgH4CFZMJmpSgqmPSdTfukhP227rc,0.0026124100000000233,0.026011389999997192,0.8290733100603057,317.35956839098696,0.00033162932402412226,3109.356052361556,27.07914064,0.09611715,8892.686827997479
B2izdXFYb2sNwbWWHmh75T4aQFtfXsUxem9u2p61HGzf,4DYwgJtxwuJdAjkj5RJSNH4e7U329V5cNp7d3a1nLrZv,EXNW64GEf1ACC6xY9BtKRiunrs6GoJSXBdxWN2eTPmrF,17305.078567000015,17149.12384699999,17215.934458374555,0.9948486735682637,1.7215934458374555,1.0,10636.316838,29294.169114,39875.69481193609
KwnjUuZhTMTSGAaavkLEmSyfobY16JNH4poL9oeeEvE,J63v6qEZmQpDqCD8bd4PXu2Pq5ZbyXrFcSa3Xt1HdAPQ,BnKQtTdLw9qPCDgZkWX3sURkBAoKCUYL1yahh6Mw7mRK,76.45049600000073,3942.4982759999693,1.5154369393613634,0.019822460528723697,0.00015154369393613633,1.0,278230.01772,560.685729,6075.889273160795
daob129AwBGn9Y5r91uLoWZeYiGzbPmksauMhFZKTze,6VW5GQNyj4LStgmxEHLr5zUfW92vQnmbw8jTnCH7a38F,4VPCCUifPeBA1c7HWK358CHn2nyjm8pdTRk6Ps3KmnMQ,19.350138815000108,17.302593524999992,3110.130258875116,160.72909288196746,1.2440521035500465,144.01064757123882,48.112141663,224.268161648,40030.024074642446
C2ypsDADXcCRz8HbV2zX1AXPSja7a1P3xZtRC91xGhJh,J9bYNuDpY1d1T86gLaw7DGk5D3CsUAf2tzUwxMvb6FTv,A2NGvvPrMGzsJ4jb52KEnSBVmsA7C34dV1GC7PerdgvG,154.2318762690002,155.03268910600005,22218.11639238537,144.0565785093227,8.88724655695415,144.45287246703694,504.301977932,302.687290441,116372.06603983462
BSCuChvaSj9b5HUSqgDVRzcnr2sSn7cXaamt1jbKH6hn,GnKpRj5kBVPMJfiwZtEuD9GYApLzPdW5JFuZTcyX4BTc,3dmwD9okkomV9nDwyuh4UMhKdUR13QpuKxRo89ycZB5t,297.98984650199986,297.82577464400015,297.95090551045325,0.9998693210792122,0.11918036220418131,0.9999888361246335,1522.543949437,1589.401131188,3111.7283723487
Lee1XZJfJ9Hm2K1qTyeCz1LXNc1YBZaKZszvNY4KCDw,9DgFSWkPDGijNKcLGbr3p5xoJbHsPgXUTr6QvGBJ5vGN,2hNHZg7XBhuhHVZ3JDEi4buq2fPQwuWBdQ9xkH7t1GQX,1330.5407295250698,1123.3523933359902,227082.51667056698,170.66934640296432,22.7082516670567,144.0573671009564,6899.152555511,55000.242359175,9100663.96156065
KEVpg4SYCVrqFxKijQH6hm4QxsRdoE51ud64bEEFUC9,2bPenuBYfqzD8p5dFjCcggwkHDsc2RQDnx9AoyYGUBjA,AE6n6iLuX8oYu61vt5hoDYkjswpnxFxrhSehxrnQTnbx,3951.5007873420004,3950.927134849,3957.6307973026196,1.001551311840872,1.583052318921048,1.0,1909.081703224,5733.749769796,7645.793054071403
Cob4usZcpHEY7Qt4ZCwj6WVg9S44zvzYV2v9qYF65dTf,NhFM9UXE48PyNAyeyPYA3iXztqKVJwA4bTdLj4ysM8w,6TuFuynuBoeskxyR2cz4wxyidk8dpDK7kAWw3UkjQGx,129.21833700001122,1216.3798550000065,1.1150322240004416,0.008629055673424622,0.0004460128896001766,1.0,71571.00315,182.556597,800.146767784199
YAkoNb6HKmSxQN9L8hiBE5tPJRsniSSMzND1boHmZxe,CfWX7o2TswwbxusJ4hCaPobu2jLCb1hfXuXJQjVq3jQF,EnTrdMMpdhugeH6Ban6gYZWXughWxKtVGfCwFn78ZmY3,6802685.195523988,6802424.852071,6802685.195523988,1.0,680.2685195523989,1.0003010906282792,1026155.62759,403928.168442,1430205.415018016
7oAd7xG4m3oC2qeWB1szghTebAZyyGPAFDJ4wwwbRSNi,D9yh4KAysxt9GLacVe4Wwh2XqghhcjTCSTV9HuM7TBJd,HDYfJLpZKaMFb84jM4mRytn7XLR8UFZUnQpSfhJJaNEy,7.986054437991697,0.1805930000000444,7.986054437991697,1.0,0.0031944217751966792,0.022637728318270305,952.01731636,300242.404262227,7748.823293672577
HEDSDjj84KS7LKhZY7ejkCACTdPen62rKhCby1wXtgxc,EnnjMSFttpCTywBrYNt1J5QQeoSVkvzPipJDa8Y7kJow,6bjVT6JN2rSvpyn9PdfLYC8wJn4LWh49jpY47fnLDXZk,18.959184251001716,19.490989704994718,18.36426588748524,0.9686210991126876,0.007345706354994096,1.0,39110.921985288,9058.037321219,46941.70156191924
Sid7E679i9ABqptiAVhkmQ27YHN8vaYT4fppPwmxFsJ,GP7KB8o1bv527HG8kTzzzf4wJ5aEGHvcMQvVhLziUfmT,9gYxhAZ1M9wu5pxr8SBoa5NDm21gi3s9vMHaYTME77sa,580.0304830000023,1329.0367849999893,5.00420286086115,0.008627482533294943,0.0020016811443444595,0.019786558436830224,129353.954308,11191.746349,1337.445124549572
vEnkoSUkpnbRrPgBz9DfcVxNz67zjwMYBZraAvDDNSf,DtfyjjsZ5yCjWKLKHvwsfXs5QVsmm1QkK6Sh9JZHoq1g,e5wrKCRv4GhHvEf1VD5Pq2KGaZDXP77nTL612Jyrxwy,1063.1800000000003,1063.4827580000006,1062.3099681360968,0.9991816702120964,0.1062309968136097,0.9992954966748443,1095.987847,850.599435,1945.0911523672867
ALBpShJ9NLpE739pcHDF2LNVk5J4VYPvvKuV6jMPitZi,D6d156U1bPiJpDYRLextvDRccgFk7QzkQbJg42ceKEu5,GNcM8U5g8RwTZffwwm3kSQqUNPSwv5d2fbN9sLxPJqt2,80.10755500000232,80.11756900000182,80.20532529153269,1.0012204877745972,0.032082130116613074,0.9998020391962392,42012.576135,58299.898822,100352.20969772214
ALLwa5WNZbvQsRKAqe1jdRGemdYQnW8E5k4msbRFcYtu,CGoM82Hbz7QVqTgvQatYtjvDWBvoUJp5qm21P8iMs9yb,3dxNNww8TivyN5FMy5dCNdi3Zcxv6e4kUfSPxfFwpdNq,5.250100678999996,5.148885224999999,16294.539661700794,3103.662321539416,6.517815864680317,3060.884044529741,0.871589539,7.785338001,26535.13648057418
ercAoEmXjQzEvAFbdjAo81KtMxRGn9AW1ju882upmPH,CMRhskR2Eg6V42RTSdRTXGdozyPbWB8U9dVpijPWb9T4,7TKLLgrWswt6ZJ1pXhVR3FyufHGjJFqiEXxvWJfDcgRm,0.7245133889997533,0.7128804470000318,104.20546334325985,143.82820928557794,0.041682185337303945,135.73609753561615,314.467665154,800.168841501,153841.11707225727
SoNcU2iwHMw6dGzsYNQkYFkUjwN1UdAjrWVRnStrZu2,8ivTTid27jZnYNc4w3CTA1Z6QS2twsFb8WMwUabeDJgc,CyXm53PMvHCbeXJBykU46Rcbo28xk5srhMZFg7gv6EYB,2.0342008969999945,2.0193074940000084,341.0928879934073,167.6790569193266,0.13643715519736294,168.68060058390475,15.602595949,19.076029812,5833.984739666257
BUSD5rCfUDpCxKGMvYU2yThChxgHoioK74PTPociGnv2,CcFHbafgYDZ8yA8Me1PdtDiVb2eeaS61LbqyKKK5CsNZ,26R9s4nmF3CFDTkiePDwRmtscn8i7r2eygbSijditJ58,81.42006924000002,81.743049,81.36421352105994,0.9993139809452208,0.008136421352105993,1.0,76.69355107,71.18690082,147.8278386525873
SUiuyGR7SFq3xeRVJonq84fjjeFwRSsFekcevJ53tzy,49GjCCPsv7fBqo6t3iKDrP1xxGDS8uWZbVCdfnp2gjMf,CEwj5xEbbJEjYqM8D6Ai8ByGz1mrh8mkAVsE5fzDSSSx,4.9140000000000255,9.092998999999907,0.042314331833192616,0.008610975139029791,1.6925732733277046e-05,0.9078652909481291,642.730267,1.688265,7.067251545661523
KysFMBBoavfov2tLpvefWW6tPFt6rAeZWDJVy1mMQae,B8ka2V21TH3x64dFV8ETcjuQcwmrciJ2qzy1mJUttRew,7fSf7EYxBANyxzk2s5pymFgshA91tFYQNKKs5UnLWcYS,1.8756039999998393,2.484777999983635,0.0,0.0,0.0,0.019672330192822867,134441.592323,2657.579771,52.280786768878585
BUSDTd9WiT6uBHJRgNvFXBsA7JrifsAtWzKfioN7ERcy,DyBxrn7gSc1EwnpWhDyhzvMHPtxpmBqRqotapLcKcfTM,Cds99GeBgoCpqBsoRWu1C6fF9LiUMd4pXQQD24s9LPff,900.6261739800002,902.9843978900002,903.8727583859363,1.003604807965539,0.09038727583859363,0.9982969054792524,103.61614599,160.46130789,264.17768941416375
JSoLLrxK5bYdHwTEWYaGgmeycBCNXKDiBCTw5hXGBg7,xG4wXczA7Dk4hccJ61CHKpDHW4NrNfQwgmWgkb9BuF2,BVR6WgfhsRr9Lob4QDnkEAiNGgAbv7ZieKcY9kSg3QYR,0.8824491839998245,0.750932063000004,145.21832038303387,164.56281337902257,0.05808732815321355,143.71760066340045,17.034046432,163.926706774,26362.32358629089
KEN5P7p3asnb23Sw6yAmJRGvijfAzso3RqfyLAQhznt,9zj4aX38Uxf3h6AUjS4EipWS8mwbEofasHAf3a1uKGds,CwQDG1MWunn9cLNwcZLd8YBacweSR7ARo32w4mLua1Yr,177282.72583700018,177308.9961829998,177216.6240362347,0.9996271390771243,17.72166240362347,1.0,1143426.817689,1094336.143743,2237336.6222535158
SAMyS8Jr2HJrkFwYVKbpUwsNStnQmvz3f8Tup8bWUWF,6jPzm5TFfquvgm25sTyN3MMGBfufRaFHMxobDWv6hMFW,Cj9ECoDmxsHTDzCY5ZA6RWrPbg9uFzEC1Qc2kso2vJG6,1162.1044010400074,23.143644479999978,1130.6209711893332,0.9729082603744563,0.45224838847573323,0.019762026651309054,461.73083035,109847.66465204,2620.034215354746
DFWzVTzNBrQZLjoQ4yQwkj9HuoXmfkuZP9V5vbymZe23,DhgiEgiNdqZdRdo195UUHnoEJUtefK8buko8nU97XJUZ,2K2kkXsouBHtWVjtcgkyiXd8eP3oVBvq1bTJzcVdLLr2,0.0011542869979166426,0.0011542869979166426,0.0011357016962102438,0.9838988901894042,4.5428067848409753e-07,0.9974554681592499,45452.130483581,22563.55363222,67226.44069110168
BSCNHw8CmxbZ8hCWWzMf5FaG2ajPT6JxfznKUNuRVrn4,7n9kgNL633yGzCYksgnzHyjG73ZLBAwvEae5sbAekbzW,SscdxE99omdG9AiMVwmaEMQySQnCgeAh1sPj2Leutm2,110.41347320600016,110.24687431399889,110.57098821296883,1.0014265922662788,0.04422839528518754,0.9962674808940282,5294.901074379,6402.964938696,11681.52048902987
heyk4SZTeCUV6a65WiVA5bzic3KcxgVf1qxobfeV4tQ,9ZDpBKPqMABtGfq66FbVribaArMvtk63xxy91onZAtDt,DaTP4s6N7xxSPinbNZ3FB52EpRDRt87QShTuN3VPCW52,84.83010577000005,73.60126809199983,13953.931156196002,164.49267662154412,5.5815724624784,143.4384373701882,631.025305354,4467.486040472,744608.2581120398
SoN9GaFpSXfpyR5dth3x7PHPVhvJMpQqqDJfCSmPv1t,9kZ9iS68ViMPtoeqtnhAKuF2iqVyfHPdZHoUNdwCELr,BBhm5fJLjw3HRzjtKB8uMEYjGhY6EDm9co3cqpjrSzB9,0.4772921080000012,0.46772795199999995,81.8081578119686,171.4006086435613,0.03272326312478745,168.2269435300843,1.52713357,2.454761462,674.7086412257158
BUSDgu5JdqP1rndBvXvanbEufS94FNh1w5FJcAj6vawb,Bgzr8cWubt89JQFXndVjtdKmDbGzuPxNhvjH1EhWCwbo,Dxaf8xPBBQsasRKW5Aa4Sw2YrbfGofY9xZueyyF23FBW,7811.653064200005,7797.952975330008,7826.063586384796,1.0018447468245655,3.1304254345539184,1.0,6248.24804083,8805.4153554,15065.18983196242
parEAJhzYzHW87y9VoZAQ22dzQ2MD2ekEtTReaxbMcz,3oyc6hpjYSJEquK6dSvG72NXyz3pqLZz5D8AC71pwgQb,Di2vordgFJVZ1aj1aBpvzXtLfZgJsuLLXawGtVFwX6Rz,13.455817774000081,15.74326428799958,1884.2577034570184,140.0329385478052,0.7537030813828074,164.60672326284762,1100.697682729,142.124773347,177528.62420042622
FrnkTEL6yZ5Aycq2TrEgu29dCrwKG4LPUZydfiwqspkc,DjvZuMZ46fxKBoBpGMPcRcos4xdTtHFxwMh69DpA2ZFY,9rvDPJLAng4uVVqnnSoEXgNDFhBZQTny9AoQioYDZbQX,58.98630132400376,49.680748380999944,10104.029090603275,171.29450166917928,4.04161163624131,143.50828093008863,173.190945197,1438.33055003,236079.0012951684
MATSnbbiTCv7Dc3trJrkrqjx7ckKdr6fwPoVwv9q3sD,631WX9JizSHJm4w6VanZeJAst9T8DeUUnPLesdGkCVtK,211maUSfpnXbPuW1iBu8b4dtJv5EbN1j7JJiEX5TZKEP,726.9791420000001,726.1124319999944,726.709532763345,0.9996291375899542,0.29068381310533803,0.9979780963767406,19778.068973,25776.224225,45494.84121452015
C98Sspw7XqnMsgxea3SLQVdbMDL8pKUc3RE82UvX9eq2,CSqgQJurPCzGxb4Cgwx5R61hWQUiaoUHcShNc8r1cKEL,6S2CR5EnukPhC914XkAns8m5GixjMAoUuZMsS5ubHuWc,42.469790000000216,42.47432600000002,0.0,0.0,0.0,1.0,892.113749,871.483659,871.483659
BSC8REUo9LpiiWUuqMuLXs2D2yJsJfGd4HdiF3wCLxk5,AZjEH1zWVx1UJ6udMyRijGTzPteuLnaY18yNNmprJEsh,Caf8ypkSVR8xYnXNhjvfvdGCC7mrM3C11rz8Xi6NA6aK,294.6617339530003,294.4706323380001,295.6167160682241,1.0032409437846317,0.11824668642728964,1.0,2435.139668123,3920.044928649,6363.0767475441135
STK75uPSyBnEhGTTzb1nwmP3n427XoXmfRhXxxhyady,6TYyD5fUmDe6N65avW1Ny2RxzRNobw2RRgKwH9CTzSAU,54zDfk4cx2vGrEajPtodWpArNe5eUurytyxd4X3aZAxK,577.6513444059976,649.8994487679975,82588.84795166088,142.97352330511322,8.25888479516609,161.33114976999826,1854.00174858,326.521227695,317751.207296669
WiiQFxXqp8P9Fs1rt9SVcDyA3KUdJmUsog6wnVQAwba,3S2jpqSYxho6wiz3cafhjXruVY8cg4HYa2v3BqBHYFSj,Dfe67M6TfrG74gKRtdqys4e6E9QirPD53BkF4FujFjuv,13931.575334568,13964.798910875998,13900.635577911396,0.9977791630943678,1.3900635577911395,1.0,20865.145149319,5953.268196159,26772.075261089016
MAR3XM1n9xWPQ3HJjAcC85o8DopWFP5p2WxGTaZ3fPB,6qG7GUhER8Cg9gDEgnebph9LdS6eu2eoWcA4R7z9uizK,4QV4CwRXVMY227KkFF9voNAfwWHVvVajXSXDKbUHkWZR,0.30629300000000015,0.005993999999999999,0.2796670215466316,0.9130702351886313,0.00011186680861865263,0.01973432156500748,0.10448,24.619526,0.5812472210345706
AURHmCnNwiW4uA2Qj1XvEh4iKgRUZYXtiY7FKAapUV5Y,BKWm4TRnTeKwfWXRyuzjRHU7iZDkPuXBX5b5V5jSVfGJ,A5Ww74HVrkj9nPeC7pHKLfgeDMEhBCpW1efQdz3TGLEg,0.010697761000074024,0.009648548000029677,1.6584053560146323,155.0235938158608,0.000663362142405853,143.27641057058972,289.929526447,1809.45456451,304198.07223670697
MATgk4zXLXtYkwBH678J1xZbRDZ45LicNzkRBHkxTuY,y8dALFo1bJrSzPYjMX14HJX448pXqYmrfXHD1K8MXih,GN7Yuet3UyiWS5YVkEHv6oQKi4HGBJc3XDPt9zQhAqZz,965.2171440000002,965.5637939999997,966.3545432974613,1.0011783869614537,0.38654181731898457,1.0,3571.22068,4489.632815,8065.061774885786
SRMuKizofcAMicegrfSv7xs9q76tH1w8aAF7oX9FEWu,72Hj2KWntXPfbie4UgKeTPnm1XVkomDfCnRPKbvfTtPi,6aqJQ5wedqpUt4fFEDUqUmXhrdxCu4bEJsQdVPCADLko,1.6142889999973704,1.6077079999995476,0.07421374863758345,0.04597302505171276,2.968549945503338e-05,0.045333885197829146,16958.427081,4932.720622,1003.2495834231696
iLiUBQ7Z7im6Ew3b4ewwPcehzWgEQRJ1iQz7g6D62NW,GpugBvKWM3TVhYcZjemSdtehBWgfvuGr6uAm9iPjXT6v,92fMXJ3xy8tEyMUWLHKRLyhPw2nECBo77GtDiBBbYrjX,13.941426395999997,13.685261999999966,13.692151360285857,0.9821198327464067,0.005476860544114343,1.0,1805.840138149,1156.637640324,2930.189054769644
BerKDkt6v49dT1bHRedgnpsJS263C1DSJtEGvY9Mg35V,78XKqNb8wbfsMMrvo8WPUpdx7GEkfQutpNVH943aCGFa,DKYQwn4nDvFHCszi5tXbqfVMAP7DaXXp1KGTXEnYnKVH,0.0033694210001158353,0.001108728999952291,0.003376071340742111,1.0019737339519303,1.3504285362968444e-06,1.0,1338.317413093,1686.888382613,3027.847278222681
Lid8SLUxQ9RmF7XMqUA8c24RitTwzja8VSKngJxRcUa,4PgzyzLtds9bKZ2to9PMnKqJzKEUpjvNUaeN23phegax,AtymwxoVN9peZo7EXTcDz9jKVc4vRmisJKKrNfe3ewBa,109.01076898999509,92.30352769599847,18457.337284167013,169.31664142155543,1.8457337284167015,143.21208377735047,972.689272781,7669.845285882,1263107.0064551036
GokA1R67GqSavkd15zR62QD68Tuc5AEfvjssntVDEbM8,3YB7hfpBdbQEuZqLGWVDpRPmeZWCUsrrWyqGXegnQ6Cg,4DPCj6Z1DsG6HUtwSogBGqXEUxdEV5a8YVrrFtcnz7UW,12158.618081999984,12157.573431000006,12161.317894572581,1.0002220492949436,1.2161317894572583,1.0,13169.580861,19227.78053,32400.28568714489
AUSejoEUCh2DBs9mof6BNC8Pubs22w4cJa1ccV9h44R,4xkyD7AfGQDwsQMy9MosRRNGoVJ1zosNinesxg1TzHG7,Cbm5gsQe3nSiCsFrvepVzMCD9xLK3ri9g3ypS2hdmVJ7,2736.965855999999,2739.285541999998,2737.6174089433275,1.0002380566574844,0.2737617408943327,1.0,14351.584616,14525.310404,28880.311510263287
ionytDfEj1mXodptgrsKEZro7DGsfpzANUfarJdm6Qb,3gkSjY95an9xNFSjCfsay6JZez7uv7yfW3Ad4ubc4fMK,9wXqANaSuEqkKL9yHzCPEDGHwbkStVAqV5rB3QDs3Jr6,0.00042030399999999635,0.001571102000000213,0.3485584677837319,829.3008579117376,0.00013942338711349277,3097.7015054829317,3.152466539,0.08412514,2874.9377781577086
