0,1,2,3,4,5,6,7,8,9,10,11
BSCNHw8CmxbZ8hCWWzMf5FaG2ajPT6JxfznKUNuRVrn4,7n9kgNL633yGzCYksgnzHyjG73ZLBAwvEae5sbAekbzW,SscdxE99omdG9AiMVwmaEMQySQnCgeAh1sPj2Leutm2,56.64895223299936,56.5365239519997,56.94074199052976,1.0051508412076229,0.022776296796211903,1.0,4070.694321337,7633.062373421,11724.724194811979
FrnkTEL6yZ5Aycq2TrEgu29dCrwKG4LPUZydfiwqspkc,DjvZuMZ46fxKBoBpGMPcRcos4xdTtHFxwMh69DpA2ZFY,9rvDPJLAng4uVVqnnSoEXgNDFhBZQTny9AoQioYDZbQX,18.374916424998872,15.336420475000097,3418.469535390924,186.0400045542593,1.3673878141563698,155.8497097610855,173.010301794,1438.563846822,256386.5953336889
BSC8REUo9LpiiWUuqMuLXs2D2yJsJfGd4HdiF3wCLxk5,AZjEH1zWVx1UJ6udMyRijGTzPteuLnaY18yNNmprJEsh,Caf8ypkSVR8xYnXNhjvfvdGCC7mrM3C11rz8Xi6NA6aK,200.5180367390003,200.45795266699997,200.28637830354484,0.9988447002612687,0.08011455132141794,1.0,3431.960151904,2922.982055183,6350.977264420169
B2izdXFYb2sNwbWWHmh75T4aQFtfXsUxem9u2p61HGzf,4DYwgJtxwuJdAjkj5RJSNH4e7U329V5cNp7d3a1nLrZv,EXNW64GEf1ACC6xY9BtKRiunrs6GoJSXBdxWN2eTPmrF,2268.6158350000187,2244.796292000001,2293.901511359737,1.0111458608238615,0.22939015113597372,1.0,9907.584762,30031.708202,40049.721524857865
daob129AwBGn9Y5r91uLoWZeYiGzbPmksauMhFZKTze,6VW5GQNyj4LStgmxEHLr5zUfW92vQnmbw8jTnCH7a38F,4VPCCUifPeBA1c7HWK358CHn2nyjm8pdTRk6Ps3KmnMQ,10.004628107000144,8.94357976799995,1714.7361568258025,171.39429257005742,0.685894462730321,155.90761226712274,48.146358179,224.242072771,43213.057135471296
Lid8SLUxQ9RmF7XMqUA8c24RitTwzja8VSKngJxRcUa,4PgzyzLtds9bKZ2to9PMnKqJzKEUpjvNUaeN23phegax,AtymwxoVN9peZo7EXTcDz9jKVc4vRmisJKKrNfe3ewBa,61.37191578499801,51.96558371799995,11301.109043919194,184.14137638313193,1.1301109043919195,156.03104456075,972.5719025,7669.999204151,1375848.716361713
DFWzVTzNBrQZLjoQ4yQwkj9HuoXmfkuZP9V5vbymZe23,DhgiEgiNdqZdRdo195UUHnoEJUtefK8buko8nU97XJUZ,2K2kkXsouBHtWVjtcgkyiXd8eP3oVBvq1bTJzcVdLLr2,0.021727565002947813,0.01960035299998708,0.021376636728689488,0.9838487067367782,8.550654691475796e-06,1.0,45475.925330718,22540.163726995,67281.59405128019
BUSDTd9WiT6uBHJRgNvFXBsA7JrifsAtWzKfioN7ERcy,DyBxrn7gSc1EwnpWhDyhzvMHPtxpmBqRqotapLcKcfTM,Cds99GeBgoCpqBsoRWu1C6fF9LiUMd4pXQQD24s9LPff,862.11185054,863.6770748099999,860.7691711407045,0.9984425693737368,0.08607691711407046,0.9992735281450387,149.5702257,114.62619666,263.880204404003
TETFuZgEmET6d9vYmz9iMFCxK1jKdKYxf3oPz8hSzJK,Eu1Ze6Z84LWNkq7SNoAHBJbXx5t1P95EwyqYohrfCRFV,ASMbv7WNu3qe4pkhREmvyEdwFNDZQ6B6iSrjkj4u8bdC,234.1674028,234.21251470199994,233.4324956774286,0.9968616164599174,0.09337299827097144,0.999526224569554,277.977163745,74.794713491,351.8640423832045
BUSDgu5JdqP1rndBvXvanbEufS94FNh1w5FJcAj6vawb,Bgzr8cWubt89JQFXndVjtdKmDbGzuPxNhvjH1EhWCwbo,Dxaf8xPBBQsasRKW5Aa4Sw2YrbfGofY9xZueyyF23FBW,23582.66918156,23541.064538309987,23601.36287704039,1.0007926878563436,9.440545150816156,1.0,6876.37973973,8191.30197186,15073.132534305292
GokA1R67GqSavkd15zR62QD68Tuc5AEfvjssntVDEbM8,3YB7hfpBdbQEuZqLGWVDpRPmeZWCUsrrWyqGXegnQ6Cg,4DPCj6Z1DsG6HUtwSogBGqXEUxdEV5a8YVrrFtcnz7UW,92892.40185699999,92775.509393,92911.63456535501,1.0002070428578715,9.291163456535502,1.0,14489.884183,17924.101203,32416.985413031474
MAR3XM1n9xWPQ3HJjAcC85o8DopWFP5p2WxGTaZ3fPB,6qG7GUhER8Cg9gDEgnebph9LdS6eu2eoWcA4R7z9uizK,4QV4CwRXVMY227KkFF9voNAfwWHVvVajXSXDKbUHkWZR,0.5691270000000017,0.01286799999999999,0.5413909977921139,0.9512657065858978,0.00021655639911684555,0.02422242855425141,0.117348,24.050399,0.6941881996151815
SEQV6QiTpvTzrceiaYg9Avnwf7oc8ZALpnQMz6TyT4A,3dFMPj4r9mMmPHF32mz1gNDX7f8ftidWof7S8YiYTs1j,Fc1ED3YPeQfXQosHbd8DTaBd2AV5gHQtwiSAL5C5pUhi,4352.71445762,4359.691531848998,4332.828637291148,0.9954313979190527,1.7331314549164591,0.9936515601819973,4485.536331255,1144.469690018,5602.247793705255
SAMyS8Jr2HJrkFwYVKbpUwsNStnQmvz3f8Tup8bWUWF,6jPzm5TFfquvgm25sTyN3MMGBfufRaFHMxobDWv6hMFW,Cj9ECoDmxsHTDzCY5ZA6RWrPbg9uFzEC1Qc2kso2vJG6,4694.563122120002,107.58873366999995,4587.43647970731,0.9771807003919217,1.8349745918829243,0.02422242855425141,522.40603247,107146.81510805,3105.8411664683263
parEAJhzYzHW87y9VoZAQ22dzQ2MD2ekEtTReaxbMcz,3oyc6hpjYSJEquK6dSvG72NXyz3pqLZz5D8AC71pwgQb,Di2vordgFJVZ1aj1aBpvzXtLfZgJsuLLXawGtVFwX6Rz,4.528691080000016,5.329600783999922,689.5849250015746,152.27025045867606,0.2758339700006298,178.6991984983549,1099.461632948,143.183377992,193002.05310415433
STK75uPSyBnEhGTTzb1nwmP3n427XoXmfRhXxxhyady,6TYyD5fUmDe6N65avW1Ny2RxzRNobw2RRgKwH9CTzSAU,54zDfk4cx2vGrEajPtodWpArNe5eUurytyxd4X3aZAxK,438.5319063939996,494.72898200600616,68435.84616272931,156.0567091354193,6.843584616272932,175.87241511517885,1850.657881922,325.737901503,346095.89022015553
ercAoEmXjQzEvAFbdjAo81KtMxRGn9AW1ju882upmPH,CMRhskR2Eg6V42RTSdRTXGdozyPbWB8U9dVpijPWb9T4,7TKLLgrWswt6ZJ1pXhVR3FyufHGjJFqiEXxvWJfDcgRm,3.710432988999969,3.773485533999974,579.0095892148827,156.04906244943035,0.23160383568595308,153.06910442481453,304.715410793,788.073115656,168180.20020287787
HEDSDjj84KS7LKhZY7ejkCACTdPen62rKhCby1wXtgxc,EnnjMSFttpCTywBrYNt1J5QQeoSVkvzPipJDa8Y7kJow,6bjVT6JN2rSvpyn9PdfLYC8wJn4LWh49jpY47fnLDXZk,4.557878954998159,4.608881108999412,4.415134572505137,0.9686818399737251,0.0017660538290020546,1.0,39102.240367669,9066.447907981,46944.07805442948
KEN5P7p3asnb23Sw6yAmJRGvijfAzso3RqfyLAQhznt,9zj4aX38Uxf3h6AUjS4EipWS8mwbEofasHAf3a1uKGds,CwQDG1MWunn9cLNwcZLd8YBacweSR7ARo32w4mLua1Yr,95496.21211700072,95500.38751000073,95346.32768987224,0.998430467305396,9.534632768987226,1.0,1129517.211977,1124935.221398,2252679.619181684
BSCrK1Nx9PXU9mF7STWWBqeHLxmtJDr9h7jheEy4tAWX,FfSySSbVJPvEo5a5AvrP3nySoXpRE2QPn1uUMpJJ1x7v,HL7Vcj6838ZmvBHDbQxXfjBNckNi83WvPiZQoMQLFeRM,0.009257585000000068,0.009247319999999948,29.68516220471453,3206.5773314222133,0.011874064881885813,3200.0,0.830007883,0.974284841,5779.195953729541
AUSejoEUCh2DBs9mof6BNC8Pubs22w4cJa1ccV9h44R,4xkyD7AfGQDwsQMy9MosRRNGoVJ1zosNinesxg1TzHG7,Cbm5gsQe3nSiCsFrvepVzMCD9xLK3ri9g3ypS2hdmVJ7,2184.112715000001,2182.6024779999916,2185.0807057526495,1.0004431963359768,0.21850807057526495,1.0,14279.113535,14598.110835,28883.55282079971
Cob4usZcpHEY7Qt4ZCwj6WVg9S44zvzYV2v9qYF65dTf,NhFM9UXE48PyNAyeyPYA3iXztqKVJwA4bTdLj4ysM8w,6TuFuynuBoeskxyR2cz4wxyidk8dpDK7kAWw3UkjQGx,225.571757999992,5384.8313419999495,2.1652390809620132,0.009598892610315561,0.0008660956323848054,1.0,70141.201765,195.588775,868.8666383007114
SUiuyGR7SFq3xeRVJonq84fjjeFwRSsFekcevJ53tzy,49GjCCPsv7fBqo6t3iKDrP1xxGDS8uWZbVCdfnp2gjMf,CEwj5xEbbJEjYqM8D6Ai8ByGz1mrh8mkAVsE5fzDSSSx,8.710097999999974,26.64171499999993,0.0836072953273241,0.009598892610315561,3.3442918130929644e-05,0.9489439677055389,628.224037,1.826152,7.763170990895315
ionytDfEj1mXodptgrsKEZro7DGsfpzANUfarJdm6Qb,3gkSjY95an9xNFSjCfsay6JZez7uv7yfW3Ad4ubc4fMK,9wXqANaSuEqkKL9yHzCPEDGHwbkStVAqV5rB3QDs3Jr6,9.340400000001914e-05,0.00035006600000020427,0.0800010963278321,856.5061060320298,3.200043853113284e-05,3200.5120819331096,3.152465045,0.084125576,2969.3504824826196
KEnkcdADoLR5jS2CLLLesy8TtFsyWL37BhXNfDMzWzP,3qsjFRuw1qeLMPo4DLwaQevenGAGBj9dA3Q6rb8ax2YR,77iEv8zPQAEyCcEbvBRSB6AFcUdfkhiqnAKtPxk76rNN,1.869404999999993,1.8025960000000019,0.017944217840186898,0.009598892610315561,7.177687136074759e-06,0.999041918799871,116.347999,0.32379,1.4402917307143126
MATSnbbiTCv7Dc3trJrkrqjx7ckKdr6fwPoVwv9q3sD,631WX9JizSHJm4w6VanZeJAst9T8DeUUnPLesdGkCVtK,211maUSfpnXbPuW1iBu8b4dtJv5EbN1j7JJiEX5TZKEP,157.44673200000398,157.2744419999981,157.41871146936242,0.9998220316783613,0.06296748458774498,0.9994652860719515,19601.528081,25953.076773,45537.23893131963
KwnjUuZhTMTSGAaavkLEmSyfobY16JNH4poL9oeeEvE,J63v6qEZmQpDqCD8bd4PXu2Pq5ZbyXrFcSa3Xt1HdAPQ,BnKQtTdLw9qPCDgZkWX3sURkBAoKCUYL1yahh6Mw7mRK,487.9812320000003,21591.961636000546,11.570618783265186,0.023711196301224098,0.0011570618783265187,1.0,275299.577888,625.085154,7152.767486946502
Sid7E679i9ABqptiAVhkmQ27YHN8vaYT4fppPwmxFsJ,GP7KB8o1bv527HG8kTzzzf4wJ5aEGHvcMQvVhLziUfmT,9gYxhAZ1M9wu5pxr8SBoa5NDm21gi3s9vMHaYTME77sa,2246.535015999998,5521.0092169998825,21.564248363897534,0.009598892610315561,0.008625699345559013,0.02422242855425141,131526.762013,10294.311456,1511.8644877034908
BSCuChvaSj9b5HUSqgDVRzcnr2sSn7cXaamt1jbKH6hn,GnKpRj5kBVPMJfiwZtEuD9GYApLzPdW5JFuZTcyX4BTc,3dmwD9okkomV9nDwyuh4UMhKdUR13QpuKxRo89ycZB5t,46.218599781000194,46.26067609499978,46.1880727442694,0.9993395075386221,0.01847522909770776,0.998460374103133,1681.385587809,1431.123035586,3109.1946868023915
C2ypsDADXcCRz8HbV2zX1AXPSja7a1P3xZtRC91xGhJh,J9bYNuDpY1d1T86gLaw7DGk5D3CsUAf2tzUwxMvb6FTv,A2NGvvPrMGzsJ4jb52KEnSBVmsA7C34dV1GC7PerdgvG,564.1254744760022,567.4011711669964,88047.06574685266,156.07709584226225,35.218826298741064,156.4784095784816,2235.401859867,1322.781188172,555881.7268739218
AURHmCnNwiW4uA2Qj1XvEh4iKgRUZYXtiY7FKAapUV5Y,BKWm4TRnTeKwfWXRyuzjRHU7iZDkPuXBX5b5V5jSVfGJ,A5Ww74HVrkj9nPeC7pHKLfgeDMEhBCpW1efQdz3TGLEg,11.10682661199985,9.886303717000146,1928.7188782797111,173.65165997963067,0.7714875513118844,156.05283699376068,289.939180752,1798.341066781,330984.64538428007
MARpDPs5A7XiyCWPNH8GsMWPLxmwNn9SBmKvPa9LzgA,6YjT74rmcfCpw8LSjPNx5JTmZoYLGrTKnf9arfSgZ4SR,F8GSmi3vA8M8TsybLya1LQ4n1aFHCRbZ6k437PeTdXtg,10059.590801999999,10622.268867999665,9513.326103794041,0.945697125364448,3.8053304415176172,1.0,296710.950929,15414.610636,296013.3039937071
ALBpShJ9NLpE739pcHDF2LNVk5J4VYPvvKuV6jMPitZi,D6d156U1bPiJpDYRLextvDRccgFk7QzkQbJg42ceKEu5,GNcM8U5g8RwTZffwwm3kSQqUNPSwv5d2fbN9sLxPJqt2,14461.519120999983,14464.539573999995,14443.782156511787,0.9987735061344669,5.777512862604715,0.9995691856809714,52431.10686,47879.972734,100226.1457852246
MATgk4zXLXtYkwBH678J1xZbRDZ45LicNzkRBHkxTuY,y8dALFo1bJrSzPYjMX14HJX448pXqYmrfXHD1K8MXih,GN7Yuet3UyiWS5YVkEHv6oQKi4HGBJc3XDPt9zQhAqZz,215.5226479999992,215.41296599999896,215.75739204254145,1.0010891850333161,0.0863029568170166,1.0,3622.082569,4439.599892,8065.62757912359
heyk4SZTeCUV6a65WiVA5bzic3KcxgVf1qxobfeV4tQ,9ZDpBKPqMABtGfq66FbVribaArMvtk63xxy91onZAtDt,DaTP4s6N7xxSPinbNZ3FB52EpRDRt87QShTuN3VPCW52,39.30381974799616,34.265276993000384,7027.340985297685,178.79536977206809,2.810936394119074,156.03394175128128,635.630269896,4462.238410213,809908.39732388
2jQoGQRixdcfuRPt9Zui7pk6ivnrQv79mf8h13Tyoa9K,,,0.000480192999999999,0.0004307499999999997,0.0,0.0,0.0,156.03394175128128,635.630269896,4462.238410213,696260.6481795053
KEVpg4SYCVrqFxKijQH6hm4QxsRdoE51ud64bEEFUC9,2bPenuBYfqzD8p5dFjCcggwkHDsc2RQDnx9AoyYGUBjA,AE6n6iLuX8oYu61vt5hoDYkjswpnxFxrhSehxrnQTnbx,4041.471558324999,4034.134066517,4042.5106007822073,1.0002570950808916,1.6170042403128833,1.0,3904.962990037,3738.285554471,7644.252491283802
vEnkoSUkpnbRrPgBz9DfcVxNz67zjwMYBZraAvDDNSf,DtfyjjsZ5yCjWKLKHvwsfXs5QVsmm1QkK6Sh9JZHoq1g,e5wrKCRv4GhHvEf1VD5Pq2KGaZDXP77nTL612Jyrxwy,2647.7360200000007,2646.969373000001,2648.5703196506906,1.0003150992562657,0.2648570319650691,0.9997810479504988,683.309467,1263.780113,1947.0281830589909
Dg3mAgpwDfVNnbGWcsxL8sUcSkEbjSJQhKAWNigG44Ju,EATxwd8YA2wV93VJcKMmH2Kn2Y9XfJVUB9hHVu3udwEy,GiGvrRi7NMHfHKanG2B8xyCEqe8jaafWins8bhrLVEaa,0.00024874900000004807,0.00024685199999999186,0.04633956915857773,186.2904741670068,1.8535827663431092e-05,185.04770159651756,0.206305655,0.253229224,85.29226417155462
7oAd7xG4m3oC2qeWB1szghTebAZyyGPAFDJ4wwwbRSNi,D9yh4KAysxt9GLacVe4Wwh2XqghhcjTCSTV9HuM7TBJd,HDYfJLpZKaMFb84jM4mRytn7XLR8UFZUnQpSfhJJaNEy,0.2061123820000148,9.122061989968643,0.2061123820000148,1.0,8.244495280000592e-05,0.022629280764992495,951.811203978,300251.526324217,7746.287293286241
NorjjEePhxfwLF4vZjUHCrVVKLzQjEEGQFd3wgjEJmh,34M8pFVqgbV7aqHxvRT5tCv3vu2P1JJYT8J3VaxBK2oG,3AZWBSze3ucsY3xSeuLne3b2pauVqiaJ1SZSV5T9WGWw,1.6876850000044215,1.0,1.00034912062172,0.5927344976219492,0.00040013964824868806,1.0,38122.682546,2259.549989,24856.179075904358
RoBgmK8CvjdHvPrqdDyVw54VwjZv2TqJ493xnqJAQHx,ExiHJxM7qPAcy27NDHAF6G7vnW7muNHi2sVJpnaNynGQ,6rkPHSqZb7StM4HwS9EuVrmfkV7tRdc7dnsFhyB6cefE,26.99921899999943,130.77019600000028,0.0,0.0,0.0,0.946256420349812,6198.334218,20.177722,19.09329899053365
YAkoNb6HKmSxQN9L8hiBE5tPJRsniSSMzND1boHmZxe,CfWX7o2TswwbxusJ4hCaPobu2jLCb1hfXuXJQjVq3jQF,EnTrdMMpdhugeH6Ban6gYZWXughWxKtVGfCwFn78ZmY3,5229556.730614006,5229857.332255009,5229556.730614006,1.0,522.9556730614006,0.9991127878443942,883394.850047,577575.523698,1460457.9417195949
WiiQFxXqp8P9Fs1rt9SVcDyA3KUdJmUsog6wnVQAwba,3S2jpqSYxho6wiz3cafhjXruVY8cg4HYa2v3BqBHYFSj,Dfe67M6TfrG74gKRtdqys4e6E9QirPD53BkF4FujFjuv,9629.040550498998,9637.523470897002,9616.267637230902,0.9986735009369719,0.9616267637230902,1.0,19475.963677757,7342.918742205,26793.047572391886
Lee1XZJfJ9Hm2K1qTyeCz1LXNc1YBZaKZszvNY4KCDw,9DgFSWkPDGijNKcLGbr3p5xoJbHsPgXUTr6QvGBJ5vGN,2hNHZg7XBhuhHVZ3JDEi4buq2fPQwuWBdQ9xkH7t1GQX,712.5830069490912,600.816137390012,131978.51305770007,185.2114234701768,13.197851305770008,156.26806849541978,6730.123341048,53835.458539923,9659258.846724382
C98Sspw7XqnMsgxea3SLQVdbMDL8pKUc3RE82UvX9eq2,CSqgQJurPCzGxb4Cgwx5R61hWQUiaoUHcShNc8r1cKEL,6S2CR5EnukPhC914XkAns8m5GixjMAoUuZMsS5ubHuWc,36.32715400000018,36.339286000000016,0.0,0.0,0.0,1.0,893.700972,869.945776,869.945776
ALLwa5WNZbvQsRKAqe1jdRGemdYQnW8E5k4msbRFcYtu,CGoM82Hbz7QVqTgvQatYtjvDWBvoUJp5qm21P8iMs9yb,3dxNNww8TivyN5FMy5dCNdi3Zcxv6e4kUfSPxfFwpdNq,3.662625680000003,3.562726314,11720.40217600001,3200.0,4.688160870400004,3162.185323033042,0.939193429,7.718732604,27413.481925585416
SoNcU2iwHMw6dGzsYNQkYFkUjwN1UdAjrWVRnStrZu2,8ivTTid27jZnYNc4w3CTA1Z6QS2twsFb8WMwUabeDJgc,CyXm53PMvHCbeXJBykU46Rcbo28xk5srhMZFg7gv6EYB,2.558988651000009,2.5416228460000045,473.8393155426482,185.16663423164457,0.1895357262170593,182.4925748333615,15.269525071,19.414519245,6370.412169884683
wrmcMSHFi3sWpAEy4rGDvQb3ezh3PhXoV2xNjgLBkKU,8p4mGnARWPBu6P2Gcw4adodLkNDorrXniZMhaY7eJXUn,AyY89zccbsgp9LKFgH4CFZMJmpSgqmPSdTfukhP227rc,0.002349570000000009,0.02286175999999429,0.804217609770126,342.28288996289655,0.0003216870439080504,3197.544285988361,27.05608803,0.09852562,9575.876035253394
moFiBS1R4Lf3E3zzmBPnw3NF4RhWPkhREFviuzUaCAU,44ALBrpqi9PfZkBRTvbtRNtFJGsatfY4QydjtMbFWq8S,2ho8qEEie1UjVwWNBo9y4oAJZMyMLx8zPj9bxyUz6uWs,2615.3455527549995,2618.347256050998,2615.053639547324,0.9998883844594196,1.0460214558189298,1.0,33804.687968384,30599.025833994,64399.940673856254
KZMu9QBEdL97EFgamLbN5DE1AoKBG4HdrKKJo4Vuon3,DD4ACBWyVqdaKWh7v5btsgqQCCMwbKnuL2xd9pv7Gyuw,GcYqiJ1MAuYbNTNYXm1F1gQYTfTgkErACAhNU5dpVj9T,129.2335716399998,132.06434864999972,126.2845520493246,0.9771807003919217,0.05051382081972985,1.0,2174.17697712,919.09533242,3043.659113698113
KysFMBBoavfov2tLpvefWW6tPFt6rAeZWDJVy1mMQae,B8ka2V21TH3x64dFV8ETcjuQcwmrciJ2qzy1mJUttRew,7fSf7EYxBANyxzk2s5pymFgshA91tFYQNKKs5UnLWcYS,116.0492250000002,155.13128299999516,0.0,0.0,0.0,0.02422242855425141,134581.467928,2553.074018,61.84165299472057
SoN9GaFpSXfpyR5dth3x7PHPVhvJMpQqqDJfCSmPv1t,9kZ9iS68ViMPtoeqtnhAKuF2iqVyfHPdZHoUNdwCELr,BBhm5fJLjw3HRzjtKB8uMEYjGhY6EDm9co3cqpjrSzB9,0.33765386699999933,0.3314127420000006,62.98648730071517,186.54158431632976,0.02519459492028607,178.23526413218497,1.508988058,2.473589121,722.3698333896759
JSoLLrxK5bYdHwTEWYaGgmeycBCNXKDiBCTw5hXGBg7,xG4wXczA7Dk4hccJ61CHKpDHW4NrNfQwgmWgkb9BuF2,BVR6WgfhsRr9Lob4QDnkEAiNGgAbv7ZieKcY9kSg3QYR,1.2338304340000619,1.0509190810000106,225.80687345172228,183.01288996386594,0.09032274938068892,156.2968157806018,17.169026983,164.545117231,28860.03112147756
RajgMbScQbqqrdJfR2rxfHJiTiY5b6bJ2tTXiF4aPxy,725ZA3fhyBAKb5iopNRrcbSuQa3LXA1656Q3mBvYPxeg,GLA6i1dSZpUfk2f9Nj8uiG7xyDdAR2reff8oEiZH3617,324042.27983267035,167862.73555426003,324068.7627319608,1.000081726678704,129.6275050927843,1.0,91740.11796627,92137.34397291,183884.95955432532
