0,1,2,3,4,5,6,7,8,9,10,11
BSCuChvaSj9b5HUSqgDVRzcnr2sSn7cXaamt1jbKH6hn,GnKpRj5kBVPMJfiwZtEuD9GYApLzPdW5JFuZTcyX4BTc,3dmwD9okkomV9nDwyuh4UMhKdUR13QpuKxRo89ycZB5t,1173.596546726,1175.7760025540003,1171.6482269491848,0.998339872605922,0.468659290779674,0.9984952676316792,1682.681584715,1429.791989627,3107.5286542609465
SoN9GaFpSXfpyR5dth3x7PHPVhvJMpQqqDJfCSmPv1t,9kZ9iS68ViMPtoeqtnhAKuF2iqVyfHPdZHoUNdwCELr,BBhm5fJLjw3HRzjtKB8uMEYjGhY6EDm9co3cqpjrSzB9,0.3667837499999991,0.3601569250000005,64.2069287737157,175.05390785092268,0.02568277150948628,171.99436408867754,1.584354194,2.396613763,689.5514532130564
MARpDPs5A7XiyCWPNH8GsMWPLxmwNn9SBmKvPa9LzgA,6YjT74rmcfCpw8LSjPNx5JTmZoYLGrTKnf9arfSgZ4SR,F8GSmi3vA8M8TsybLya1LQ4n1aFHCRbZ6k437PeTdXtg,27564.61765599995,28906.060763000278,26191.601521062796,0.9501891826662688,10.47664060842512,1.0,296877.038453,15248.001394,297337.3519140386
DFWzVTzNBrQZLjoQ4yQwkj9HuoXmfkuZP9V5vbymZe23,DhgiEgiNdqZdRdo195UUHnoEJUtefK8buko8nU97XJUZ,2K2kkXsouBHtWVjtcgkyiXd8eP3oVBvq1bTJzcVdLLr2,0.0011542869979166426,0.0011542869979166426,0.0011356398249249302,0.983845288887973,4.542559299699721e-07,0.9999455209681267,45452.130483581,22563.55363222,67280.1888378551
GokA1R67GqSavkd15zR62QD68Tuc5AEfvjssntVDEbM8,3YB7hfpBdbQEuZqLGWVDpRPmeZWCUsrrWyqGXegnQ6Cg,4DPCj6Z1DsG6HUtwSogBGqXEUxdEV5a8YVrrFtcnz7UW,11402.929924999997,11401.599348999998,11403.46588789673,1.000047002209104,1.140346588789673,1.0,15633.16088,16764.783759,32398.679432096636
2jQoGQRixdcfuRPt9Zui7pk6ivnrQv79mf8h13Tyoa9K,,,5.924799999999981e-05,7.047299999999972e-05,0.0,0.0,0.0,1.0,15633.16088,16764.783759,16764.783759
SEQV6QiTpvTzrceiaYg9Avnwf7oc8ZALpnQMz6TyT4A,3dFMPj4r9mMmPHF32mz1gNDX7f8ftidWof7S8YiYTs1j,Fc1ED3YPeQfXQosHbd8DTaBd2AV5gHQtwiSAL5C5pUhi,927.3317002150006,926.938092692,927.1189477402302,0.9997705756476122,0.37084757909609206,0.9995023677611391,2398.752645309,3227.996594122,5624.592551986643
BkwbeSfcX1h4thMDd7obGkHrPevf3QwgzJ4pCEqG18Lu,35yX27bmurdebhfAb8EPmjLETDiUaEUCn9zHaDPbakH2,2CxECn1ZJFoESyUnQysQU8rRgT3iJ5GRs2Mdd6gZjx5g,0.020068019999999298,0.02331702000000213,42.30813990259798,2108.236881496005,0.01692325596103919,1342.2818791946308,0.84291817,22.02806084,31344.938073405974
BSC8REUo9LpiiWUuqMuLXs2D2yJsJfGd4HdiF3wCLxk5,AZjEH1zWVx1UJ6udMyRijGTzPteuLnaY18yNNmprJEsh,Caf8ypkSVR8xYnXNhjvfvdGCC7mrM3C11rz8Xi6NA6aK,1384.190064501,1383.6474030040004,1384.5094583724615,1.0002307442306173,0.5538037833489846,0.9999455209681267,3144.604205129,3209.922130148,6355.077061104869
AUSejoEUCh2DBs9mof6BNC8Pubs22w4cJa1ccV9h44R,4xkyD7AfGQDwsQMy9MosRRNGoVJ1zosNinesxg1TzHG7,Cbm5gsQe3nSiCsFrvepVzMCD9xLK3ri9g3ypS2hdmVJ7,728.3401610000001,728.0511330000027,728.9196521234383,1.0007956325278597,0.07289196521234383,1.0,14119.551539,14757.518611,28888.30412448322
MATSnbbiTCv7Dc3trJrkrqjx7ckKdr6fwPoVwv9q3sD,631WX9JizSHJm4w6VanZeJAst9T8DeUUnPLesdGkCVtK,211maUSfpnXbPuW1iBu8b4dtJv5EbN1j7JJiEX5TZKEP,201.89028600000165,201.652519999996,202.08853485269216,1.0009819633060033,0.08083541394107686,0.9998300288950879,19774.173973,25780.146472,45569.356078267374
ercAoEmXjQzEvAFbdjAo81KtMxRGn9AW1ju882upmPH,CMRhskR2Eg6V42RTSdRTXGdozyPbWB8U9dVpijPWb9T4,7TKLLgrWswt6ZJ1pXhVR3FyufHGjJFqiEXxvWJfDcgRm,0.4054548689999251,0.4036946839999018,59.43544394422108,146.58954297631595,0.023774177577688432,144.24109495146072,314.467745138,800.168841501,161514.9128847181
MATgk4zXLXtYkwBH678J1xZbRDZ45LicNzkRBHkxTuY,y8dALFo1bJrSzPYjMX14HJX448pXqYmrfXHD1K8MXih,GN7Yuet3UyiWS5YVkEHv6oQKi4HGBJc3XDPt9zQhAqZz,17.67521299999953,17.668768,17.69556289733146,1.001151324022626,0.007078225158932585,1.0,3586.937354,4473.910436,8064.977517143315
SAMyS8Jr2HJrkFwYVKbpUwsNStnQmvz3f8Tup8bWUWF,6jPzm5TFfquvgm25sTyN3MMGBfufRaFHMxobDWv6hMFW,Cj9ECoDmxsHTDzCY5ZA6RWrPbg9uFzEC1Qc2kso2vJG6,1442.8295192000078,28.60741586000006,1402.8993423494585,0.9723250901654071,0.5611597369397835,0.019138721549477024,454.07160563,110231.2689839,2551.190778014106
ALLwa5WNZbvQsRKAqe1jdRGemdYQnW8E5k4msbRFcYtu,CGoM82Hbz7QVqTgvQatYtjvDWBvoUJp5qm21P8iMs9yb,3dxNNww8TivyN5FMy5dCNdi3Zcxv6e4kUfSPxfFwpdNq,2.827721067999997,2.8037966400000003,8843.537351055504,3127.443315089914,3.537414940422201,3082.671072831187,0.872079701,7.784863078,26725.55204762022
HEDSDjj84KS7LKhZY7ejkCACTdPen62rKhCby1wXtgxc,EnnjMSFttpCTywBrYNt1J5QQeoSVkvzPipJDa8Y7kJow,6bjVT6JN2rSvpyn9PdfLYC8wJn4LWh49jpY47fnLDXZk,5.839050332000625,5.934277340003973,5.655581804769382,0.9685790467970875,0.002262232721907753,0.9999455209681267,39109.391500344,9059.519783896,46939.56337024624
moFiBS1R4Lf3E3zzmBPnw3NF4RhWPkhREFviuzUaCAU,44ALBrpqi9PfZkBRTvbtRNtFJGsatfY4QydjtMbFWq8S,2ho8qEEie1UjVwWNBo9y4oAJZMyMLx8zPj9bxyUz6uWs,26.006302488000074,26.009984647000238,26.001204379854904,0.9998039664366928,0.010400481751941963,0.9999455209681267,33944.040758598,30457.595638246,64393.32292525748
heyk4SZTeCUV6a65WiVA5bzic3KcxgVf1qxobfeV4tQ,9ZDpBKPqMABtGfq66FbVribaArMvtk63xxy91onZAtDt,DaTP4s6N7xxSPinbNZ3FB52EpRDRt87QShTuN3VPCW52,55.63238714700026,48.4330633400001,9395.386805815375,168.88340205480435,3.75815472232615,146.68238906300903,628.470953515,4470.441402703,761873.3378369053
RoBgmK8CvjdHvPrqdDyVw54VwjZv2TqJ493xnqJAQHx,ExiHJxM7qPAcy27NDHAF6G7vnW7muNHi2sVJpnaNynGQ,6rkPHSqZb7StM4HwS9EuVrmfkV7tRdc7dnsFhyB6cefE,2.7160480000000042,14.857974000000556,0.0,0.0,0.0,0.9500655070167088,6328.125857,17.929458,17.034159605304787
C98Sspw7XqnMsgxea3SLQVdbMDL8pKUc3RE82UvX9eq2,CSqgQJurPCzGxb4Cgwx5R61hWQUiaoUHcShNc8r1cKEL,6S2CR5EnukPhC914XkAns8m5GixjMAoUuZMsS5ubHuWc,56.24449900000002,56.27259600000002,0.0,0.0,0.0,1.0,904.863297,858.75742,858.75742
JSoLLrxK5bYdHwTEWYaGgmeycBCNXKDiBCTw5hXGBg7,xG4wXczA7Dk4hccJ61CHKpDHW4NrNfQwgmWgkb9BuF2,BVR6WgfhsRr9Lob4QDnkEAiNGgAbv7ZieKcY9kSg3QYR,0.8291140829999613,0.7095453469999846,143.11390316474012,172.6106287411196,0.057245561265896056,146.80683391684155,16.978293045,163.992569998,27005.863824740827
KysFMBBoavfov2tLpvefWW6tPFt6rAeZWDJVy1mMQae,B8ka2V21TH3x64dFV8ETcjuQcwmrciJ2qzy1mJUttRew,7fSf7EYxBANyxzk2s5pymFgshA91tFYQNKKs5UnLWcYS,13.0506519999999,17.304441999993287,0.0,0.0,0.0,0.019138721549477024,134451.676289,2649.976067,50.71715405909127
parEAJhzYzHW87y9VoZAQ22dzQ2MD2ekEtTReaxbMcz,3oyc6hpjYSJEquK6dSvG72NXyz3pqLZz5D8AC71pwgQb,Di2vordgFJVZ1aj1aBpvzXtLfZgJsuLLXawGtVFwX6Rz,9.885615410999947,11.620075617000339,1419.5393728568151,143.5964594856949,0.567815749142726,168.13939966836185,1101.547329168,141.40539693,181954.11497412476
wrmcMSHFi3sWpAEy4rGDvQb3ezh3PhXoV2xNjgLBkKU,8p4mGnARWPBu6P2Gcw4adodLkNDorrXniZMhaY7eJXUn,AyY89zccbsgp9LKFgH4CFZMJmpSgqmPSdTfukhP227rc,0.005035259999998737,0.013455629999996499,1.6102526383110767,319.79533098816756,0.0006441010553244307,3124.414172342686,27.07852566,0.09618014,8960.092668625193
B2izdXFYb2sNwbWWHmh75T4aQFtfXsUxem9u2p61HGzf,4DYwgJtxwuJdAjkj5RJSNH4e7U329V5cNp7d3a1nLrZv,EXNW64GEf1ACC6xY9BtKRiunrs6GoJSXBdxWN2eTPmrF,7097.195090000005,7026.959128,7170.2817721030515,1.0102979671794603,0.7170281772103052,1.0,10465.64789,29466.88105,40040.30383848301
Cob4usZcpHEY7Qt4ZCwj6WVg9S44zvzYV2v9qYF65dTf,NhFM9UXE48PyNAyeyPYA3iXztqKVJwA4bTdLj4ysM8w,6TuFuynuBoeskxyR2cz4wxyidk8dpDK7kAWw3UkjQGx,184.47919800000935,2022.8689390000095,1.5486318821291374,0.008394615213629988,0.000619452752851655,1.0,71862.641899,180.0784,783.3376269769892
WiiQFxXqp8P9Fs1rt9SVcDyA3KUdJmUsog6wnVQAwba,3S2jpqSYxho6wiz3cafhjXruVY8cg4HYa2v3BqBHYFSj,Dfe67M6TfrG74gKRtdqys4e6E9QirPD53BkF4FujFjuv,9715.476298958996,9727.444213477993,9707.359994682163,0.9991646004758714,0.9707359994682164,0.9999455209681267,17256.449472651,9557.708783414,26799.22153166595
daob129AwBGn9Y5r91uLoWZeYiGzbPmksauMhFZKTze,6VW5GQNyj4LStgmxEHLr5zUfW92vQnmbw8jTnCH7a38F,4VPCCUifPeBA1c7HWK358CHn2nyjm8pdTRk6Ps3KmnMQ,20.55933667000005,18.37035348799997,3376.5776968862137,164.23573148706095,1.3506310787544855,146.84794556052964,48.142842486,224.23899912,40835.81128687598
BSCrK1Nx9PXU9mF7STWWBqeHLxmtJDr9h7jheEy4tAWX,FfSySSbVJPvEo5a5AvrP3nySoXpRE2QPn1uUMpJJ1x7v,HL7Vcj6838ZmvBHDbQxXfjBNckNi83WvPiZQoMQLFeRM,0.012273549000000106,0.012260025000000008,38.441454026102896,3132.056915738273,0.015376581610441158,3124.9999999999995,0.830047351,0.974241626,5644.260627339783
STK75uPSyBnEhGTTzb1nwmP3n427XoXmfRhXxxhyady,6TYyD5fUmDe6N65avW1Ny2RxzRNobw2RRgKwH9CTzSAU,54zDfk4cx2vGrEajPtodWpArNe5eUurytyxd4X3aZAxK,511.82442657599955,575.9002928250004,75101.61661441982,146.73316222290177,7.510161661441982,165.27491416034147,1831.616569994,322.738764567,322099.5129051101
BSCNHw8CmxbZ8hCWWzMf5FaG2ajPT6JxfznKUNuRVrn4,7n9kgNL633yGzCYksgnzHyjG73ZLBAwvEae5sbAekbzW,SscdxE99omdG9AiMVwmaEMQySQnCgeAh1sPj2Leutm2,502.1872698690004,502.0183159249991,502.76773382010185,1.00115587149641,0.20110709352804076,0.9999455209681267,5494.519920333,6203.359653256,11703.892579523099
FrnkTEL6yZ5Aycq2TrEgu29dCrwKG4LPUZydfiwqspkc,DjvZuMZ46fxKBoBpGMPcRcos4xdTtHFxwMh69DpA2ZFY,9rvDPJLAng4uVVqnnSoEXgNDFhBZQTny9AoQioYDZbQX,59.75471042700062,50.329338437000075,10491.8250854776,175.5815568430366,4.19673003419104,146.60884218452452,173.232114871,1438.285730097,241281.7700443066
ACUSESXyNnwRLAg1dpSGMLSzUDdLjUMybY8rkXiAKhCP,AhFPQdu8GKBsxuhiH46UmCu1YpaLgNpoP325HnYtsgas,A8wxWpT3aFEr2XqZp1kDmbxbFfcBE95UUmdsNTDBJYbT,0.06079791100000875,0.06159438499980752,0.06079459878867755,0.9999455209681267,2.4317839515471024e-05,0.9878247907654725,1044.551691297,1841.390268127,2863.4657414622475
C2ypsDADXcCRz8HbV2zX1AXPSja7a1P3xZtRC91xGhJh,J9bYNuDpY1d1T86gLaw7DGk5D3CsUAf2tzUwxMvb6FTv,A2NGvvPrMGzsJ4jb52KEnSBVmsA7C34dV1GC7PerdgvG,67.78748133300013,68.15601303599965,9933.663891321494,146.5412742291343,3.9734655565285983,147.2997235626088,933.793306353,579.71898693,222231.70749838962
KEnkcdADoLR5jS2CLLLesy8TtFsyWL37BhXNfDMzWzP,3qsjFRuw1qeLMPo4DLwaQevenGAGBj9dA3Q6rb8ax2YR,77iEv8zPQAEyCcEbvBRSB6AFcUdfkhiqnAKtPxk76rNN,1.1964010000000087,0.010004999999999986,0.010043326036202204,0.008394615213629988,4.017330414480882e-06,0.9926819486743725,118.738085,0.302104,1.2966537222006131
KZMu9QBEdL97EFgamLbN5DE1AoKBG4HdrKKJo4Vuon3,DD4ACBWyVqdaKWh7v5btsgqQCCMwbKnuL2xd9pv7Gyuw,GcYqiJ1MAuYbNTNYXm1F1gQYTfTgkErACAhNU5dpVj9T,27.856134939999947,28.577216400000907,27.085218917195196,0.9723250901654071,0.010834087566878078,1.0,2260.13361946,835.23436687,3032.8189921973126
KwnjUuZhTMTSGAaavkLEmSyfobY16JNH4poL9oeeEvE,J63v6qEZmQpDqCD8bd4PXu2Pq5ZbyXrFcSa3Xt1HdAPQ,BnKQtTdLw9qPCDgZkWX3sURkBAoKCUYL1yahh6Mw7mRK,147.59390799999971,7712.080398000486,2.7859426254093007,0.018875729108069325,0.0002785942625409301,1.0,278889.800903,547.829885,5812.078217848416
TETFuZgEmET6d9vYmz9iMFCxK1jKdKYxf3oPz8hSzJK,Eu1Ze6Z84LWNkq7SNoAHBJbXx5t1P95EwyqYohrfCRFV,ASMbv7WNu3qe4pkhREmvyEdwFNDZQ6B6iSrjkj4u8bdC,4.372366757000009,4.348259269000003,4.388719278637386,1.003739970260088,0.0017554877114549546,0.999445396755441,54.044059609,298.708030846,352.78854918758907
YAkoNb6HKmSxQN9L8hiBE5tPJRsniSSMzND1boHmZxe,CfWX7o2TswwbxusJ4hCaPobu2jLCb1hfXuXJQjVq3jQF,EnTrdMMpdhugeH6Ban6gYZWXughWxKtVGfCwFn78ZmY3,6295671.058234037,6296504.623921947,6295671.058234037,1.0,629.5671058234037,0.9998840134544393,819954.425609,623634.500789,1443516.593186561
Lee1XZJfJ9Hm2K1qTyeCz1LXNc1YBZaKZszvNY4KCDw,9DgFSWkPDGijNKcLGbr3p5xoJbHsPgXUTr6QvGBJ5vGN,2hNHZg7XBhuhHVZ3JDEi4buq2fPQwuWBdQ9xkH7t1GQX,9804.220682069103,8678.595764775984,1701355.1502524647,173.53293091046655,170.1355150252465,146.5665968569966,6906.494065046,54985.40617831,9257528.017777747
BUSDTd9WiT6uBHJRgNvFXBsA7JrifsAtWzKfioN7ERcy,DyBxrn7gSc1EwnpWhDyhzvMHPtxpmBqRqotapLcKcfTM,Cds99GeBgoCpqBsoRWu1C6fF9LiUMd4pXQQD24s9LPff,616.2064849400002,616.9944899899999,614.4275635366707,0.9971131082732719,0.06144275635366708,0.9992625442423493,160.66891897,103.43404192,263.56284908733215
vEnkoSUkpnbRrPgBz9DfcVxNz67zjwMYBZraAvDDNSf,DtfyjjsZ5yCjWKLKHvwsfXs5QVsmm1QkK6Sh9JZHoq1g,e5wrKCRv4GhHvEf1VD5Pq2KGaZDXP77nTL612Jyrxwy,898.9021740000002,899.2767909999998,898.7215309722749,0.9997990403928811,0.0898721530972275,0.9988343603015282,1080.801469,865.845154,1945.4201620771844
BUSDgu5JdqP1rndBvXvanbEufS94FNh1w5FJcAj6vawb,Bgzr8cWubt89JQFXndVjtdKmDbGzuPxNhvjH1EhWCwbo,Dxaf8xPBBQsasRKW5Aa4Sw2YrbfGofY9xZueyyF23FBW,4349.433951230006,4341.132859810003,4356.695211572181,1.0016694724931094,1.7426780846288723,1.0,6819.29820093,8234.34950727,15065.032338968766
SoNcU2iwHMw6dGzsYNQkYFkUjwN1UdAjrWVRnStrZu2,8ivTTid27jZnYNc4w3CTA1Z6QS2twsFb8WMwUabeDJgc,CyXm53PMvHCbeXJBykU46Rcbo28xk5srhMZFg7gv6EYB,1.9937913600000066,1.9817374110000028,343.72062553356517,172.3954835141647,0.13748825021342606,171.66748351777574,16.15950881,18.516148134,5964.446889257493
ALBpShJ9NLpE739pcHDF2LNVk5J4VYPvvKuV6jMPitZi,D6d156U1bPiJpDYRLextvDRccgFk7QzkQbJg42ceKEu5,GNcM8U5g8RwTZffwwm3kSQqUNPSwv5d2fbN9sLxPJqt2,2725.5104659999997,2721.2691140000024,2729.055509106329,1.001300689595785,1.0916222036425318,0.9993703966501105,44516.386173,55792.422991,100331.58406792358
SUiuyGR7SFq3xeRVJonq84fjjeFwRSsFekcevJ53tzy,49GjCCPsv7fBqo6t3iKDrP1xxGDS8uWZbVCdfnp2gjMf,CEwj5xEbbJEjYqM8D6Ai8ByGz1mrh8mkAVsE5fzDSSSx,4.819118999999919,8.36649600000006,0.04043996928786401,0.008391568933629714,1.6175987715145604e-05,0.9468818234671403,638.714131,1.724721,6.992920624621969
RajgMbScQbqqrdJfR2rxfHJiTiY5b6bJ2tTXiF4aPxy,725ZA3fhyBAKb5iopNRrcbSuQa3LXA1656Q3mBvYPxeg,GLA6i1dSZpUfk2f9Nj8uiG7xyDdAR2reff8oEiZH3617,7117.214399050004,7110.954385719997,7122.905529338891,1.0007996288954912,2.8491622117355564,1.0,65385.5961763,116046.43597667,181484.3163650215
CZgvH45CRmoaNJ7395Ao5CQZXkGznvqU7cErD6n7FaRg,4ZjU6MKvtqVQKCiowhvZ5yUsPxXX5SCzd5eFsPeXyey5,BsyWeshjDbCvjDojry3vKDCesmFRM37WtwcR4Kfgzqr,2.2812843499999644,2.2088439600000243,2.357449536872089,1.0333869764512809,0.0009429798147488355,1.0,206.08591301,599.35162227,812.3181208046055
Dg3mAgpwDfVNnbGWcsxL8sUcSkEbjSJQhKAWNigG44Ju,EATxwd8YA2wV93VJcKMmH2Kn2Y9XfJVUB9hHVu3udwEy,GiGvrRi7NMHfHKanG2B8xyCEqe8jaafWins8bhrLVEaa,0.005728242999999966,0.005609463999999981,0.9963372938727624,173.93418782561568,0.0003985349175491049,173.36493891746426,0.176029945,0.283912918,79.83817120351183
Lid8SLUxQ9RmF7XMqUA8c24RitTwzja8VSKngJxRcUa,4PgzyzLtds9bKZ2to9PMnKqJzKEUpjvNUaeN23phegax,AtymwxoVN9peZo7EXTcDz9jKVc4vRmisJKKrNfe3ewBa,54.54914194198136,46.182436362999056,9443.838649605286,173.1253382436296,0.9443838649605287,146.5646205610523,972.903781789,7669.595931333,1292525.7138331388
KEN5P7p3asnb23Sw6yAmJRGvijfAzso3RqfyLAQhznt,9zj4aX38Uxf3h6AUjS4EipWS8mwbEofasHAf3a1uKGds,CwQDG1MWunn9cLNwcZLd8YBacweSR7ARo32w4mLua1Yr,153541.2288529988,153574.275755001,153503.1600693016,0.9997520614887507,15.350316006930163,1.0,1155016.051128,1084346.995138,2239076.673305814
Sid7E679i9ABqptiAVhkmQ27YHN8vaYT4fppPwmxFsJ,GP7KB8o1bv527HG8kTzzzf4wJ5aEGHvcMQvVhLziUfmT,9gYxhAZ1M9wu5pxr8SBoa5NDm21gi3s9vMHaYTME77sa,960.7322529999983,2193.7142369999783,8.061494112319654,0.008390989359570994,0.0032245976449278616,0.019095417241168207,129067.528096,11316.610285,1299.0996500674366
AURHmCnNwiW4uA2Qj1XvEh4iKgRUZYXtiY7FKAapUV5Y,BKWm4TRnTeKwfWXRyuzjRHU7iZDkPuXBX5b5V5jSVfGJ,A5Ww74HVrkj9nPeC7pHKLfgeDMEhBCpW1efQdz3TGLEg,0.009420180000233813,0.008406822999972974,1.4741495908114057,156.48847376322072,0.0005896598363245623,146.4844107627956,289.929235065,1809.454891737,310427.51711261243
