0,1,2,3,4,5,6,7,8,9,10,11
SoN9GaFpSXfpyR5dth3x7PHPVhvJMpQqqDJfCSmPv1t,9kZ9iS68ViMPtoeqtnhAKuF2iqVyfHPdZHoUNdwCELr,BBhm5fJLjw3HRzjtKB8uMEYjGhY6EDm9co3cqpjrSzB9,0.4127709710000005,0.4048625819999998,71.71626075558959,173.74346985168563,0.028686504302235835,171.06131744242117,1.560152641,2.421217835,685.243046015798
RajgMbScQbqqrdJfR2rxfHJiTiY5b6bJ2tTXiF4aPxy,725ZA3fhyBAKb5iopNRrcbSuQa3LXA1656Q3mBvYPxeg,GLA6i1dSZpUfk2f9Nj8uiG7xyDdAR2reff8oEiZH3617,2902.286789689999,2900.4854649400077,2905.6955773996697,1.0011745178738987,1.162278230959868,1.0,65937.45627747,115491.37430954,181506.2753079673
iLiUBQ7Z7im6Ew3b4ewwPcehzWgEQRJ1iQz7g6D62NW,GpugBvKWM3TVhYcZjemSdtehBWgfvuGr6uAm9iPjXT6v,92fMXJ3xy8tEyMUWLHKRLyhPw2nECBo77GtDiBBbYrjX,13.941426395999997,13.685261999999966,13.692151360285857,0.9821198327464067,0.005476860544114343,1.0,1805.840138149,1156.637640324,2930.189054769644
BSCrK1Nx9PXU9mF7STWWBqeHLxmtJDr9h7jheEy4tAWX,FfSySSbVJPvEo5a5AvrP3nySoXpRE2QPn1uUMpJJ1x7v,HL7Vcj6838ZmvBHDbQxXfjBNckNi83WvPiZQoMQLFeRM,0.002994743000000133,0.0029915019999999792,9.3277611140705,3114.7117178569533,0.0037311044456282,3108.2929255253016,0.83008691,0.974198312,5613.575146664961
JSoLLrxK5bYdHwTEWYaGgmeycBCNXKDiBCTw5hXGBg7,xG4wXczA7Dk4hccJ61CHKpDHW4NrNfQwgmWgkb9BuF2,BVR6WgfhsRr9Lob4QDnkEAiNGgAbv7ZieKcY9kSg3QYR,0.7009066959999757,0.5960039119999969,119.66450143539272,170.7281470105928,0.0478658005741571,145.39053132533502,16.997002798,163.97035796,26741.60425784618
C2ypsDADXcCRz8HbV2zX1AXPSja7a1P3xZtRC91xGhJh,J9bYNuDpY1d1T86gLaw7DGk5D3CsUAf2tzUwxMvb6FTv,A2NGvvPrMGzsJ4jb52KEnSBVmsA7C34dV1GC7PerdgvG,56.06342313600021,56.38054394899984,8150.623978381115,145.3822032701982,3.260249591352446,146.19216199494994,509.913074664,303.186554985,118455.78423199132
ALBpShJ9NLpE739pcHDF2LNVk5J4VYPvvKuV6jMPitZi,D6d156U1bPiJpDYRLextvDRccgFk7QzkQbJg42ceKEu5,GNcM8U5g8RwTZffwwm3kSQqUNPSwv5d2fbN9sLxPJqt2,38.225044000006164,38.130897999995796,38.291518075385035,1.0017390189368744,0.015316607230154015,1.0,42012.576135,58299.898822,100385.53562248565
BSCNHw8CmxbZ8hCWWzMf5FaG2ajPT6JxfznKUNuRVrn4,7n9kgNL633yGzCYksgnzHyjG73ZLBAwvEae5sbAekbzW,SscdxE99omdG9AiMVwmaEMQySQnCgeAh1sPj2Leutm2,107.5945458010001,107.43883000400001,107.72265939030905,1.0011907070972343,0.04308906375612362,1.0,5294.901074379,6402.964938696,11704.170689363418
B2izdXFYb2sNwbWWHmh75T4aQFtfXsUxem9u2p61HGzf,4DYwgJtxwuJdAjkj5RJSNH4e7U329V5cNp7d3a1nLrZv,EXNW64GEf1ACC6xY9BtKRiunrs6GoJSXBdxWN2eTPmrF,11794.13046900001,11687.905696000003,11900.737273495988,1.009038971103142,1.1900737273495987,1.0,10540.216439,29391.414974,40026.90412481298
MATgk4zXLXtYkwBH678J1xZbRDZ45LicNzkRBHkxTuY,y8dALFo1bJrSzPYjMX14HJX448pXqYmrfXHD1K8MXih,GN7Yuet3UyiWS5YVkEHv6oQKi4HGBJc3XDPt9zQhAqZz,17.677442999999585,17.66872000000012,17.697795464784086,1.001151324022626,0.007079118185913635,1.0,3586.937354,4473.910436,8064.977517143315
STK75uPSyBnEhGTTzb1nwmP3n427XoXmfRhXxxhyady,6TYyD5fUmDe6N65avW1Ny2RxzRNobw2RRgKwH9CTzSAU,54zDfk4cx2vGrEajPtodWpArNe5eUurytyxd4X3aZAxK,529.5405843569972,595.6596612019962,76920.4354099432,145.25881052789376,7.69204354099432,163.69226901056535,1854.027858757,326.502918847,322759.88507325755
MATSnbbiTCv7Dc3trJrkrqjx7ckKdr6fwPoVwv9q3sD,631WX9JizSHJm4w6VanZeJAst9T8DeUUnPLesdGkCVtK,211maUSfpnXbPuW1iBu8b4dtJv5EbN1j7JJiEX5TZKEP,735.0660040000002,734.312194999995,735.2299602811429,1.000223049740092,0.2940919841124571,1.0000740054764052,19789.457526,25764.829932,45560.60822987135
SRMuKizofcAMicegrfSv7xs9q76tH1w8aAF7oX9FEWu,72Hj2KWntXPfbie4UgKeTPnm1XVkomDfCnRPKbvfTtPi,6aqJQ5wedqpUt4fFEDUqUmXhrdxCu4bEJsQdVPCADLko,1.6142889999973704,1.6077079999995476,0.07387604382130755,0.0457638278037129,2.955041752852302e-05,0.045883165127179416,16958.427081,4932.720622,1002.4113715821749
KysFMBBoavfov2tLpvefWW6tPFt6rAeZWDJVy1mMQae,B8ka2V21TH3x64dFV8ETcjuQcwmrciJ2qzy1mJUttRew,7fSf7EYxBANyxzk2s5pymFgshA91tFYQNKKs5UnLWcYS,11.264979999999923,14.936592999991262,0.0,0.0,0.0,0.019997227584367703,134454.044138,2648.190395,52.956466015551605
KwnjUuZhTMTSGAaavkLEmSyfobY16JNH4poL9oeeEvE,J63v6qEZmQpDqCD8bd4PXu2Pq5ZbyXrFcSa3Xt1HdAPQ,BnKQtTdLw9qPCDgZkWX3sURkBAoKCUYL1yahh6Mw7mRK,58.92736400000081,3019.8430380002246,1.1734828331974725,0.01991405611147745,0.00011734828331974725,1.0,278187.414621,561.537215,6101.376999269437
BUSD5rCfUDpCxKGMvYU2yThChxgHoioK74PTPociGnv2,CcFHbafgYDZ8yA8Me1PdtDiVb2eeaS61LbqyKKK5CsNZ,26R9s4nmF3CFDTkiePDwRmtscn8i7r2eygbSijditJ58,34.5708803,34.40940700000001,34.57487577264429,1.000115573355657,0.003457487577264429,1.0,76.69355107,71.18690082,147.88931562105444
vEnkoSUkpnbRrPgBz9DfcVxNz67zjwMYBZraAvDDNSf,DtfyjjsZ5yCjWKLKHvwsfXs5QVsmm1QkK6Sh9JZHoq1g,e5wrKCRv4GhHvEf1VD5Pq2KGaZDXP77nTL612Jyrxwy,650.4737510000003,650.576127,650.127233184713,0.9994672839376614,0.0650127233184713,0.9967366840962688,1091.790087,854.796543,1943.2155447307268
Sid7E679i9ABqptiAVhkmQ27YHN8vaYT4fppPwmxFsJ,GP7KB8o1bv527HG8kTzzzf4wJ5aEGHvcMQvVhLziUfmT,9gYxhAZ1M9wu5pxr8SBoa5NDm21gi3s9vMHaYTME77sa,621.071592000002,1117.0159379999805,5.372244893432977,0.008649960749505605,0.002148897957373191,0.01990896149541147,129354.851181,11191.399225,1341.7235217240916
BUSDgu5JdqP1rndBvXvanbEufS94FNh1w5FJcAj6vawb,Bgzr8cWubt89JQFXndVjtdKmDbGzuPxNhvjH1EhWCwbo,Dxaf8xPBBQsasRKW5Aa4Sw2YrbfGofY9xZueyyF23FBW,7883.685752850007,7869.586297160006,7899.5471746264675,1.0020119297335928,3.159818869850587,1.0,6540.29394594,8513.1976182,15066.650175996274
AUSejoEUCh2DBs9mof6BNC8Pubs22w4cJa1ccV9h44R,4xkyD7AfGQDwsQMy9MosRRNGoVJ1zosNinesxg1TzHG7,Cbm5gsQe3nSiCsFrvepVzMCD9xLK3ri9g3ypS2hdmVJ7,2826.4264539999986,2828.741058999998,2827.1869672942007,1.0002690723804704,0.2827186967294201,1.0,14376.797225,14500.113519,28880.77914305287
WiiQFxXqp8P9Fs1rt9SVcDyA3KUdJmUsog6wnVQAwba,3S2jpqSYxho6wiz3cafhjXruVY8cg4HYa2v3BqBHYFSj,Dfe67M6TfrG74gKRtdqys4e6E9QirPD53BkF4FujFjuv,13809.757936583002,13842.834342121998,13781.125182195583,0.9979266287998018,1.3781125182195582,1.0,20687.109718073,6130.921479159,26775.13913972721
ACUSESXyNnwRLAg1dpSGMLSzUDdLjUMybY8rkXiAKhCP,AhFPQdu8GKBsxuhiH46UmCu1YpaLgNpoP325HnYtsgas,A8wxWpT3aFEr2XqZp1kDmbxbFfcBE95UUmdsNTDBJYbT,0.06079791100000875,0.06159438499980752,0.06079791100000875,1.0,2.4319164400003504e-05,0.9878786089470295,1044.551691297,1841.390268127,2863.6217479028983
SoNcU2iwHMw6dGzsYNQkYFkUjwN1UdAjrWVRnStrZu2,8ivTTid27jZnYNc4w3CTA1Z6QS2twsFb8WMwUabeDJgc,CyXm53PMvHCbeXJBykU46Rcbo28xk5srhMZFg7gv6EYB,2.263133312000001,2.2479325200000027,388.2167648644557,171.53950357496905,0.15528670594578228,170.36425240077304,15.9344875,18.742080507,5926.374609481706
ALLwa5WNZbvQsRKAqe1jdRGemdYQnW8E5k4msbRFcYtu,CGoM82Hbz7QVqTgvQatYtjvDWBvoUJp5qm21P8iMs9yb,3dxNNww8TivyN5FMy5dCNdi3Zcxv6e4kUfSPxfFwpdNq,3.5231994569999987,3.4853185160000004,10936.518568989597,3104.144032283098,4.37460742759584,3062.5995344848707,0.871589539,7.785338001,26548.9120037572
BSCuChvaSj9b5HUSqgDVRzcnr2sSn7cXaamt1jbKH6hn,GnKpRj5kBVPMJfiwZtEuD9GYApLzPdW5JFuZTcyX4BTc,3dmwD9okkomV9nDwyuh4UMhKdUR13QpuKxRo89ycZB5t,385.58277964599984,385.461516867,385.33745725120303,0.9993637620564331,0.15413498290048122,0.9986139238736634,1610.17969166,1501.808198044,3108.8818117985593
AURHmCnNwiW4uA2Qj1XvEh4iKgRUZYXtiY7FKAapUV5Y,BKWm4TRnTeKwfWXRyuzjRHU7iZDkPuXBX5b5V5jSVfGJ,A5Ww74HVrkj9nPeC7pHKLfgeDMEhBCpW1efQdz3TGLEg,0.009928355000283773,0.008860170999923866,1.6130874752304185,162.47278377780742,0.0006452349900921675,144.23759971325566,289.928692907,1809.455499197,308097.0398257875
MARpDPs5A7XiyCWPNH8GsMWPLxmwNn9SBmKvPa9LzgA,6YjT74rmcfCpw8LSjPNx5JTmZoYLGrTKnf9arfSgZ4SR,F8GSmi3vA8M8TsybLya1LQ4n1aFHCRbZ6k437PeTdXtg,29314.263166999983,30709.029917000444,27967.72889177651,0.9540655595689913,11.187091556710604,1.0,296103.44698,15981.11468,298483.2155132809
parEAJhzYzHW87y9VoZAQ22dzQ2MD2ekEtTReaxbMcz,3oyc6hpjYSJEquK6dSvG72NXyz3pqLZz5D8AC71pwgQb,Di2vordgFJVZ1aj1aBpvzXtLfZgJsuLLXawGtVFwX6Rz,10.078921783000027,11.871532204000005,1430.0501256393743,141.885229038231,0.5720200502557498,163.93292127154243,1100.67984384,142.140788499,179471.76643148428
KEnkcdADoLR5jS2CLLLesy8TtFsyWL37BhXNfDMzWzP,3qsjFRuw1qeLMPo4DLwaQevenGAGBj9dA3Q6rb8ax2YR,77iEv8zPQAEyCcEbvBRSB6AFcUdfkhiqnAKtPxk76rNN,1.1964010000000087,0.010004999999999986,0.01034882169066933,0.008649960749505605,4.139528676267732e-06,1.0003981584670698,118.738085,0.302104,1.3293040599869959
BSC8REUo9LpiiWUuqMuLXs2D2yJsJfGd4HdiF3wCLxk5,AZjEH1zWVx1UJ6udMyRijGTzPteuLnaY18yNNmprJEsh,Caf8ypkSVR8xYnXNhjvfvdGCC7mrM3C11rz8Xi6NA6aK,296.1045877710003,295.90908699400006,296.9847400622214,1.0029724371981086,0.11879389602488857,1.0,2461.005798759,3894.101493849,6362.422477788992
Cob4usZcpHEY7Qt4ZCwj6WVg9S44zvzYV2v9qYF65dTf,NhFM9UXE48PyNAyeyPYA3iXztqKVJwA4bTdLj4ysM8w,6TuFuynuBoeskxyR2cz4wxyidk8dpDK7kAWw3UkjQGx,10.295108000000027,1214.395309000014,0.08905228011192139,0.008649960749505605,3.562091204476856e-05,1.0,71571.302678,182.554823,801.6437819556854
wrmcMSHFi3sWpAEy4rGDvQb3ezh3PhXoV2xNjgLBkKU,8p4mGnARWPBu6P2Gcw4adodLkNDorrXniZMhaY7eJXUn,AyY89zccbsgp9LKFgH4CFZMJmpSgqmPSdTfukhP227rc,0.0018842300000000284,0.018603349999999352,0.5985958224128436,317.68723691525696,0.00023943832896513746,3106.168851338759,27.08026064,0.09600288,8901.254333161402
DFWzVTzNBrQZLjoQ4yQwkj9HuoXmfkuZP9V5vbymZe23,DhgiEgiNdqZdRdo195UUHnoEJUtefK8buko8nU97XJUZ,2K2kkXsouBHtWVjtcgkyiXd8eP3oVBvq1bTJzcVdLLr2,0.0011542869979166426,0.0011542869979166426,0.0011357016962102438,0.9838988901894042,4.5428067848409753e-07,1.0,45452.130483581,22563.55363222,67283.85437175934
C98Sspw7XqnMsgxea3SLQVdbMDL8pKUc3RE82UvX9eq2,CSqgQJurPCzGxb4Cgwx5R61hWQUiaoUHcShNc8r1cKEL,6S2CR5EnukPhC914XkAns8m5GixjMAoUuZMsS5ubHuWc,38.49471700000004,38.503381000000104,0.0,0.0,0.0,1.0,898.950568,864.665113,864.665113
heyk4SZTeCUV6a65WiVA5bzic3KcxgVf1qxobfeV4tQ,9ZDpBKPqMABtGfq66FbVribaArMvtk63xxy91onZAtDt,DaTP4s6N7xxSPinbNZ3FB52EpRDRt87QShTuN3VPCW52,66.4759415719991,57.786182403000225,11078.714266048552,166.65750050413894,4.431485706419421,145.07658665547837,632.815998867,4465.432138328,753293.1852205044
FrnkTEL6yZ5Aycq2TrEgu29dCrwKG4LPUZydfiwqspkc,DjvZuMZ46fxKBoBpGMPcRcos4xdTtHFxwMh69DpA2ZFY,9rvDPJLAng4uVVqnnSoEXgNDFhBZQTny9AoQioYDZbQX,60.70863043300352,51.120794166000024,10540.6297283723,173.6265445817406,4.21625189134892,145.1735106540662,173.166727037,1438.363397083,238878.60440281156
BUSDTd9WiT6uBHJRgNvFXBsA7JrifsAtWzKfioN7ERcy,DyBxrn7gSc1EwnpWhDyhzvMHPtxpmBqRqotapLcKcfTM,Cds99GeBgoCpqBsoRWu1C6fF9LiUMd4pXQQD24s9LPff,1088.74068187,1091.3927970100003,1090.3952803803074,1.0015197360931398,0.10903952803803074,0.9999520023038894,122.44429699,141.61490839,264.2384912081972
KEVpg4SYCVrqFxKijQH6hm4QxsRdoE51ud64bEEFUC9,2bPenuBYfqzD8p5dFjCcggwkHDsc2RQDnx9AoyYGUBjA,AE6n6iLuX8oYu61vt5hoDYkjswpnxFxrhSehxrnQTnbx,3951.5007873420004,3950.927134849,3957.8986949613172,1.001619108273953,1.583159477984527,1.0,1909.081703224,5733.749769796,7645.922483001342
SUiuyGR7SFq3xeRVJonq84fjjeFwRSsFekcevJ53tzy,49GjCCPsv7fBqo6t3iKDrP1xxGDS8uWZbVCdfnp2gjMf,CEwj5xEbbJEjYqM8D6Ai8ByGz1mrh8mkAVsE5fzDSSSx,4.9140000000000255,9.092998999999907,0.042505907123070764,0.008649960749505605,1.700236284922831e-05,0.9520599721617664,642.730267,1.688265,7.166921110970942
GokA1R67GqSavkd15zR62QD68Tuc5AEfvjssntVDEbM8,3YB7hfpBdbQEuZqLGWVDpRPmeZWCUsrrWyqGXegnQ6Cg,4DPCj6Z1DsG6HUtwSogBGqXEUxdEV5a8YVrrFtcnz7UW,9086.192172999992,9084.700125000003,9088.93703198365,1.000302091231552,0.9088937031983652,1.0,12809.119418,19588.510342,32401.49928266008
Lid8SLUxQ9RmF7XMqUA8c24RitTwzja8VSKngJxRcUa,4PgzyzLtds9bKZ2to9PMnKqJzKEUpjvNUaeN23phegax,AtymwxoVN9peZo7EXTcDz9jKVc4vRmisJKKrNfe3ewBa,80.35561333499788,68.06885756499992,13784.216405313402,171.54018037106886,1.3784216405313403,145.2288967164037,972.975757591,7669.508263004,1280738.6603472503
BkwbeSfcX1h4thMDd7obGkHrPevf3QwgzJ4pCEqG18Lu,35yX27bmurdebhfAb8EPmjLETDiUaEUCn9zHaDPbakH2,2CxECn1ZJFoESyUnQysQU8rRgT3iJ5GRs2Mdd6gZjx5g,0.020068019999999298,0.02331702000000213,41.692851058523885,2077.576714520184,0.016677140423409554,1322.7513227513227,0.84291817,22.02897683,30890.085402978708
YAkoNb6HKmSxQN9L8hiBE5tPJRsniSSMzND1boHmZxe,CfWX7o2TswwbxusJ4hCaPobu2jLCb1hfXuXJQjVq3jQF,EnTrdMMpdhugeH6Ban6gYZWXughWxKtVGfCwFn78ZmY3,6483696.909017009,6483969.511094999,6483696.909017009,1.0,648.3696909017009,0.9998130349624621,1054765.020343,387984.649103,1442677.1298815163
SAMyS8Jr2HJrkFwYVKbpUwsNStnQmvz3f8Tup8bWUWF,6jPzm5TFfquvgm25sTyN3MMGBfufRaFHMxobDWv6hMFW,Cj9ECoDmxsHTDzCY5ZA6RWrPbg9uFzEC1Qc2kso2vJG6,728.3473091900095,86.42793114999506,708.696618948567,0.9730201649769312,0.28347864757942676,0.019869878784484027,463.23102267,109773.8703201,2631.926623064852
RoBgmK8CvjdHvPrqdDyVw54VwjZv2TqJ493xnqJAQHx,ExiHJxM7qPAcy27NDHAF6G7vnW7muNHi2sVJpnaNynGQ,6rkPHSqZb7StM4HwS9EuVrmfkV7tRdc7dnsFhyB6cefE,2.6788720000000055,12.49012500000035,0.0,0.0,0.0,0.9547450830628221,6325.758008,17.966634,17.153555470689323
KEN5P7p3asnb23Sw6yAmJRGvijfAzso3RqfyLAQhznt,9zj4aX38Uxf3h6AUjS4EipWS8mwbEofasHAf3a1uKGds,CwQDG1MWunn9cLNwcZLd8YBacweSR7ARo32w4mLua1Yr,169962.80509299936,169996.66433400102,169894.67732739105,0.9995991607365445,16.989467732739104,1.0,1155306.033245,1083472.264086,2238315.2053115685
Lee1XZJfJ9Hm2K1qTyeCz1LXNc1YBZaKZszvNY4KCDw,9DgFSWkPDGijNKcLGbr3p5xoJbHsPgXUTr6QvGBJ5vGN,2hNHZg7XBhuhHVZ3JDEi4buq2fPQwuWBdQ9xkH7t1GQX,1399.4478551060383,1181.328308217997,240463.0146724913,171.8270629342392,24.046301467249133,145.19707671821502,6910.450643449,54986.902731526,9171339.972022273
KZMu9QBEdL97EFgamLbN5DE1AoKBG4HdrKKJo4Vuon3,DD4ACBWyVqdaKWh7v5btsgqQCCMwbKnuL2xd9pv7Gyuw,GcYqiJ1MAuYbNTNYXm1F1gQYTfTgkErACAhNU5dpVj9T,30.54841591999991,30.551703400000633,29.724224698262226,0.9730201649769312,0.01188968987930489,1.0,2250.97420242,844.13131744,3034.3746072375243
ercAoEmXjQzEvAFbdjAo81KtMxRGn9AW1ju882upmPH,CMRhskR2Eg6V42RTSdRTXGdozyPbWB8U9dVpijPWb9T4,7TKLLgrWswt6ZJ1pXhVR3FyufHGjJFqiEXxvWJfDcgRm,0.7245133889997533,0.7128804470000318,105.10569041408168,145.07073576540554,0.04204227616563268,142.70096684186063,314.467665154,800.168841501,159804.9228772442
MAR3XM1n9xWPQ3HJjAcC85o8DopWFP5p2WxGTaZ3fPB,6qG7GUhER8Cg9gDEgnebph9LdS6eu2eoWcA4R7z9uizK,4QV4CwRXVMY227KkFF9voNAfwWHVvVajXSXDKbUHkWZR,0.30629300000000015,0.005993999999999999,0.2924317357265611,0.9547450830628221,0.00011697269429062445,0.019974006227775298,0.10448,24.619526,0.5915023319272795
7oAd7xG4m3oC2qeWB1szghTebAZyyGPAFDJ4wwwbRSNi,D9yh4KAysxt9GLacVe4Wwh2XqghhcjTCSTV9HuM7TBJd,HDYfJLpZKaMFb84jM4mRytn7XLR8UFZUnQpSfhJJaNEy,7.986054437991697,0.1805930000000444,7.986054437991697,1.0,0.0031944217751966792,0.022637728318270305,952.01731636,300242.404262227,7748.823293672577
daob129AwBGn9Y5r91uLoWZeYiGzbPmksauMhFZKTze,6VW5GQNyj4LStgmxEHLr5zUfW92vQnmbw8jTnCH7a38F,4VPCCUifPeBA1c7HWK358CHn2nyjm8pdTRk6Ps3KmnMQ,17.56211268999995,15.699711734999994,2853.4830955527173,162.47948899550795,1.141393238221087,144.95665361187045,47.894907251,224.514294914,40326.780934391754
HEDSDjj84KS7LKhZY7ejkCACTdPen62rKhCby1wXtgxc,EnnjMSFttpCTywBrYNt1J5QQeoSVkvzPipJDa8Y7kJow,6bjVT6JN2rSvpyn9PdfLYC8wJn4LWh49jpY47fnLDXZk,16.117173242002536,16.648119516998122,15.611434060258095,0.9686210991126876,0.0062445736241032385,1.0,39110.921985288,9058.037321219,46941.70156191924
