0,1,2,3,4,5,6,7,8,9,10,11
7dwD9TF6uikvHXxPFK9AsSim54yJoujQjY9vU6gNFumk,CquVr6atkvwueDYficKjn6SSEWq4F4rH4VSiBbW4GBWU,8BCa6ge3b7ho3TfZuM64Vk1hgbrJ3J7EPiAb9uP86CGd,0.0001259389999999994,0.00012567800000000016,0.02147183304144765,170.4939140492441,8.58873321657906e-06,170.90888146802524,0.003811697,0.003696205,1.2815854029262839
C98Sspw7XqnMsgxea3SLQVdbMDL8pKUc3RE82UvX9eq2,CSqgQJurPCzGxb4Cgwx5R61hWQUiaoUHcShNc8r1cKEL,6S2CR5EnukPhC914XkAns8m5GixjMAoUuZMsS5ubHuWc,23.17499200000009,23.19634500000018,0.0,0.0,0.0,1.0,919.288982,844.349638,844.349638
KysFMBBoavfov2tLpvefWW6tPFt6rAeZWDJVy1mMQae,B8ka2V21TH3x64dFV8ETcjuQcwmrciJ2qzy1mJUttRew,7fSf7EYxBANyxzk2s5pymFgshA91tFYQNKKs5UnLWcYS,23.97555500000226,30.378341999983604,0.0,0.0,0.0,0.018722821951654978,134426.336645,2669.123243,49.97351924571292
vEnkoSUkpnbRrPgBz9DfcVxNz67zjwMYBZraAvDDNSf,DtfyjjsZ5yCjWKLKHvwsfXs5QVsmm1QkK6Sh9JZHoq1g,e5wrKCRv4GhHvEf1VD5Pq2KGaZDXP77nTL612Jyrxwy,1196.2188090000004,1196.6575679999996,1194.464141176612,0.9985331547956053,0.11944641411766121,0.9995222283748368,1101.569578,845.139929,1944.689891069835
BSCuChvaSj9b5HUSqgDVRzcnr2sSn7cXaamt1jbKH6hn,GnKpRj5kBVPMJfiwZtEuD9GYApLzPdW5JFuZTcyX4BTc,3dmwD9okkomV9nDwyuh4UMhKdUR13QpuKxRo89ycZB5t,1115.442226677,1117.6513157560005,1113.2606832685883,0.9980442345141346,0.4453042733074353,0.9983118546537804,1726.18082193,1386.365971367,3106.830401160386
DFWzVTzNBrQZLjoQ4yQwkj9HuoXmfkuZP9V5vbymZe23,DhgiEgiNdqZdRdo195UUHnoEJUtefK8buko8nU97XJUZ,2K2kkXsouBHtWVjtcgkyiXd8eP3oVBvq1bTJzcVdLLr2,23.373107691997575,23.77524678399641,22.995602680159013,0.9838487454551107,0.009198241072063606,1.0,45475.905730365,22540.180524528,67281.59332578248
BSCNHw8CmxbZ8hCWWzMf5FaG2ajPT6JxfznKUNuRVrn4,7n9kgNL633yGzCYksgnzHyjG73ZLBAwvEae5sbAekbzW,SscdxE99omdG9AiMVwmaEMQySQnCgeAh1sPj2Leutm2,553.6416398689998,553.4135907369991,554.3136409476843,1.0012137834842834,0.22172545637907376,0.9947902763591749,5493.067570045,6204.813762256,11672.22336205143
MATgk4zXLXtYkwBH678J1xZbRDZ45LicNzkRBHkxTuY,y8dALFo1bJrSzPYjMX14HJX448pXqYmrfXHD1K8MXih,GN7Yuet3UyiWS5YVkEHv6oQKi4HGBJc3XDPt9zQhAqZz,27.79927299999963,27.776223999999274,27.83158547073115,1.0011623494877553,0.01113263418829246,1.0,3580.875085,4479.99353,8065.030843320765
BSC8REUo9LpiiWUuqMuLXs2D2yJsJfGd4HdiF3wCLxk5,AZjEH1zWVx1UJ6udMyRijGTzPteuLnaY18yNNmprJEsh,Caf8ypkSVR8xYnXNhjvfvdGCC7mrM3C11rz8Xi6NA6aK,1358.2409213029996,1357.7869807660004,1358.845742184,1.0004452972013391,0.5435382968736001,1.0,3144.604205129,3209.922130148,6355.926618728863
KwnjUuZhTMTSGAaavkLEmSyfobY16JNH4poL9oeeEvE,J63v6qEZmQpDqCD8bd4PXu2Pq5ZbyXrFcSa3Xt1HdAPQ,BnKQtTdLw9qPCDgZkWX3sURkBAoKCUYL1yahh6Mw7mRK,217.94724499999904,11445.663004000322,4.0783146802265975,0.018712393819094227,0.00040783146802265974,1.0,279135.31382,543.185328,5766.4752490162955
KEN5P7p3asnb23Sw6yAmJRGvijfAzso3RqfyLAQhznt,9zj4aX38Uxf3h6AUjS4EipWS8mwbEofasHAf3a1uKGds,CwQDG1MWunn9cLNwcZLd8YBacweSR7ARo32w4mLua1Yr,25720.797701997915,25724.26432699943,25704.757933047695,0.9993763891331809,2.5704757933047695,1.0,1153671.9746,1086658.298637,2239610.830856895
SEQV6QiTpvTzrceiaYg9Avnwf7oc8ZALpnQMz6TyT4A,3dFMPj4r9mMmPHF32mz1gNDX7f8ftidWof7S8YiYTs1j,Fc1ED3YPeQfXQosHbd8DTaBd2AV5gHQtwiSAL5C5pUhi,927.3317002150006,926.938092692,925.7827767543441,0.9983296985746336,0.37031311070173767,0.9978486383357481,2398.752645309,3227.996594122,5615.798011343509
JSoLLrxK5bYdHwTEWYaGgmeycBCNXKDiBCTw5hXGBg7,xG4wXczA7Dk4hccJ61CHKpDHW4NrNfQwgmWgkb9BuF2,BVR6WgfhsRr9Lob4QDnkEAiNGgAbv7ZieKcY9kSg3QYR,1.6376420530000821,1.3974184079999894,275.75107285226346,168.38299452991004,0.11030042914090539,143.1005978599878,17.116656453,164.605645208,26437.320110289686
parEAJhzYzHW87y9VoZAQ22dzQ2MD2ekEtTReaxbMcz,3oyc6hpjYSJEquK6dSvG72NXyz3pqLZz5D8AC71pwgQb,Di2vordgFJVZ1aj1aBpvzXtLfZgJsuLLXawGtVFwX6Rz,6.479161642000037,7.6160829009998,915.1801622592786,141.24978088627742,0.3660720649037114,166.4975329228059,1102.466209238,140.626551456,179137.08437025838
wrmcMSHFi3sWpAEy4rGDvQb3ezh3PhXoV2xNjgLBkKU,8p4mGnARWPBu6P2Gcw4adodLkNDorrXniZMhaY7eJXUn,AyY89zccbsgp9LKFgH4CFZMJmpSgqmPSdTfukhP227rc,0.0018431499999985168,0.009454329999999234,0.5796069182385273,314.4654088050314,0.0002318427672954109,3084.706027515578,27.07933659,0.09609759,8811.947466046116
SUiuyGR7SFq3xeRVJonq84fjjeFwRSsFekcevJ53tzy,49GjCCPsv7fBqo6t3iKDrP1xxGDS8uWZbVCdfnp2gjMf,CEwj5xEbbJEjYqM8D6Ai8ByGz1mrh8mkAVsE5fzDSSSx,4.078188000000074,6.960512000000064,0.033186933729798876,0.008137666466037925,1.327477349191955e-05,0.9383063570255689,645.638187,1.662669,6.814081115872769
Cob4usZcpHEY7Qt4ZCwj6WVg9S44zvzYV2v9qYF65dTf,NhFM9UXE48PyNAyeyPYA3iXztqKVJwA4bTdLj4ysM8w,6TuFuynuBoeskxyR2cz4wxyidk8dpDK7kAWw3UkjQGx,148.377408999997,3415.2122069999605,1.2085162429113234,0.008144880349752892,0.00048340649716452935,1.0,72322.590664,176.274073,765.3329205424357
HEDSDjj84KS7LKhZY7ejkCACTdPen62rKhCby1wXtgxc,EnnjMSFttpCTywBrYNt1J5QQeoSVkvzPipJDa8Y7kJow,6bjVT6JN2rSvpyn9PdfLYC8wJn4LWh49jpY47fnLDXZk,5.238722050999058,5.409547567989648,5.064777504584058,0.9667963780628851,0.0020259110018336236,0.9996681241781267,39108.497436043,9060.386958917,46867.33370819652
BUSDTd9WiT6uBHJRgNvFXBsA7JrifsAtWzKfioN7ERcy,DyBxrn7gSc1EwnpWhDyhzvMHPtxpmBqRqotapLcKcfTM,Cds99GeBgoCpqBsoRWu1C6fF9LiUMd4pXQQD24s9LPff,390.07533365999996,389.71651615999997,388.613660529334,0.9962528439905406,0.0388613660529334,0.9978486383357481,165.6655235,98.48874908,263.3216130989259
WiiQFxXqp8P9Fs1rt9SVcDyA3KUdJmUsog6wnVQAwba,3S2jpqSYxho6wiz3cafhjXruVY8cg4HYa2v3BqBHYFSj,Dfe67M6TfrG74gKRtdqys4e6E9QirPD53BkF4FujFjuv,18850.905668626998,18855.232152829994,18843.877995079754,0.9996271970338837,1.8843877995079756,0.9996681241781267,14892.58808858,11922.050834704,26805.130281852245
2jQoGQRixdcfuRPt9Zui7pk6ivnrQv79mf8h13Tyoa9K,,,5.924799999999981e-05,7.047299999999972e-05,0.0,0.0,0.0,0.9996681241781267,14892.58808858,11922.050834704,11918.094194284817
AUSejoEUCh2DBs9mof6BNC8Pubs22w4cJa1ccV9h44R,4xkyD7AfGQDwsQMy9MosRRNGoVJ1zosNinesxg1TzHG7,Cbm5gsQe3nSiCsFrvepVzMCD9xLK3ri9g3ypS2hdmVJ7,469.12780700000076,468.8578500000003,469.54476274932216,1.0008887892448495,0.046954476274932225,1.0,14149.002201,14728.071435,28889.6491169816
heyk4SZTeCUV6a65WiVA5bzic3KcxgVf1qxobfeV4tQ,9ZDpBKPqMABtGfq66FbVribaArMvtk63xxy91onZAtDt,DaTP4s6N7xxSPinbNZ3FB52EpRDRt87QShTuN3VPCW52,44.170748926999295,38.37761963799994,7349.615624615103,166.39101222308375,2.9398462498460414,144.44625804746215,625.134297006,4474.294584803,750311.8386310108
YakoMPuYrybnr9R7VC7hVGxMz94fJvPFCdZ4gmW61Ed,,,0.2673080000000001,0.26703999999999994,0.0,0.0,0.0,144.44625804746215,625.134297006,4474.294584803,646295.1101768167
BUSDgu5JdqP1rndBvXvanbEufS94FNh1w5FJcAj6vawb,Bgzr8cWubt89JQFXndVjtdKmDbGzuPxNhvjH1EhWCwbo,Dxaf8xPBBQsasRKW5Aa4Sw2YrbfGofY9xZueyyF23FBW,12906.294556929999,12782.164527590008,12923.67470238,1.0013466410032204,5.1694698809520006,1.0,6809.36578001,8248.92438025,15067.459931425288
GokA1R67GqSavkd15zR62QD68Tuc5AEfvjssntVDEbM8,3YB7hfpBdbQEuZqLGWVDpRPmeZWCUsrrWyqGXegnQ6Cg,4DPCj6Z1DsG6HUtwSogBGqXEUxdEV5a8YVrrFtcnz7UW,9820.998409000005,9820.803558999994,9820.811813575547,0.9999810003609931,0.9820811813575547,1.0,16953.529367,15444.763512,32397.970768062136
AURHmCnNwiW4uA2Qj1XvEh4iKgRUZYXtiY7FKAapUV5Y,BKWm4TRnTeKwfWXRyuzjRHU7iZDkPuXBX5b5V5jSVfGJ,A5Ww74HVrkj9nPeC7pHKLfgeDMEhBCpW1efQdz3TGLEg,0.0011779309998019016,0.001051164000045901,0.19015507260328046,161.4314188481836,7.606202904131218e-05,143.97513031189044,289.929395077,1809.454712608,307320.19165427674
ACUSESXyNnwRLAg1dpSGMLSzUDdLjUMybY8rkXiAKhCP,AhFPQdu8GKBsxuhiH46UmCu1YpaLgNpoP325HnYtsgas,A8wxWpT3aFEr2XqZp1kDmbxbFfcBE95UUmdsNTDBJYbT,100.50026854499993,100.5350944270001,100.46691493577806,0.9996681241781267,0.04018676597431123,0.987896318021117,1044.997638794,1840.979146512,2863.347349736633
ALBpShJ9NLpE739pcHDF2LNVk5J4VYPvvKuV6jMPitZi,D6d156U1bPiJpDYRLextvDRccgFk7QzkQbJg42ceKEu5,GNcM8U5g8RwTZffwwm3kSQqUNPSwv5d2fbN9sLxPJqt2,2688.4488700000074,2684.783077,2686.275672980566,0.9991916539519529,1.0745102691922266,0.9998870127675572,44516.386173,55792.422991,100266.52068769868
TETFuZgEmET6d9vYmz9iMFCxK1jKdKYxf3oPz8hSzJK,Eu1Ze6Z84LWNkq7SNoAHBJbXx5t1P95EwyqYohrfCRFV,ASMbv7WNu3qe4pkhREmvyEdwFNDZQ6B6iSrjkj4u8bdC,8.758831354999984,8.714619835,8.789773352479262,1.003532662774882,0.0035159093409917047,0.9995492033093075,56.949937541,295.789182249,352.8069639298825
SAMyS8Jr2HJrkFwYVKbpUwsNStnQmvz3f8Tup8bWUWF,6jPzm5TFfquvgm25sTyN3MMGBfufRaFHMxobDWv6hMFW,Cj9ECoDmxsHTDzCY5ZA6RWrPbg9uFzEC1Qc2kso2vJG6,1612.614899710019,109.61002653999816,1567.237618881343,0.9718610557072022,0.6268950475525372,0.018759091007235062,448.09339905,110538.02876137,2509.0774651510683
FrnkTEL6yZ5Aycq2TrEgu29dCrwKG4LPUZydfiwqspkc,DjvZuMZ46fxKBoBpGMPcRcos4xdTtHFxwMh69DpA2ZFY,9rvDPJLAng4uVVqnnSoEXgNDFhBZQTny9AoQioYDZbQX,6.671486615999527,5.570700814999952,1154.1829230062563,173.00235906016815,0.4616731692025025,144.4676266829395,173.341118525,1438.158810458,237755.81256697993
Sid7E679i9ABqptiAVhkmQ27YHN8vaYT4fppPwmxFsJ,GP7KB8o1bv527HG8kTzzzf4wJ5aEGHvcMQvVhLziUfmT,9gYxhAZ1M9wu5pxr8SBoa5NDm21gi3s9vMHaYTME77sa,1224.440236999999,2805.3757250000053,9.97251561902889,0.00814455072422526,0.003989006247611556,0.018617252011687166,129324.31908,11205.09613,1261.8965750903433
KZMu9QBEdL97EFgamLbN5DE1AoKBG4HdrKKJo4Vuon3,DD4ACBWyVqdaKWh7v5btsgqQCCMwbKnuL2xd9pv7Gyuw,GcYqiJ1MAuYbNTNYXm1F1gQYTfTgkErACAhNU5dpVj9T,32.289235520000034,33.23036752000144,31.380650520445723,0.9718610557072022,0.012552260208178291,1.0,2266.11182604,829.43021792,3031.77604952581
KEnkcdADoLR5jS2CLLLesy8TtFsyWL37BhXNfDMzWzP,3qsjFRuw1qeLMPo4DLwaQevenGAGBj9dA3Q6rb8ax2YR,77iEv8zPQAEyCcEbvBRSB6AFcUdfkhiqnAKtPxk76rNN,0.010430999999999968,1.2497979999999984,8.48732071908035e-05,0.008136631884843615,3.39492828763214e-08,0.999196645896699,119.987883,0.291673,1.267735917911313
iLiUBQ7Z7im6Ew3b4ewwPcehzWgEQRJ1iQz7g6D62NW,GpugBvKWM3TVhYcZjemSdtehBWgfvuGr6uAm9iPjXT6v,92fMXJ3xy8tEyMUWLHKRLyhPw2nECBo77GtDiBBbYrjX,0.0011553950000688928,0.0011553950000688928,0.001134736257296831,0.9821197575107821,4.5389450291873246e-07,0.9996681241781267,1805.840138149,1156.638795719,2929.806213850193
SoN9GaFpSXfpyR5dth3x7PHPVhvJMpQqqDJfCSmPv1t,9kZ9iS68ViMPtoeqtnhAKuF2iqVyfHPdZHoUNdwCELr,BBhm5fJLjw3HRzjtKB8uMEYjGhY6EDm9co3cqpjrSzB9,0.15032939699999992,0.14800300300000035,25.78632429078746,171.53214744011427,0.010314529716314984,164.7918571729199,1.542677072,2.439082328,666.5596175955568
KEVpg4SYCVrqFxKijQH6hm4QxsRdoE51ud64bEEFUC9,2bPenuBYfqzD8p5dFjCcggwkHDsc2RQDnx9AoyYGUBjA,AE6n6iLuX8oYu61vt5hoDYkjswpnxFxrhSehxrnQTnbx,182.89463163799996,183.3333330000005,183.31241823715462,1.002284302143879,0.07332496729486185,0.9996681241781267,1726.187071586,5917.083102796,7645.249570392528
RoBgmK8CvjdHvPrqdDyVw54VwjZv2TqJ493xnqJAQHx,ExiHJxM7qPAcy27NDHAF6G7vnW7muNHi2sVJpnaNynGQ,6rkPHSqZb7StM4HwS9EuVrmfkV7tRdc7dnsFhyB6cefE,0.4761300000000013,30.960519000000204,0.0,0.0,0.0,0.9461543556215761,6353.465501,17.53959,16.59515947431664
STK75uPSyBnEhGTTzb1nwmP3n427XoXmfRhXxxhyady,6TYyD5fUmDe6N65avW1Ny2RxzRNobw2RRgKwH9CTzSAU,54zDfk4cx2vGrEajPtodWpArNe5eUurytyxd4X3aZAxK,347.8039558660007,391.4187981340008,50183.82334138805,144.28767268168306,5.018382334138805,162.5666015045539,1828.345161595,322.588402263,316249.76846603816
Lid8SLUxQ9RmF7XMqUA8c24RitTwzja8VSKngJxRcUa,4PgzyzLtds9bKZ2to9PMnKqJzKEUpjvNUaeN23phegax,AtymwxoVN9peZo7EXTcDz9jKVc4vRmisJKKrNfe3ewBa,58.13910758098973,49.22109116199965,9922.295929080901,170.66474429898688,0.9922295929080903,144.3982225733987,971.00851742,7671.839066348,1273516.8453874364
Lee1XZJfJ9Hm2K1qTyeCz1LXNc1YBZaKZszvNY4KCDw,9DgFSWkPDGijNKcLGbr3p5xoJbHsPgXUTr6QvGBJ5vGN,2hNHZg7XBhuhHVZ3JDEi4buq2fPQwuWBdQ9xkH7t1GQX,9333.05129111199,8280.888905959015,1597078.642319834,171.12073988501027,159.70786423198342,144.3982225733987,6744.920597785,53817.820928498,8925393.488007184
YAkoNb6HKmSxQN9L8hiBE5tPJRsniSSMzND1boHmZxe,CfWX7o2TswwbxusJ4hCaPobu2jLCb1hfXuXJQjVq3jQF,EnTrdMMpdhugeH6Ban6gYZWXughWxKtVGfCwFn78ZmY3,5794664.8157159835,5795099.201401984,5794664.8157159835,1.0,579.4664815715984,0.9996451259802769,860014.75366,596919.279021,1456722.2015370037
MARpDPs5A7XiyCWPNH8GsMWPLxmwNn9SBmKvPa9LzgA,6YjT74rmcfCpw8LSjPNx5JTmZoYLGrTKnf9arfSgZ4SR,F8GSmi3vA8M8TsybLya1LQ4n1aFHCRbZ6k437PeTdXtg,18206.88410499997,19143.674302000236,17230.20704865406,0.9463567159150702,6.892082819461625,1.0,297427.744158,14729.021482,296201.7646653926
B2izdXFYb2sNwbWWHmh75T4aQFtfXsUxem9u2p61HGzf,4DYwgJtxwuJdAjkj5RJSNH4e7U329V5cNp7d3a1nLrZv,EXNW64GEf1ACC6xY9BtKRiunrs6GoJSXBdxWN2eTPmrF,3180.4619359999924,3148.9771619999974,3203.8274495898513,1.0073465785977131,0.3203827449589851,1.0,10608.960362,29322.28461,40009.18453313946
Dg3mAgpwDfVNnbGWcsxL8sUcSkEbjSJQhKAWNigG44Ju,EATxwd8YA2wV93VJcKMmH2Kn2Y9XfJVUB9hHVu3udwEy,GiGvrRi7NMHfHKanG2B8xyCEqe8jaafWins8bhrLVEaa,0.03616318799999996,0.035638322,6.186397728067801,171.06892589413877,0.0024745590912271203,171.25665910111832,0.206058803,0.253477973,78.66004891194541
RajgMbScQbqqrdJfR2rxfHJiTiY5b6bJ2tTXiF4aPxy,725ZA3fhyBAKb5iopNRrcbSuQa3LXA1656Q3mBvYPxeg,GLA6i1dSZpUfk2f9Nj8uiG7xyDdAR2reff8oEiZH3617,17469.87452602001,17453.231041850013,17483.844992361155,1.0007996889914887,6.993537996944463,1.0,65609.32436636,115826.77689836,181488.5683191548
CZgvH45CRmoaNJ7395Ao5CQZXkGznvqU7cErD6n7FaRg,4ZjU6MKvtqVQKCiowhvZ5yUsPxXX5SCzd5eFsPeXyey5,BsyWeshjDbCvjDojry3vKDCesmFRM37WtwcR4Kfgzqr,2.2812843499999644,2.2088439600000243,2.357449536872089,1.0333869764512809,0.0009429798147488355,1.0,206.08591301,599.35162227,812.3181208046055
moFiBS1R4Lf3E3zzmBPnw3NF4RhWPkhREFviuzUaCAU,44ALBrpqi9PfZkBRTvbtRNtFJGsatfY4QydjtMbFWq8S,2ho8qEEie1UjVwWNBo9y4oAJZMyMLx8zPj9bxyUz6uWs,712.3288617510007,712.3471050999979,712.3763466211375,1.000066661443452,0.284950538648455,0.99995328118275,33275.521490498,31126.090148749,64402.37565942381
ALLwa5WNZbvQsRKAqe1jdRGemdYQnW8E5k4msbRFcYtu,CGoM82Hbz7QVqTgvQatYtjvDWBvoUJp5qm21P8iMs9yb,3dxNNww8TivyN5FMy5dCNdi3Zcxv6e4kUfSPxfFwpdNq,1.1499504349999956,1.1345808859999997,3554.6055299681484,3091.094556582486,1.4218422119872594,3058.337793409282,1.014771921,7.640757962,26504.774806653335
C2ypsDADXcCRz8HbV2zX1AXPSja7a1P3xZtRC91xGhJh,J9bYNuDpY1d1T86gLaw7DGk5D3CsUAf2tzUwxMvb6FTv,A2NGvvPrMGzsJ4jb52KEnSBVmsA7C34dV1GC7PerdgvG,584.5584467740001,587.5987588809992,84452.72402858018,144.47267761615458,33.78108961143207,145.16352162638887,1966.825120853,1200.996143121,458493.32120750466
MATSnbbiTCv7Dc3trJrkrqjx7ckKdr6fwPoVwv9q3sD,631WX9JizSHJm4w6VanZeJAst9T8DeUUnPLesdGkCVtK,211maUSfpnXbPuW1iBu8b4dtJv5EbN1j7JJiEX5TZKEP,197.60249599999588,197.39618600000176,197.8181177483416,1.0010911893964423,0.07912724709933665,0.999397363389876,19725.324356,25829.100706,45560.38356508664
SoNcU2iwHMw6dGzsYNQkYFkUjwN1UdAjrWVRnStrZu2,8ivTTid27jZnYNc4w3CTA1Z6QS2twsFb8WMwUabeDJgc,CyXm53PMvHCbeXJBykU46Rcbo28xk5srhMZFg7gv6EYB,2.5900175510000043,2.5752861700000054,443.4256938281048,171.205671427554,0.17737027753124193,169.94507714996666,15.724486031,18.954619487,5913.365459857025
BSCrK1Nx9PXU9mF7STWWBqeHLxmtJDr9h7jheEy4tAWX,FfSySSbVJPvEo5a5AvrP3nySoXpRE2QPn1uUMpJJ1x7v,HL7Vcj6838ZmvBHDbQxXfjBNckNi83WvPiZQoMQLFeRM,0.009278805999999973,0.009268523000000028,28.685922921394084,3091.553258187979,0.011474369168557633,3083.9449824215135,0.830047351,0.974241626,5570.643166603228
daob129AwBGn9Y5r91uLoWZeYiGzbPmksauMhFZKTze,6VW5GQNyj4LStgmxEHLr5zUfW92vQnmbw8jTnCH7a38F,4VPCCUifPeBA1c7HWK358CHn2nyjm8pdTRk6Ps3KmnMQ,10.143383725999826,9.073828961999993,1625.1443117774727,160.21717758856485,0.6500577247109891,144.54355314071458,48.404547055,223.948328548,40125.52703985703
