0,1,2,3,4,5,6,7,8,9,10,11
MARpDPs5A7XiyCWPNH8GsMWPLxmwNn9SBmKvPa9LzgA,6YjT74rmcfCpw8LSjPNx5JTmZoYLGrTKnf9arfSgZ4SR,F8GSmi3vA8M8TsybLya1LQ4n1aFHCRbZ6k437PeTdXtg,29254.348521999957,30610.50296400023,27698.155361187022,0.9468047234194041,11.07926214447481,1.0,295984.346922,16090.073559,296329.45128295716
BSC8REUo9LpiiWUuqMuLXs2D2yJsJfGd4HdiF3wCLxk5,AZjEH1zWVx1UJ6udMyRijGTzPteuLnaY18yNNmprJEsh,Caf8ypkSVR8xYnXNhjvfvdGCC7mrM3C11rz8Xi6NA6aK,638.2885235159997,637.3059386830005,640.3234869252117,1.0031881560363993,0.2561293947700847,1.0,2435.139668123,3920.044928649,6362.9482020044015
JSoLLrxK5bYdHwTEWYaGgmeycBCNXKDiBCTw5hXGBg7,xG4wXczA7Dk4hccJ61CHKpDHW4NrNfQwgmWgkb9BuF2,BVR6WgfhsRr9Lob4QDnkEAiNGgAbv7ZieKcY9kSg3QYR,0.8411295679998716,0.7158889570000078,138.79309005984865,165.00797896082264,0.05551723602393946,141.37236944897856,17.015915736,163.947982566,25985.47662750027
BUSDTd9WiT6uBHJRgNvFXBsA7JrifsAtWzKfioN7ERcy,DyBxrn7gSc1EwnpWhDyhzvMHPtxpmBqRqotapLcKcfTM,Cds99GeBgoCpqBsoRWu1C6fF9LiUMd4pXQQD24s9LPff,921.44024842,923.6566339699997,921.9637578809999,1.0005681426027326,0.0921963757881,0.999580176325943,126.76300479,137.250114,264.0275174063474
B2izdXFYb2sNwbWWHmh75T4aQFtfXsUxem9u2p61HGzf,4DYwgJtxwuJdAjkj5RJSNH4e7U329V5cNp7d3a1nLrZv,EXNW64GEf1ACC6xY9BtKRiunrs6GoJSXBdxWN2eTPmrF,17960.57799,17803.115849999995,18043.614704871823,1.0046232763176137,1.8043614704871822,1.0,11082.833699,28843.158557,39977.23125857264
RajgMbScQbqqrdJfR2rxfHJiTiY5b6bJ2tTXiF4aPxy,725ZA3fhyBAKb5iopNRrcbSuQa3LXA1656Q3mBvYPxeg,GLA6i1dSZpUfk2f9Nj8uiG7xyDdAR2reff8oEiZH3617,3950.9740325300154,3950.1109468499926,3954.6439816914653,1.0009288720025071,1.5818575926765863,1.0,66241.39762509,115187.05514809,181489.9825528409
moFiBS1R4Lf3E3zzmBPnw3NF4RhWPkhREFviuzUaCAU,44ALBrpqi9PfZkBRTvbtRNtFJGsatfY4QydjtMbFWq8S,2ho8qEEie1UjVwWNBo9y4oAJZMyMLx8zPj9bxyUz6uWs,138.31126373799634,138.28829600000245,138.29132185280253,0.9998558187912187,0.05531652874112101,1.0,34013.885328999,30504.437497038,64513.41866293491
ALBpShJ9NLpE739pcHDF2LNVk5J4VYPvvKuV6jMPitZi,D6d156U1bPiJpDYRLextvDRccgFk7QzkQbJg42ceKEu5,GNcM8U5g8RwTZffwwm3kSQqUNPSwv5d2fbN9sLxPJqt2,97.15432900000451,96.98608899999817,97.25956384808813,1.0010831719920954,0.03890382553923526,0.9980398497351202,42012.576135,58299.898822,100243.70524066681
HEDSDjj84KS7LKhZY7ejkCACTdPen62rKhCby1wXtgxc,EnnjMSFttpCTywBrYNt1J5QQeoSVkvzPipJDa8Y7kJow,6bjVT6JN2rSvpyn9PdfLYC8wJn4LWh49jpY47fnLDXZk,21.192592655004773,21.558610116990167,20.262320873063054,0.9561039181432089,0.008104928349225222,1.0,39113.89921296,9055.153557506,46452.10584887564
ercAoEmXjQzEvAFbdjAo81KtMxRGn9AW1ju882upmPH,CMRhskR2Eg6V42RTSdRTXGdozyPbWB8U9dVpijPWb9T4,7TKLLgrWswt6ZJ1pXhVR3FyufHGjJFqiEXxvWJfDcgRm,0.3166369229999191,0.3116073600000391,44.777151184443674,141.414812777394,0.01791086047377747,139.21625979090553,314.467665154,800.168841501,155866.89930728823
STK75uPSyBnEhGTTzb1nwmP3n427XoXmfRhXxxhyady,6TYyD5fUmDe6N65avW1Ny2RxzRNobw2RRgKwH9CTzSAU,54zDfk4cx2vGrEajPtodWpArNe5eUurytyxd4X3aZAxK,530.6422021569986,596.7788089239984,37353.61743455813,70.39322783359492,3.7353617434558135,159.2785319616266,1746.309747552,307.621995658,171925.9597949677
MAR3XM1n9xWPQ3HJjAcC85o8DopWFP5p2WxGTaZ3fPB,6qG7GUhER8Cg9gDEgnebph9LdS6eu2eoWcA4R7z9uizK,4QV4CwRXVMY227KkFF9voNAfwWHVvVajXSXDKbUHkWZR,0.30629300000000015,0.005993999999999999,0.28306941874714675,0.9241785439012534,0.0001132277674988587,0.009788234962469215,0.10448,24.619526,0.3375398794194229
7oAd7xG4m3oC2qeWB1szghTebAZyyGPAFDJ4wwwbRSNi,D9yh4KAysxt9GLacVe4Wwh2XqghhcjTCSTV9HuM7TBJd,HDYfJLpZKaMFb84jM4mRytn7XLR8UFZUnQpSfhJJaNEy,7.986054437991697,0.1805930000000444,7.986054437991697,1.0,0.0031944217751966792,0.022637728318270305,952.01731636,300242.404262227,7748.823293672577
BUSD5rCfUDpCxKGMvYU2yThChxgHoioK74PTPociGnv2,CcFHbafgYDZ8yA8Me1PdtDiVb2eeaS61LbqyKKK5CsNZ,26R9s4nmF3CFDTkiePDwRmtscn8i7r2eygbSijditJ58,324.85926293,324.51197006,324.5025372907563,0.9989019071334883,0.03245025372907563,1.0,76.69355107,71.18690082,147.79623524866258
MATSnbbiTCv7Dc3trJrkrqjx7ckKdr6fwPoVwv9q3sD,631WX9JizSHJm4w6VanZeJAst9T8DeUUnPLesdGkCVtK,211maUSfpnXbPuW1iBu8b4dtJv5EbN1j7JJiEX5TZKEP,1067.3880119999922,1066.6287389999925,1067.8439813800414,1.0004271824068878,0.4271375925520166,0.9987186439797741,19778.068973,25776.224225,45529.713521018086
KysFMBBoavfov2tLpvefWW6tPFt6rAeZWDJVy1mMQae,B8ka2V21TH3x64dFV8ETcjuQcwmrciJ2qzy1mJUttRew,7fSf7EYxBANyxzk2s5pymFgshA91tFYQNKKs5UnLWcYS,4.071216999989701,3.075232000000142,0.0,0.0,0.0,0.019550496165199504,134439.107545,2659.455375,51.99367211045671
AUSejoEUCh2DBs9mof6BNC8Pubs22w4cJa1ccV9h44R,4xkyD7AfGQDwsQMy9MosRRNGoVJ1zosNinesxg1TzHG7,Cbm5gsQe3nSiCsFrvepVzMCD9xLK3ri9g3ypS2hdmVJ7,2664.5759439999983,2666.9132759999993,2665.4848743421494,1.0003411163206655,0.26654848743421494,1.0,14286.665653,14590.243921,28881.782988822128
Cob4usZcpHEY7Qt4ZCwj6WVg9S44zvzYV2v9qYF65dTf,NhFM9UXE48PyNAyeyPYA3iXztqKVJwA4bTdLj4ysM8w,6TuFuynuBoeskxyR2cz4wxyidk8dpDK7kAWw3UkjQGx,179.5972339999942,1617.5407670000384,1.5344359690043108,0.008543761698492308,0.0006137743876017244,1.0,71738.501089,181.122853,794.0395109114469
wrmcMSHFi3sWpAEy4rGDvQb3ezh3PhXoV2xNjgLBkKU,8p4mGnARWPBu6P2Gcw4adodLkNDorrXniZMhaY7eJXUn,AyY89zccbsgp9LKFgH4CFZMJmpSgqmPSdTfukhP227rc,0.0026122100000000176,0.02600938999999869,0.8122543532338363,310.9452736318408,0.00032490174129353453,3064.476587398872,27.08229649,0.09579551,8714.675190234626
Lid8SLUxQ9RmF7XMqUA8c24RitTwzja8VSKngJxRcUa,4PgzyzLtds9bKZ2to9PMnKqJzKEUpjvNUaeN23phegax,AtymwxoVN9peZo7EXTcDz9jKVc4vRmisJKKrNfe3ewBa,117.01242469499539,99.08372548499904,19574.349066427014,167.28436418140652,1.9574349066427015,141.75967991798353,972.740647697,7669.784000259,1249990.4256801894
parEAJhzYzHW87y9VoZAQ22dzQ2MD2ekEtTReaxbMcz,3oyc6hpjYSJEquK6dSvG72NXyz3pqLZz5D8AC71pwgQb,Di2vordgFJVZ1aj1aBpvzXtLfZgJsuLLXawGtVFwX6Rz,13.147714433999994,15.4819550109994,1810.1252513276092,137.6760394678656,0.7240501005310437,162.93674583708835,1101.31141263,141.602588946,174696.45855662678
BUSDgu5JdqP1rndBvXvanbEufS94FNh1w5FJcAj6vawb,Bgzr8cWubt89JQFXndVjtdKmDbGzuPxNhvjH1EhWCwbo,Dxaf8xPBBQsasRKW5Aa4Sw2YrbfGofY9xZueyyF23FBW,9186.055533120003,9168.843423230006,9206.298526445924,1.002203665463695,3.6825194105783696,1.0,6378.79641473,8673.94647565,15066.799623739082
BerKDkt6v49dT1bHRedgnpsJS263C1DSJtEGvY9Mg35V,78XKqNb8wbfsMMrvo8WPUpdx7GEkfQutpNVH943aCGFa,DKYQwn4nDvFHCszi5tXbqfVMAP7DaXXp1KGTXEnYnKVH,0.0033694210001158353,0.001108728999952291,0.003376071340742111,1.0019737339519303,1.3504285362968444e-06,1.0,1338.317413093,1686.888382613,3027.847278222681
KwnjUuZhTMTSGAaavkLEmSyfobY16JNH4poL9oeeEvE,J63v6qEZmQpDqCD8bd4PXu2Pq5ZbyXrFcSa3Xt1HdAPQ,BnKQtTdLw9qPCDgZkWX3sURkBAoKCUYL1yahh6Mw7mRK,96.34190700000056,4993.485782000062,1.7677323957870557,0.018348530258873175,0.00017677323957870558,1.0,278505.376209,555.249273,5665.413595629694
heyk4SZTeCUV6a65WiVA5bzic3KcxgVf1qxobfeV4tQ,9ZDpBKPqMABtGfq66FbVribaArMvtk63xxy91onZAtDt,DaTP4s6N7xxSPinbNZ3FB52EpRDRt87QShTuN3VPCW52,88.25858849200267,76.569348881,14237.550291087657,161.3163153224205,5.695020116435063,141.92999530069787,627.191402642,4471.897052718,735872.5337535784
SAMyS8Jr2HJrkFwYVKbpUwsNStnQmvz3f8Tup8bWUWF,6jPzm5TFfquvgm25sTyN3MMGBfufRaFHMxobDWv6hMFW,Cj9ECoDmxsHTDzCY5ZA6RWrPbg9uFzEC1Qc2kso2vJG6,1162.5368509399996,23.105784209999968,1130.9123020534523,0.9727969493087669,0.4523649208213809,0.019603433517856532,460.25508143,109920.64225305,2602.55674176672
FrnkTEL6yZ5Aycq2TrEgu29dCrwKG4LPUZydfiwqspkc,DjvZuMZ46fxKBoBpGMPcRcos4xdTtHFxwMh69DpA2ZFY,9rvDPJLAng4uVVqnnSoEXgNDFhBZQTny9AoQioYDZbQX,57.700679189002585,48.60971382499994,9781.329541488636,169.51844725170758,3.912531816595455,141.87170201494703,173.207010284,1438.309853092,233417.25031948468
daob129AwBGn9Y5r91uLoWZeYiGzbPmksauMhFZKTze,6VW5GQNyj4LStgmxEHLr5zUfW92vQnmbw8jTnCH7a38F,4VPCCUifPeBA1c7HWK358CHn2nyjm8pdTRk6Ps3KmnMQ,18.8366907650002,16.850223678000027,2969.0647229537044,157.6213550455699,1.1876258891814817,141.8034218867342,47.963160908,224.433730623,39385.489403734595
KZMu9QBEdL97EFgamLbN5DE1AoKBG4HdrKKJo4Vuon3,DD4ACBWyVqdaKWh7v5btsgqQCCMwbKnuL2xd9pv7Gyuw,GcYqiJ1MAuYbNTNYXm1F1gQYTfTgkErACAhNU5dpVj9T,37.11131594999972,38.15829193000047,36.101774940993515,0.9727969493087669,0.014440709976397405,1.0,2253.94014366,841.24583435,3033.8719300270122
NorjjEePhxfwLF4vZjUHCrVVKLzQjEEGQFd3wgjEJmh,34M8pFVqgbV7aqHxvRT5tCv3vu2P1JJYT8J3VaxBK2oG,3AZWBSze3ucsY3xSeuLne3b2pauVqiaJ1SZSV5T9WGWw,0.0011050000002796878,0.0011050000002796878,0.0006547430357440445,0.592527634007531,2.6189721429761777e-07,1.0,38124.370231,2258.549989,24848.292880001576
iLiUBQ7Z7im6Ew3b4ewwPcehzWgEQRJ1iQz7g6D62NW,GpugBvKWM3TVhYcZjemSdtehBWgfvuGr6uAm9iPjXT6v,92fMXJ3xy8tEyMUWLHKRLyhPw2nECBo77GtDiBBbYrjX,13.941426395999997,13.685261999999966,13.692151360285857,0.9821198327464067,0.005476860544114343,1.0,1805.840138149,1156.637640324,2930.189054769644
AURHmCnNwiW4uA2Qj1XvEh4iKgRUZYXtiY7FKAapUV5Y,BKWm4TRnTeKwfWXRyuzjRHU7iZDkPuXBX5b5V5jSVfGJ,A5Ww74HVrkj9nPeC7pHKLfgeDMEhBCpW1efQdz3TGLEg,0.0036501140000382293,0.0033872029999884035,0.5742232771579431,157.31653234718942,0.00022968931086317723,142.1089190968239,289.921953164,1809.463050003,302750.3545046533
KEVpg4SYCVrqFxKijQH6hm4QxsRdoE51ud64bEEFUC9,2bPenuBYfqzD8p5dFjCcggwkHDsc2RQDnx9AoyYGUBjA,AE6n6iLuX8oYu61vt5hoDYkjswpnxFxrhSehxrnQTnbx,3951.5007873420004,3950.927134849,3958.141412645835,1.0016805324511402,1.583256565058334,1.0,1909.081703224,5733.749769796,7646.039746774146
C98Sspw7XqnMsgxea3SLQVdbMDL8pKUc3RE82UvX9eq2,CSqgQJurPCzGxb4Cgwx5R61hWQUiaoUHcShNc8r1cKEL,6S2CR5EnukPhC914XkAns8m5GixjMAoUuZMsS5ubHuWc,42.53998600000011,42.54885999999999,0.0,0.0,0.0,1.0,889.181486,874.411931,874.411931
KEN5P7p3asnb23Sw6yAmJRGvijfAzso3RqfyLAQhznt,9zj4aX38Uxf3h6AUjS4EipWS8mwbEofasHAf3a1uKGds,CwQDG1MWunn9cLNwcZLd8YBacweSR7ARo32w4mLua1Yr,173580.74205600005,173608.31568500027,173322.4915436001,0.9985122167969726,17.33224915436001,1.0,1144756.138772,1093005.763707,2236058.7535241726
RoBgmK8CvjdHvPrqdDyVw54VwjZv2TqJ493xnqJAQHx,ExiHJxM7qPAcy27NDHAF6G7vnW7muNHi2sVJpnaNynGQ,6rkPHSqZb7StM4HwS9EuVrmfkV7tRdc7dnsFhyB6cefE,0.06282999999999817,4.071216999999706,0.0,0.0,0.0,0.9531262063003548,6340.694601,17.73423,16.90295936155794
ALLwa5WNZbvQsRKAqe1jdRGemdYQnW8E5k4msbRFcYtu,CGoM82Hbz7QVqTgvQatYtjvDWBvoUJp5qm21P8iMs9yb,3dxNNww8TivyN5FMy5dCNdi3Zcxv6e4kUfSPxfFwpdNq,5.0645837989999976,4.966116426999999,15546.024307815082,3069.55614218184,6.218409723126033,3030.192841472431,0.906212859,7.749979644,26265.604086273477
Sid7E679i9ABqptiAVhkmQ27YHN8vaYT4fppPwmxFsJ,GP7KB8o1bv527HG8kTzzzf4wJ5aEGHvcMQvVhLziUfmT,9gYxhAZ1M9wu5pxr8SBoa5NDm21gi3s9vMHaYTME77sa,775.2896899999978,1772.5377249999874,6.623890358657956,0.008543761698492308,0.0026495561434631823,0.01960344005086701,129190.763696,11262.509954,1324.5590373703872
YAkoNb6HKmSxQN9L8hiBE5tPJRsniSSMzND1boHmZxe,CfWX7o2TswwbxusJ4hCaPobu2jLCb1hfXuXJQjVq3jQF,EnTrdMMpdhugeH6Ban6gYZWXughWxKtVGfCwFn78ZmY3,6833989.289579013,6833443.048958982,6833989.289579013,1.0,683.3989289579014,0.9998360268915897,878181.879124,551453.785854,1429545.241386589
SoN9GaFpSXfpyR5dth3x7PHPVhvJMpQqqDJfCSmPv1t,9kZ9iS68ViMPtoeqtnhAKuF2iqVyfHPdZHoUNdwCELr,BBhm5fJLjw3HRzjtKB8uMEYjGhY6EDm9co3cqpjrSzB9,0.49715571700000116,0.48753416999999977,84.28503781890515,169.53448373782848,0.033714015127562065,166.50066550316,1.547750147,2.433733713,667.6153049987697
ionytDfEj1mXodptgrsKEZro7DGsfpzANUfarJdm6Qb,3gkSjY95an9xNFSjCfsay6JZez7uv7yfW3Ad4ubc4fMK,9wXqANaSuEqkKL9yHzCPEDGHwbkStVAqV5rB3QDs3Jr6,0.00042030399999999635,0.001571102000000213,0.3452812828601442,821.5036803364878,0.00013811251314405768,3068.0493342332948,3.152466539,0.08412514,2847.862943695413
vEnkoSUkpnbRrPgBz9DfcVxNz67zjwMYBZraAvDDNSf,DtfyjjsZ5yCjWKLKHvwsfXs5QVsmm1QkK6Sh9JZHoq1g,e5wrKCRv4GhHvEf1VD5Pq2KGaZDXP77nTL612Jyrxwy,1055.133861,1055.432433000001,1051.7902198909667,0.996831074015704,0.10517902198909666,0.9990509016434387,1086.562115,860.020768,1942.3234037827074
C2ypsDADXcCRz8HbV2zX1AXPSja7a1P3xZtRC91xGhJh,J9bYNuDpY1d1T86gLaw7DGk5D3CsUAf2tzUwxMvb6FTv,A2NGvvPrMGzsJ4jb52KEnSBVmsA7C34dV1GC7PerdgvG,332.68600667000027,334.4319003430008,47206.733275846665,141.8957585513124,18.882693310338666,142.19823685562156,501.508687162,300.016892141,113823.82867427822
GokA1R67GqSavkd15zR62QD68Tuc5AEfvjssntVDEbM8,3YB7hfpBdbQEuZqLGWVDpRPmeZWCUsrrWyqGXegnQ6Cg,4DPCj6Z1DsG6HUtwSogBGqXEUxdEV5a8YVrrFtcnz7UW,10413.798615999987,10412.995069000008,10414.840100009988,1.000100010001,1.0414840100009988,1.0,14484.720419,17912.303547,32398.47258290359
WiiQFxXqp8P9Fs1rt9SVcDyA3KUdJmUsog6wnVQAwba,3S2jpqSYxho6wiz3cafhjXruVY8cg4HYa2v3BqBHYFSj,Dfe67M6TfrG74gKRtdqys4e6E9QirPD53BkF4FujFjuv,13459.953208530002,13492.113138016,13434.188222266728,0.9980858041730082,1.343418822226673,1.0,20427.030922179,6390.395828197,26778.325413026934
Lee1XZJfJ9Hm2K1qTyeCz1LXNc1YBZaKZszvNY4KCDw,9DgFSWkPDGijNKcLGbr3p5xoJbHsPgXUTr6QvGBJ5vGN,2hNHZg7XBhuhHVZ3JDEi4buq2fPQwuWBdQ9xkH7t1GQX,1584.0779733259842,1337.4855841650005,266409.61646404123,168.17961044220473,26.640961646404122,141.9465959999733,6900.472756828,54998.657148648,8967390.986930562
SUiuyGR7SFq3xeRVJonq84fjjeFwRSsFekcevJ53tzy,49GjCCPsv7fBqo6t3iKDrP1xxGDS8uWZbVCdfnp2gjMf,CEwj5xEbbJEjYqM8D6Ai8ByGz1mrh8mkAVsE5fzDSSSx,4.874885000000026,4.785671999999919,0.04164985574755489,0.008543761698492308,1.6659942299021957e-05,0.9523501143772488,638.42294,1.72738,7.099604002783825
SRMuKizofcAMicegrfSv7xs9q76tH1w8aAF7oX9FEWu,72Hj2KWntXPfbie4UgKeTPnm1XVkomDfCnRPKbvfTtPi,6aqJQ5wedqpUt4fFEDUqUmXhrdxCu4bEJsQdVPCADLko,1.6142889999973704,1.6077079999995476,0.0725195976753216,0.04492355314038547,2.9007839070128636e-05,0.04464014485548445,16958.427081,4932.720622,982.030163248371
MATgk4zXLXtYkwBH678J1xZbRDZ45LicNzkRBHkxTuY,y8dALFo1bJrSzPYjMX14HJX448pXqYmrfXHD1K8MXih,GN7Yuet3UyiWS5YVkEHv6oQKi4HGBJc3XDPt9zQhAqZz,965.5670849999997,965.2137929999999,966.7078002042406,1.001181394044973,0.38668312008169625,1.0,3569.269725,4491.583371,8065.069809998017
BSCuChvaSj9b5HUSqgDVRzcnr2sSn7cXaamt1jbKH6hn,GnKpRj5kBVPMJfiwZtEuD9GYApLzPdW5JFuZTcyX4BTc,3dmwD9okkomV9nDwyuh4UMhKdUR13QpuKxRo89ycZB5t,396.73646681499963,396.58029569500013,396.6718814925988,0.9998372085053856,0.15866875259703953,0.9996781036506246,1518.276994959,1593.667671567,3111.184508139157
BSCNHw8CmxbZ8hCWWzMf5FaG2ajPT6JxfznKUNuRVrn4,7n9kgNL633yGzCYksgnzHyjG73ZLBAwvEae5sbAekbzW,SscdxE99omdG9AiMVwmaEMQySQnCgeAh1sPj2Leutm2,203.74436269500075,203.48629938999875,204.03122508863228,1.001407952543261,0.08161249003545291,1.0,5294.901074379,6402.964938696,11705.320982508987
SoNcU2iwHMw6dGzsYNQkYFkUjwN1UdAjrWVRnStrZu2,8ivTTid27jZnYNc4w3CTA1Z6QS2twsFb8WMwUabeDJgc,CyXm53PMvHCbeXJBykU46Rcbo28xk5srhMZFg7gv6EYB,2.121545262999991,2.1060517890000057,356.76429557581207,168.1624718538063,0.14270571823032482,166.5974176733871,15.765310185,18.91202459,5801.827989921186
