0,1,2,3,4,5,6,7,8,9,10,11
MATSnbbiTCv7Dc3trJrkrqjx7ckKdr6fwPoVwv9q3sD,631WX9JizSHJm4w6VanZeJAst9T8DeUUnPLesdGkCVtK,211maUSfpnXbPuW1iBu8b4dtJv5EbN1j7JJiEX5TZKEP,149.14895299999625,149.10779300000286,149.29556124113506,1.0009829652718971,0.05971822449645403,0.9999310047606714,19713.162522,25841.278663,45572.03561395248
BUSDTd9WiT6uBHJRgNvFXBsA7JrifsAtWzKfioN7ERcy,DyBxrn7gSc1EwnpWhDyhzvMHPtxpmBqRqotapLcKcfTM,Cds99GeBgoCpqBsoRWu1C6fF9LiUMd4pXQQD24s9LPff,508.01369693000015,506.9502438199999,509.12353022229644,1.002184652301706,0.05091235302222964,0.9986867269540555,113.59685762,150.53140294,264.17874136241676
BSCuChvaSj9b5HUSqgDVRzcnr2sSn7cXaamt1jbKH6hn,GnKpRj5kBVPMJfiwZtEuD9GYApLzPdW5JFuZTcyX4BTc,3dmwD9okkomV9nDwyuh4UMhKdUR13QpuKxRo89ycZB5t,46.33679304100019,46.41430779699999,46.26938040452601,0.9985451596442048,0.018507752161810408,0.9989710598083973,1726.186093052,1386.361872586,3108.6101569974057
daob129AwBGn9Y5r91uLoWZeYiGzbPmksauMhFZKTze,6VW5GQNyj4LStgmxEHLr5zUfW92vQnmbw8jTnCH7a38F,4VPCCUifPeBA1c7HWK358CHn2nyjm8pdTRk6Ps3KmnMQ,8.372285166999767,7.483179718999949,1375.6212088524694,164.306540139677,0.5502484835409879,147.67763625993982,48.414554142,223.938612658,41025.55286814077
Cob4usZcpHEY7Qt4ZCwj6WVg9S44zvzYV2v9qYF65dTf,NhFM9UXE48PyNAyeyPYA3iXztqKVJwA4bTdLj4ysM8w,6TuFuynuBoeskxyR2cz4wxyidk8dpDK7kAWw3UkjQGx,423.93636599999456,1642.0640999999719,3.4830376403964793,0.008215944466525252,0.0013932150561585918,1.0,72200.455124,177.274073,770.4690027566326
wrmcMSHFi3sWpAEy4rGDvQb3ezh3PhXoV2xNjgLBkKU,8p4mGnARWPBu6P2Gcw4adodLkNDorrXniZMhaY7eJXUn,AyY89zccbsgp9LKFgH4CFZMJmpSgqmPSdTfukhP227rc,0.0016745500000000246,0.016406679999995788,0.5372313121591352,320.82130253448827,0.00021489252486365411,3150.4993541476324,27.08062498,0.09596647,8990.383681286428
NorjjEePhxfwLF4vZjUHCrVVKLzQjEEGQFd3wgjEJmh,34M8pFVqgbV7aqHxvRT5tCv3vu2P1JJYT8J3VaxBK2oG,3AZWBSze3ucsY3xSeuLne3b2pauVqiaJ1SZSV5T9WGWw,1.6876850000044215,1.0,1.00034912062172,0.5927344976219492,0.00040013964824868806,1.0,38122.682546,2259.549989,24856.179075904358
YAkoNb6HKmSxQN9L8hiBE5tPJRsniSSMzND1boHmZxe,CfWX7o2TswwbxusJ4hCaPobu2jLCb1hfXuXJQjVq3jQF,EnTrdMMpdhugeH6Ban6gYZWXughWxKtVGfCwFn78ZmY3,5990552.462282002,5990710.535548006,5990552.462282002,1.0,599.0552462282002,0.998934137275527,793221.132914,663336.638588,1455850.745705152
KwnjUuZhTMTSGAaavkLEmSyfobY16JNH4poL9oeeEvE,J63v6qEZmQpDqCD8bd4PXu2Pq5ZbyXrFcSa3Xt1HdAPQ,BnKQtTdLw9qPCDgZkWX3sURkBAoKCUYL1yahh6Mw7mRK,124.13591600000598,6446.34219000005,2.3607262786842904,0.019017270381959214,0.00023607262786842905,1.0,278992.95576,545.878216,5851.562690349905
ACUSESXyNnwRLAg1dpSGMLSzUDdLjUMybY8rkXiAKhCP,AhFPQdu8GKBsxuhiH46UmCu1YpaLgNpoP325HnYtsgas,A8wxWpT3aFEr2XqZp1kDmbxbFfcBE95UUmdsNTDBJYbT,100.50026854499993,100.5350944270001,100.48030531889977,0.9998013614651068,0.04019212212755991,0.9878585594032746,1044.997638794,1840.979146512,2863.4170695588773
BSC8REUo9LpiiWUuqMuLXs2D2yJsJfGd4HdiF3wCLxk5,AZjEH1zWVx1UJ6udMyRijGTzPteuLnaY18yNNmprJEsh,Caf8ypkSVR8xYnXNhjvfvdGCC7mrM3C11rz8Xi6NA6aK,256.04679760199997,256.1506018709997,256.0740879296988,1.0001065833588016,0.10242963517187953,0.9998013614651068,3136.028772559,3218.601366987,6354.325049765935
ALBpShJ9NLpE739pcHDF2LNVk5J4VYPvvKuV6jMPitZi,D6d156U1bPiJpDYRLextvDRccgFk7QzkQbJg42ceKEu5,GNcM8U5g8RwTZffwwm3kSQqUNPSwv5d2fbN9sLxPJqt2,9767.127656999997,9766.64970799999,9762.168475414488,0.9994922579329701,3.904867390165795,0.9997870453593385,51064.780563,49243.79702,100272.16315066532
vEnkoSUkpnbRrPgBz9DfcVxNz67zjwMYBZraAvDDNSf,DtfyjjsZ5yCjWKLKHvwsfXs5QVsmm1QkK6Sh9JZHoq1g,e5wrKCRv4GhHvEf1VD5Pq2KGaZDXP77nTL612Jyrxwy,1579.9125690000003,1579.6536949999993,1579.1182725089286,0.9994972528818006,0.15791182725089287,0.9983018884876825,813.006509,1133.813524,1944.4859545225972
JSoLLrxK5bYdHwTEWYaGgmeycBCNXKDiBCTw5hXGBg7,xG4wXczA7Dk4hccJ61CHKpDHW4NrNfQwgmWgkb9BuF2,BVR6WgfhsRr9Lob4QDnkEAiNGgAbv7ZieKcY9kSg3QYR,2.010560727000115,1.7135473989999888,348.3163561163605,173.24338998507682,0.13932654244654422,146.62137434665516,17.036135484,164.700944311,27100.076674563952
KEnkcdADoLR5jS2CLLLesy8TtFsyWL37BhXNfDMzWzP,3qsjFRuw1qeLMPo4DLwaQevenGAGBj9dA3Q6rb8ax2YR,77iEv8zPQAEyCcEbvBRSB6AFcUdfkhiqnAKtPxk76rNN,0.010430999999999968,1.2497979999999984,8.606528454890158e-05,0.008250914058949463,3.442611381956064e-08,0.9978486383357481,119.987883,0.291673,1.281055216637586
SAMyS8Jr2HJrkFwYVKbpUwsNStnQmvz3f8Tup8bWUWF,6jPzm5TFfquvgm25sTyN3MMGBfufRaFHMxobDWv6hMFW,Cj9ECoDmxsHTDzCY5ZA6RWrPbg9uFzEC1Qc2kso2vJG6,615.5702054400001,88.53286392000928,598.6999368407133,0.9725940787091406,0.23947997473628535,0.019015153801853407,451.11343549,110382.41367056,2537.688829149216
heyk4SZTeCUV6a65WiVA5bzic3KcxgVf1qxobfeV4tQ,9ZDpBKPqMABtGfq66FbVribaArMvtk63xxy91onZAtDt,DaTP4s6N7xxSPinbNZ3FB52EpRDRt87QShTuN3VPCW52,26.03363960199954,22.709763546999966,4407.265028864911,169.29115929400845,1.7629060115459643,146.63208104648385,629.212580533,4469.598671108,761906.681787971
MARpDPs5A7XiyCWPNH8GsMWPLxmwNn9SBmKvPa9LzgA,6YjT74rmcfCpw8LSjPNx5JTmZoYLGrTKnf9arfSgZ4SR,F8GSmi3vA8M8TsybLya1LQ4n1aFHCRbZ6k437PeTdXtg,12066.232373,12713.82443800004,11364.475981163174,0.9418412997409936,4.54579039246527,1.0,297617.666048,14550.831776,294859.4411925293
parEAJhzYzHW87y9VoZAQ22dzQ2MD2ekEtTReaxbMcz,3oyc6hpjYSJEquK6dSvG72NXyz3pqLZz5D8AC71pwgQb,Di2vordgFJVZ1aj1aBpvzXtLfZgJsuLLXawGtVFwX6Rz,4.731127627000035,5.473040534999939,681.8432570965465,144.11855076691245,0.27273730283861863,169.04584607868577,1101.238660033,141.669613015,182657.57932821324
AUSejoEUCh2DBs9mof6BNC8Pubs22w4cJa1ccV9h44R,4xkyD7AfGQDwsQMy9MosRRNGoVJ1zosNinesxg1TzHG7,Cbm5gsQe3nSiCsFrvepVzMCD9xLK3ri9g3ypS2hdmVJ7,2010.184061,2008.381271999997,2010.592211218877,1.000203041217367,0.2010592211218877,1.0,14401.331911,14475.802862,28880.058836962915
C98Sspw7XqnMsgxea3SLQVdbMDL8pKUc3RE82UvX9eq2,CSqgQJurPCzGxb4Cgwx5R61hWQUiaoUHcShNc8r1cKEL,6S2CR5EnukPhC914XkAns8m5GixjMAoUuZMsS5ubHuWc,42.750193999999965,42.78187400000013,0.0,0.0,0.0,1.0,905.494905,858.14325,858.14325
SEQV6QiTpvTzrceiaYg9Avnwf7oc8ZALpnQMz6TyT4A,3dFMPj4r9mMmPHF32mz1gNDX7f8ftidWof7S8YiYTs1j,Fc1ED3YPeQfXQosHbd8DTaBd2AV5gHQtwiSAL5C5pUhi,3578.243004442,3581.8105244199996,3559.75649835329,0.9948336359308855,1.4239025993413161,0.9993234580189212,4672.411135111,957.905624298,5605.529319035682
YakoMPuYrybnr9R7VC7hVGxMz94fJvPFCdZ4gmW61Ed,,,0.797196,0.793074,0.0,0.0,0.0,0.9993234580189212,4672.411135111,957.905624298,957.2575609292509
Lee1XZJfJ9Hm2K1qTyeCz1LXNc1YBZaKZszvNY4KCDw,9DgFSWkPDGijNKcLGbr3p5xoJbHsPgXUTr6QvGBJ5vGN,2hNHZg7XBhuhHVZ3JDEi4buq2fPQwuWBdQ9xkH7t1GQX,598.9949355210847,505.5777788140058,104644.1858868713,174.6996171108492,10.464418588687131,147.19859725624758,6722.936533422,53843.900700252,9100241.092131145
KZMu9QBEdL97EFgamLbN5DE1AoKBG4HdrKKJo4Vuon3,DD4ACBWyVqdaKWh7v5btsgqQCCMwbKnuL2xd9pv7Gyuw,GcYqiJ1MAuYbNTNYXm1F1gQYTfTgkErACAhNU5dpVj9T,19.405520950000096,19.96890484000096,18.87369477023627,0.9725940787091406,0.007549477908094508,1.0,2256.62702346,838.65124392,3033.433324792229
AURHmCnNwiW4uA2Qj1XvEh4iKgRUZYXtiY7FKAapUV5Y,BKWm4TRnTeKwfWXRyuzjRHU7iZDkPuXBX5b5V5jSVfGJ,A5Ww74HVrkj9nPeC7pHKLfgeDMEhBCpW1efQdz3TGLEg,11.103728280999576,9.883534773000065,1819.1980687258167,163.83668824450461,0.7276792274903267,147.2092367318843,289.929809323,1798.351554798,312235.099540252
RajgMbScQbqqrdJfR2rxfHJiTiY5b6bJ2tTXiF4aPxy,725ZA3fhyBAKb5iopNRrcbSuQa3LXA1656Q3mBvYPxeg,GLA6i1dSZpUfk2f9Nj8uiG7xyDdAR2reff8oEiZH3617,12479.753912760003,12467.463062330018,12489.762334011117,1.0008019726447395,4.9959049336044465,1.0,64814.57352247,116622.95869795,181489.51173536546
MATgk4zXLXtYkwBH678J1xZbRDZ45LicNzkRBHkxTuY,y8dALFo1bJrSzPYjMX14HJX448pXqYmrfXHD1K8MXih,GN7Yuet3UyiWS5YVkEHv6oQKi4HGBJc3XDPt9zQhAqZz,215.79471099999773,215.46229699999913,216.1104483650591,1.0014631376440981,0.08644417934602365,1.0,3416.131621,4644.994451,8066.124342771878
KEVpg4SYCVrqFxKijQH6hm4QxsRdoE51ud64bEEFUC9,2bPenuBYfqzD8p5dFjCcggwkHDsc2RQDnx9AoyYGUBjA,AE6n6iLuX8oYu61vt5hoDYkjswpnxFxrhSehxrnQTnbx,4200.174677984999,4193.2653049850005,4200.369016458284,1.0000462691407344,1.6801476065833134,0.9998013614651068,3880.760895505,3762.477066449,7642.670148493982
C2ypsDADXcCRz8HbV2zX1AXPSja7a1P3xZtRC91xGhJh,J9bYNuDpY1d1T86gLaw7DGk5D3CsUAf2tzUwxMvb6FTv,A2NGvvPrMGzsJ4jb52KEnSBVmsA7C34dV1GC7PerdgvG,659.0780825560012,662.5508273629988,96976.9840929505,147.14035659759702,38.7907936371802,147.93194834512227,2123.118026625,1248.927615508,497152.6390405151
RoBgmK8CvjdHvPrqdDyVw54VwjZv2TqJ493xnqJAQHx,ExiHJxM7qPAcy27NDHAF6G7vnW7muNHi2sVJpnaNynGQ,6rkPHSqZb7StM4HwS9EuVrmfkV7tRdc7dnsFhyB6cefE,1.626513000000159,0.024543000000001314,0.0,0.0,0.0,0.9452617807975741,6353.465501,17.53959,16.579504077859323
KysFMBBoavfov2tLpvefWW6tPFt6rAeZWDJVy1mMQae,B8ka2V21TH3x64dFV8ETcjuQcwmrciJ2qzy1mJUttRew,7fSf7EYxBANyxzk2s5pymFgshA91tFYQNKKs5UnLWcYS,1.230265000000145,1.6265129999956116,0.0,0.0,0.0,0.01903765637007407,134426.336645,2669.123243,50.813851109611704
BSCNHw8CmxbZ8hCWWzMf5FaG2ajPT6JxfznKUNuRVrn4,7n9kgNL633yGzCYksgnzHyjG73ZLBAwvEae5sbAekbzW,SscdxE99omdG9AiMVwmaEMQySQnCgeAh1sPj2Leutm2,1754.4812432550007,1736.97283101,1763.8417716251545,1.0053352114228293,0.7055367086500619,0.9998013614651068,4051.984235608,7651.786628001,11723.86911650284
BUSDgu5JdqP1rndBvXvanbEufS94FNh1w5FJcAj6vawb,Bgzr8cWubt89JQFXndVjtdKmDbGzuPxNhvjH1EhWCwbo,Dxaf8xPBBQsasRKW5Aa4Sw2YrbfGofY9xZueyyF23FBW,12359.390773839996,12235.580301080008,12377.133270612087,1.0014355478434782,4.9508533082448345,1.0,6551.35865299,8507.69157143,15068.455013206152
FrnkTEL6yZ5Aycq2TrEgu29dCrwKG4LPUZydfiwqspkc,DjvZuMZ46fxKBoBpGMPcRcos4xdTtHFxwMh69DpA2ZFY,9rvDPJLAng4uVVqnnSoEXgNDFhBZQTny9AoQioYDZbQX,16.65607981699941,13.894999495999912,2915.927779488467,175.06687116811446,1.1663711117953868,147.03103898748546,173.073852608,1438.482306825,241801.04599468855
ercAoEmXjQzEvAFbdjAo81KtMxRGn9AW1ju882upmPH,CMRhskR2Eg6V42RTSdRTXGdozyPbWB8U9dVpijPWb9T4,7TKLLgrWswt6ZJ1pXhVR3FyufHGjJFqiEXxvWJfDcgRm,3.710432988999969,3.773485533999974,545.3594210575548,146.9799946999014,0.2181437684230219,143.88942615601843,304.67485041,788.073115656,158176.49627918244
B2izdXFYb2sNwbWWHmh75T4aQFtfXsUxem9u2p61HGzf,4DYwgJtxwuJdAjkj5RJSNH4e7U329V5cNp7d3a1nLrZv,EXNW64GEf1ACC6xY9BtKRiunrs6GoJSXBdxWN2eTPmrF,2647.0691700000134,2620.331710000002,2660.855060066216,1.005207982557631,0.2660855060066217,1.0,10381.054389,29552.661285,39987.78002418773
GokA1R67GqSavkd15zR62QD68Tuc5AEfvjssntVDEbM8,3YB7hfpBdbQEuZqLGWVDpRPmeZWCUsrrWyqGXegnQ6Cg,4DPCj6Z1DsG6HUtwSogBGqXEUxdEV5a8YVrrFtcnz7UW,89147.08754600004,89031.81020800002,89157.25147266792,1.0001140129974817,8.915725147266793,1.0,14196.024788,18211.046609,32408.689928338405
iLiUBQ7Z7im6Ew3b4ewwPcehzWgEQRJ1iQz7g6D62NW,GpugBvKWM3TVhYcZjemSdtehBWgfvuGr6uAm9iPjXT6v,92fMXJ3xy8tEyMUWLHKRLyhPw2nECBo77GtDiBBbYrjX,0.0011553950000688928,0.0011553950000688928,0.0011346928869101693,0.9820822202298874,4.538771547640677e-07,0.9998013614651068,1805.840138149,1156.638795719,2929.892534936834
SoNcU2iwHMw6dGzsYNQkYFkUjwN1UdAjrWVRnStrZu2,8ivTTid27jZnYNc4w3CTA1Z6QS2twsFb8WMwUabeDJgc,CyXm53PMvHCbeXJBykU46Rcbo28xk5srhMZFg7gv6EYB,1.6373685460000083,1.6256676970000026,285.58725482655194,174.41843226085186,0.11423490193062079,169.78052641131336,15.380618677,19.30141941,5959.668544759659
SUiuyGR7SFq3xeRVJonq84fjjeFwRSsFekcevJ53tzy,49GjCCPsv7fBqo6t3iKDrP1xxGDS8uWZbVCdfnp2gjMf,CEwj5xEbbJEjYqM8D6Ai8ByGz1mrh8mkAVsE5fzDSSSx,0.0068430000000001545,0.7833500000000413,5.652689909688432e-05,0.008260543489242005,2.261075963875373e-08,0.9427611967033527,645.638187,1.662669,6.900822138190429
Sid7E679i9ABqptiAVhkmQ27YHN8vaYT4fppPwmxFsJ,GP7KB8o1bv527HG8kTzzzf4wJ5aEGHvcMQvVhLziUfmT,9gYxhAZ1M9wu5pxr8SBoa5NDm21gi3s9vMHaYTME77sa,571.9869490000019,1322.2987440000143,4.724923067493364,0.008260543489242005,0.0018899692269973459,0.019037311703139777,129446.45462,11152.372365,1281.609256858689
WiiQFxXqp8P9Fs1rt9SVcDyA3KUdJmUsog6wnVQAwba,3S2jpqSYxho6wiz3cafhjXruVY8cg4HYa2v3BqBHYFSj,Dfe67M6TfrG74gKRtdqys4e6E9QirPD53BkF4FujFjuv,18914.877434116,18915.212629815993,18901.103387330204,0.999271787679631,1.8901103387330207,0.9998013614651068,16069.003199567,10746.393247934,26801.56015358487
ALLwa5WNZbvQsRKAqe1jdRGemdYQnW8E5k4msbRFcYtu,CGoM82Hbz7QVqTgvQatYtjvDWBvoUJp5qm21P8iMs9yb,3dxNNww8TivyN5FMy5dCNdi3Zcxv6e4kUfSPxfFwpdNq,1.5439296449999962,1.5220614300000006,4858.638779620468,3146.930169619536,1.9434555118481875,3104.230756097485,0.858828766,7.799016417,26912.620783223127
moFiBS1R4Lf3E3zzmBPnw3NF4RhWPkhREFviuzUaCAU,44ALBrpqi9PfZkBRTvbtRNtFJGsatfY4QydjtMbFWq8S,2ho8qEEie1UjVwWNBo9y4oAJZMyMLx8zPj9bxyUz6uWs,668.5222285549971,668.491550048002,668.5416563755314,1.0000290608445082,0.26741666255021257,0.9998013614651068,33275.521490498,31126.090148749,64396.39581305887
STK75uPSyBnEhGTTzb1nwmP3n427XoXmfRhXxxhyady,6TYyD5fUmDe6N65avW1Ny2RxzRNobw2RRgKwH9CTzSAU,54zDfk4cx2vGrEajPtodWpArNe5eUurytyxd4X3aZAxK,304.8774418439999,343.6583069390008,44845.60172335173,147.09386647995552,4.484560172335173,166.02029432077777,1829.28997097,321.761475959,322496.2696827839
KEN5P7p3asnb23Sw6yAmJRGvijfAzso3RqfyLAQhznt,9zj4aX38Uxf3h6AUjS4EipWS8mwbEofasHAf3a1uKGds,CwQDG1MWunn9cLNwcZLd8YBacweSR7ARo32w4mLua1Yr,33142.08366299933,33146.41394299967,33107.91629338456,0.9989690639260285,3.310791629338456,1.0,1164475.763177,1095371.486369,2258646.749474475
DFWzVTzNBrQZLjoQ4yQwkj9HuoXmfkuZP9V5vbymZe23,DhgiEgiNdqZdRdo195UUHnoEJUtefK8buko8nU97XJUZ,2K2kkXsouBHtWVjtcgkyiXd8eP3oVBvq1bTJzcVdLLr2,23.373107691997575,23.77524678399641,22.99472089073082,0.9838110187890717,0.00919788835629233,0.9998013614651068,45475.905730365,22540.180524528,67275.40032303856
TETFuZgEmET6d9vYmz9iMFCxK1jKdKYxf3oPz8hSzJK,Eu1Ze6Z84LWNkq7SNoAHBJbXx5t1P95EwyqYohrfCRFV,ASMbv7WNu3qe4pkhREmvyEdwFNDZQ6B6iSrjkj4u8bdC,180.16225448199992,180.058895888,179.91686838404706,0.9986379716513962,0.07196674735361884,0.9997920652458544,228.299253543,124.378572364,352.34101322384385
SoN9GaFpSXfpyR5dth3x7PHPVhvJMpQqqDJfCSmPv1t,9kZ9iS68ViMPtoeqtnhAKuF2iqVyfHPdZHoUNdwCELr,BBhm5fJLjw3HRzjtKB8uMEYjGhY6EDm9co3cqpjrSzB9,0.050005979000000256,0.04909220000000025,8.785517400711411,175.68933908305976,0.0035142069602845643,170.68350379779332,1.5427221,2.439056892,687.346602426546
HEDSDjj84KS7LKhZY7ejkCACTdPen62rKhCby1wXtgxc,EnnjMSFttpCTywBrYNt1J5QQeoSVkvzPipJDa8Y7kJow,6bjVT6JN2rSvpyn9PdfLYC8wJn4LWh49jpY47fnLDXZk,5.222971087994665,5.393267672994625,4.9405180403472535,0.9459210011143565,0.0019762072161389013,0.9998013614651068,39106.983234811,9061.853674448,46052.17037314546
Dg3mAgpwDfVNnbGWcsxL8sUcSkEbjSJQhKAWNigG44Ju,EATxwd8YA2wV93VJcKMmH2Kn2Y9XfJVUB9hHVu3udwEy,GiGvrRi7NMHfHKanG2B8xyCEqe8jaafWins8bhrLVEaa,0.03068369400000004,0.03027571000000001,5.404804976613125,176.14583748009994,0.0021619219906452497,174.96735109228618,0.206305655,0.253229224,80.64672891929075
7oAd7xG4m3oC2qeWB1szghTebAZyyGPAFDJ4wwwbRSNi,D9yh4KAysxt9GLacVe4Wwh2XqghhcjTCSTV9HuM7TBJd,HDYfJLpZKaMFb84jM4mRytn7XLR8UFZUnQpSfhJJaNEy,0.2061123820000148,9.122061989968643,0.20607144013843098,0.9998013614651068,8.24285760553724e-05,0.022628413818922735,951.811203978,300251.526324217,7745.837925022502
Lid8SLUxQ9RmF7XMqUA8c24RitTwzja8VSKngJxRcUa,4PgzyzLtds9bKZ2to9PMnKqJzKEUpjvNUaeN23phegax,AtymwxoVN9peZo7EXTcDz9jKVc4vRmisJKKrNfe3ewBa,61.84507381299534,52.353032091999694,10783.540933117425,174.36378143430252,1.0783540933117426,147.36860099744965,970.902972593,7671.966406126,1299897.2698773406
