0,1,2,3,4,5,6,7,8,9,10,11
WiiQFxXqp8P9Fs1rt9SVcDyA3KUdJmUsog6wnVQAwba,3S2jpqSYxho6wiz3cafhjXruVY8cg4HYa2v3BqBHYFSj,Dfe67M6TfrG74gKRtdqys4e6E9QirPD53BkF4FujFjuv,18850.905668626998,18855.232152829994,18847.68808555547,0.9998293141386367,1.8847688085555472,1.0,15162.701085397,11651.858494384,26811.971521085645
MATSnbbiTCv7Dc3trJrkrqjx7ckKdr6fwPoVwv9q3sD,631WX9JizSHJm4w6VanZeJAst9T8DeUUnPLesdGkCVtK,211maUSfpnXbPuW1iBu8b4dtJv5EbN1j7JJiEX5TZKEP,196.16042199999356,195.95544200000222,195.88442085101448,0.9985929824876749,0.0783537683404058,0.997165059735173,19725.324356,25829.100128,45453.4466512377
2jQoGQRixdcfuRPt9Zui7pk6ivnrQv79mf8h13Tyoa9K,,,5.924799999999981e-05,7.047299999999972e-05,0.0,0.0,0.0,0.997165059735173,19725.324356,25829.100128,25755.87617204288
iLiUBQ7Z7im6Ew3b4ewwPcehzWgEQRJ1iQz7g6D62NW,GpugBvKWM3TVhYcZjemSdtehBWgfvuGr6uAm9iPjXT6v,92fMXJ3xy8tEyMUWLHKRLyhPw2nECBo77GtDiBBbYrjX,0.0011553950000688928,0.0011553950000688928,0.0011347363988316046,0.9821198800098179,4.5389455953264186e-07,1.0,1805.840138149,1156.638795719,2930.190295514809
wrmcMSHFi3sWpAEy4rGDvQb3ezh3PhXoV2xNjgLBkKU,8p4mGnARWPBu6P2Gcw4adodLkNDorrXniZMhaY7eJXUn,AyY89zccbsgp9LKFgH4CFZMJmpSgqmPSdTfukhP227rc,0.0011637000000000175,0.011368049999997965,0.3687262357414504,316.85678073510775,0.00014749049429658016,3094.5381401825775,27.07933659,0.09609759,8877.64907378444
KEVpg4SYCVrqFxKijQH6hm4QxsRdoE51ud64bEEFUC9,2bPenuBYfqzD8p5dFjCcggwkHDsc2RQDnx9AoyYGUBjA,AE6n6iLuX8oYu61vt5hoDYkjswpnxFxrhSehxrnQTnbx,182.89463163799996,183.3333330000005,183.33642714331788,1.0024155739365403,0.07333457085732714,1.0,1726.187071586,5917.083102796,7647.4399068817165
Lid8SLUxQ9RmF7XMqUA8c24RitTwzja8VSKngJxRcUa,4PgzyzLtds9bKZ2to9PMnKqJzKEUpjvNUaeN23phegax,AtymwxoVN9peZo7EXTcDz9jKVc4vRmisJKKrNfe3ewBa,57.3895707839913,48.59213866799928,9804.523232313808,170.84155010005335,0.9804523232313809,144.61619224119667,972.602653799,7669.954465334,1275360.5544464132
JSoLLrxK5bYdHwTEWYaGgmeycBCNXKDiBCTw5hXGBg7,xG4wXczA7Dk4hccJ61CHKpDHW4NrNfQwgmWgkb9BuF2,BVR6WgfhsRr9Lob4QDnkEAiNGgAbv7ZieKcY9kSg3QYR,1.5367795110000486,1.307645953999991,261.7334573325259,170.31295345823858,0.10469338293301038,144.65669278057504,17.018980231,164.72045555,26726.469121161703
AUSejoEUCh2DBs9mof6BNC8Pubs22w4cJa1ccV9h44R,4xkyD7AfGQDwsQMy9MosRRNGoVJ1zosNinesxg1TzHG7,Cbm5gsQe3nSiCsFrvepVzMCD9xLK3ri9g3ypS2hdmVJ7,672.9116570000006,672.5204980000017,673.6398616904879,1.0010821698255814,0.06736398616904879,1.0,14077.892411,14799.236697,28892.363778374965
KysFMBBoavfov2tLpvefWW6tPFt6rAeZWDJVy1mMQae,B8ka2V21TH3x64dFV8ETcjuQcwmrciJ2qzy1mJUttRew,7fSf7EYxBANyxzk2s5pymFgshA91tFYQNKKs5UnLWcYS,23.97555500000226,30.378341999983604,0.0,0.0,0.0,0.01882226738980814,134426.336645,2669.123243,50.23895137609785
moFiBS1R4Lf3E3zzmBPnw3NF4RhWPkhREFviuzUaCAU,44ALBrpqi9PfZkBRTvbtRNtFJGsatfY4QydjtMbFWq8S,2ho8qEEie1UjVwWNBo9y4oAJZMyMLx8zPj9bxyUz6uWs,69.8341394880008,69.84433589499895,69.82425356070891,0.9998584370429081,0.027929701424283564,1.0,33944.040758598,30457.595638246,64396.831178058565
7dwD9TF6uikvHXxPFK9AsSim54yJoujQjY9vU6gNFumk,CquVr6atkvwueDYficKjn6SSEWq4F4rH4VSiBbW4GBWU,8BCa6ge3b7ho3TfZuM64Vk1hgbrJ3J7EPiAb9uP86CGd,0.0001259389999999994,0.00012567800000000016,0.02152347562627324,170.90397435483322,8.609390250509296e-06,171.5089062002356,0.003811697,0.003696205,1.2853662429782364
ALLwa5WNZbvQsRKAqe1jdRGemdYQnW8E5k4msbRFcYtu,CGoM82Hbz7QVqTgvQatYtjvDWBvoUJp5qm21P8iMs9yb,3dxNNww8TivyN5FMy5dCNdi3Zcxv6e4kUfSPxfFwpdNq,0.9641466469999963,0.9506501529999996,2983.5885718706368,3094.5381401825775,1.1934354287482547,3062.7214730465193,1.013914054,7.641550998,26541.538039924795
MARpDPs5A7XiyCWPNH8GsMWPLxmwNn9SBmKvPa9LzgA,6YjT74rmcfCpw8LSjPNx5JTmZoYLGrTKnf9arfSgZ4SR,F8GSmi3vA8M8TsybLya1LQ4n1aFHCRbZ6k437PeTdXtg,18397.902909000004,19327.74076800006,17395.10962910156,0.9454941530641575,6.958043851640624,1.0,297175.03918,14967.506856,295944.76883730193
FrnkTEL6yZ5Aycq2TrEgu29dCrwKG4LPUZydfiwqspkc,DjvZuMZ46fxKBoBpGMPcRcos4xdTtHFxwMh69DpA2ZFY,9rvDPJLAng4uVVqnnSoEXgNDFhBZQTny9AoQioYDZbQX,13.983936874998562,11.67122174100004,2422.1760493788315,173.21131173792435,0.9688704197515327,144.54752288910026,173.149122887,1438.386975568,237906.66097582752
BSCrK1Nx9PXU9mF7STWWBqeHLxmtJDr9h7jheEy4tAWX,FfSySSbVJPvEo5a5AvrP3nySoXpRE2QPn1uUMpJJ1x7v,HL7Vcj6838ZmvBHDbQxXfjBNckNi83WvPiZQoMQLFeRM,0.009278805999999973,0.009268523000000028,28.743594588817594,3097.7686772217976,0.01149743783552704,3093.19805747162,0.830047351,0.974241626,5584.816989589919
CZgvH45CRmoaNJ7395Ao5CQZXkGznvqU7cErD6n7FaRg,4ZjU6MKvtqVQKCiowhvZ5yUsPxXX5SCzd5eFsPeXyey5,BsyWeshjDbCvjDojry3vKDCesmFRM37WtwcR4Kfgzqr,2.2812843499999644,2.2088439600000243,2.357449536872089,1.0333869764512809,0.0009429798147488355,1.0,206.08591301,599.35162227,812.3181208046055
MATgk4zXLXtYkwBH678J1xZbRDZ45LicNzkRBHkxTuY,y8dALFo1bJrSzPYjMX14HJX448pXqYmrfXHD1K8MXih,GN7Yuet3UyiWS5YVkEHv6oQKi4HGBJc3XDPt9zQhAqZz,0.9323150000000169,0.9296599999997852,0.933385593275504,1.0011483171197364,0.0003733542373102016,1.0,3587.867014,4472.981619,8064.968642115514
parEAJhzYzHW87y9VoZAQ22dzQ2MD2ekEtTReaxbMcz,3oyc6hpjYSJEquK6dSvG72NXyz3pqLZz5D8AC71pwgQb,Di2vordgFJVZ1aj1aBpvzXtLfZgJsuLLXawGtVFwX6Rz,7.843787813000034,9.120376903000022,1095.8021306970832,139.70318382158896,0.4383208522788333,165.95378452626997,1102.159913611,140.886023731,177355.8178370015
BSCNHw8CmxbZ8hCWWzMf5FaG2ajPT6JxfznKUNuRVrn4,7n9kgNL633yGzCYksgnzHyjG73ZLBAwvEae5sbAekbzW,SscdxE99omdG9AiMVwmaEMQySQnCgeAh1sPj2Leutm2,553.6416398689998,553.4135907369991,554.3117767544425,1.0012104163364612,0.221724710701777,1.0,5494.519920333,6203.359653256,11704.530230261582
RoBgmK8CvjdHvPrqdDyVw54VwjZv2TqJ493xnqJAQHx,ExiHJxM7qPAcy27NDHAF6G7vnW7muNHi2sVJpnaNynGQ,6rkPHSqZb7StM4HwS9EuVrmfkV7tRdc7dnsFhyB6cefE,0.4761300000000013,30.960519000000204,0.0,0.0,0.0,0.9485389180775392,6353.465501,17.53959,16.636983722123627
STK75uPSyBnEhGTTzb1nwmP3n427XoXmfRhXxxhyady,6TYyD5fUmDe6N65avW1Ny2RxzRNobw2RRgKwH9CTzSAU,54zDfk4cx2vGrEajPtodWpArNe5eUurytyxd4X3aZAxK,334.5842974840005,376.5284856560025,48426.52680749719,144.73640027835705,4.84265268074972,163.07446240872721,1828.195892325,322.718500121,317233.6383753822
DFWzVTzNBrQZLjoQ4yQwkj9HuoXmfkuZP9V5vbymZe23,DhgiEgiNdqZdRdo195UUHnoEJUtefK8buko8nU97XJUZ,2K2kkXsouBHtWVjtcgkyiXd8eP3oVBvq1bTJzcVdLLr2,23.373107691997575,23.77524678399641,22.995602680159013,0.9838487454551107,0.009198241072063606,1.0,45475.905730365,22540.180524528,67281.59332578248
KZMu9QBEdL97EFgamLbN5DE1AoKBG4HdrKKJo4Vuon3,DD4ACBWyVqdaKWh7v5btsgqQCCMwbKnuL2xd9pv7Gyuw,GcYqiJ1MAuYbNTNYXm1F1gQYTfTgkErACAhNU5dpVj9T,32.34637392000025,33.203945590001354,31.43993848550616,0.971977216465255,0.012575975394202464,1.0,2264.62582911,830.87327184,3032.037981553658
C2ypsDADXcCRz8HbV2zX1AXPSja7a1P3xZtRC91xGhJh,J9bYNuDpY1d1T86gLaw7DGk5D3CsUAf2tzUwxMvb6FTv,A2NGvvPrMGzsJ4jb52KEnSBVmsA7C34dV1GC7PerdgvG,339.2173418380003,341.0291146979993,49111.711536434676,144.77948347313242,19.644684614573872,145.51319520929817,1392.711751721,832.25973552,322740.8614006884
GokA1R67GqSavkd15zR62QD68Tuc5AEfvjssntVDEbM8,3YB7hfpBdbQEuZqLGWVDpRPmeZWCUsrrWyqGXegnQ6Cg,4DPCj6Z1DsG6HUtwSogBGqXEUxdEV5a8YVrrFtcnz7UW,9407.077063000002,9406.809634999994,9407.180541985965,1.0000110001210014,0.9407180541985966,1.0,17626.684721,14771.556511,32398.435127664787
YakoMPuYrybnr9R7VC7hVGxMz94fJvPFCdZ4gmW61Ed,,,0.11111900000000019,0.111008,0.0,0.0,0.0,1.0,17626.684721,14771.556511,14771.556511
HEDSDjj84KS7LKhZY7ejkCACTdPen62rKhCby1wXtgxc,EnnjMSFttpCTywBrYNt1J5QQeoSVkvzPipJDa8Y7kJow,6bjVT6JN2rSvpyn9PdfLYC8wJn4LWh49jpY47fnLDXZk,5.238722050999058,5.409547567989648,5.074425680943403,0.968638082254369,0.0020297702723773613,1.0,39108.497436043,9060.386958917,46942.36691521559
BSC8REUo9LpiiWUuqMuLXs2D2yJsJfGd4HdiF3wCLxk5,AZjEH1zWVx1UJ6udMyRijGTzPteuLnaY18yNNmprJEsh,Caf8ypkSVR8xYnXNhjvfvdGCC7mrM3C11rz8Xi6NA6aK,1382.747210683,1382.2089483480004,1383.2996383100574,1.0003995145481324,0.5533198553240231,1.0,3144.604205129,3209.922130148,6355.782650405068
KEN5P7p3asnb23Sw6yAmJRGvijfAzso3RqfyLAQhznt,9zj4aX38Uxf3h6AUjS4EipWS8mwbEofasHAf3a1uKGds,CwQDG1MWunn9cLNwcZLd8YBacweSR7ARo32w4mLua1Yr,69848.3274169981,69858.30860700016,69844.83517523934,0.9999500024998749,6.984483517523934,1.0,1153345.092874,1085985.037084,2239272.4655865747
B2izdXFYb2sNwbWWHmh75T4aQFtfXsUxem9u2p61HGzf,4DYwgJtxwuJdAjkj5RJSNH4e7U329V5cNp7d3a1nLrZv,EXNW64GEf1ACC6xY9BtKRiunrs6GoJSXBdxWN2eTPmrF,3760.2778919999946,3721.90891,3795.695526962077,1.009418887640574,0.37956955269620773,1.0,10593.630463,29337.759742,40031.17042003676
SoN9GaFpSXfpyR5dth3x7PHPVhvJMpQqqDJfCSmPv1t,9kZ9iS68ViMPtoeqtnhAKuF2iqVyfHPdZHoUNdwCELr,BBhm5fJLjw3HRzjtKB8uMEYjGhY6EDm9co3cqpjrSzB9,0.3265809749999993,0.3205798810000007,56.399520973347215,172.6968969130775,0.022559808389338885,170.2426417299785,1.567723592,2.413559389,681.6317259113764
SAMyS8Jr2HJrkFwYVKbpUwsNStnQmvz3f8Tup8bWUWF,6jPzm5TFfquvgm25sTyN3MMGBfufRaFHMxobDWv6hMFW,Cj9ECoDmxsHTDzCY5ZA6RWrPbg9uFzEC1Qc2kso2vJG6,1685.9430026699993,33.244562909999956,1638.6981868542598,0.971977216465255,0.655479274741704,0.0188529634567919,449.57939598,110461.18287337,2519.501573990423
KwnjUuZhTMTSGAaavkLEmSyfobY16JNH4poL9oeeEvE,J63v6qEZmQpDqCD8bd4PXu2Pq5ZbyXrFcSa3Xt1HdAPQ,BnKQtTdLw9qPCDgZkWX3sURkBAoKCUYL1yahh6Mw7mRK,221.47183299998653,11401.228476000482,4.167893349936014,0.018819067388746755,0.0004167893349936014,1.0,279133.05377,543.226879,5796.250628324301
SoNcU2iwHMw6dGzsYNQkYFkUjwN1UdAjrWVRnStrZu2,8ivTTid27jZnYNc4w3CTA1Z6QS2twsFb8WMwUabeDJgc,CyXm53PMvHCbeXJBykU46Rcbo28xk5srhMZFg7gv6EYB,2.6795290160000107,2.6633719419999977,459.3188811013816,171.4177672115866,0.18372755244055264,167.19366108641103,15.74396309,18.934768455,5864.568259764368
BUSDgu5JdqP1rndBvXvanbEufS94FNh1w5FJcAj6vawb,Bgzr8cWubt89JQFXndVjtdKmDbGzuPxNhvjH1EhWCwbo,Dxaf8xPBBQsasRKW5Aa4Sw2YrbfGofY9xZueyyF23FBW,13129.385535530002,13004.756241530005,13147.206968992681,1.0013573699556961,5.258882787597073,1.0,6809.36578001,8248.92438025,15067.53298878713
Lee1XZJfJ9Hm2K1qTyeCz1LXNc1YBZaKZszvNY4KCDw,9DgFSWkPDGijNKcLGbr3p5xoJbHsPgXUTr6QvGBJ5vGN,2hNHZg7XBhuhHVZ3JDEi4buq2fPQwuWBdQ9xkH7t1GQX,9344.069953375969,8290.225342569014,1602035.9202732441,171.44947846783145,160.20359202732442,144.65550003356006,6741.885009538,53821.406921144,8941455.199463177
Dg3mAgpwDfVNnbGWcsxL8sUcSkEbjSJQhKAWNigG44Ju,EATxwd8YA2wV93VJcKMmH2Kn2Y9XfJVUB9hHVu3udwEy,GiGvrRi7NMHfHKanG2B8xyCEqe8jaafWins8bhrLVEaa,0.03616318799999996,0.035638322,6.250183721227658,172.8327635613228,0.0025000734884910634,171.47296822965993,0.206058803,0.253477973,79.0783327897758
BUSDTd9WiT6uBHJRgNvFXBsA7JrifsAtWzKfioN7ERcy,DyBxrn7gSc1EwnpWhDyhzvMHPtxpmBqRqotapLcKcfTM,Cds99GeBgoCpqBsoRWu1C6fF9LiUMd4pXQQD24s9LPff,404.79692941999997,404.41444199,403.258952199973,0.9962006203401034,0.0403258952199973,0.9999670010889641,167.27209126,96.88837408,263.5217379479617
BSCuChvaSj9b5HUSqgDVRzcnr2sSn7cXaamt1jbKH6hn,GnKpRj5kBVPMJfiwZtEuD9GYApLzPdW5JFuZTcyX4BTc,3dmwD9okkomV9nDwyuh4UMhKdUR13QpuKxRo89ycZB5t,1072.016208417,1074.1520785410005,1070.4653054368994,0.9985532840194732,0.42818612217475976,0.9998120353373565,1726.18082193,1386.365971367,3109.7889121045264
YAkoNb6HKmSxQN9L8hiBE5tPJRsniSSMzND1boHmZxe,CfWX7o2TswwbxusJ4hCaPobu2jLCb1hfXuXJQjVq3jQF,EnTrdMMpdhugeH6Ban6gYZWXughWxKtVGfCwFn78ZmY3,5993060.572913998,5993702.141838012,5993060.572913998,1.0,599.3060572913998,0.999745065008423,825534.770503,631296.488624,1456670.31956199
C98Sspw7XqnMsgxea3SLQVdbMDL8pKUc3RE82UvX9eq2,CSqgQJurPCzGxb4Cgwx5R61hWQUiaoUHcShNc8r1cKEL,6S2CR5EnukPhC914XkAns8m5GixjMAoUuZMsS5ubHuWc,51.25796600000001,51.29124000000013,0.0,0.0,0.0,1.0,913.132035,850.499356,850.499356
ALBpShJ9NLpE739pcHDF2LNVk5J4VYPvvKuV6jMPitZi,D6d156U1bPiJpDYRLextvDRccgFk7QzkQbJg42ceKEu5,GNcM8U5g8RwTZffwwm3kSQqUNPSwv5d2fbN9sLxPJqt2,2688.4488700000074,2684.783077,2692.7518875162586,1.0016005576911906,1.0771007550065035,1.0000720051843732,44516.386173,55792.422991,100384.0775519773
heyk4SZTeCUV6a65WiVA5bzic3KcxgVf1qxobfeV4tQ,9ZDpBKPqMABtGfq66FbVribaArMvtk63xxy91onZAtDt,DaTP4s6N7xxSPinbNZ3FB52EpRDRt87QShTuN3VPCW52,48.17097327300053,41.864822501999924,8039.09509237939,166.8867067895687,3.215638036951756,144.72636658233463,624.350644293,4475.19636997,751874.7332762156
TETFuZgEmET6d9vYmz9iMFCxK1jKdKYxf3oPz8hSzJK,Eu1Ze6Z84LWNkq7SNoAHBJbXx5t1P95EwyqYohrfCRFV,ASMbv7WNu3qe4pkhREmvyEdwFNDZQ6B6iSrjkj4u8bdC,8.758831354999984,8.714619835,8.78972064836795,1.0035266455210756,0.0035158882593471804,0.9999636143239656,56.949937541,295.789182249,352.9291995427948
SUiuyGR7SFq3xeRVJonq84fjjeFwRSsFekcevJ53tzy,49GjCCPsv7fBqo6t3iKDrP1xxGDS8uWZbVCdfnp2gjMf,CEwj5xEbbJEjYqM8D6Ai8ByGz1mrh8mkAVsE5fzDSSSx,4.078188000000074,6.960512000000064,0.03330728738591748,0.008167178017765949,1.3322914954366993e-05,0.9437452340865677,645.638187,1.662669,6.8421779529101405
AURHmCnNwiW4uA2Qj1XvEh4iKgRUZYXtiY7FKAapUV5Y,BKWm4TRnTeKwfWXRyuzjRHU7iZDkPuXBX5b5V5jSVfGJ,A5Ww74HVrkj9nPeC7pHKLfgeDMEhBCpW1efQdz3TGLEg,0.001329505999990488,0.0012660490000939717,0.21518069917800986,161.8501151401719,8.607227967120395e-05,144.72636658233463,289.929395077,1809.454712608,308800.91202677117
daob129AwBGn9Y5r91uLoWZeYiGzbPmksauMhFZKTze,6VW5GQNyj4LStgmxEHLr5zUfW92vQnmbw8jTnCH7a38F,4VPCCUifPeBA1c7HWK358CHn2nyjm8pdTRk6Ps3KmnMQ,13.567714571999858,12.125293483999975,2195.2600238914065,161.8002805293264,0.8781040095565626,144.72636658233463,48.076447046,224.314679491,40243.031152709475
vEnkoSUkpnbRrPgBz9DfcVxNz67zjwMYBZraAvDDNSf,DtfyjjsZ5yCjWKLKHvwsfXs5QVsmm1QkK6Sh9JZHoq1g,e5wrKCRv4GhHvEf1VD5Pq2KGaZDXP77nTL612Jyrxwy,1175.4896690000005,1175.9216199999996,1175.1265548945382,0.9996910954515056,0.11751265548945382,0.9998770151271392,1106.485361,840.222482,1946.262709984021
RajgMbScQbqqrdJfR2rxfHJiTiY5b6bJ2tTXiF4aPxy,725ZA3fhyBAKb5iopNRrcbSuQa3LXA1656Q3mBvYPxeg,GLA6i1dSZpUfk2f9Nj8uiG7xyDdAR2reff8oEiZH3617,17390.87452602001,17374.330708240013,17406.193020249408,1.0008808351878153,6.962477208099764,1.0,65688.22469997,115747.77689836,181493.86209807085
KEnkcdADoLR5jS2CLLLesy8TtFsyWL37BhXNfDMzWzP,3qsjFRuw1qeLMPo4DLwaQevenGAGBj9dA3Q6rb8ax2YR,77iEv8zPQAEyCcEbvBRSB6AFcUdfkhiqnAKtPxk76rNN,1.2068320000000088,1.2598029999999985,0.009856411781536588,0.008167178017765949,3.942564712614635e-06,0.9989451139596587,119.987883,0.291673,1.2713277186598282
SEQV6QiTpvTzrceiaYg9Avnwf7oc8ZALpnQMz6TyT4A,3dFMPj4r9mMmPHF32mz1gNDX7f8ftidWof7S8YiYTs1j,Fc1ED3YPeQfXQosHbd8DTaBd2AV5gHQtwiSAL5C5pUhi,927.3317002150006,926.938092692,926.4931220253244,0.9990957084832948,0.3705972488101298,0.9987595406505121,2398.752645309,3227.996594122,5620.575869207879
Cob4usZcpHEY7Qt4ZCwj6WVg9S44zvzYV2v9qYF65dTf,NhFM9UXE48PyNAyeyPYA3iXztqKVJwA4bTdLj4ysM8w,6TuFuynuBoeskxyR2cz4wxyidk8dpDK7kAWw3UkjQGx,27.662293999999946,3339.571529999972,0.22592287947777848,0.008167178017765949,9.036915179111139e-05,1.0,72267.789078,176.720502,766.9444003503878
Sid7E679i9ABqptiAVhkmQ27YHN8vaYT4fppPwmxFsJ,GP7KB8o1bv527HG8kTzzzf4wJ5aEGHvcMQvVhLziUfmT,9gYxhAZ1M9wu5pxr8SBoa5NDm21gi3s9vMHaYTME77sa,1140.4604549999985,2611.6966100000136,9.31434355820734,0.008167178017765949,0.0037257374232829363,0.0188529634567919,129379.120666,11181.345462,1267.4638076540953
