0,1,2,3,4,5,6,7,8,9,10,11
SUiuyGR7SFq3xeRVJonq84fjjeFwRSsFekcevJ53tzy,49GjCCPsv7fBqo6t3iKDrP1xxGDS8uWZbVCdfnp2gjMf,CEwj5xEbbJEjYqM8D6Ai8ByGz1mrh8mkAVsE5fzDSSSx,0.0068430000000001545,0.7833500000000413,5.734376827345661e-05,0.008379916450892198,2.2937507309382644e-08,0.942731867259582,645.638187,1.662669,6.977845115570135
moFiBS1R4Lf3E3zzmBPnw3NF4RhWPkhREFviuzUaCAU,44ALBrpqi9PfZkBRTvbtRNtFJGsatfY4QydjtMbFWq8S,2ho8qEEie1UjVwWNBo9y4oAJZMyMLx8zPj9bxyUz6uWs,668.5222285549971,668.491550048002,668.5672933334042,1.0000674095437403,0.2674269173333617,1.0,33275.521490498,31126.090148749,64403.85472696839
AUSejoEUCh2DBs9mof6BNC8Pubs22w4cJa1ccV9h44R,4xkyD7AfGQDwsQMy9MosRRNGoVJ1zosNinesxg1TzHG7,Cbm5gsQe3nSiCsFrvepVzMCD9xLK3ri9g3ypS2hdmVJ7,2110.9319819999982,2109.4011209999935,2110.4318096611087,0.999763056155691,0.21104318096611085,1.0,14441.554711,14435.600316,28873.73318950898
YakoMPuYrybnr9R7VC7hVGxMz94fJvPFCdZ4gmW61Ed,,,0.797196,0.793074,0.0,0.0,0.0,1.0,14441.554711,14435.600316,14435.600316
KEVpg4SYCVrqFxKijQH6hm4QxsRdoE51ud64bEEFUC9,2bPenuBYfqzD8p5dFjCcggwkHDsc2RQDnx9AoyYGUBjA,AE6n6iLuX8oYu61vt5hoDYkjswpnxFxrhSehxrnQTnbx,4200.174677984999,4193.2653049850005,4198.012562980649,0.9994852321224442,1.6792050251922597,1.0,3880.760895505,3762.477066449,7641.24027090452
SoN9GaFpSXfpyR5dth3x7PHPVhvJMpQqqDJfCSmPv1t,9kZ9iS68ViMPtoeqtnhAKuF2iqVyfHPdZHoUNdwCELr,BBhm5fJLjw3HRzjtKB8uMEYjGhY6EDm9co3cqpjrSzB9,0.09708646300000057,0.09525870100000033,17.06754557151474,175.7973773492463,0.006827018228605895,171.9440892843756,1.5427221,2.439056892,690.5879151664412
WiiQFxXqp8P9Fs1rt9SVcDyA3KUdJmUsog6wnVQAwba,3S2jpqSYxho6wiz3cafhjXruVY8cg4HYa2v3BqBHYFSj,Dfe67M6TfrG74gKRtdqys4e6E9QirPD53BkF4FujFjuv,18662.082833854995,18662.212629815993,18625.603007189162,0.9980452435566487,1.8625603007189162,1.0,20534.432970369,6286.161954205,26780.455109414605
SEQV6QiTpvTzrceiaYg9Avnwf7oc8ZALpnQMz6TyT4A,3dFMPj4r9mMmPHF32mz1gNDX7f8ftidWof7S8YiYTs1j,Fc1ED3YPeQfXQosHbd8DTaBd2AV5gHQtwiSAL5C5pUhi,3578.243004442,3581.8105244199996,3556.2480900982346,0.9938531524224428,1.4224992360392938,0.9993923694393809,4672.411135111,957.905624298,5601.014107610279
BUSDgu5JdqP1rndBvXvanbEufS94FNh1w5FJcAj6vawb,Bgzr8cWubt89JQFXndVjtdKmDbGzuPxNhvjH1EhWCwbo,Dxaf8xPBBQsasRKW5Aa4Sw2YrbfGofY9xZueyyF23FBW,2295.1460152999944,2291.4194388099986,2298.4408072127258,1.0014355478434782,0.9193763228850904,1.0,6904.98421269,8153.6969592,15068.593607085779
iLiUBQ7Z7im6Ew3b4ewwPcehzWgEQRJ1iQz7g6D62NW,GpugBvKWM3TVhYcZjemSdtehBWgfvuGr6uAm9iPjXT6v,92fMXJ3xy8tEyMUWLHKRLyhPw2nECBo77GtDiBBbYrjX,0.0011553950000688928,0.0011553950000688928,0.0011347363988316046,0.9821198800098179,4.5389455953264186e-07,1.0,1805.840138149,1156.638795719,2930.190295514809
MARpDPs5A7XiyCWPNH8GsMWPLxmwNn9SBmKvPa9LzgA,6YjT74rmcfCpw8LSjPNx5JTmZoYLGrTKnf9arfSgZ4SR,F8GSmi3vA8M8TsybLya1LQ4n1aFHCRbZ6k437PeTdXtg,12095.996792000002,12748.720627000032,11395.031433375885,0.9420498061732524,4.5580125733503545,1.0,297737.154534,14438.063899,294921.2926183304
STK75uPSyBnEhGTTzb1nwmP3n427XoXmfRhXxxhyady,6TYyD5fUmDe6N65avW1Ny2RxzRNobw2RRgKwH9CTzSAU,54zDfk4cx2vGrEajPtodWpArNe5eUurytyxd4X3aZAxK,343.4270673200001,387.1107346150027,50431.61112626911,146.8480965109186,5.043161112626911,165.51605422968,1830.051887774,321.977486942,322032.0794252533
vEnkoSUkpnbRrPgBz9DfcVxNz67zjwMYBZraAvDDNSf,DtfyjjsZ5yCjWKLKHvwsfXs5QVsmm1QkK6Sh9JZHoq1g,e5wrKCRv4GhHvEf1VD5Pq2KGaZDXP77nTL612Jyrxwy,1882.7685060000001,1882.3419289999993,1883.0754472979097,1.0001630265733314,0.18830754472979097,0.9990439149733704,831.975536,1114.869715,1945.9149748795753
wrmcMSHFi3sWpAEy4rGDvQb3ezh3PhXoV2xNjgLBkKU,8p4mGnARWPBu6P2Gcw4adodLkNDorrXniZMhaY7eJXUn,AyY89zccbsgp9LKFgH4CFZMJmpSgqmPSdTfukhP227rc,0.0016745500000000246,0.016406679999995788,0.5387870012870092,321.75032175032175,0.0002155148005148037,3158.759239370775,27.08062498,0.09596647,9016.334774297098
AURHmCnNwiW4uA2Qj1XvEh4iKgRUZYXtiY7FKAapUV5Y,BKWm4TRnTeKwfWXRyuzjRHU7iZDkPuXBX5b5V5jSVfGJ,A5Ww74HVrkj9nPeC7pHKLfgeDMEhBCpW1efQdz3TGLEg,11.106846660999736,9.88632109800011,1811.8262914680574,163.12697444811698,0.724730516587223,146.8480965109186,289.932595648,1798.348436418,311379.8718733175
KEN5P7p3asnb23Sw6yAmJRGvijfAzso3RqfyLAQhznt,9zj4aX38Uxf3h6AUjS4EipWS8mwbEofasHAf3a1uKGds,CwQDG1MWunn9cLNwcZLd8YBacweSR7ARo32w4mLua1Yr,36330.91405299888,36335.9138730003,36310.87045250909,0.9994483045358961,3.631087045250909,1.0,1162790.104929,1097057.113578,2259205.712480406
HEDSDjj84KS7LKhZY7ejkCACTdPen62rKhCby1wXtgxc,EnnjMSFttpCTywBrYNt1J5QQeoSVkvzPipJDa8Y7kJow,6bjVT6JN2rSvpyn9PdfLYC8wJn4LWh49jpY47fnLDXZk,5.222971087994665,5.393267672994625,5.003023802939145,0.9578884735622828,0.002001209521175658,1.0,39106.983234811,9061.853674448,46521.98215086689
RajgMbScQbqqrdJfR2rxfHJiTiY5b6bJ2tTXiF4aPxy,725ZA3fhyBAKb5iopNRrcbSuQa3LXA1656Q3mBvYPxeg,GLA6i1dSZpUfk2f9Nj8uiG7xyDdAR2reff8oEiZH3617,2648.2105167300033,2645.692214740011,2650.491344046295,1.0008612711496623,1.060196537618518,1.0,64814.57352247,116622.95869795,181493.35514267258
ALLwa5WNZbvQsRKAqe1jdRGemdYQnW8E5k4msbRFcYtu,CGoM82Hbz7QVqTgvQatYtjvDWBvoUJp5qm21P8iMs9yb,3dxNNww8TivyN5FMy5dCNdi3Zcxv6e4kUfSPxfFwpdNq,1.7333680889999956,1.7088721230000008,5464.418174080248,3152.485735002049,2.185767269632099,3111.484489249821,0.858828766,7.799016417,26973.964046524627
RoBgmK8CvjdHvPrqdDyVw54VwjZv2TqJ493xnqJAQHx,ExiHJxM7qPAcy27NDHAF6G7vnW7muNHi2sVJpnaNynGQ,6rkPHSqZb7StM4HwS9EuVrmfkV7tRdc7dnsFhyB6cefE,2.007096000000157,24.766212999999432,0.0,0.0,0.0,0.938821684903278,6328.723831,17.920173,16.823847009618227
KysFMBBoavfov2tLpvefWW6tPFt6rAeZWDJVy1mMQae,B8ka2V21TH3x64dFV8ETcjuQcwmrciJ2qzy1mJUttRew,7fSf7EYxBANyxzk2s5pymFgshA91tFYQNKKs5UnLWcYS,19.910472000000027,26.36818299998413,0.0,0.0,0.0,0.01952886915622513,134451.078315,2650.443036,51.760155256072096
JSoLLrxK5bYdHwTEWYaGgmeycBCNXKDiBCTw5hXGBg7,xG4wXczA7Dk4hccJ61CHKpDHW4NrNfQwgmWgkb9BuF2,BVR6WgfhsRr9Lob4QDnkEAiNGgAbv7ZieKcY9kSg3QYR,2.1287709250001114,1.810884086000005,367.3566706138798,172.56749718801265,0.14694266824555194,146.95956099064264,17.057663689,164.67561848,27144.254928368933
DFWzVTzNBrQZLjoQ4yQwkj9HuoXmfkuZP9V5vbymZe23,DhgiEgiNdqZdRdo195UUHnoEJUtefK8buko8nU97XJUZ,2K2kkXsouBHtWVjtcgkyiXd8eP3oVBvq1bTJzcVdLLr2,23.373107691997575,23.77524678399641,22.995602680159013,0.9838487454551107,0.009198241072063606,1.0,45475.905730365,22540.180524528,67281.59332578248
NorjjEePhxfwLF4vZjUHCrVVKLzQjEEGQFd3wgjEJmh,34M8pFVqgbV7aqHxvRT5tCv3vu2P1JJYT8J3VaxBK2oG,3AZWBSze3ucsY3xSeuLne3b2pauVqiaJ1SZSV5T9WGWw,1.6876850000044215,1.0,1.00034912062172,0.5927344976219492,0.00040013964824868806,1.0,38122.682546,2259.549989,24856.179075904358
KwnjUuZhTMTSGAaavkLEmSyfobY16JNH4poL9oeeEvE,J63v6qEZmQpDqCD8bd4PXu2Pq5ZbyXrFcSa3Xt1HdAPQ,BnKQtTdLw9qPCDgZkWX3sURkBAoKCUYL1yahh6Mw7mRK,160.61410300000034,8354.376939000096,3.15071921209904,0.019616703348267202,0.000315071921209904,1.0,278443.06475,556.502468,6018.637468583107
FrnkTEL6yZ5Aycq2TrEgu29dCrwKG4LPUZydfiwqspkc,DjvZuMZ46fxKBoBpGMPcRcos4xdTtHFxwMh69DpA2ZFY,9rvDPJLAng4uVVqnnSoEXgNDFhBZQTny9AoQioYDZbQX,20.916424390999737,17.45168900699997,3673.7891093577737,175.64135440561208,1.4695156437431094,147.08188077719242,173.067507376,1438.491730756,241973.88064115506
ACUSESXyNnwRLAg1dpSGMLSzUDdLjUMybY8rkXiAKhCP,AhFPQdu8GKBsxuhiH46UmCu1YpaLgNpoP325HnYtsgas,A8wxWpT3aFEr2XqZp1kDmbxbFfcBE95UUmdsNTDBJYbT,100.50026854499993,100.5350944270001,100.50026854499993,1.0,0.040200107417999974,0.9878964409894633,1044.997638794,1840.979146512,2863.6943855690242
KZMu9QBEdL97EFgamLbN5DE1AoKBG4HdrKKJo4Vuon3,DD4ACBWyVqdaKWh7v5btsgqQCCMwbKnuL2xd9pv7Gyuw,GcYqiJ1MAuYbNTNYXm1F1gQYTfTgkErACAhNU5dpVj9T,28.306334670000183,29.03114712000024,27.54992181271649,0.9732776120221118,0.011019968725086596,1.0,2247.53494351,847.49691692,3034.972359675665
SAMyS8Jr2HJrkFwYVKbpUwsNStnQmvz3f8Tup8bWUWF,6jPzm5TFfquvgm25sTyN3MMGBfufRaFHMxobDWv6hMFW,Cj9ECoDmxsHTDzCY5ZA6RWrPbg9uFzEC1Qc2kso2vJG6,1150.3196855900023,22.608247949999907,1119.5803966530639,0.9732776120221118,0.44783215866122555,0.019662135517377916,460.20551544,109924.07875231,2609.2498581576897
Sid7E679i9ABqptiAVhkmQ27YHN8vaYT4fppPwmxFsJ,GP7KB8o1bv527HG8kTzzzf4wJ5aEGHvcMQvVhLziUfmT,9gYxhAZ1M9wu5pxr8SBoa5NDm21gi3s9vMHaYTME77sa,704.6031149999981,1298.0697020000134,5.908072170195178,0.008384964591300727,0.0023632288680780714,0.019651613059424432,129790.862563,11005.09755,1304.559705598954
Dg3mAgpwDfVNnbGWcsxL8sUcSkEbjSJQhKAWNigG44Ju,EATxwd8YA2wV93VJcKMmH2Kn2Y9XfJVUB9hHVu3udwEy,GiGvrRi7NMHfHKanG2B8xyCEqe8jaafWins8bhrLVEaa,0.03068369400000004,0.03027571000000001,5.381492595112312,175.38607297779419,0.002152597038044925,174.67615041712665,0.206305655,0.253229224,80.41624468499788
KEnkcdADoLR5jS2CLLLesy8TtFsyWL37BhXNfDMzWzP,3qsjFRuw1qeLMPo4DLwaQevenGAGBj9dA3Q6rb8ax2YR,77iEv8zPQAEyCcEbvBRSB6AFcUdfkhiqnAKtPxk76rNN,0.010430999999999968,1.2497979999999984,8.746356565185761e-05,0.008384964591300727,3.498542626074305e-08,0.9991936507238658,119.987883,0.291673,1.2975319600277164
BUSDTd9WiT6uBHJRgNvFXBsA7JrifsAtWzKfioN7ERcy,DyBxrn7gSc1EwnpWhDyhzvMHPtxpmBqRqotapLcKcfTM,Cds99GeBgoCpqBsoRWu1C6fF9LiUMd4pXQQD24s9LPff,391.5600115400001,390.51215573999997,392.415434020467,1.002184652301706,0.039241543402046705,0.9996970917811904,113.59685762,150.53140294,264.33083299732664
daob129AwBGn9Y5r91uLoWZeYiGzbPmksauMhFZKTze,6VW5GQNyj4LStgmxEHLr5zUfW92vQnmbw8jTnCH7a38F,4VPCCUifPeBA1c7HWK358CHn2nyjm8pdTRk6Ps3KmnMQ,8.590169594999814,7.6782004839999445,1391.2490051712975,161.95826983219504,0.5564996020685191,147.27657627910443,48.245196028,224.128152581,40822.53543630037
BSCNHw8CmxbZ8hCWWzMf5FaG2ajPT6JxfznKUNuRVrn4,7n9kgNL633yGzCYksgnzHyjG73ZLBAwvEae5sbAekbzW,SscdxE99omdG9AiMVwmaEMQySQnCgeAh1sPj2Leutm2,1754.4812432550007,1736.97283101,1763.9094096057197,1.0053737629780684,0.7055637638422879,1.0,4051.984235608,7651.786628001,11725.545266482026
ercAoEmXjQzEvAFbdjAo81KtMxRGn9AW1ju882upmPH,CMRhskR2Eg6V42RTSdRTXGdozyPbWB8U9dVpijPWb9T4,7TKLLgrWswt6ZJ1pXhVR3FyufHGjJFqiEXxvWJfDcgRm,3.710432988999969,3.773485533999974,546.3017682357688,147.23396699397267,0.21852070729430753,142.63912913676654,304.67485041,788.073115656,157268.54978242965
heyk4SZTeCUV6a65WiVA5bzic3KcxgVf1qxobfeV4tQ,9ZDpBKPqMABtGfq66FbVribaArMvtk63xxy91onZAtDt,DaTP4s6N7xxSPinbNZ3FB52EpRDRt87QShTuN3VPCW52,29.276645114999383,25.526050076000047,4931.274298530804,168.43713749169814,1.9725097194123216,147.19049408463482,627.476543909,4471.598671108,763867.1706477988
MATSnbbiTCv7Dc3trJrkrqjx7ckKdr6fwPoVwv9q3sD,631WX9JizSHJm4w6VanZeJAst9T8DeUUnPLesdGkCVtK,211maUSfpnXbPuW1iBu8b4dtJv5EbN1j7JJiEX5TZKEP,150.60993999999846,150.56684300000416,150.73851995752224,1.0008537282301804,0.0602954079830089,0.9982630223411264,19713.162522,25841.278663,45526.385144636806
GokA1R67GqSavkd15zR62QD68Tuc5AEfvjssntVDEbM8,3YB7hfpBdbQEuZqLGWVDpRPmeZWCUsrrWyqGXegnQ6Cg,4DPCj6Z1DsG6HUtwSogBGqXEUxdEV5a8YVrrFtcnz7UW,90443.08385400001,90327.44630000004,90467.6005737555,1.000271073460908,9.04676005737555,1.0,13075.323545,19332.047228,32410.915146205833
SoNcU2iwHMw6dGzsYNQkYFkUjwN1UdAjrWVRnStrZu2,8ivTTid27jZnYNc4w3CTA1Z6QS2twsFb8WMwUabeDJgc,CyXm53PMvHCbeXJBykU46Rcbo28xk5srhMZFg7gv6EYB,1.7358829090000079,1.723292113000003,303.6818146352332,174.94372060508132,0.12147272585409329,170.2120416508866,15.399985519,19.281888008,5976.14028868366
YAkoNb6HKmSxQN9L8hiBE5tPJRsniSSMzND1boHmZxe,CfWX7o2TswwbxusJ4hCaPobu2jLCb1hfXuXJQjVq3jQF,EnTrdMMpdhugeH6Ban6gYZWXughWxKtVGfCwFn78ZmY3,5738494.368003025,5738621.0628080135,5738494.368003025,1.0,573.8494368003026,0.998577027735477,755246.705511,701933.353814,1456181.227630979
B2izdXFYb2sNwbWWHmh75T4aQFtfXsUxem9u2p61HGzf,4DYwgJtxwuJdAjkj5RJSNH4e7U329V5cNp7d3a1nLrZv,EXNW64GEf1ACC6xY9BtKRiunrs6GoJSXBdxWN2eTPmrF,2894.374966000016,2865.3053660000023,2923.073703622178,1.0099153488954555,0.2923073703622178,1.0,10462.456606,29470.413409,40036.608922552055
MATgk4zXLXtYkwBH678J1xZbRDZ45LicNzkRBHkxTuY,y8dALFo1bJrSzPYjMX14HJX448pXqYmrfXHD1K8MXih,GN7Yuet3UyiWS5YVkEHv6oQKi4HGBJc3XDPt9zQhAqZz,214.86356199999773,214.53380299999935,215.17793696590493,1.0014631376440981,0.08607117478636199,1.0,3416.131621,4644.994451,8066.124342771878
ALBpShJ9NLpE739pcHDF2LNVk5J4VYPvvKuV6jMPitZi,D6d156U1bPiJpDYRLextvDRccgFk7QzkQbJg42ceKEu5,GNcM8U5g8RwTZffwwm3kSQqUNPSwv5d2fbN9sLxPJqt2,9767.127656999997,9766.64970799999,9765.565166573346,0.9998400255959047,3.9062260666293382,0.9979442348761551,52002.468016,48308.204962,100203.04359121123
7oAd7xG4m3oC2qeWB1szghTebAZyyGPAFDJ4wwwbRSNi,D9yh4KAysxt9GLacVe4Wwh2XqghhcjTCSTV9HuM7TBJd,HDYfJLpZKaMFb84jM4mRytn7XLR8UFZUnQpSfhJJaNEy,0.2061123820000148,9.122061989968643,0.2061123820000148,1.0,8.244495280000592e-05,0.022629280764992495,951.811203978,300251.526324217,7746.287293286241
C98Sspw7XqnMsgxea3SLQVdbMDL8pKUc3RE82UvX9eq2,CSqgQJurPCzGxb4Cgwx5R61hWQUiaoUHcShNc8r1cKEL,6S2CR5EnukPhC914XkAns8m5GixjMAoUuZMsS5ubHuWc,44.22899800000005,44.26085000000012,0.0,0.0,0.0,1.0,904.015929,859.622054,859.622054
C2ypsDADXcCRz8HbV2zX1AXPSja7a1P3xZtRC91xGhJh,J9bYNuDpY1d1T86gLaw7DGk5D3CsUAf2tzUwxMvb6FTv,A2NGvvPrMGzsJ4jb52KEnSBVmsA7C34dV1GC7PerdgvG,597.7900847640013,600.9386776909982,88023.68886099041,147.24849258036934,35.20947554439616,145.22820070246883,2124.889156714,1247.167651067,494010.63916529354
Lee1XZJfJ9Hm2K1qTyeCz1LXNc1YBZaKZszvNY4KCDw,9DgFSWkPDGijNKcLGbr3p5xoJbHsPgXUTr6QvGBJ5vGN,2hNHZg7XBhuhHVZ3JDEi4buq2fPQwuWBdQ9xkH7t1GQX,595.8757742050284,502.9067620190117,104099.92430305829,174.70071583618312,10.409992430305829,147.15988774643765,6720.741011337,53846.508544881,9098164.418632451
Cob4usZcpHEY7Qt4ZCwj6WVg9S44zvzYV2v9qYF65dTf,NhFM9UXE48PyNAyeyPYA3iXztqKVJwA4bTdLj4ysM8w,6TuFuynuBoeskxyR2cz4wxyidk8dpDK7kAWw3UkjQGx,11.51754299999999,1401.6326249999547,0.09657419023378346,0.008384964591300727,3.862967609351339e-05,1.0,71856.047181,180.142573,782.6529842835195
TETFuZgEmET6d9vYmz9iMFCxK1jKdKYxf3oPz8hSzJK,Eu1Ze6Z84LWNkq7SNoAHBJbXx5t1P95EwyqYohrfCRFV,ASMbv7WNu3qe4pkhREmvyEdwFNDZQ6B6iSrjkj4u8bdC,180.16225448199992,180.058895888,179.51158637435543,0.9963884326963199,0.07180463454974219,0.9986338688673894,282.386591557,70.395625491,351.66618921135216
BSC8REUo9LpiiWUuqMuLXs2D2yJsJfGd4HdiF3wCLxk5,AZjEH1zWVx1UJ6udMyRijGTzPteuLnaY18yNNmprJEsh,Caf8ypkSVR8xYnXNhjvfvdGCC7mrM3C11rz8Xi6NA6aK,256.04679760199997,256.1506018709997,256.0740879296988,1.0001065833588016,0.10242963517187953,1.0,3136.028772559,3218.601366987,6354.964388025878
parEAJhzYzHW87y9VoZAQ22dzQ2MD2ekEtTReaxbMcz,3oyc6hpjYSJEquK6dSvG72NXyz3pqLZz5D8AC71pwgQb,Di2vordgFJVZ1aj1aBpvzXtLfZgJsuLLXawGtVFwX6Rz,4.991804740000049,5.779751139999746,717.4680464860512,143.72918891175303,0.2869872185944205,169.29757926470336,1101.238660033,141.669613015,182264.46194361566
Lid8SLUxQ9RmF7XMqUA8c24RitTwzja8VSKngJxRcUa,4PgzyzLtds9bKZ2to9PMnKqJzKEUpjvNUaeN23phegax,AtymwxoVN9peZo7EXTcDz9jKVc4vRmisJKKrNfe3ewBa,58.02339085199583,49.109970495999846,10082.758387644604,173.77058182213747,1.0082758387644604,147.03378454080908,970.697988482,7672.208843399,1296752.6562645142
BSCuChvaSj9b5HUSqgDVRzcnr2sSn7cXaamt1jbKH6hn,GnKpRj5kBVPMJfiwZtEuD9GYApLzPdW5JFuZTcyX4BTc,3dmwD9okkomV9nDwyuh4UMhKdUR13QpuKxRo89ycZB5t,46.33679304100019,46.41430779699999,46.26938040452601,0.9985451596442048,0.018507752161810408,0.9998520219007586,1726.186093052,1386.361872586,3109.831489253449
