0,1,2,3,4,5,6,7,8,9,10,11
RajgMbScQbqqrdJfR2rxfHJiTiY5b6bJ2tTXiF4aPxy,725ZA3fhyBAKb5iopNRrcbSuQa3LXA1656Q3mBvYPxeg,GLA6i1dSZpUfk2f9Nj8uiG7xyDdAR2reff8oEiZH3617,2916.330666560003,2914.5105220900004,2919.7530258717484,1.001173515524487,1.1679012103486994,1.0,65937.45627747,115491.37430954,181506.20921559678
KZMu9QBEdL97EFgamLbN5DE1AoKBG4HdrKKJo4Vuon3,DD4ACBWyVqdaKWh7v5btsgqQCCMwbKnuL2xd9pv7Gyuw,GcYqiJ1MAuYbNTNYXm1F1gQYTfTgkErACAhNU5dpVj9T,34.36570987999983,35.31874981000033,33.43465699280072,0.9729075031346592,0.01337386279712029,1.0,2252.47439474,842.67174244,3034.1209817012464
MAR3XM1n9xWPQ3HJjAcC85o8DopWFP5p2WxGTaZ3fPB,6qG7GUhER8Cg9gDEgnebph9LdS6eu2eoWcA4R7z9uizK,4QV4CwRXVMY227KkFF9voNAfwWHVvVajXSXDKbUHkWZR,0.30629300000000015,0.005993999999999999,0.2917320689733998,0.9524607776651758,0.00011669282758935993,0.01978004901970868,0.10448,24.619526,0.58648853317245
wrmcMSHFi3sWpAEy4rGDvQb3ezh3PhXoV2xNjgLBkKU,8p4mGnARWPBu6P2Gcw4adodLkNDorrXniZMhaY7eJXUn,AyY89zccbsgp9LKFgH4CFZMJmpSgqmPSdTfukhP227rc,0.0024689400000000306,0.024489710000000997,0.7865371137304972,318.57279388340237,0.0003146148454921989,3119.6381219778505,27.07914064,0.09611715,8926.528214962249
Sid7E679i9ABqptiAVhkmQ27YHN8vaYT4fppPwmxFsJ,GP7KB8o1bv527HG8kTzzzf4wJ5aEGHvcMQvVhLziUfmT,9gYxhAZ1M9wu5pxr8SBoa5NDm21gi3s9vMHaYTME77sa,527.9448180000018,1210.1117819999927,4.554969605600398,0.008627738070914038,0.0018219878422401593,0.019870019078000116,129353.954308,11191.746349,1338.4122496771747
KysFMBBoavfov2tLpvefWW6tPFt6rAeZWDJVy1mMQae,B8ka2V21TH3x64dFV8ETcjuQcwmrciJ2qzy1mJUttRew,7fSf7EYxBANyxzk2s5pymFgshA91tFYQNKKs5UnLWcYS,1.8756039999998393,2.484777999983635,0.0,0.0,0.0,0.019824977564568514,134441.592323,2657.579771,52.686459336126134
BUSD5rCfUDpCxKGMvYU2yThChxgHoioK74PTPociGnv2,CcFHbafgYDZ8yA8Me1PdtDiVb2eeaS61LbqyKKK5CsNZ,26R9s4nmF3CFDTkiePDwRmtscn8i7r2eygbSijditJ58,34.5708803,34.40940700000001,34.579357083595475,1.0002452001083546,0.0034579357083595473,1.0,76.69355107,71.18690082,147.89925715703248
daob129AwBGn9Y5r91uLoWZeYiGzbPmksauMhFZKTze,6VW5GQNyj4LStgmxEHLr5zUfW92vQnmbw8jTnCH7a38F,4VPCCUifPeBA1c7HWK358CHn2nyjm8pdTRk6Ps3KmnMQ,18.75451751800017,16.769725915999985,3035.129025513246,161.83455653285648,1.2140516102052985,144.43538834559516,47.817032964,224.599332802,40178.54017986436
MATgk4zXLXtYkwBH678J1xZbRDZ45LicNzkRBHkxTuY,y8dALFo1bJrSzPYjMX14HJX448pXqYmrfXHD1K8MXih,GN7Yuet3UyiWS5YVkEHv6oQKi4HGBJc3XDPt9zQhAqZz,982.8912179999998,983.2314229999997,984.0228442709113,1.001151324022626,0.3936091377083645,1.0,3586.937354,4473.910436,8064.977517143315
BUSDTd9WiT6uBHJRgNvFXBsA7JrifsAtWzKfioN7ERcy,DyBxrn7gSc1EwnpWhDyhzvMHPtxpmBqRqotapLcKcfTM,Cds99GeBgoCpqBsoRWu1C6fF9LiUMd4pXQQD24s9LPff,1079.6818325499999,1082.3761487100003,1082.076315946505,1.0022177676092316,0.10820763159465051,1.0000560031361756,110.63971011,153.43697078,264.3306470069457
7oAd7xG4m3oC2qeWB1szghTebAZyyGPAFDJ4wwwbRSNi,D9yh4KAysxt9GLacVe4Wwh2XqghhcjTCSTV9HuM7TBJd,HDYfJLpZKaMFb84jM4mRytn7XLR8UFZUnQpSfhJJaNEy,7.986054437991697,0.1805930000000444,7.985238889573426,0.9998978784298801,0.003194095555829371,0.02263541860908126,952.01731636,300242.404262227,7748.032599529383
MARpDPs5A7XiyCWPNH8GsMWPLxmwNn9SBmKvPa9LzgA,6YjT74rmcfCpw8LSjPNx5JTmZoYLGrTKnf9arfSgZ4SR,F8GSmi3vA8M8TsybLya1LQ4n1aFHCRbZ6k437PeTdXtg,31364.44177799997,32843.84404100006,29913.2598050763,0.9537316180152272,11.965303922030522,1.0,296281.97287,15809.419759,298382.9051330488
Lee1XZJfJ9Hm2K1qTyeCz1LXNc1YBZaKZszvNY4KCDw,9DgFSWkPDGijNKcLGbr3p5xoJbHsPgXUTr6QvGBJ5vGN,2hNHZg7XBhuhHVZ3JDEi4buq2fPQwuWBdQ9xkH7t1GQX,1363.1184637920442,1150.7931704209886,233357.15157687175,171.19359598996118,23.335715157687176,144.63384567944712,6907.967706548,54989.825078838,9135989.707058923
ALLwa5WNZbvQsRKAqe1jdRGemdYQnW8E5k4msbRFcYtu,CGoM82Hbz7QVqTgvQatYtjvDWBvoUJp5qm21P8iMs9yb,3dxNNww8TivyN5FMy5dCNdi3Zcxv6e4kUfSPxfFwpdNq,3.5528564719999984,3.514599167,11064.297194107932,3114.197626981408,4.425718877643173,3078.2775190314505,0.871589539,7.785338001,26679.733020595173
BerKDkt6v49dT1bHRedgnpsJS263C1DSJtEGvY9Mg35V,78XKqNb8wbfsMMrvo8WPUpdx7GEkfQutpNVH943aCGFa,DKYQwn4nDvFHCszi5tXbqfVMAP7DaXXp1KGTXEnYnKVH,0.0011303460000817722,0.0011303460000817722,0.0011324613427432639,1.0018714116397445,4.529845370973056e-07,0.9998978784298801,1338.317413093,1686.888382613,3027.5380708002854
KEN5P7p3asnb23Sw6yAmJRGvijfAzso3RqfyLAQhznt,9zj4aX38Uxf3h6AUjS4EipWS8mwbEofasHAf3a1uKGds,CwQDG1MWunn9cLNwcZLd8YBacweSR7ARo32w4mLua1Yr,191124.88592700032,191164.48530700034,191054.3868582496,0.999631136110775,19.10543868582496,1.0,1190873.572191,1046906.270745,2237340.5726785865
parEAJhzYzHW87y9VoZAQ22dzQ2MD2ekEtTReaxbMcz,3oyc6hpjYSJEquK6dSvG72NXyz3pqLZz5D8AC71pwgQb,Di2vordgFJVZ1aj1aBpvzXtLfZgJsuLLXawGtVFwX6Rz,12.367548658000032,14.561970799999472,1747.2370887210138,141.2759421480668,0.6988948354884056,166.09427810194765,1100.697512995,142.125126433,179108.24844343978
BSC8REUo9LpiiWUuqMuLXs2D2yJsJfGd4HdiF3wCLxk5,AZjEH1zWVx1UJ6udMyRijGTzPteuLnaY18yNNmprJEsh,Caf8ypkSVR8xYnXNhjvfvdGCC7mrM3C11rz8Xi6NA6aK,294.6617339530003,294.4706323380001,295.53064310180633,1.0029488360675454,0.11821225724072255,0.9998978784298801,2436.578122779,3918.602074831,6361.965093263286
B2izdXFYb2sNwbWWHmh75T4aQFtfXsUxem9u2p61HGzf,4DYwgJtxwuJdAjkj5RJSNH4e7U329V5cNp7d3a1nLrZv,EXNW64GEf1ACC6xY9BtKRiunrs6GoJSXBdxWN2eTPmrF,12288.592792000007,12179.420580999997,12414.4881159842,1.0102448934646246,1.2414488115984204,1.0,10538.900599,29392.657363,40039.52787587102
AURHmCnNwiW4uA2Qj1XvEh4iKgRUZYXtiY7FKAapUV5Y,BKWm4TRnTeKwfWXRyuzjRHU7iZDkPuXBX5b5V5jSVfGJ,A5Ww74HVrkj9nPeC7pHKLfgeDMEhBCpW1efQdz3TGLEg,0.010116188000097281,0.009285370999862153,1.638094146253582,161.92800551332473,0.0006552376585014329,144.63574932889014,289.929526447,1809.45456451,308659.52677146986
heyk4SZTeCUV6a65WiVA5bzic3KcxgVf1qxobfeV4tQ,9ZDpBKPqMABtGfq66FbVribaArMvtk63xxy91onZAtDt,DaTP4s6N7xxSPinbNZ3FB52EpRDRt87QShTuN3VPCW52,77.92581055800008,67.71920692200035,12937.347622790227,166.0213417114343,5.174939049116091,144.58323953495668,631.194930147,4467.292606704,750687.4662122854
RoBgmK8CvjdHvPrqdDyVw54VwjZv2TqJ493xnqJAQHx,ExiHJxM7qPAcy27NDHAF6G7vnW7muNHi2sVJpnaNynGQ,6rkPHSqZb7StM4HwS9EuVrmfkV7tRdc7dnsFhyB6cefE,2.4847780000000057,0.03830999999999918,0.0,0.0,0.0,0.9499851802311884,6338.209823,17.77254,16.883649615066005
ercAoEmXjQzEvAFbdjAo81KtMxRGn9AW1ju882upmPH,CMRhskR2Eg6V42RTSdRTXGdozyPbWB8U9dVpijPWb9T4,7TKLLgrWswt6ZJ1pXhVR3FyufHGjJFqiEXxvWJfDcgRm,0.7245133889997533,0.7128804470000318,104.63001862795153,144.41419608877257,0.04185200745118062,141.40773378693163,314.467665154,800.168841501,158563.65758269912
vEnkoSUkpnbRrPgBz9DfcVxNz67zjwMYBZraAvDDNSf,DtfyjjsZ5yCjWKLKHvwsfXs5QVsmm1QkK6Sh9JZHoq1g,e5wrKCRv4GhHvEf1VD5Pq2KGaZDXP77nTL612Jyrxwy,713.201771,713.3340270000002,712.9558012485693,0.9996551189839505,0.07129558012485693,0.9994353190447398,1095.987847,850.599435,1945.7289792962492
Lid8SLUxQ9RmF7XMqUA8c24RitTwzja8VSKngJxRcUa,4PgzyzLtds9bKZ2to9PMnKqJzKEUpjvNUaeN23phegax,AtymwxoVN9peZo7EXTcDz9jKVc4vRmisJKKrNfe3ewBa,97.0436154969957,82.16912953999918,16557.755732550286,170.62179358994396,1.6557755732550288,144.4105673299107,973.142296057,7669.311162974,1273568.860046174
C2ypsDADXcCRz8HbV2zX1AXPSja7a1P3xZtRC91xGhJh,J9bYNuDpY1d1T86gLaw7DGk5D3CsUAf2tzUwxMvb6FTv,A2NGvvPrMGzsJ4jb52KEnSBVmsA7C34dV1GC7PerdgvG,61.4158626370002,61.76327310799985,8864.859612272696,144.34153053696636,3.5459438449090785,144.54213244164328,508.710601169,304.381462881,117424.01249364036
SAMyS8Jr2HJrkFwYVKbpUwsNStnQmvz3f8Tup8bWUWF,6jPzm5TFfquvgm25sTyN3MMGBfufRaFHMxobDWv6hMFW,Cj9ECoDmxsHTDzCY5ZA6RWrPbg9uFzEC1Qc2kso2vJG6,1016.3332114600053,20.26600401999997,988.7982071143833,0.9729075031346592,0.3955192828457534,0.019762011299284097,461.73083035,109847.66465204,2620.032179329696
SUiuyGR7SFq3xeRVJonq84fjjeFwRSsFekcevJ53tzy,49GjCCPsv7fBqo6t3iKDrP1xxGDS8uWZbVCdfnp2gjMf,CEwj5xEbbJEjYqM8D6Ai8ByGz1mrh8mkAVsE5fzDSSSx,4.9140000000000255,9.092998999999907,0.0423967048804718,0.008627738070914038,1.6958681952188722e-05,0.9535442763981582,642.730267,1.688265,7.155143821717981
GokA1R67GqSavkd15zR62QD68Tuc5AEfvjssntVDEbM8,3YB7hfpBdbQEuZqLGWVDpRPmeZWCUsrrWyqGXegnQ6Cg,4DPCj6Z1DsG6HUtwSogBGqXEUxdEV5a8YVrrFtcnz7UW,12842.884109999985,12841.637042000006,12845.723014786252,1.0002210488517962,1.2845723014786252,1.0,13048.479856,19349.026059,32400.390266489856
JSoLLrxK5bYdHwTEWYaGgmeycBCNXKDiBCTw5hXGBg7,xG4wXczA7Dk4hccJ61CHKpDHW4NrNfQwgmWgkb9BuF2,BVR6WgfhsRr9Lob4QDnkEAiNGgAbv7ZieKcY9kSg3QYR,0.7826380389998633,0.6686611229999961,132.51209609349814,169.31466334403572,0.05300483843739926,144.51986454442135,17.070838736,163.883482769,26574.762044430056
KEVpg4SYCVrqFxKijQH6hm4QxsRdoE51ud64bEEFUC9,2bPenuBYfqzD8p5dFjCcggwkHDsc2RQDnx9AoyYGUBjA,AE6n6iLuX8oYu61vt5hoDYkjswpnxFxrhSehxrnQTnbx,3951.5007873420004,3950.927134849,3957.8514092728174,1.0016071417602042,1.583140563709127,0.9998978784298801,1909.081703224,5733.749769796,7645.314098419726
MATSnbbiTCv7Dc3trJrkrqjx7ckKdr6fwPoVwv9q3sD,631WX9JizSHJm4w6VanZeJAst9T8DeUUnPLesdGkCVtK,211maUSfpnXbPuW1iBu8b4dtJv5EbN1j7JJiEX5TZKEP,735.0660040000002,734.312194999995,736.0943277759031,1.0013989543392119,0.29443773111036126,0.9997490629851907,19789.457526,25764.829932,45575.50665596644
HEDSDjj84KS7LKhZY7ejkCACTdPen62rKhCby1wXtgxc,EnnjMSFttpCTywBrYNt1J5QQeoSVkvzPipJDa8Y7kJow,6bjVT6JN2rSvpyn9PdfLYC8wJn4LWh49jpY47fnLDXZk,17.574964158999137,18.060203170998648,17.021742629515096,0.9685221816397976,0.0068086970518060385,0.9998978784298801,39110.921985288,9058.037321219,46936.907787360615
AUSejoEUCh2DBs9mof6BNC8Pubs22w4cJa1ccV9h44R,4xkyD7AfGQDwsQMy9MosRRNGoVJ1zosNinesxg1TzHG7,Cbm5gsQe3nSiCsFrvepVzMCD9xLK3ri9g3ypS2hdmVJ7,2736.965297999999,2739.2855439999985,2737.770202439516,1.0002940864614196,0.2737770202439516,1.0,14351.584616,14525.310404,28881.11562673548
ALBpShJ9NLpE739pcHDF2LNVk5J4VYPvvKuV6jMPitZi,D6d156U1bPiJpDYRLextvDRccgFk7QzkQbJg42ceKEu5,GNcM8U5g8RwTZffwwm3kSQqUNPSwv5d2fbN9sLxPJqt2,38.225044000006164,38.130897999995796,38.31623664321702,1.002385677913434,0.01532649465728681,0.9994782723418376,42012.576135,58299.898822,100382.28676228822
BSCNHw8CmxbZ8hCWWzMf5FaG2ajPT6JxfznKUNuRVrn4,7n9kgNL633yGzCYksgnzHyjG73ZLBAwvEae5sbAekbzW,SscdxE99omdG9AiMVwmaEMQySQnCgeAh1sPj2Leutm2,110.41347320600016,110.24687431399889,110.5426560068335,1.0011699912798895,0.044217062402733404,0.9998978784298801,5294.901074379,6402.964938696,11703.407120326938
BSCuChvaSj9b5HUSqgDVRzcnr2sSn7cXaamt1jbKH6hn,GnKpRj5kBVPMJfiwZtEuD9GYApLzPdW5JFuZTcyX4BTc,3dmwD9okkomV9nDwyuh4UMhKdUR13QpuKxRo89ycZB5t,385.58277964599984,385.461516867,385.3329397864987,0.9993520461164512,0.1541331759145995,1.0002140458058024,1610.17969166,1501.808198044,3111.266023265488
ACUSESXyNnwRLAg1dpSGMLSzUDdLjUMybY8rkXiAKhCP,AhFPQdu8GKBsxuhiH46UmCu1YpaLgNpoP325HnYtsgas,A8wxWpT3aFEr2XqZp1kDmbxbFfcBE95UUmdsNTDBJYbT,0.06079791100000875,0.06159438499980752,0.06079170222187742,0.9998978784298801,2.4316680888750972e-05,0.9877777263760199,1044.551691297,1841.390268127,2863.329312459631
WiiQFxXqp8P9Fs1rt9SVcDyA3KUdJmUsog6wnVQAwba,3S2jpqSYxho6wiz3cafhjXruVY8cg4HYa2v3BqBHYFSj,Dfe67M6TfrG74gKRtdqys4e6E9QirPD53BkF4FujFjuv,14109.228617568002,14142.834342121998,14078.537082920882,0.9978247191622578,1.4078537082920881,0.9998978784298801,20687.109718073,6130.921479159,26772.404824546273
C98Sspw7XqnMsgxea3SLQVdbMDL8pKUc3RE82UvX9eq2,CSqgQJurPCzGxb4Cgwx5R61hWQUiaoUHcShNc8r1cKEL,6S2CR5EnukPhC914XkAns8m5GixjMAoUuZMsS5ubHuWc,40.879749000000174,40.886424000000034,0.0,0.0,0.0,1.0,895.71526,867.886299,867.886299
FrnkTEL6yZ5Aycq2TrEgu29dCrwKG4LPUZydfiwqspkc,DjvZuMZ46fxKBoBpGMPcRcos4xdTtHFxwMh69DpA2ZFY,9rvDPJLAng4uVVqnnSoEXgNDFhBZQTny9AoQioYDZbQX,60.052478386003884,50.6234369299998,10379.681619820982,172.84351784955007,4.151872647928393,144.04558063117028,173.21593234,1438.301269234,237120.19254259596
iLiUBQ7Z7im6Ew3b4ewwPcehzWgEQRJ1iQz7g6D62NW,GpugBvKWM3TVhYcZjemSdtehBWgfvuGr6uAm9iPjXT6v,92fMXJ3xy8tEyMUWLHKRLyhPw2nECBo77GtDiBBbYrjX,13.941426395999997,13.685261999999966,13.690753141778059,0.9820195403897939,0.005476301256711224,0.9998978784298801,1805.840138149,1156.637640324,2929.8898251546334
BUSDgu5JdqP1rndBvXvanbEufS94FNh1w5FJcAj6vawb,Bgzr8cWubt89JQFXndVjtdKmDbGzuPxNhvjH1EhWCwbo,Dxaf8xPBBQsasRKW5Aa4Sw2YrbfGofY9xZueyyF23FBW,7722.635621390007,7708.083195630006,7741.527580806553,1.002446309827725,3.096611032322621,1.0,6301.21175148,8752.59059444,15069.217062154221
Cob4usZcpHEY7Qt4ZCwj6WVg9S44zvzYV2v9qYF65dTf,NhFM9UXE48PyNAyeyPYA3iXztqKVJwA4bTdLj4ysM8w,6TuFuynuBoeskxyR2cz4wxyidk8dpDK7kAWw3UkjQGx,127.18548699999343,1098.487702000013,1.0959801041056336,0.008617178971887652,0.00043839204164225346,1.0,71571.00315,182.556597,799.296740341085
SRMuKizofcAMicegrfSv7xs9q76tH1w8aAF7oX9FEWu,72Hj2KWntXPfbie4UgKeTPnm1XVkomDfCnRPKbvfTtPi,6aqJQ5wedqpUt4fFEDUqUmXhrdxCu4bEJsQdVPCADLko,1.6142889999973704,1.6077079999995476,0.07396272222230793,0.04581752227911384,2.9585088888923168e-05,0.04583593165770918,16958.427081,4932.720622,1003.0889559190098
SoNcU2iwHMw6dGzsYNQkYFkUjwN1UdAjrWVRnStrZu2,8ivTTid27jZnYNc4w3CTA1Z6QS2twsFb8WMwUabeDJgc,CyXm53PMvHCbeXJBykU46Rcbo28xk5srhMZFg7gv6EYB,1.8544895339999954,1.8411725080000103,316.3741178750586,170.5990312022216,0.12654964715002345,168.75945263884094,15.609871157,19.068700319,5881.052324944234
YAkoNb6HKmSxQN9L8hiBE5tPJRsniSSMzND1boHmZxe,CfWX7o2TswwbxusJ4hCaPobu2jLCb1hfXuXJQjVq3jQF,EnTrdMMpdhugeH6Ban6gYZWXughWxKtVGfCwFn78ZmY3,6543489.440595984,6543452.549011001,6543489.440595984,1.0,654.3489440595985,0.9988762642027719,1055527.589951,387112.971436,1442205.5486834259
STK75uPSyBnEhGTTzb1nwmP3n427XoXmfRhXxxhyady,6TYyD5fUmDe6N65avW1Ny2RxzRNobw2RRgKwH9CTzSAU,54zDfk4cx2vGrEajPtodWpArNe5eUurytyxd4X3aZAxK,587.9921900819969,661.5174200839965,84705.74161034625,144.05929711163992,8.470574161034625,162.25890355168514,1853.955216973,326.566424981,320067.795487799
DFWzVTzNBrQZLjoQ4yQwkj9HuoXmfkuZP9V5vbymZe23,DhgiEgiNdqZdRdo195UUHnoEJUtefK8buko8nU97XJUZ,2K2kkXsouBHtWVjtcgkyiXd8eP3oVBvq1bTJzcVdLLr2,0.0011542869979166426,0.0011542869979166426,0.0011355857180770624,0.9837984141956603,4.5423428723082495e-07,0.9998978784298801,45452.130483581,22563.55363222,67276.98329825682
KwnjUuZhTMTSGAaavkLEmSyfobY16JNH4poL9oeeEvE,J63v6qEZmQpDqCD8bd4PXu2Pq5ZbyXrFcSa3Xt1HdAPQ,BnKQtTdLw9qPCDgZkWX3sURkBAoKCUYL1yahh6Mw7mRK,142.5628699999827,3652.258673000042,2.8277043757265643,0.019834788509286518,0.00028277043757265644,1.0,278267.9478,559.932048,6079.317941526181
SoN9GaFpSXfpyR5dth3x7PHPVhvJMpQqqDJfCSmPv1t,9kZ9iS68ViMPtoeqtnhAKuF2iqVyfHPdZHoUNdwCELr,BBhm5fJLjw3HRzjtKB8uMEYjGhY6EDm9co3cqpjrSzB9,0.3801901000000001,0.3727241159999999,65.31293130075757,171.79019469669925,0.02612517252030303,168.87096755127473,1.534117752,2.447659322,676.8849852457797
