0,1,2,3,4,5,6,7,8,9,10,11
BSCNHw8CmxbZ8hCWWzMf5FaG2ajPT6JxfznKUNuRVrn4,7n9kgNL633yGzCYksgnzHyjG73ZLBAwvEae5sbAekbzW,SscdxE99omdG9AiMVwmaEMQySQnCgeAh1sPj2Leutm2,2308.1228831240005,2290.386421746999,2320.1720936476154,1.0052203505332031,0.9280688374590461,0.9999886141296396,4051.984235608,7651.786628001,11724.836519423316
TETFuZgEmET6d9vYmz9iMFCxK1jKdKYxf3oPz8hSzJK,Eu1Ze6Z84LWNkq7SNoAHBJbXx5t1P95EwyqYohrfCRFV,ASMbv7WNu3qe4pkhREmvyEdwFNDZQ6B6iSrjkj4u8bdC,13.125834278999946,13.061172926000005,13.109610231775019,0.9987639606839404,0.005243844092710008,0.9995988499859132,191.754980488,160.892840038,352.3462616660189
7dwD9TF6uikvHXxPFK9AsSim54yJoujQjY9vU6gNFumk,CquVr6atkvwueDYficKjn6SSEWq4F4rH4VSiBbW4GBWU,8BCa6ge3b7ho3TfZuM64Vk1hgbrJ3J7EPiAb9uP86CGd,0.0001259389999999994,0.00012567800000000016,0.02171081325690633,172.3915010989958,8.684325302762531e-06,172.74779202409624,0.003811697,0.003696205,1.2956154201829637
SEQV6QiTpvTzrceiaYg9Avnwf7oc8ZALpnQMz6TyT4A,3dFMPj4r9mMmPHF32mz1gNDX7f8ftidWof7S8YiYTs1j,Fc1ED3YPeQfXQosHbd8DTaBd2AV5gHQtwiSAL5C5pUhi,927.3317002150006,926.938092692,922.3835267442214,0.9946640738479747,0.36895341069768856,0.9993913706552708,4670.937083055,959.373039289,5604.802444423809
HEDSDjj84KS7LKhZY7ejkCACTdPen62rKhCby1wXtgxc,EnnjMSFttpCTywBrYNt1J5QQeoSVkvzPipJDa8Y7kJow,6bjVT6JN2rSvpyn9PdfLYC8wJn4LWh49jpY47fnLDXZk,6.753306861997771,6.875587510989135,6.541507292958375,0.9686376506550834,0.00261660291718335,0.9999886141296396,39106.983234811,9061.853674448,46942.2468621319
Lee1XZJfJ9Hm2K1qTyeCz1LXNc1YBZaKZszvNY4KCDw,9DgFSWkPDGijNKcLGbr3p5xoJbHsPgXUTr6QvGBJ5vGN,2hNHZg7XBhuhHVZ3JDEi4buq2fPQwuWBdQ9xkH7t1GQX,9259.561070120035,8218.752422616,1602179.8066842156,173.02977911710516,160.21798066842155,145.98917373485418,6735.059872217,53829.513575985,9023892.131537352
SAMyS8Jr2HJrkFwYVKbpUwsNStnQmvz3f8Tup8bWUWF,6jPzm5TFfquvgm25sTyN3MMGBfufRaFHMxobDWv6hMFW,Cj9ECoDmxsHTDzCY5ZA6RWrPbg9uFzEC1Qc2kso2vJG6,923.2719402200164,18.055847609999944,897.8619181965231,0.972478290613448,0.3591447672786092,0.01890813849996655,449.59709141,110460.33254724,2525.822677474752
iLiUBQ7Z7im6Ew3b4ewwPcehzWgEQRJ1iQz7g6D62NW,GpugBvKWM3TVhYcZjemSdtehBWgfvuGr6uAm9iPjXT6v,92fMXJ3xy8tEyMUWLHKRLyhPw2nECBo77GtDiBBbYrjX,0.0011553950000688928,0.0011553950000688928,0.0011347234780781721,0.9821086970347906,4.538893912312689e-07,0.9999886141296396,1805.840138149,1156.638795719,2930.156931510259
SoNcU2iwHMw6dGzsYNQkYFkUjwN1UdAjrWVRnStrZu2,8ivTTid27jZnYNc4w3CTA1Z6QS2twsFb8WMwUabeDJgc,CyXm53PMvHCbeXJBykU46Rcbo28xk5srhMZFg7gv6EYB,2.5508584130000074,2.5343766520000024,441.5697582189171,173.10633783848348,0.17662790328756686,171.4586795727044,15.598664025,19.081449228,5971.907693507128
WiiQFxXqp8P9Fs1rt9SVcDyA3KUdJmUsog6wnVQAwba,3S2jpqSYxho6wiz3cafhjXruVY8cg4HYa2v3BqBHYFSj,Dfe67M6TfrG74gKRtdqys4e6E9QirPD53BkF4FujFjuv,16817.493890473997,16817.98894740799,16811.800943943952,0.9996614866301055,1.6811800943943953,0.9999886141296396,14894.055283787,11920.584119173,26809.46183988909
SoN9GaFpSXfpyR5dth3x7PHPVhvJMpQqqDJfCSmPv1t,9kZ9iS68ViMPtoeqtnhAKuF2iqVyfHPdZHoUNdwCELr,BBhm5fJLjw3HRzjtKB8uMEYjGhY6EDm9co3cqpjrSzB9,0.14030975899999998,0.1377927730000006,24.489394804944098,174.538071902355,0.009795757921977639,171.37963519788093,1.542677072,2.439082328,687.2649213050886
vEnkoSUkpnbRrPgBz9DfcVxNz67zjwMYBZraAvDDNSf,DtfyjjsZ5yCjWKLKHvwsfXs5QVsmm1QkK6Sh9JZHoq1g,e5wrKCRv4GhHvEf1VD5Pq2KGaZDXP77nTL612Jyrxwy,1291.9466400000006,1292.3795059999993,1290.8894015801066,0.9991816702120964,0.12908894015801067,0.9998950110238425,1134.988318,811.743451,1945.717750136635
BSCuChvaSj9b5HUSqgDVRzcnr2sSn7cXaamt1jbKH6hn,GnKpRj5kBVPMJfiwZtEuD9GYApLzPdW5JFuZTcyX4BTc,3dmwD9okkomV9nDwyuh4UMhKdUR13QpuKxRo89ycZB5t,1116.895564677,1119.1062154860006,1114.6188664727204,0.9979615836285122,0.44584754658908815,0.9997085329777933,1726.186093052,1386.361872586,3108.6252008789843
FrnkTEL6yZ5Aycq2TrEgu29dCrwKG4LPUZydfiwqspkc,DjvZuMZ46fxKBoBpGMPcRcos4xdTtHFxwMh69DpA2ZFY,9rvDPJLAng4uVVqnnSoEXgNDFhBZQTny9AoQioYDZbQX,12.496578400999624,10.425181781999868,2183.8055665940087,174.7522799056198,0.8735222266376036,146.08565674048717,173.264754301,1438.252075287,240386.4098180568
MATgk4zXLXtYkwBH678J1xZbRDZ45LicNzkRBHkxTuY,y8dALFo1bJrSzPYjMX14HJX448pXqYmrfXHD1K8MXih,GN7Yuet3UyiWS5YVkEHv6oQKi4HGBJc3XDPt9zQhAqZz,214.72819399999935,214.46695699999918,215.0428016187676,1.0014651435049478,0.08601712064750705,1.0,3415.136281,4645.955191,8066.095136740619
YakoMPuYrybnr9R7VC7hVGxMz94fJvPFCdZ4gmW61Ed,,,0.797196,0.793074,0.0,0.0,0.0,1.0,3415.136281,4645.955191,4645.955191
RoBgmK8CvjdHvPrqdDyVw54VwjZv2TqJ493xnqJAQHx,ExiHJxM7qPAcy27NDHAF6G7vnW7muNHi2sVJpnaNynGQ,6rkPHSqZb7StM4HwS9EuVrmfkV7tRdc7dnsFhyB6cefE,0.4389540000000025,28.59267,0.0,0.0,0.0,0.9493493634137844,6353.465501,17.53959,16.65119860103878
GokA1R67GqSavkd15zR62QD68Tuc5AEfvjssntVDEbM8,3YB7hfpBdbQEuZqLGWVDpRPmeZWCUsrrWyqGXegnQ6Cg,4DPCj6Z1DsG6HUtwSogBGqXEUxdEV5a8YVrrFtcnz7UW,7437.546420000001,7437.443446999996,7438.245615087819,1.0000940088368306,0.7438245615087818,1.0,10697.348244,21702.691197,32401.045086265593
MARpDPs5A7XiyCWPNH8GsMWPLxmwNn9SBmKvPa9LzgA,6YjT74rmcfCpw8LSjPNx5JTmZoYLGrTKnf9arfSgZ4SR,F8GSmi3vA8M8TsybLya1LQ4n1aFHCRbZ6k437PeTdXtg,16657.670172000002,17523.22177400021,15805.680756501544,0.9488530264616133,6.322272302600618,1.0,297172.777004,14971.261891,296944.5507332475
KEN5P7p3asnb23Sw6yAmJRGvijfAzso3RqfyLAQhznt,9zj4aX38Uxf3h6AUjS4EipWS8mwbEofasHAf3a1uKGds,CwQDG1MWunn9cLNwcZLd8YBacweSR7ARo32w4mLua1Yr,27575.717698998516,27579.504263999406,27544.014538264975,0.9988503232779072,2.754401453826498,1.0,1165231.956873,1095587.431927,2259479.748743344
KZMu9QBEdL97EFgamLbN5DE1AoKBG4HdrKKJo4Vuon3,DD4ACBWyVqdaKWh7v5btsgqQCCMwbKnuL2xd9pv7Gyuw,GcYqiJ1MAuYbNTNYXm1F1gQYTfTgkErACAhNU5dpVj9T,17.58775601000002,18.013392550001413,17.10371090033122,0.972478290613448,0.006841484360132487,1.0,2258.14336754,837.17660392,3033.172005945394
RajgMbScQbqqrdJfR2rxfHJiTiY5b6bJ2tTXiF4aPxy,725ZA3fhyBAKb5iopNRrcbSuQa3LXA1656Q3mBvYPxeg,GLA6i1dSZpUfk2f9Nj8uiG7xyDdAR2reff8oEiZH3617,17547.788627240006,17531.109134870014,17563.81191721396,1.0009131230330117,7.025524766885584,1.0,66122.48003567,115313.38904795,181496.2470431404
CZgvH45CRmoaNJ7395Ao5CQZXkGznvqU7cErD6n7FaRg,4ZjU6MKvtqVQKCiowhvZ5yUsPxXX5SCzd5eFsPeXyey5,BsyWeshjDbCvjDojry3vKDCesmFRM37WtwcR4Kfgzqr,2.2812843499999644,2.2088439600000243,2.357449536872089,1.0333869764512809,0.0009429798147488355,1.0,206.08591301,599.35162227,812.3181208046055
parEAJhzYzHW87y9VoZAQ22dzQ2MD2ekEtTReaxbMcz,3oyc6hpjYSJEquK6dSvG72NXyz3pqLZz5D8AC71pwgQb,Di2vordgFJVZ1aj1aBpvzXtLfZgJsuLLXawGtVFwX6Rz,7.517966005000062,8.842640266999751,1072.3054964819808,142.63239495480693,0.42892219859279235,168.01007522819128,1101.852512214,141.147621062,180874.08513696032
BUSDTd9WiT6uBHJRgNvFXBsA7JrifsAtWzKfioN7ERcy,DyBxrn7gSc1EwnpWhDyhzvMHPtxpmBqRqotapLcKcfTM,Cds99GeBgoCpqBsoRWu1C6fF9LiUMd4pXQQD24s9LPff,530.0080649,529.10087402,532.2754625609264,1.0042780436960976,0.05322754625609264,0.9994612903644935,97.24553406,166.9278413,264.49947036741645
AURHmCnNwiW4uA2Qj1XvEh4iKgRUZYXtiY7FKAapUV5Y,BKWm4TRnTeKwfWXRyuzjRHU7iZDkPuXBX5b5V5jSVfGJ,A5Ww74HVrkj9nPeC7pHKLfgeDMEhBCpW1efQdz3TGLEg,0.0011779309998019016,0.001051164000045901,0.19248531229824448,163.40966689102814,7.69941249192978e-05,145.92562521104492,289.929395077,1809.454712608,311423.07609984383
Cob4usZcpHEY7Qt4ZCwj6WVg9S44zvzYV2v9qYF65dTf,NhFM9UXE48PyNAyeyPYA3iXztqKVJwA4bTdLj4ysM8w,6TuFuynuBoeskxyR2cz4wxyidk8dpDK7kAWw3UkjQGx,193.19528900000057,2056.8635079999576,1.5818105770032258,0.008187624994330069,0.0006327242308012904,1.0,72322.590664,176.274073,768.4243239752689
wrmcMSHFi3sWpAEy4rGDvQb3ezh3PhXoV2xNjgLBkKU,8p4mGnARWPBu6P2Gcw4adodLkNDorrXniZMhaY7eJXUn,AyY89zccbsgp9LKFgH4CFZMJmpSgqmPSdTfukhP227rc,0.0023098999999985187,0.014045329999997025,0.7312124089897178,316.5558721114277,0.00029248496359588714,3138.633439000659,27.08392759,0.09563084,8873.726470678928
ACUSESXyNnwRLAg1dpSGMLSzUDdLjUMybY8rkXiAKhCP,AhFPQdu8GKBsxuhiH46UmCu1YpaLgNpoP325HnYtsgas,A8wxWpT3aFEr2XqZp1kDmbxbFfcBE95UUmdsNTDBJYbT,100.50026854499993,100.5350944270001,100.49912426197109,0.9999886141296396,0.04019964970478844,0.9878851934161896,1044.997638794,1840.979146512,2863.661780813537
daob129AwBGn9Y5r91uLoWZeYiGzbPmksauMhFZKTze,6VW5GQNyj4LStgmxEHLr5zUfW92vQnmbw8jTnCH7a38F,4VPCCUifPeBA1c7HWK358CHn2nyjm8pdTRk6Ps3KmnMQ,10.911090847999745,9.755796485999994,1779.3414563863973,163.07640374129886,0.711736582554559,145.83386198108303,48.077743157,224.314598876,40553.00970686599
heyk4SZTeCUV6a65WiVA5bzic3KcxgVf1qxobfeV4tQ,9ZDpBKPqMABtGfq66FbVribaArMvtk63xxy91onZAtDt,DaTP4s6N7xxSPinbNZ3FB52EpRDRt87QShTuN3VPCW52,46.423260020999805,40.3263465440001,7784.515204981439,167.685664502236,3.1138060819925752,145.75627684830621,626.567950236,4472.642922924,756982.2432084556
DFWzVTzNBrQZLjoQ4yQwkj9HuoXmfkuZP9V5vbymZe23,DhgiEgiNdqZdRdo195UUHnoEJUtefK8buko8nU97XJUZ,2K2kkXsouBHtWVjtcgkyiXd8eP3oVBvq1bTJzcVdLLr2,23.373107691997575,23.77524678399641,22.99534083070954,0.9838375424326918,0.009198136332283818,0.9999886141296396,45475.905730365,22540.180524528,67280.82721861772
Dg3mAgpwDfVNnbGWcsxL8sUcSkEbjSJQhKAWNigG44Ju,EATxwd8YA2wV93VJcKMmH2Kn2Y9XfJVUB9hHVu3udwEy,GiGvrRi7NMHfHKanG2B8xyCEqe8jaafWins8bhrLVEaa,0.03616318799999996,0.035638322,6.30393661476371,174.31916165034227,0.002521574645905484,172.78608754068895,0.206058803,0.253477973,79.71746502204743
KEVpg4SYCVrqFxKijQH6hm4QxsRdoE51ud64bEEFUC9,2bPenuBYfqzD8p5dFjCcggwkHDsc2RQDnx9AoyYGUBjA,AE6n6iLuX8oYu61vt5hoDYkjswpnxFxrhSehxrnQTnbx,182.89463163799996,183.3333330000005,183.31858023616726,1.002317993668652,0.0733274320944669,0.9999886141296396,1726.187071586,5917.083102796,7647.204093943726
AUSejoEUCh2DBs9mof6BNC8Pubs22w4cJa1ccV9h44R,4xkyD7AfGQDwsQMy9MosRRNGoVJ1zosNinesxg1TzHG7,Cbm5gsQe3nSiCsFrvepVzMCD9xLK3ri9g3ypS2hdmVJ7,530.3998689999971,529.9843320000018,530.9143249809036,1.0009699398717358,0.05309143249809037,1.0,14119.166801,14757.943216,28890.804759835977
C2ypsDADXcCRz8HbV2zX1AXPSja7a1P3xZtRC91xGhJh,J9bYNuDpY1d1T86gLaw7DGk5D3CsUAf2tzUwxMvb6FTv,A2NGvvPrMGzsJ4jb52KEnSBVmsA7C34dV1GC7PerdgvG,806.6788117410001,810.883737617,117491.48746804657,145.64841143462374,46.99659498721863,146.11872146118722,1994.062884955,1174.134434282,461995.1138552788
Sid7E679i9ABqptiAVhkmQ27YHN8vaYT4fppPwmxFsJ,GP7KB8o1bv527HG8kTzzzf4wJ5aEGHvcMQvVhLziUfmT,9gYxhAZ1M9wu5pxr8SBoa5NDm21gi3s9vMHaYTME77sa,649.380766000002,1498.6872860000149,5.316886190538822,0.008187624994330069,0.0021267544762155295,0.018740898365578143,129324.31908,11205.09613,1268.852595022988
moFiBS1R4Lf3E3zzmBPnw3NF4RhWPkhREFviuzUaCAU,44ALBrpqi9PfZkBRTvbtRNtFJGsatfY4QydjtMbFWq8S,2ho8qEEie1UjVwWNBo9y4oAJZMyMLx8zPj9bxyUz6uWs,712.3288617510007,712.3471050999979,712.3687679370117,1.0000560221383041,0.2849475071748047,0.9999886141296396,33275.521490498,31126.090148749,64403.121407486826
KEnkcdADoLR5jS2CLLLesy8TtFsyWL37BhXNfDMzWzP,3qsjFRuw1qeLMPo4DLwaQevenGAGBj9dA3Q6rb8ax2YR,77iEv8zPQAEyCcEbvBRSB6AFcUdfkhiqnAKtPxk76rNN,0.010430999999999968,1.2497979999999984,8.540511631585669e-05,0.008187624994330069,3.4162046526342673e-08,0.999284512289201,119.987883,0.291673,1.2738801014204801
YAkoNb6HKmSxQN9L8hiBE5tPJRsniSSMzND1boHmZxe,CfWX7o2TswwbxusJ4hCaPobu2jLCb1hfXuXJQjVq3jQF,EnTrdMMpdhugeH6Ban6gYZWXughWxKtVGfCwFn78ZmY3,6393140.439003982,6393450.197323974,6393140.439003982,1.0,639.3140439003982,0.9993164675362053,673905.029747,783130.330969,1456500.0657114005
BSC8REUo9LpiiWUuqMuLXs2D2yJsJfGd4HdiF3wCLxk5,AZjEH1zWVx1UJ6udMyRijGTzPteuLnaY18yNNmprJEsh,Caf8ypkSVR8xYnXNhjvfvdGCC7mrM3C11rz8Xi6NA6aK,1614.3953716199994,1613.8299299220002,1614.1477113225035,0.9998465925374604,0.6456590845290016,0.9999886141296396,3136.028772559,3218.601366987,6354.1124027516435
Lid8SLUxQ9RmF7XMqUA8c24RitTwzja8VSKngJxRcUa,4PgzyzLtds9bKZ2to9PMnKqJzKEUpjvNUaeN23phegax,AtymwxoVN9peZo7EXTcDz9jKVc4vRmisJKKrNfe3ewBa,54.812531208996006,46.40213401199969,9422.603992654113,171.9060182921756,0.9422603992654114,145.47056308600088,971.025460971,7671.819495406,1282949.0225467188
JSoLLrxK5bYdHwTEWYaGgmeycBCNXKDiBCTw5hXGBg7,xG4wXczA7Dk4hccJ61CHKpDHW4NrNfQwgmWgkb9BuF2,BVR6WgfhsRr9Lob4QDnkEAiNGgAbv7ZieKcY9kSg3QYR,2.6029637360000777,2.2155662609999993,444.3642772578224,170.71473993743305,0.17774571090312896,145.46353774596975,17.105191585,164.619634399,26866.26273513992
STK75uPSyBnEhGTTzb1nwmP3n427XoXmfRhXxxhyady,6TYyD5fUmDe6N65avW1Ny2RxzRNobw2RRgKwH9CTzSAU,54zDfk4cx2vGrEajPtodWpArNe5eUurytyxd4X3aZAxK,325.8000989829998,366.60369856199895,47399.0608329953,145.48510261646229,4.73990608329953,163.9334587533582,1828.885362731,322.110357546,318880.239683462
KwnjUuZhTMTSGAaavkLEmSyfobY16JNH4poL9oeeEvE,J63v6qEZmQpDqCD8bd4PXu2Pq5ZbyXrFcSa3Xt1HdAPQ,BnKQtTdLw9qPCDgZkWX3sURkBAoKCUYL1yahh6Mw7mRK,207.7138200000337,6833.8019910000085,3.903422045429835,0.018792307827323197,0.00039034220454298353,1.0,279058.864676,544.628829,5788.7889159347205
C98Sspw7XqnMsgxea3SLQVdbMDL8pKUc3RE82UvX9eq2,CSqgQJurPCzGxb4Cgwx5R61hWQUiaoUHcShNc8r1cKEL,6S2CR5EnukPhC914XkAns8m5GixjMAoUuZMsS5ubHuWc,25.57257800000002,25.599022000000105,0.0,0.0,0.0,1.0,919.997434,843.645018,843.645018
KysFMBBoavfov2tLpvefWW6tPFt6rAeZWDJVy1mMQae,B8ka2V21TH3x64dFV8ETcjuQcwmrciJ2qzy1mJUttRew,7fSf7EYxBANyxzk2s5pymFgshA91tFYQNKKs5UnLWcYS,26.8593069999838,23.34106900000006,0.0,0.0,0.0,0.018868398018289895,134426.336645,2669.123243,50.3620797087927
SUiuyGR7SFq3xeRVJonq84fjjeFwRSsFekcevJ53tzy,49GjCCPsv7fBqo6t3iKDrP1xxGDS8uWZbVCdfnp2gjMf,CEwj5xEbbJEjYqM8D6Ai8ByGz1mrh8mkAVsE5fzDSSSx,0.062051999999999996,6.924056000000064,0.0005080585061481694,0.008187624994330069,2.032234024592678e-07,0.9349744004009171,645.638187,1.662669,6.840796308515344
ALBpShJ9NLpE739pcHDF2LNVk5J4VYPvvKuV6jMPitZi,D6d156U1bPiJpDYRLextvDRccgFk7QzkQbJg42ceKEu5,GNcM8U5g8RwTZffwwm3kSQqUNPSwv5d2fbN9sLxPJqt2,2714.8732390000005,2710.738074000001,2713.6005603372023,0.9995312198578866,1.085440224134881,0.9979890520600988,52064.77009,48243.780535,100187.1279635982
MATSnbbiTCv7Dc3trJrkrqjx7ckKdr6fwPoVwv9q3sD,631WX9JizSHJm4w6VanZeJAst9T8DeUUnPLesdGkCVtK,211maUSfpnXbPuW1iBu8b4dtJv5EbN1j7JJiEX5TZKEP,181.28481599999577,181.1646550000005,180.99883783621456,0.9984224924619103,0.07239953513448584,0.9978795060496446,19715.351241,25839.08704,45468.54553805021
B2izdXFYb2sNwbWWHmh75T4aQFtfXsUxem9u2p61HGzf,4DYwgJtxwuJdAjkj5RJSNH4e7U329V5cNp7d3a1nLrZv,EXNW64GEf1ACC6xY9BtKRiunrs6GoJSXBdxWN2eTPmrF,3056.4927939999834,3025.249654999996,3044.2882424360578,0.9960070079053077,0.3044288242436058,1.0,10544.583638,29387.341674,39889.82087289164
BUSDgu5JdqP1rndBvXvanbEufS94FNh1w5FJcAj6vawb,Bgzr8cWubt89JQFXndVjtdKmDbGzuPxNhvjH1EhWCwbo,Dxaf8xPBBQsasRKW5Aa4Sw2YrbfGofY9xZueyyF23FBW,13077.46885796,12952.680513380004,13106.880041428965,1.0022489966360013,5.242752016571586,1.0,6517.59582587,8541.50211724,15073.755994197198
ALLwa5WNZbvQsRKAqe1jdRGemdYQnW8E5k4msbRFcYtu,CGoM82Hbz7QVqTgvQatYtjvDWBvoUJp5qm21P8iMs9yb,3dxNNww8TivyN5FMy5dCNdi3Zcxv6e4kUfSPxfFwpdNq,1.102936170999996,1.0879959200000004,3456.071729389265,3133.519255475825,1.382428691755706,3100.332975761597,1.01495294,7.64059062,26868.749634372547
