0,1,2,3,4,5,6,7,8,9,10,11
Sid7E679i9ABqptiAVhkmQ27YHN8vaYT4fppPwmxFsJ,GP7KB8o1bv527HG8kTzzzf4wJ5aEGHvcMQvVhLziUfmT,9gYxhAZ1M9wu5pxr8SBoa5NDm21gi3s9vMHaYTME77sa,769.0370399999993,1756.2944829999906,6.570469207073891,0.008543761698492308,0.0026281876828295565,0.018674620361775203,129190.763696,11262.509954,1314.0981963765196
NorjjEePhxfwLF4vZjUHCrVVKLzQjEEGQFd3wgjEJmh,34M8pFVqgbV7aqHxvRT5tCv3vu2P1JJYT8J3VaxBK2oG,3AZWBSze3ucsY3xSeuLne3b2pauVqiaJ1SZSV5T9WGWw,0.0011050000002796878,0.0011050000002796878,0.0006547430357440445,0.592527634007531,2.6189721429761777e-07,1.0,38124.370231,2258.549989,24848.292880001576
wrmcMSHFi3sWpAEy4rGDvQb3ezh3PhXoV2xNjgLBkKU,8p4mGnARWPBu6P2Gcw4adodLkNDorrXniZMhaY7eJXUn,AyY89zccbsgp9LKFgH4CFZMJmpSgqmPSdTfukhP227rc,0.0033058600000000077,0.033043660000000585,1.0276220080820664,310.8486167236556,0.0004110488032328266,3065.5099475797797,27.08229649,0.09579551,8712.156490454892
KEVpg4SYCVrqFxKijQH6hm4QxsRdoE51ud64bEEFUC9,2bPenuBYfqzD8p5dFjCcggwkHDsc2RQDnx9AoyYGUBjA,AE6n6iLuX8oYu61vt5hoDYkjswpnxFxrhSehxrnQTnbx,3951.5007873420004,3950.927134849,3958.1607173180673,1.0016854178537433,1.583264286927227,1.0,1909.081703224,5733.749769796,7646.049073406868
AURHmCnNwiW4uA2Qj1XvEh4iKgRUZYXtiY7FKAapUV5Y,BKWm4TRnTeKwfWXRyuzjRHU7iZDkPuXBX5b5V5jSVfGJ,A5Ww74HVrkj9nPeC7pHKLfgeDMEhBCpW1efQdz3TGLEg,0.016180420000182494,0.014438434999874517,2.5765927245443057,159.2413994516363,0.0010306370898177223,142.31950044716788,289.921953164,1809.463050003,303689.4549076229
FrnkTEL6yZ5Aycq2TrEgu29dCrwKG4LPUZydfiwqspkc,DjvZuMZ46fxKBoBpGMPcRcos4xdTtHFxwMh69DpA2ZFY,9rvDPJLAng4uVVqnnSoEXgNDFhBZQTny9AoQioYDZbQX,57.061318720002305,48.08605353599995,9637.005841687936,168.88859314619688,3.8548023366751747,142.26535960841744,173.24216716,1438.267670637,233874.29326158436
ercAoEmXjQzEvAFbdjAo81KtMxRGn9AW1ju882upmPH,CMRhskR2Eg6V42RTSdRTXGdozyPbWB8U9dVpijPWb9T4,7TKLLgrWswt6ZJ1pXhVR3FyufHGjJFqiEXxvWJfDcgRm,0.3166369229999191,0.3116073600000391,45.09548032478619,142.42015712361413,0.018038192129914473,138.9496021456042,314.578887599,800.055637967,155969.78718948353
SRMuKizofcAMicegrfSv7xs9q76tH1w8aAF7oX9FEWu,72Hj2KWntXPfbie4UgKeTPnm1XVkomDfCnRPKbvfTtPi,6aqJQ5wedqpUt4fFEDUqUmXhrdxCu4bEJsQdVPCADLko,1.6142889999973704,1.6077079999995476,0.07059581736490386,0.043731833249820114,2.8238326945961545e-05,0.04414050664826655,16958.427081,4932.720622,959.3558926949582
vEnkoSUkpnbRrPgBz9DfcVxNz67zjwMYBZraAvDDNSf,DtfyjjsZ5yCjWKLKHvwsfXs5QVsmm1QkK6Sh9JZHoq1g,e5wrKCRv4GhHvEf1VD5Pq2KGaZDXP77nTL612Jyrxwy,1035.846242,1036.1407530000008,1014.2190352914454,0.9791212191234124,0.10142190352914454,0.999763056155691,1089.325377,857.257898,1923.6363671683944
MATgk4zXLXtYkwBH678J1xZbRDZ45LicNzkRBHkxTuY,y8dALFo1bJrSzPYjMX14HJX448pXqYmrfXHD1K8MXih,GN7Yuet3UyiWS5YVkEHv6oQKi4HGBJc3XDPt9zQhAqZz,965.5670849999997,965.2137929999999,966.7078002042406,1.001181394044973,0.38668312008169625,1.0,3569.269725,4491.583371,8065.069809998017
STK75uPSyBnEhGTTzb1nwmP3n427XoXmfRhXxxhyady,6TYyD5fUmDe6N65avW1Ny2RxzRNobw2RRgKwH9CTzSAU,54zDfk4cx2vGrEajPtodWpArNe5eUurytyxd4X3aZAxK,509.12384022199865,573.3325793319982,72411.49424553965,142.22766353656766,7.241149424553965,157.84412703042793,1746.244106214,307.677556607,296929.31452080613
iLiUBQ7Z7im6Ew3b4ewwPcehzWgEQRJ1iQz7g6D62NW,GpugBvKWM3TVhYcZjemSdtehBWgfvuGr6uAm9iPjXT6v,92fMXJ3xy8tEyMUWLHKRLyhPw2nECBo77GtDiBBbYrjX,13.941426395999997,13.685261999999966,13.692151360285857,0.9821198327464067,0.005476860544114343,1.0,1805.840138149,1156.637640324,2930.189054769644
SAMyS8Jr2HJrkFwYVKbpUwsNStnQmvz3f8Tup8bWUWF,6jPzm5TFfquvgm25sTyN3MMGBfufRaFHMxobDWv6hMFW,Cj9ECoDmxsHTDzCY5ZA6RWrPbg9uFzEC1Qc2kso2vJG6,1236.5850099499949,24.548588499999937,1202.9461252403062,0.9727969493087669,0.4811784500961225,0.019652827302902583,460.25508143,109920.64225305,2607.9861383422904
parEAJhzYzHW87y9VoZAQ22dzQ2MD2ekEtTReaxbMcz,3oyc6hpjYSJEquK6dSvG72NXyz3pqLZz5D8AC71pwgQb,Di2vordgFJVZ1aj1aBpvzXtLfZgJsuLLXawGtVFwX6Rz,15.84050543299989,18.54460977399947,2141.1299470316885,135.16803211159905,0.8564519788126753,161.9265896090412,1101.31141263,141.602588946,171791.32069507905
BUSDgu5JdqP1rndBvXvanbEufS94FNh1w5FJcAj6vawb,Bgzr8cWubt89JQFXndVjtdKmDbGzuPxNhvjH1EhWCwbo,Dxaf8xPBBQsasRKW5Aa4Sw2YrbfGofY9xZueyyF23FBW,9766.543053790001,9749.279346560008,9782.45901678572,1.001629641410278,3.9129836067142887,1.0,6378.79641473,8673.94647565,15063.138041165177
KEN5P7p3asnb23Sw6yAmJRGvijfAzso3RqfyLAQhznt,9zj4aX38Uxf3h6AUjS4EipWS8mwbEofasHAf3a1uKGds,CwQDG1MWunn9cLNwcZLd8YBacweSR7ARo32w4mLua1Yr,177816.85830199975,177848.16099800076,177802.63409127243,0.999920006399488,17.780263409127244,1.0,1144374.303888,1091853.962728,2236136.723995099
KwnjUuZhTMTSGAaavkLEmSyfobY16JNH4poL9oeeEvE,J63v6qEZmQpDqCD8bd4PXu2Pq5ZbyXrFcSa3Xt1HdAPQ,BnKQtTdLw9qPCDgZkWX3sURkBAoKCUYL1yahh6Mw7mRK,190.03369700001235,5291.742506000121,3.7285656430320793,0.019620549944001968,0.00037285656430320797,1.0,278465.355446,556.03326,6019.676674202504
SoN9GaFpSXfpyR5dth3x7PHPVhvJMpQqqDJfCSmPv1t,9kZ9iS68ViMPtoeqtnhAKuF2iqVyfHPdZHoUNdwCELr,BBhm5fJLjw3HRzjtKB8uMEYjGhY6EDm9co3cqpjrSzB9,0.5172507390000007,0.5079504470000002,85.59280174253304,165.4764223401775,0.034237120697013214,165.95596026682398,1.547750147,2.433733713,660.0087723767018
C98Sspw7XqnMsgxea3SLQVdbMDL8pKUc3RE82UvX9eq2,CSqgQJurPCzGxb4Cgwx5R61hWQUiaoUHcShNc8r1cKEL,6S2CR5EnukPhC914XkAns8m5GixjMAoUuZMsS5ubHuWc,48.36306100000013,48.374232000000006,0.0,0.0,0.0,1.0,889.181486,874.411931,874.411931
KZMu9QBEdL97EFgamLbN5DE1AoKBG4HdrKKJo4Vuon3,DD4ACBWyVqdaKWh7v5btsgqQCCMwbKnuL2xd9pv7Gyuw,GcYqiJ1MAuYbNTNYXm1F1gQYTfTgkErACAhNU5dpVj9T,38.50911958999973,39.60076458000037,37.46155405771821,0.9727969493087669,0.014984621623087285,1.0,2253.94014366,841.24583435,3033.8719300270122
MAR3XM1n9xWPQ3HJjAcC85o8DopWFP5p2WxGTaZ3fPB,6qG7GUhER8Cg9gDEgnebph9LdS6eu2eoWcA4R7z9uizK,4QV4CwRXVMY227KkFF9voNAfwWHVvVajXSXDKbUHkWZR,0.30629300000000015,0.005993999999999999,0.2892602022506716,0.9443905092531383,0.00011570408090026865,0.019637171445329792,0.10448,24.619526,0.5821277733715223
Cob4usZcpHEY7Qt4ZCwj6WVg9S44zvzYV2v9qYF65dTf,NhFM9UXE48PyNAyeyPYA3iXztqKVJwA4bTdLj4ysM8w,6TuFuynuBoeskxyR2cz4wxyidk8dpDK7kAWw3UkjQGx,134.19368000000728,1641.74963700003,1.1465188233637955,0.008543761698492308,0.0004586075293455182,1.0,71738.501089,181.122853,794.0395109114469
SUiuyGR7SFq3xeRVJonq84fjjeFwRSsFekcevJ53tzy,49GjCCPsv7fBqo6t3iKDrP1xxGDS8uWZbVCdfnp2gjMf,CEwj5xEbbJEjYqM8D6Ai8ByGz1mrh8mkAVsE5fzDSSSx,4.831852000000026,0.04212400000000005,0.04128219205038368,0.008543761698492308,1.651287682015347e-05,0.9520889784275679,638.42294,1.72738,7.0991529217670655
BUSD5rCfUDpCxKGMvYU2yThChxgHoioK74PTPociGnv2,CcFHbafgYDZ8yA8Me1PdtDiVb2eeaS61LbqyKKK5CsNZ,26R9s4nmF3CFDTkiePDwRmtscn8i7r2eygbSijditJ58,324.85926293,324.51197006,324.31721211436053,0.9983314287831889,0.03243172121143606,1.0,76.69355107,71.18690082,147.7524832381696
7oAd7xG4m3oC2qeWB1szghTebAZyyGPAFDJ4wwwbRSNi,D9yh4KAysxt9GLacVe4Wwh2XqghhcjTCSTV9HuM7TBJd,HDYfJLpZKaMFb84jM4mRytn7XLR8UFZUnQpSfhJJaNEy,7.986054437991697,0.1805930000000444,7.986054437991697,1.0,0.0031944217751966792,0.022637728318270305,952.01731636,300242.404262227,7748.823293672577
SoNcU2iwHMw6dGzsYNQkYFkUjwN1UdAjrWVRnStrZu2,8ivTTid27jZnYNc4w3CTA1Z6QS2twsFb8WMwUabeDJgc,CyXm53PMvHCbeXJBykU46Rcbo28xk5srhMZFg7gv6EYB,2.1861198889999898,2.1697312410000062,367.7354389546373,168.2137566219448,0.14709417558185492,166.8225066916678,15.765310185,18.91202459,5806.893399247319
ALBpShJ9NLpE739pcHDF2LNVk5J4VYPvvKuV6jMPitZi,D6d156U1bPiJpDYRLextvDRccgFk7QzkQbJg42ceKEu5,GNcM8U5g8RwTZffwwm3kSQqUNPSwv5d2fbN9sLxPJqt2,97.15432900000451,96.98608899999817,97.22919548052452,1.000770593356885,0.038891678192209816,0.9960972908145883,42012.576135,58299.898822,100117.32201843406
ionytDfEj1mXodptgrsKEZro7DGsfpzANUfarJdm6Qb,3gkSjY95an9xNFSjCfsay6JZez7uv7yfW3Ad4ubc4fMK,9wXqANaSuEqkKL9yHzCPEDGHwbkStVAqV5rB3QDs3Jr6,0.00042030399999999635,0.001571102000000213,0.34565184317111486,822.385328645737,0.00013826073726844594,3070.970119460738,3.152466539,0.08412514,2850.888021955656
YAkoNb6HKmSxQN9L8hiBE5tPJRsniSSMzND1boHmZxe,CfWX7o2TswwbxusJ4hCaPobu2jLCb1hfXuXJQjVq3jQF,EnTrdMMpdhugeH6Ban6gYZWXughWxKtVGfCwFn78ZmY3,7115305.941219036,7114523.791462004,7115305.941219036,1.0,711.5305941219036,0.9963414342534216,731496.929838,698096.38923,1427039.287530553
B2izdXFYb2sNwbWWHmh75T4aQFtfXsUxem9u2p61HGzf,4DYwgJtxwuJdAjkj5RJSNH4e7U329V5cNp7d3a1nLrZv,EXNW64GEf1ACC6xY9BtKRiunrs6GoJSXBdxWN2eTPmrF,20236.389810000015,20063.238880999983,20203.82125014478,0.9983905943618887,2.0203821250144784,1.0,10906.043587,29021.578143,39910.06948196159
ALLwa5WNZbvQsRKAqe1jdRGemdYQnW8E5k4msbRFcYtu,CGoM82Hbz7QVqTgvQatYtjvDWBvoUJp5qm21P8iMs9yb,3dxNNww8TivyN5FMy5dCNdi3Zcxv6e4kUfSPxfFwpdNq,2.938509482999999,2.853202735,9039.620644784196,3076.2604977389483,3.6158482579136786,3035.039531389896,0.906212859,7.749979644,26309.24140769177
Lee1XZJfJ9Hm2K1qTyeCz1LXNc1YBZaKZszvNY4KCDw,9DgFSWkPDGijNKcLGbr3p5xoJbHsPgXUTr6QvGBJ5vGN,2hNHZg7XBhuhHVZ3JDEi4buq2fPQwuWBdQ9xkH7t1GQX,1824.4367597820165,1540.4195775930048,307025.40545031754,168.28503580853135,30.702540545031756,142.48259681941798,6895.502383149,55004.542489654,8997599.916255958
BUSDTd9WiT6uBHJRgNvFXBsA7JrifsAtWzKfioN7ERcy,DyBxrn7gSc1EwnpWhDyhzvMHPtxpmBqRqotapLcKcfTM,Cds99GeBgoCpqBsoRWu1C6fF9LiUMd4pXQQD24s9LPff,1104.59974449,1107.4321397699996,1104.2205772281914,0.9996567378693505,0.11042205772281914,0.9995462060224658,137.88364624,126.128715,263.9077945545488
BSCuChvaSj9b5HUSqgDVRzcnr2sSn7cXaamt1jbKH6hn,GnKpRj5kBVPMJfiwZtEuD9GYApLzPdW5JFuZTcyX4BTc,3dmwD9okkomV9nDwyuh4UMhKdUR13QpuKxRo89ycZB5t,396.73646681499963,396.58029569500013,396.663732966268,0.9998166696161925,0.15866549318650722,0.9996930942200744,1508.555767647,1603.388536353,3111.175650682849
C2ypsDADXcCRz8HbV2zX1AXPSja7a1P3xZtRC91xGhJh,J9bYNuDpY1d1T86gLaw7DGk5D3CsUAf2tzUwxMvb6FTv,A2NGvvPrMGzsJ4jb52KEnSBVmsA7C34dV1GC7PerdgvG,466.3107813659998,468.75237595000056,66432.74674977854,142.46453096188773,26.573098699911416,103.04376866509064,501.514141268,300.00987601,102362.1251673165
JSoLLrxK5bYdHwTEWYaGgmeycBCNXKDiBCTw5hXGBg7,xG4wXczA7Dk4hccJ61CHKpDHW4NrNfQwgmWgkb9BuF2,BVR6WgfhsRr9Lob4QDnkEAiNGgAbv7ZieKcY9kSg3QYR,1.0032015119998619,0.8540124140000103,165.28482130086172,164.75734867202283,0.0661139285203447,102.14594326364869,17.015915736,163.947982566,19550.118487266212
WiiQFxXqp8P9Fs1rt9SVcDyA3KUdJmUsog6wnVQAwba,3S2jpqSYxho6wiz3cafhjXruVY8cg4HYa2v3BqBHYFSj,Dfe67M6TfrG74gKRtdqys4e6E9QirPD53BkF4FujFjuv,13164.480247046002,13195.990554556,13139.335015471499,0.9980899183938428,1.3139335015471498,1.0,20427.030922179,6390.395828197,26778.409454343142
Lid8SLUxQ9RmF7XMqUA8c24RitTwzja8VSKngJxRcUa,4PgzyzLtds9bKZ2to9PMnKqJzKEUpjvNUaeN23phegax,AtymwxoVN9peZo7EXTcDz9jKVc4vRmisJKKrNfe3ewBa,135.20957290200295,114.50327323599947,22708.207579638183,167.94822357804958,2.2708207579638184,142.23547224665907,973.011218253,7669.464366608,1254285.3916905182
RoBgmK8CvjdHvPrqdDyVw54VwjZv2TqJ493xnqJAQHx,ExiHJxM7qPAcy27NDHAF6G7vnW7muNHi2sVJpnaNynGQ,6rkPHSqZb7StM4HwS9EuVrmfkV7tRdc7dnsFhyB6cefE,47.62273699999984,4.782740999999703,0.0,0.0,0.0,0.9556090909004035,6340.694601,17.73423,16.946991408118663
GokA1R67GqSavkd15zR62QD68Tuc5AEfvjssntVDEbM8,3YB7hfpBdbQEuZqLGWVDpRPmeZWCUsrrWyqGXegnQ6Cg,4DPCj6Z1DsG6HUtwSogBGqXEUxdEV5a8YVrrFtcnz7UW,10230.711589999994,10229.919803000008,10231.744996244615,1.0001010102020305,1.0231744996244616,1.0,13404.576765,18992.484645,32398.415409007168
BerKDkt6v49dT1bHRedgnpsJS263C1DSJtEGvY9Mg35V,78XKqNb8wbfsMMrvo8WPUpdx7GEkfQutpNVH943aCGFa,DKYQwn4nDvFHCszi5tXbqfVMAP7DaXXp1KGTXEnYnKVH,0.0033694210001158353,0.001108728999952291,0.003376071340742111,1.0019737339519303,1.3504285362968444e-06,1.0,1338.317413093,1686.888382613,3027.847278222681
RajgMbScQbqqrdJfR2rxfHJiTiY5b6bJ2tTXiF4aPxy,725ZA3fhyBAKb5iopNRrcbSuQa3LXA1656Q3mBvYPxeg,GLA6i1dSZpUfk2f9Nj8uiG7xyDdAR2reff8oEiZH3617,3950.9740325300154,3950.1109468499926,3954.4743354880725,1.0008859341846434,1.5817897341952292,1.0,66241.39762509,115187.05514809,181487.13829177464
MATSnbbiTCv7Dc3trJrkrqjx7ckKdr6fwPoVwv9q3sD,631WX9JizSHJm4w6VanZeJAst9T8DeUUnPLesdGkCVtK,211maUSfpnXbPuW1iBu8b4dtJv5EbN1j7JJiEX5TZKEP,969.4899759999898,968.8658789999936,970.7762545372517,1.0013267579542895,0.38831050181490073,0.9995611926364325,19778.068973,25776.224225,45569.22311133552
BSCNHw8CmxbZ8hCWWzMf5FaG2ajPT6JxfznKUNuRVrn4,7n9kgNL633yGzCYksgnzHyjG73ZLBAwvEae5sbAekbzW,SscdxE99omdG9AiMVwmaEMQySQnCgeAh1sPj2Leutm2,221.91403390900086,221.6407255539989,222.2271882402631,1.0014111515425412,0.08889087529610525,1.0,5294.901074379,6402.964938696,11705.337920893715
HEDSDjj84KS7LKhZY7ejkCACTdPen62rKhCby1wXtgxc,EnnjMSFttpCTywBrYNt1J5QQeoSVkvzPipJDa8Y7kJow,6bjVT6JN2rSvpyn9PdfLYC8wJn4LWh49jpY47fnLDXZk,23.863750998001706,24.553365104990007,22.488997352922688,0.9423915525604446,0.008995598941169075,1.0,39113.89921296,9055.153557506,45915.76176350012
MARpDPs5A7XiyCWPNH8GsMWPLxmwNn9SBmKvPa9LzgA,6YjT74rmcfCpw8LSjPNx5JTmZoYLGrTKnf9arfSgZ4SR,F8GSmi3vA8M8TsybLya1LQ4n1aFHCRbZ6k437PeTdXtg,30515.746106000064,31930.302307000027,29161.152261164454,0.9556100040900108,11.664460904465782,1.0,295671.004608,16389.47652,298935.6464427485
moFiBS1R4Lf3E3zzmBPnw3NF4RhWPkhREFviuzUaCAU,44ALBrpqi9PfZkBRTvbtRNtFJGsatfY4QydjtMbFWq8S,2ho8qEEie1UjVwWNBo9y4oAJZMyMLx8zPj9bxyUz6uWs,138.31126373799634,138.28829600000245,138.29132185280253,0.9998558187912187,0.05531652874112101,1.0,34013.885328999,30504.437497038,64513.41866293491
heyk4SZTeCUV6a65WiVA5bzic3KcxgVf1qxobfeV4tQ,9ZDpBKPqMABtGfq66FbVribaArMvtk63xxy91onZAtDt,DaTP4s6N7xxSPinbNZ3FB52EpRDRt87QShTuN3VPCW52,104.4181602480021,90.6199647730001,17054.05525990206,163.32460962151808,6.8216221039608245,142.29471284073182,627.711653168,4471.297233206,738762.7165331478
AUSejoEUCh2DBs9mof6BNC8Pubs22w4cJa1ccV9h44R,4xkyD7AfGQDwsQMy9MosRRNGoVJ1zosNinesxg1TzHG7,Cbm5gsQe3nSiCsFrvepVzMCD9xLK3ri9g3ypS2hdmVJ7,2568.416896999999,2570.802738999999,2569.28274528516,1.0003371136072856,0.256928274528516,1.0,14277.680651,14599.23184,28881.72569142793
KysFMBBoavfov2tLpvefWW6tPFt6rAeZWDJVy1mMQae,B8ka2V21TH3x64dFV8ETcjuQcwmrciJ2qzy1mJUttRew,7fSf7EYxBANyxzk2s5pymFgshA91tFYQNKKs5UnLWcYS,39.07849400000032,51.63112399997772,0.0,0.0,0.0,0.019652827302902583,134439.107545,2659.455375,52.26581720465103
daob129AwBGn9Y5r91uLoWZeYiGzbPmksauMhFZKTze,6VW5GQNyj4LStgmxEHLr5zUfW92vQnmbw8jTnCH7a38F,4VPCCUifPeBA1c7HWK358CHn2nyjm8pdTRk6Ps3KmnMQ,20.503758174000154,18.324651455999977,3262.3062941424737,159.10772388445596,1.3049225176569894,142.32575946804323,48.070186217,224.313773554,39573.966095904536
BSC8REUo9LpiiWUuqMuLXs2D2yJsJfGd4HdiF3wCLxk5,AZjEH1zWVx1UJ6udMyRijGTzPteuLnaY18yNNmprJEsh,Caf8ypkSVR8xYnXNhjvfvdGCC7mrM3C11rz8Xi6NA6aK,638.2885235159997,637.3059386830005,640.3267700692442,1.0031932997040536,0.25613070802769766,1.0,2435.139668123,3920.044928649,6362.960727553546
