0,1,2,3,4,5,6,7,8,9,10,11
KEN5P7p3asnb23Sw6yAmJRGvijfAzso3RqfyLAQhznt,9zj4aX38Uxf3h6AUjS4EipWS8mwbEofasHAf3a1uKGds,CwQDG1MWunn9cLNwcZLd8YBacweSR7ARo32w4mLua1Yr,27693.922015998978,27697.721341999015,27674.46686579233,0.9992974938618152,2.767446686579233,1.0,1164111.407019,1096708.228565,2260001.840175038
moFiBS1R4Lf3E3zzmBPnw3NF4RhWPkhREFviuzUaCAU,44ALBrpqi9PfZkBRTvbtRNtFJGsatfY4QydjtMbFWq8S,2ho8qEEie1UjVwWNBo9y4oAJZMyMLx8zPj9bxyUz6uWs,712.3288617510007,712.3471050999979,712.3687679370117,1.0000560221383041,0.2849475071748047,0.9999886141296396,33275.521490498,31126.090148749,64403.121407486826
BSC8REUo9LpiiWUuqMuLXs2D2yJsJfGd4HdiF3wCLxk5,AZjEH1zWVx1UJ6udMyRijGTzPteuLnaY18yNNmprJEsh,Caf8ypkSVR8xYnXNhjvfvdGCC7mrM3C11rz8Xi6NA6aK,593.1823749189998,593.1400905529999,593.0913763160403,0.9998465925374604,0.23723655052641612,0.9999886141296396,3136.028772559,3218.601366987,6354.1124027516435
AURHmCnNwiW4uA2Qj1XvEh4iKgRUZYXtiY7FKAapUV5Y,BKWm4TRnTeKwfWXRyuzjRHU7iZDkPuXBX5b5V5jSVfGJ,A5Ww74HVrkj9nPeC7pHKLfgeDMEhBCpW1efQdz3TGLEg,0.0011779309998019016,0.001051164000045901,0.1918434087915847,162.86472537342846,7.673736351663389e-05,145.4406677704644,289.929395077,1809.454712608,310387.57300902106
B2izdXFYb2sNwbWWHmh75T4aQFtfXsUxem9u2p61HGzf,4DYwgJtxwuJdAjkj5RJSNH4e7U329V5cNp7d3a1nLrZv,EXNW64GEf1ACC6xY9BtKRiunrs6GoJSXBdxWN2eTPmrF,3081.4927939999834,3049.9924589999955,3103.127801028756,1.0070209500638452,0.3103127801028756,1.0,10544.583638,29387.341674,40005.95830716644
Cob4usZcpHEY7Qt4ZCwj6WVg9S44zvzYV2v9qYF65dTf,NhFM9UXE48PyNAyeyPYA3iXztqKVJwA4bTdLj4ysM8w,6TuFuynuBoeskxyR2cz4wxyidk8dpDK7kAWw3UkjQGx,193.19528900000057,2056.8635079999576,1.5818105770032258,0.008187624994330069,0.0006327242308012904,1.0,72322.590664,176.274073,768.4243239752689
YAkoNb6HKmSxQN9L8hiBE5tPJRsniSSMzND1boHmZxe,CfWX7o2TswwbxusJ4hCaPobu2jLCb1hfXuXJQjVq3jQF,EnTrdMMpdhugeH6Ban6gYZWXughWxKtVGfCwFn78ZmY3,6361745.861461997,6361994.016640963,6361745.861461997,1.0,636.1745861461998,0.9995591943952717,709523.18085,747520.376229,1456714.0459075097
ACUSESXyNnwRLAg1dpSGMLSzUDdLjUMybY8rkXiAKhCP,AhFPQdu8GKBsxuhiH46UmCu1YpaLgNpoP325HnYtsgas,A8wxWpT3aFEr2XqZp1kDmbxbFfcBE95UUmdsNTDBJYbT,100.50026854499993,100.5350944270001,100.49912426197109,0.9999886141296396,0.04019964970478844,0.9878851934161896,1044.997638794,1840.979146512,2863.661780813537
BUSDgu5JdqP1rndBvXvanbEufS94FNh1w5FJcAj6vawb,Bgzr8cWubt89JQFXndVjtdKmDbGzuPxNhvjH1EhWCwbo,Dxaf8xPBBQsasRKW5Aa4Sw2YrbfGofY9xZueyyF23FBW,12957.687375009995,12833.175241970006,12986.82917032675,1.0022489966360013,5.1947316681307,1.0,6517.59582587,8541.50211724,15073.755994197198
MARpDPs5A7XiyCWPNH8GsMWPLxmwNn9SBmKvPa9LzgA,6YjT74rmcfCpw8LSjPNx5JTmZoYLGrTKnf9arfSgZ4SR,F8GSmi3vA8M8TsybLya1LQ4n1aFHCRbZ6k437PeTdXtg,14483.946313000004,15237.090249000234,13675.608448807869,0.9441907718570722,5.470243379523148,1.0,297249.702743,14898.331889,295558.7581561985
SUiuyGR7SFq3xeRVJonq84fjjeFwRSsFekcevJ53tzy,49GjCCPsv7fBqo6t3iKDrP1xxGDS8uWZbVCdfnp2gjMf,CEwj5xEbbJEjYqM8D6Ai8ByGz1mrh8mkAVsE5fzDSSSx,0.062051999999999996,6.924056000000064,0.0005080585061481694,0.008187624994330069,2.032234024592678e-07,0.9474380328154638,645.638187,1.662669,6.861519203758406
KEVpg4SYCVrqFxKijQH6hm4QxsRdoE51ud64bEEFUC9,2bPenuBYfqzD8p5dFjCcggwkHDsc2RQDnx9AoyYGUBjA,AE6n6iLuX8oYu61vt5hoDYkjswpnxFxrhSehxrnQTnbx,182.89463163799996,183.3333330000005,183.31858023616726,1.002317993668652,0.0733274320944669,0.9999886141296396,1726.187071586,5917.083102796,7647.204093943726
KwnjUuZhTMTSGAaavkLEmSyfobY16JNH4poL9oeeEvE,J63v6qEZmQpDqCD8bd4PXu2Pq5ZbyXrFcSa3Xt1HdAPQ,BnKQtTdLw9qPCDgZkWX3sURkBAoKCUYL1yahh6Mw7mRK,207.7138200000337,6833.8019910000085,3.9205073663458054,0.018874561963884585,0.00039205073663458055,1.0,279092.547138,543.992725,5811.742299614561
iLiUBQ7Z7im6Ew3b4ewwPcehzWgEQRJ1iQz7g6D62NW,GpugBvKWM3TVhYcZjemSdtehBWgfvuGr6uAm9iPjXT6v,92fMXJ3xy8tEyMUWLHKRLyhPw2nECBo77GtDiBBbYrjX,0.0011553950000688928,0.0011553950000688928,0.0011347234780781721,0.9821086970347906,4.538893912312689e-07,0.9999886141296396,1805.840138149,1156.638795719,2930.156931510259
7oAd7xG4m3oC2qeWB1szghTebAZyyGPAFDJ4wwwbRSNi,D9yh4KAysxt9GLacVe4Wwh2XqghhcjTCSTV9HuM7TBJd,HDYfJLpZKaMFb84jM4mRytn7XLR8UFZUnQpSfhJJaNEy,0.2061123820000148,9.122061989968643,0.20611003523115368,0.9999886141296396,8.244401409246148e-05,0.02262902334465537,951.811203978,300251.526324217,7746.199165238136
WiiQFxXqp8P9Fs1rt9SVcDyA3KUdJmUsog6wnVQAwba,3S2jpqSYxho6wiz3cafhjXruVY8cg4HYa2v3BqBHYFSj,Dfe67M6TfrG74gKRtdqys4e6E9QirPD53BkF4FujFjuv,15173.91176033,15173.421793091997,15168.775188325528,0.9996614866301055,1.516877518832553,0.9979705858967848,14894.055283787,11920.584119173,26785.405764584477
STK75uPSyBnEhGTTzb1nwmP3n427XoXmfRhXxxhyady,6TYyD5fUmDe6N65avW1Ny2RxzRNobw2RRgKwH9CTzSAU,54zDfk4cx2vGrEajPtodWpArNe5eUurytyxd4X3aZAxK,287.1569006210003,323.0701289739977,41736.835716192894,145.34505570276588,4.173683571619289,164.4174902064722,1828.895857709,322.101173549,318780.0368607583
SoN9GaFpSXfpyR5dth3x7PHPVhvJMpQqqDJfCSmPv1t,9kZ9iS68ViMPtoeqtnhAKuF2iqVyfHPdZHoUNdwCELr,BBhm5fJLjw3HRzjtKB8uMEYjGhY6EDm9co3cqpjrSzB9,0.13166884300000037,0.1295533560000004,22.85980912664247,173.61593377593823,0.00914392365065699,171.12123768568793,1.546652047,2.435032818,685.2092689877998
HEDSDjj84KS7LKhZY7ejkCACTdPen62rKhCby1wXtgxc,EnnjMSFttpCTywBrYNt1J5QQeoSVkvzPipJDa8Y7kJow,6bjVT6JN2rSvpyn9PdfLYC8wJn4LWh49jpY47fnLDXZk,6.753306861997771,6.875587510989135,6.541507292958375,0.9686376506550834,0.00261660291718335,0.9999886141296396,39106.983234811,9061.853674448,46942.2468621319
Lee1XZJfJ9Hm2K1qTyeCz1LXNc1YBZaKZszvNY4KCDw,9DgFSWkPDGijNKcLGbr3p5xoJbHsPgXUTr6QvGBJ5vGN,2hNHZg7XBhuhHVZ3JDEi4buq2fPQwuWBdQ9xkH7t1GQX,9222.227002138068,8187.294465772991,1596051.8508758112,173.06577364727465,159.60518508758113,145.98471948744182,6735.149366474,53829.408950201,9023895.001508659
SoNcU2iwHMw6dGzsYNQkYFkUjwN1UdAjrWVRnStrZu2,8ivTTid27jZnYNc4w3CTA1Z6QS2twsFb8WMwUabeDJgc,CyXm53PMvHCbeXJBykU46Rcbo28xk5srhMZFg7gv6EYB,2.5508584130000074,2.5343766520000024,441.4897415869568,173.07496932678856,0.17659589663478273,171.26780478690088,15.598664025,19.081449228,5967.776219098019
YakoMPuYrybnr9R7VC7hVGxMz94fJvPFCdZ4gmW61Ed,,,0.797196,0.793074,0.0,0.0,0.0,171.26780478690088,15.598664025,19.081449228,3268.0379214322647
MATgk4zXLXtYkwBH678J1xZbRDZ45LicNzkRBHkxTuY,y8dALFo1bJrSzPYjMX14HJX448pXqYmrfXHD1K8MXih,GN7Yuet3UyiWS5YVkEHv6oQKi4HGBJc3XDPt9zQhAqZz,214.72819399999935,214.46695699999918,215.04237090388995,1.0014631376440981,0.08601694836155599,1.0,3416.131621,4644.994451,8066.124342771878
Dg3mAgpwDfVNnbGWcsxL8sUcSkEbjSJQhKAWNigG44Ju,EATxwd8YA2wV93VJcKMmH2Kn2Y9XfJVUB9hHVu3udwEy,GiGvrRi7NMHfHKanG2B8xyCEqe8jaafWins8bhrLVEaa,0.03616318799999996,0.035638322,6.311594228192878,174.5309132644192,0.002524637691277151,172.9492200336075,0.206305655,0.253229224,79.80251115927987
wrmcMSHFi3sWpAEy4rGDvQb3ezh3PhXoV2xNjgLBkKU,8p4mGnARWPBu6P2Gcw4adodLkNDorrXniZMhaY7eJXUn,AyY89zccbsgp9LKFgH4CFZMJmpSgqmPSdTfukhP227rc,0.0023098999999985187,0.014045329999997025,0.7352365431559625,318.2979969507052,0.00029409461726238504,3130.8703819661864,27.08392759,0.09563084,8920.167666013489
JSoLLrxK5bYdHwTEWYaGgmeycBCNXKDiBCTw5hXGBg7,xG4wXczA7Dk4hccJ61CHKpDHW4NrNfQwgmWgkb9BuF2,BVR6WgfhsRr9Lob4QDnkEAiNGgAbv7ZieKcY9kSg3QYR,2.5776827920000756,2.1940735380000014,441.7915621824576,171.39097314594815,0.17671662487298306,146.0212992507939,17.105191585,164.619634399,26969.6483287337
parEAJhzYzHW87y9VoZAQ22dzQ2MD2ekEtTReaxbMcz,3oyc6hpjYSJEquK6dSvG72NXyz3pqLZz5D8AC71pwgQb,Di2vordgFJVZ1aj1aBpvzXtLfZgJsuLLXawGtVFwX6Rz,7.517966005000062,8.842640266999751,1071.678175356317,142.5489520228694,0.4286712701425268,167.9975996502962,1101.852512214,141.147621062,180780.38243463717
BSCuChvaSj9b5HUSqgDVRzcnr2sSn7cXaamt1jbKH6hn,GnKpRj5kBVPMJfiwZtEuD9GYApLzPdW5JFuZTcyX4BTc,3dmwD9okkomV9nDwyuh4UMhKdUR13QpuKxRo89ycZB5t,703.8392975550003,704.8693289210003,702.4045800079676,0.9979615836285122,0.2809618320031871,0.9966135073021871,1726.186093052,1386.361872586,3104.3343752876494
daob129AwBGn9Y5r91uLoWZeYiGzbPmksauMhFZKTze,6VW5GQNyj4LStgmxEHLr5zUfW92vQnmbw8jTnCH7a38F,4VPCCUifPeBA1c7HWK358CHn2nyjm8pdTRk6Ps3KmnMQ,10.888806740999733,9.74282582299999,1774.7682672842473,162.990152135008,0.7099073069136989,145.85738764751287,48.321241692,224.042303253,40554.111609746025
DFWzVTzNBrQZLjoQ4yQwkj9HuoXmfkuZP9V5vbymZe23,DhgiEgiNdqZdRdo195UUHnoEJUtefK8buko8nU97XJUZ,2K2kkXsouBHtWVjtcgkyiXd8eP3oVBvq1bTJzcVdLLr2,23.373107691997575,23.77524678399641,22.99534083070954,0.9838375424326918,0.009198136332283818,0.9999886141296396,45475.905730365,22540.180524528,67280.82721861772
FrnkTEL6yZ5Aycq2TrEgu29dCrwKG4LPUZydfiwqspkc,DjvZuMZ46fxKBoBpGMPcRcos4xdTtHFxwMh69DpA2ZFY,9rvDPJLAng4uVVqnnSoEXgNDFhBZQTny9AoQioYDZbQX,14.119491718999711,11.780206865999759,2466.9913100072613,174.7223879658208,0.9867965240029046,145.86600427941684,173.285686413,1438.227006522,240065.31561848667
KysFMBBoavfov2tLpvefWW6tPFt6rAeZWDJVy1mMQae,B8ka2V21TH3x64dFV8ETcjuQcwmrciJ2qzy1mJUttRew,7fSf7EYxBANyxzk2s5pymFgshA91tFYQNKKs5UnLWcYS,26.8593069999838,23.34106900000006,0.0,0.0,0.0,0.0189003478968137,134426.336645,2669.123243,50.447357872171615
C2ypsDADXcCRz8HbV2zX1AXPSja7a1P3xZtRC91xGhJh,J9bYNuDpY1d1T86gLaw7DGk5D3CsUAf2tzUwxMvb6FTv,A2NGvvPrMGzsJ4jb52KEnSBVmsA7C34dV1GC7PerdgvG,802.171942701,806.350514304,117053.25740330841,145.92040829697606,46.82130296132337,145.92711582643778,2122.806785866,1249.227910844,492057.05896850943
C98Sspw7XqnMsgxea3SLQVdbMDL8pKUc3RE82UvX9eq2,CSqgQJurPCzGxb4Cgwx5R61hWQUiaoUHcShNc8r1cKEL,6S2CR5EnukPhC914XkAns8m5GixjMAoUuZMsS5ubHuWc,28.25196200000005,28.27934500000015,0.0,0.0,0.0,1.0,918.536578,845.105225,845.105225
KEnkcdADoLR5jS2CLLLesy8TtFsyWL37BhXNfDMzWzP,3qsjFRuw1qeLMPo4DLwaQevenGAGBj9dA3Q6rb8ax2YR,77iEv8zPQAEyCcEbvBRSB6AFcUdfkhiqnAKtPxk76rNN,0.010430999999999968,1.2497979999999984,8.540511631585669e-05,0.008187624994330069,3.4162046526342673e-08,0.9997670542763537,119.987883,0.291673,1.2740208458894988
RoBgmK8CvjdHvPrqdDyVw54VwjZv2TqJ493xnqJAQHx,ExiHJxM7qPAcy27NDHAF6G7vnW7muNHi2sVJpnaNynGQ,6rkPHSqZb7StM4HwS9EuVrmfkV7tRdc7dnsFhyB6cefE,0.4389540000000025,28.59267,0.0,0.0,0.0,0.9481755679808697,6353.465501,17.53959,16.630610710401584
AUSejoEUCh2DBs9mof6BNC8Pubs22w4cJa1ccV9h44R,4xkyD7AfGQDwsQMy9MosRRNGoVJ1zosNinesxg1TzHG7,Cbm5gsQe3nSiCsFrvepVzMCD9xLK3ri9g3ypS2hdmVJ7,530.3998689999971,529.9843320000018,530.9143249809036,1.0009699398717358,0.05309143249809037,1.0,14119.166801,14757.943216,28890.804759835977
TETFuZgEmET6d9vYmz9iMFCxK1jKdKYxf3oPz8hSzJK,Eu1Ze6Z84LWNkq7SNoAHBJbXx5t1P95EwyqYohrfCRFV,ASMbv7WNu3qe4pkhREmvyEdwFNDZQ6B6iSrjkj4u8bdC,183.09117132399996,182.973124658,182.7841278043523,0.9983230020463176,0.07311365112174092,0.9992725295984523,228.299253543,124.378572364,352.20448679599957
vEnkoSUkpnbRrPgBz9DfcVxNz67zjwMYBZraAvDDNSf,DtfyjjsZ5yCjWKLKHvwsfXs5QVsmm1QkK6Sh9JZHoq1g,e5wrKCRv4GhHvEf1VD5Pq2KGaZDXP77nTL612Jyrxwy,1459.5022400000007,1459.948898999999,1460.6590819929393,1.000792627761187,0.14606590819929394,0.9995961631500873,610.427772,1336.499341,1946.871227314507
BUSDTd9WiT6uBHJRgNvFXBsA7JrifsAtWzKfioN7ERcy,DyBxrn7gSc1EwnpWhDyhzvMHPtxpmBqRqotapLcKcfTM,Cds99GeBgoCpqBsoRWu1C6fF9LiUMd4pXQQD24s9LPff,530.02007686,529.0958487,532.2529311313892,1.0042127730040291,0.05322529311313893,0.9994642871420918,97.24553406,166.9278413,264.4936233297231
RajgMbScQbqqrdJfR2rxfHJiTiY5b6bJ2tTXiF4aPxy,725ZA3fhyBAKb5iopNRrcbSuQa3LXA1656Q3mBvYPxeg,GLA6i1dSZpUfk2f9Nj8uiG7xyDdAR2reff8oEiZH3617,18575.297930910005,18557.287600550015,18599.392700177377,1.0012971403934943,7.439757080070952,1.0,64918.1190221,116519.27863595,181521.60557250323
ALBpShJ9NLpE739pcHDF2LNVk5J4VYPvvKuV6jMPitZi,D6d156U1bPiJpDYRLextvDRccgFk7QzkQbJg42ceKEu5,GNcM8U5g8RwTZffwwm3kSQqUNPSwv5d2fbN9sLxPJqt2,8767.111171999997,8766.660180999992,8758.676566466489,0.9990379264768028,3.503470626586596,0.9998140345895663,52064.77009,48243.780535,100249.488813757
SAMyS8Jr2HJrkFwYVKbpUwsNStnQmvz3f8Tup8bWUWF,6jPzm5TFfquvgm25sTyN3MMGBfufRaFHMxobDWv6hMFW,Cj9ECoDmxsHTDzCY5ZA6RWrPbg9uFzEC1Qc2kso2vJG6,923.2719402200164,18.055847609999944,897.8619181965231,0.972478290613448,0.3591447672786092,0.0189003478968137,449.59709141,110460.33254724,2524.9621248597446
Sid7E679i9ABqptiAVhkmQ27YHN8vaYT4fppPwmxFsJ,GP7KB8o1bv527HG8kTzzzf4wJ5aEGHvcMQvVhLziUfmT,9gYxhAZ1M9wu5pxr8SBoa5NDm21gi3s9vMHaYTME77sa,649.380766000002,1498.6872860000149,5.316886190538822,0.008187624994330069,0.0021267544762155295,0.01888992166387266,129324.31908,11205.09613,1270.5224154059879
ALLwa5WNZbvQsRKAqe1jdRGemdYQnW8E5k4msbRFcYtu,CGoM82Hbz7QVqTgvQatYtjvDWBvoUJp5qm21P8iMs9yb,3dxNNww8TivyN5FMy5dCNdi3Zcxv6e4kUfSPxfFwpdNq,1.1326586339999958,1.1174546630000008,3543.9882165206377,3128.9111389236546,1.417595286608255,3085.0676555336863,0.859545566,7.798208127,26747.441359597466
KZMu9QBEdL97EFgamLbN5DE1AoKBG4HdrKKJo4Vuon3,DD4ACBWyVqdaKWh7v5btsgqQCCMwbKnuL2xd9pv7Gyuw,GcYqiJ1MAuYbNTNYXm1F1gQYTfTgkErACAhNU5dpVj9T,23.872734010000045,24.47815869000135,23.21571556231437,0.972478290613448,0.009286286224925748,1.0,2258.14336754,837.17660392,3033.172005945394
Lid8SLUxQ9RmF7XMqUA8c24RitTwzja8VSKngJxRcUa,4PgzyzLtds9bKZ2to9PMnKqJzKEUpjvNUaeN23phegax,AtymwxoVN9peZo7EXTcDz9jKVc4vRmisJKKrNfe3ewBa,54.36896703499508,46.05737002599972,9372.991829808452,172.39598875909195,0.9372991829808452,145.9039508455426,970.99381249,7671.856978705,1286749.681898181
BSCNHw8CmxbZ8hCWWzMf5FaG2ajPT6JxfznKUNuRVrn4,7n9kgNL633yGzCYksgnzHyjG73ZLBAwvEae5sbAekbzW,SscdxE99omdG9AiMVwmaEMQySQnCgeAh1sPj2Leutm2,1931.4708956840004,1913.8987281869995,1941.5538508041507,1.0052203505332031,0.7766215403216603,0.9999886141296396,4051.984235608,7651.786628001,11724.836519423316
MATSnbbiTCv7Dc3trJrkrqjx7ckKdr6fwPoVwv9q3sD,631WX9JizSHJm4w6VanZeJAst9T8DeUUnPLesdGkCVtK,211maUSfpnXbPuW1iBu8b4dtJv5EbN1j7JJiEX5TZKEP,191.2711499999932,191.13777000000118,191.47967136210656,1.001090187213876,0.07659186854484264,0.999920006399488,19715.351241,25839.08704,45573.86474323374
7dwD9TF6uikvHXxPFK9AsSim54yJoujQjY9vU6gNFumk,CquVr6atkvwueDYficKjn6SSEWq4F4rH4VSiBbW4GBWU,8BCa6ge3b7ho3TfZuM64Vk1hgbrJ3J7EPiAb9uP86CGd,0.0001259389999999994,0.00012567800000000016,0.021706042286960055,172.35361791788213,8.682416914784022e-06,172.7679674366935,0.003811697,0.003696205,1.2955455934360813
heyk4SZTeCUV6a65WiVA5bzic3KcxgVf1qxobfeV4tQ,9ZDpBKPqMABtGfq66FbVribaArMvtk63xxy91onZAtDt,DaTP4s6N7xxSPinbNZ3FB52EpRDRt87QShTuN3VPCW52,46.423260020999805,40.3263465440001,7729.542297540806,166.50149718146264,3.0918169190163223,145.7157103976028,626.567950236,4472.642922924,756058.8426688955
GokA1R67GqSavkd15zR62QD68Tuc5AEfvjssntVDEbM8,3YB7hfpBdbQEuZqLGWVDpRPmeZWCUsrrWyqGXegnQ6Cg,4DPCj6Z1DsG6HUtwSogBGqXEUxdEV5a8YVrrFtcnz7UW,18897.527459999998,18890.535980999997,18934.942907184595,1.0019799123067181,1.8934942907184595,1.0,5636.902838,26768.62759,32416.69100130073
SEQV6QiTpvTzrceiaYg9Avnwf7oc8ZALpnQMz6TyT4A,3dFMPj4r9mMmPHF32mz1gNDX7f8ftidWof7S8YiYTs1j,Fc1ED3YPeQfXQosHbd8DTaBd2AV5gHQtwiSAL5C5pUhi,3586.5500924380003,3606.6645769499996,3568.8827949784572,0.9950740134658113,1.427553117991383,0.99976605474319,4670.937083055,959.373039289,5607.076708398775
