0,1,2,3,4,5,6,7,8,9,10,11
ALBpShJ9NLpE739pcHDF2LNVk5J4VYPvvKuV6jMPitZi,D6d156U1bPiJpDYRLextvDRccgFk7QzkQbJg42ceKEu5,GNcM8U5g8RwTZffwwm3kSQqUNPSwv5d2fbN9sLxPJqt2,609.562447999997,608.3337060000049,610.546037666678,1.0016135995088087,0.2442184150666712,0.9995971623435757,42050.703304,58359.87793,100454.92467174187
heyk4SZTeCUV6a65WiVA5bzic3KcxgVf1qxobfeV4tQ,9ZDpBKPqMABtGfq66FbVribaArMvtk63xxy91onZAtDt,DaTP4s6N7xxSPinbNZ3FB52EpRDRt87QShTuN3VPCW52,116.4165031530008,101.20978292499922,18444.526626381885,158.43566957290497,7.377810650552754,136.86750787261906,619.323311122,4480.965060953,711421.4242366382
wrmcMSHFi3sWpAEy4rGDvQb3ezh3PhXoV2xNjgLBkKU,8p4mGnARWPBu6P2Gcw4adodLkNDorrXniZMhaY7eJXUn,AyY89zccbsgp9LKFgH4CFZMJmpSgqmPSdTfukhP227rc,0.003720009999998719,0.03425782000000435,1.1045160332537765,296.9121140142518,0.00044180641330151063,2964.719833975689,27.08943599,0.09507445,8325.050814863986
Sid7E679i9ABqptiAVhkmQ27YHN8vaYT4fppPwmxFsJ,GP7KB8o1bv527HG8kTzzzf4wJ5aEGHvcMQvVhLziUfmT,9gYxhAZ1M9wu5pxr8SBoa5NDm21gi3s9vMHaYTME77sa,5862.3912020000025,12867.184783999983,49.27961533934231,0.008406060537640368,0.01971184613573692,0.01911822684716771,129035.655165,11330.096331,1301.2928806873977
Dg3mAgpwDfVNnbGWcsxL8sUcSkEbjSJQhKAWNigG44Ju,EATxwd8YA2wV93VJcKMmH2Kn2Y9XfJVUB9hHVu3udwEy,GiGvrRi7NMHfHKanG2B8xyCEqe8jaafWins8bhrLVEaa,0.025545339,0.02599435099999997,4.193695602317181,164.16676256741712,0.0016774782409268722,162.4718070796765,0.170420481,0.289641161,75.03590147327753
AUSejoEUCh2DBs9mof6BNC8Pubs22w4cJa1ccV9h44R,4xkyD7AfGQDwsQMy9MosRRNGoVJ1zosNinesxg1TzHG7,Cbm5gsQe3nSiCsFrvepVzMCD9xLK3ri9g3ypS2hdmVJ7,711.5497599999999,711.5674900000013,711.8522972263211,1.0004251807017983,0.07118522972263212,1.0,14270.800127,14605.849096,28882.716891813223
MATSnbbiTCv7Dc3trJrkrqjx7ckKdr6fwPoVwv9q3sD,631WX9JizSHJm4w6VanZeJAst9T8DeUUnPLesdGkCVtK,211maUSfpnXbPuW1iBu8b4dtJv5EbN1j7JJiEX5TZKEP,1539.3589579999934,1538.374967000007,1536.110085169859,0.9978894637840966,0.6144440340679437,0.9986139238736634,20447.755276,25105.733226,45475.534316497346
KZMu9QBEdL97EFgamLbN5DE1AoKBG4HdrKKJo4Vuon3,DD4ACBWyVqdaKWh7v5btsgqQCCMwbKnuL2xd9pv7Gyuw,GcYqiJ1MAuYbNTNYXm1F1gQYTfTgkErACAhNU5dpVj9T,38.142621239999926,39.26703676000011,37.00966329255327,0.9702967989452563,0.01480386531702131,1.0,2359.45678783,836.87499255,3126.248361031106
C98Sspw7XqnMsgxea3SLQVdbMDL8pKUc3RE82UvX9eq2,CSqgQJurPCzGxb4Cgwx5R61hWQUiaoUHcShNc8r1cKEL,6S2CR5EnukPhC914XkAns8m5GixjMAoUuZMsS5ubHuWc,48.036338000000114,48.04840199999978,0.0,0.0,0.0,1.0,885.955546,877.631897,877.631897
SUiuyGR7SFq3xeRVJonq84fjjeFwRSsFekcevJ53tzy,49GjCCPsv7fBqo6t3iKDrP1xxGDS8uWZbVCdfnp2gjMf,CEwj5xEbbJEjYqM8D6Ai8ByGz1mrh8mkAVsE5fzDSSSx,0.2662640000000003,29.588842000000113,0.002234338436266028,0.008391440210715776,8.937353745064113e-07,0.9489763866205718,643.166488,1.684347,6.995498659463246
B2izdXFYb2sNwbWWHmh75T4aQFtfXsUxem9u2p61HGzf,4DYwgJtxwuJdAjkj5RJSNH4e7U329V5cNp7d3a1nLrZv,EXNW64GEf1ACC6xY9BtKRiunrs6GoJSXBdxWN2eTPmrF,24073.136072000012,23876.82020899999,24213.185134819814,1.0058176492834556,2.4213185134819812,1.0,11813.082312,28105.994421,39987.80110284781
ercAoEmXjQzEvAFbdjAo81KtMxRGn9AW1ju882upmPH,CMRhskR2Eg6V42RTSdRTXGdozyPbWB8U9dVpijPWb9T4,7TKLLgrWswt6ZJ1pXhVR3FyufHGjJFqiEXxvWJfDcgRm,0.23950102999998535,0.23862537400003703,32.79569125351376,136.93340380839183,0.013118276501405506,134.76453267029183,315.030494271,799.596401394,150895.4332426776
RoBgmK8CvjdHvPrqdDyVw54VwjZv2TqJ493xnqJAQHx,ExiHJxM7qPAcy27NDHAF6G7vnW7muNHi2sVJpnaNynGQ,6rkPHSqZb7StM4HwS9EuVrmfkV7tRdc7dnsFhyB6cefE,47.62273699999984,4.782740999999703,0.0,0.0,0.0,0.948323032964657,6340.694601,17.73423,16.81777878089281
BUSDTd9WiT6uBHJRgNvFXBsA7JrifsAtWzKfioN7ERcy,DyBxrn7gSc1EwnpWhDyhzvMHPtxpmBqRqotapLcKcfTM,Cds99GeBgoCpqBsoRWu1C6fF9LiUMd4pXQQD24s9LPff,763.5199093399999,765.3353980500001,760.6613288529439,0.9962560498395818,0.0760661328852944,0.9986418470879603,166.24597047,97.77484452,263.2656051723809
BerKDkt6v49dT1bHRedgnpsJS263C1DSJtEGvY9Mg35V,78XKqNb8wbfsMMrvo8WPUpdx7GEkfQutpNVH943aCGFa,DKYQwn4nDvFHCszi5tXbqfVMAP7DaXXp1KGTXEnYnKVH,0.0033694210001158353,0.001108728999952291,0.003376071340742111,1.0019737339519303,1.3504285362968444e-06,0.9999317656562434,1338.317413093,1686.888382613,3027.732174500903
KysFMBBoavfov2tLpvefWW6tPFt6rAeZWDJVy1mMQae,B8ka2V21TH3x64dFV8ETcjuQcwmrciJ2qzy1mJUttRew,7fSf7EYxBANyxzk2s5pymFgshA91tFYQNKKs5UnLWcYS,39.07849400000032,51.63112399997772,0.0,0.0,0.0,0.019122758375285317,134439.107545,2659.455375,50.856122545978806
SoN9GaFpSXfpyR5dth3x7PHPVhvJMpQqqDJfCSmPv1t,9kZ9iS68ViMPtoeqtnhAKuF2iqVyfHPdZHoUNdwCELr,BBhm5fJLjw3HRzjtKB8uMEYjGhY6EDm9co3cqpjrSzB9,0.5208347169999987,0.5102319410000002,85.4743802371721,164.11037407318665,0.03418975209486884,161.28192031286113,1.556896388,2.424360717,646.508400596698
KEVpg4SYCVrqFxKijQH6hm4QxsRdoE51ud64bEEFUC9,2bPenuBYfqzD8p5dFjCcggwkHDsc2RQDnx9AoyYGUBjA,AE6n6iLuX8oYu61vt5hoDYkjswpnxFxrhSehxrnQTnbx,642.1292277020002,641.4525748630003,643.2548812894346,1.001753001637167,0.2573019525157738,0.9927968971332279,1866.707781649,5774.618682266,7603.0036333275975
Cob4usZcpHEY7Qt4ZCwj6WVg9S44zvzYV2v9qYF65dTf,NhFM9UXE48PyNAyeyPYA3iXztqKVJwA4bTdLj4ysM8w,6TuFuynuBoeskxyR2cz4wxyidk8dpDK7kAWw3UkjQGx,196.5552670000008,4563.846808000031,1.6524221160470867,0.008406908353400064,0.0006609688464188347,1.0,71888.866072,179.848735,784.2118436971554
KwnjUuZhTMTSGAaavkLEmSyfobY16JNH4poL9oeeEvE,J63v6qEZmQpDqCD8bd4PXu2Pq5ZbyXrFcSa3Xt1HdAPQ,BnKQtTdLw9qPCDgZkWX3sURkBAoKCUYL1yahh6Mw7mRK,304.1369260000124,9611.37898100015,5.817467916810944,0.019127792186637366,0.0005817467916810944,1.0,278831.755526,548.923994,5882.359868736603
WiiQFxXqp8P9Fs1rt9SVcDyA3KUdJmUsog6wnVQAwba,3S2jpqSYxho6wiz3cafhjXruVY8cg4HYa2v3BqBHYFSj,Dfe67M6TfrG74gKRtdqys4e6E9QirPD53BkF4FujFjuv,2093.3457522419976,2095.5569738310014,2089.739530528954,0.9982772928412896,0.20897395305289543,1.0,20081.008213838,6734.45602541,26780.870542643897
C2ypsDADXcCRz8HbV2zX1AXPSja7a1P3xZtRC91xGhJh,J9bYNuDpY1d1T86gLaw7DGk5D3CsUAf2tzUwxMvb6FTv,A2NGvvPrMGzsJ4jb52KEnSBVmsA7C34dV1GC7PerdgvG,1297.5628801040011,1304.2419188120007,178029.06474908598,137.20264927339534,71.2116258996344,137.4920082770189,497.171062132,296.687710881,109005.37606671848
parEAJhzYzHW87y9VoZAQ22dzQ2MD2ekEtTReaxbMcz,3oyc6hpjYSJEquK6dSvG72NXyz3pqLZz5D8AC71pwgQb,Di2vordgFJVZ1aj1aBpvzXtLfZgJsuLLXawGtVFwX6Rz,17.164303768000025,20.17572132999976,2302.390944268078,134.13832424479116,0.9209563777072313,158.4324817006523,1103.15371601,140.037748299,170161.71884477753
BSCrK1Nx9PXU9mF7STWWBqeHLxmtJDr9h7jheEy4tAWX,FfSySSbVJPvEo5a5AvrP3nySoXpRE2QPn1uUMpJJ1x7v,HL7Vcj6838ZmvBHDbQxXfjBNckNi83WvPiZQoMQLFeRM,0.036154957999999904,0.036111237000000074,107.55794540435024,2974.915512399448,0.043023178161740096,2967.9755438815187,0.83008691,0.974197115,5360.831637438656
BSCuChvaSj9b5HUSqgDVRzcnr2sSn7cXaamt1jbKH6hn,GnKpRj5kBVPMJfiwZtEuD9GYApLzPdW5JFuZTcyX4BTc,3dmwD9okkomV9nDwyuh4UMhKdUR13QpuKxRo89ycZB5t,1305.579627708,1308.849096194,1305.2664146738687,0.9997600965674677,0.5221065658695474,0.9990908273471142,1624.442427813,1487.39868769,3110.0991039778305
daob129AwBGn9Y5r91uLoWZeYiGzbPmksauMhFZKTze,6VW5GQNyj4LStgmxEHLr5zUfW92vQnmbw8jTnCH7a38F,4VPCCUifPeBA1c7HWK358CHn2nyjm8pdTRk6Ps3KmnMQ,24.819612826000288,22.18796359800001,3803.3174311730227,153.23838682885417,1.5213269724692091,137.16644036490115,47.706435292,224.718296395,38134.26598686815
MATgk4zXLXtYkwBH678J1xZbRDZ45LicNzkRBHkxTuY,y8dALFo1bJrSzPYjMX14HJX448pXqYmrfXHD1K8MXih,GN7Yuet3UyiWS5YVkEHv6oQKi4HGBJc3XDPt9zQhAqZz,965.5759999999991,965.2226840000003,966.716725736368,1.001181394044973,0.38668669029454716,1.0,3569.269725,4491.58228,8065.068718998017
BUSDgu5JdqP1rndBvXvanbEufS94FNh1w5FJcAj6vawb,Bgzr8cWubt89JQFXndVjtdKmDbGzuPxNhvjH1EhWCwbo,Dxaf8xPBBQsasRKW5Aa4Sw2YrbfGofY9xZueyyF23FBW,6327.00811239,6314.747013950003,6340.737521122361,1.002169968567841,2.536295008448944,1.0,6532.23562764,8518.44882934,15064.85920296971
SoNcU2iwHMw6dGzsYNQkYFkUjwN1UdAjrWVRnStrZu2,8ivTTid27jZnYNc4w3CTA1Z6QS2twsFb8WMwUabeDJgc,CyXm53PMvHCbeXJBykU46Rcbo28xk5srhMZFg7gv6EYB,3.849342193999993,3.8187020270000076,626.0221874155832,162.63095247582044,0.2504088749662333,161.28844955348904,15.943137877,18.732763612,5614.226097221337
AURHmCnNwiW4uA2Qj1XvEh4iKgRUZYXtiY7FKAapUV5Y,BKWm4TRnTeKwfWXRyuzjRHU7iZDkPuXBX5b5V5jSVfGJ,A5Ww74HVrkj9nPeC7pHKLfgeDMEhBCpW1efQdz3TGLEg,0.0215129130002083,0.01923504299998058,3.2885567759032486,152.8643180898564,0.0013154227103612994,137.15233084214412,289.922197161,1809.462776396,292490.796322938
BkMBnJpvHKtWhUvrgRrLesXfi9RUV3ELgdBaJcdH7hcY,5uerVwBnZQsuVhZ15igs7ZgmcqhHnYWbwoRtLyRqLvR,9YWiQh5d4jCtgMdzcGLv9bWgnLaFtzvDDh2nnhJdzhBX,0.056494236999924397,0.05623457199999393,0.05680594416732578,1.0055175038013489,2.2722377666930315e-05,1.0,986.482241645,1887.573886459,2879.4990476222397
DFWzVTzNBrQZLjoQ4yQwkj9HuoXmfkuZP9V5vbymZe23,DhgiEgiNdqZdRdo195UUHnoEJUtefK8buko8nU97XJUZ,2K2kkXsouBHtWVjtcgkyiXd8eP3oVBvq1bTJzcVdLLr2,5.3980205099978775,5.490722385999106,5.311106383780961,0.9838988892213472,0.0021244425535123846,1.0,45452.130483581,22563.552477933,67283.85317347207
Lee1XZJfJ9Hm2K1qTyeCz1LXNc1YBZaKZszvNY4KCDw,9DgFSWkPDGijNKcLGbr3p5xoJbHsPgXUTr6QvGBJ5vGN,2hNHZg7XBhuhHVZ3JDEi4buq2fPQwuWBdQ9xkH7t1GQX,1843.3629694031042,1556.7101934520015,299502.5904233779,162.47618911448527,29.950259042337787,137.12652733240225,6897.555596661,55002.049593246,8662928.604437161
vEnkoSUkpnbRrPgBz9DfcVxNz67zjwMYBZraAvDDNSf,DtfyjjsZ5yCjWKLKHvwsfXs5QVsmm1QkK6Sh9JZHoq1g,e5wrKCRv4GhHvEf1VD5Pq2KGaZDXP77nTL612Jyrxwy,1085.1255539999997,1085.3965380000006,1076.133383447909,0.9917132441320327,0.1076133383447909,0.9986976982015452,1065.409548,881.109587,1936.5428755765367
Lid8SLUxQ9RmF7XMqUA8c24RitTwzja8VSKngJxRcUa,4PgzyzLtds9bKZ2to9PMnKqJzKEUpjvNUaeN23phegax,AtymwxoVN9peZo7EXTcDz9jKVc4vRmisJKKrNfe3ewBa,122.49539133299425,103.78682263999985,19829.36895604307,161.87848979671784,1.982936895604307,137.042432448359,972.666742508,7669.865786165,1208550.887241185
GokA1R67GqSavkd15zR62QD68Tuc5AEfvjssntVDEbM8,3YB7hfpBdbQEuZqLGWVDpRPmeZWCUsrrWyqGXegnQ6Cg,4DPCj6Z1DsG6HUtwSogBGqXEUxdEV5a8YVrrFtcnz7UW,14770.540312000005,14768.911027000002,14772.253893451645,1.000116013457561,1.4772253893451646,1.0,15067.970544,17328.599451,32398.318082361235
RajgMbScQbqqrdJfR2rxfHJiTiY5b6bJ2tTXiF4aPxy,725ZA3fhyBAKb5iopNRrcbSuQa3LXA1656Q3mBvYPxeg,GLA6i1dSZpUfk2f9Nj8uiG7xyDdAR2reff8oEiZH3617,1375.6371991000124,1376.1710831499877,1375.1773810391144,0.9996657417659257,0.5500709524156457,1.0,63978.24272463,117451.18880068,181408.0462708777
BSCNHw8CmxbZ8hCWWzMf5FaG2ajPT6JxfznKUNuRVrn4,7n9kgNL633yGzCYksgnzHyjG73ZLBAwvEae5sbAekbzW,SscdxE99omdG9AiMVwmaEMQySQnCgeAh1sPj2Leutm2,876.3463312169997,875.8949897029997,877.6109106168786,1.0014430132869077,0.35104436424675145,1.0,5394.74532479,6302.964938696,11705.494952669156
KEN5P7p3asnb23Sw6yAmJRGvijfAzso3RqfyLAQhznt,9zj4aX38Uxf3h6AUjS4EipWS8mwbEofasHAf3a1uKGds,CwQDG1MWunn9cLNwcZLd8YBacweSR7ARo32w4mLua1Yr,221052.16251499997,221100.00527499965,220228.94671218982,0.9962759206087645,22.022894671218985,1.0,1146950.563929,1089374.337737,2232053.566708106
HEDSDjj84KS7LKhZY7ejkCACTdPen62rKhCby1wXtgxc,EnnjMSFttpCTywBrYNt1J5QQeoSVkvzPipJDa8Y7kJow,6bjVT6JN2rSvpyn9PdfLYC8wJn4LWh49jpY47fnLDXZk,14.636052220999773,15.02377036499638,14.17063061211249,0.9682003314924296,0.005668252244844996,1.0,39106.082401359,9062.716784811,46925.23872917706
JSoLLrxK5bYdHwTEWYaGgmeycBCNXKDiBCTw5hXGBg7,xG4wXczA7Dk4hccJ61CHKpDHW4NrNfQwgmWgkb9BuF2,BVR6WgfhsRr9Lob4QDnkEAiNGgAbv7ZieKcY9kSg3QYR,1.7346248699998306,1.4781685349999947,278.9038861401308,160.78628351509687,0.11156155445605231,136.8961561886577,16.950797525,164.024533048,25179.783831572306
FrnkTEL6yZ5Aycq2TrEgu29dCrwKG4LPUZydfiwqspkc,DjvZuMZ46fxKBoBpGMPcRcos4xdTtHFxwMh69DpA2ZFY,9rvDPJLAng4uVVqnnSoEXgNDFhBZQTny9AoQioYDZbQX,16.357770713998406,13.662340109999946,2682.6884651140494,164.00086002050995,1.07307538604562,136.67152625056838,173.140647699,1438.370781273,224979.54511794748
BUSD5rCfUDpCxKGMvYU2yThChxgHoioK74PTPociGnv2,CcFHbafgYDZ8yA8Me1PdtDiVb2eeaS61LbqyKKK5CsNZ,26R9s4nmF3CFDTkiePDwRmtscn8i7r2eygbSijditJ58,337.24627012999997,336.83417602,336.6348369093731,0.9981869830009057,0.033663483690937315,1.0,111.26443137,36.77749382,147.8402008845316
STK75uPSyBnEhGTTzb1nwmP3n427XoXmfRhXxxhyady,6TYyD5fUmDe6N65avW1Ny2RxzRNobw2RRgKwH9CTzSAU,54zDfk4cx2vGrEajPtodWpArNe5eUurytyxd4X3aZAxK,526.9891195129983,593.3305905939997,72167.52297364247,136.9430986361426,7.216752297364247,154.34016108482612,1690.384580676,298.031381703,277484.7138249023
SAMyS8Jr2HJrkFwYVKbpUwsNStnQmvz3f8Tup8bWUWF,6jPzm5TFfquvgm25sTyN3MMGBfufRaFHMxobDWv6hMFW,Cj9ECoDmxsHTDzCY5ZA6RWrPbg9uFzEC1Qc2kso2vJG6,1244.1908236299932,24.213860360000012,1207.2343734452445,0.9702967989452563,0.48289374937809776,0.019124143305314423,455.76644714,110144.88062298,2548.6552061072134
MARpDPs5A7XiyCWPNH8GsMWPLxmwNn9SBmKvPa9LzgA,6YjT74rmcfCpw8LSjPNx5JTmZoYLGrTKnf9arfSgZ4SR,F8GSmi3vA8M8TsybLya1LQ4n1aFHCRbZ6k437PeTdXtg,27814.649063000004,29102.827824000036,26475.013385684375,0.9518370454978108,10.590005354273751,1.0,296361.683278,15724.898795,297812.92780508945
YAkoNb6HKmSxQN9L8hiBE5tPJRsniSSMzND1boHmZxe,CfWX7o2TswwbxusJ4hCaPobu2jLCb1hfXuXJQjVq3jQF,EnTrdMMpdhugeH6Ban6gYZWXughWxKtVGfCwFn78ZmY3,6616082.555218998,6614614.760696951,6616082.555218998,1.0,661.6082555218999,0.9996121504856115,558171.579837,819753.052807,1377606.6918205502
moFiBS1R4Lf3E3zzmBPnw3NF4RhWPkhREFviuzUaCAU,44ALBrpqi9PfZkBRTvbtRNtFJGsatfY4QydjtMbFWq8S,2ho8qEEie1UjVwWNBo9y4oAJZMyMLx8zPj9bxyUz6uWs,138.31126373799634,138.28829600000245,138.29132185280253,0.9998558187912187,0.05531652874112101,1.0,34013.885328999,30504.437497038,64513.41866293491
NorjjEePhxfwLF4vZjUHCrVVKLzQjEEGQFd3wgjEJmh,34M8pFVqgbV7aqHxvRT5tCv3vu2P1JJYT8J3VaxBK2oG,3AZWBSze3ucsY3xSeuLne3b2pauVqiaJ1SZSV5T9WGWw,0.0011050000002796878,0.0011050000002796878,0.0006547430357440445,0.592527634007531,2.6189721429761777e-07,1.0,38124.370231,2258.549989,24848.292880001576
ionytDfEj1mXodptgrsKEZro7DGsfpzANUfarJdm6Qb,3gkSjY95an9xNFSjCfsay6JZez7uv7yfW3Ad4ubc4fMK,9wXqANaSuEqkKL9yHzCPEDGHwbkStVAqV5rB3QDs3Jr6,0.00042030399999999635,0.001571102000000213,0.3338809256746637,794.3796054157624,0.0001335523702698655,2968.9448370049286,3.152466539,0.08412514,2754.0180254025313
SEQV6QiTpvTzrceiaYg9Avnwf7oc8ZALpnQMz6TyT4A,3dFMPj4r9mMmPHF32mz1gNDX7f8ftidWof7S8YiYTs1j,Fc1ED3YPeQfXQosHbd8DTaBd2AV5gHQtwiSAL5C5pUhi,268.21258454700023,267.9550774740003,268.70099778275295,1.0018209929879973,0.10748039911310119,0.9993953658036888,1471.814552617,4155.328294337,5627.310557350293
ALLwa5WNZbvQsRKAqe1jdRGemdYQnW8E5k4msbRFcYtu,CGoM82Hbz7QVqTgvQatYtjvDWBvoUJp5qm21P8iMs9yb,3dxNNww8TivyN5FMy5dCNdi3Zcxv6e4kUfSPxfFwpdNq,2.8685324969999986,2.784276037,8507.674161402256,2965.8629178159385,3.4030696645609027,2926.244019488785,0.865276779,7.790614481,25363.531345652293
BSC8REUo9LpiiWUuqMuLXs2D2yJsJfGd4HdiF3wCLxk5,AZjEH1zWVx1UJ6udMyRijGTzPteuLnaY18yNNmprJEsh,Caf8ypkSVR8xYnXNhjvfvdGCC7mrM3C11rz8Xi6NA6aK,1620.7217769449999,1621.2026682049996,1624.2312875969676,1.002165399824875,0.6496925150387871,1.0,2729.252929,3625.025823235,6360.188676049496
