0,1,2,3,4,5,6,7,8,9,10,11
vEnkoSUkpnbRrPgBz9DfcVxNz67zjwMYBZraAvDDNSf,DtfyjjsZ5yCjWKLKHvwsfXs5QVsmm1QkK6Sh9JZHoq1g,e5wrKCRv4GhHvEf1VD5Pq2KGaZDXP77nTL612Jyrxwy,2380.652463,2380.2340519999984,2380.050310271501,0.9997470639928098,0.23800503102715012,0.9998990101999699,876.171767,1070.738955,1946.5809728986924
KEnkcdADoLR5jS2CLLLesy8TtFsyWL37BhXNfDMzWzP,3qsjFRuw1qeLMPo4DLwaQevenGAGBj9dA3Q6rb8ax2YR,77iEv8zPQAEyCcEbvBRSB6AFcUdfkhiqnAKtPxk76rNN,0.010430999999999968,1.2497979999999984,8.739935490042609e-05,0.00837880882949155,3.4959741960170433e-08,0.9990868346331452,119.987883,0.291673,1.2967621878303524
SoNcU2iwHMw6dGzsYNQkYFkUjwN1UdAjrWVRnStrZu2,8ivTTid27jZnYNc4w3CTA1Z6QS2twsFb8WMwUabeDJgc,CyXm53PMvHCbeXJBykU46Rcbo28xk5srhMZFg7gv6EYB,1.8419658570000088,1.829271712000006,317.6120813805534,172.43103620706898,0.12704483255222135,171.23038448926684,15.699269605,18.980341892,5957.052565589191
AUSejoEUCh2DBs9mof6BNC8Pubs22w4cJa1ccV9h44R,4xkyD7AfGQDwsQMy9MosRRNGoVJ1zosNinesxg1TzHG7,Cbm5gsQe3nSiCsFrvepVzMCD9xLK3ri9g3ypS2hdmVJ7,2197.5398360000017,2195.8828059999905,2197.113595962385,0.9998060376287,0.2197113595962385,1.0,14530.780181,14346.395699,28874.357455419253
TETFuZgEmET6d9vYmz9iMFCxK1jKdKYxf3oPz8hSzJK,Eu1Ze6Z84LWNkq7SNoAHBJbXx5t1P95EwyqYohrfCRFV,ASMbv7WNu3qe4pkhREmvyEdwFNDZQ6B6iSrjkj4u8bdC,234.14010104499994,234.15148129999997,233.46577298119897,0.9971199804698497,0.09338630919247959,0.9996401295533609,279.454143265,73.321021491,351.94394529686343
Dg3mAgpwDfVNnbGWcsxL8sUcSkEbjSJQhKAWNigG44Ju,EATxwd8YA2wV93VJcKMmH2Kn2Y9XfJVUB9hHVu3udwEy,GiGvrRi7NMHfHKanG2B8xyCEqe8jaafWins8bhrLVEaa,0.03068369400000004,0.03027571000000001,5.354243896582707,174.49802154143174,0.0021416975586330826,173.1805050012798,0.206305655,0.253229224,79.85429352371139
ercAoEmXjQzEvAFbdjAo81KtMxRGn9AW1ju882upmPH,CMRhskR2Eg6V42RTSdRTXGdozyPbWB8U9dVpijPWb9T4,7TKLLgrWswt6ZJ1pXhVR3FyufHGjJFqiEXxvWJfDcgRm,3.710432988999969,3.773485533999974,541.795995850118,146.01961481485807,0.21671839834004722,142.92738145602982,304.67485041,788.073115656,157125.73111724973
STK75uPSyBnEhGTTzb1nwmP3n427XoXmfRhXxxhyady,6TYyD5fUmDe6N65avW1Ny2RxzRNobw2RRgKwH9CTzSAU,54zDfk4cx2vGrEajPtodWpArNe5eUurytyxd4X3aZAxK,326.1246117149997,368.14607934100354,47631.328871476784,146.05254298654958,4.763132887147679,163.90852330877544,1829.978967614,322.049612916,320059.75831714965
KEN5P7p3asnb23Sw6yAmJRGvijfAzso3RqfyLAQhznt,9zj4aX38Uxf3h6AUjS4EipWS8mwbEofasHAf3a1uKGds,CwQDG1MWunn9cLNwcZLd8YBacweSR7ARo32w4mLua1Yr,32239.18042099988,32243.781668000156,32192.951342871518,0.9985660591390763,3.219295134287152,1.0,1164321.797239,1095525.99853,2258178.2271686746
KZMu9QBEdL97EFgamLbN5DE1AoKBG4HdrKKJo4Vuon3,DD4ACBWyVqdaKWh7v5btsgqQCCMwbKnuL2xd9pv7Gyuw,GcYqiJ1MAuYbNTNYXm1F1gQYTfTgkErACAhNU5dpVj9T,23.866833670000005,24.54854671999965,23.229054880866542,0.9732776120221118,0.009291621952346618,1.0,2247.53494351,847.49691692,3034.972359675665
daob129AwBGn9Y5r91uLoWZeYiGzbPmksauMhFZKTze,6VW5GQNyj4LStgmxEHLr5zUfW92vQnmbw8jTnCH7a38F,4VPCCUifPeBA1c7HWK358CHn2nyjm8pdTRk6Ps3KmnMQ,8.412886039999862,7.539302142999972,1368.4754232278406,162.66420544879543,0.5473901692911363,145.9114233031924,48.094766918,224.296841768,40550.76847174129
BUSDgu5JdqP1rndBvXvanbEufS94FNh1w5FJcAj6vawb,Bgzr8cWubt89JQFXndVjtdKmDbGzuPxNhvjH1EhWCwbo,Dxaf8xPBBQsasRKW5Aa4Sw2YrbfGofY9xZueyyF23FBW,17137.97502848,17102.52196775,17157.43189940256,1.0011353074613674,6.862972759761024,1.0,6917.07069442,8147.87142568,15072.79512207018
ALBpShJ9NLpE739pcHDF2LNVk5J4VYPvvKuV6jMPitZi,D6d156U1bPiJpDYRLextvDRccgFk7QzkQbJg42ceKEu5,GNcM8U5g8RwTZffwwm3kSQqUNPSwv5d2fbN9sLxPJqt2,14148.495210999994,14151.214740999989,14139.926415592143,0.9993943670135896,5.655970566236857,0.9985501052471811,52002.468016,48308.204962,100209.13675510226
BSCuChvaSj9b5HUSqgDVRzcnr2sSn7cXaamt1jbKH6hn,GnKpRj5kBVPMJfiwZtEuD9GYApLzPdW5JFuZTcyX4BTc,3dmwD9okkomV9nDwyuh4UMhKdUR13QpuKxRo89ycZB5t,46.33679304100019,46.41430779699999,46.28695606055762,0.998924462027433,0.01851478242422305,0.9995581952776872,1726.186093052,1386.361872586,3110.0788857250623
YAkoNb6HKmSxQN9L8hiBE5tPJRsniSSMzND1boHmZxe,CfWX7o2TswwbxusJ4hCaPobu2jLCb1hfXuXJQjVq3jQF,EnTrdMMpdhugeH6Ban6gYZWXughWxKtVGfCwFn78ZmY3,5941793.542858033,5941930.050278992,5941793.542858033,1.0,594.1793542858034,1.000045002025091,861643.989254,593713.690577,1455384.3981494003
JSoLLrxK5bYdHwTEWYaGgmeycBCNXKDiBCTw5hXGBg7,xG4wXczA7Dk4hccJ61CHKpDHW4NrNfQwgmWgkb9BuF2,BVR6WgfhsRr9Lob4QDnkEAiNGgAbv7ZieKcY9kSg3QYR,2.1467336300000994,1.8305678520000122,367.5280015928931,171.20335585970022,0.14701120063715722,145.91187039757483,17.071889828,164.658988287,26948.465788149217
iLiUBQ7Z7im6Ew3b4ewwPcehzWgEQRJ1iQz7g6D62NW,GpugBvKWM3TVhYcZjemSdtehBWgfvuGr6uAm9iPjXT6v,92fMXJ3xy8tEyMUWLHKRLyhPw2nECBo77GtDiBBbYrjX,0.0011553950000688928,0.0011553950000688928,0.0011347363988316046,0.9821198800098179,4.5389455953264186e-07,1.0,1805.840138149,1156.638795719,2930.190295514809
BSCNHw8CmxbZ8hCWWzMf5FaG2ajPT6JxfznKUNuRVrn4,7n9kgNL633yGzCYksgnzHyjG73ZLBAwvEae5sbAekbzW,SscdxE99omdG9AiMVwmaEMQySQnCgeAh1sPj2Leutm2,1810.2787242550003,1792.4661116819998,1820.4070485591553,1.0055948977184843,0.7281628194236621,1.0,3996.490954936,7707.584109001,11726.435022062715
moFiBS1R4Lf3E3zzmBPnw3NF4RhWPkhREFviuzUaCAU,44ALBrpqi9PfZkBRTvbtRNtFJGsatfY4QydjtMbFWq8S,2ho8qEEie1UjVwWNBo9y4oAJZMyMLx8zPj9bxyUz6uWs,3283.8677813099966,3286.838806099,3278.7465071369625,0.9984404749173577,1.3114986028547853,1.0,35893.868746549,28510.744595994,64348.635953919686
RajgMbScQbqqrdJfR2rxfHJiTiY5b6bJ2tTXiF4aPxy,725ZA3fhyBAKb5iopNRrcbSuQa3LXA1656Q3mBvYPxeg,GLA6i1dSZpUfk2f9Nj8uiG7xyDdAR2reff8oEiZH3617,301716.4519729702,145534.15617167,302042.63990150543,1.0010811075312673,120.81705596060218,1.0,70849.03842674,113025.85025039,183951.4841061562
heyk4SZTeCUV6a65WiVA5bzic3KcxgVf1qxobfeV4tQ,9ZDpBKPqMABtGfq66FbVribaArMvtk63xxy91onZAtDt,DaTP4s6N7xxSPinbNZ3FB52EpRDRt87QShTuN3VPCW52,28.516887926998606,24.74124166799993,4783.3940957213645,167.7389940994454,1.913357638288546,145.9164479500709,626.023542617,4473.273969305,757732.807629647
MATgk4zXLXtYkwBH678J1xZbRDZ45LicNzkRBHkxTuY,y8dALFo1bJrSzPYjMX14HJX448pXqYmrfXHD1K8MXih,GN7Yuet3UyiWS5YVkEHv6oQKi4HGBJc3XDPt9zQhAqZz,220.6652529999974,220.32932299999902,220.98789532717507,1.0014621347166863,0.08839515813087002,1.0,3416.131621,4644.996772,8066.123237639835
7oAd7xG4m3oC2qeWB1szghTebAZyyGPAFDJ4wwwbRSNi,D9yh4KAysxt9GLacVe4Wwh2XqghhcjTCSTV9HuM7TBJd,HDYfJLpZKaMFb84jM4mRytn7XLR8UFZUnQpSfhJJaNEy,0.2061123820000148,9.122061989968643,0.2061123820000148,1.0,8.244495280000592e-05,0.022629280764992495,951.811203978,300251.526324217,7746.287293286241
Lid8SLUxQ9RmF7XMqUA8c24RitTwzja8VSKngJxRcUa,4PgzyzLtds9bKZ2to9PMnKqJzKEUpjvNUaeN23phegax,AtymwxoVN9peZo7EXTcDz9jKVc4vRmisJKKrNfe3ewBa,54.853358139998704,46.429659303000676,9426.517557510902,171.84941591820518,0.9426517557510904,145.25511810040004,970.940559277,7671.922598115,1281241.5910493701
parEAJhzYzHW87y9VoZAQ22dzQ2MD2ekEtTReaxbMcz,3oyc6hpjYSJEquK6dSvG72NXyz3pqLZz5D8AC71pwgQb,Di2vordgFJVZ1aj1aBpvzXtLfZgJsuLLXawGtVFwX6Rz,4.945319482000059,5.825524599999653,703.9538557809253,142.34749814307688,0.28158154231237015,167.70551850102126,1101.545172868,141.409312285,180517.3214869717
MATSnbbiTCv7Dc3trJrkrqjx7ckKdr6fwPoVwv9q3sD,631WX9JizSHJm4w6VanZeJAst9T8DeUUnPLesdGkCVtK,211maUSfpnXbPuW1iBu8b4dtJv5EbN1j7JJiEX5TZKEP,202.1965049999999,201.95832300000257,202.39059758308204,1.0009599205638207,0.08095623903323282,0.9997920432550029,19614.295397,25940.278663,45568.00776958137
MARpDPs5A7XiyCWPNH8GsMWPLxmwNn9SBmKvPa9LzgA,6YjT74rmcfCpw8LSjPNx5JTmZoYLGrTKnf9arfSgZ4SR,F8GSmi3vA8M8TsybLya1LQ4n1aFHCRbZ6k437PeTdXtg,11803.503419999995,12450.651414999995,11117.979897500041,0.9419220295782357,4.447191959000017,1.0,297692.163544,14481.234433,294884.0413079005
BUSDTd9WiT6uBHJRgNvFXBsA7JrifsAtWzKfioN7ERcy,DyBxrn7gSc1EwnpWhDyhzvMHPtxpmBqRqotapLcKcfTM,Cds99GeBgoCpqBsoRWu1C6fF9LiUMd4pXQQD24s9LPff,317.13252302,316.51444759000003,317.17886602411477,1.0001461313512516,0.03171788660241148,0.9985321577281395,133.09949776,131.02498987,263.9516136206573
KEVpg4SYCVrqFxKijQH6hm4QxsRdoE51ud64bEEFUC9,2bPenuBYfqzD8p5dFjCcggwkHDsc2RQDnx9AoyYGUBjA,AE6n6iLuX8oYu61vt5hoDYkjswpnxFxrhSehxrnQTnbx,4041.471558324999,4034.134066517,4039.4369868217873,0.9994965765628065,1.615774794728715,1.0,3904.962990037,3738.285554471,7641.282694617443
BSCrK1Nx9PXU9mF7STWWBqeHLxmtJDr9h7jheEy4tAWX,FfSySSbVJPvEo5a5AvrP3nySoXpRE2QPn1uUMpJJ1x7v,HL7Vcj6838ZmvBHDbQxXfjBNckNi83WvPiZQoMQLFeRM,0.009257585000000068,0.009247319999999948,29.166015563467024,3150.4993541476324,0.01166640622538681,3136.959658698789,0.830007883,0.974284841,5671.231541627707
SAMyS8Jr2HJrkFwYVKbpUwsNStnQmvz3f8Tup8bWUWF,6jPzm5TFfquvgm25sTyN3MMGBfufRaFHMxobDWv6hMFW,Cj9ECoDmxsHTDzCY5ZA6RWrPbg9uFzEC1Qc2kso2vJG6,845.0313053300051,93.30767430999884,822.4500509355155,0.9732776120221118,0.3289800203742062,0.019545890712005784,460.20551544,109924.07875231,2596.471755017417
KwnjUuZhTMTSGAaavkLEmSyfobY16JNH4poL9oeeEvE,J63v6qEZmQpDqCD8bd4PXu2Pq5ZbyXrFcSa3Xt1HdAPQ,BnKQtTdLw9qPCDgZkWX3sURkBAoKCUYL1yahh6Mw7mRK,144.24683000000584,4766.587523999973,2.7903655853874767,0.019344380638294537,0.00027903655853874767,1.0,278528.737663,554.824003,5942.7899230567555
ACUSESXyNnwRLAg1dpSGMLSzUDdLjUMybY8rkXiAKhCP,AhFPQdu8GKBsxuhiH46UmCu1YpaLgNpoP325HnYtsgas,A8wxWpT3aFEr2XqZp1kDmbxbFfcBE95UUmdsNTDBJYbT,100.50026854499993,100.5350944270001,100.50026854499993,1.0,0.040200107417999974,0.9878964409894633,1044.997638794,1840.979146512,2863.6943855690242
BSC8REUo9LpiiWUuqMuLXs2D2yJsJfGd4HdiF3wCLxk5,AZjEH1zWVx1UJ6udMyRijGTzPteuLnaY18yNNmprJEsh,Caf8ypkSVR8xYnXNhjvfvdGCC7mrM3C11rz8Xi6NA6aK,310.2672276020003,310.3338772959996,310.5158321665178,1.0008012595027806,0.12420633286660711,1.0,3081.845497134,3272.821796987,6357.136652111681
B2izdXFYb2sNwbWWHmh75T4aQFtfXsUxem9u2p61HGzf,4DYwgJtxwuJdAjkj5RJSNH4e7U329V5cNp7d3a1nLrZv,EXNW64GEf1ACC6xY9BtKRiunrs6GoJSXBdxWN2eTPmrF,1939.594227000016,1919.6637960000025,1951.0586476133924,1.0059107314580475,0.19510586476133926,1.0,10565.814928,29365.997449,39994.264071674836
AURHmCnNwiW4uA2Qj1XvEh4iKgRUZYXtiY7FKAapUV5Y,BKWm4TRnTeKwfWXRyuzjRHU7iZDkPuXBX5b5V5jSVfGJ,A5Ww74HVrkj9nPeC7pHKLfgeDMEhBCpW1efQdz3TGLEg,11.107128845999569,9.886573236000118,1811.4618763212645,163.0900209619604,0.7245847505285059,145.91084847158385,289.932847786,1798.348154233,309683.6592544234
C2ypsDADXcCRz8HbV2zX1AXPSja7a1P3xZtRC91xGhJh,J9bYNuDpY1d1T86gLaw7DGk5D3CsUAf2tzUwxMvb6FTv,A2NGvvPrMGzsJ4jb52KEnSBVmsA7C34dV1GC7PerdgvG,631.1400697770007,634.4761408039956,92090.1830855768,145.91084847158385,36.836073234230724,146.40246682300497,2115.480405726,1256.551801982,492633.82442554797
GokA1R67GqSavkd15zR62QD68Tuc5AEfvjssntVDEbM8,3YB7hfpBdbQEuZqLGWVDpRPmeZWCUsrrWyqGXegnQ6Cg,4DPCj6Z1DsG6HUtwSogBGqXEUxdEV5a8YVrrFtcnz7UW,91264.50560200003,91148.61279800005,91295.18078274305,1.0003361129339459,9.129518078274305,1.0,12691.501728,19716.022156,32411.789661881976
Lee1XZJfJ9Hm2K1qTyeCz1LXNc1YBZaKZszvNY4KCDw,9DgFSWkPDGijNKcLGbr3p5xoJbHsPgXUTr6QvGBJ5vGN,2hNHZg7XBhuhHVZ3JDEi4buq2fPQwuWBdQ9xkH7t1GQX,589.2870147840413,497.2042611110155,101966.61913149818,173.03388089904945,10.19666191314982,145.91084847158385,6729.204766592,53836.483891228,9019707.45942363
SoN9GaFpSXfpyR5dth3x7PHPVhvJMpQqqDJfCSmPv1t,9kZ9iS68ViMPtoeqtnhAKuF2iqVyfHPdZHoUNdwCELr,BBhm5fJLjw3HRzjtKB8uMEYjGhY6EDm9co3cqpjrSzB9,0.1296443930000004,0.1272216260000003,22.601999836121948,174.33842924562018,0.00904079993444878,171.6247630505615,1.547693533,2.43400883,687.5586482085489
HEDSDjj84KS7LKhZY7ejkCACTdPen62rKhCby1wXtgxc,EnnjMSFttpCTywBrYNt1J5QQeoSVkvzPipJDa8Y7kJow,6bjVT6JN2rSvpyn9PdfLYC8wJn4LWh49jpY47fnLDXZk,5.29779446199791,5.318391720995351,5.1108446802277605,0.9647117714529744,0.002044337872091105,1.0,39106.983234811,9061.853674448,46788.82074708429
WiiQFxXqp8P9Fs1rt9SVcDyA3KUdJmUsog6wnVQAwba,3S2jpqSYxho6wiz3cafhjXruVY8cg4HYa2v3BqBHYFSj,Dfe67M6TfrG74gKRtdqys4e6E9QirPD53BkF4FujFjuv,11588.956533276,11596.367700728004,11566.30294582086,0.9980452435566487,1.156630294582086,1.0,20534.432970369,6286.161954205,26780.455109414605
YakoMPuYrybnr9R7VC7hVGxMz94fJvPFCdZ4gmW61Ed,,,0.797196,0.793074,0.0,0.0,0.0,1.0,20534.432970369,6286.161954205,6286.161954205
KysFMBBoavfov2tLpvefWW6tPFt6rAeZWDJVy1mMQae,B8ka2V21TH3x64dFV8ETcjuQcwmrciJ2qzy1mJUttRew,7fSf7EYxBANyxzk2s5pymFgshA91tFYQNKKs5UnLWcYS,19.910472000000027,26.36818299998413,0.0,0.0,0.0,0.019514231074996252,134451.078315,2650.443036,51.72135785561861
SUiuyGR7SFq3xeRVJonq84fjjeFwRSsFekcevJ53tzy,49GjCCPsv7fBqo6t3iKDrP1xxGDS8uWZbVCdfnp2gjMf,CEwj5xEbbJEjYqM8D6Ai8ByGz1mrh8mkAVsE5fzDSSSx,0.0068430000000001545,0.7833500000000413,5.724075902400946e-05,0.008364863221395319,2.2896303609603785e-08,0.9417517146944344,645.638187,1.662669,6.966496506483934
Sid7E679i9ABqptiAVhkmQ27YHN8vaYT4fppPwmxFsJ,GP7KB8o1bv527HG8kTzzzf4wJ5aEGHvcMQvVhLziUfmT,9gYxhAZ1M9wu5pxr8SBoa5NDm21gi3s9vMHaYTME77sa,525.6712790000001,1220.3656190000183,4.396536161528583,0.008363660593921437,0.001758614464611433,0.01952943856828592,129671.218442,11056.068373,1300.4448679464065
RoBgmK8CvjdHvPrqdDyVw54VwjZv2TqJ493xnqJAQHx,ExiHJxM7qPAcy27NDHAF6G7vnW7muNHi2sVJpnaNynGQ,6rkPHSqZb7StM4HwS9EuVrmfkV7tRdc7dnsFhyB6cefE,2.007096000000157,24.766212999999432,0.0,0.0,0.0,0.9419459850494334,6328.723831,17.920173,16.879835008741257
SEQV6QiTpvTzrceiaYg9Avnwf7oc8ZALpnQMz6TyT4A,3dFMPj4r9mMmPHF32mz1gNDX7f8ftidWof7S8YiYTs1j,Fc1ED3YPeQfXQosHbd8DTaBd2AV5gHQtwiSAL5C5pUhi,4352.71445762,4359.691531848998,4337.581174761323,0.9965232539359011,1.7350324699045294,0.9996521210618704,4446.450157378,1183.43417112,5614.013458591329
NorjjEePhxfwLF4vZjUHCrVVKLzQjEEGQFd3wgjEJmh,34M8pFVqgbV7aqHxvRT5tCv3vu2P1JJYT8J3VaxBK2oG,3AZWBSze3ucsY3xSeuLne3b2pauVqiaJ1SZSV5T9WGWw,1.6876850000044215,1.0,1.00034912062172,0.5927344976219492,0.00040013964824868806,1.0,38122.682546,2259.549989,24856.179075904358
Cob4usZcpHEY7Qt4ZCwj6WVg9S44zvzYV2v9qYF65dTf,NhFM9UXE48PyNAyeyPYA3iXztqKVJwA4bTdLj4ysM8w,6TuFuynuBoeskxyR2cz4wxyidk8dpDK7kAWw3UkjQGx,10.828444999997885,1221.6218469999644,0.09051018481087438,0.008358557928760044,3.620407392434975e-05,1.0,71975.691302,179.13869,780.7516752103174
wrmcMSHFi3sWpAEy4rGDvQb3ezh3PhXoV2xNjgLBkKU,8p4mGnARWPBu6P2Gcw4adodLkNDorrXniZMhaY7eJXUn,AyY89zccbsgp9LKFgH4CFZMJmpSgqmPSdTfukhP227rc,0.002706139999997914,0.018965809999996558,0.8752069857690538,323.41526520051747,0.0003500827943076215,3133.715646642224,27.07423114,0.09662211,9059.005862161795
ALLwa5WNZbvQsRKAqe1jdRGemdYQnW8E5k4msbRFcYtu,CGoM82Hbz7QVqTgvQatYtjvDWBvoUJp5qm21P8iMs9yb,3dxNNww8TivyN5FMy5dCNdi3Zcxv6e4kUfSPxfFwpdNq,1.154639337999999,1.1402526339999999,3632.197735065586,3145.7422378810284,1.4528790940262346,3101.0059663354796,0.863145196,7.794641562,26886.4622896898
FrnkTEL6yZ5Aycq2TrEgu29dCrwKG4LPUZydfiwqspkc,DjvZuMZ46fxKBoBpGMPcRcos4xdTtHFxwMh69DpA2ZFY,9rvDPJLAng4uVVqnnSoEXgNDFhBZQTny9AoQioYDZbQX,21.297614990999534,17.782280645000043,3612.2583232019683,169.6085840939713,1.4449033292807876,145.74905394289084,173.230086158,1438.297305294,239011.78117094474
C98Sspw7XqnMsgxea3SLQVdbMDL8pKUc3RE82UvX9eq2,CSqgQJurPCzGxb4Cgwx5R61hWQUiaoUHcShNc8r1cKEL,6S2CR5EnukPhC914XkAns8m5GixjMAoUuZMsS5ubHuWc,41.34997199999998,41.37646300000017,0.0,0.0,0.0,1.0,903.011127,860.627945,860.627945
