0,1,2,3,4,5,6,7,8,9,10,11
KEVpg4SYCVrqFxKijQH6hm4QxsRdoE51ud64bEEFUC9,2bPenuBYfqzD8p5dFjCcggwkHDsc2RQDnx9AoyYGUBjA,AE6n6iLuX8oYu61vt5hoDYkjswpnxFxrhSehxrnQTnbx,628.2505338010001,627.3645636150002,629.609039336349,1.0021623627235616,0.2518436157345396,0.9976763310132871,1909.081703224,5733.749769796,7633.636263613637
ercAoEmXjQzEvAFbdjAo81KtMxRGn9AW1ju882upmPH,CMRhskR2Eg6V42RTSdRTXGdozyPbWB8U9dVpijPWb9T4,7TKLLgrWswt6ZJ1pXhVR3FyufHGjJFqiEXxvWJfDcgRm,0.4054548689999251,0.4036946839999018,59.42964190936595,146.5752330362986,0.02377185676374638,141.04835885297783,314.467665154,800.168841501,158955.67320133286
C2ypsDADXcCRz8HbV2zX1AXPSja7a1P3xZtRC91xGhJh,J9bYNuDpY1d1T86gLaw7DGk5D3CsUAf2tzUwxMvb6FTv,A2NGvvPrMGzsJ4jb52KEnSBVmsA7C34dV1GC7PerdgvG,46.82447758400025,47.0901888519997,6853.089000702404,146.3569772542231,2.7412356002809615,146.54204730963454,521.37354451,311.740592926,121989.76071169916
KZMu9QBEdL97EFgamLbN5DE1AoKBG4HdrKKJo4Vuon3,DD4ACBWyVqdaKWh7v5btsgqQCCMwbKnuL2xd9pv7Gyuw,GcYqiJ1MAuYbNTNYXm1F1gQYTfTgkErACAhNU5dpVj9T,30.683556100000033,31.485165990000723,29.83145895746218,0.9722295179945635,0.011932583582984872,0.9999016896658721,2260.13361946,835.23436687,3032.5208741512215
ALBpShJ9NLpE739pcHDF2LNVk5J4VYPvvKuV6jMPitZi,D6d156U1bPiJpDYRLextvDRccgFk7QzkQbJg42ceKEu5,GNcM8U5g8RwTZffwwm3kSQqUNPSwv5d2fbN9sLxPJqt2,2726.916525000008,2722.6713640000016,2713.7629161454506,0.9951763800857244,1.08550516645818,0.9980926449554901,44516.386173,55792.422991,99987.66307770702
BUSDTd9WiT6uBHJRgNvFXBsA7JrifsAtWzKfioN7ERcy,DyBxrn7gSc1EwnpWhDyhzvMHPtxpmBqRqotapLcKcfTM,Cds99GeBgoCpqBsoRWu1C6fF9LiUMd4pXQQD24s9LPff,694.9016470000001,695.87254974,695.1287664218532,1.0003268367873837,0.06951287664218533,0.9962064458541873,119.55462327,144.50811639,263.55361514495155
AURHmCnNwiW4uA2Qj1XvEh4iKgRUZYXtiY7FKAapUV5Y,BKWm4TRnTeKwfWXRyuzjRHU7iZDkPuXBX5b5V5jSVfGJ,A5Ww74HVrkj9nPeC7pHKLfgeDMEhBCpW1efQdz3TGLEg,0.009420180000233813,0.008406822999972974,1.5248869913977967,161.87450678861214,0.0006099547965591187,146.2380410186006,289.928692907,1809.455499197,311543.29168109095
SAMyS8Jr2HJrkFwYVKbpUwsNStnQmvz3f8Tup8bWUWF,6jPzm5TFfquvgm25sTyN3MMGBfufRaFHMxobDWv6hMFW,Cj9ECoDmxsHTDzCY5ZA6RWrPbg9uFzEC1Qc2kso2vJG6,1590.0773780800082,31.515360610000016,1545.9201628647857,0.9722295179945635,0.6183680651459142,0.01905143405192739,454.07160563,110231.2689839,2541.5255697837124
moFiBS1R4Lf3E3zzmBPnw3NF4RhWPkhREFviuzUaCAU,44ALBrpqi9PfZkBRTvbtRNtFJGsatfY4QydjtMbFWq8S,2ho8qEEie1UjVwWNBo9y4oAJZMyMLx8zPj9bxyUz6uWs,26.006302488000074,26.009984647000238,26.001784131969675,0.999826259191114,0.010400713652787871,0.9999387517515776,33987.875109846,30413.767801246,64393.875040172345
FrnkTEL6yZ5Aycq2TrEgu29dCrwKG4LPUZydfiwqspkc,DjvZuMZ46fxKBoBpGMPcRcos4xdTtHFxwMh69DpA2ZFY,9rvDPJLAng4uVVqnnSoEXgNDFhBZQTny9AoQioYDZbQX,59.70684781900104,50.28968476100013,10456.722072589533,175.13438499196397,4.182688829035813,146.49200717635046,173.250696415,1438.26326467,241036.22665558933
vEnkoSUkpnbRrPgBz9DfcVxNz67zjwMYBZraAvDDNSf,DtfyjjsZ5yCjWKLKHvwsfXs5QVsmm1QkK6Sh9JZHoq1g,e5wrKCRv4GhHvEf1VD5Pq2KGaZDXP77nTL612Jyrxwy,584.6172850000003,584.7233510000001,583.2111628862815,0.9975947989397563,0.058321116288628155,0.9986199072881278,1070.339967,876.243942,1942.800228298374
MATgk4zXLXtYkwBH678J1xZbRDZ45LicNzkRBHkxTuY,y8dALFo1bJrSzPYjMX14HJX448pXqYmrfXHD1K8MXih,GN7Yuet3UyiWS5YVkEHv6oQKi4HGBJc3XDPt9zQhAqZz,17.67521299999953,17.668768,17.69556289733146,1.001151324022626,0.007078225158932585,1.0,3586.937354,4473.910436,8064.977517143315
2jQoGQRixdcfuRPt9Zui7pk6ivnrQv79mf8h13Tyoa9K,,,5.924799999999981e-05,7.047299999999972e-05,0.0,0.0,0.0,1.0,3586.937354,4473.910436,4473.910436
JSoLLrxK5bYdHwTEWYaGgmeycBCNXKDiBCTw5hXGBg7,xG4wXczA7Dk4hccJ61CHKpDHW4NrNfQwgmWgkb9BuF2,BVR6WgfhsRr9Lob4QDnkEAiNGgAbv7ZieKcY9kSg3QYR,0.8386763649999693,0.7130776829999945,143.210478548554,170.75773745997864,0.0572841914194216,92.21181755301743,17.001407865,163.965350543,18022.664929949347
AUSejoEUCh2DBs9mof6BNC8Pubs22w4cJa1ccV9h44R,4xkyD7AfGQDwsQMy9MosRRNGoVJ1zosNinesxg1TzHG7,Cbm5gsQe3nSiCsFrvepVzMCD9xLK3ri9g3ypS2hdmVJ7,1106.0357640000002,1105.840314000001,1106.8504058987417,1.0007365420949819,0.11068504058987418,1.0,14204.818739,14672.178223,28887.459408952862
daob129AwBGn9Y5r91uLoWZeYiGzbPmksauMhFZKTze,6VW5GQNyj4LStgmxEHLr5zUfW92vQnmbw8jTnCH7a38F,4VPCCUifPeBA1c7HWK358CHn2nyjm8pdTRk6Ps3KmnMQ,19.524487566000033,17.44317169099996,3176.2943419480875,162.68259698038327,1.270517736779235,146.33834390944935,48.311857141,224.048885317,40646.441216691084
SoNcU2iwHMw6dGzsYNQkYFkUjwN1UdAjrWVRnStrZu2,8ivTTid27jZnYNc4w3CTA1Z6QS2twsFb8WMwUabeDJgc,CyXm53PMvHCbeXJBykU46Rcbo28xk5srhMZFg7gv6EYB,1.629530529000009,1.6193536219999984,282.3956072578919,173.2987521450053,0.11295824290315679,172.07578286307603,15.83101535,18.846419918,5986.5076668995425
C98Sspw7XqnMsgxea3SLQVdbMDL8pKUc3RE82UvX9eq2,CSqgQJurPCzGxb4Cgwx5R61hWQUiaoUHcShNc8r1cKEL,6S2CR5EnukPhC914XkAns8m5GixjMAoUuZMsS5ubHuWc,63.32584700000007,63.35530700000004,0.0,0.0,0.0,1.0,904.863297,858.75742,858.75742
ACUSESXyNnwRLAg1dpSGMLSzUDdLjUMybY8rkXiAKhCP,AhFPQdu8GKBsxuhiH46UmCu1YpaLgNpoP325HnYtsgas,A8wxWpT3aFEr2XqZp1kDmbxbFfcBE95UUmdsNTDBJYbT,0.06079791100000875,0.06159438499980752,0.06075924521381732,0.9993640277181328,2.430369808552693e-05,0.9878604369702054,1044.551691297,1841.390268127,2862.9239802789793
BSCuChvaSj9b5HUSqgDVRzcnr2sSn7cXaamt1jbKH6hn,GnKpRj5kBVPMJfiwZtEuD9GYApLzPdW5JFuZTcyX4BTc,3dmwD9okkomV9nDwyuh4UMhKdUR13QpuKxRo89ycZB5t,1173.596546726,1175.7760025540003,1171.4901348311853,0.9982051652242067,0.4685960539324741,0.9988722732035532,1682.681584715,1429.791989627,3107.841024177119
BSC8REUo9LpiiWUuqMuLXs2D2yJsJfGd4HdiF3wCLxk5,AZjEH1zWVx1UJ6udMyRijGTzPteuLnaY18yNNmprJEsh,Caf8ypkSVR8xYnXNhjvfvdGCC7mrM3C11rz8Xi6NA6aK,1340.2580965009997,1339.7349671970005,1340.7095925226681,1.0003368724448276,0.5362838370090672,0.9999454769729226,3188.516640936,3165.990162148,6355.408307112868
HEDSDjj84KS7LKhZY7ejkCACTdPen62rKhCby1wXtgxc,EnnjMSFttpCTywBrYNt1J5QQeoSVkvzPipJDa8Y7kJow,6bjVT6JN2rSvpyn9PdfLYC8wJn4LWh49jpY47fnLDXZk,7.247576742001911,7.3884934979996615,6.962091809100281,0.9606096019312003,0.0027848367236401124,0.9993640277181328,39109.391500344,9059.519783896,46622.615181343324
MARpDPs5A7XiyCWPNH8GsMWPLxmwNn9SBmKvPa9LzgA,6YjT74rmcfCpw8LSjPNx5JTmZoYLGrTKnf9arfSgZ4SR,F8GSmi3vA8M8TsybLya1LQ4n1aFHCRbZ6k437PeTdXtg,26699.179580999982,27991.13405700028,25250.292544503813,0.9457329004398605,10.100117017801525,1.0,296995.19802,15134.96374,296013.0937801653
B2izdXFYb2sNwbWWHmh75T4aQFtfXsUxem9u2p61HGzf,4DYwgJtxwuJdAjkj5RJSNH4e7U329V5cNp7d3a1nLrZv,EXNW64GEf1ACC6xY9BtKRiunrs6GoJSXBdxWN2eTPmrF,10721.757265000013,10620.78807000001,10819.24952244678,1.009092936450354,1.081924952244678,1.0,10457.219398,29475.377444,40027.68367343342
BUSDgu5JdqP1rndBvXvanbEufS94FNh1w5FJcAj6vawb,Bgzr8cWubt89JQFXndVjtdKmDbGzuPxNhvjH1EhWCwbo,Dxaf8xPBBQsasRKW5Aa4Sw2YrbfGofY9xZueyyF23FBW,4658.955791480005,4650.28820179,4664.073259300842,1.001098415192133,1.865629303720337,0.9999016896658721,6643.73612664,8409.93071879,15060.137643025068
WiiQFxXqp8P9Fs1rt9SVcDyA3KUdJmUsog6wnVQAwba,3S2jpqSYxho6wiz3cafhjXruVY8cg4HYa2v3BqBHYFSj,Dfe67M6TfrG74gKRtdqys4e6E9QirPD53BkF4FujFjuv,14722.647449469003,14726.17309268899,14710.352727893614,0.9991649109565663,1.4710352727893616,0.9993640277181328,17254.97402056,9559.183083671,26793.668289003188
iLiUBQ7Z7im6Ew3b4ewwPcehzWgEQRJ1iQz7g6D62NW,GpugBvKWM3TVhYcZjemSdtehBWgfvuGr6uAm9iPjXT6v,92fMXJ3xy8tEyMUWLHKRLyhPw2nECBo77GtDiBBbYrjX,13.941426395999997,13.685261999999966,13.691899509811103,0.9821017678463312,0.005476759803924441,0.9999454769729226,1805.840138149,1156.637640324,2930.0933690626134
BkwbeSfcX1h4thMDd7obGkHrPevf3QwgzJ4pCEqG18Lu,35yX27bmurdebhfAb8EPmjLETDiUaEUCn9zHaDPbakH2,2CxECn1ZJFoESyUnQysQU8rRgT3iJ5GRs2Mdd6gZjx5g,0.020068019999999298,0.02331702000000213,42.082789858869916,2097.0075701973283,0.016833115943547965,1331.5579227696403,0.84291817,22.02806084,31099.244718300535
YAkoNb6HKmSxQN9L8hiBE5tPJRsniSSMzND1boHmZxe,CfWX7o2TswwbxusJ4hCaPobu2jLCb1hfXuXJQjVq3jQF,EnTrdMMpdhugeH6Ban6gYZWXughWxKtVGfCwFn78ZmY3,6471276.822667038,6471975.1119979685,6471276.822667038,1.0,647.1276822667038,0.9996351331763906,917177.690962,537979.874131,1454961.27408516
heyk4SZTeCUV6a65WiVA5bzic3KcxgVf1qxobfeV4tQ,9ZDpBKPqMABtGfq66FbVribaArMvtk63xxy91onZAtDt,DaTP4s6N7xxSPinbNZ3FB52EpRDRt87QShTuN3VPCW52,64.61862236699835,56.141484082000034,10881.849820366224,168.40114229862843,4.352739928146489,145.0537119389939,628.598286936,4470.293388213,754289.3189836208
BSCNHw8CmxbZ8hCWWzMf5FaG2ajPT6JxfznKUNuRVrn4,7n9kgNL633yGzCYksgnzHyjG73ZLBAwvEae5sbAekbzW,SscdxE99omdG9AiMVwmaEMQySQnCgeAh1sPj2Leutm2,502.1872698690004,502.0183159249991,502.7262210333427,1.0010732075396553,0.2010904884133371,0.9999454769729226,5545.915195145,6151.905283256,11703.436975904382
BSCrK1Nx9PXU9mF7STWWBqeHLxmtJDr9h7jheEy4tAWX,FfSySSbVJPvEo5a5AvrP3nySoXpRE2QPn1uUMpJJ1x7v,HL7Vcj6838ZmvBHDbQxXfjBNckNi83WvPiZQoMQLFeRM,0.012273549000000106,0.012260025000000008,38.45470268102512,3133.1363634939485,0.015381881072410047,3126.758801826027,0.830047351,0.974241626,5646.870118040726
CZgvH45CRmoaNJ7395Ao5CQZXkGznvqU7cErD6n7FaRg,4ZjU6MKvtqVQKCiowhvZ5yUsPxXX5SCzd5eFsPeXyey5,BsyWeshjDbCvjDojry3vKDCesmFRM37WtwcR4Kfgzqr,2.2812843499999644,2.2088439600000243,2.3572178079753003,1.033285398190426,0.0009428871231901201,0.9999016896658721,206.08591301,599.35162227,812.2382644977299
KEN5P7p3asnb23Sw6yAmJRGvijfAzso3RqfyLAQhznt,9zj4aX38Uxf3h6AUjS4EipWS8mwbEofasHAf3a1uKGds,CwQDG1MWunn9cLNwcZLd8YBacweSR7ARo32w4mLua1Yr,157199.28630899906,157232.6963510008,157043.49915783448,0.9990089830887758,15.704349915783448,1.0,1154994.408435,1084368.347003,2238218.136446872
Sid7E679i9ABqptiAVhkmQ27YHN8vaYT4fppPwmxFsJ,GP7KB8o1bv527HG8kTzzzf4wJ5aEGHvcMQvVhLziUfmT,9gYxhAZ1M9wu5pxr8SBoa5NDm21gi3s9vMHaYTME77sa,1158.4059179999986,2644.3734649999824,9.696320461888014,0.008370399625227076,0.003878528184755206,0.019059005805258815,129067.528096,11316.610285,1296.0301299214102
GokA1R67GqSavkd15zR62QD68Tuc5AEfvjssntVDEbM8,3YB7hfpBdbQEuZqLGWVDpRPmeZWCUsrrWyqGXegnQ6Cg,4DPCj6Z1DsG6HUtwSogBGqXEUxdEV5a8YVrrFtcnz7UW,12258.057351999996,12256.289049000003,12258.633507774863,1.000047002209104,1.2258633507774863,1.0,15023.266809,17374.649819,32398.622754727978
TETFuZgEmET6d9vYmz9iMFCxK1jKdKYxf3oPz8hSzJK,Eu1Ze6Z84LWNkq7SNoAHBJbXx5t1P95EwyqYohrfCRFV,ASMbv7WNu3qe4pkhREmvyEdwFNDZQ6B6iSrjkj4u8bdC,4.372366757000009,4.348259269000003,4.386407872306062,1.0032113306331345,0.001754563148922425,0.9991445873572571,52.583576975,300.175646847,352.6713130301831
SUiuyGR7SFq3xeRVJonq84fjjeFwRSsFekcevJ53tzy,49GjCCPsv7fBqo6t3iKDrP1xxGDS8uWZbVCdfnp2gjMf,CEwj5xEbbJEjYqM8D6Ai8ByGz1mrh8mkAVsE5fzDSSSx,4.819118999999919,8.36649600000006,0.040337951871524,0.008370399625227076,1.6135180748609602e-05,0.9496793407705889,638.714131,1.724721,6.984224425042827
KEnkcdADoLR5jS2CLLLesy8TtFsyWL37BhXNfDMzWzP,3qsjFRuw1qeLMPo4DLwaQevenGAGBj9dA3Q6rb8ax2YR,77iEv8zPQAEyCcEbvBRSB6AFcUdfkhiqnAKtPxk76rNN,1.1964010000000087,0.010004999999999986,0.010014354482021372,0.008370399625227076,4.0057417928085484e-06,0.9999710008409756,118.738085,0.302104,1.2959804614222428
KwnjUuZhTMTSGAaavkLEmSyfobY16JNH4poL9oeeEvE,J63v6qEZmQpDqCD8bd4PXu2Pq5ZbyXrFcSa3Xt1HdAPQ,BnKQtTdLw9qPCDgZkWX3sURkBAoKCUYL1yahh6Mw7mRK,158.21718600000008,8260.325713000435,3.020271398221736,0.01908940156615941,0.00030202713982217366,1.0,278890.351715,547.819067,5871.66898381507
Lee1XZJfJ9Hm2K1qTyeCz1LXNc1YBZaKZszvNY4KCDw,9DgFSWkPDGijNKcLGbr3p5xoJbHsPgXUTr6QvGBJ5vGN,2hNHZg7XBhuhHVZ3JDEi4buq2fPQwuWBdQ9xkH7t1GQX,1386.8394582850806,1171.04995236399,240525.4117172295,173.43421423461314,24.05254117172295,146.07133832020884,6910.940592564,54980.01224432,9229597.52068272
Cob4usZcpHEY7Qt4ZCwj6WVg9S44zvzYV2v9qYF65dTf,NhFM9UXE48PyNAyeyPYA3iXztqKVJwA4bTdLj4ysM8w,6TuFuynuBoeskxyR2cz4wxyidk8dpDK7kAWw3UkjQGx,188.44937399999554,2473.3366940000274,1.5779086990943616,0.008373117222954526,0.0006311634796377447,1.0,71862.641899,180.0784,781.7927245715304
wrmcMSHFi3sWpAEy4rGDvQb3ezh3PhXoV2xNjgLBkKU,8p4mGnARWPBu6P2Gcw4adodLkNDorrXniZMhaY7eJXUn,AyY89zccbsgp9LKFgH4CFZMJmpSgqmPSdTfukhP227rc,0.002061490000000027,0.02033832999999774,0.6613699069618308,320.82130253448827,0.0002645479627847324,3130.576339104029,27.07852566,0.09618014,8988.467143530477
DFWzVTzNBrQZLjoQ4yQwkj9HuoXmfkuZP9V5vbymZe23,DhgiEgiNdqZdRdo195UUHnoEJUtefK8buko8nU97XJUZ,2K2kkXsouBHtWVjtcgkyiXd8eP3oVBvq1bTJzcVdLLr2,0.0011542869979166426,0.0011542869979166426,0.001135680806509127,0.983880792696186,4.5427232260365085e-07,0.9999454769729226,45452.130483581,22563.55363222,67281.8015688905
SoN9GaFpSXfpyR5dth3x7PHPVhvJMpQqqDJfCSmPv1t,9kZ9iS68ViMPtoeqtnhAKuF2iqVyfHPdZHoUNdwCELr,BBhm5fJLjw3HRzjtKB8uMEYjGhY6EDm9co3cqpjrSzB9,0.41637076399999984,0.409442949,73.04305579993635,175.42791693207448,0.029217222319974548,172.34381557143607,1.558496852,2.422911581,690.9776829533162
MATSnbbiTCv7Dc3trJrkrqjx7ckKdr6fwPoVwv9q3sD,631WX9JizSHJm4w6VanZeJAst9T8DeUUnPLesdGkCVtK,211maUSfpnXbPuW1iBu8b4dtJv5EbN1j7JJiEX5TZKEP,171.90423400000145,171.70547899999656,172.07114300871993,1.0009709418135593,0.06882845720348799,0.9992006394884093,19775.781027,25778.537315,45552.91312991873
ALLwa5WNZbvQsRKAqe1jdRGemdYQnW8E5k4msbRFcYtu,CGoM82Hbz7QVqTgvQatYtjvDWBvoUJp5qm21P8iMs9yb,3dxNNww8TivyN5FMy5dCNdi3Zcxv6e4kUfSPxfFwpdNq,2.8674012129999964,2.8428554180000005,8994.0755089238,3136.664471001537,3.5976302035695205,3091.763541924314,0.872079701,7.784863078,26804.377257441436
KysFMBBoavfov2tLpvefWW6tPFt6rAeZWDJVy1mMQae,B8ka2V21TH3x64dFV8ETcjuQcwmrciJ2qzy1mJUttRew,7fSf7EYxBANyxzk2s5pymFgshA91tFYQNKKs5UnLWcYS,13.0506519999999,17.304441999993287,0.0,0.0,0.0,0.01911974235764778,134451.676289,2649.976067,50.666859654972775
Lid8SLUxQ9RmF7XMqUA8c24RitTwzja8VSKngJxRcUa,4PgzyzLtds9bKZ2to9PMnKqJzKEUpjvNUaeN23phegax,AtymwxoVN9peZo7EXTcDz9jKVc4vRmisJKKrNfe3ewBa,83.63669306498662,70.81123188199956,14501.470241766028,173.38646125688194,1.450147024176603,146.83904003683898,972.690242996,7669.847754487,1294884.400629749
parEAJhzYzHW87y9VoZAQ22dzQ2MD2ekEtTReaxbMcz,3oyc6hpjYSJEquK6dSvG72NXyz3pqLZz5D8AC71pwgQb,Di2vordgFJVZ1aj1aBpvzXtLfZgJsuLLXawGtVFwX6Rz,10.45052880500009,12.188101846000194,1435.056646852914,137.3190461104998,0.5740226587411656,168.76973445601212,1101.241070238,141.665271329,175130.18352662234
STK75uPSyBnEhGTTzb1nwmP3n427XoXmfRhXxxhyady,6TYyD5fUmDe6N65avW1Ny2RxzRNobw2RRgKwH9CTzSAU,54zDfk4cx2vGrEajPtodWpArNe5eUurytyxd4X3aZAxK,500.7615803689988,563.448718107998,73550.73596314996,146.8777534988851,7.355073596314996,165.57582553209033,1831.592120819,322.759592932,322461.3220802706
Dg3mAgpwDfVNnbGWcsxL8sUcSkEbjSJQhKAWNigG44Ju,EATxwd8YA2wV93VJcKMmH2Kn2Y9XfJVUB9hHVu3udwEy,GiGvrRi7NMHfHKanG2B8xyCEqe8jaafWins8bhrLVEaa,0.005728242999999966,0.005609463999999981,1.0058183279084953,175.58932606533998,0.0004023273311633981,173.94889207601915,0.176029945,0.283912918,80.29531694203854
RajgMbScQbqqrdJfR2rxfHJiTiY5b6bJ2tTXiF4aPxy,725ZA3fhyBAKb5iopNRrcbSuQa3LXA1656Q3mBvYPxeg,GLA6i1dSZpUfk2f9Nj8uiG7xyDdAR2reff8oEiZH3617,2879.770043739991,2878.0094312200017,2882.6097891215477,1.0009861014381096,1.1530439156486192,0.9999016896658721,65781.93557595,115647.08994882,181482.5238819893
RoBgmK8CvjdHvPrqdDyVw54VwjZv2TqJ493xnqJAQHx,ExiHJxM7qPAcy27NDHAF6G7vnW7muNHi2sVJpnaNynGQ,6rkPHSqZb7StM4HwS9EuVrmfkV7tRdc7dnsFhyB6cefE,2.7160480000000042,14.857974000000556,0.0,0.0,0.0,0.9504854129003681,6328.125857,17.929458,17.04168829020981
SEQV6QiTpvTzrceiaYg9Avnwf7oc8ZALpnQMz6TyT4A,3dFMPj4r9mMmPHF32mz1gNDX7f8ftidWof7S8YiYTs1j,Fc1ED3YPeQfXQosHbd8DTaBd2AV5gHQtwiSAL5C5pUhi,909.2811646100004,908.8860207240002,909.3558754700173,1.0000821647504916,0.36374235018800694,0.9989757611408356,2380.700573341,3246.047129727,5623.618585127659
