0,1,2,3,4,5,6,7,8,9,10,11
BkwbeSfcX1h4thMDd7obGkHrPevf3QwgzJ4pCEqG18Lu,35yX27bmurdebhfAb8EPmjLETDiUaEUCn9zHaDPbakH2,2CxECn1ZJFoESyUnQysQU8rRgT3iJ5GRs2Mdd6gZjx5g,0.020068019999999298,0.02331702000000213,41.58227139926503,2072.066471892418,0.016632908559706013,1321.003963011889,0.84291817,22.02897683,30846.948172132994
Sid7E679i9ABqptiAVhkmQ27YHN8vaYT4fppPwmxFsJ,GP7KB8o1bv527HG8kTzzzf4wJ5aEGHvcMQvVhLziUfmT,9gYxhAZ1M9wu5pxr8SBoa5NDm21gi3s9vMHaYTME77sa,671.5878620000021,1233.6240169999928,5.581805409078323,0.008311355408442902,0.0022327221636313298,0.01884666584482639,128944.470348,11370.485381,1285.999059484846
daob129AwBGn9Y5r91uLoWZeYiGzbPmksauMhFZKTze,6VW5GQNyj4LStgmxEHLr5zUfW92vQnmbw8jTnCH7a38F,4VPCCUifPeBA1c7HWK358CHn2nyjm8pdTRk6Ps3KmnMQ,18.89581221699998,16.890500026999966,3066.7318154028494,162.29690368344185,1.2266927261611398,144.75123342526,47.701869844,224.730777629,40271.923026007324
HEDSDjj84KS7LKhZY7ejkCACTdPen62rKhCby1wXtgxc,EnnjMSFttpCTywBrYNt1J5QQeoSVkvzPipJDa8Y7kJow,6bjVT6JN2rSvpyn9PdfLYC8wJn4LWh49jpY47fnLDXZk,16.117173242002536,16.648119516998122,15.611434060258095,0.9686210991126876,0.0062445736241032385,1.0,39110.921985288,9058.037321219,46941.70156191924
MAR3XM1n9xWPQ3HJjAcC85o8DopWFP5p2WxGTaZ3fPB,6qG7GUhER8Cg9gDEgnebph9LdS6eu2eoWcA4R7z9uizK,4QV4CwRXVMY227KkFF9voNAfwWHVvVajXSXDKbUHkWZR,0.30629300000000015,0.005993999999999999,0.29102965852879875,0.9501675145328121,0.00011641186341151951,0.018845506553741627,0.10448,24.619526,0.5632409405014006
heyk4SZTeCUV6a65WiVA5bzic3KcxgVf1qxobfeV4tQ,9ZDpBKPqMABtGfq66FbVribaArMvtk63xxy91onZAtDt,DaTP4s6N7xxSPinbNZ3FB52EpRDRt87QShTuN3VPCW52,57.418999156999234,49.939068306000195,9541.006631464008,166.16462793745828,3.8164026525856034,144.7446545075367,632.555393506,4465.732064686,751499.1764379605
ercAoEmXjQzEvAFbdjAo81KtMxRGn9AW1ju882upmPH,CMRhskR2Eg6V42RTSdRTXGdozyPbWB8U9dVpijPWb9T4,7TKLLgrWswt6ZJ1pXhVR3FyufHGjJFqiEXxvWJfDcgRm,0.7245133889997533,0.7128804470000318,104.8592103327982,144.7305349009001,0.04194368413311928,142.21821735722145,314.467665154,800.168841501,159311.65960984083
vEnkoSUkpnbRrPgBz9DfcVxNz67zjwMYBZraAvDDNSf,DtfyjjsZ5yCjWKLKHvwsfXs5QVsmm1QkK6Sh9JZHoq1g,e5wrKCRv4GhHvEf1VD5Pq2KGaZDXP77nTL612Jyrxwy,588.7019240000002,588.8093190000001,588.4100726039886,0.9995042458940365,0.05884100726039886,0.9991447321093144,1090.342472,856.243942,1945.3135542924128
WiiQFxXqp8P9Fs1rt9SVcDyA3KUdJmUsog6wnVQAwba,3S2jpqSYxho6wiz3cafhjXruVY8cg4HYa2v3BqBHYFSj,Dfe67M6TfrG74gKRtdqys4e6E9QirPD53BkF4FujFjuv,13809.757936583002,13842.834342121998,13781.125182195583,0.9979266287998018,1.3781125182195582,1.0,20687.109718073,6130.921479159,26775.13913972721
MATgk4zXLXtYkwBH678J1xZbRDZ45LicNzkRBHkxTuY,y8dALFo1bJrSzPYjMX14HJX448pXqYmrfXHD1K8MXih,GN7Yuet3UyiWS5YVkEHv6oQKi4HGBJc3XDPt9zQhAqZz,17.677442999999585,17.66872000000012,17.697795464784086,1.001151324022626,0.007079118185913635,1.0,3586.937354,4473.910436,8064.977517143315
moFiBS1R4Lf3E3zzmBPnw3NF4RhWPkhREFviuzUaCAU,44ALBrpqi9PfZkBRTvbtRNtFJGsatfY4QydjtMbFWq8S,2ho8qEEie1UjVwWNBo9y4oAJZMyMLx8zPj9bxyUz6uWs,26.006302488000074,26.009984647000238,26.002262438478223,0.999844651137019,0.010400904975391291,1.0,33987.875109846,30413.767801246,64396.36293333855
KEVpg4SYCVrqFxKijQH6hm4QxsRdoE51ud64bEEFUC9,2bPenuBYfqzD8p5dFjCcggwkHDsc2RQDnx9AoyYGUBjA,AE6n6iLuX8oYu61vt5hoDYkjswpnxFxrhSehxrnQTnbx,3951.5007873420004,3950.927134849,3957.898722711466,1.0016191152966387,1.5831594890845864,1.0,1909.081703224,5733.749769796,7645.922496408222
C2ypsDADXcCRz8HbV2zX1AXPSja7a1P3xZtRC91xGhJh,J9bYNuDpY1d1T86gLaw7DGk5D3CsUAf2tzUwxMvb6FTv,A2NGvvPrMGzsJ4jb52KEnSBVmsA7C34dV1GC7PerdgvG,50.43652853400033,50.712073400999884,7296.224166022851,144.66150581922608,2.9184896664091404,144.96993468524562,509.797115899,303.301983808,117717.68723079906
GokA1R67GqSavkd15zR62QD68Tuc5AEfvjssntVDEbM8,3YB7hfpBdbQEuZqLGWVDpRPmeZWCUsrrWyqGXegnQ6Cg,4DPCj6Z1DsG6HUtwSogBGqXEUxdEV5a8YVrrFtcnz7UW,8648.618753999988,8647.189943000007,8651.361235511646,1.000317100520865,0.8651361235511645,1.0,12847.257029,19550.368258,32401.699158895583
STK75uPSyBnEhGTTzb1nwmP3n427XoXmfRhXxxhyady,6TYyD5fUmDe6N65avW1Ny2RxzRNobw2RRgKwH9CTzSAU,54zDfk4cx2vGrEajPtodWpArNe5eUurytyxd4X3aZAxK,502.2431210089981,565.067958368996,72641.07038593049,144.63328087002125,7.264107038593051,163.25539085626147,1854.063414167,326.473381548,321457.81404083036
SAMyS8Jr2HJrkFwYVKbpUwsNStnQmvz3f8Tup8bWUWF,6jPzm5TFfquvgm25sTyN3MMGBfufRaFHMxobDWv6hMFW,Cj9ECoDmxsHTDzCY5ZA6RWrPbg9uFzEC1Qc2kso2vJG6,802.1416411300023,87.92812346999506,779.6596711241416,0.9719725683681131,0.3118638684496567,0.01888294609005753,449.52506949,110463.6137341,2522.8044993919984
Cob4usZcpHEY7Qt4ZCwj6WVg9S44zvzYV2v9qYF65dTf,NhFM9UXE48PyNAyeyPYA3iXztqKVJwA4bTdLj4ysM8w,6TuFuynuBoeskxyR2cz4wxyidk8dpDK7kAWw3UkjQGx,11.295108000000027,1331.0033880000265,0.09407023237215681,0.00832840486095012,3.762809294886273e-05,1.0,71985.699647,179.044574,778.5706248589702
RajgMbScQbqqrdJfR2rxfHJiTiY5b6bJ2tTXiF4aPxy,725ZA3fhyBAKb5iopNRrcbSuQa3LXA1656Q3mBvYPxeg,GLA6i1dSZpUfk2f9Nj8uiG7xyDdAR2reff8oEiZH3617,2900.850137499998,2899.1037833200025,2903.699595987532,1.000982283934871,1.161479838395013,1.0,65937.45627747,115491.37430954,181493.5998910176
wrmcMSHFi3sWpAEy4rGDvQb3ezh3PhXoV2xNjgLBkKU,8p4mGnARWPBu6P2Gcw4adodLkNDorrXniZMhaY7eJXUn,AyY89zccbsgp9LKFgH4CFZMJmpSgqmPSdTfukhP227rc,0.0018842300000000284,0.018603349999999352,0.5985577915786554,317.66705316158135,0.0002394231166314622,3113.712791132146,27.08026064,0.09600288,8901.431991797885
Lid8SLUxQ9RmF7XMqUA8c24RitTwzja8VSKngJxRcUa,4PgzyzLtds9bKZ2to9PMnKqJzKEUpjvNUaeN23phegax,AtymwxoVN9peZo7EXTcDz9jKVc4vRmisJKKrNfe3ewBa,79.77084855699559,67.54098339799953,13663.771770162557,171.28778265909895,1.3663771770162558,144.95442632836236,973.023183184,7669.452632314,1278388.0900931102
KEN5P7p3asnb23Sw6yAmJRGvijfAzso3RqfyLAQhznt,9zj4aX38Uxf3h6AUjS4EipWS8mwbEofasHAf3a1uKGds,CwQDG1MWunn9cLNwcZLd8YBacweSR7ARo32w4mLua1Yr,171306.92505399918,171341.28662600112,171214.29811871698,0.9994592925227453,17.121429811871696,1.0,1156043.528285,1082735.571169,2238154.0180742242
KZMu9QBEdL97EFgamLbN5DE1AoKBG4HdrKKJo4Vuon3,DD4ACBWyVqdaKWh7v5btsgqQCCMwbKnuL2xd9pv7Gyuw,GcYqiJ1MAuYbNTNYXm1F1gQYTfTgkErACAhNU5dpVj9T,16.93048254999985,17.426846720000867,16.455964607834876,0.9719725683681131,0.006582385843133951,1.0,2264.6801556,830.81347912,3032.02046649083
SoN9GaFpSXfpyR5dth3x7PHPVhvJMpQqqDJfCSmPv1t,9kZ9iS68ViMPtoeqtnhAKuF2iqVyfHPdZHoUNdwCELr,BBhm5fJLjw3HRzjtKB8uMEYjGhY6EDm9co3cqpjrSzB9,0.4814215120000003,0.4723171549999998,82.00054539678813,170.3300400020099,0.032800218158715255,169.5128438186633,1.560152641,2.421217835,676.1683824660886
BUSDTd9WiT6uBHJRgNvFXBsA7JrifsAtWzKfioN7ERcy,DyBxrn7gSc1EwnpWhDyhzvMHPtxpmBqRqotapLcKcfTM,Cds99GeBgoCpqBsoRWu1C6fF9LiUMd4pXQQD24s9LPff,1090.1896218699999,1092.8402931700002,1091.941937533095,1.0016073494261386,0.1091941937533095,0.9998450240212768,121.00309636,143.05776239,264.23318249075487
BSC8REUo9LpiiWUuqMuLXs2D2yJsJfGd4HdiF3wCLxk5,AZjEH1zWVx1UJ6udMyRijGTzPteuLnaY18yNNmprJEsh,Caf8ypkSVR8xYnXNhjvfvdGCC7mrM3C11rz8Xi6NA6aK,320.6051687530007,320.33676297400007,321.55814748250805,1.0029724371981086,0.1286232589930032,1.0,2461.005798759,3894.101493849,6362.422477788992
B2izdXFYb2sNwbWWHmh75T4aQFtfXsUxem9u2p61HGzf,4DYwgJtxwuJdAjkj5RJSNH4e7U329V5cNp7d3a1nLrZv,EXNW64GEf1ACC6xY9BtKRiunrs6GoJSXBdxWN2eTPmrF,11799.927147000017,11692.979320000002,11898.986207174747,1.0083948874379207,1.1898986207174749,1.0,10567.497479,29363.874406,40020.084836836715
ALBpShJ9NLpE739pcHDF2LNVk5J4VYPvvKuV6jMPitZi,D6d156U1bPiJpDYRLextvDRccgFk7QzkQbJg42ceKEu5,GNcM8U5g8RwTZffwwm3kSQqUNPSwv5d2fbN9sLxPJqt2,38.225044000006164,38.130897999995796,38.2772925042745,1.0013668657717785,0.015310917001709801,0.9996811017285486,42012.576135,58299.898822,100351.30877234305
BSCrK1Nx9PXU9mF7STWWBqeHLxmtJDr9h7jheEy4tAWX,FfSySSbVJPvEo5a5AvrP3nySoXpRE2QPn1uUMpJJ1x7v,HL7Vcj6838ZmvBHDbQxXfjBNckNi83WvPiZQoMQLFeRM,0.002994743000000133,0.0029915019999999792,9.34344716989415,3119.949581614761,0.0037373788679576597,3111.968631356196,0.83008691,0.974198312,5621.503895222546
SoNcU2iwHMw6dGzsYNQkYFkUjwN1UdAjrWVRnStrZu2,8ivTTid27jZnYNc4w3CTA1Z6QS2twsFb8WMwUabeDJgc,CyXm53PMvHCbeXJBykU46Rcbo28xk5srhMZFg7gv6EYB,2.324982443000005,2.3097221250000004,399.173771527004,171.68894015902174,0.15966950861080162,169.8972631249883,15.902373555,18.774412902,5919.983030499075
BSCNHw8CmxbZ8hCWWzMf5FaG2ajPT6JxfznKUNuRVrn4,7n9kgNL633yGzCYksgnzHyjG73ZLBAwvEae5sbAekbzW,SscdxE99omdG9AiMVwmaEMQySQnCgeAh1sPj2Leutm2,99.84425041099985,100.0,99.96313566858227,1.0011907070972343,0.03998525426743291,1.0,5294.901074379,6402.964938696,11704.170689363418
BUSD5rCfUDpCxKGMvYU2yThChxgHoioK74PTPociGnv2,CcFHbafgYDZ8yA8Me1PdtDiVb2eeaS61LbqyKKK5CsNZ,26R9s4nmF3CFDTkiePDwRmtscn8i7r2eygbSijditJ58,34.5708803,34.40940700000001,34.57744413622038,1.0001898660422708,0.0034577444136220377,1.0,76.69355107,71.18690082,147.89501339100934
C98Sspw7XqnMsgxea3SLQVdbMDL8pKUc3RE82UvX9eq2,CSqgQJurPCzGxb4Cgwx5R61hWQUiaoUHcShNc8r1cKEL,6S2CR5EnukPhC914XkAns8m5GixjMAoUuZMsS5ubHuWc,65.57973800000002,65.60518700000011,0.0,0.0,0.0,1.0,898.950568,864.665113,864.665113
RoBgmK8CvjdHvPrqdDyVw54VwjZv2TqJ493xnqJAQHx,ExiHJxM7qPAcy27NDHAF6G7vnW7muNHi2sVJpnaNynGQ,6rkPHSqZb7StM4HwS9EuVrmfkV7tRdc7dnsFhyB6cefE,2.6788720000000055,12.49012500000035,0.0,0.0,0.0,0.9504691515732165,6328.125857,17.929458,17.04139673342762
parEAJhzYzHW87y9VoZAQ22dzQ2MD2ekEtTReaxbMcz,3oyc6hpjYSJEquK6dSvG72NXyz3pqLZz5D8AC71pwgQb,Di2vordgFJVZ1aj1aBpvzXtLfZgJsuLLXawGtVFwX6Rz,9.387004245000043,11.056017854000174,1331.8776252322014,141.88526930107884,0.5327510500928805,166.67866753072886,1100.679685923,142.141131558,179862.12806080922
KEnkcdADoLR5jS2CLLLesy8TtFsyWL37BhXNfDMzWzP,3qsjFRuw1qeLMPo4DLwaQevenGAGBj9dA3Q6rb8ax2YR,77iEv8zPQAEyCcEbvBRSB6AFcUdfkhiqnAKtPxk76rNN,1.1964010000000087,0.010004999999999986,0.009961808104961672,0.00832647925316144,3.984723241984669e-06,1.0,118.738085,0.302104,1.2907742013126196
KwnjUuZhTMTSGAaavkLEmSyfobY16JNH4poL9oeeEvE,J63v6qEZmQpDqCD8bd4PXu2Pq5ZbyXrFcSa3Xt1HdAPQ,BnKQtTdLw9qPCDgZkWX3sURkBAoKCUYL1yahh6Mw7mRK,135.3865370000335,3224.0608890002604,2.5556961097480775,0.01887703287474917,0.0002555696109748078,1.0,279059.81551,544.595254,5812.416565403708
BUSDgu5JdqP1rndBvXvanbEufS94FNh1w5FJcAj6vawb,Bgzr8cWubt89JQFXndVjtdKmDbGzuPxNhvjH1EhWCwbo,Dxaf8xPBBQsasRKW5Aa4Sw2YrbfGofY9xZueyyF23FBW,8022.4099950600075,8008.037807220006,8039.155556083329,1.002087347945771,3.2156622224333318,1.0,6540.29394594,8513.1976182,15067.143433272797
Lee1XZJfJ9Hm2K1qTyeCz1LXNc1YBZaKZszvNY4KCDw,9DgFSWkPDGijNKcLGbr3p5xoJbHsPgXUTr6QvGBJ5vGN,2hNHZg7XBhuhHVZ3JDEi4buq2fPQwuWBdQ9xkH7t1GQX,1408.860245179064,1189.340070598003,241873.9286366904,171.6805690730159,24.18739286366904,144.95179990273735,6909.748758077,54987.736359927,9156840.95688684
JSoLLrxK5bYdHwTEWYaGgmeycBCNXKDiBCTw5hXGBg7,xG4wXczA7Dk4hccJ61CHKpDHW4NrNfQwgmWgkb9BuF2,BVR6WgfhsRr9Lob4QDnkEAiNGgAbv7ZieKcY9kSg3QYR,0.7030693469999321,0.6297198960000081,119.62619514432454,170.1485005067873,0.04785047805772982,144.96133953555255,16.984733382,163.984799308,26661.383087611306
KysFMBBoavfov2tLpvefWW6tPFt6rAeZWDJVy1mMQae,B8ka2V21TH3x64dFV8ETcjuQcwmrciJ2qzy1mJUttRew,7fSf7EYxBANyxzk2s5pymFgshA91tFYQNKKs5UnLWcYS,11.264979999999923,14.936592999991262,0.0,0.0,0.0,0.018564956005602682,134451.676289,2649.976067,49.19668909975503
FrnkTEL6yZ5Aycq2TrEgu29dCrwKG4LPUZydfiwqspkc,DjvZuMZ46fxKBoBpGMPcRcos4xdTtHFxwMh69DpA2ZFY,9rvDPJLAng4uVVqnnSoEXgNDFhBZQTny9AoQioYDZbQX,63.26479280100307,53.250009548000065,10663.997239808838,168.56132404245793,4.265598895923535,144.98061174279164,173.317219195,1438.183277882,237723.2713724518
AUSejoEUCh2DBs9mof6BNC8Pubs22w4cJa1ccV9h44R,4xkyD7AfGQDwsQMy9MosRRNGoVJ1zosNinesxg1TzHG7,Cbm5gsQe3nSiCsFrvepVzMCD9xLK3ri9g3ypS2hdmVJ7,2940.741993999998,2943.047332,2941.5332664486727,1.0002690723804704,0.2941533266448673,1.0,14376.797225,14500.113519,28880.77914305287
iLiUBQ7Z7im6Ew3b4ewwPcehzWgEQRJ1iQz7g6D62NW,GpugBvKWM3TVhYcZjemSdtehBWgfvuGr6uAm9iPjXT6v,92fMXJ3xy8tEyMUWLHKRLyhPw2nECBo77GtDiBBbYrjX,13.941426395999997,13.685261999999966,13.692151360285857,0.9821198327464067,0.005476860544114343,1.0,1805.840138149,1156.637640324,2930.189054769644
MARpDPs5A7XiyCWPNH8GsMWPLxmwNn9SBmKvPa9LzgA,6YjT74rmcfCpw8LSjPNx5JTmZoYLGrTKnf9arfSgZ4SR,F8GSmi3vA8M8TsybLya1LQ4n1aFHCRbZ6k437PeTdXtg,29418.27326100001,30820.41559000033,27952.075113021576,0.9501602920412674,11.180830045208632,1.0,296831.235068,15288.166897,297325.4198961809
SUiuyGR7SFq3xeRVJonq84fjjeFwRSsFekcevJ53tzy,49GjCCPsv7fBqo6t3iKDrP1xxGDS8uWZbVCdfnp2gjMf,CEwj5xEbbJEjYqM8D6Ai8ByGz1mrh8mkAVsE5fzDSSSx,4.9140000000000255,9.092998999999907,0.04091974666729753,0.008327176773971778,1.6367898666919015e-05,0.9504032085612322,638.714131,1.724721,6.957865849143704
SRMuKizofcAMicegrfSv7xs9q76tH1w8aAF7oX9FEWu,72Hj2KWntXPfbie4UgKeTPnm1XVkomDfCnRPKbvfTtPi,6aqJQ5wedqpUt4fFEDUqUmXhrdxCu4bEJsQdVPCADLko,1.6142889999973704,1.6077079999995476,0.07359925658898017,0.04559236703533262,2.9439702635592067e-05,0.045650814908131845,16958.427081,4932.720622,998.3575479273234
AURHmCnNwiW4uA2Qj1XvEh4iKgRUZYXtiY7FKAapUV5Y,BKWm4TRnTeKwfWXRyuzjRHU7iZDkPuXBX5b5V5jSVfGJ,A5Ww74HVrkj9nPeC7pHKLfgeDMEhBCpW1efQdz3TGLEg,0.009928355000283773,0.008860170999923866,1.608913887500261,162.05241326023042,0.0006435655550001045,144.98061174279164,289.928692907,1809.455499197,309319.6095539031
7oAd7xG4m3oC2qeWB1szghTebAZyyGPAFDJ4wwwbRSNi,D9yh4KAysxt9GLacVe4Wwh2XqghhcjTCSTV9HuM7TBJd,HDYfJLpZKaMFb84jM4mRytn7XLR8UFZUnQpSfhJJaNEy,7.986054437991697,0.1805930000000444,7.986054437991697,1.0,0.0031944217751966792,0.022637728318270305,952.01731636,300242.404262227,7748.823293672577
BSCuChvaSj9b5HUSqgDVRzcnr2sSn7cXaamt1jbKH6hn,GnKpRj5kBVPMJfiwZtEuD9GYApLzPdW5JFuZTcyX4BTc,3dmwD9okkomV9nDwyuh4UMhKdUR13QpuKxRo89ycZB5t,385.58277964599984,385.461516867,385.33745725120303,0.9993637620564331,0.15413498290048122,0.9996671108520864,1610.17969166,1501.808198044,3110.4634966368285
DFWzVTzNBrQZLjoQ4yQwkj9HuoXmfkuZP9V5vbymZe23,DhgiEgiNdqZdRdo195UUHnoEJUtefK8buko8nU97XJUZ,2K2kkXsouBHtWVjtcgkyiXd8eP3oVBvq1bTJzcVdLLr2,0.0011542869979166426,0.0011542869979166426,0.0011357016962102438,0.9838988901894042,4.5428067848409753e-07,1.0,45452.130483581,22563.55363222,67283.85437175934
ACUSESXyNnwRLAg1dpSGMLSzUDdLjUMybY8rkXiAKhCP,AhFPQdu8GKBsxuhiH46UmCu1YpaLgNpoP325HnYtsgas,A8wxWpT3aFEr2XqZp1kDmbxbFfcBE95UUmdsNTDBJYbT,0.06079791100000875,0.06159438499980752,0.06079791100000875,1.0,2.4319164400003504e-05,0.9878786089470295,1044.551691297,1841.390268127,2863.6217479028983
MATSnbbiTCv7Dc3trJrkrqjx7ckKdr6fwPoVwv9q3sD,631WX9JizSHJm4w6VanZeJAst9T8DeUUnPLesdGkCVtK,211maUSfpnXbPuW1iBu8b4dtJv5EbN1j7JJiEX5TZKEP,735.0660040000002,734.312194999995,735.8113809288812,1.0010140272095633,0.2943245523715525,1.0000560031361756,19805.728068,25748.551263,45575.804877788876
ALLwa5WNZbvQsRKAqe1jdRGemdYQnW8E5k4msbRFcYtu,CGoM82Hbz7QVqTgvQatYtjvDWBvoUJp5qm21P8iMs9yb,3dxNNww8TivyN5FMy5dCNdi3Zcxv6e4kUfSPxfFwpdNq,3.5231994569999987,3.4853185160000004,10958.288877484367,3110.3231625765916,4.383315550993747,3065.265635920009,0.862728707,7.794338001,26575.08150961261
YAkoNb6HKmSxQN9L8hiBE5tPJRsniSSMzND1boHmZxe,CfWX7o2TswwbxusJ4hCaPobu2jLCb1hfXuXJQjVq3jQF,EnTrdMMpdhugeH6Ban6gYZWXughWxKtVGfCwFn78ZmY3,6598347.39201603,6598744.176527002,6598347.39201603,1.0,659.834739201603,1.000045002025091,1032224.557345,410539.275328,1442782.3077717691
