0,1,2,3,4,5,6,7,8,9,10,11
SoN9GaFpSXfpyR5dth3x7PHPVhvJMpQqqDJfCSmPv1t,9kZ9iS68ViMPtoeqtnhAKuF2iqVyfHPdZHoUNdwCELr,BBhm5fJLjw3HRzjtKB8uMEYjGhY6EDm9co3cqpjrSzB9,0.4772921080000012,0.46772795199999995,81.25003328021003,170.2312523470634,0.03250001331208402,167.82175584183335,1.52713357,2.454761462,671.9282388480476
WiiQFxXqp8P9Fs1rt9SVcDyA3KUdJmUsog6wnVQAwba,3S2jpqSYxho6wiz3cafhjXruVY8cg4HYa2v3BqBHYFSj,Dfe67M6TfrG74gKRtdqys4e6E9QirPD53BkF4FujFjuv,13931.575334568,13964.798910875998,13900.635577911396,0.9977791630943678,1.3900635577911395,1.0,20865.145149319,5953.268196159,26772.075261089016
MATSnbbiTCv7Dc3trJrkrqjx7ckKdr6fwPoVwv9q3sD,631WX9JizSHJm4w6VanZeJAst9T8DeUUnPLesdGkCVtK,211maUSfpnXbPuW1iBu8b4dtJv5EbN1j7JJiEX5TZKEP,726.9791420000001,726.1124319999944,727.7075772848623,1.001002003005008,0.29108303091394494,0.9996101520407042,19778.068973,25776.224225,45564.06207413174
BUSD5rCfUDpCxKGMvYU2yThChxgHoioK74PTPociGnv2,CcFHbafgYDZ8yA8Me1PdtDiVb2eeaS61LbqyKKK5CsNZ,26R9s4nmF3CFDTkiePDwRmtscn8i7r2eygbSijditJ58,81.42006924000002,81.743049,81.15751817609889,0.9967753519942704,0.008115751817609889,1.0,76.69355107,71.18690082,147.6331421834898
AUSejoEUCh2DBs9mof6BNC8Pubs22w4cJa1ccV9h44R,4xkyD7AfGQDwsQMy9MosRRNGoVJ1zosNinesxg1TzHG7,Cbm5gsQe3nSiCsFrvepVzMCD9xLK3ri9g3ypS2hdmVJ7,2736.965855999999,2739.285541999998,2737.6174089433275,1.0002380566574844,0.2737617408943327,1.0,14351.584616,14525.310404,28880.311510263287
GokA1R67GqSavkd15zR62QD68Tuc5AEfvjssntVDEbM8,3YB7hfpBdbQEuZqLGWVDpRPmeZWCUsrrWyqGXegnQ6Cg,4DPCj6Z1DsG6HUtwSogBGqXEUxdEV5a8YVrrFtcnz7UW,12158.618081999984,12157.573431000006,12161.305730566439,1.0002210488517962,1.216130573056644,1.0,13169.580861,19227.78053,32400.272511727962
Cob4usZcpHEY7Qt4ZCwj6WVg9S44zvzYV2v9qYF65dTf,NhFM9UXE48PyNAyeyPYA3iXztqKVJwA4bTdLj4ysM8w,6TuFuynuBoeskxyR2cz4wxyidk8dpDK7kAWw3UkjQGx,129.21833700001122,1216.3798550000065,1.106765961004877,0.008565084388950006,0.0004427063844019508,1.0,71571.00315,182.556597,795.5682787815567
C2ypsDADXcCRz8HbV2zX1AXPSja7a1P3xZtRC91xGhJh,J9bYNuDpY1d1T86gLaw7DGk5D3CsUAf2tzUwxMvb6FTv,A2NGvvPrMGzsJ4jb52KEnSBVmsA7C34dV1GC7PerdgvG,154.2318762690002,155.03268910600005,22035.15556347695,142.87030733546163,8.814062225390781,138.38522433282753,507.55708816,304.447617505,114645.8890217355
SRMuKizofcAMicegrfSv7xs9q76tH1w8aAF7oX9FEWu,72Hj2KWntXPfbie4UgKeTPnm1XVkomDfCnRPKbvfTtPi,6aqJQ5wedqpUt4fFEDUqUmXhrdxCu4bEJsQdVPCADLko,1.6142889999973704,1.6077079999995476,0.07413893104818275,0.04592667796677269,2.9655572419273097e-05,0.045980250195094205,16958.427081,4932.720622,1005.6519477141447
ALBpShJ9NLpE739pcHDF2LNVk5J4VYPvvKuV6jMPitZi,D6d156U1bPiJpDYRLextvDRccgFk7QzkQbJg42ceKEu5,GNcM8U5g8RwTZffwwm3kSQqUNPSwv5d2fbN9sLxPJqt2,80.10755500000232,80.11756900000182,80.17474143332343,1.000838702832974,0.03206989657332938,0.9981793209186444,42012.576135,58299.898822,100241.5656173946
BUSDTd9WiT6uBHJRgNvFXBsA7JrifsAtWzKfioN7ERcy,DyBxrn7gSc1EwnpWhDyhzvMHPtxpmBqRqotapLcKcfTM,Cds99GeBgoCpqBsoRWu1C6fF9LiUMd4pXQQD24s9LPff,900.6261739800002,902.9843978900002,897.0348769095953,0.9960124442591597,0.08970348769095952,0.9993194634453938,167.43226624,96.6814023,263.38022781713704
STK75uPSyBnEhGTTzb1nwmP3n427XoXmfRhXxxhyady,6TYyD5fUmDe6N65avW1Ny2RxzRNobw2RRgKwH9CTzSAU,54zDfk4cx2vGrEajPtodWpArNe5eUurytyxd4X3aZAxK,612.230916815998,688.805427779997,87590.09174834815,143.06708358322385,8.759009174834816,161.3663729906256,1853.983539565,326.537656854,317936.21534825454
Lee1XZJfJ9Hm2K1qTyeCz1LXNc1YBZaKZszvNY4KCDw,9DgFSWkPDGijNKcLGbr3p5xoJbHsPgXUTr6QvGBJ5vGN,2hNHZg7XBhuhHVZ3JDEi4buq2fPQwuWBdQ9xkH7t1GQX,1335.9429746900641,1127.9162890339912,226469.39730294357,169.52025767079166,22.64693973029436,143.0692123066992,6897.568203505,55002.123184161,9038387.978313979
BSCuChvaSj9b5HUSqgDVRzcnr2sSn7cXaamt1jbKH6hn,GnKpRj5kBVPMJfiwZtEuD9GYApLzPdW5JFuZTcyX4BTc,3dmwD9okkomV9nDwyuh4UMhKdUR13QpuKxRo89ycZB5t,297.98984650199986,297.82577464400015,297.95635024910484,0.9998875926368358,0.11918254009964195,0.9993194634453938,1523.974232379,1587.971021826,3110.693275952
KysFMBBoavfov2tLpvefWW6tPFt6rAeZWDJVy1mMQae,B8ka2V21TH3x64dFV8ETcjuQcwmrciJ2qzy1mJUttRew,7fSf7EYxBANyxzk2s5pymFgshA91tFYQNKKs5UnLWcYS,1.8756039999998393,2.484777999983635,0.0,0.0,0.0,0.019773934884907,134441.592323,2657.579771,52.55080934320006
BerKDkt6v49dT1bHRedgnpsJS263C1DSJtEGvY9Mg35V,78XKqNb8wbfsMMrvo8WPUpdx7GEkfQutpNVH943aCGFa,DKYQwn4nDvFHCszi5tXbqfVMAP7DaXXp1KGTXEnYnKVH,0.0033694210001158353,0.001108728999952291,0.003376071340742111,1.0019737339519303,1.3504285362968444e-06,1.0,1338.317413093,1686.888382613,3027.847278222681
BUSDgu5JdqP1rndBvXvanbEufS94FNh1w5FJcAj6vawb,Bgzr8cWubt89JQFXndVjtdKmDbGzuPxNhvjH1EhWCwbo,Dxaf8xPBBQsasRKW5Aa4Sw2YrbfGofY9xZueyyF23FBW,7811.653064200005,7797.952975330008,7825.129423842452,1.0017251610551174,3.130051769536981,1.0,6552.05792873,8501.09619395,15064.457477849517
B2izdXFYb2sNwbWWHmh75T4aQFtfXsUxem9u2p61HGzf,4DYwgJtxwuJdAjkj5RJSNH4e7U329V5cNp7d3a1nLrZv,EXNW64GEf1ACC6xY9BtKRiunrs6GoJSXBdxWN2eTPmrF,17331.452008000015,17175.29516999999,17475.114927821636,1.008289145061551,1.7475114927821636,1.0,10661.889591,29268.344581,40018.61212145004
ALLwa5WNZbvQsRKAqe1jdRGemdYQnW8E5k4msbRFcYtu,CGoM82Hbz7QVqTgvQatYtjvDWBvoUJp5qm21P8iMs9yb,3dxNNww8TivyN5FMy5dCNdi3Zcxv6e4kUfSPxfFwpdNq,5.250100678999996,5.148885224999999,16285.441649606044,3101.929400086854,6.514176659842418,3056.3281273877565,0.871589539,7.785338001,26498.156729509315
SoNcU2iwHMw6dGzsYNQkYFkUjwN1UdAjrWVRnStrZu2,8ivTTid27jZnYNc4w3CTA1Z6QS2twsFb8WMwUabeDJgc,CyXm53PMvHCbeXJBykU46Rcbo28xk5srhMZFg7gv6EYB,2.0342008969999945,2.0193074940000084,344.9054989530074,169.55331180006274,0.13796219958120295,165.77707923000523,15.609871157,19.068700319,5807.858795037717
wrmcMSHFi3sWpAEy4rGDvQb3ezh3PhXoV2xNjgLBkKU,8p4mGnARWPBu6P2Gcw4adodLkNDorrXniZMhaY7eJXUn,AyY89zccbsgp9LKFgH4CFZMJmpSgqmPSdTfukhP227rc,0.0026124100000000233,0.026011389999997192,0.8254060031595651,315.95576619273305,0.00033016240126382604,3101.159833777833,27.07914064,0.09611715,8853.885273669173
AURHmCnNwiW4uA2Qj1XvEh4iKgRUZYXtiY7FKAapUV5Y,BKWm4TRnTeKwfWXRyuzjRHU7iZDkPuXBX5b5V5jSVfGJ,A5Ww74HVrkj9nPeC7pHKLfgeDMEhBCpW1efQdz3TGLEg,0.010697761000074024,0.009648548000029677,1.71205100868496,160.0382555446054,0.0006848204034739841,143.191720540165,289.929526447,1809.45456451,305498.7279748933
Lid8SLUxQ9RmF7XMqUA8c24RitTwzja8VSKngJxRcUa,4PgzyzLtds9bKZ2to9PMnKqJzKEUpjvNUaeN23phegax,AtymwxoVN9peZo7EXTcDz9jKVc4vRmisJKKrNfe3ewBa,109.54918518599607,92.7594832869986,18531.324546380263,169.1598574185394,1.8531324546380263,143.19881523028232,972.707331071,7669.823957943,1262852.7372362106
SAMyS8Jr2HJrkFwYVKbpUwsNStnQmvz3f8Tup8bWUWF,6jPzm5TFfquvgm25sTyN3MMGBfufRaFHMxobDWv6hMFW,Cj9ECoDmxsHTDzCY5ZA6RWrPbg9uFzEC1Qc2kso2vJG6,1162.1044010400074,23.143644479999978,1130.6209711893332,0.9729082603744563,0.45224838847573323,0.019762026651309054,461.73083035,109847.66465204,2620.034215354746
BSC8REUo9LpiiWUuqMuLXs2D2yJsJfGd4HdiF3wCLxk5,AZjEH1zWVx1UJ6udMyRijGTzPteuLnaY18yNNmprJEsh,Caf8ypkSVR8xYnXNhjvfvdGCC7mrM3C11rz8Xi6NA6aK,294.6617339530003,294.4706323380001,295.6194433951844,1.0032501995740541,0.11824777735807376,1.0,2435.139668123,3920.044928649,6363.099286684095
MATgk4zXLXtYkwBH678J1xZbRDZ45LicNzkRBHkxTuY,y8dALFo1bJrSzPYjMX14HJX448pXqYmrfXHD1K8MXih,GN7Yuet3UyiWS5YVkEHv6oQKi4HGBJc3XDPt9zQhAqZz,965.2171440000002,965.5637939999997,966.3284216849378,1.001151324022626,0.38653136867397514,1.0,3586.937354,4473.910436,8064.977517143315
parEAJhzYzHW87y9VoZAQ22dzQ2MD2ekEtTReaxbMcz,3oyc6hpjYSJEquK6dSvG72NXyz3pqLZz5D8AC71pwgQb,Di2vordgFJVZ1aj1aBpvzXtLfZgJsuLLXawGtVFwX6Rz,13.455817774000081,15.74326428799958,1842.0646097579386,136.89726189048548,0.7368258439031755,126.41566583384025,1101.004197818,141.864219494,168658.3197765467
BSCNHw8CmxbZ8hCWWzMf5FaG2ajPT6JxfznKUNuRVrn4,7n9kgNL633yGzCYksgnzHyjG73ZLBAwvEae5sbAekbzW,SscdxE99omdG9AiMVwmaEMQySQnCgeAh1sPj2Leutm2,110.41347320600016,110.24687431399889,110.57200936272827,1.0014358406825254,0.04422880374509131,1.0,5294.901074379,6402.964938696,11705.468647447542
YAkoNb6HKmSxQN9L8hiBE5tPJRsniSSMzND1boHmZxe,CfWX7o2TswwbxusJ4hCaPobu2jLCb1hfXuXJQjVq3jQF,EnTrdMMpdhugeH6Ban6gYZWXughWxKtVGfCwFn78ZmY3,6830045.462701991,6829787.648780998,6830045.462701991,1.0,683.0045462701992,0.9976306272602569,1041772.075768,388333.448674,1429185.4177547814
iLiUBQ7Z7im6Ew3b4ewwPcehzWgEQRJ1iQz7g6D62NW,GpugBvKWM3TVhYcZjemSdtehBWgfvuGr6uAm9iPjXT6v,92fMXJ3xy8tEyMUWLHKRLyhPw2nECBo77GtDiBBbYrjX,13.941426395999997,13.685261999999966,13.692151360285857,0.9821198327464067,0.005476860544114343,1.0,1805.840138149,1156.637640324,2930.189054769644
ionytDfEj1mXodptgrsKEZro7DGsfpzANUfarJdm6Qb,3gkSjY95an9xNFSjCfsay6JZez7uv7yfW3Ad4ubc4fMK,9wXqANaSuEqkKL9yHzCPEDGHwbkStVAqV5rB3QDs3Jr6,0.00042030399999999635,0.001571102000000213,0.3490766541117619,830.5337425096238,0.00013963066164470478,3104.5295085529788,3.152466539,0.08412514,2879.398812313182
HEDSDjj84KS7LKhZY7ejkCACTdPen62rKhCby1wXtgxc,EnnjMSFttpCTywBrYNt1J5QQeoSVkvzPipJDa8Y7kJow,6bjVT6JN2rSvpyn9PdfLYC8wJn4LWh49jpY47fnLDXZk,18.959184251001716,19.490989704994718,18.21462969621564,0.9607285553571885,0.007285851878486256,1.0,39110.921985288,9058.037321219,46633.016898832444
Sid7E679i9ABqptiAVhkmQ27YHN8vaYT4fppPwmxFsJ,GP7KB8o1bv527HG8kTzzzf4wJ5aEGHvcMQvVhLziUfmT,9gYxhAZ1M9wu5pxr8SBoa5NDm21gi3s9vMHaYTME77sa,580.0304830000023,1329.0367849999893,4.975396738086897,0.008577819414513216,0.0019901586952347588,0.01967812917034902,129353.954308,11191.746349,1329.807490904622
MARpDPs5A7XiyCWPNH8GsMWPLxmwNn9SBmKvPa9LzgA,6YjT74rmcfCpw8LSjPNx5JTmZoYLGrTKnf9arfSgZ4SR,F8GSmi3vA8M8TsybLya1LQ4n1aFHCRbZ6k437PeTdXtg,32757.822009000025,34288.31125600027,31062.08088910216,0.9482340089816725,12.424832355640865,1.0,296656.172356,15451.94148,296751.4130822879
C98Sspw7XqnMsgxea3SLQVdbMDL8pKUc3RE82UvX9eq2,CSqgQJurPCzGxb4Cgwx5R61hWQUiaoUHcShNc8r1cKEL,6S2CR5EnukPhC914XkAns8m5GixjMAoUuZMsS5ubHuWc,42.469790000000216,42.47432600000002,0.0,0.0,0.0,1.0,892.113749,871.483659,871.483659
FrnkTEL6yZ5Aycq2TrEgu29dCrwKG4LPUZydfiwqspkc,DjvZuMZ46fxKBoBpGMPcRcos4xdTtHFxwMh69DpA2ZFY,9rvDPJLAng4uVVqnnSoEXgNDFhBZQTny9AoQioYDZbQX,59.0982380410037,49.77419662699995,10124.311413403497,171.31325313588908,4.049724565361399,143.28193285034905,173.15798541,1438.370232633,235756.72487310637
KwnjUuZhTMTSGAaavkLEmSyfobY16JNH4poL9oeeEvE,J63v6qEZmQpDqCD8bd4PXu2Pq5ZbyXrFcSa3Xt1HdAPQ,BnKQtTdLw9qPCDgZkWX3sURkBAoKCUYL1yahh6Mw7mRK,76.45049600000073,3942.4982759999693,1.5124878954766798,0.01978388597343653,0.000151248789547668,1.0,278359.947845,558.109251,6065.15071873722
KEN5P7p3asnb23Sw6yAmJRGvijfAzso3RqfyLAQhznt,9zj4aX38Uxf3h6AUjS4EipWS8mwbEofasHAf3a1uKGds,CwQDG1MWunn9cLNwcZLd8YBacweSR7ARo32w4mLua1Yr,177449.78353799996,177476.05779099977,177379.18662172454,0.9996021583409804,17.737918662172454,1.0,1196325.087423,1041456.007821,2237305.147286493
ercAoEmXjQzEvAFbdjAo81KtMxRGn9AW1ju882upmPH,CMRhskR2Eg6V42RTSdRTXGdozyPbWB8U9dVpijPWb9T4,7TKLLgrWswt6ZJ1pXhVR3FyufHGjJFqiEXxvWJfDcgRm,0.7245133889997533,0.7128804470000318,103.83744115446085,143.32025153850705,0.04153497646178434,140.854216027266,314.467665154,800.168841501,157776.73972966732
KEVpg4SYCVrqFxKijQH6hm4QxsRdoE51ud64bEEFUC9,2bPenuBYfqzD8p5dFjCcggwkHDsc2RQDnx9AoyYGUBjA,AE6n6iLuX8oYu61vt5hoDYkjswpnxFxrhSehxrnQTnbx,3951.5007873420004,3950.927134849,3957.6307973026196,1.001551311840872,1.583052318921048,1.0,1909.081703224,5733.749769796,7645.793054071403
DFWzVTzNBrQZLjoQ4yQwkj9HuoXmfkuZP9V5vbymZe23,DhgiEgiNdqZdRdo195UUHnoEJUtefK8buko8nU97XJUZ,2K2kkXsouBHtWVjtcgkyiXd8eP3oVBvq1bTJzcVdLLr2,0.0011542869979166426,0.0011542869979166426,0.0011357016962102438,0.9838988901894042,4.5428067848409753e-07,1.0,45452.130483581,22563.55363222,67283.85437175934
7oAd7xG4m3oC2qeWB1szghTebAZyyGPAFDJ4wwwbRSNi,D9yh4KAysxt9GLacVe4Wwh2XqghhcjTCSTV9HuM7TBJd,HDYfJLpZKaMFb84jM4mRytn7XLR8UFZUnQpSfhJJaNEy,7.986054437991697,0.1805930000000444,7.986054437991697,1.0,0.0031944217751966792,0.022637728318270305,952.01731636,300242.404262227,7748.823293672577
daob129AwBGn9Y5r91uLoWZeYiGzbPmksauMhFZKTze,6VW5GQNyj4LStgmxEHLr5zUfW92vQnmbw8jTnCH7a38F,4VPCCUifPeBA1c7HWK358CHn2nyjm8pdTRk6Ps3KmnMQ,19.49839747200012,17.435126242999992,2971.788017588963,152.4119108689049,1.1887152070355853,143.36187907282138,48.238974305,224.126377614,39483.372896708825
MAR3XM1n9xWPQ3HJjAcC85o8DopWFP5p2WxGTaZ3fPB,6qG7GUhER8Cg9gDEgnebph9LdS6eu2eoWcA4R7z9uizK,4QV4CwRXVMY227KkFF9voNAfwWHVvVajXSXDKbUHkWZR,0.30629300000000015,0.005993999999999999,0.28991127357535135,0.9465161579773329,0.00011596450943014054,0.01978388597343653,0.10448,24.619526,0.5859619032895277
SUiuyGR7SFq3xeRVJonq84fjjeFwRSsFekcevJ53tzy,49GjCCPsv7fBqo6t3iKDrP1xxGDS8uWZbVCdfnp2gjMf,CEwj5xEbbJEjYqM8D6Ai8ByGz1mrh8mkAVsE5fzDSSSx,4.9140000000000255,9.092998999999907,0.04214826679533832,0.008577180870032173,1.685930671813533e-05,0.949923816109948,642.730267,1.688265,7.116536882107933
vEnkoSUkpnbRrPgBz9DfcVxNz67zjwMYBZraAvDDNSf,DtfyjjsZ5yCjWKLKHvwsfXs5QVsmm1QkK6Sh9JZHoq1g,e5wrKCRv4GhHvEf1VD5Pq2KGaZDXP77nTL612Jyrxwy,1063.1800000000003,1063.4827580000006,1062.5084946313932,0.9993683991717235,0.10625084946313934,0.9998270299238232,1095.987847,850.599435,1945.7479269189857
RajgMbScQbqqrdJfR2rxfHJiTiY5b6bJ2tTXiF4aPxy,725ZA3fhyBAKb5iopNRrcbSuQa3LXA1656Q3mBvYPxeg,GLA6i1dSZpUfk2f9Nj8uiG7xyDdAR2reff8oEiZH3617,2612.0115051100074,2610.5691744700016,2614.6683742317996,1.0010171735907727,1.0458673496927198,1.0,65937.45627747,115491.37430954,181495.90042617818
RoBgmK8CvjdHvPrqdDyVw54VwjZv2TqJ493xnqJAQHx,ExiHJxM7qPAcy27NDHAF6G7vnW7muNHi2sVJpnaNynGQ,6rkPHSqZb7StM4HwS9EuVrmfkV7tRdc7dnsFhyB6cefE,2.4847780000000057,0.03830999999999918,0.0,0.0,0.0,0.9517845007604757,6338.209823,17.77254,16.915628111145583
KZMu9QBEdL97EFgamLbN5DE1AoKBG4HdrKKJo4Vuon3,DD4ACBWyVqdaKWh7v5btsgqQCCMwbKnuL2xd9pv7Gyuw,GcYqiJ1MAuYbNTNYXm1F1gQYTfTgkErACAhNU5dpVj9T,37.154004710000095,38.196204440000315,36.14743808835055,0.9729082603744563,0.01445897523534022,1.0,2252.46439474,842.68146335,3034.1226791918957
heyk4SZTeCUV6a65WiVA5bzic3KcxgVf1qxobfeV4tQ,9ZDpBKPqMABtGfq66FbVribaArMvtk63xxy91onZAtDt,DaTP4s6N7xxSPinbNZ3FB52EpRDRt87QShTuN3VPCW52,85.13025933900008,73.86156674599988,14030.43825150915,164.8114120695682,5.61217530060366,143.16355376607476,629.548468724,4469.186040472,743581.3280923407
JSoLLrxK5bYdHwTEWYaGgmeycBCNXKDiBCTw5hXGBg7,xG4wXczA7Dk4hccJ61CHKpDHW4NrNfQwgmWgkb9BuF2,BVR6WgfhsRr9Lob4QDnkEAiNGgAbv7ZieKcY9kSg3QYR,0.8824491839998245,0.750932063000004,148.53431264457882,168.3205280686263,0.05941372505783153,143.3628450528636,17.034046432,163.926706774,26368.178753846907
