0,1,2,3,4,5,6,7,8,9,10,11
RoBgmK8CvjdHvPrqdDyVw54VwjZv2TqJ493xnqJAQHx,ExiHJxM7qPAcy27NDHAF6G7vnW7muNHi2sVJpnaNynGQ,6rkPHSqZb7StM4HwS9EuVrmfkV7tRdc7dnsFhyB6cefE,26.283539999999434,92.20314399999995,0.0,0.0,0.0,0.945245697714207,6198.334218,20.177722,19.072904910173303
2jQoGQRixdcfuRPt9Zui7pk6ivnrQv79mf8h13Tyoa9K,,,0.000480192999999999,0.0004307499999999997,0.0,0.0,0.0,0.945245697714207,6198.334218,20.177722,19.072904910173303
BSCuChvaSj9b5HUSqgDVRzcnr2sSn7cXaamt1jbKH6hn,GnKpRj5kBVPMJfiwZtEuD9GYApLzPdW5JFuZTcyX4BTc,3dmwD9okkomV9nDwyuh4UMhKdUR13QpuKxRo89ycZB5t,47.67349951100027,47.71401409499981,47.64503408067884,0.9994029087309846,0.01905801363227154,0.9968728099950456,1681.385587809,1431.123035586,3107.0292890879264
ACUSESXyNnwRLAg1dpSGMLSzUDdLjUMybY8rkXiAKhCP,AhFPQdu8GKBsxuhiH46UmCu1YpaLgNpoP325HnYtsgas,A8wxWpT3aFEr2XqZp1kDmbxbFfcBE95UUmdsNTDBJYbT,100.50026854499993,100.5350944270001,100.50026854499993,1.0,0.040200107417999974,0.9878964409894633,1044.997638794,1840.979146512,2863.6943855690242
WiiQFxXqp8P9Fs1rt9SVcDyA3KUdJmUsog6wnVQAwba,3S2jpqSYxho6wiz3cafhjXruVY8cg4HYa2v3BqBHYFSj,Dfe67M6TfrG74gKRtdqys4e6E9QirPD53BkF4FujFjuv,10582.438236815,10590.429465070001,10565.46904754321,0.9983964764176222,1.056546904754321,1.0,19988.434238195,6831.194922205,26787.577234724245
BUSDTd9WiT6uBHJRgNvFXBsA7JrifsAtWzKfioN7ERcy,DyBxrn7gSc1EwnpWhDyhzvMHPtxpmBqRqotapLcKcfTM,Cds99GeBgoCpqBsoRWu1C6fF9LiUMd4pXQQD24s9LPff,448.32013268000003,446.91983199000003,448.10417335469344,0.9995182921542791,0.04481041733546935,0.9992791899419192,128.19108969,135.94825416,263.97960032736773
BSCNHw8CmxbZ8hCWWzMf5FaG2ajPT6JxfznKUNuRVrn4,7n9kgNL633yGzCYksgnzHyjG73ZLBAwvEae5sbAekbzW,SscdxE99omdG9AiMVwmaEMQySQnCgeAh1sPj2Leutm2,1811.228724255,1793.4108261949996,1821.1877803606355,1.0054985082625232,0.7284751121442542,1.0,3995.546240423,7708.534109001,11726.04989344026
B2izdXFYb2sNwbWWHmh75T4aQFtfXsUxem9u2p61HGzf,4DYwgJtxwuJdAjkj5RJSNH4e7U329V5cNp7d3a1nLrZv,EXNW64GEf1ACC6xY9BtKRiunrs6GoJSXBdxWN2eTPmrF,1591.0088230000092,1574.6675209999994,1588.7052004593434,0.9985520994557892,0.15887052004593435,1.0,10552.699843,29379.27539,39916.69597315443
ALLwa5WNZbvQsRKAqe1jdRGemdYQnW8E5k4msbRFcYtu,CGoM82Hbz7QVqTgvQatYtjvDWBvoUJp5qm21P8iMs9yb,3dxNNww8TivyN5FMy5dCNdi3Zcxv6e4kUfSPxfFwpdNq,3.1252698259999994,3.0366686870000006,9801.693040614706,3136.270973812137,3.9206772162458825,3093.2267613606487,0.86518357,7.793500249,26820.51365248784
GokA1R67GqSavkd15zR62QD68Tuc5AEfvjssntVDEbM8,3YB7hfpBdbQEuZqLGWVDpRPmeZWCUsrrWyqGXegnQ6Cg,4DPCj6Z1DsG6HUtwSogBGqXEUxdEV5a8YVrrFtcnz7UW,91277.14239300003,91160.82047300001,91289.55777285714,1.0001360184985157,9.128955777285713,1.0,14306.382229,18101.044207,32409.372368629978
Lee1XZJfJ9Hm2K1qTyeCz1LXNc1YBZaKZszvNY4KCDw,9DgFSWkPDGijNKcLGbr3p5xoJbHsPgXUTr6QvGBJ5vGN,2hNHZg7XBhuhHVZ3JDEi4buq2fPQwuWBdQ9xkH7t1GQX,548.5563224671496,462.6055446230166,95081.31216888964,173.33008166100137,9.508131216888964,146.14532925373518,6727.125797788,53838.964562146,9034326.46648943
SAMyS8Jr2HJrkFwYVKbpUwsNStnQmvz3f8Tup8bWUWF,6jPzm5TFfquvgm25sTyN3MMGBfufRaFHMxobDWv6hMFW,Cj9ECoDmxsHTDzCY5ZA6RWrPbg9uFzEC1Qc2kso2vJG6,3065.23841573001,143.29168902001078,2990.5460588761493,0.9756324478805438,1.1962184235504598,0.024832367859148427,531.32169362,106792.55260887,3170.286635559438
moFiBS1R4Lf3E3zzmBPnw3NF4RhWPkhREFviuzUaCAU,44ALBrpqi9PfZkBRTvbtRNtFJGsatfY4QydjtMbFWq8S,2ho8qEEie1UjVwWNBo9y4oAJZMyMLx8zPj9bxyUz6uWs,3283.8677813099966,3286.838806099,3278.808488006365,0.9984593492672189,1.3115233952025462,1.0,35893.868746549,28510.744595994,64349.31342735628
SEQV6QiTpvTzrceiaYg9Avnwf7oc8ZALpnQMz6TyT4A,3dFMPj4r9mMmPHF32mz1gNDX7f8ftidWof7S8YiYTs1j,Fc1ED3YPeQfXQosHbd8DTaBd2AV5gHQtwiSAL5C5pUhi,4352.71445762,4359.691531848998,4339.584571484255,0.9969835176960072,1.7358338285937023,0.9991217719624449,4446.450157378,1183.43417112,5615.432365213005
BUSDgu5JdqP1rndBvXvanbEufS94FNh1w5FJcAj6vawb,Bgzr8cWubt89JQFXndVjtdKmDbGzuPxNhvjH1EhWCwbo,Dxaf8xPBBQsasRKW5Aa4Sw2YrbfGofY9xZueyyF23FBW,18299.25264131,18262.856852719997,18310.946377885844,1.0006390280961228,7.3243785511543384,1.0,6819.67660292,8245.9760055,15070.010573375737
heyk4SZTeCUV6a65WiVA5bzic3KcxgVf1qxobfeV4tQ,9ZDpBKPqMABtGfq66FbVribaArMvtk63xxy91onZAtDt,DaTP4s6N7xxSPinbNZ3FB52EpRDRt87QShTuN3VPCW52,22.720581275997233,19.837891231999947,3790.5148922378903,166.83177451284288,1.5162059568951562,146.0802149833308,625.778228186,4473.559449578,757898.2183948383
NorjjEePhxfwLF4vZjUHCrVVKLzQjEEGQFd3wgjEJmh,34M8pFVqgbV7aqHxvRT5tCv3vu2P1JJYT8J3VaxBK2oG,3AZWBSze3ucsY3xSeuLne3b2pauVqiaJ1SZSV5T9WGWw,1.6876850000044215,1.0,1.00034912062172,0.5927344976219492,0.00040013964824868806,1.0,38122.682546,2259.549989,24856.179075904358
SoNcU2iwHMw6dGzsYNQkYFkUjwN1UdAjrWVRnStrZu2,8ivTTid27jZnYNc4w3CTA1Z6QS2twsFb8WMwUabeDJgc,CyXm53PMvHCbeXJBykU46Rcbo28xk5srhMZFg7gv6EYB,3.00156933800001,2.9792054160000045,519.7968203335195,173.175016733036,0.2079187281334078,171.13163359690458,15.546493368,19.134956995,5966.860698504299
KEVpg4SYCVrqFxKijQH6hm4QxsRdoE51ud64bEEFUC9,2bPenuBYfqzD8p5dFjCcggwkHDsc2RQDnx9AoyYGUBjA,AE6n6iLuX8oYu61vt5hoDYkjswpnxFxrhSehxrnQTnbx,4041.471558324999,4034.134066517,4040.2522586763575,0.9996983030485196,1.6161009034705431,1.0,3904.962990037,3738.285554471,7642.070429078262
wrmcMSHFi3sWpAEy4rGDvQb3ezh3PhXoV2xNjgLBkKU,8p4mGnARWPBu6P2Gcw4adodLkNDorrXniZMhaY7eJXUn,AyY89zccbsgp9LKFgH4CFZMJmpSgqmPSdTfukhP227rc,0.0014580200000000043,0.014287449999997648,0.4701773621412461,322.4766204450177,0.00018807094485649847,3132.4395439168024,27.07423114,0.09662211,9033.469477355136
YAkoNb6HKmSxQN9L8hiBE5tPJRsniSSMzND1boHmZxe,CfWX7o2TswwbxusJ4hCaPobu2jLCb1hfXuXJQjVq3jQF,EnTrdMMpdhugeH6Ban6gYZWXughWxKtVGfCwFn78ZmY3,5466794.122486039,5466993.874501,5466794.122486039,1.0,546.679412248604,0.9996381309965793,922549.443458,532935.153758,1455291.7445030217
YakoMPuYrybnr9R7VC7hVGxMz94fJvPFCdZ4gmW61Ed,,,0.6859219999999999,0.6822209999999999,0.0,0.0,0.0,0.9996381309965793,922549.443458,532935.153758,532742.3010450217
BSC8REUo9LpiiWUuqMuLXs2D2yJsJfGd4HdiF3wCLxk5,AZjEH1zWVx1UJ6udMyRijGTzPteuLnaY18yNNmprJEsh,Caf8ypkSVR8xYnXNhjvfvdGCC7mrM3C11rz8Xi6NA6aK,332.8272276020002,332.87479624499974,333.0978192823965,1.0008130094474117,0.1332391277129586,1.0,3059.304578185,3295.381796987,6357.1736186965745
AUSejoEUCh2DBs9mof6BNC8Pubs22w4cJa1ccV9h44R,4xkyD7AfGQDwsQMy9MosRRNGoVJ1zosNinesxg1TzHG7,Cbm5gsQe3nSiCsFrvepVzMCD9xLK3ri9g3ypS2hdmVJ7,2138.063720000002,2136.489517999991,2137.8584855853856,0.9999040092151152,0.21378584855853855,1.0,14511.409838,14365.763639,28875.780515379865
Dg3mAgpwDfVNnbGWcsxL8sUcSkEbjSJQhKAWNigG44Ju,EATxwd8YA2wV93VJcKMmH2Kn2Y9XfJVUB9hHVu3udwEy,GiGvrRi7NMHfHKanG2B8xyCEqe8jaafWins8bhrLVEaa,0.00024874900000004807,0.00024685199999999186,0.04329906992354408,174.06731252602304,1.731962796941763e-05,173.0378631069779,0.206305655,0.253229224,79.72931472196913
7oAd7xG4m3oC2qeWB1szghTebAZyyGPAFDJ4wwwbRSNi,D9yh4KAysxt9GLacVe4Wwh2XqghhcjTCSTV9HuM7TBJd,HDYfJLpZKaMFb84jM4mRytn7XLR8UFZUnQpSfhJJaNEy,0.2061123820000148,9.122061989968643,0.20605291986655846,0.99971150625266,8.242116794662338e-05,0.022629280764992495,951.811203978,300251.526324217,7746.0127017052455
RajgMbScQbqqrdJfR2rxfHJiTiY5b6bJ2tTXiF4aPxy,725ZA3fhyBAKb5iopNRrcbSuQa3LXA1656Q3mBvYPxeg,GLA6i1dSZpUfk2f9Nj8uiG7xyDdAR2reff8oEiZH3617,313935.9801659503,157752.25539503002,313917.5594835598,0.9999413234431404,125.56702379342393,1.0,91440.66656058,92436.38976062,183871.69089772928
SUiuyGR7SFq3xeRVJonq84fjjeFwRSsFekcevJ53tzy,49GjCCPsv7fBqo6t3iKDrP1xxGDS8uWZbVCdfnp2gjMf,CEwj5xEbbJEjYqM8D6Ai8ByGz1mrh8mkAVsE5fzDSSSx,8.617797999999974,17.84692500000001,0.08358816293257015,0.009699480416293165,3.343526517302806e-05,0.94146887974618,619.429247,1.918452,7.814304705842541
BSCrK1Nx9PXU9mF7STWWBqeHLxmtJDr9h7jheEy4tAWX,FfSySSbVJPvEo5a5AvrP3nySoXpRE2QPn1uUMpJJ1x7v,HL7Vcj6838ZmvBHDbQxXfjBNckNi83WvPiZQoMQLFeRM,0.009257585000000068,0.009247319999999948,28.98811052173444,3131.282134782908,0.011595244208693777,3122.2680154864493,0.830007883,0.974284841,5640.967252794482
FrnkTEL6yZ5Aycq2TrEgu29dCrwKG4LPUZydfiwqspkc,DjvZuMZ46fxKBoBpGMPcRcos4xdTtHFxwMh69DpA2ZFY,9rvDPJLAng4uVVqnnSoEXgNDFhBZQTny9AoQioYDZbQX,19.317574675999424,16.12044020200011,3297.117045794449,170.6796583471143,1.3188468183177797,145.43565468514416,173.143941685,1438.401231272,238746.97358162922
AURHmCnNwiW4uA2Qj1XvEh4iKgRUZYXtiY7FKAapUV5Y,BKWm4TRnTeKwfWXRyuzjRHU7iZDkPuXBX5b5V5jSVfGJ,A5Ww74HVrkj9nPeC7pHKLfgeDMEhBCpW1efQdz3TGLEg,11.10656710499984,9.886072028000115,1809.790572166699,162.94779071311658,0.7239162288666795,145.45479933928613,289.932847786,1798.348154235,308822.28691831854
SoN9GaFpSXfpyR5dth3x7PHPVhvJMpQqqDJfCSmPv1t,9kZ9iS68ViMPtoeqtnhAKuF2iqVyfHPdZHoUNdwCELr,BBhm5fJLjw3HRzjtKB8uMEYjGhY6EDm9co3cqpjrSzB9,0.303636628,0.2987542760000006,52.36114554297614,172.44673637653537,0.02094445821719046,170.74039009056924,1.548551659,2.433206934,682.4893807872575
TETFuZgEmET6d9vYmz9iMFCxK1jKdKYxf3oPz8hSzJK,Eu1Ze6Z84LWNkq7SNoAHBJbXx5t1P95EwyqYohrfCRFV,ASMbv7WNu3qe4pkhREmvyEdwFNDZQ6B6iSrjkj4u8bdC,235.62544075799997,235.64978378199996,235.0306334569194,0.9974756236034313,0.09401225338276777,0.999132752770595,277.977163745,74.794713491,352.0052927370078
HEDSDjj84KS7LKhZY7ejkCACTdPen62rKhCby1wXtgxc,EnnjMSFttpCTywBrYNt1J5QQeoSVkvzPipJDa8Y7kJow,6bjVT6JN2rSvpyn9PdfLYC8wJn4LWh49jpY47fnLDXZk,1.5334695689980435,1.4866075800000544,1.4707213288063572,0.9590808702955316,0.000588288531522543,0.999502465663637,39106.963342762,9061.872942785,46564.10478723583
MARpDPs5A7XiyCWPNH8GsMWPLxmwNn9SBmKvPa9LzgA,6YjT74rmcfCpw8LSjPNx5JTmZoYLGrTKnf9arfSgZ4SR,F8GSmi3vA8M8TsybLya1LQ4n1aFHCRbZ6k437PeTdXtg,9594.053199999991,10131.496838999621,9052.351437621295,0.9435377570786561,3.6209405750485177,1.0,297720.24259,14455.656488,295365.94641828194
KZMu9QBEdL97EFgamLbN5DE1AoKBG4HdrKKJo4Vuon3,DD4ACBWyVqdaKWh7v5btsgqQCCMwbKnuL2xd9pv7Gyuw,GcYqiJ1MAuYbNTNYXm1F1gQYTfTgkErACAhNU5dpVj9T,75.92195213999992,77.91315789999999,74.07192001421761,0.9756324478805438,0.029628768005687044,1.0,2179.93535914,913.45305896,3040.2687296191107
MATSnbbiTCv7Dc3trJrkrqjx7ckKdr6fwPoVwv9q3sD,631WX9JizSHJm4w6VanZeJAst9T8DeUUnPLesdGkCVtK,211maUSfpnXbPuW1iBu8b4dtJv5EbN1j7JJiEX5TZKEP,151.90145300000586,151.705748999997,151.95965354731447,1.0003831467452033,0.06078386141892579,0.999820032394169,19595.538213,25959.069619,45557.44400707789
ALBpShJ9NLpE739pcHDF2LNVk5J4VYPvvKuV6jMPitZi,D6d156U1bPiJpDYRLextvDRccgFk7QzkQbJg42ceKEu5,GNcM8U5g8RwTZffwwm3kSQqUNPSwv5d2fbN9sLxPJqt2,14148.495210999994,14151.214740999989,14134.968046579417,0.9990439149733704,5.653987218631767,1.0000630039692502,52002.468016,48308.204962,100263.99780564208
daob129AwBGn9Y5r91uLoWZeYiGzbPmksauMhFZKTze,6VW5GQNyj4LStgmxEHLr5zUfW92vQnmbw8jTnCH7a38F,4VPCCUifPeBA1c7HWK358CHn2nyjm8pdTRk6Ps3KmnMQ,7.819423281000034,6.993485527999972,1275.4377718253013,163.11148865983685,0.5101751087301205,145.77423099355488,48.102851049,224.288481382,40541.60853755809
Sid7E679i9ABqptiAVhkmQ27YHN8vaYT4fppPwmxFsJ,GP7KB8o1bv527HG8kTzzzf4wJ5aEGHvcMQvVhLziUfmT,9gYxhAZ1M9wu5pxr8SBoa5NDm21gi3s9vMHaYTME77sa,1606.4389229999979,3521.782625999991,15.549408675078237,0.00967942724273636,0.006219763470031295,0.02469136107300754,131795.985774,10188.242405,1527.271227105331
MAR3XM1n9xWPQ3HJjAcC85o8DopWFP5p2WxGTaZ3fPB,6qG7GUhER8Cg9gDEgnebph9LdS6eu2eoWcA4R7z9uizK,4QV4CwRXVMY227KkFF9voNAfwWHVvVajXSXDKbUHkWZR,0.5691270000000017,0.01286799999999999,0.5372990180667799,0.944075782851241,0.00021491960722671194,0.024691959776896293,0.117348,24.050399,0.7046368896923342
Lid8SLUxQ9RmF7XMqUA8c24RitTwzja8VSKngJxRcUa,4PgzyzLtds9bKZ2to9PMnKqJzKEUpjvNUaeN23phegax,AtymwxoVN9peZo7EXTcDz9jKVc4vRmisJKKrNfe3ewBa,50.41923911599258,42.69623521799906,8686.619047929527,172.2877853817949,0.8686619047929528,145.7769298095745,970.775215465,7672.119064391,1285670.6743164249
DFWzVTzNBrQZLjoQ4yQwkj9HuoXmfkuZP9V5vbymZe23,DhgiEgiNdqZdRdo195UUHnoEJUtefK8buko8nU97XJUZ,2K2kkXsouBHtWVjtcgkyiXd8eP3oVBvq1bTJzcVdLLr2,0.01926833700053976,0.01960035299998708,0.018957128382996614,0.9838487038329032,7.582851353198646e-06,1.0,45475.925330718,22540.161256191,67281.59144841979
STK75uPSyBnEhGTTzb1nwmP3n427XoXmfRhXxxhyady,6TYyD5fUmDe6N65avW1Ny2RxzRNobw2RRgKwH9CTzSAU,54zDfk4cx2vGrEajPtodWpArNe5eUurytyxd4X3aZAxK,335.7254414209993,378.8437868960075,48954.76896193706,145.81787056330901,4.895476896193706,164.33869943010626,1858.256098925,326.964526132,324699.8722908391
KwnjUuZhTMTSGAaavkLEmSyfobY16JNH4poL9oeeEvE,J63v6qEZmQpDqCD8bd4PXu2Pq5ZbyXrFcSa3Xt1HdAPQ,BnKQtTdLw9qPCDgZkWX3sURkBAoKCUYL1yahh6Mw7mRK,344.3724150000003,15973.892424000369,8.524960578801087,0.024755062274082206,0.0008524960578801088,1.0,274975.859694,632.994699,7440.039229594261
KEN5P7p3asnb23Sw6yAmJRGvijfAzso3RqfyLAQhznt,9zj4aX38Uxf3h6AUjS4EipWS8mwbEofasHAf3a1uKGds,CwQDG1MWunn9cLNwcZLd8YBacweSR7ARo32w4mLua1Yr,57730.07448900142,57736.22605800093,57729.95902908336,0.999998000004,5.7729959029083355,1.0,1123837.826382,1136014.553745,2259850.1324558426
JSoLLrxK5bYdHwTEWYaGgmeycBCNXKDiBCTw5hXGBg7,xG4wXczA7Dk4hccJ61CHKpDHW4NrNfQwgmWgkb9BuF2,BVR6WgfhsRr9Lob4QDnkEAiNGgAbv7ZieKcY9kSg3QYR,2.2655818060000286,1.9277086850000131,388.72346416881953,171.57776564913615,0.15548938566752782,145.8419015450491,17.051159303,164.683535795,26943.359828441182
ercAoEmXjQzEvAFbdjAo81KtMxRGn9AW1ju882upmPH,CMRhskR2Eg6V42RTSdRTXGdozyPbWB8U9dVpijPWb9T4,7TKLLgrWswt6ZJ1pXhVR3FyufHGjJFqiEXxvWJfDcgRm,3.710432988999969,3.773485533999974,541.1366026712357,145.8419015450491,0.2164546410684943,143.42245269891654,304.67485041,788.073115656,157461.73869020824
C98Sspw7XqnMsgxea3SLQVdbMDL8pKUc3RE82UvX9eq2,CSqgQJurPCzGxb4Cgwx5R61hWQUiaoUHcShNc8r1cKEL,6S2CR5EnukPhC914XkAns8m5GixjMAoUuZMsS5ubHuWc,41.380980000000136,41.40410100000008,0.0,0.0,0.0,1.0,901.529956,862.11133,862.11133
vEnkoSUkpnbRrPgBz9DfcVxNz67zjwMYBZraAvDDNSf,DtfyjjsZ5yCjWKLKHvwsfXs5QVsmm1QkK6Sh9JZHoq1g,e5wrKCRv4GhHvEf1VD5Pq2KGaZDXP77nTL612Jyrxwy,2342.0727899999993,2341.5004439999993,2342.065763802708,0.999997000009,0.23420657638027081,0.9998560207330145,856.348386,1090.598903,1946.7876963319202
C2ypsDADXcCRz8HbV2zX1AXPSja7a1P3xZtRC91xGhJh,J9bYNuDpY1d1T86gLaw7DGk5D3CsUAf2tzUwxMvb6FTv,A2NGvvPrMGzsJ4jb52KEnSBVmsA7C34dV1GC7PerdgvG,831.6029887160028,836.1999389189964,121322.62024347342,145.89007241399634,48.52904809738937,145.59134837971388,2233.104440606,1324.951548019,518689.2509619015
KEnkcdADoLR5jS2CLLLesy8TtFsyWL37BhXNfDMzWzP,3qsjFRuw1qeLMPo4DLwaQevenGAGBj9dA3Q6rb8ax2YR,77iEv8zPQAEyCcEbvBRSB6AFcUdfkhiqnAKtPxk76rNN,1.869404999999993,1.8025960000000019,0.01821990289930757,0.009746364698557903,7.287961159723028e-06,0.9992545561011487,116.347999,0.32379,1.4575186629214412
Cob4usZcpHEY7Qt4ZCwj6WVg9S44zvzYV2v9qYF65dTf,NhFM9UXE48PyNAyeyPYA3iXztqKVJwA4bTdLj4ysM8w,6TuFuynuBoeskxyR2cz4wxyidk8dpDK7kAWw3UkjQGx,32.10214400000004,3652.452188999974,0.31292293193688736,0.009747726878830491,0.00012516917277475493,1.0,69983.809806,197.102286,879.2853499289072
parEAJhzYzHW87y9VoZAQ22dzQ2MD2ekEtTReaxbMcz,3oyc6hpjYSJEquK6dSvG72NXyz3pqLZz5D8AC71pwgQb,Di2vordgFJVZ1aj1aBpvzXtLfZgJsuLLXawGtVFwX6Rz,4.164973215000032,4.905851635999852,594.1807877646806,142.6613706961561,0.23767231510587225,168.2194725814876,1102.158183511,140.889157074,180935.69687910346
MATgk4zXLXtYkwBH678J1xZbRDZ45LicNzkRBHkxTuY,y8dALFo1bJrSzPYjMX14HJX448pXqYmrfXHD1K8MXih,GN7Yuet3UyiWS5YVkEHv6oQKi4HGBJc3XDPt9zQhAqZz,429.34888599999795,428.91500399999904,429.8139446881505,1.0010831719920954,0.17192557787526022,1.0,3624.718468,4436.311973,8064.956634523769
KysFMBBoavfov2tLpvefWW6tPFt6rAeZWDJVy1mMQae,B8ka2V21TH3x64dFV8ETcjuQcwmrciJ2qzy1mJUttRew,7fSf7EYxBANyxzk2s5pymFgshA91tFYQNKKs5UnLWcYS,87.44065600000022,116.56423099999665,0.0,0.0,0.0,0.02477107992272513,134581.467928,2553.074018,63.24240054851097
