0,1,2,3,4,5,6,7,8,9,10,11
wrmcMSHFi3sWpAEy4rGDvQb3ezh3PhXoV2xNjgLBkKU,8p4mGnARWPBu6P2Gcw4adodLkNDorrXniZMhaY7eJXUn,AyY89zccbsgp9LKFgH4CFZMJmpSgqmPSdTfukhP227rc,0.005594700000000036,0.03177059999999733,1.8977951153324406,339.2130257801899,0.0007591180461329764,3143.764343424817,27.05179349,0.0989858,9487.508751069125
BSCuChvaSj9b5HUSqgDVRzcnr2sSn7cXaamt1jbKH6hn,GnKpRj5kBVPMJfiwZtEuD9GYApLzPdW5JFuZTcyX4BTc,3dmwD9okkomV9nDwyuh4UMhKdUR13QpuKxRo89ycZB5t,44.76184622200003,44.799822020999954,44.692904868744414,0.9984598188172646,0.017877161947497767,0.99879146233058,1681.385587809,1431.123035586,3108.189418853654
SoN9GaFpSXfpyR5dth3x7PHPVhvJMpQqqDJfCSmPv1t,9kZ9iS68ViMPtoeqtnhAKuF2iqVyfHPdZHoUNdwCELr,BBhm5fJLjw3HRzjtKB8uMEYjGhY6EDm9co3cqpjrSzB9,0.372291248999999,0.3653598000000007,68.5404407311003,184.1043562404565,0.027416176292440125,180.1938489388114,1.538545753,2.443444315,723.5466111900608
C98Sspw7XqnMsgxea3SLQVdbMDL8pKUc3RE82UvX9eq2,CSqgQJurPCzGxb4Cgwx5R61hWQUiaoUHcShNc8r1cKEL,6S2CR5EnukPhC914XkAns8m5GixjMAoUuZMsS5ubHuWc,46.90731800000026,46.91727400000002,0.0,0.0,0.0,1.0,894.50555,869.141742,869.141742
FrnkTEL6yZ5Aycq2TrEgu29dCrwKG4LPUZydfiwqspkc,DjvZuMZ46fxKBoBpGMPcRcos4xdTtHFxwMh69DpA2ZFY,9rvDPJLAng4uVVqnnSoEXgNDFhBZQTny9AoQioYDZbQX,17.978711702000055,15.002546349000085,3306.1786207318974,183.89407848194702,1.3224714482927589,153.99197239847888,173.138498285,1438.410747885,253342.85277785055
KysFMBBoavfov2tLpvefWW6tPFt6rAeZWDJVy1mMQae,B8ka2V21TH3x64dFV8ETcjuQcwmrciJ2qzy1mJUttRew,7fSf7EYxBANyxzk2s5pymFgshA91tFYQNKKs5UnLWcYS,116.0492250000002,155.13128299999516,0.0,0.0,0.0,0.02338038245629622,134581.467928,2553.074018,59.691846980072896
KEVpg4SYCVrqFxKijQH6hm4QxsRdoE51ud64bEEFUC9,2bPenuBYfqzD8p5dFjCcggwkHDsc2RQDnx9AoyYGUBjA,AE6n6iLuX8oYu61vt5hoDYkjswpnxFxrhSehxrnQTnbx,4041.471558324999,4034.134066517,4042.5135121402395,1.0002578154516748,1.617005404856096,1.0,3904.962990037,3738.285554471,7644.25530430505
SoNcU2iwHMw6dGzsYNQkYFkUjwN1UdAjrWVRnStrZu2,8ivTTid27jZnYNc4w3CTA1Z6QS2twsFb8WMwUabeDJgc,CyXm53PMvHCbeXJBykU46Rcbo28xk5srhMZFg7gv6EYB,3.14178090600001,3.1196280490000046,574.3725166071431,182.81749548806422,0.22974900664285727,180.1938489388114,15.736155236,18.944173604,6290.468045526703
KwnjUuZhTMTSGAaavkLEmSyfobY16JNH4poL9oeeEvE,J63v6qEZmQpDqCD8bd4PXu2Pq5ZbyXrFcSa3Xt1HdAPQ,BnKQtTdLw9qPCDgZkWX3sURkBAoKCUYL1yahh6Mw7mRK,589.0839350000097,23488.87255500052,13.77300769916017,0.02338038245629622,0.001377300769916017,1.0,275763.72736,614.04393,7061.505343250598
Cob4usZcpHEY7Qt4ZCwj6WVg9S44zvzYV2v9qYF65dTf,NhFM9UXE48PyNAyeyPYA3iXztqKVJwA4bTdLj4ysM8w,6TuFuynuBoeskxyR2cz4wxyidk8dpDK7kAWw3UkjQGx,229.58505499999202,5805.687070999952,2.149960709157813,0.00936454992315544,0.0008599842836631252,1.0,70518.08886,192.026138,852.3963016149817
RajgMbScQbqqrdJfR2rxfHJiTiY5b6bJ2tTXiF4aPxy,725ZA3fhyBAKb5iopNRrcbSuQa3LXA1656Q3mBvYPxeg,GLA6i1dSZpUfk2f9Nj8uiG7xyDdAR2reff8oEiZH3617,322466.65318499034,166330.81342392997,322521.3979670813,1.000169768816559,129.0085591868325,1.0,91740.11796627,92137.34397291,183893.03655043812
KEnkcdADoLR5jS2CLLLesy8TtFsyWL37BhXNfDMzWzP,3qsjFRuw1qeLMPo4DLwaQevenGAGBj9dA3Q6rb8ax2YR,77iEv8zPQAEyCcEbvBRSB6AFcUdfkhiqnAKtPxk76rNN,1.869404999999993,1.8025960000000019,0.017483592201380974,0.009352490338573523,6.99343688055239e-06,0.9994642871420918,116.347999,0.32379,1.4117600780936
WiiQFxXqp8P9Fs1rt9SVcDyA3KUdJmUsog6wnVQAwba,3S2jpqSYxho6wiz3cafhjXruVY8cg4HYa2v3BqBHYFSj,Dfe67M6TfrG74gKRtdqys4e6E9QirPD53BkF4FujFjuv,9627.573834968,9636.056275690002,9614.802867296681,0.9986735009369719,0.9614802867296681,1.0,19475.963677757,7342.918742205,26793.047572391886
NorjjEePhxfwLF4vZjUHCrVVKLzQjEEGQFd3wgjEJmh,34M8pFVqgbV7aqHxvRT5tCv3vu2P1JJYT8J3VaxBK2oG,3AZWBSze3ucsY3xSeuLne3b2pauVqiaJ1SZSV5T9WGWw,1.6876850000044215,1.0,1.00034912062172,0.5927344976219492,0.00040013964824868806,1.0,38122.682546,2259.549989,24856.179075904358
MATgk4zXLXtYkwBH678J1xZbRDZ45LicNzkRBHkxTuY,y8dALFo1bJrSzPYjMX14HJX448pXqYmrfXHD1K8MXih,GN7Yuet3UyiWS5YVkEHv6oQKi4HGBJc3XDPt9zQhAqZz,1833.3743390000009,1830.8608319999998,1835.3712228905056,1.0010891850333161,0.7341484891562022,1.0,3622.082569,4439.599892,8065.62757912359
BUSDgu5JdqP1rndBvXvanbEufS94FNh1w5FJcAj6vawb,Bgzr8cWubt89JQFXndVjtdKmDbGzuPxNhvjH1EhWCwbo,Dxaf8xPBBQsasRKW5Aa4Sw2YrbfGofY9xZueyyF23FBW,22873.34742047001,22833.196857519994,22901.61373722518,1.0012357752556091,9.160645494890073,1.0,6954.91977629,8112.76931143,15076.283805484287
SUiuyGR7SFq3xeRVJonq84fjjeFwRSsFekcevJ53tzy,49GjCCPsv7fBqo6t3iKDrP1xxGDS8uWZbVCdfnp2gjMf,CEwj5xEbbJEjYqM8D6Ai8ByGz1mrh8mkAVsE5fzDSSSx,8.710097999999974,26.64171499999993,0.08099907807161251,0.00929944508909231,3.2399631228645e-05,0.9491970741949385,628.224037,1.826152,7.575513071164631
C2ypsDADXcCRz8HbV2zX1AXPSja7a1P3xZtRC91xGhJh,J9bYNuDpY1d1T86gLaw7DGk5D3CsUAf2tzUwxMvb6FTv,A2NGvvPrMGzsJ4jb52KEnSBVmsA7C34dV1GC7PerdgvG,942.7346542080036,948.2181769219947,145520.70698946112,154.36019705005313,58.208282795784456,154.95174647662972,2236.752179384,1321.53209105,550039.21269496
BSCrK1Nx9PXU9mF7STWWBqeHLxmtJDr9h7jheEy4tAWX,FfSySSbVJPvEo5a5AvrP3nySoXpRE2QPn1uUMpJJ1x7v,HL7Vcj6838ZmvBHDbQxXfjBNckNi83WvPiZQoMQLFeRM,0.009257585000000068,0.009247319999999948,29.194344406531865,3153.5594225201985,0.011677737762612748,3146.0391367268608,0.830007883,0.974284841,5682.617420306398
Lee1XZJfJ9Hm2K1qTyeCz1LXNc1YBZaKZszvNY4KCDw,9DgFSWkPDGijNKcLGbr3p5xoJbHsPgXUTr6QvGBJ5vGN,2hNHZg7XBhuhHVZ3JDEi4buq2fPQwuWBdQ9xkH7t1GQX,1013.98918051902,854.9803965979972,184911.02302458943,182.35995667127432,18.491102302458945,154.1873110627237,6731.336565637,53834.044360628,9528052.788045943
vEnkoSUkpnbRrPgBz9DfcVxNz67zjwMYBZraAvDDNSf,DtfyjjsZ5yCjWKLKHvwsfXs5QVsmm1QkK6Sh9JZHoq1g,e5wrKCRv4GhHvEf1VD5Pq2KGaZDXP77nTL612Jyrxwy,2562.228656999999,2561.36762,2549.179407612431,0.9949070707050607,0.2549179407612431,0.9977022916223937,816.021322,1131.055091,1940.3216393457662
MATSnbbiTCv7Dc3trJrkrqjx7ckKdr6fwPoVwv9q3sD,631WX9JizSHJm4w6VanZeJAst9T8DeUUnPLesdGkCVtK,211maUSfpnXbPuW1iBu8b4dtJv5EbN1j7JJiEX5TZKEP,147.47265000000334,147.2890750000006,147.5545427712414,1.0005553081960488,0.059021817108496556,0.9994023573902805,19601.528081,25953.076773,45549.979078665594
MARpDPs5A7XiyCWPNH8GsMWPLxmwNn9SBmKvPa9LzgA,6YjT74rmcfCpw8LSjPNx5JTmZoYLGrTKnf9arfSgZ4SR,F8GSmi3vA8M8TsybLya1LQ4n1aFHCRbZ6k437PeTdXtg,12371.385873,13053.783553999849,11741.757604949778,0.9491060844343755,4.696703041979911,1.0,296944.580661,15193.192697,297025.10094216926
Lid8SLUxQ9RmF7XMqUA8c24RitTwzja8VSKngJxRcUa,4PgzyzLtds9bKZ2to9PMnKqJzKEUpjvNUaeN23phegax,AtymwxoVN9peZo7EXTcDz9jKVc4vRmisJKKrNfe3ewBa,82.19403971899601,69.58111317399948,14959.087880639663,181.99723400603756,1.4959087880639663,154.08315744740912,972.54688884,7670.030234231,1358823.3199174607
DFWzVTzNBrQZLjoQ4yQwkj9HuoXmfkuZP9V5vbymZe23,DhgiEgiNdqZdRdo195UUHnoEJUtefK8buko8nU97XJUZ,2K2kkXsouBHtWVjtcgkyiXd8eP3oVBvq1bTJzcVdLLr2,0.02420994500062079,0.01960035299998708,0.023818923079029292,0.9838487067367782,9.527569231611717e-06,1.0,45475.925330718,22540.163726995,67281.59405128019
parEAJhzYzHW87y9VoZAQ22dzQ2MD2ekEtTReaxbMcz,3oyc6hpjYSJEquK6dSvG72NXyz3pqLZz5D8AC71pwgQb,Di2vordgFJVZ1aj1aBpvzXtLfZgJsuLLXawGtVFwX6Rz,5.113631217000034,6.014296237000053,764.0605675971974,149.4164391552353,0.305624227038879,173.43274035523186,1100.326656452,142.446801196,189111.83000090296
BSC8REUo9LpiiWUuqMuLXs2D2yJsJfGd4HdiF3wCLxk5,AZjEH1zWVx1UJ6udMyRijGTzPteuLnaY18yNNmprJEsh,Caf8ypkSVR8xYnXNhjvfvdGCC7mrM3C11rz8Xi6NA6aK,1096.9699159290003,1098.5467300000005,1095.8904375466464,0.9990159453174796,0.4383561750186586,1.0,3503.484131262,2851.805360483,6351.841871780496
SERgf3DMJpQxUifu7VoFKmfne73d2fDJxSrxUMrcNJB,AJfM2GZ2tTB8UtN2krcyR9xufRJEx2mhSCbJyMgPo3GU,F4yRYkufQvERZcEKnKjJwRLU1btiMBUuEwq46hfm11QD,0.5597760450000031,0.5601771219999989,86.12372422428068,153.8538938805075,0.03444948968971227,154.00904803157187,29.284858487,27.960064812,8811.692474561747
JSoLLrxK5bYdHwTEWYaGgmeycBCNXKDiBCTw5hXGBg7,xG4wXczA7Dk4hccJ61CHKpDHW4NrNfQwgmWgkb9BuF2,BVR6WgfhsRr9Lob4QDnkEAiNGgAbv7ZieKcY9kSg3QYR,1.4365396520000289,1.2239309170000219,258.9687239675165,180.27259018361664,0.10358748958700659,154.05972803219973,17.065941396,164.666387148,28444.980279444517
SAMyS8Jr2HJrkFwYVKbpUwsNStnQmvz3f8Tup8bWUWF,6jPzm5TFfquvgm25sTyN3MMGBfufRaFHMxobDWv6hMFW,Cj9ECoDmxsHTDzCY5ZA6RWrPbg9uFzEC1Qc2kso2vJG6,5014.178856190003,115.45833216999989,4866.816093676134,0.9706107885776852,1.946726437470454,0.023104647231776763,509.75681373,107666.68698505,2982.376284361034
MAR3XM1n9xWPQ3HJjAcC85o8DopWFP5p2WxGTaZ3fPB,6qG7GUhER8Cg9gDEgnebph9LdS6eu2eoWcA4R7z9uizK,4QV4CwRXVMY227KkFF9voNAfwWHVvVajXSXDKbUHkWZR,0.5691270000000017,0.01286799999999999,0.5402188109864925,0.9492060840313162,0.000216087524394597,0.023060804284291567,0.117348,24.050399,0.6660089798470284
ALBpShJ9NLpE739pcHDF2LNVk5J4VYPvvKuV6jMPitZi,D6d156U1bPiJpDYRLextvDRccgFk7QzkQbJg42ceKEu5,GNcM8U5g8RwTZffwwm3kSQqUNPSwv5d2fbN9sLxPJqt2,5827.569915999986,5831.216330000003,5812.816986488279,0.9974684251370024,2.325126794595312,0.9998270299238232,52446.128694,47864.965997,100170.04418312202
ionytDfEj1mXodptgrsKEZro7DGsfpzANUfarJdm6Qb,3gkSjY95an9xNFSjCfsay6JZez7uv7yfW3Ad4ubc4fMK,9wXqANaSuEqkKL9yHzCPEDGHwbkStVAqV5rB3QDs3Jr6,9.340400000001914e-05,0.00035006600000020427,0.07873622807240989,842.9641993104552,3.149449122896396e-05,3144.654088050315,3.152465045,0.084125576,2921.9610089906105
BUSDTd9WiT6uBHJRgNvFXBsA7JrifsAtWzKfioN7ERcy,DyBxrn7gSc1EwnpWhDyhzvMHPtxpmBqRqotapLcKcfTM,Cds99GeBgoCpqBsoRWu1C6fF9LiUMd4pXQQD24s9LPff,749.3023067099998,751.4707508899999,748.5318354064975,0.998971748389665,0.07485318354064975,0.9998488128610072,139.29741573,124.89274577,264.0280465310462
STK75uPSyBnEhGTTzb1nwmP3n427XoXmfRhXxxhyady,6TYyD5fUmDe6N65avW1Ny2RxzRNobw2RRgKwH9CTzSAU,54zDfk4cx2vGrEajPtodWpArNe5eUurytyxd4X3aZAxK,498.8806549580004,562.1522670240048,76857.0154439447,154.05892106683336,7.685701544394472,173.65648489752965,1850.635210405,325.664846256,341660.6762587978
AURHmCnNwiW4uA2Qj1XvEh4iKgRUZYXtiY7FKAapUV5Y,BKWm4TRnTeKwfWXRyuzjRHU7iZDkPuXBX5b5V5jSVfGJ,A5Ww74HVrkj9nPeC7pHKLfgeDMEhBCpW1efQdz3TGLEg,0.011816648999911195,0.01055821100015919,2.0366260598864088,172.3522514633137,0.0008146504239545635,154.09353323373753,289.939482112,1798.340729509,327084.3994982893
B2izdXFYb2sNwbWWHmh75T4aQFtfXsUxem9u2p61HGzf,4DYwgJtxwuJdAjkj5RJSNH4e7U329V5cNp7d3a1nLrZv,EXNW64GEf1ACC6xY9BtKRiunrs6GoJSXBdxWN2eTPmrF,3166.7462310000155,3132.1886359999935,3201.3722735103033,1.010934265010352,0.32013722735103034,1.0,10028.165129,29909.757681,40047.573425088056
RoBgmK8CvjdHvPrqdDyVw54VwjZv2TqJ493xnqJAQHx,ExiHJxM7qPAcy27NDHAF6G7vnW7muNHi2sVJpnaNynGQ,6rkPHSqZb7StM4HwS9EuVrmfkV7tRdc7dnsFhyB6cefE,26.99921899999943,130.77019600000028,0.0,0.0,0.0,0.9499202067026369,6231.216657,19.564938,18.585129949084276
daob129AwBGn9Y5r91uLoWZeYiGzbPmksauMhFZKTze,6VW5GQNyj4LStgmxEHLr5zUfW92vQnmbw8jTnCH7a38F,4VPCCUifPeBA1c7HWK358CHn2nyjm8pdTRk6Ps3KmnMQ,11.695351285000022,10.459720765999997,1966.5032393783888,168.1440079444681,0.7866012957513555,154.0488109819549,48.466999811,223.884174864,42638.52653674059
BSCNHw8CmxbZ8hCWWzMf5FaG2ajPT6JxfznKUNuRVrn4,7n9kgNL633yGzCYksgnzHyjG73ZLBAwvEae5sbAekbzW,SscdxE99omdG9AiMVwmaEMQySQnCgeAh1sPj2Leutm2,252.15901910699995,251.14547096099977,253.44117573406803,1.0050847145250197,0.10137647029362722,1.0,4127.41938524,7576.088494127,11724.494628665978
KZMu9QBEdL97EFgamLbN5DE1AoKBG4HdrKKJo4Vuon3,DD4ACBWyVqdaKWh7v5btsgqQCCMwbKnuL2xd9pv7Gyuw,GcYqiJ1MAuYbNTNYXm1F1gQYTfTgkErACAhNU5dpVj9T,130.5010369399996,133.60825178999983,126.66571437453865,0.9706107885776852,0.050666285749815465,1.0,2186.82619586,906.73717636,3029.294274806014
2jQoGQRixdcfuRPt9Zui7pk6ivnrQv79mf8h13Tyoa9K,,,0.000480192999999999,0.0004307499999999997,0.0,0.0,0.0,1.0,2186.82619586,906.73717636,906.73717636
Sid7E679i9ABqptiAVhkmQ27YHN8vaYT4fppPwmxFsJ,GP7KB8o1bv527HG8kTzzzf4wJ5aEGHvcMQvVhLziUfmT,9gYxhAZ1M9wu5pxr8SBoa5NDm21gi3s9vMHaYTME77sa,2413.476064999999,5941.864945999885,22.38217481129487,0.009273833345968931,0.008952869924517947,0.022093835923618337,131159.88021,10440.547483,1447.0266137869369
moFiBS1R4Lf3E3zzmBPnw3NF4RhWPkhREFviuzUaCAU,44ALBrpqi9PfZkBRTvbtRNtFJGsatfY4QydjtMbFWq8S,2ho8qEEie1UjVwWNBo9y4oAJZMyMLx8zPj9bxyUz6uWs,4703.626790754999,4707.528034215997,4703.168335312009,0.9999025315010343,1.8812673341248038,1.0,33804.687968384,30599.025833994,64400.418910183726
HEDSDjj84KS7LKhZY7ejkCACTdPen62rKhCby1wXtgxc,EnnjMSFttpCTywBrYNt1J5QQeoSVkvzPipJDa8Y7kJow,6bjVT6JN2rSvpyn9PdfLYC8wJn4LWh49jpY47fnLDXZk,4.594857245001549,4.742243429996961,4.450954770504702,0.9686818399737251,0.001780381908201881,1.0,39102.240367669,9066.447907981,46944.07805442948
GokA1R67GqSavkd15zR62QD68Tuc5AEfvjssntVDEbM8,3YB7hfpBdbQEuZqLGWVDpRPmeZWCUsrrWyqGXegnQ6Cg,4DPCj6Z1DsG6HUtwSogBGqXEUxdEV5a8YVrrFtcnz7UW,79092.90665300001,79046.85915199999,79102.71538970835,1.000124015377907,7.910271538970834,1.0,15394.241229,17020.048842,32416.199193643602
SEQV6QiTpvTzrceiaYg9Avnwf7oc8ZALpnQMz6TyT4A,3dFMPj4r9mMmPHF32mz1gNDX7f8ftidWof7S8YiYTs1j,Fc1ED3YPeQfXQosHbd8DTaBd2AV5gHQtwiSAL5C5pUhi,814.9033492709998,818.4412333619985,808.2319890600529,0.9918133110915363,0.3232927956240212,0.9968708224882095,4485.536331255,1144.469690018,5589.703081924474
ALLwa5WNZbvQsRKAqe1jdRGemdYQnW8E5k4msbRFcYtu,CGoM82Hbz7QVqTgvQatYtjvDWBvoUJp5qm21P8iMs9yb,3dxNNww8TivyN5FMy5dCNdi3Zcxv6e4kUfSPxfFwpdNq,3.213253981000003,3.119979077,10103.301411772112,3144.258583825934,4.041320564708846,3107.3753554060563,0.944087788,7.71377834,26938.06084208528
KEN5P7p3asnb23Sw6yAmJRGvijfAzso3RqfyLAQhznt,9zj4aX38Uxf3h6AUjS4EipWS8mwbEofasHAf3a1uKGds,CwQDG1MWunn9cLNwcZLd8YBacweSR7ARo32w4mLua1Yr,107996.88450600114,108000.27225500089,107771.104043031,0.9979093798492159,10.777110404303098,1.0,1125297.792679,1129156.802417,2252102.0248549925
AUSejoEUCh2DBs9mof6BNC8Pubs22w4cJa1ccV9h44R,4xkyD7AfGQDwsQMy9MosRRNGoVJ1zosNinesxg1TzHG7,Cbm5gsQe3nSiCsFrvepVzMCD9xLK3ri9g3ypS2hdmVJ7,2184.112715000001,2182.6024779999916,2185.0850778596487,1.0004451981131603,0.21850850778596487,1.0,14280.655286,14596.568573,28883.58157978802
heyk4SZTeCUV6a65WiVA5bzic3KcxgVf1qxobfeV4tQ,9ZDpBKPqMABtGfq66FbVribaArMvtk63xxy91onZAtDt,DaTP4s6N7xxSPinbNZ3FB52EpRDRt87QShTuN3VPCW52,59.62152422099632,51.95485387000042,10453.484885877464,175.33072195756048,4.181393954350986,153.24402271689394,632.636515395,4465.682109094,795259.7075533485
YAkoNb6HKmSxQN9L8hiBE5tPJRsniSSMzND1boHmZxe,CfWX7o2TswwbxusJ4hCaPobu2jLCb1hfXuXJQjVq3jQF,EnTrdMMpdhugeH6Ban6gYZWXughWxKtVGfCwFn78ZmY3,6056646.863321016,6057097.612839986,6056646.863321016,1.0,605.6646863321016,0.999709084656365,864108.998708,596898.798026,1460834.149715057
TETFuZgEmET6d9vYmz9iMFCxK1jKdKYxf3oPz8hSzJK,Eu1Ze6Z84LWNkq7SNoAHBJbXx5t1P95EwyqYohrfCRFV,ASMbv7WNu3qe4pkhREmvyEdwFNDZQ6B6iSrjkj4u8bdC,58.38203487299998,58.49676582599997,57.85329079636216,0.9909433770544652,0.023141316318544863,0.9991666949763897,277.977163745,74.794713491,350.1920160660008
