0,1,2,3,4,5,6,7,8,9,10,11
MATSnbbiTCv7Dc3trJrkrqjx7ckKdr6fwPoVwv9q3sD,631WX9JizSHJm4w6VanZeJAst9T8DeUUnPLesdGkCVtK,211maUSfpnXbPuW1iBu8b4dtJv5EbN1j7JJiEX5TZKEP,202.1965049999999,201.95832300000257,202.48099079206276,1.0014069768024074,0.08099239631682509,0.9980249087056715,19614.744088,25939.829721,45530.93776705866
Sid7E679i9ABqptiAVhkmQ27YHN8vaYT4fppPwmxFsJ,GP7KB8o1bv527HG8kTzzzf4wJ5aEGHvcMQvVhLziUfmT,9gYxhAZ1M9wu5pxr8SBoa5NDm21gi3s9vMHaYTME77sa,525.6712790000001,1220.3656190000183,4.620630631789164,0.008789962123437913,0.001848252252715666,0.021117500985342597,130380.536236,10757.79729,1373.2177700196553
Lid8SLUxQ9RmF7XMqUA8c24RitTwzja8VSKngJxRcUa,4PgzyzLtds9bKZ2to9PMnKqJzKEUpjvNUaeN23phegax,AtymwxoVN9peZo7EXTcDz9jKVc4vRmisJKKrNfe3ewBa,53.35275919999583,45.18878388900032,9171.255214323097,171.8984238461619,0.9171255214323097,145.47458391723194,971.143687839,7671.682679825,1282972.91506025
heyk4SZTeCUV6a65WiVA5bzic3KcxgVf1qxobfeV4tQ,9ZDpBKPqMABtGfq66FbVribaArMvtk63xxy91onZAtDt,DaTP4s6N7xxSPinbNZ3FB52EpRDRt87QShTuN3VPCW52,28.484885934998943,24.95722454099996,4758.2409580529675,167.04440975860078,1.903296383221187,145.49367531718713,624.5498239,4474.973969305,755407.9664411393
JSoLLrxK5bYdHwTEWYaGgmeycBCNXKDiBCTw5hXGBg7,xG4wXczA7Dk4hccJ61CHKpDHW4NrNfQwgmWgkb9BuF2,BVR6WgfhsRr9Lob4QDnkEAiNGgAbv7ZieKcY9kSg3QYR,2.153608184000106,1.836409147000012,366.744709290037,170.2931443215666,0.1466978837160148,145.4450465707767,17.151146545,164.565861143,26856.01201177163
BUSDgu5JdqP1rndBvXvanbEufS94FNh1w5FJcAj6vawb,Bgzr8cWubt89JQFXndVjtdKmDbGzuPxNhvjH1EhWCwbo,Dxaf8xPBBQsasRKW5Aa4Sw2YrbfGofY9xZueyyF23FBW,16958.023207009992,16922.77229795,16969.990953730292,1.0007057277003462,6.787996381492118,0.9999677610393842,6894.16854075,8171.05143384,15069.821954094696
TETFuZgEmET6d9vYmz9iMFCxK1jKdKYxf3oPz8hSzJK,Eu1Ze6Z84LWNkq7SNoAHBJbXx5t1P95EwyqYohrfCRFV,ASMbv7WNu3qe4pkhREmvyEdwFNDZQ6B6iSrjkj4u8bdC,235.60044404499993,235.61525377799992,234.7219378081028,0.9962712029662842,0.09388877512324113,0.9979243174197668,279.454143265,73.321021491,351.5809458084601
MATgk4zXLXtYkwBH678J1xZbRDZ45LicNzkRBHkxTuY,y8dALFo1bJrSzPYjMX14HJX448pXqYmrfXHD1K8MXih,GN7Yuet3UyiWS5YVkEHv6oQKi4HGBJc3XDPt9zQhAqZz,220.6652529999974,220.32932299999902,220.98789532717507,1.0014621347166863,0.08839515813087002,1.0,3416.131621,4644.996772,8066.123237639835
C2ypsDADXcCRz8HbV2zX1AXPSja7a1P3xZtRC91xGhJh,J9bYNuDpY1d1T86gLaw7DGk5D3CsUAf2tzUwxMvb6FTv,A2NGvvPrMGzsJ4jb52KEnSBVmsA7C34dV1GC7PerdgvG,615.0894365780014,618.3344086849963,89461.71174828021,145.4450465707767,35.78468469931208,146.21824066703593,2118.45958353,1254.815464162,491596.3623163868
NorjjEePhxfwLF4vZjUHCrVVKLzQjEEGQFd3wgjEJmh,34M8pFVqgbV7aqHxvRT5tCv3vu2P1JJYT8J3VaxBK2oG,3AZWBSze3ucsY3xSeuLne3b2pauVqiaJ1SZSV5T9WGWw,1.6876850000044215,1.0,1.00034912062172,0.5927344976219492,0.00040013964824868806,1.0,38122.682546,2259.549989,24856.179075904358
C98Sspw7XqnMsgxea3SLQVdbMDL8pKUc3RE82UvX9eq2,CSqgQJurPCzGxb4Cgwx5R61hWQUiaoUHcShNc8r1cKEL,6S2CR5EnukPhC914XkAns8m5GixjMAoUuZMsS5ubHuWc,39.1145019999999,39.138537000000156,0.0,0.0,0.0,1.0,900.106715,863.532229,863.532229
YakoMPuYrybnr9R7VC7hVGxMz94fJvPFCdZ4gmW61Ed,,,0.797196,0.793074,0.0,0.0,0.0,1.0,900.106715,863.532229,863.532229
RoBgmK8CvjdHvPrqdDyVw54VwjZv2TqJ493xnqJAQHx,ExiHJxM7qPAcy27NDHAF6G7vnW7muNHi2sVJpnaNynGQ,6rkPHSqZb7StM4HwS9EuVrmfkV7tRdc7dnsFhyB6cefE,2.007096000000157,24.766212999999432,0.0,0.0,0.0,0.942087968406138,6328.723831,17.920173,16.882379375056527
parEAJhzYzHW87y9VoZAQ22dzQ2MD2ekEtTReaxbMcz,3oyc6hpjYSJEquK6dSvG72NXyz3pqLZz5D8AC71pwgQb,Di2vordgFJVZ1aj1aBpvzXtLfZgJsuLLXawGtVFwX6Rz,5.205470797000061,6.1320314339996,739.976436192089,142.15360436150004,0.2959905744768356,166.11488837910076,1102.158183511,140.889157074,180079.54496378536
B2izdXFYb2sNwbWWHmh75T4aQFtfXsUxem9u2p61HGzf,4DYwgJtxwuJdAjkj5RJSNH4e7U329V5cNp7d3a1nLrZv,EXNW64GEf1ACC6xY9BtKRiunrs6GoJSXBdxWN2eTPmrF,1936.122441000014,1916.231974000004,1954.3901255030914,1.0094351907277321,0.19543901255030915,1.0,10663.622876,29267.205661,40031.44185268367
AUSejoEUCh2DBs9mof6BNC8Pubs22w4cJa1ccV9h44R,4xkyD7AfGQDwsQMy9MosRRNGoVJ1zosNinesxg1TzHG7,Cbm5gsQe3nSiCsFrvepVzMCD9xLK3ri9g3ypS2hdmVJ7,2197.5398360000017,2195.8828059999905,2197.1597273671673,0.9998270299238232,0.21971597273671672,1.0,14529.327327,14347.848338,28874.662526145454
KysFMBBoavfov2tLpvefWW6tPFt6rAeZWDJVy1mMQae,B8ka2V21TH3x64dFV8ETcjuQcwmrciJ2qzy1mJUttRew,7fSf7EYxBANyxzk2s5pymFgshA91tFYQNKKs5UnLWcYS,19.910472000000027,26.36818299998413,0.0,0.0,0.0,0.021070457185726494,134451.078315,2650.443036,55.84604651324495
ACUSESXyNnwRLAg1dpSGMLSzUDdLjUMybY8rkXiAKhCP,AhFPQdu8GKBsxuhiH46UmCu1YpaLgNpoP325HnYtsgas,A8wxWpT3aFEr2XqZp1kDmbxbFfcBE95UUmdsNTDBJYbT,100.50026854499993,100.5350944270001,100.50026854499993,1.0,0.040200107417999974,0.9878964409894633,1044.997638794,1840.979146512,2863.6943855690242
ALLwa5WNZbvQsRKAqe1jdRGemdYQnW8E5k4msbRFcYtu,CGoM82Hbz7QVqTgvQatYtjvDWBvoUJp5qm21P8iMs9yb,3dxNNww8TivyN5FMy5dCNdi3Zcxv6e4kUfSPxfFwpdNq,1.0864382499999998,1.0739998650000007,3402.456077166389,3131.752842065704,1.360982430866556,3087.687229634387,0.86317529,7.794613622,26770.580608242024
KwnjUuZhTMTSGAaavkLEmSyfobY16JNH4poL9oeeEvE,J63v6qEZmQpDqCD8bd4PXu2Pq5ZbyXrFcSa3Xt1HdAPQ,BnKQtTdLw9qPCDgZkWX3sURkBAoKCUYL1yahh6Mw7mRK,89.4218510000004,4648.337333999923,1.8850866968041082,0.02108082840741129,0.00018850866968041086,1.0,277283.565814,580.158003,6425.525274120069
Dg3mAgpwDfVNnbGWcsxL8sUcSkEbjSJQhKAWNigG44Ju,EATxwd8YA2wV93VJcKMmH2Kn2Y9XfJVUB9hHVu3udwEy,GiGvrRi7NMHfHKanG2B8xyCEqe8jaafWins8bhrLVEaa,0.03068369400000004,0.03027571000000001,5.293675457745155,172.52405977406593,0.002117470183098062,172.2275794567632,0.206305655,0.253229224,79.20574545218231
moFiBS1R4Lf3E3zzmBPnw3NF4RhWPkhREFviuzUaCAU,44ALBrpqi9PfZkBRTvbtRNtFJGsatfY4QydjtMbFWq8S,2ho8qEEie1UjVwWNBo9y4oAJZMyMLx8zPj9bxyUz6uWs,3283.8677813099966,3286.838806099,3278.746402380703,0.9984404430170905,1.3114985609522813,1.0,35893.868746549,28510.744595994,64348.63480889568
SoN9GaFpSXfpyR5dth3x7PHPVhvJMpQqqDJfCSmPv1t,9kZ9iS68ViMPtoeqtnhAKuF2iqVyfHPdZHoUNdwCELr,BBhm5fJLjw3HRzjtKB8uMEYjGhY6EDm9co3cqpjrSzB9,0.153036261,0.15084014400000023,26.554199722860663,173.515737703894,0.010621679889144267,170.10928160468848,1.547893497,2.433829443,682.6008601160843
iLiUBQ7Z7im6Ew3b4ewwPcehzWgEQRJ1iQz7g6D62NW,GpugBvKWM3TVhYcZjemSdtehBWgfvuGr6uAm9iPjXT6v,92fMXJ3xy8tEyMUWLHKRLyhPw2nECBo77GtDiBBbYrjX,0.0011553950000688928,0.0011553950000688928,0.0011347363988316046,0.9821198800098179,4.5389455953264186e-07,1.0,1805.840138149,1156.638795719,2930.190295514809
wrmcMSHFi3sWpAEy4rGDvQb3ezh3PhXoV2xNjgLBkKU,8p4mGnARWPBu6P2Gcw4adodLkNDorrXniZMhaY7eJXUn,AyY89zccbsgp9LKFgH4CFZMJmpSgqmPSdTfukhP227rc,0.0022352599999979073,0.014366809999997648,0.720586718245618,322.3726627981947,0.00028823468729824724,3128.6174639426836,27.07423114,0.09662211,9030.285606564594
Lee1XZJfJ9Hm2K1qTyeCz1LXNc1YBZaKZszvNY4KCDw,9DgFSWkPDGijNKcLGbr3p5xoJbHsPgXUTr6QvGBJ5vGN,2hNHZg7XBhuhHVZ3JDEi4buq2fPQwuWBdQ9xkH7t1GQX,562.2028248390889,475.44525254500604,96741.00845526085,172.07492417518466,9.674100845526084,145.16994900760372,6728.901835546,53836.844647586,8973367.26535418
BSCuChvaSj9b5HUSqgDVRzcnr2sSn7cXaamt1jbKH6hn,GnKpRj5kBVPMJfiwZtEuD9GYApLzPdW5JFuZTcyX4BTc,3dmwD9okkomV9nDwyuh4UMhKdUR13QpuKxRo89ycZB5t,91.09795604100032,91.21481303999985,91.04566187105445,0.9994259567149637,0.03641826474842178,0.9999470028088511,1681.385587809,1431.123035586,3111.467589787687
Cob4usZcpHEY7Qt4ZCwj6WVg9S44zvzYV2v9qYF65dTf,NhFM9UXE48PyNAyeyPYA3iXztqKVJwA4bTdLj4ysM8w,6TuFuynuBoeskxyR2cz4wxyidk8dpDK7kAWw3UkjQGx,10.828444999997885,1221.6218469999644,0.09498176053227848,0.008771505099051344,3.799270421291139e-05,1.0,71276.664672,185.137767,810.3413946138207
WiiQFxXqp8P9Fs1rt9SVcDyA3KUdJmUsog6wnVQAwba,3S2jpqSYxho6wiz3cafhjXruVY8cg4HYa2v3BqBHYFSj,Dfe67M6TfrG74gKRtdqys4e6E9QirPD53BkF4FujFjuv,11588.956533276,11596.367700728004,11566.467284178474,0.9980594241567003,1.1566467284178474,1.0,20515.15531805,6305.402053205,26780.74615642325
KZMu9QBEdL97EFgamLbN5DE1AoKBG4HdrKKJo4Vuon3,DD4ACBWyVqdaKWh7v5btsgqQCCMwbKnuL2xd9pv7Gyuw,GcYqiJ1MAuYbNTNYXm1F1gQYTfTgkErACAhNU5dpVj9T,23.866833670000005,24.54854671999965,23.26243807625363,0.9746763394716207,0.009304975230501453,1.0,2228.14025284,866.38630792,3038.1018933874625
AURHmCnNwiW4uA2Qj1XvEh4iKgRUZYXtiY7FKAapUV5Y,BKWm4TRnTeKwfWXRyuzjRHU7iZDkPuXBX5b5V5jSVfGJ,A5Ww74HVrkj9nPeC7pHKLfgeDMEhBCpW1efQdz3TGLEg,11.107128845999569,9.886573236000118,1801.4495192891807,162.18858575121374,0.7205798077156723,145.16832630355714,289.932847786,1798.348154233,308086.99020632915
RajgMbScQbqqrdJfR2rxfHJiTiY5b6bJ2tTXiF4aPxy,725ZA3fhyBAKb5iopNRrcbSuQa3LXA1656Q3mBvYPxeg,GLA6i1dSZpUfk2f9Nj8uiG7xyDdAR2reff8oEiZH3617,301716.4519729702,145534.15617167,301985.08884845715,1.0008903620393594,120.79403553938286,1.0,69945.30917115,113930.57277339,183938.15859265724
SUiuyGR7SFq3xeRVJonq84fjjeFwRSsFekcevJ53tzy,49GjCCPsv7fBqo6t3iKDrP1xxGDS8uWZbVCdfnp2gjMf,CEwj5xEbbJEjYqM8D6Ai8ByGz1mrh8mkAVsE5fzDSSSx,0.0068430000000001545,0.7833500000000413,6.000068076178045e-05,0.008768183656551088,2.4000272304712182e-08,0.9432244883714569,637.200001,1.73884,7.227203104082362
YAkoNb6HKmSxQN9L8hiBE5tPJRsniSSMzND1boHmZxe,CfWX7o2TswwbxusJ4hCaPobu2jLCb1hfXuXJQjVq3jQF,EnTrdMMpdhugeH6Ban6gYZWXughWxKtVGfCwFn78ZmY3,5939012.105903034,5939171.536913995,5939012.105903034,1.0,593.9012105903034,0.9997900440907409,823921.067257,631473.999675,1455262.4852342247
SAMyS8Jr2HJrkFwYVKbpUwsNStnQmvz3f8Tup8bWUWF,6jPzm5TFfquvgm25sTyN3MMGBfufRaFHMxobDWv6hMFW,Cj9ECoDmxsHTDzCY5ZA6RWrPbg9uFzEC1Qc2kso2vJG6,845.0313053300051,93.30767430999884,823.6320194179748,0.9746763394716207,0.32945280776718994,0.021072460937705744,479.60020611,108994.41915951,2764.2356134678303
BUSDTd9WiT6uBHJRgNvFXBsA7JrifsAtWzKfioN7ERcy,DyBxrn7gSc1EwnpWhDyhzvMHPtxpmBqRqotapLcKcfTM,Cds99GeBgoCpqBsoRWu1C6fF9LiUMd4pXQQD24s9LPff,308.51329615000003,307.85079966,308.89641110179724,1.0012418101799119,0.03088964111017973,0.9969145494693922,122.31415123,141.82864953,263.85708643619694
BSCrK1Nx9PXU9mF7STWWBqeHLxmtJDr9h7jheEy4tAWX,FfSySSbVJPvEo5a5AvrP3nySoXpRE2QPn1uUMpJJ1x7v,HL7Vcj6838ZmvBHDbQxXfjBNckNi83WvPiZQoMQLFeRM,0.009257585000000068,0.009247319999999948,29.034386182801473,3136.2808100386073,0.01161375447312059,3129.400719762166,0.830007883,0.974284841,5652.065478312437
SEQV6QiTpvTzrceiaYg9Avnwf7oc8ZALpnQMz6TyT4A,3dFMPj4r9mMmPHF32mz1gNDX7f8ftidWof7S8YiYTs1j,Fc1ED3YPeQfXQosHbd8DTaBd2AV5gHQtwiSAL5C5pUhi,4352.71445762,4359.691531848998,4301.868416326518,0.9883185442581769,1.7207473665306074,0.9990279458087282,4446.450157378,1183.43417112,5576.792955630235
STK75uPSyBnEhGTTzb1nwmP3n427XoXmfRhXxxhyady,6TYyD5fUmDe6N65avW1Ny2RxzRNobw2RRgKwH9CTzSAU,54zDfk4cx2vGrEajPtodWpArNe5eUurytyxd4X3aZAxK,327.1218989219996,369.27773421300367,47437.86670663298,145.01586981171283,4.743786670663298,163.462582107255,1829.939469292,322.085618893,318019.21076602663
daob129AwBGn9Y5r91uLoWZeYiGzbPmksauMhFZKTze,6VW5GQNyj4LStgmxEHLr5zUfW92vQnmbw8jTnCH7a38F,4VPCCUifPeBA1c7HWK358CHn2nyjm8pdTRk6Ps3KmnMQ,8.586422642999942,7.69331558999999,1391.3819656216165,162.0444303141701,0.5565527862486467,145.08652162173652,48.145196257,224.240525408,40335.93873790683
ALBpShJ9NLpE739pcHDF2LNVk5J4VYPvvKuV6jMPitZi,D6d156U1bPiJpDYRLextvDRccgFk7QzkQbJg42ceKEu5,GNcM8U5g8RwTZffwwm3kSQqUNPSwv5d2fbN9sLxPJqt2,14148.495210999994,14151.214740999989,14090.105812512942,0.995873101865868,5.636042325005177,1.0000900081007291,52002.468016,48308.204962,100100.41221955277
ercAoEmXjQzEvAFbdjAo81KtMxRGn9AW1ju882upmPH,CMRhskR2Eg6V42RTSdRTXGdozyPbWB8U9dVpijPWb9T4,7TKLLgrWswt6ZJ1pXhVR3FyufHGjJFqiEXxvWJfDcgRm,3.710432988999969,3.773485533999974,538.407401033472,145.106353525221,0.21536296041338882,141.77392927720956,304.67485041,788.073115656,155938.47871812125
SoNcU2iwHMw6dGzsYNQkYFkUjwN1UdAjrWVRnStrZu2,8ivTTid27jZnYNc4w3CTA1Z6QS2twsFb8WMwUabeDJgc,CyXm53PMvHCbeXJBykU46Rcbo28xk5srhMZFg7gv6EYB,1.8419658570000088,1.829271712000006,316.97675271431586,172.0861173999027,0.12679070108572638,169.63879489957213,15.481055404,19.200402232,5921.207813950677
KEN5P7p3asnb23Sw6yAmJRGvijfAzso3RqfyLAQhznt,9zj4aX38Uxf3h6AUjS4EipWS8mwbEofasHAf3a1uKGds,CwQDG1MWunn9cLNwcZLd8YBacweSR7ARo32w4mLua1Yr,33150.063028000295,33154.87561200047,33138.696455116195,0.9996571176086603,3.3138696455116197,1.0,1164671.643981,1095176.338198,2259448.636780586
KEnkcdADoLR5jS2CLLLesy8TtFsyWL37BhXNfDMzWzP,3qsjFRuw1qeLMPo4DLwaQevenGAGBj9dA3Q6rb8ax2YR,77iEv8zPQAEyCcEbvBRSB6AFcUdfkhiqnAKtPxk76rNN,0.010430999999999968,1.2497979999999984,9.165830998174346e-05,0.008787106699428985,3.6663323992697384e-08,0.999460291442621,118.134905,0.307363,1.3452611287205851
GokA1R67GqSavkd15zR62QD68Tuc5AEfvjssntVDEbM8,3YB7hfpBdbQEuZqLGWVDpRPmeZWCUsrrWyqGXegnQ6Cg,4DPCj6Z1DsG6HUtwSogBGqXEUxdEV5a8YVrrFtcnz7UW,91279.41575700001,91163.51010200004,91304.70716088357,1.0002770767502598,9.130470716088357,1.0,13092.750026,19314.752378,32411.13010062917
KEVpg4SYCVrqFxKijQH6hm4QxsRdoE51ud64bEEFUC9,2bPenuBYfqzD8p5dFjCcggwkHDsc2RQDnx9AoyYGUBjA,AE6n6iLuX8oYu61vt5hoDYkjswpnxFxrhSehxrnQTnbx,4041.471558324999,4034.134066517,4039.5263163483087,0.9995186797807142,1.6158105265393237,1.0,3904.962990037,3738.285554471,7641.369006865332
MARpDPs5A7XiyCWPNH8GsMWPLxmwNn9SBmKvPa9LzgA,6YjT74rmcfCpw8LSjPNx5JTmZoYLGrTKnf9arfSgZ4SR,F8GSmi3vA8M8TsybLya1LQ4n1aFHCRbZ6k437PeTdXtg,12207.185459999997,12878.185149000026,11339.740658581173,0.9289398195627295,4.53589626343247,1.0,297798.917573,14380.680843,291017.9535992388
vEnkoSUkpnbRrPgBz9DfcVxNz67zjwMYBZraAvDDNSf,DtfyjjsZ5yCjWKLKHvwsfXs5QVsmm1QkK6Sh9JZHoq1g,e5wrKCRv4GhHvEf1VD5Pq2KGaZDXP77nTL612Jyrxwy,2437.8135859999998,2437.3811019999985,2427.9270669832435,0.9959445139392393,0.2427927066983244,0.9998570204460762,847.458941,1099.462104,1943.3269864765214
HEDSDjj84KS7LKhZY7ejkCACTdPen62rKhCby1wXtgxc,EnnjMSFttpCTywBrYNt1J5QQeoSVkvzPipJDa8Y7kJow,6bjVT6JN2rSvpyn9PdfLYC8wJn4LWh49jpY47fnLDXZk,2.9112553799986927,3.0067027209952357,2.8199836782878642,0.9686486790757363,0.0011279934713151459,1.0,39106.983234811,9061.853674448,46942.78132748464
7oAd7xG4m3oC2qeWB1szghTebAZyyGPAFDJ4wwwbRSNi,D9yh4KAysxt9GLacVe4Wwh2XqghhcjTCSTV9HuM7TBJd,HDYfJLpZKaMFb84jM4mRytn7XLR8UFZUnQpSfhJJaNEy,0.2061123820000148,9.122061989968643,0.2061123820000148,1.0,8.244495280000592e-05,0.022629280764992495,951.811203978,300251.526324217,7746.287293286241
BSC8REUo9LpiiWUuqMuLXs2D2yJsJfGd4HdiF3wCLxk5,AZjEH1zWVx1UJ6udMyRijGTzPteuLnaY18yNNmprJEsh,Caf8ypkSVR8xYnXNhjvfvdGCC7mrM3C11rz8Xi6NA6aK,332.8272276020002,332.87479624499974,333.09195143112424,1.0007953791251736,0.1332367805724497,1.0,3059.304578185,3295.381796987,6357.119682171036
FrnkTEL6yZ5Aycq2TrEgu29dCrwKG4LPUZydfiwqspkc,DjvZuMZ46fxKBoBpGMPcRcos4xdTtHFxwMh69DpA2ZFY,9rvDPJLAng4uVVqnnSoEXgNDFhBZQTny9AoQioYDZbQX,21.189143835999033,17.69021483300014,3682.837014233295,173.80773110692584,1.4731348056933182,145.10953302881614,173.253904724,1438.268815192,238819.38422791372
BSCNHw8CmxbZ8hCWWzMf5FaG2ajPT6JxfznKUNuRVrn4,7n9kgNL633yGzCYksgnzHyjG73ZLBAwvEae5sbAekbzW,SscdxE99omdG9AiMVwmaEMQySQnCgeAh1sPj2Leutm2,1811.228724255,1793.4108261949996,1821.1537298036014,1.0054797085623097,0.7284614919214406,1.0,3995.546240423,7708.534109001,11725.97477836875
