0,1,2,3,4,5,6,7,8,9,10,11
MATgk4zXLXtYkwBH678J1xZbRDZ45LicNzkRBHkxTuY,y8dALFo1bJrSzPYjMX14HJX448pXqYmrfXHD1K8MXih,GN7Yuet3UyiWS5YVkEHv6oQKi4HGBJc3XDPt9zQhAqZz,965.5781819999993,965.2226840000003,966.7189103141699,1.001181394044973,0.386687564125668,1.0,3569.269725,4491.583371,8065.069809998017
iLiUBQ7Z7im6Ew3b4ewwPcehzWgEQRJ1iQz7g6D62NW,GpugBvKWM3TVhYcZjemSdtehBWgfvuGr6uAm9iPjXT6v,92fMXJ3xy8tEyMUWLHKRLyhPw2nECBo77GtDiBBbYrjX,13.941426395999997,13.685261999999966,13.692151360285857,0.9821198327464067,0.005476860544114343,1.0,1805.840138149,1156.637640324,2930.189054769644
BUSDTd9WiT6uBHJRgNvFXBsA7JrifsAtWzKfioN7ERcy,DyBxrn7gSc1EwnpWhDyhzvMHPtxpmBqRqotapLcKcfTM,Cds99GeBgoCpqBsoRWu1C6fF9LiUMd4pXQQD24s9LPff,1049.7407668,1052.56272696,1046.561198756446,0.9969710921552122,0.1046561198756446,0.9978994515913837,157.29930538,106.73252902,263.33119245597425
AURHmCnNwiW4uA2Qj1XvEh4iKgRUZYXtiY7FKAapUV5Y,BKWm4TRnTeKwfWXRyuzjRHU7iZDkPuXBX5b5V5jSVfGJ,A5Ww74HVrkj9nPeC7pHKLfgeDMEhBCpW1efQdz3TGLEg,0.016180420000182494,0.014438434999874517,2.580969021867242,159.51186816152682,0.0010323876087468967,142.91077522950397,289.921953164,1809.463050003,304837.7595952998
KZMu9QBEdL97EFgamLbN5DE1AoKBG4HdrKKJo4Vuon3,DD4ACBWyVqdaKWh7v5btsgqQCCMwbKnuL2xd9pv7Gyuw,GcYqiJ1MAuYbNTNYXm1F1gQYTfTgkErACAhNU5dpVj9T,32.80928158999973,33.73995901000069,31.913108526806838,0.9726853798753691,0.012765243410722736,1.0,2255.41277212,839.81340535,3033.6204343753016
RajgMbScQbqqrdJfR2rxfHJiTiY5b6bJ2tTXiF4aPxy,725ZA3fhyBAKb5iopNRrcbSuQa3LXA1656Q3mBvYPxeg,GLA6i1dSZpUfk2f9Nj8uiG7xyDdAR2reff8oEiZH3617,1531.2387895200154,1531.5635647699892,1532.4962026542933,1.0008211737730808,0.6129984810617173,1.0,66241.39762509,115187.05514809,181482.84847160196
MARpDPs5A7XiyCWPNH8GsMWPLxmwNn9SBmKvPa9LzgA,6YjT74rmcfCpw8LSjPNx5JTmZoYLGrTKnf9arfSgZ4SR,F8GSmi3vA8M8TsybLya1LQ4n1aFHCRbZ6k437PeTdXtg,28763.983206000034,30100.22130400024,27450.530235301336,0.9543368885563556,10.980212094120535,1.0,295901.365193,16167.756387,298557.34456486546
C98Sspw7XqnMsgxea3SLQVdbMDL8pKUc3RE82UvX9eq2,CSqgQJurPCzGxb4Cgwx5R61hWQUiaoUHcShNc8r1cKEL,6S2CR5EnukPhC914XkAns8m5GixjMAoUuZMsS5ubHuWc,48.04509100000007,48.05674899999997,0.0,0.0,0.0,1.0,887.753437,875.839195,875.839195
BSC8REUo9LpiiWUuqMuLXs2D2yJsJfGd4HdiF3wCLxk5,AZjEH1zWVx1UJ6udMyRijGTzPteuLnaY18yNNmprJEsh,Caf8ypkSVR8xYnXNhjvfvdGCC7mrM3C11rz8Xi6NA6aK,638.2885235159997,637.3059386830005,640.3859964201105,1.003286089012782,0.2561543985680442,1.0,2435.139668123,3920.044928649,6363.186682480009
BSCrK1Nx9PXU9mF7STWWBqeHLxmtJDr9h7jheEy4tAWX,FfSySSbVJPvEo5a5AvrP3nySoXpRE2QPn1uUMpJJ1x7v,HL7Vcj6838ZmvBHDbQxXfjBNckNi83WvPiZQoMQLFeRM,4.573299999999225e-05,4.579999999998474e-05,0.13966535042309824,3053.929338182973,5.58661401692393e-05,3040.0680975253845,0.83008691,0.974197115,5496.652337703417
FrnkTEL6yZ5Aycq2TrEgu29dCrwKG4LPUZydfiwqspkc,DjvZuMZ46fxKBoBpGMPcRcos4xdTtHFxwMh69DpA2ZFY,9rvDPJLAng4uVVqnnSoEXgNDFhBZQTny9AoQioYDZbQX,15.220164126002032,12.712973617999978,2595.750370300098,170.54680546220487,1.0383001481200393,142.88412754523068,173.260732827,1438.243700785,235051.26087977397
ionytDfEj1mXodptgrsKEZro7DGsfpzANUfarJdm6Qb,3gkSjY95an9xNFSjCfsay6JZez7uv7yfW3Ad4ubc4fMK,9wXqANaSuEqkKL9yHzCPEDGHwbkStVAqV5rB3QDs3Jr6,0.00042030399999999635,0.001571102000000213,0.34289760814265674,815.832369291417,0.0001371590432570627,3044.881554107545,3.152466539,0.08412514,2828.035332646998
STK75uPSyBnEhGTTzb1nwmP3n427XoXmfRhXxxhyady,6TYyD5fUmDe6N65avW1Ny2RxzRNobw2RRgKwH9CTzSAU,54zDfk4cx2vGrEajPtodWpArNe5eUurytyxd4X3aZAxK,513.1488644809986,577.6113205739989,73459.46149378619,143.15429026250203,7.345946149378619,161.51842828355657,1690.492651708,297.949771434,290125.6545386984
ALLwa5WNZbvQsRKAqe1jdRGemdYQnW8E5k4msbRFcYtu,CGoM82Hbz7QVqTgvQatYtjvDWBvoUJp5qm21P8iMs9yb,3dxNNww8TivyN5FMy5dCNdi3Zcxv6e4kUfSPxfFwpdNq,2.8909741249999987,2.806341495,8811.25914355379,3047.851264858275,3.524503657421517,3008.007315473791,0.858500821,7.797515002,26071.56498169935
NorjjEePhxfwLF4vZjUHCrVVKLzQjEEGQFd3wgjEJmh,34M8pFVqgbV7aqHxvRT5tCv3vu2P1JJYT8J3VaxBK2oG,3AZWBSze3ucsY3xSeuLne3b2pauVqiaJ1SZSV5T9WGWw,0.0011050000002796878,0.0011050000002796878,0.0006547430357440445,0.592527634007531,2.6189721429761777e-07,1.0,38124.370231,2258.549989,24848.292880001576
BUSDgu5JdqP1rndBvXvanbEufS94FNh1w5FJcAj6vawb,Bgzr8cWubt89JQFXndVjtdKmDbGzuPxNhvjH1EhWCwbo,Dxaf8xPBBQsasRKW5Aa4Sw2YrbfGofY9xZueyyF23FBW,9398.489510120002,9380.745139180008,9409.766268113372,1.0011998479097335,3.763906507245349,0.9999859101985252,6534.07506181,8518.07267778,15059.867617941976
daob129AwBGn9Y5r91uLoWZeYiGzbPmksauMhFZKTze,6VW5GQNyj4LStgmxEHLr5zUfW92vQnmbw8jTnCH7a38F,4VPCCUifPeBA1c7HWK358CHn2nyjm8pdTRk6Ps3KmnMQ,19.23800453200016,17.191435156999987,3063.9917556694363,159.26764912508705,1.2255967022677745,143.52098893998556,48.766590619,223.533982806,39848.7585177445
BSCuChvaSj9b5HUSqgDVRzcnr2sSn7cXaamt1jbKH6hn,GnKpRj5kBVPMJfiwZtEuD9GYApLzPdW5JFuZTcyX4BTc,3dmwD9okkomV9nDwyuh4UMhKdUR13QpuKxRo89ycZB5t,396.73646681499963,396.58029569500013,396.7413661741305,1.0000123491524997,0.15869654646965223,0.9973281578650793,1508.555767647,1603.388536353,3107.6789323351522
parEAJhzYzHW87y9VoZAQ22dzQ2MD2ekEtTReaxbMcz,3oyc6hpjYSJEquK6dSvG72NXyz3pqLZz5D8AC71pwgQb,Di2vordgFJVZ1aj1aBpvzXtLfZgJsuLLXawGtVFwX6Rz,14.537898218999914,17.010879736999527,2022.4699429202506,139.1170795429726,0.8089879771681002,164.3755725406661,1100.698629064,142.12313355,176487.55018089217
KEN5P7p3asnb23Sw6yAmJRGvijfAzso3RqfyLAQhznt,9zj4aX38Uxf3h6AUjS4EipWS8mwbEofasHAf3a1uKGds,CwQDG1MWunn9cLNwcZLd8YBacweSR7ARo32w4mLua1Yr,176699.02664199984,176730.6852909997,176375.5538761909,0.9981693573985312,17.63755538761909,1.0,1144841.995501,1091384.701241,2234130.900213085
MAR3XM1n9xWPQ3HJjAcC85o8DopWFP5p2WxGTaZ3fPB,6qG7GUhER8Cg9gDEgnebph9LdS6eu2eoWcA4R7z9uizK,4QV4CwRXVMY227KkFF9voNAfwWHVvVajXSXDKbUHkWZR,0.30629300000000015,0.005993999999999999,0.29094396042387805,0.9498877232711094,0.00011637758416955122,0.01956532653179974,0.10448,24.619526,0.580933334575499
JSoLLrxK5bYdHwTEWYaGgmeycBCNXKDiBCTw5hXGBg7,xG4wXczA7Dk4hccJ61CHKpDHW4NrNfQwgmWgkb9BuF2,BVR6WgfhsRr9Lob4QDnkEAiNGgAbv7ZieKcY9kSg3QYR,0.963415348999888,0.8201720470000069,161.05800904777314,167.17401193054053,0.06442320361910926,143.63422453103067,17.036895899,163.923303895,26393.122875801608
BSCNHw8CmxbZ8hCWWzMf5FaG2ajPT6JxfznKUNuRVrn4,7n9kgNL633yGzCYksgnzHyjG73ZLBAwvEae5sbAekbzW,SscdxE99omdG9AiMVwmaEMQySQnCgeAh1sPj2Leutm2,221.91403390900086,221.6407255539989,222.25011608954912,1.0015144701514735,0.08890004643581967,1.0,5294.901074379,6402.964938696,11705.884982707154
AUSejoEUCh2DBs9mof6BNC8Pubs22w4cJa1ccV9h44R,4xkyD7AfGQDwsQMy9MosRRNGoVJ1zosNinesxg1TzHG7,Cbm5gsQe3nSiCsFrvepVzMCD9xLK3ri9g3ypS2hdmVJ7,2477.1528169999983,2479.583483999999,2479.1584561910568,1.0008096550109038,0.2479158456191057,1.0,14177.793604,14699.157496,28888.43022163504
SoN9GaFpSXfpyR5dth3x7PHPVhvJMpQqqDJfCSmPv1t,9kZ9iS68ViMPtoeqtnhAKuF2iqVyfHPdZHoUNdwCELr,BBhm5fJLjw3HRzjtKB8uMEYjGhY6EDm9co3cqpjrSzB9,0.4867148950000002,0.4779917970000003,83.29747532685177,171.14223579874565,0.03331899013074071,167.96526209635428,1.541035973,2.440573858,673.667969589996
wrmcMSHFi3sWpAEy4rGDvQb3ezh3PhXoV2xNjgLBkKU,8p4mGnARWPBu6P2Gcw4adodLkNDorrXniZMhaY7eJXUn,AyY89zccbsgp9LKFgH4CFZMJmpSgqmPSdTfukhP227rc,0.0022213700000000003,0.022312160000002024,0.6900807704255981,310.65548306927616,0.0002760323081702393,3042.0101603139356,27.07995349,0.09603393,8704.67222372436
SoNcU2iwHMw6dGzsYNQkYFkUjwN1UdAjrWVRnStrZu2,8ivTTid27jZnYNc4w3CTA1Z6QS2twsFb8WMwUabeDJgc,CyXm53PMvHCbeXJBykU46Rcbo28xk5srhMZFg7gv6EYB,2.365608573999989,2.347577453000005,400.8908118789043,169.46624910182888,0.16035632475156172,168.08457208861552,15.752681733,18.924714386,5850.500406056484
B2izdXFYb2sNwbWWHmh75T4aQFtfXsUxem9u2p61HGzf,4DYwgJtxwuJdAjkj5RJSNH4e7U329V5cNp7d3a1nLrZv,EXNW64GEf1ACC6xY9BtKRiunrs6GoJSXBdxWN2eTPmrF,19309.607071,19147.931872,19435.295124570595,1.0065090943129216,1.9435295124570595,1.0,10678.81586,29250.883024,39999.20830358306
7oAd7xG4m3oC2qeWB1szghTebAZyyGPAFDJ4wwwbRSNi,D9yh4KAysxt9GLacVe4Wwh2XqghhcjTCSTV9HuM7TBJd,HDYfJLpZKaMFb84jM4mRytn7XLR8UFZUnQpSfhJJaNEy,7.986054437991697,0.1805930000000444,7.986054437991697,1.0,0.0031944217751966792,0.022637728318270305,952.01731636,300242.404262227,7748.823293672577
KwnjUuZhTMTSGAaavkLEmSyfobY16JNH4poL9oeeEvE,J63v6qEZmQpDqCD8bd4PXu2Pq5ZbyXrFcSa3Xt1HdAPQ,BnKQtTdLw9qPCDgZkWX3sURkBAoKCUYL1yahh6Mw7mRK,247.597418000012,8381.271781000332,4.858408831753431,0.019622211212853582,0.00048584088317534316,1.0,278362.789202,558.05166,6020.145103520683
YAkoNb6HKmSxQN9L8hiBE5tPJRsniSSMzND1boHmZxe,CfWX7o2TswwbxusJ4hCaPobu2jLCb1hfXuXJQjVq3jQF,EnTrdMMpdhugeH6Ban6gYZWXughWxKtVGfCwFn78ZmY3,6617712.902558001,6616914.961886986,6617712.902558001,1.0,661.7712902558001,0.9949882442138946,492166.093897,943719.056111,1431155.4605680779
SRMuKizofcAMicegrfSv7xs9q76tH1w8aAF7oX9FEWu,72Hj2KWntXPfbie4UgKeTPnm1XVkomDfCnRPKbvfTtPi,6aqJQ5wedqpUt4fFEDUqUmXhrdxCu4bEJsQdVPCADLko,1.6142889999973704,1.6077079999995476,0.07087105257104002,0.04390233258800343,2.834842102841601e-05,0.04389410984939931,16958.427081,4932.720622,961.0318867179317
vEnkoSUkpnbRrPgBz9DfcVxNz67zjwMYBZraAvDDNSf,DtfyjjsZ5yCjWKLKHvwsfXs5QVsmm1QkK6Sh9JZHoq1g,e5wrKCRv4GhHvEf1VD5Pq2KGaZDXP77nTL612Jyrxwy,984.1090869999998,984.3691870000011,981.8792392476685,0.9977341457549905,0.09818792392476684,0.9984504049714843,1090.120749,856.45956,1942.7830887970047
GokA1R67GqSavkd15zR62QD68Tuc5AEfvjssntVDEbM8,3YB7hfpBdbQEuZqLGWVDpRPmeZWCUsrrWyqGXegnQ6Cg,4DPCj6Z1DsG6HUtwSogBGqXEUxdEV5a8YVrrFtcnz7UW,10340.687991999994,10339.944801000005,10341.722164216415,1.000100010001,1.0341722164216416,1.0,13529.439841,18867.563989,32398.356909292026
BUSD5rCfUDpCxKGMvYU2yThChxgHoioK74PTPociGnv2,CcFHbafgYDZ8yA8Me1PdtDiVb2eeaS61LbqyKKK5CsNZ,26R9s4nmF3CFDTkiePDwRmtscn8i7r2eygbSijditJ58,324.85926293,324.51197006,323.8217058024384,0.9968061334677559,0.03238217058024384,0.9996822310092291,76.69355107,71.18690082,147.6128819343689
heyk4SZTeCUV6a65WiVA5bzic3KcxgVf1qxobfeV4tQ,9ZDpBKPqMABtGfq66FbVribaArMvtk63xxy91onZAtDt,DaTP4s6N7xxSPinbNZ3FB52EpRDRt87QShTuN3VPCW52,102.76983396800358,89.26505003100033,16682.328628932366,162.32709526538937,6.672931451572946,142.7503044507118,629.183865387,4469.598925983,740170.1967127692
Cob4usZcpHEY7Qt4ZCwj6WVg9S44zvzYV2v9qYF65dTf,NhFM9UXE48PyNAyeyPYA3iXztqKVJwA4bTdLj4ysM8w,6TuFuynuBoeskxyR2cz4wxyidk8dpDK7kAWw3UkjQGx,47.66629199999329,4030.800875000026,0.4075936595382903,0.008550983146294402,0.00016303746381531611,1.0,71597.137601,182.330747,794.5566639490721
KysFMBBoavfov2tLpvefWW6tPFt6rAeZWDJVy1mMQae,B8ka2V21TH3x64dFV8ETcjuQcwmrciJ2qzy1mJUttRew,7fSf7EYxBANyxzk2s5pymFgshA91tFYQNKKs5UnLWcYS,39.07849400000032,51.63112399997772,0.0,0.0,0.0,0.01966418720274754,134439.107545,2659.455375,52.296028351353165
SAMyS8Jr2HJrkFwYVKbpUwsNStnQmvz3f8Tup8bWUWF,6jPzm5TFfquvgm25sTyN3MMGBfufRaFHMxobDWv6hMFW,Cj9ECoDmxsHTDzCY5ZA6RWrPbg9uFzEC1Qc2kso2vJG6,942.9215449599869,18.687782929999912,916.9797299109415,0.9724878329615999,0.3667918919643766,0.019622211212853582,460.25508143,109920.64225305,2604.4785256912905
RoBgmK8CvjdHvPrqdDyVw54VwjZv2TqJ493xnqJAQHx,ExiHJxM7qPAcy27NDHAF6G7vnW7muNHi2sVJpnaNynGQ,6rkPHSqZb7StM4HwS9EuVrmfkV7tRdc7dnsFhyB6cefE,47.62273699999984,4.782740999999703,0.0,0.0,0.0,0.9468486509773845,6340.694601,17.73423,16.79163175162266
KEVpg4SYCVrqFxKijQH6hm4QxsRdoE51ud64bEEFUC9,2bPenuBYfqzD8p5dFjCcggwkHDsc2RQDnx9AoyYGUBjA,AE6n6iLuX8oYu61vt5hoDYkjswpnxFxrhSehxrnQTnbx,4190.626741847001,4188.500661915999,4199.765650289845,1.0021807975288242,1.679906260115938,1.0,1909.081703224,5733.749769796,7646.994793680714
MATSnbbiTCv7Dc3trJrkrqjx7ckKdr6fwPoVwv9q3sD,631WX9JizSHJm4w6VanZeJAst9T8DeUUnPLesdGkCVtK,211maUSfpnXbPuW1iBu8b4dtJv5EbN1j7JJiEX5TZKEP,996.6504239999886,995.7136219999993,996.3644673978455,0.9997130823453669,0.3985457869591382,0.9980508067743695,19922.114221,25631.992953,45498.42946068899
HEDSDjj84KS7LKhZY7ejkCACTdPen62rKhCby1wXtgxc,EnnjMSFttpCTywBrYNt1J5QQeoSVkvzPipJDa8Y7kJow,6bjVT6JN2rSvpyn9PdfLYC8wJn4LWh49jpY47fnLDXZk,21.028660588001003,21.626325706993157,20.36836559303007,0.968600235273772,0.008147346237212028,1.0,39113.899213684,9055.153556804,46940.88553765293
ercAoEmXjQzEvAFbdjAo81KtMxRGn9AW1ju882upmPH,CMRhskR2Eg6V42RTSdRTXGdozyPbWB8U9dVpijPWb9T4,7TKLLgrWswt6ZJ1pXhVR3FyufHGjJFqiEXxvWJfDcgRm,0.3166369229999191,0.3116073600000391,45.24118814137824,142.88033029360193,0.018096475256551295,140.01343008821408,314.779638263,799.851528495,156965.77475060383
moFiBS1R4Lf3E3zzmBPnw3NF4RhWPkhREFviuzUaCAU,44ALBrpqi9PfZkBRTvbtRNtFJGsatfY4QydjtMbFWq8S,2ho8qEEie1UjVwWNBo9y4oAJZMyMLx8zPj9bxyUz6uWs,138.31126373799634,138.28829600000245,138.29132185280253,0.9998558187912187,0.05531652874112101,1.0,34013.885328999,30504.437497038,64513.41866293491
WiiQFxXqp8P9Fs1rt9SVcDyA3KUdJmUsog6wnVQAwba,3S2jpqSYxho6wiz3cafhjXruVY8cg4HYa2v3BqBHYFSj,Dfe67M6TfrG74gKRtdqys4e6E9QirPD53BkF4FujFjuv,9557.419742024002,9583.698029254003,9550.928663478298,0.9993208335805153,0.95509286634783,1.0,17317.348432941,9495.879435219,26801.466506629826
ALBpShJ9NLpE739pcHDF2LNVk5J4VYPvvKuV6jMPitZi,D6d156U1bPiJpDYRLextvDRccgFk7QzkQbJg42ceKEu5,GNcM8U5g8RwTZffwwm3kSQqUNPSwv5d2fbN9sLxPJqt2,60.331575000003795,60.26121000000421,60.33754841729711,1.0000990098019704,0.024135019366918843,0.9987445780653718,42049.301014,58263.076068,100243.3956312917
Lid8SLUxQ9RmF7XMqUA8c24RitTwzja8VSKngJxRcUa,4PgzyzLtds9bKZ2to9PMnKqJzKEUpjvNUaeN23phegax,AtymwxoVN9peZo7EXTcDz9jKVc4vRmisJKKrNfe3ewBa,132.60586902500472,112.3002161239998,22360.298000174815,168.62223493259157,2.2360298000174814,141.76613096553652,973.082154548,7669.37992247,1251341.6061862435
BerKDkt6v49dT1bHRedgnpsJS263C1DSJtEGvY9Mg35V,78XKqNb8wbfsMMrvo8WPUpdx7GEkfQutpNVH943aCGFa,DKYQwn4nDvFHCszi5tXbqfVMAP7DaXXp1KGTXEnYnKVH,0.0033694210001158353,0.001108728999952291,0.003376071340742111,1.0019737339519303,1.3504285362968444e-06,1.0,1338.317413093,1686.888382613,3027.847278222681
SUiuyGR7SFq3xeRVJonq84fjjeFwRSsFekcevJ53tzy,49GjCCPsv7fBqo6t3iKDrP1xxGDS8uWZbVCdfnp2gjMf,CEwj5xEbbJEjYqM8D6Ai8ByGz1mrh8mkAVsE5fzDSSSx,0.2662640000000003,29.588842000000113,0.0022758232008185273,0.008547243340513645,9.103292803274111e-07,0.9501422362927731,643.166488,1.684347,7.097669706672573
C2ypsDADXcCRz8HbV2zX1AXPSja7a1P3xZtRC91xGhJh,J9bYNuDpY1d1T86gLaw7DGk5D3CsUAf2tzUwxMvb6FTv,A2NGvvPrMGzsJ4jb52KEnSBVmsA7C34dV1GC7PerdgvG,687.5453937259997,691.1394407270009,98104.75465242671,142.68840362782413,39.24190186097068,142.9852780927823,496.639972779,297.219926484,113362.83873663259
Sid7E679i9ABqptiAVhkmQ27YHN8vaYT4fppPwmxFsJ,GP7KB8o1bv527HG8kTzzzf4wJ5aEGHvcMQvVhLziUfmT,9gYxhAZ1M9wu5pxr8SBoa5NDm21gi3s9vMHaYTME77sa,5108.314758000002,10864.238470999997,43.68242224253295,0.008551239364043301,0.017472968897013177,0.019588350040367672,129327.383636,11203.187748,1325.361376972675
Lee1XZJfJ9Hm2K1qTyeCz1LXNc1YBZaKZszvNY4KCDw,9DgFSWkPDGijNKcLGbr3p5xoJbHsPgXUTr6QvGBJ5vGN,2hNHZg7XBhuhHVZ3JDEi4buq2fPQwuWBdQ9xkH7t1GQX,1792.727188119079,1513.959197419008,303228.1353484659,169.14349118931554,30.322813534846592,142.87308341116344,6896.950030142,55002.813641927,9024995.787968189
