0,1,2,3,4,5,6,7,8,9,10,11
KEN5P7p3asnb23Sw6yAmJRGvijfAzso3RqfyLAQhznt,9zj4aX38Uxf3h6AUjS4EipWS8mwbEofasHAf3a1uKGds,CwQDG1MWunn9cLNwcZLd8YBacweSR7ARo32w4mLua1Yr,138956.516693998,138988.13124800008,138921.78624743613,0.9997500624843788,13.892178624743615,1.0,1153026.634301,1086303.074174,2239041.523862578
BkwbeSfcX1h4thMDd7obGkHrPevf3QwgzJ4pCEqG18Lu,35yX27bmurdebhfAb8EPmjLETDiUaEUCn9zHaDPbakH2,2CxECn1ZJFoESyUnQysQU8rRgT3iJ5GRs2Mdd6gZjx5g,0.020068019999999298,0.02331702000000213,42.42261917344741,2113.941443822006,0.016969047669378963,1347.7088948787061,0.84291817,22.02806084,31469.293184310907
daob129AwBGn9Y5r91uLoWZeYiGzbPmksauMhFZKTze,6VW5GQNyj4LStgmxEHLr5zUfW92vQnmbw8jTnCH7a38F,4VPCCUifPeBA1c7HWK358CHn2nyjm8pdTRk6Ps3KmnMQ,16.47545768399995,14.747134619999976,2712.443932830715,164.63542226598597,1.084977573132286,147.40196663703887,48.30355747,224.059767439,40979.32694576894
C2ypsDADXcCRz8HbV2zX1AXPSja7a1P3xZtRC91xGhJh,J9bYNuDpY1d1T86gLaw7DGk5D3CsUAf2tzUwxMvb6FTv,A2NGvvPrMGzsJ4jb52KEnSBVmsA7C34dV1GC7PerdgvG,298.7476377390005,300.3202345829995,44035.94389400519,147.40181454581742,17.61437755760208,147.95552101944904,1133.945111994,678.428904431,267522.8691330183
HEDSDjj84KS7LKhZY7ejkCACTdPen62rKhCby1wXtgxc,EnnjMSFttpCTywBrYNt1J5QQeoSVkvzPipJDa8Y7kJow,6bjVT6JN2rSvpyn9PdfLYC8wJn4LWh49jpY47fnLDXZk,4.412972565001837,4.461019018996012,4.274545636368233,0.9686318175346401,0.0017098182545472929,1.0,39109.391473636,9059.519809766,46942.1207555478
SoNcU2iwHMw6dGzsYNQkYFkUjwN1UdAjrWVRnStrZu2,8ivTTid27jZnYNc4w3CTA1Z6QS2twsFb8WMwUabeDJgc,CyXm53PMvHCbeXJBykU46Rcbo28xk5srhMZFg7gv6EYB,2.638102935000008,2.6231612160000015,460.41307721077493,174.52430346914176,0.18416523088430997,173.0508290086489,16.119702565,18.556462095,6024.491011293683
KZMu9QBEdL97EFgamLbN5DE1AoKBG4HdrKKJo4Vuon3,DD4ACBWyVqdaKWh7v5btsgqQCCMwbKnuL2xd9pv7Gyuw,GcYqiJ1MAuYbNTNYXm1F1gQYTfTgkErACAhNU5dpVj9T,29.43414568000003,30.204524650001872,28.543111099345108,0.9697278599371626,0.011417244439738043,1.0,2260.14016185,835.23035259,3026.951234898833
SUiuyGR7SFq3xeRVJonq84fjjeFwRSsFekcevJ53tzy,49GjCCPsv7fBqo6t3iKDrP1xxGDS8uWZbVCdfnp2gjMf,CEwj5xEbbJEjYqM8D6Ai8ByGz1mrh8mkAVsE5fzDSSSx,0.1307799999999999,14.464169000000084,0.0010771512507239034,0.008236360687596759,4.3086050028956133e-07,0.9520844460820297,644.854837,1.669512,6.900773436420717
CZgvH45CRmoaNJ7395Ao5CQZXkGznvqU7cErD6n7FaRg,4ZjU6MKvtqVQKCiowhvZ5yUsPxXX5SCzd5eFsPeXyey5,BsyWeshjDbCvjDojry3vKDCesmFRM37WtwcR4Kfgzqr,2.2812843499999644,2.2088439600000243,2.357449536872089,1.0333869764512809,0.0009429798147488355,1.0,206.08591301,599.35162227,812.3181208046055
heyk4SZTeCUV6a65WiVA5bzic3KcxgVf1qxobfeV4tQ,9ZDpBKPqMABtGfq66FbVribaArMvtk63xxy91onZAtDt,DaTP4s6N7xxSPinbNZ3FB52EpRDRt87QShTuN3VPCW52,48.15721344500116,41.99367758299991,8161.193827536872,169.46981030905192,3.264477531014749,147.39255929934293,629.690045928,4469.039786577,765416.6643910897
7dwD9TF6uikvHXxPFK9AsSim54yJoujQjY9vU6gNFumk,CquVr6atkvwueDYficKjn6SSEWq4F4rH4VSiBbW4GBWU,8BCa6ge3b7ho3TfZuM64Vk1hgbrJ3J7EPiAb9uP86CGd,0.0001259389999999994,0.00012567800000000016,0.021936506946702676,174.1835884571323,8.77460277868107e-06,174.53743217039042,0.003811697,0.003696205,1.3090611910466436
RajgMbScQbqqrdJfR2rxfHJiTiY5b6bJ2tTXiF4aPxy,725ZA3fhyBAKb5iopNRrcbSuQa3LXA1656Q3mBvYPxeg,GLA6i1dSZpUfk2f9Nj8uiG7xyDdAR2reff8oEiZH3617,16948.757795080004,16932.725233310004,16962.014966737705,1.0007821913451114,6.7848059866950825,1.0,65392.48452871,116043.47508668,181487.1090508237
STK75uPSyBnEhGTTzb1nwmP3n427XoXmfRhXxxhyady,6TYyD5fUmDe6N65avW1Ny2RxzRNobw2RRgKwH9CTzSAU,54zDfk4cx2vGrEajPtodWpArNe5eUurytyxd4X3aZAxK,354.35949111300033,398.5690489980011,52257.09523705598,147.4691564572541,5.225709523705598,165.99764084152835,1827.813213824,322.682381563,323110.5868846318
DFWzVTzNBrQZLjoQ4yQwkj9HuoXmfkuZP9V5vbymZe23,DhgiEgiNdqZdRdo195UUHnoEJUtefK8buko8nU97XJUZ,2K2kkXsouBHtWVjtcgkyiXd8eP3oVBvq1bTJzcVdLLr2,23.37426197899549,23.776401070994325,22.99673832397381,0.9838487454551107,0.009198695329589524,1.0,45475.905730365,22540.180524528,67281.59332578248
vEnkoSUkpnbRrPgBz9DfcVxNz67zjwMYBZraAvDDNSf,DtfyjjsZ5yCjWKLKHvwsfXs5QVsmm1QkK6Sh9JZHoq1g,e5wrKCRv4GhHvEf1VD5Pq2KGaZDXP77nTL612Jyrxwy,849.7741349999999,850.08945,848.4632592644365,0.9984573833427356,0.08484632592644364,0.9992595486744321,1059.788614,886.87624,1944.3733177433419
MATSnbbiTCv7Dc3trJrkrqjx7ckKdr6fwPoVwv9q3sD,631WX9JizSHJm4w6VanZeJAst9T8DeUUnPLesdGkCVtK,211maUSfpnXbPuW1iBu8b4dtJv5EbN1j7JJiEX5TZKEP,117.97824099999707,117.85537499999555,118.04552695035878,1.0005703250852986,0.047218210780143516,0.9998880125425953,19737.989288,25816.387692,45562.7429388073
KEnkcdADoLR5jS2CLLLesy8TtFsyWL37BhXNfDMzWzP,3qsjFRuw1qeLMPo4DLwaQevenGAGBj9dA3Q6rb8ax2YR,77iEv8zPQAEyCcEbvBRSB6AFcUdfkhiqnAKtPxk76rNN,1.1964010000000087,0.010004999999999986,0.009847097032294588,0.008230599132142582,3.938838812917836e-06,0.9998640184934849,118.738085,0.302104,1.2793484987962278
GokA1R67GqSavkd15zR62QD68Tuc5AEfvjssntVDEbM8,3YB7hfpBdbQEuZqLGWVDpRPmeZWCUsrrWyqGXegnQ6Cg,4DPCj6Z1DsG6HUtwSogBGqXEUxdEV5a8YVrrFtcnz7UW,10271.605333000014,10270.786895999994,10272.68396481632,1.0001050110261578,1.0272683964816323,1.0,15870.974826,16527.021147,32399.662600352603
KwnjUuZhTMTSGAaavkLEmSyfobY16JNH4poL9oeeEvE,J63v6qEZmQpDqCD8bd4PXu2Pq5ZbyXrFcSa3Xt1HdAPQ,BnKQtTdLw9qPCDgZkWX3sURkBAoKCUYL1yahh6Mw7mRK,215.17223899999942,11240.248440000636,4.092846698284298,0.01902125812003243,0.00040928466982842986,1.0,278942.495095,546.832892,5852.670091847876
B2izdXFYb2sNwbWWHmh75T4aQFtfXsUxem9u2p61HGzf,4DYwgJtxwuJdAjkj5RJSNH4e7U329V5cNp7d3a1nLrZv,EXNW64GEf1ACC6xY9BtKRiunrs6GoJSXBdxWN2eTPmrF,5893.822037,5834.836831999999,5935.805992786983,1.0071233836928597,0.5935805992786983,1.0,10429.886414,29503.144221,40007.326717799864
Lid8SLUxQ9RmF7XMqUA8c24RitTwzja8VSKngJxRcUa,4PgzyzLtds9bKZ2to9PMnKqJzKEUpjvNUaeN23phegax,AtymwxoVN9peZo7EXTcDz9jKVc4vRmisJKKrNfe3ewBa,60.24192194198531,51.003064078999046,10482.414404087544,174.00531168614452,1.0482414404087543,147.3182336072372,973.065185658,7669.40689771,1299161.9879071545
KysFMBBoavfov2tLpvefWW6tPFt6rAeZWDJVy1mMQae,B8ka2V21TH3x64dFV8ETcjuQcwmrciJ2qzy1mJUttRew,7fSf7EYxBANyxzk2s5pymFgshA91tFYQNKKs5UnLWcYS,33.42809299999999,44.2705989999813,0.0,0.0,0.0,0.01901518349091121,134424.710132,2670.353508,50.77726194021844
BUSDTd9WiT6uBHJRgNvFXBsA7JrifsAtWzKfioN7ERcy,DyBxrn7gSc1EwnpWhDyhzvMHPtxpmBqRqotapLcKcfTM,Cds99GeBgoCpqBsoRWu1C6fF9LiUMd4pXQQD24s9LPff,777.0573919100002,777.2156272200001,773.9645984161453,0.9960198647795463,0.07739645984161454,0.998849804473153,155.74619534,108.37508195,263.37673383799506
BSCrK1Nx9PXU9mF7STWWBqeHLxmtJDr9h7jheEy4tAWX,FfSySSbVJPvEo5a5AvrP3nySoXpRE2QPn1uUMpJJ1x7v,HL7Vcj6838ZmvBHDbQxXfjBNckNi83WvPiZQoMQLFeRM,0.012273549000000106,0.012260025000000008,38.60820698332842,3145.6432840515886,0.015443282793331368,3140.999466030091,0.830047351,0.974241626,5671.12530216825
WiiQFxXqp8P9Fs1rt9SVcDyA3KUdJmUsog6wnVQAwba,3S2jpqSYxho6wiz3cafhjXruVY8cg4HYa2v3BqBHYFSj,Dfe67M6TfrG74gKRtdqys4e6E9QirPD53BkF4FujFjuv,5594.269199718,5599.892508157995,5594.044425418942,0.999959820614448,0.5594044425418944,1.0,13610.764117565,13203.409758845,26813.627004270864
AUSejoEUCh2DBs9mof6BNC8Pubs22w4cJa1ccV9h44R,4xkyD7AfGQDwsQMy9MosRRNGoVJ1zosNinesxg1TzHG7,Cbm5gsQe3nSiCsFrvepVzMCD9xLK3ri9g3ypS2hdmVJ7,515.6214610000006,515.4306810000035,516.1779007770383,1.0010791633380784,0.05161779007770383,1.0,14000.579863,14876.625531,28892.31430649999
Dg3mAgpwDfVNnbGWcsxL8sUcSkEbjSJQhKAWNigG44Ju,EATxwd8YA2wV93VJcKMmH2Kn2Y9XfJVUB9hHVu3udwEy,GiGvrRi7NMHfHKanG2B8xyCEqe8jaafWins8bhrLVEaa,0.005728242999999966,0.005609463999999981,1.0079283007679614,175.95767162251448,0.0004031713203071845,174.50578652462826,0.176029945,0.283912918,80.51826631813157
BSCNHw8CmxbZ8hCWWzMf5FaG2ajPT6JxfznKUNuRVrn4,7n9kgNL633yGzCYksgnzHyjG73ZLBAwvEae5sbAekbzW,SscdxE99omdG9AiMVwmaEMQySQnCgeAh1sPj2Leutm2,553.6416398689998,553.4135907369991,554.3117767544425,1.0012104163364612,0.221724710701777,1.0,5494.519920333,6203.359653256,11704.530230261582
parEAJhzYzHW87y9VoZAQ22dzQ2MD2ekEtTReaxbMcz,3oyc6hpjYSJEquK6dSvG72NXyz3pqLZz5D8AC71pwgQb,Di2vordgFJVZ1aj1aBpvzXtLfZgJsuLLXawGtVFwX6Rz,8.107351077000033,9.427822668000118,1149.8704132163466,141.83059328446325,0.4599481652865387,169.55434674609947,1101.24054318,141.666136305,180209.70878536213
TETFuZgEmET6d9vYmz9iMFCxK1jKdKYxf3oPz8hSzJK,Eu1Ze6Z84LWNkq7SNoAHBJbXx5t1P95EwyqYohrfCRFV,ASMbv7WNu3qe4pkhREmvyEdwFNDZQ6B6iSrjkj4u8bdC,5.839982758000019,5.808741903000005,5.856008756620051,1.002744185947823,0.0023424035026480207,0.9990139732084432,55.507488025,297.237877536,352.60460391892116
MARpDPs5A7XiyCWPNH8GsMWPLxmwNn9SBmKvPa9LzgA,6YjT74rmcfCpw8LSjPNx5JTmZoYLGrTKnf9arfSgZ4SR,F8GSmi3vA8M8TsybLya1LQ4n1aFHCRbZ6k437PeTdXtg,21282.823941999988,22344.83320400014,20246.04426141708,0.9512856149443164,8.098417704566831,1.0,296490.411622,15617.31521,297664.3787549278
MATgk4zXLXtYkwBH678J1xZbRDZ45LicNzkRBHkxTuY,y8dALFo1bJrSzPYjMX14HJX448pXqYmrfXHD1K8MXih,GN7Yuet3UyiWS5YVkEHv6oQKi4HGBJc3XDPt9zQhAqZz,18.605195999999523,18.598427999999785,18.626579313050907,1.0011493194186927,0.007450631725220363,1.0,3587.867014,4472.980453,8064.971072230877
JSoLLrxK5bYdHwTEWYaGgmeycBCNXKDiBCTw5hXGBg7,xG4wXczA7Dk4hccJ61CHKpDHW4NrNfQwgmWgkb9BuF2,BVR6WgfhsRr9Lob4QDnkEAiNGgAbv7ZieKcY9kSg3QYR,1.5621292740000357,1.3331642979999891,270.327765884385,173.0508290086489,0.10813110635375402,147.41020175886905,17.04780907,164.686461533,27226.60201387842
Lee1XZJfJ9Hm2K1qTyeCz1LXNc1YBZaKZszvNY4KCDw,9DgFSWkPDGijNKcLGbr3p5xoJbHsPgXUTr6QvGBJ5vGN,2hNHZg7XBhuhHVZ3JDEi4buq2fPQwuWBdQ9xkH7t1GQX,9627.507910793087,8529.512435497021,1681910.4864116223,174.69842684066631,168.19104864116224,147.5054831475723,6758.347222223,53801.775511158,9116729.518735928
RoBgmK8CvjdHvPrqdDyVw54VwjZv2TqJ493xnqJAQHx,ExiHJxM7qPAcy27NDHAF6G7vnW7muNHi2sVJpnaNynGQ,6rkPHSqZb7StM4HwS9EuVrmfkV7tRdc7dnsFhyB6cefE,3.1304590000000054,41.82413100000039,0.0,0.0,0.0,0.9524807360771128,6355.092014,17.515047,16.682744858985227
ALLwa5WNZbvQsRKAqe1jdRGemdYQnW8E5k4msbRFcYtu,CGoM82Hbz7QVqTgvQatYtjvDWBvoUJp5qm21P8iMs9yb,3dxNNww8TivyN5FMy5dCNdi3Zcxv6e4kUfSPxfFwpdNq,1.0402026049999984,1.0232381750000004,3270.151859536604,3143.764343424817,1.3080607438146419,3109.77183604039,1.004959647,7.650513994,26950.70925459347
Sid7E679i9ABqptiAVhkmQ27YHN8vaYT4fppPwmxFsJ,GP7KB8o1bv527HG8kTzzzf4wJ5aEGHvcMQvVhLziUfmT,9gYxhAZ1M9wu5pxr8SBoa5NDm21gi3s9vMHaYTME77sa,1137.5126729999884,2596.555317999999,9.372291550178526,0.008239285392276786,0.0037489166200714097,0.01903260504118513,129420.765425,11163.317736,1278.8016394420283
ACUSESXyNnwRLAg1dpSGMLSzUDdLjUMybY8rkXiAKhCP,AhFPQdu8GKBsxuhiH46UmCu1YpaLgNpoP325HnYtsgas,A8wxWpT3aFEr2XqZp1kDmbxbFfcBE95UUmdsNTDBJYbT,0.06079791100000875,0.06159438499980752,0.06079791100000875,1.0,2.4319164400003504e-05,0.9878786089470295,1044.551691297,1841.390268127,2863.6217479028983
SAMyS8Jr2HJrkFwYVKbpUwsNStnQmvz3f8Tup8bWUWF,6jPzm5TFfquvgm25sTyN3MMGBfufRaFHMxobDWv6hMFW,Cj9ECoDmxsHTDzCY5ZA6RWrPbg9uFzEC1Qc2kso2vJG6,1529.461301680014,30.23464457,1483.161234934867,0.9697278599371626,0.5932644939739469,0.019051875781007834,454.06506324,110231.72357137,2540.440646656092
wrmcMSHFi3sWpAEy4rGDvQb3ezh3PhXoV2xNjgLBkKU,8p4mGnARWPBu6P2Gcw4adodLkNDorrXniZMhaY7eJXUn,AyY89zccbsgp9LKFgH4CFZMJmpSgqmPSdTfukhP227rc,0.003771310000000916,0.006313650000001156,1.2185169628435917,323.10177705977384,0.00048740678513743663,3143.764343424817,27.07551483,0.09648911,9051.485979928055
BSCuChvaSj9b5HUSqgDVRzcnr2sSn7cXaamt1jbKH6hn,GnKpRj5kBVPMJfiwZtEuD9GYApLzPdW5JFuZTcyX4BTc,3dmwD9okkomV9nDwyuh4UMhKdUR13QpuKxRo89ycZB5t,1159.609141561,1161.7878207640003,1157.8833141654698,0.9985117162898466,0.4631533256661879,0.999618272771322,1682.681584715,1429.791989627,3109.423476216307
FrnkTEL6yZ5Aycq2TrEgu29dCrwKG4LPUZydfiwqspkc,DjvZuMZ46fxKBoBpGMPcRcos4xdTtHFxwMh69DpA2ZFY,9rvDPJLAng4uVVqnnSoEXgNDFhBZQTny9AoQioYDZbQX,14.208573897998605,11.861518410000059,2471.355471549009,173.93409706635794,0.9885421886196036,147.54439647776115,173.206222648,1438.317318859,242342.12869711715
C98Sspw7XqnMsgxea3SLQVdbMDL8pKUc3RE82UvX9eq2,CSqgQJurPCzGxb4Cgwx5R61hWQUiaoUHcShNc8r1cKEL,6S2CR5EnukPhC914XkAns8m5GixjMAoUuZMsS5ubHuWc,55.55644899999993,55.58952399999998,0.0,0.0,0.0,1.0,913.936198,849.693777,849.693777
SEQV6QiTpvTzrceiaYg9Avnwf7oc8ZALpnQMz6TyT4A,3dFMPj4r9mMmPHF32mz1gNDX7f8ftidWof7S8YiYTs1j,Fc1ED3YPeQfXQosHbd8DTaBd2AV5gHQtwiSAL5C5pUhi,927.3317002150006,926.938092692,927.3495071802377,1.000019202368724,0.37093980287209505,0.9990389245545785,2398.752645309,3227.996594122,5623.692952899259
AURHmCnNwiW4uA2Qj1XvEh4iKgRUZYXtiY7FKAapUV5Y,BKWm4TRnTeKwfWXRyuzjRHU7iZDkPuXBX5b5V5jSVfGJ,A5Ww74HVrkj9nPeC7pHKLfgeDMEhBCpW1efQdz3TGLEg,0.010027640000316751,0.008948980999946343,1.656482873885679,165.19169753135876,0.0006625931495542717,147.49229905833542,289.929235065,1809.454891737,314774.56452899723
YAkoNb6HKmSxQN9L8hiBE5tPJRsniSSMzND1boHmZxe,CfWX7o2TswwbxusJ4hCaPobu2jLCb1hfXuXJQjVq3jQF,EnTrdMMpdhugeH6Ban6gYZWXughWxKtVGfCwFn78ZmY3,6047828.56172202,6048846.145849023,6047828.56172202,1.0,604.782856172202,0.9995212293311505,725175.480621,731109.891305,1455935.3379543375
moFiBS1R4Lf3E3zzmBPnw3NF4RhWPkhREFviuzUaCAU,44ALBrpqi9PfZkBRTvbtRNtFJGsatfY4QydjtMbFWq8S,2ho8qEEie1UjVwWNBo9y4oAJZMyMLx8zPj9bxyUz6uWs,69.8341394880008,69.84433589499895,69.82425356070891,0.9998584370429081,0.027929701424283564,1.0,33944.040758598,30457.595638246,64396.831178058565
2jQoGQRixdcfuRPt9Zui7pk6ivnrQv79mf8h13Tyoa9K,,,5.924799999999981e-05,7.047299999999972e-05,0.0,0.0,0.0,1.0,33944.040758598,30457.595638246,30457.595638246
BUSDgu5JdqP1rndBvXvanbEufS94FNh1w5FJcAj6vawb,Bgzr8cWubt89JQFXndVjtdKmDbGzuPxNhvjH1EhWCwbo,Dxaf8xPBBQsasRKW5Aa4Sw2YrbfGofY9xZueyyF23FBW,15044.629679070005,14916.757763730002,15070.565821437383,1.0017239468780983,6.028226328574953,1.0,6792.13816383,8266.16760023,15070.015049443147
SoN9GaFpSXfpyR5dth3x7PHPVhvJMpQqqDJfCSmPv1t,9kZ9iS68ViMPtoeqtnhAKuF2iqVyfHPdZHoUNdwCELr,BBhm5fJLjw3HRzjtKB8uMEYjGhY6EDm9co3cqpjrSzB9,0.4135406679999989,0.40611490600000066,72.86554343187431,176.19922070608666,0.029146217372749725,172.6714606019845,1.561020869,2.420380981,692.9813798262724
Cob4usZcpHEY7Qt4ZCwj6WVg9S44zvzYV2v9qYF65dTf,NhFM9UXE48PyNAyeyPYA3iXztqKVJwA4bTdLj4ysM8w,6TuFuynuBoeskxyR2cz4wxyidk8dpDK7kAWw3UkjQGx,193.6401729999935,3154.4572909999897,1.5951869239998113,0.008237892474924947,0.0006380747695999245,1.0,72228.177467,177.043981,772.0519406329429
BSC8REUo9LpiiWUuqMuLXs2D2yJsJfGd4HdiF3wCLxk5,AZjEH1zWVx1UJ6udMyRijGTzPteuLnaY18yNNmprJEsh,Caf8ypkSVR8xYnXNhjvfvdGCC7mrM3C11rz8Xi6NA6aK,1384.190064501,1383.6474030040004,1384.7502943123204,1.0004047347439402,0.5539001177249282,1.0,3144.604205129,3209.922130148,6355.799065854757
ALBpShJ9NLpE739pcHDF2LNVk5J4VYPvvKuV6jMPitZi,D6d156U1bPiJpDYRLextvDRccgFk7QzkQbJg42ceKEu5,GNcM8U5g8RwTZffwwm3kSQqUNPSwv5d2fbN9sLxPJqt2,2688.4488700000074,2684.783077,2691.360922518172,1.0010831719920954,1.076544369007269,0.9997970412006363,44516.386173,55792.422991,100345.70450350805
