0,1,2,3,4,5,6,7,8,9,10,11
BSCNHw8CmxbZ8hCWWzMf5FaG2ajPT6JxfznKUNuRVrn4,7n9kgNL633yGzCYksgnzHyjG73ZLBAwvEae5sbAekbzW,SscdxE99omdG9AiMVwmaEMQySQnCgeAh1sPj2Leutm2,553.6416398689998,553.4135907369991,554.3117767544425,1.0012104163364612,0.221724710701777,1.0,5494.519920333,6203.359653256,11704.530230261582
MATSnbbiTCv7Dc3trJrkrqjx7ckKdr6fwPoVwv9q3sD,631WX9JizSHJm4w6VanZeJAst9T8DeUUnPLesdGkCVtK,211maUSfpnXbPuW1iBu8b4dtJv5EbN1j7JJiEX5TZKEP,197.60249599999588,197.39618600000176,197.610202797905,1.0000390015210594,0.079044081119162,0.9972386461887035,19725.324356,25829.100706,45483.8710939764
KEnkcdADoLR5jS2CLLLesy8TtFsyWL37BhXNfDMzWzP,3qsjFRuw1qeLMPo4DLwaQevenGAGBj9dA3Q6rb8ax2YR,77iEv8zPQAEyCcEbvBRSB6AFcUdfkhiqnAKtPxk76rNN,0.010430999999999968,1.2497979999999984,8.496156651828435e-05,0.00814510272440654,3.3984626607313745e-08,0.9961459114685284,119.987883,0.291673,1.2678624991548333
SAMyS8Jr2HJrkFwYVKbpUwsNStnQmvz3f8Tup8bWUWF,6jPzm5TFfquvgm25sTyN3MMGBfufRaFHMxobDWv6hMFW,Cj9ECoDmxsHTDzCY5ZA6RWrPbg9uFzEC1Qc2kso2vJG6,1612.614899710019,109.61002653999816,1567.237618881343,0.9718610557072022,0.6268950475525372,0.018760365688304217,448.09339905,110538.02876137,2509.218365883752
KEN5P7p3asnb23Sw6yAmJRGvijfAzso3RqfyLAQhznt,9zj4aX38Uxf3h6AUjS4EipWS8mwbEofasHAf3a1uKGds,CwQDG1MWunn9cLNwcZLd8YBacweSR7ARo32w4mLua1Yr,25720.797701997915,25724.26432699943,25713.59789458743,0.9997200783780541,2.571359789458743,1.0,1153546.270125,1086783.967929,2240007.335511077
heyk4SZTeCUV6a65WiVA5bzic3KcxgVf1qxobfeV4tQ,9ZDpBKPqMABtGfq66FbVribaArMvtk63xxy91onZAtDt,DaTP4s6N7xxSPinbNZ3FB52EpRDRt87QShTuN3VPCW52,44.170748926999295,38.37761963799994,6840.183067728944,154.8577561823475,2.7360732270915777,145.43254547675699,625.307386798,4474.094672286,747512.6757383354
CZgvH45CRmoaNJ7395Ao5CQZXkGznvqU7cErD6n7FaRg,4ZjU6MKvtqVQKCiowhvZ5yUsPxXX5SCzd5eFsPeXyey5,BsyWeshjDbCvjDojry3vKDCesmFRM37WtwcR4Kfgzqr,2.2812843499999644,2.2088439600000243,2.357449536872089,1.0333869764512809,0.0009429798147488355,1.0,206.08591301,599.35162227,812.3181208046055
daob129AwBGn9Y5r91uLoWZeYiGzbPmksauMhFZKTze,6VW5GQNyj4LStgmxEHLr5zUfW92vQnmbw8jTnCH7a38F,4VPCCUifPeBA1c7HWK358CHn2nyjm8pdTRk6Ps3KmnMQ,10.143383725999826,9.073828961999993,1603.112054289095,158.04509595549956,0.641244821715638,145.28609811083035,48.181614292,224.197355079,40187.62678026628
moFiBS1R4Lf3E3zzmBPnw3NF4RhWPkhREFviuzUaCAU,44ALBrpqi9PfZkBRTvbtRNtFJGsatfY4QydjtMbFWq8S,2ho8qEEie1UjVwWNBo9y4oAJZMyMLx8zPj9bxyUz6uWs,712.3288617510007,712.3471050999979,712.3768795145643,1.0000674095437403,0.28495075180582574,1.0,33275.521490498,31126.090148749,64403.85472696839
TETFuZgEmET6d9vYmz9iMFCxK1jKdKYxf3oPz8hSzJK,Eu1Ze6Z84LWNkq7SNoAHBJbXx5t1P95EwyqYohrfCRFV,ASMbv7WNu3qe4pkhREmvyEdwFNDZQ6B6iSrjkj4u8bdC,8.758831354999984,8.714619835,8.789474654223909,1.0034985602510125,0.0035157898616895635,0.9995282226788955,56.949937541,295.789182249,352.79881594976547
Dg3mAgpwDfVNnbGWcsxL8sUcSkEbjSJQhKAWNigG44Ju,EATxwd8YA2wV93VJcKMmH2Kn2Y9XfJVUB9hHVu3udwEy,GiGvrRi7NMHfHKanG2B8xyCEqe8jaafWins8bhrLVEaa,0.03616318799999996,0.035638322,5.641986659188358,156.01463729327085,0.0022567946636753433,171.96848367993294,0.206058803,0.253477973,75.73841207420354
YakoMPuYrybnr9R7VC7hVGxMz94fJvPFCdZ4gmW61Ed,,,0.2673080000000001,0.26703999999999994,0.0,0.0,0.0,171.96848367993294,0.206058803,0.253477973,43.590222663072986
DFWzVTzNBrQZLjoQ4yQwkj9HuoXmfkuZP9V5vbymZe23,DhgiEgiNdqZdRdo195UUHnoEJUtefK8buko8nU97XJUZ,2K2kkXsouBHtWVjtcgkyiXd8eP3oVBvq1bTJzcVdLLr2,23.373107691997575,23.77524678399641,22.995602680159013,0.9838487454551107,0.009198241072063606,1.0,45475.905730365,22540.180524528,67281.59332578248
BSC8REUo9LpiiWUuqMuLXs2D2yJsJfGd4HdiF3wCLxk5,AZjEH1zWVx1UJ6udMyRijGTzPteuLnaY18yNNmprJEsh,Caf8ypkSVR8xYnXNhjvfvdGCC7mrM3C11rz8Xi6NA6aK,1358.2409213029996,1357.7869807660004,1358.8528222408243,1.000450509867747,0.5435411288963298,1.0,3144.604205129,3209.922130148,6355.943010501569
HEDSDjj84KS7LKhZY7ejkCACTdPen62rKhCby1wXtgxc,EnnjMSFttpCTywBrYNt1J5QQeoSVkvzPipJDa8Y7kJow,6bjVT6JN2rSvpyn9PdfLYC8wJn4LWh49jpY47fnLDXZk,5.238722050999058,5.409547567989648,5.074425680943403,0.968638082254369,0.0020297702723773613,1.0,39108.497436043,9060.386958917,46942.36691521559
KwnjUuZhTMTSGAaavkLEmSyfobY16JNH4poL9oeeEvE,J63v6qEZmQpDqCD8bd4PXu2Pq5ZbyXrFcSa3Xt1HdAPQ,BnKQtTdLw9qPCDgZkWX3sURkBAoKCUYL1yahh6Mw7mRK,217.94724499999904,11445.663004000322,4.088835755760708,0.018760667315435558,0.00040888357557607077,1.0,279135.31382,543.185328,5779.950086566721
KZMu9QBEdL97EFgamLbN5DE1AoKBG4HdrKKJo4Vuon3,DD4ACBWyVqdaKWh7v5btsgqQCCMwbKnuL2xd9pv7Gyuw,GcYqiJ1MAuYbNTNYXm1F1gQYTfTgkErACAhNU5dpVj9T,32.289235520000034,33.23036752000144,31.380650520445723,0.9718610557072022,0.012552260208178291,1.0,2266.11182604,829.43021792,3031.77604952581
iLiUBQ7Z7im6Ew3b4ewwPcehzWgEQRJ1iQz7g6D62NW,GpugBvKWM3TVhYcZjemSdtehBWgfvuGr6uAm9iPjXT6v,92fMXJ3xy8tEyMUWLHKRLyhPw2nECBo77GtDiBBbYrjX,0.0011553950000688928,0.0011553950000688928,0.0011347363988316046,0.9821198800098179,4.5389455953264186e-07,1.0,1805.840138149,1156.638795719,2930.190295514809
BUSDTd9WiT6uBHJRgNvFXBsA7JrifsAtWzKfioN7ERcy,DyBxrn7gSc1EwnpWhDyhzvMHPtxpmBqRqotapLcKcfTM,Cds99GeBgoCpqBsoRWu1C6fF9LiUMd4pXQQD24s9LPff,390.07533365999996,389.71651615999997,388.5982793720723,0.9962134127424342,0.038859827937207235,0.9985869993958549,167.27209126,96.88837408,263.39017163957885
C2ypsDADXcCRz8HbV2zX1AXPSja7a1P3xZtRC91xGhJh,J9bYNuDpY1d1T86gLaw7DGk5D3CsUAf2tzUwxMvb6FTv,A2NGvvPrMGzsJ4jb52KEnSBVmsA7C34dV1GC7PerdgvG,584.5584467740001,587.5987588809992,84757.68999795413,144.9943807427743,33.90307599918166,145.7658801722836,2016.98525725,1151.057969414,460236.5063832223
ALLwa5WNZbvQsRKAqe1jdRGemdYQnW8E5k4msbRFcYtu,CGoM82Hbz7QVqTgvQatYtjvDWBvoUJp5qm21P8iMs9yb,3dxNNww8TivyN5FMy5dCNdi3Zcxv6e4kUfSPxfFwpdNq,1.1499504349999956,1.1345808859999997,3557.6847291402273,3093.77223648795,1.423073891656091,3063.2656249521365,1.014771921,7.640757962,26545.144409131288
wrmcMSHFi3sWpAEy4rGDvQb3ezh3PhXoV2xNjgLBkKU,8p4mGnARWPBu6P2Gcw4adodLkNDorrXniZMhaY7eJXUn,AyY89zccbsgp9LKFgH4CFZMJmpSgqmPSdTfukhP227rc,0.0018431499999985168,0.009454329999999234,0.5844145549547588,317.073789412272,0.00023376582198190353,3094.250881861501,27.07933659,0.09609759,8883.497919963957
SoN9GaFpSXfpyR5dth3x7PHPVhvJMpQqqDJfCSmPv1t,9kZ9iS68ViMPtoeqtnhAKuF2iqVyfHPdZHoUNdwCELr,BBhm5fJLjw3HRzjtKB8uMEYjGhY6EDm9co3cqpjrSzB9,0.15032939699999992,0.14800300300000035,25.964195933140488,172.71536007784627,0.010385678373256196,169.83410095516396,1.542677072,2.439082328,680.683380305826
GokA1R67GqSavkd15zR62QD68Tuc5AEfvjssntVDEbM8,3YB7hfpBdbQEuZqLGWVDpRPmeZWCUsrrWyqGXegnQ6Cg,4DPCj6Z1DsG6HUtwSogBGqXEUxdEV5a8YVrrFtcnz7UW,9820.998409000005,9820.803558999994,9821.155547488765,1.0000160002560041,0.9821155547488766,1.0,16803.061261,15595.210245,32398.540359281826
2jQoGQRixdcfuRPt9Zui7pk6ivnrQv79mf8h13Tyoa9K,,,5.924799999999981e-05,7.047299999999972e-05,0.0,0.0,0.0,1.0,16803.061261,15595.210245,15595.210245
ALBpShJ9NLpE739pcHDF2LNVk5J4VYPvvKuV6jMPitZi,D6d156U1bPiJpDYRLextvDRccgFk7QzkQbJg42ceKEu5,GNcM8U5g8RwTZffwwm3kSQqUNPSwv5d2fbN9sLxPJqt2,2688.4488700000074,2684.783077,2688.4838202896713,1.0000130001690022,1.0753935281158684,0.99976605474319,44516.386173,55792.422991,100296.33551181894
BSCuChvaSj9b5HUSqgDVRzcnr2sSn7cXaamt1jbKH6hn,GnKpRj5kBVPMJfiwZtEuD9GYApLzPdW5JFuZTcyX4BTc,3dmwD9okkomV9nDwyuh4UMhKdUR13QpuKxRo89ycZB5t,1115.442226677,1117.6513157560005,1113.837819039645,0.9985616398599731,0.445535127615858,0.998447414270809,1726.18082193,1386.365971367,3107.9114715856767
vEnkoSUkpnbRrPgBz9DfcVxNz67zjwMYBZraAvDDNSf,DtfyjjsZ5yCjWKLKHvwsfXs5QVsmm1QkK6Sh9JZHoq1g,e5wrKCRv4GhHvEf1VD5Pq2KGaZDXP77nTL612Jyrxwy,1196.2188090000004,1196.6575679999996,1194.1898803932124,0.9983038817049833,0.11941898803932124,0.9998490227975576,1106.948822,839.761646,1944.7061669873272
MARpDPs5A7XiyCWPNH8GsMWPLxmwNn9SBmKvPa9LzgA,6YjT74rmcfCpw8LSjPNx5JTmZoYLGrTKnf9arfSgZ4SR,F8GSmi3vA8M8TsybLya1LQ4n1aFHCRbZ6k437PeTdXtg,18206.88410499997,19143.674302000236,17262.798896167467,0.9481467996726998,6.905119558466987,1.0,297033.595086,15102.717207,296734.1697830675
ACUSESXyNnwRLAg1dpSGMLSzUDdLjUMybY8rkXiAKhCP,AhFPQdu8GKBsxuhiH46UmCu1YpaLgNpoP325HnYtsgas,A8wxWpT3aFEr2XqZp1kDmbxbFfcBE95UUmdsNTDBJYbT,100.50026854499993,100.5350944270001,100.50026854499993,1.0,0.040200107417999974,0.9878964409894633,1044.997638794,1840.979146512,2863.6943855690242
SoNcU2iwHMw6dGzsYNQkYFkUjwN1UdAjrWVRnStrZu2,8ivTTid27jZnYNc4w3CTA1Z6QS2twsFb8WMwUabeDJgc,CyXm53PMvHCbeXJBykU46Rcbo28xk5srhMZFg7gv6EYB,2.5900175510000043,2.5752861700000054,444.8780966698101,171.76644092548443,0.17795123866792406,170.38012999663158,15.553025772,19.12733326,5930.40540980647
BSCrK1Nx9PXU9mF7STWWBqeHLxmtJDr9h7jheEy4tAWX,FfSySSbVJPvEo5a5AvrP3nySoXpRE2QPn1uUMpJJ1x7v,HL7Vcj6838ZmvBHDbQxXfjBNckNi83WvPiZQoMQLFeRM,0.009278805999999973,0.009268523000000028,28.789791960781187,3102.7474828961044,0.011515916784312475,3094.825451844516,0.830047351,0.974241626,5590.535109391016
B2izdXFYb2sNwbWWHmh75T4aQFtfXsUxem9u2p61HGzf,4DYwgJtxwuJdAjkj5RJSNH4e7U329V5cNp7d3a1nLrZv,EXNW64GEf1ACC6xY9BtKRiunrs6GoJSXBdxWN2eTPmrF,3180.4619359999924,3148.9771619999974,3170.6550997763843,0.9969165371505933,0.31706550997763844,1.0,10611.284095,29319.93701,39898.50160470857
Lid8SLUxQ9RmF7XMqUA8c24RitTwzja8VSKngJxRcUa,4PgzyzLtds9bKZ2to9PMnKqJzKEUpjvNUaeN23phegax,AtymwxoVN9peZo7EXTcDz9jKVc4vRmisJKKrNfe3ewBa,58.13910758098973,49.22109116199965,9966.605629725442,171.42687675144697,0.9966605629725444,145.10877498881936,971.793141461,7670.911249893,1279707.9976090628
YAkoNb6HKmSxQN9L8hiBE5tPJRsniSSMzND1boHmZxe,CfWX7o2TswwbxusJ4hCaPobu2jLCb1hfXuXJQjVq3jQF,EnTrdMMpdhugeH6Ban6gYZWXughWxKtVGfCwFn78ZmY3,5794664.8157159835,5795099.201401984,5794664.8157159835,1.0,579.4664815715984,1.000133017691353,805911.880557,650974.90058,1456973.372315404
7dwD9TF6uikvHXxPFK9AsSim54yJoujQjY9vU6gNFumk,CquVr6atkvwueDYficKjn6SSEWq4F4rH4VSiBbW4GBWU,8BCa6ge3b7ho3TfZuM64Vk1hgbrJ3J7EPiAb9uP86CGd,0.0001259389999999994,0.00012567800000000016,0.021588948235825627,171.42384992596203,8.635579294330253e-06,171.86182034665217,0.003811697,0.003696205,1.2886522941656373
RoBgmK8CvjdHvPrqdDyVw54VwjZv2TqJ493xnqJAQHx,ExiHJxM7qPAcy27NDHAF6G7vnW7muNHi2sVJpnaNynGQ,6rkPHSqZb7StM4HwS9EuVrmfkV7tRdc7dnsFhyB6cefE,0.4761300000000013,30.960519000000204,0.0,0.0,0.0,0.9463298489468296,6353.465501,17.53959,16.598237555289323
STK75uPSyBnEhGTTzb1nwmP3n427XoXmfRhXxxhyady,6TYyD5fUmDe6N65avW1Ny2RxzRNobw2RRgKwH9CTzSAU,54zDfk4cx2vGrEajPtodWpArNe5eUurytyxd4X3aZAxK,347.8039558660007,391.4187981340008,50475.573157691666,145.1265067759566,5.047557315769167,163.46423876502115,1827.899948714,322.982788299,318072.8699163131
C98Sspw7XqnMsgxea3SLQVdbMDL8pKUc3RE82UvX9eq2,CSqgQJurPCzGxb4Cgwx5R61hWQUiaoUHcShNc8r1cKEL,6S2CR5EnukPhC914XkAns8m5GixjMAoUuZMsS5ubHuWc,23.17499200000009,23.19634500000018,0.0,0.0,0.0,1.0,916.367061,847.268021,847.268021
MATgk4zXLXtYkwBH678J1xZbRDZ45LicNzkRBHkxTuY,y8dALFo1bJrSzPYjMX14HJX448pXqYmrfXHD1K8MXih,GN7Yuet3UyiWS5YVkEHv6oQKi4HGBJc3XDPt9zQhAqZz,27.79927299999963,27.776223999999274,27.831195381101754,1.0011483171197364,0.011132478152440702,1.0,3587.867014,4472.99353,8064.980553115513
SUiuyGR7SFq3xeRVJonq84fjjeFwRSsFekcevJ53tzy,49GjCCPsv7fBqo6t3iKDrP1xxGDS8uWZbVCdfnp2gjMf,CEwj5xEbbJEjYqM8D6Ai8ByGz1mrh8mkAVsE5fzDSSSx,4.078188000000074,6.960512000000064,0.03337626025277361,0.008184090643386967,1.3350504101109445e-05,0.9483275295688522,645.638187,1.662669,6.8607162305007385
WiiQFxXqp8P9Fs1rt9SVcDyA3KUdJmUsog6wnVQAwba,3S2jpqSYxho6wiz3cafhjXruVY8cg4HYa2v3BqBHYFSj,Dfe67M6TfrG74gKRtdqys4e6E9QirPD53BkF4FujFjuv,18850.905668626998,18855.232152829994,18847.68808555547,0.9998293141386367,1.8847688085555472,1.0,15162.701085397,11651.858494384,26811.971521085645
BUSDgu5JdqP1rndBvXvanbEufS94FNh1w5FJcAj6vawb,Bgzr8cWubt89JQFXndVjtdKmDbGzuPxNhvjH1EhWCwbo,Dxaf8xPBBQsasRKW5Aa4Sw2YrbfGofY9xZueyyF23FBW,12906.294556929999,12782.164527590008,12923.713396319827,1.001349639070532,5.169485358527932,1.0,6809.36578001,8248.92438025,15067.480346362247
KysFMBBoavfov2tLpvefWW6tPFt6rAeZWDJVy1mMQae,B8ka2V21TH3x64dFV8ETcjuQcwmrciJ2qzy1mJUttRew,7fSf7EYxBANyxzk2s5pymFgshA91tFYQNKKs5UnLWcYS,23.97555500000226,30.378341999983604,0.0,0.0,0.0,0.018813085095177182,134426.336645,2669.123243,50.21444270007429
JSoLLrxK5bYdHwTEWYaGgmeycBCNXKDiBCTw5hXGBg7,xG4wXczA7Dk4hccJ61CHKpDHW4NrNfQwgmWgkb9BuF2,BVR6WgfhsRr9Lob4QDnkEAiNGgAbv7ZieKcY9kSg3QYR,1.6376420530000821,1.3974184079999894,278.0873685758615,169.80961625064444,0.1112349474303446,145.62457140868327,17.131219117,164.588517501,26877.17806403717
AUSejoEUCh2DBs9mof6BNC8Pubs22w4cJa1ccV9h44R,4xkyD7AfGQDwsQMy9MosRRNGoVJ1zosNinesxg1TzHG7,Cbm5gsQe3nSiCsFrvepVzMCD9xLK3ri9g3ypS2hdmVJ7,469.12780700000076,468.8578500000003,469.637363539441,1.0010861785036764,0.04696373635394411,1.0,14076.440045,14800.690636,28892.420207585168
Sid7E679i9ABqptiAVhkmQ27YHN8vaYT4fppPwmxFsJ,GP7KB8o1bv527HG8kTzzzf4wJ5aEGHvcMQvVhLziUfmT,9gYxhAZ1M9wu5pxr8SBoa5NDm21gi3s9vMHaYTME77sa,1224.440236999999,2805.3757250000053,10.02092988701821,0.008184090643386967,0.004008371954807285,0.018813085095177182,129324.31908,11205.09613,1269.204376738349
FrnkTEL6yZ5Aycq2TrEgu29dCrwKG4LPUZydfiwqspkc,DjvZuMZ46fxKBoBpGMPcRcos4xdTtHFxwMh69DpA2ZFY,9rvDPJLAng4uVVqnnSoEXgNDFhBZQTny9AoQioYDZbQX,6.671486615999527,5.570700814999952,1157.4480567358921,173.4917752754095,0.4629792226943569,145.60692972499947,173.387929873,1438.102666838,239479.09371261
Lee1XZJfJ9Hm2K1qTyeCz1LXNc1YBZaKZszvNY4KCDw,9DgFSWkPDGijNKcLGbr3p5xoJbHsPgXUTr6QvGBJ5vGN,2hNHZg7XBhuhHVZ3JDEi4buq2fPQwuWBdQ9xkH7t1GQX,9333.05129111199,8280.888905959015,1607469.1862289216,172.23404608948627,160.7469186228922,145.35754175976817,6759.020497334,53801.115311527,8984531.313474994
parEAJhzYzHW87y9VoZAQ22dzQ2MD2ekEtTReaxbMcz,3oyc6hpjYSJEquK6dSvG72NXyz3pqLZz5D8AC71pwgQb,Di2vordgFJVZ1aj1aBpvzXtLfZgJsuLLXawGtVFwX6Rz,6.479161642000037,7.6160829009998,919.8217191761698,141.96616321679426,0.36792868767046794,167.4008309107643,1101.85320185,141.146410799,180053.89794260912
SEQV6QiTpvTzrceiaYg9Avnwf7oc8ZALpnQMz6TyT4A,3dFMPj4r9mMmPHF32mz1gNDX7f8ftidWof7S8YiYTs1j,Fc1ED3YPeQfXQosHbd8DTaBd2AV5gHQtwiSAL5C5pUhi,927.3317002150006,926.938092692,926.5810667004748,0.9991905447486031,0.37063242668019,0.9981404643149813,2398.752645309,3227.996594122,5618.804981647563
AURHmCnNwiW4uA2Qj1XvEh4iKgRUZYXtiY7FKAapUV5Y,BKWm4TRnTeKwfWXRyuzjRHU7iZDkPuXBX5b5V5jSVfGJ,A5Ww74HVrkj9nPeC7pHKLfgeDMEhBCpW1efQdz3TGLEg,0.0011779309998019016,0.001051164000045901,0.1904441245438332,161.6768083833952,7.617764981753328e-05,145.24013932015123,289.929395077,1809.454712608,309680.3138052679
Cob4usZcpHEY7Qt4ZCwj6WVg9S44zvzYV2v9qYF65dTf,NhFM9UXE48PyNAyeyPYA3iXztqKVJwA4bTdLj4ysM8w,6TuFuynuBoeskxyR2cz4wxyidk8dpDK7kAWw3UkjQGx,148.377408999997,3415.2122069999605,1.2143341646868764,0.008184090643386967,0.00048573366587475065,1.0,72322.590664,176.274073,768.168710558748
RajgMbScQbqqrdJfR2rxfHJiTiY5b6bJ2tTXiF4aPxy,725ZA3fhyBAKb5iopNRrcbSuQa3LXA1656Q3mBvYPxeg,GLA6i1dSZpUfk2f9Nj8uiG7xyDdAR2reff8oEiZH3617,17469.87452602001,17453.231041850013,17484.271949757032,1.0008241286287192,6.993708779902813,1.0,65609.32436636,115826.77689836,181490.17178724124
KEVpg4SYCVrqFxKijQH6hm4QxsRdoE51ud64bEEFUC9,2bPenuBYfqzD8p5dFjCcggwkHDsc2RQDnx9AoyYGUBjA,AE6n6iLuX8oYu61vt5hoDYkjswpnxFxrhSehxrnQTnbx,182.89463163799996,183.3333330000005,183.33631228133365,1.0024149459138194,0.07333452491253346,1.0,1726.187071586,5917.083102796,7647.438822797015
