0,1,2,3,4,5,6,7,8,9,10,11
B2izdXFYb2sNwbWWHmh75T4aQFtfXsUxem9u2p61HGzf,4DYwgJtxwuJdAjkj5RJSNH4e7U329V5cNp7d3a1nLrZv,EXNW64GEf1ACC6xY9BtKRiunrs6GoJSXBdxWN2eTPmrF,5276.071682000003,5211.211942,5349.406698428764,1.0138995489160907,0.5349406698428764,1.0,9015.151315,30736.75984,39877.2176916888
CZgvH45CRmoaNJ7395Ao5CQZXkGznvqU7cErD6n7FaRg,4ZjU6MKvtqVQKCiowhvZ5yUsPxXX5SCzd5eFsPeXyey5,BsyWeshjDbCvjDojry3vKDCesmFRM37WtwcR4Kfgzqr,4.8730704799999955,4.986014000000068,4.989610415460916,1.0239150933562777,0.0019958441661843667,1.0,236.51912528,568.12209075,810.2975929916163
HEDSDjj84KS7LKhZY7ejkCACTdPen62rKhCby1wXtgxc,EnnjMSFttpCTywBrYNt1J5QQeoSVkvzPipJDa8Y7kJow,6bjVT6JN2rSvpyn9PdfLYC8wJn4LWh49jpY47fnLDXZk,18.50354572299875,19.11017510000238,17.0545163792584,0.9216890986499253,0.006821806551703361,0.9987346950249952,38839.223401154,9049.186326487,44835.425154881064
HDSBGqAuMRr6X2AfmmbXQPpRgU6VEhtfNVVZ3wUTZXg,DCZ1d8kNLgDcdSd99y4udLgwq46mfDXNS9KXj96kQf5L,Fq8GGYQM5Pz3q7LmVMbrXHJgsxA5ev86kTq8yGgGuYsa,25.036791459000142,25.134190798999953,24.81559930208179,0.9911653153607732,0.009926239720832716,0.9995989099377885,1870.477192725,1775.608124234,3628.848062063396
MATSnbbiTCv7Dc3trJrkrqjx7ckKdr6fwPoVwv9q3sD,631WX9JizSHJm4w6VanZeJAst9T8DeUUnPLesdGkCVtK,211maUSfpnXbPuW1iBu8b4dtJv5EbN1j7JJiEX5TZKEP,2567.487747000003,2564.8953270000056,2568.934056874023,1.000563317147554,1.0275736227496093,0.9996491231577717,20028.833927,25537.254648,45568.41072932652
BUSDgu5JdqP1rndBvXvanbEufS94FNh1w5FJcAj6vawb,Bgzr8cWubt89JQFXndVjtdKmDbGzuPxNhvjH1EhWCwbo,Dxaf8xPBBQsasRKW5Aa4Sw2YrbfGofY9xZueyyF23FBW,7584.301827639996,7561.049103939999,7568.070435615324,0.9978598699796573,3.0272281742461296,1.0,8917.03733806,6197.30436736,15095.258086120299
ionytDfEj1mXodptgrsKEZro7DGsfpzANUfarJdm6Qb,3gkSjY95an9xNFSjCfsay6JZez7uv7yfW3Ad4ubc4fMK,9wXqANaSuEqkKL9yHzCPEDGHwbkStVAqV5rB3QDs3Jr6,0.004746517000000006,0.018736505999999764,3.655638049614533,770.1727497477684,0.0014622552198458132,3094.250881861501,3.169047114,0.079872706,2687.859920846774
wrmcMSHFi3sWpAEy4rGDvQb3ezh3PhXoV2xNjgLBkKU,8p4mGnARWPBu6P2Gcw4adodLkNDorrXniZMhaY7eJXUn,AyY89zccbsgp9LKFgH4CFZMJmpSgqmPSdTfukhP227rc,0.006151770000000001,0.05408978000000886,2.227288196958726,362.0564808110065,0.0008909152787834905,3093.2937391734717,27.00647985,0.10409893,10099.879622008018
7dwD9TF6uikvHXxPFK9AsSim54yJoujQjY9vU6gNFumk,CquVr6atkvwueDYficKjn6SSEWq4F4rH4VSiBbW4GBWU,8BCa6ge3b7ho3TfZuM64Vk1hgbrJ3J7EPiAb9uP86CGd,0.0008629410000000003,0.0008583410000000003,0.17187652804796466,199.1752947744569,6.875061121918586e-05,199.87455872694298,0.003913983,0.003595309,1.4981795176292199
BkwbeSfcX1h4thMDd7obGkHrPevf3QwgzJ4pCEqG18Lu,35yX27bmurdebhfAb8EPmjLETDiUaEUCn9zHaDPbakH2,2CxECn1ZJFoESyUnQysQU8rRgT3iJ5GRs2Mdd6gZjx5g,0.007244960000000078,0.011600000000001387,16.96870901255405,2342.1397789020048,0.006787483605021621,1451.3788098693758,0.81391717,22.07407933,33944.158767525936
KwnjUuZhTMTSGAaavkLEmSyfobY16JNH4poL9oeeEvE,J63v6qEZmQpDqCD8bd4PXu2Pq5ZbyXrFcSa3Xt1HdAPQ,BnKQtTdLw9qPCDgZkWX3sURkBAoKCUYL1yahh6Mw7mRK,302.99818599997207,11877.199335999961,6.6933650175119155,0.022090445840202266,0.0006693365017511916,1.0,276350.005379,600.869442,6705.564268764404
YAkoNb6HKmSxQN9L8hiBE5tPJRsniSSMzND1boHmZxe,CfWX7o2TswwbxusJ4hCaPobu2jLCb1hfXuXJQjVq3jQF,EnTrdMMpdhugeH6Ban6gYZWXughWxKtVGfCwFn78ZmY3,6199579.032725018,6200479.70439602,6199579.032725018,1.0,619.9579032725019,0.9971740088588938,1122443.433408,360888.973533,1482312.537898873
2jQoGQRixdcfuRPt9Zui7pk6ivnrQv79mf8h13Tyoa9K,,,0.00023028300000000018,0.0002813360000000001,0.0,0.0,0.0,0.9971740088588938,1122443.433408,360888.973533,359869.1044908728
Lid8SLUxQ9RmF7XMqUA8c24RitTwzja8VSKngJxRcUa,4PgzyzLtds9bKZ2to9PMnKqJzKEUpjvNUaeN23phegax,AtymwxoVN9peZo7EXTcDz9jKVc4vRmisJKKrNfe3ewBa,73.28853720000563,61.91267468000001,14593.368198288514,199.12211043949438,1.4593368198288514,167.6606990076331,962.898531322,7656.236834049,1475384.4070605694
ALLwa5WNZbvQsRKAqe1jdRGemdYQnW8E5k4msbRFcYtu,CGoM82Hbz7QVqTgvQatYtjvDWBvoUJp5qm21P8iMs9yb,3dxNNww8TivyN5FMy5dCNdi3Zcxv6e4kUfSPxfFwpdNq,27.265009344999992,26.827058317000002,84359.55861695542,3094.059405940594,33.743823446782166,3064.5141519263534,1.027238497,7.659690134,26651.565748800793
KZMu9QBEdL97EFgamLbN5DE1AoKBG4HdrKKJo4Vuon3,DD4ACBWyVqdaKWh7v5btsgqQCCMwbKnuL2xd9pv7Gyuw,GcYqiJ1MAuYbNTNYXm1F1gQYTfTgkErACAhNU5dpVj9T,23.03908404999993,23.32563571000003,22.135137707647353,0.9607646579876695,0.008854055083058943,1.0,2383.3244944,716.46898991,3006.282932645851
WiiQFxXqp8P9Fs1rt9SVcDyA3KUdJmUsog6wnVQAwba,3S2jpqSYxho6wiz3cafhjXruVY8cg4HYa2v3BqBHYFSj,Dfe67M6TfrG74gKRtdqys4e6E9QirPD53BkF4FujFjuv,486.1626878190009,484.3749893690019,488.86910826737414,1.0055669028417518,0.04888691082673742,0.9977857617312826,3964.534186646,22869.380752735,26805.346857966288
Sid7E679i9ABqptiAVhkmQ27YHN8vaYT4fppPwmxFsJ,GP7KB8o1bv527HG8kTzzzf4wJ5aEGHvcMQvVhLziUfmT,9gYxhAZ1M9wu5pxr8SBoa5NDm21gi3s9vMHaYTME77sa,782.4956579999889,2008.5224890000318,5.680170989412,0.0072590447388937215,0.0022720683957648,0.022299193090318508,136019.415641,8685.515111,1181.0510020452675
Cob4usZcpHEY7Qt4ZCwj6WVg9S44zvzYV2v9qYF65dTf,NhFM9UXE48PyNAyeyPYA3iXztqKVJwA4bTdLj4ysM8w,6TuFuynuBoeskxyR2cz4wxyidk8dpDK7kAWw3UkjQGx,14.965839999999957,2081.827642999997,0.10890017160219288,0.007276582644354958,4.356006864087716e-05,1.0,73791.74898,165.018032,701.9697919244657
DFWzVTzNBrQZLjoQ4yQwkj9HuoXmfkuZP9V5vbymZe23,DhgiEgiNdqZdRdo195UUHnoEJUtefK8buko8nU97XJUZ,2K2kkXsouBHtWVjtcgkyiXd8eP3oVBvq1bTJzcVdLLr2,4011.5295451289967,4030.0521311990015,3974.3485723143835,0.9907314722735222,1.5897394289257536,0.9983387224356407,41558.101808165,26413.996530762,67543.03494023661
Lee1XZJfJ9Hm2K1qTyeCz1LXNc1YBZaKZszvNY4KCDw,9DgFSWkPDGijNKcLGbr3p5xoJbHsPgXUTr6QvGBJ5vGN,2hNHZg7XBhuhHVZ3JDEi4buq2fPQwuWBdQ9xkH7t1GQX,3186.0296916879597,2681.888372348977,635062.0957148776,199.32711153687382,63.506209571487766,167.93231655913402,6704.397594101,53897.077971443,10387429.366539614
GokA1R67GqSavkd15zR62QD68Tuc5AEfvjssntVDEbM8,3YB7hfpBdbQEuZqLGWVDpRPmeZWCUsrrWyqGXegnQ6Cg,4DPCj6Z1DsG6HUtwSogBGqXEUxdEV5a8YVrrFtcnz7UW,5925.144685000007,5924.004407999997,5925.399477177526,1.0000430018490796,0.5925399477177525,1.0,13810.931,18614.527718,32426.05261357051
C2ypsDADXcCRz8HbV2zX1AXPSja7a1P3xZtRC91xGhJh,J9bYNuDpY1d1T86gLaw7DGk5D3CsUAf2tzUwxMvb6FTv,A2NGvvPrMGzsJ4jb52KEnSBVmsA7C34dV1GC7PerdgvG,471.1710086579981,474.50837784100304,78876.59701171187,167.40545483978377,31.55063880468475,165.58810852180986,3809.177991968,2110.537833571,987157.1421358376
YakoMPuYrybnr9R7VC7hVGxMz94fJvPFCdZ4gmW61Ed,,,0.02116299999999982,0.02108999999999983,0.0,0.0,0.0,165.58810852180986,3809.177991968,2110.537833571,349479.9678247403
RajgMbScQbqqrdJfR2rxfHJiTiY5b6bJ2tTXiF4aPxy,725ZA3fhyBAKb5iopNRrcbSuQa3LXA1656Q3mBvYPxeg,GLA6i1dSZpUfk2f9Nj8uiG7xyDdAR2reff8oEiZH3617,4321.50794642001,4322.070371659996,4321.3059253679985,0.9999532521854603,1.7285223701471997,1.0,83821.91749512,100120.95070598,183938.94970964658
MATgk4zXLXtYkwBH678J1xZbRDZ45LicNzkRBHkxTuY,y8dALFo1bJrSzPYjMX14HJX448pXqYmrfXHD1K8MXih,GN7Yuet3UyiWS5YVkEHv6oQKi4HGBJc3XDPt9zQhAqZz,3219.0531739999997,3211.0762110000005,3227.5480805480015,1.0026389457050957,1.291019232219201,1.0,2889.576153,5185.735158,8082.936745578507
JSoLLrxK5bYdHwTEWYaGgmeycBCNXKDiBCTw5hXGBg7,xG4wXczA7Dk4hccJ61CHKpDHW4NrNfQwgmWgkb9BuF2,BVR6WgfhsRr9Lob4QDnkEAiNGgAbv7ZieKcY9kSg3QYR,3.039970756000031,2.5868723399999887,593.6373871736439,195.27733482368996,0.23745495486945759,167.7265587458079,17.054050966,164.689094165,30953.004647847614
SoN9GaFpSXfpyR5dth3x7PHPVhvJMpQqqDJfCSmPv1t,9kZ9iS68ViMPtoeqtnhAKuF2iqVyfHPdZHoUNdwCELr,BBhm5fJLjw3HRzjtKB8uMEYjGhY6EDm9co3cqpjrSzB9,3.4874312389999997,3.122496724000001,704.3993640385471,201.9822946360168,0.28175974561541883,197.51986160968417,0.837844136,1.38465819,442.72717520212666
BUSD5rCfUDpCxKGMvYU2yThChxgHoioK74PTPociGnv2,CcFHbafgYDZ8yA8Me1PdtDiVb2eeaS61LbqyKKK5CsNZ,26R9s4nmF3CFDTkiePDwRmtscn8i7r2eygbSijditJ58,34.68062882999999,34.419253,34.577691388513294,0.9970318461642873,0.00345776913885133,1.0,83.87875302,64.11630287,147.7460908474889
AURHmCnNwiW4uA2Qj1XvEh4iKgRUZYXtiY7FKAapUV5Y,BKWm4TRnTeKwfWXRyuzjRHU7iZDkPuXBX5b5V5jSVfGJ,A5Ww74HVrkj9nPeC7pHKLfgeDMEhBCpW1efQdz3TGLEg,0.014969343000302615,0.01338088800002879,2.8056414799410536,187.42582622926977,0.0011222565919764215,167.64434051985504,290.125761278,1795.066754965,355309.8428431486
BSCNHw8CmxbZ8hCWWzMf5FaG2ajPT6JxfznKUNuRVrn4,7n9kgNL633yGzCYksgnzHyjG73ZLBAwvEae5sbAekbzW,SscdxE99omdG9AiMVwmaEMQySQnCgeAh1sPj2Leutm2,209.0774120269998,208.7246189409998,209.6792089697967,1.0028783450921956,0.08387168358791869,0.9995989149337785,4798.099999677,6907.101929837,11716.242181665008
vEnkoSUkpnbRrPgBz9DfcVxNz67zjwMYBZraAvDDNSf,DtfyjjsZ5yCjWKLKHvwsfXs5QVsmm1QkK6Sh9JZHoq1g,e5wrKCRv4GhHvEf1VD5Pq2KGaZDXP77nTL612Jyrxwy,1079.51993,1079.8353699999998,1061.3934526162202,0.9832087607833422,0.10613934526162203,0.9989261543840372,1216.570106,732.405616,1927.761511766471
KEVpg4SYCVrqFxKijQH6hm4QxsRdoE51ud64bEEFUC9,2bPenuBYfqzD8p5dFjCcggwkHDsc2RQDnx9AoyYGUBjA,AE6n6iLuX8oYu61vt5hoDYkjswpnxFxrhSehxrnQTnbx,104.68321157100013,104.99862600000051,104.9552538046224,1.0025987188350423,0.04198210152184896,0.999599915131968,1534.890081813,5991.252613986,7527.734434052914
AUSejoEUCh2DBs9mof6BNC8Pubs22w4cJa1ccV9h44R,4xkyD7AfGQDwsQMy9MosRRNGoVJ1zosNinesxg1TzHG7,Cbm5gsQe3nSiCsFrvepVzMCD9xLK3ri9g3ypS2hdmVJ7,769.2549679999993,766.6252980000008,771.673392411818,1.0031438528347842,0.0771673392411818,1.0,13322.980479,15556.619145,28921.485113946677
MARpDPs5A7XiyCWPNH8GsMWPLxmwNn9SBmKvPa9LzgA,6YjT74rmcfCpw8LSjPNx5JTmZoYLGrTKnf9arfSgZ4SR,F8GSmi3vA8M8TsybLya1LQ4n1aFHCRbZ6k437PeTdXtg,19309.557251,20303.62171000021,18245.618731527185,0.9449009365858084,7.298247492610876,1.0,297167.045397,15064.20316,295857.6226780627
SUiuyGR7SFq3xeRVJonq84fjjeFwRSsFekcevJ53tzy,49GjCCPsv7fBqo6t3iKDrP1xxGDS8uWZbVCdfnp2gjMf,CEwj5xEbbJEjYqM8D6Ai8ByGz1mrh8mkAVsE5fzDSSSx,0.14810299999999987,18.44389799999999,0.0010773573696665672,0.007274379112283803,4.3094294786662685e-07,0.9404612774473624,665.005897,1.506777,6.254570428930659
ercAoEmXjQzEvAFbdjAo81KtMxRGn9AW1ju882upmPH,CMRhskR2Eg6V42RTSdRTXGdozyPbWB8U9dVpijPWb9T4,7TKLLgrWswt6ZJ1pXhVR3FyufHGjJFqiEXxvWJfDcgRm,49.38873701299996,38.86265427899996,8280.480755144157,167.6592935139158,3.312192302057663,149.33633439630935,39.737516891,323.712218332,55004.36009294102
SAMyS8Jr2HJrkFwYVKbpUwsNStnQmvz3f8Tup8bWUWF,6jPzm5TFfquvgm25sTyN3MMGBfufRaFHMxobDWv6hMFW,Cj9ECoDmxsHTDzCY5ZA6RWrPbg9uFzEC1Qc2kso2vJG6,1050.3507210899988,24.477289319999954,1006.8673135856201,0.9586010590260232,0.402746925434248,0.022346813154496256,504.78499628,107882.70079058,2894.721989183972
heyk4SZTeCUV6a65WiVA5bzic3KcxgVf1qxobfeV4tQ,9ZDpBKPqMABtGfq66FbVribaArMvtk63xxy91onZAtDt,DaTP4s6N7xxSPinbNZ3FB52EpRDRt87QShTuN3VPCW52,80.25789077800073,69.46057267100025,15533.7692770125,193.54818730509697,6.2135077108050005,167.9269020912273,625.540950117,4493.153996976,875593.7483112487
KEN5P7p3asnb23Sw6yAmJRGvijfAzso3RqfyLAQhznt,9zj4aX38Uxf3h6AUjS4EipWS8mwbEofasHAf3a1uKGds,CwQDG1MWunn9cLNwcZLd8YBacweSR7ARo32w4mLua1Yr,125509.20436999947,125515.84566899878,125434.19472155596,0.9994023573902805,12.543419472155596,1.0,1127392.806004,1113416.663962,2240135.6919872407
daob129AwBGn9Y5r91uLoWZeYiGzbPmksauMhFZKTze,6VW5GQNyj4LStgmxEHLr5zUfW92vQnmbw8jTnCH7a38F,4VPCCUifPeBA1c7HWK358CHn2nyjm8pdTRk6Ps3KmnMQ,12.820961106999988,11.458110062999992,2388.8359000214805,186.32268517819807,0.9555343600085923,167.89929937301363,48.149186358,224.294952547,46630.25107691266
BSC8REUo9LpiiWUuqMuLXs2D2yJsJfGd4HdiF3wCLxk5,AZjEH1zWVx1UJ6udMyRijGTzPteuLnaY18yNNmprJEsh,Caf8ypkSVR8xYnXNhjvfvdGCC7mrM3C11rz8Xi6NA6aK,723.4611091050001,724.3760591869996,723.5394995449993,1.0001083547394776,0.28941579981799975,0.9986793783478128,2992.448903758,3218.699610402,6207.222075783983
STK75uPSyBnEhGTTzb1nwmP3n427XoXmfRhXxxhyady,6TYyD5fUmDe6N65avW1Ny2RxzRNobw2RRgKwH9CTzSAU,54zDfk4cx2vGrEajPtodWpArNe5eUurytyxd4X3aZAxK,804.5300927300043,908.4216152989995,134895.74478612727,167.6702288765692,13.489574478612727,189.50146712035846,1714.713715416,299.502214622,344262.55019825854
FrnkTEL6yZ5Aycq2TrEgu29dCrwKG4LPUZydfiwqspkc,DjvZuMZ46fxKBoBpGMPcRcos4xdTtHFxwMh69DpA2ZFY,9rvDPJLAng4uVVqnnSoEXgNDFhBZQTny9AoQioYDZbQX,69.81603638000047,58.12335711199978,14067.1891245711,201.48936911865127,5.62687564982844,167.42549481767867,172.293424436,1439.601729221,275741.3252481134
parEAJhzYzHW87y9VoZAQ22dzQ2MD2ekEtTReaxbMcz,3oyc6hpjYSJEquK6dSvG72NXyz3pqLZz5D8AC71pwgQb,Di2vordgFJVZ1aj1aBpvzXtLfZgJsuLLXawGtVFwX6Rz,3.0368412580000097,3.5843014980005137,493.7672259302332,162.59237279179234,0.1975068903720933,179.0989389104265,1102.404635089,140.701330598,204442.0444091774
C98Sspw7XqnMsgxea3SLQVdbMDL8pKUc3RE82UvX9eq2,CSqgQJurPCzGxb4Cgwx5R61hWQUiaoUHcShNc8r1cKEL,6S2CR5EnukPhC914XkAns8m5GixjMAoUuZMsS5ubHuWc,51.25817099999972,51.27278500000011,0.0,0.0,0.0,1.0,893.78143,870.110131,870.110131
BUSDTd9WiT6uBHJRgNvFXBsA7JrifsAtWzKfioN7ERcy,DyBxrn7gSc1EwnpWhDyhzvMHPtxpmBqRqotapLcKcfTM,Cds99GeBgoCpqBsoRWu1C6fF9LiUMd4pXQQD24s9LPff,211.70680500999998,212.22479260999995,211.4110599641056,0.9986030442154166,0.02114110599641056,0.994117804948122,82.20469124,91.90909467,173.45832236916192
SoNcU2iwHMw6dGzsYNQkYFkUjwN1UdAjrWVRnStrZu2,8ivTTid27jZnYNc4w3CTA1Z6QS2twsFb8WMwUabeDJgc,CyXm53PMvHCbeXJBykU46Rcbo28xk5srhMZFg7gv6EYB,9.816021272999993,9.699014511000003,1958.2108170166064,199.49129719216,0.7832843268066426,197.0516734514842,15.308765235,19.389596871,6874.717946120603
