0,1,2,3,4,5,6,7,8,9,10,11
BUSD5rCfUDpCxKGMvYU2yThChxgHoioK74PTPociGnv2,CcFHbafgYDZ8yA8Me1PdtDiVb2eeaS61LbqyKKK5CsNZ,26R9s4nmF3CFDTkiePDwRmtscn8i7r2eygbSijditJ58,231.78527172,232.16951072999996,231.69879709494822,0.9996269192412008,0.023169879709494825,1.0,83.87875302,64.11630287,147.96376234117616
SAMyS8Jr2HJrkFwYVKbpUwsNStnQmvz3f8Tup8bWUWF,6jPzm5TFfquvgm25sTyN3MMGBfufRaFHMxobDWv6hMFW,Cj9ECoDmxsHTDzCY5ZA6RWrPbg9uFzEC1Qc2kso2vJG6,286.77632911999535,6.576417270000036,275.7365093262884,0.9615037272163158,0.11029460373051538,0.022328921574365217,500.92075698,108047.79827108,2894.2279887540676
SAMGk1Nd4haC8zQA63DG37pzuEZy8j4q13tSFtCbcRE,9U9TnkHD3jXMAVZtynCVLgDruuqN4pTvLJTmVHCLWS8g,C6zoEbvqSknmi96QWq96UBiPCyNW3YSTvKhavR2BfifE,0.013138019999999972,0.025048999999995658,0.0220727300219248,1.680065186529237,8.829092008769921e-06,0.0,53.66623292,1.12562712,90.16276962106129
MATgk4zXLXtYkwBH678J1xZbRDZ45LicNzkRBHkxTuY,y8dALFo1bJrSzPYjMX14HJX448pXqYmrfXHD1K8MXih,GN7Yuet3UyiWS5YVkEHv6oQKi4HGBJc3XDPt9zQhAqZz,7109.666809999999,7097.338318000002,7130.952703820904,1.0029939369016514,2.8523810815283617,1.0,2761.268991,5313.14712,8082.683176127541
ercAoEmXjQzEvAFbdjAo81KtMxRGn9AW1ju882upmPH,CMRhskR2Eg6V42RTSdRTXGdozyPbWB8U9dVpijPWb9T4,7TKLLgrWswt6ZJ1pXhVR3FyufHGjJFqiEXxvWJfDcgRm,26.550679628000076,23.415315431999993,4306.06562795022,162.18287773730233,1.722426251180088,132.90945848832237,40.986754761,372.906814028,56210.19255531907
daob129AwBGn9Y5r91uLoWZeYiGzbPmksauMhFZKTze,6VW5GQNyj4LStgmxEHLr5zUfW92vQnmbw8jTnCH7a38F,4VPCCUifPeBA1c7HWK358CHn2nyjm8pdTRk6Ps3KmnMQ,18.014325204999913,16.110366631000005,3275.471211866089,181.82591768449785,1.3101884847464358,162.86408877786627,48.304523148,224.11425985,45283.17896229336
BUSDgu5JdqP1rndBvXvanbEufS94FNh1w5FJcAj6vawb,Bgzr8cWubt89JQFXndVjtdKmDbGzuPxNhvjH1EhWCwbo,Dxaf8xPBBQsasRKW5Aa4Sw2YrbfGofY9xZueyyF23FBW,12771.730201600003,12712.699175759997,12885.023965268701,1.008870666846259,5.154009586107481,1.0,4328.28098162,10790.55723087,15157.23295109495
KEnkcdADoLR5jS2CLLLesy8TtFsyWL37BhXNfDMzWzP,3qsjFRuw1qeLMPo4DLwaQevenGAGBj9dA3Q6rb8ax2YR,77iEv8zPQAEyCcEbvBRSB6AFcUdfkhiqnAKtPxk76rNN,0.026922,3.4760960000000125,0.0001988858080459556,0.007387482655298848,7.955432321838224e-08,0.9973062757492014,122.847271,0.269876,1.1766811122373886
BSC8REUo9LpiiWUuqMuLXs2D2yJsJfGd4HdiF3wCLxk5,AZjEH1zWVx1UJ6udMyRijGTzPteuLnaY18yNNmprJEsh,Caf8ypkSVR8xYnXNhjvfvdGCC7mrM3C11rz8Xi6NA6aK,190.1011766239999,189.89718300000004,189.9515356534851,0.9992128351166876,0.07598061426139405,0.9999523932665091,3347.3268217,2863.49821497,6208.053816746617
moFiBS1R4Lf3E3zzmBPnw3NF4RhWPkhREFviuzUaCAU,44ALBrpqi9PfZkBRTvbtRNtFJGsatfY4QydjtMbFWq8S,2ho8qEEie1UjVwWNBo9y4oAJZMyMLx8zPj9bxyUz6uWs,218.05062799500593,217.83842244699918,218.23978929653677,1.0008675109229,0.08729591571861472,0.9999513393679723,28027.863964111,36393.60305909,64444.0105656088
KEN5P7p3asnb23Sw6yAmJRGvijfAzso3RqfyLAQhznt,9zj4aX38Uxf3h6AUjS4EipWS8mwbEofasHAf3a1uKGds,CwQDG1MWunn9cLNwcZLd8YBacweSR7ARo32w4mLua1Yr,147649.34251300013,147663.55975100165,145126.89200309434,0.9829159380802275,14.512689200309435,1.0,1139617.660304,1073008.707066,2193157.0686965
BSCrK1Nx9PXU9mF7STWWBqeHLxmtJDr9h7jheEy4tAWX,FfSySSbVJPvEo5a5AvrP3nySoXpRE2QPn1uUMpJJ1x7v,HL7Vcj6838ZmvBHDbQxXfjBNckNi83WvPiZQoMQLFeRM,0.013419618000000022,0.013406565000000037,40.49115173751821,3017.310309244134,0.016196460695007284,3010.597302504817,0.840001184,0.964313887,5437.705019230613
YakoMPuYrybnr9R7VC7hVGxMz94fJvPFCdZ4gmW61Ed,,,1.094166,1.087037,0.0,0.0,0.0,3010.597302504817,0.840001184,0.964313887,2903.1607869701347
vEnkoSUkpnbRrPgBz9DfcVxNz67zjwMYBZraAvDDNSf,DtfyjjsZ5yCjWKLKHvwsfXs5QVsmm1QkK6Sh9JZHoq1g,e5wrKCRv4GhHvEf1VD5Pq2KGaZDXP77nTL612Jyrxwy,2680.0395240000007,2680.0990339999994,2676.0682387337197,0.9985181989926948,0.267606823873372,0.9970020149410722,1047.883325,900.861619,1944.491419759553
KZMu9QBEdL97EFgamLbN5DE1AoKBG4HdrKKJo4Vuon3,DD4ACBWyVqdaKWh7v5btsgqQCCMwbKnuL2xd9pv7Gyuw,GcYqiJ1MAuYbNTNYXm1F1gQYTfTgkErACAhNU5dpVj9T,28.999178630000074,29.743780700000116,27.882818338956806,0.9615037272163158,0.011153127335582724,1.0,2376.78152737,722.73747788,3008.021775225143
BSCNHw8CmxbZ8hCWWzMf5FaG2ajPT6JxfznKUNuRVrn4,7n9kgNL633yGzCYksgnzHyjG73ZLBAwvEae5sbAekbzW,SscdxE99omdG9AiMVwmaEMQySQnCgeAh1sPj2Leutm2,25.370072314000026,25.437407999999778,25.43705762562491,1.0026403279736777,0.010174823050249963,0.9999513943626229,4895.792957552,6809.048413768,11717.436912281075
heyk4SZTeCUV6a65WiVA5bzic3KcxgVf1qxobfeV4tQ,9ZDpBKPqMABtGfq66FbVribaArMvtk63xxy91onZAtDt,DaTP4s6N7xxSPinbNZ3FB52EpRDRt87QShTuN3VPCW52,111.51963337499456,96.66515778899941,20340.639968940763,182.3951474135821,8.136255987576305,162.54525056594193,625.492336588,4493.169632333,844430.1506608827
ACUSESXyNnwRLAg1dpSGMLSzUDdLjUMybY8rkXiAKhCP,AhFPQdu8GKBsxuhiH46UmCu1YpaLgNpoP325HnYtsgas,A8wxWpT3aFEr2XqZp1kDmbxbFfcBE95UUmdsNTDBJYbT,410.158327567,410.3216573709999,410.1383919701815,0.9999513953625255,0.1640553567880726,0.9878574986396659,1045.343746476,1840.979146512,2863.9179926432976
Lee1XZJfJ9Hm2K1qTyeCz1LXNc1YBZaKZszvNY4KCDw,9DgFSWkPDGijNKcLGbr3p5xoJbHsPgXUTr6QvGBJ5vGN,2hNHZg7XBhuhHVZ3JDEi4buq2fPQwuWBdQ9xkH7t1GQX,3816.077975073371,3213.9163795099566,737131.888294614,193.16478675476785,73.7131888294614,162.61973894653306,6706.10898243,53892.413646027,10059354.349860812
C2ypsDADXcCRz8HbV2zX1AXPSja7a1P3xZtRC91xGhJh,J9bYNuDpY1d1T86gLaw7DGk5D3CsUAf2tzUwxMvb6FTv,A2NGvvPrMGzsJ4jb52KEnSBVmsA7C34dV1GC7PerdgvG,211.89632654900038,213.5421954000035,34453.25869398917,162.59488427715598,13.78130347759567,160.1775023009498,3957.005494648,2069.847946382,974931.9246805809
BkwbeSfcX1h4thMDd7obGkHrPevf3QwgzJ4pCEqG18Lu,35yX27bmurdebhfAb8EPmjLETDiUaEUCn9zHaDPbakH2,2CxECn1ZJFoESyUnQysQU8rRgT3iJ5GRs2Mdd6gZjx5g,0.030657409999999885,0.019059650000000095,70.00847206046879,2283.5742504167524,0.028003388824187517,1430.615164520744,0.82116213,22.06247933,33438.10219190884
KEVpg4SYCVrqFxKijQH6hm4QxsRdoE51ud64bEEFUC9,2bPenuBYfqzD8p5dFjCcggwkHDsc2RQDnx9AoyYGUBjA,AE6n6iLuX8oYu61vt5hoDYkjswpnxFxrhSehxrnQTnbx,123.34750354700122,123.0779304640007,123.73218319258147,1.003118665838532,0.04949287327703259,0.9999523952663186,1533.892907235,5992.252185788,7530.643532863305
RajgMbScQbqqrdJfR2rxfHJiTiY5b6bJ2tTXiF4aPxy,725ZA3fhyBAKb5iopNRrcbSuQa3LXA1656Q3mBvYPxeg,GLA6i1dSZpUfk2f9Nj8uiG7xyDdAR2reff8oEiZH3617,4299.94258315998,4301.161499650014,4299.168216980737,0.9998199124373718,1.719667286792295,1.0,103258.73475986,80677.26022932,183917.39937531704
Cob4usZcpHEY7Qt4ZCwj6WVg9S44zvzYV2v9qYF65dTf,NhFM9UXE48PyNAyeyPYA3iXztqKVJwA4bTdLj4ysM8w,6TuFuynuBoeskxyR2cz4wxyidk8dpDK7kAWw3UkjQGx,30.216402000000016,3897.537766999958,0.224700047163627,0.007436360131945123,8.98800188654508e-05,1.0,73604.209718,166.396465,713.7438756902629
ALLwa5WNZbvQsRKAqe1jdRGemdYQnW8E5k4msbRFcYtu,CGoM82Hbz7QVqTgvQatYtjvDWBvoUJp5qm21P8iMs9yb,3dxNNww8TivyN5FMy5dCNdi3Zcxv6e4kUfSPxfFwpdNq,4.616322229,4.600582338999998,13897.050481666565,3010.4160394966584,5.5588201926666265,3001.605859134637,1.661758091,7.006726285,26034.013881318417
SUiuyGR7SFq3xeRVJonq84fjjeFwRSsFekcevJ53tzy,49GjCCPsv7fBqo6t3iKDrP1xxGDS8uWZbVCdfnp2gjMf,CEwj5xEbbJEjYqM8D6Ai8ByGz1mrh8mkAVsE5fzDSSSx,0.1284940000000001,14.016129999999976,0.0009553034003497207,0.00743461484855106,3.821213601398883e-07,0.9425123987506056,646.561999,1.65488,6.3666843567186575
7dwD9TF6uikvHXxPFK9AsSim54yJoujQjY9vU6gNFumk,CquVr6atkvwueDYficKjn6SSEWq4F4rH4VSiBbW4GBWU,8BCa6ge3b7ho3TfZuM64Vk1hgbrJ3J7EPiAb9uP86CGd,0.0017823700000000006,0.0017828460000000007,0.3431591504357718,192.5296938546832,0.0001372636601743087,193.3255887102496,0.003913983,0.003595309,1.4486231777626934
STK75uPSyBnEhGTTzb1nwmP3n427XoXmfRhXxxhyady,6TYyD5fUmDe6N65avW1Ny2RxzRNobw2RRgKwH9CTzSAU,54zDfk4cx2vGrEajPtodWpArNe5eUurytyxd4X3aZAxK,415.7717962610006,469.3639096309971,67663.2174628186,162.74123947633774,6.76632174628186,183.5354731856509,1514.861406057,264.593734167,295092.7590588826
HEDSDjj84KS7LKhZY7ejkCACTdPen62rKhCby1wXtgxc,EnnjMSFttpCTywBrYNt1J5QQeoSVkvzPipJDa8Y7kJow,6bjVT6JN2rSvpyn9PdfLYC8wJn4LWh49jpY47fnLDXZk,78.77247915700173,81.34120685800008,76.32461680706142,0.9689249040256628,0.030529846722824567,0.9999516803349028,38834.23143155,9054.010905408,46681.027381358224
YAkoNb6HKmSxQN9L8hiBE5tPJRsniSSMzND1boHmZxe,CfWX7o2TswwbxusJ4hCaPobu2jLCb1hfXuXJQjVq3jQF,EnTrdMMpdhugeH6Ban6gYZWXughWxKtVGfCwFn78ZmY3,8824478.263895998,8825435.330831977,8824478.263895998,1.0,882.4478263895999,0.9987774963444744,1018926.138159,440014.675231,1458402.8938410452
wrmcMSHFi3sWpAEy4rGDvQb3ezh3PhXoV2xNjgLBkKU,8p4mGnARWPBu6P2Gcw4adodLkNDorrXniZMhaY7eJXUn,AyY89zccbsgp9LKFgH4CFZMJmpSgqmPSdTfukhP227rc,0.009971009999999988,0.09083945999999798,3.456155979202769,346.6204506065858,0.0013824623916811078,3011.141222523336,27.0177028,0.10279199,9674.40951732502
Sid7E679i9ABqptiAVhkmQ27YHN8vaYT4fppPwmxFsJ,GP7KB8o1bv527HG8kTzzzf4wJ5aEGHvcMQvVhLziUfmT,9gYxhAZ1M9wu5pxr8SBoa5NDm21gi3s9vMHaYTME77sa,2991.405573000002,8880.669496000008,22.24516914153567,0.007436360131945123,0.008898067656614269,0.022516844626296488,136225.398801,8618.640953,1207.0857238306182
MARpDPs5A7XiyCWPNH8GsMWPLxmwNn9SBmKvPa9LzgA,6YjT74rmcfCpw8LSjPNx5JTmZoYLGrTKnf9arfSgZ4SR,F8GSmi3vA8M8TsybLya1LQ4n1aFHCRbZ6k437PeTdXtg,19359.76454800001,20345.589540000132,18001.966244043062,0.9298649371178835,7.200786497617225,1.0,296601.082474,15589.830257,291388.7771607822
MAR3XM1n9xWPQ3HJjAcC85o8DopWFP5p2WxGTaZ3fPB,6qG7GUhER8Cg9gDEgnebph9LdS6eu2eoWcA4R7z9uizK,4QV4CwRXVMY227KkFF9voNAfwWHVvVajXSXDKbUHkWZR,0.3492810000000013,0.008387999999999993,0.31432294502334046,0.8999142381731022,0.0001257291780093362,0.022614431340562458,0.11914,23.980107,0.6495122656267845
SoNcU2iwHMw6dGzsYNQkYFkUjwN1UdAjrWVRnStrZu2,8ivTTid27jZnYNc4w3CTA1Z6QS2twsFb8WMwUabeDJgc,CyXm53PMvHCbeXJBykU46Rcbo28xk5srhMZFg7gv6EYB,2.2704403819999968,2.252018236999996,438.02626644619056,192.92568521897934,0.17521050657847625,189.10827129321314,15.342985426,19.350987576,6619.487784929668
B2izdXFYb2sNwbWWHmh75T4aQFtfXsUxem9u2p61HGzf,4DYwgJtxwuJdAjkj5RJSNH4e7U329V5cNp7d3a1nLrZv,EXNW64GEf1ACC6xY9BtKRiunrs6GoJSXBdxWN2eTPmrF,11812.717305999991,11694.01455300001,11918.746474638374,1.0089758491540746,1.1918746474638373,1.0,9552.271135,30191.501187,39829.512066786585
AURHmCnNwiW4uA2Qj1XvEh4iKgRUZYXtiY7FKAapUV5Y,BKWm4TRnTeKwfWXRyuzjRHU7iZDkPuXBX5b5V5jSVfGJ,A5Ww74HVrkj9nPeC7pHKLfgeDMEhBCpW1efQdz3TGLEg,0.19641296700001476,0.17556456599999137,35.314399124896255,179.79667872383192,0.014125759649958502,161.99563065385001,290.105188339,1795.089768752,342956.64851315797
FrnkTEL6yZ5Aycq2TrEgu29dCrwKG4LPUZydfiwqspkc,DjvZuMZ46fxKBoBpGMPcRcos4xdTtHFxwMh69DpA2ZFY,9rvDPJLAng4uVVqnnSoEXgNDFhBZQTny9AoQioYDZbQX,56.384498178001365,46.93528591300026,11031.361387563606,195.64528804953585,4.412544555025443,162.61463518707512,172.187884747,1439.677299498,267800.3471549478
parEAJhzYzHW87y9VoZAQ22dzQ2MD2ekEtTReaxbMcz,3oyc6hpjYSJEquK6dSvG72NXyz3pqLZz5D8AC71pwgQb,Di2vordgFJVZ1aj1aBpvzXtLfZgJsuLLXawGtVFwX6Rz,7.522203763999812,8.857327541000359,1195.945242390931,158.98867937007415,0.47837809695637246,187.54224389043634,1102.391085454,140.710986123,201656.95690321748
MATSnbbiTCv7Dc3trJrkrqjx7ckKdr6fwPoVwv9q3sD,631WX9JizSHJm4w6VanZeJAst9T8DeUUnPLesdGkCVtK,211maUSfpnXbPuW1iBu8b4dtJv5EbN1j7JJiEX5TZKEP,4122.658540000004,4116.845639999996,4115.46881597849,0.9982560466864389,1.646187526391396,0.9966760852556722,18548.987869,27016.223836,45443.06351139811
BUSDTd9WiT6uBHJRgNvFXBsA7JrifsAtWzKfioN7ERcy,DyBxrn7gSc1EwnpWhDyhzvMHPtxpmBqRqotapLcKcfTM,Cds99GeBgoCpqBsoRWu1C6fF9LiUMd4pXQQD24s9LPff,1109.9454526699994,1109.3627294199996,1106.0685166090072,0.9965070931624017,0.11060685166090073,0.99942347257561,103.68999565,70.39195477,173.67918803282225
SoN9GaFpSXfpyR5dth3x7PHPVhvJMpQqqDJfCSmPv1t,9kZ9iS68ViMPtoeqtnhAKuF2iqVyfHPdZHoUNdwCELr,BBhm5fJLjw3HRzjtKB8uMEYjGhY6EDm9co3cqpjrSzB9,0.22169244100000052,0.21660492900000028,43.33985981804468,195.49543332442525,0.017335943927217875,191.4651719108339,0.850810558,1.370708203,428.77246044019125
KwnjUuZhTMTSGAaavkLEmSyfobY16JNH4poL9oeeEvE,J63v6qEZmQpDqCD8bd4PXu2Pq5ZbyXrFcSa3Xt1HdAPQ,BnKQtTdLw9qPCDgZkWX3sURkBAoKCUYL1yahh6Mw7mRK,377.4203269999599,16020.49532099971,8.576712711254881,0.022724564888779275,0.0008576712711254882,1.0,276031.353053,608.08175,6880.77414379044
JSoLLrxK5bYdHwTEWYaGgmeycBCNXKDiBCTw5hXGBg7,xG4wXczA7Dk4hccJ61CHKpDHW4NrNfQwgmWgkb9BuF2,BVR6WgfhsRr9Lob4QDnkEAiNGgAbv7ZieKcY9kSg3QYR,2.030224153000063,1.728087182999996,360.5889833579139,177.61042928440756,0.14423559334316557,161.1461227920564,17.091367733,164.643581169,29567.27990809938
AUSejoEUCh2DBs9mof6BNC8Pubs22w4cJa1ccV9h44R,4xkyD7AfGQDwsQMy9MosRRNGoVJ1zosNinesxg1TzHG7,Cbm5gsQe3nSiCsFrvepVzMCD9xLK3ri9g3ypS2hdmVJ7,691.4520549999997,688.9261000000006,693.9022237520683,1.0035435121413712,0.06939022237520683,1.0,13052.763472,15827.743191,28926.75928884148
C98Sspw7XqnMsgxea3SLQVdbMDL8pKUc3RE82UvX9eq2,CSqgQJurPCzGxb4Cgwx5R61hWQUiaoUHcShNc8r1cKEL,6S2CR5EnukPhC914XkAns8m5GixjMAoUuZMsS5ubHuWc,100.59053699999993,100.60984400000052,0.0,0.0,0.0,1.0,876.309753,887.555309,887.555309
Lid8SLUxQ9RmF7XMqUA8c24RitTwzja8VSKngJxRcUa,4PgzyzLtds9bKZ2to9PMnKqJzKEUpjvNUaeN23phegax,AtymwxoVN9peZo7EXTcDz9jKVc4vRmisJKKrNfe3ewBa,99.33597681499396,83.93482737299973,18931.729391279267,190.58280794417755,1.8931729391279266,162.82799664574327,963.361412099,7655.680058402,1430159.16985326
GokA1R67GqSavkd15zR62QD68Tuc5AEfvjssntVDEbM8,3YB7hfpBdbQEuZqLGWVDpRPmeZWCUsrrWyqGXegnQ6Cg,4DPCj6Z1DsG6HUtwSogBGqXEUxdEV5a8YVrrFtcnz7UW,8736.511139999999,8735.391146999997,8739.456336785495,1.0003371136072856,0.8739456336785496,1.0,12029.091248,20394.837538,32427.98395634298
WiiQFxXqp8P9Fs1rt9SVcDyA3KUdJmUsog6wnVQAwba,3S2jpqSYxho6wiz3cafhjXruVY8cg4HYa2v3BqBHYFSj,Dfe67M6TfrG74gKRtdqys4e6E9QirPD53BkF4FujFjuv,1541.390627451999,1538.7465438730005,1552.0739997898645,1.006930996041883,0.15520739997898647,0.9999524012657475,3570.075716277,23266.234631716,26859.94708533245
