0,1,2,3,4,5,6,7,8,9,10,11
BSC8REUo9LpiiWUuqMuLXs2D2yJsJfGd4HdiF3wCLxk5,AZjEH1zWVx1UJ6udMyRijGTzPteuLnaY18yNNmprJEsh,Caf8ypkSVR8xYnXNhjvfvdGCC7mrM3C11rz8Xi6NA6aK,199.47453322699994,200.0,200.0179522004537,1.0027242523878241,0.08000718088018148,0.9999489896021935,2571.174274527,3786.063508265,6364.049181843215
RoBgmK8CvjdHvPrqdDyVw54VwjZv2TqJ493xnqJAQHx,ExiHJxM7qPAcy27NDHAF6G7vnW7muNHi2sVJpnaNynGQ,6rkPHSqZb7StM4HwS9EuVrmfkV7tRdc7dnsFhyB6cefE,0.7444160000000011,44.74992799999927,0.0,0.0,0.0,0.9499833752909324,6287.165462,18.59201,17.662100413242765
KZMu9QBEdL97EFgamLbN5DE1AoKBG4HdrKKJo4Vuon3,DD4ACBWyVqdaKWh7v5btsgqQCCMwbKnuL2xd9pv7Gyuw,GcYqiJ1MAuYbNTNYXm1F1gQYTfTgkErACAhNU5dpVj9T,22.391063869999925,23.385163500000544,21.449261543431547,0.9579384734894072,0.008579704617372619,0.9998579601781772,2405.8277895,694.79180959,2999.328121637187
SoN9GaFpSXfpyR5dth3x7PHPVhvJMpQqqDJfCSmPv1t,9kZ9iS68ViMPtoeqtnhAKuF2iqVyfHPdZHoUNdwCELr,BBhm5fJLjw3HRzjtKB8uMEYjGhY6EDm9co3cqpjrSzB9,0.44676970000000216,0.4378336590000007,77.44542093695591,173.34528491291047,0.03097816837478237,169.68234616386394,1.558743485,2.423354102,681.4012431266515
KEVpg4SYCVrqFxKijQH6hm4QxsRdoE51ud64bEEFUC9,2bPenuBYfqzD8p5dFjCcggwkHDsc2RQDnx9AoyYGUBjA,AE6n6iLuX8oYu61vt5hoDYkjswpnxFxrhSehxrnQTnbx,389.25318779900044,389.22211946200105,389.52666200353997,1.0007025612457687,0.155810664801416,0.9996491861135728,3189.179801707,4454.915719439,7644.773268983226
Cob4usZcpHEY7Qt4ZCwj6WVg9S44zvzYV2v9qYF65dTf,NhFM9UXE48PyNAyeyPYA3iXztqKVJwA4bTdLj4ysM8w,6TuFuynuBoeskxyR2cz4wxyidk8dpDK7kAWw3UkjQGx,10.093941000000001,1143.5532099999982,0.08983026386107808,0.00889942430425124,3.593210554443123e-05,1.0,71194.697517,185.905778,819.4975994166052
FrnkTEL6yZ5Aycq2TrEgu29dCrwKG4LPUZydfiwqspkc,DjvZuMZ46fxKBoBpGMPcRcos4xdTtHFxwMh69DpA2ZFY,9rvDPJLAng4uVVqnnSoEXgNDFhBZQTny9AoQioYDZbQX,27.07015511299892,22.561055960999767,4694.616693420034,173.42407806025864,1.8778466773680136,144.58928113390385,172.647543082,1439.022177926,238008.42323042965
KysFMBBoavfov2tLpvefWW6tPFt6rAeZWDJVy1mMQae,B8ka2V21TH3x64dFV8ETcjuQcwmrciJ2qzy1mJUttRew,7fSf7EYxBANyxzk2s5pymFgshA91tFYQNKKs5UnLWcYS,37.137703999988844,41.168519999986984,0.0,0.0,0.0,0.02113986623834197,134492.636684,2619.293055,55.371504821718105
SQDY9uoDoCbNq7F3HAHYYQZbrUzpKxDtdWLvYcqBLak,GiehZ4X2uQjhEKuxSm3ACmEFrabxh3RTvjbLfLjw1xGX,rxDQYV77NKRKYxCjq4cECX3QQsiSyLv1T1FT2X3zNA2,15.092673461999993,15.06566224400001,15.124641918509967,1.0021181440511824,0.006049856767403987,0.9999469908101232,169.752361165,236.869638935,406.9690037863095
BSCuChvaSj9b5HUSqgDVRzcnr2sSn7cXaamt1jbKH6hn,GnKpRj5kBVPMJfiwZtEuD9GYApLzPdW5JFuZTcyX4BTc,3dmwD9okkomV9nDwyuh4UMhKdUR13QpuKxRo89ycZB5t,201.009363441,200.585743998,201.49859416919764,1.0024338703422702,0.08059943766767907,0.999290503742343,1261.220572554,1852.147039986,3115.1231684931
daob129AwBGn9Y5r91uLoWZeYiGzbPmksauMhFZKTze,6VW5GQNyj4LStgmxEHLr5zUfW92vQnmbw8jTnCH7a38F,4VPCCUifPeBA1c7HWK358CHn2nyjm8pdTRk6Ps3KmnMQ,8.565316784000032,7.652974752000006,1387.0062135256414,161.93285648425308,0.5548024854102566,144.49710239960558,47.758640622,224.693293933,40201.22299966672
CZgvH45CRmoaNJ7395Ao5CQZXkGznvqU7cErD6n7FaRg,4ZjU6MKvtqVQKCiowhvZ5yUsPxXX5SCzd5eFsPeXyey5,BsyWeshjDbCvjDojry3vKDCesmFRM37WtwcR4Kfgzqr,33.33783425000013,32.427881429999985,34.4498417245212,1.0333557202961097,0.013779936689808479,0.9998579601781772,205.78600014,599.68628119,812.2512422589953
Dg3mAgpwDfVNnbGWcsxL8sUcSkEbjSJQhKAWNigG44Ju,EATxwd8YA2wV93VJcKMmH2Kn2Y9XfJVUB9hHVu3udwEy,GiGvrRi7NMHfHKanG2B8xyCEqe8jaafWins8bhrLVEaa,0.003522915999999987,0.0035602189999999756,0.6106863824437064,173.34684745356083,0.0002442745529774826,167.47574197615347,0.198682023,0.260927835,78.1399851016022
wrmcMSHFi3sWpAEy4rGDvQb3ezh3PhXoV2xNjgLBkKU,8p4mGnARWPBu6P2Gcw4adodLkNDorrXniZMhaY7eJXUn,AyY89zccbsgp9LKFgH4CFZMJmpSgqmPSdTfukhP227rc,0.003946579999999991,0.03784219000000277,1.2300542939603396,311.6760065576632,0.0004920217175841359,3001.2004801920766,27.0728406,0.09677144,8728.385336577048
RajgMbScQbqqrdJfR2rxfHJiTiY5b6bJ2tTXiF4aPxy,725ZA3fhyBAKb5iopNRrcbSuQa3LXA1656Q3mBvYPxeg,GLA6i1dSZpUfk2f9Nj8uiG7xyDdAR2reff8oEiZH3617,602.2663004499991,603.2669481800112,601.0764695784685,0.9980244106790608,0.24043058783138743,1.0,133371.7014008,50556.49909891,183664.71279070707
JSoLLrxK5bYdHwTEWYaGgmeycBCNXKDiBCTw5hXGBg7,xG4wXczA7Dk4hccJ61CHKpDHW4NrNfQwgmWgkb9BuF2,BVR6WgfhsRr9Lob4QDnkEAiNGgAbv7ZieKcY9kSg3QYR,0.7537515279999809,0.6408719670000096,126.45201904249986,167.76353260341656,0.05058080761699994,144.6326533091662,16.988459123,164.759535853,26679.6527443693
7dwD9TF6uikvHXxPFK9AsSim54yJoujQjY9vU6gNFumk,CquVr6atkvwueDYficKjn6SSEWq4F4rH4VSiBbW4GBWU,8BCa6ge3b7ho3TfZuM64Vk1hgbrJ3J7EPiAb9uP86CGd,0.00097342,0.0009797550000000006,0.1665472708897127,171.09497533409288,6.661890835588509e-05,171.4745854087474,0.003827876,0.003680437,1.28603175849998
GokA1R67GqSavkd15zR62QD68Tuc5AEfvjssntVDEbM8,3YB7hfpBdbQEuZqLGWVDpRPmeZWCUsrrWyqGXegnQ6Cg,4DPCj6Z1DsG6HUtwSogBGqXEUxdEV5a8YVrrFtcnz7UW,11527.695491999993,11528.801821000001,11528.052861638704,1.0000310009610298,1.1528052861638705,1.0,16719.921284,15698.256606,32418.696223628147
Sid7E679i9ABqptiAVhkmQ27YHN8vaYT4fppPwmxFsJ,GP7KB8o1bv527HG8kTzzzf4wJ5aEGHvcMQvVhLziUfmT,9gYxhAZ1M9wu5pxr8SBoa5NDm21gi3s9vMHaYTME77sa,545.2067170000046,1078.124600999994,4.8520259081108685,0.00889942430425124,0.0019408103632443474,0.02117915137046582,130149.710575,10856.09597,1388.1803973233536
MARpDPs5A7XiyCWPNH8GsMWPLxmwNn9SBmKvPa9LzgA,6YjT74rmcfCpw8LSjPNx5JTmZoYLGrTKnf9arfSgZ4SR,F8GSmi3vA8M8TsybLya1LQ4n1aFHCRbZ6k437PeTdXtg,15564.164333999983,16421.904681000044,14756.95869346732,0.9481369109699441,5.9027834773869285,1.0,297002.725618,15158.06835,296757.3151671045
BUSDTd9WiT6uBHJRgNvFXBsA7JrifsAtWzKfioN7ERcy,DyBxrn7gSc1EwnpWhDyhzvMHPtxpmBqRqotapLcKcfTM,Cds99GeBgoCpqBsoRWu1C6fF9LiUMd4pXQQD24s9LPff,473.43811754,474.24129824000005,473.12357079642743,0.99933561170527,0.04731235707964274,0.9985057162255543,78.72884103,94.9661808,173.50080888647148
WiiQFxXqp8P9Fs1rt9SVcDyA3KUdJmUsog6wnVQAwba,3S2jpqSYxho6wiz3cafhjXruVY8cg4HYa2v3BqBHYFSj,Dfe67M6TfrG74gKRtdqys4e6E9QirPD53BkF4FujFjuv,1286.2660028499977,1290.1122516670039,1282.6596116701855,0.9971962322164922,0.12826596116701858,0.9999459909171384,21408.1807577,5415.17547087,26763.040192397333
ercAoEmXjQzEvAFbdjAo81KtMxRGn9AW1ju882upmPH,CMRhskR2Eg6V42RTSdRTXGdozyPbWB8U9dVpijPWb9T4,7TKLLgrWswt6ZJ1pXhVR3FyufHGjJFqiEXxvWJfDcgRm,0.20633164299999862,0.20996235699999488,29.83171349175577,144.58137907502618,0.011932685396702308,141.84181885466418,301.025817401,788.095432976,155307.61746139353
SoNcU2iwHMw6dGzsYNQkYFkUjwN1UdAjrWVRnStrZu2,8ivTTid27jZnYNc4w3CTA1Z6QS2twsFb8WMwUabeDJgc,CyXm53PMvHCbeXJBykU46Rcbo28xk5srhMZFg7gv6EYB,1.5951502260000012,1.581645410000002,273.67676893493336,171.5680219167854,0.10947070757397336,169.6872409618212,15.845592051,18.837289617,5915.0445865979
HDSBGqAuMRr6X2AfmmbXQPpRgU6VEhtfNVVZ3wUTZXg,DCZ1d8kNLgDcdSd99y4udLgwq46mfDXNS9KXj96kQf5L,Fq8GGYQM5Pz3q7LmVMbrXHJgsxA5ev86kTq8yGgGuYsa,821.7749513400013,827.4225432109997,816.3636619485925,0.9934151200610519,0.326545464779437,0.9998200533866114,13521.842706439,12881.253958105,26311.7390157428
MATgk4zXLXtYkwBH678J1xZbRDZ45LicNzkRBHkxTuY,y8dALFo1bJrSzPYjMX14HJX448pXqYmrfXHD1K8MXih,GN7Yuet3UyiWS5YVkEHv6oQKi4HGBJc3XDPt9zQhAqZz,405.9486770000003,405.1863710000007,406.8490339120477,1.002217908230915,0.16273961356481909,1.0,3055.774375,5009.079703,8071.631505138132
Lee1XZJfJ9Hm2K1qTyeCz1LXNc1YBZaKZszvNY4KCDw,9DgFSWkPDGijNKcLGbr3p5xoJbHsPgXUTr6QvGBJ5vGN,2hNHZg7XBhuhHVZ3JDEi4buq2fPQwuWBdQ9xkH7t1GQX,1069.919903798028,902.1447943459916,183772.16725309743,171.76254652403276,18.377216725309744,144.62422360293363,6717.699494504,53852.66724259,8942249.36086593
BkwbeSfcX1h4thMDd7obGkHrPevf3QwgzJ4pCEqG18Lu,35yX27bmurdebhfAb8EPmjLETDiUaEUCn9zHaDPbakH2,2CxECn1ZJFoESyUnQysQU8rRgT3iJ5GRs2Mdd6gZjx5g,0.03118264000000026,0.02096894000000149,64.47089958029288,2067.5253788740256,0.025788359832117157,1293.6610608020699,0.82270259,22.05999693,30239.117513844598
MATSnbbiTCv7Dc3trJrkrqjx7ckKdr6fwPoVwv9q3sD,631WX9JizSHJm4w6VanZeJAst9T8DeUUnPLesdGkCVtK,211maUSfpnXbPuW1iBu8b4dtJv5EbN1j7JJiEX5TZKEP,1661.001815000007,1659.8807149999993,1659.5016255305272,0.9990968164779039,0.6638006502122109,0.9964744733134171,20337.045531,25218.374797,45448.14419024921
ALBpShJ9NLpE739pcHDF2LNVk5J4VYPvvKuV6jMPitZi,D6d156U1bPiJpDYRLextvDRccgFk7QzkQbJg42ceKEu5,GNcM8U5g8RwTZffwwm3kSQqUNPSwv5d2fbN9sLxPJqt2,2.9667460000055144,2.972010000004957,2.9566873496420327,0.9966095343640935,0.0011826749398568131,0.9972217402317145,55253.263588,45061.723257,100002.45938071868
MAR3XM1n9xWPQ3HJjAcC85o8DopWFP5p2WxGTaZ3fPB,6qG7GUhER8Cg9gDEgnebph9LdS6eu2eoWcA4R7z9uizK,4QV4CwRXVMY227KkFF9voNAfwWHVvVajXSXDKbUHkWZR,0.39524000000000115,0.008824999999999986,0.37519804597799455,0.9492916860084847,0.00015007921839119785,0.021129305603119968,0.108506,24.430071,0.6191942797469553
ALLwa5WNZbvQsRKAqe1jdRGemdYQnW8E5k4msbRFcYtu,CGoM82Hbz7QVqTgvQatYtjvDWBvoUJp5qm21P8iMs9yb,3dxNNww8TivyN5FMy5dCNdi3Zcxv6e4kUfSPxfFwpdNq,8.667575351,8.440430053999998,26053.791484309244,3005.8915474329683,10.421516593723698,3008.8761847449978,2.492069519,6.163643179,26036.529875336495
NorjjEePhxfwLF4vZjUHCrVVKLzQjEEGQFd3wgjEJmh,34M8pFVqgbV7aqHxvRT5tCv3vu2P1JJYT8J3VaxBK2oG,3AZWBSze3ucsY3xSeuLne3b2pauVqiaJ1SZSV5T9WGWw,1.6699510000039481,1.6460679999968306,0.9671142548739056,0.579127324617081,0.00038684570194956225,1.0,38233.018432,2194.96729,24336.752966559707
vEnkoSUkpnbRrPgBz9DfcVxNz67zjwMYBZraAvDDNSf,DtfyjjsZ5yCjWKLKHvwsfXs5QVsmm1QkK6Sh9JZHoq1g,e5wrKCRv4GhHvEf1VD5Pq2KGaZDXP77nTL612Jyrxwy,1109.757264,1109.6602640000006,1108.5334430788412,0.9988972174719111,0.11085334430788411,0.997941247207012,946.75138,1000.74247,1944.389507764518
SAMyS8Jr2HJrkFwYVKbpUwsNStnQmvz3f8Tup8bWUWF,6jPzm5TFfquvgm25sTyN3MMGBfufRaFHMxobDWv6hMFW,Cj9ECoDmxsHTDzCY5ZA6RWrPbg9uFzEC1Qc2kso2vJG6,994.3725500700064,90.13622683000739,952.6830356354644,0.9580745522072116,0.3810732142541858,0.02112465982009682,485.37170555,108733.80017942,2761.986819185497
AUSejoEUCh2DBs9mof6BNC8Pubs22w4cJa1ccV9h44R,4xkyD7AfGQDwsQMy9MosRRNGoVJ1zosNinesxg1TzHG7,Cbm5gsQe3nSiCsFrvepVzMCD9xLK3ri9g3ypS2hdmVJ7,292.6742699999995,292.4798039999987,292.9285319657458,1.0008687540785401,0.02929285319657458,1.0,14156.357962,14721.127863,28889.784218716763
KEN5P7p3asnb23Sw6yAmJRGvijfAzso3RqfyLAQhznt,9zj4aX38Uxf3h6AUjS4EipWS8mwbEofasHAf3a1uKGds,CwQDG1MWunn9cLNwcZLd8YBacweSR7ARo32w4mLua1Yr,45548.7394380006,45549.01754800067,45540.542140415324,0.999820032394169,4.554054214041532,1.0,1147608.093702,1141679.255741,2289080.817161944
B2izdXFYb2sNwbWWHmh75T4aQFtfXsUxem9u2p61HGzf,4DYwgJtxwuJdAjkj5RJSNH4e7U329V5cNp7d3a1nLrZv,EXNW64GEf1ACC6xY9BtKRiunrs6GoJSXBdxWN2eTPmrF,10708.28259300001,10615.873377000005,10770.287136042205,1.0057903349583552,1.0770287136042207,1.0,11125.215582,28803.454593,39993.0888997037
Lid8SLUxQ9RmF7XMqUA8c24RitTwzja8VSKngJxRcUa,4PgzyzLtds9bKZ2to9PMnKqJzKEUpjvNUaeN23phegax,AtymwxoVN9peZo7EXTcDz9jKVc4vRmisJKKrNfe3ewBa,65.80037476900043,55.723103127999934,11280.084227977848,171.42887510257876,1.128008422797785,144.13919926062357,969.306934212,7673.452227484,1272212.4569952847
DFWzVTzNBrQZLjoQ4yQwkj9HuoXmfkuZP9V5vbymZe23,DhgiEgiNdqZdRdo195UUHnoEJUtefK8buko8nU97XJUZ,2K2kkXsouBHtWVjtcgkyiXd8eP3oVBvq1bTJzcVdLLr2,941.7911290250086,928.3086680189954,928.273325100169,0.98564670710072,0.3713093300400676,0.9999140063955361,44562.274951926,23439.924861198,67360.56874485358
BUSDgu5JdqP1rndBvXvanbEufS94FNh1w5FJcAj6vawb,Bgzr8cWubt89JQFXndVjtdKmDbGzuPxNhvjH1EhWCwbo,Dxaf8xPBBQsasRKW5Aa4Sw2YrbfGofY9xZueyyF23FBW,9429.150542160001,9455.158761219995,9407.714781798231,0.9977266498964117,3.7630859127192933,1.0,8703.64601369,6374.58044885,15058.440027973182
YAkoNb6HKmSxQN9L8hiBE5tPJRsniSSMzND1boHmZxe,CfWX7o2TswwbxusJ4hCaPobu2jLCb1hfXuXJQjVq3jQF,EnTrdMMpdhugeH6Ban6gYZWXughWxKtVGfCwFn78ZmY3,4985352.517929977,4984241.952203004,4985352.517929977,1.0,498.5352517929977,0.995651987769411,311617.744102,1139754.789479,1446416.865816473
ZUCKWFa4LTL833dPhhpeeRWZcaAEoMeYJPi2iKn4F8N,7eEYpq6ShaJ9opZWMxitRFrdCHh6vfyHhGfoSvFht3N2,H8VggnHmuwd1wvwpT8eg9cUJFEfZ7HAaeYjgXrSm7A2u,0.0011889080001310504,0.0011889080001310504,0.001190243701134413,1.0011234687656365,4.7609748045376524e-07,0.9998350472139106,1849.447104349,1997.705809944,3848.9011832092956
HEDSDjj84KS7LKhZY7ejkCACTdPen62rKhCby1wXtgxc,EnnjMSFttpCTywBrYNt1J5QQeoSVkvzPipJDa8Y7kJow,6bjVT6JN2rSvpyn9PdfLYC8wJn4LWh49jpY47fnLDXZk,12.891775755999333,13.315555873996345,12.489062960916655,0.9687620384728403,0.004995625184366663,0.9999269993294869,39084.099249329,9084.034455842,46946.56297589053
C98Sspw7XqnMsgxea3SLQVdbMDL8pKUc3RE82UvX9eq2,CSqgQJurPCzGxb4Cgwx5R61hWQUiaoUHcShNc8r1cKEL,6S2CR5EnukPhC914XkAns8m5GixjMAoUuZMsS5ubHuWc,90.727754,90.70600300000035,0.0,0.0,0.0,1.0,868.360045,895.36242,895.36242
C2ypsDADXcCRz8HbV2zX1AXPSja7a1P3xZtRC91xGhJh,J9bYNuDpY1d1T86gLaw7DGk5D3CsUAf2tzUwxMvb6FTv,A2NGvvPrMGzsJ4jb52KEnSBVmsA7C34dV1GC7PerdgvG,617.100129905001,620.8518750649996,89666.68728593206,145.3033032090525,35.86667491437282,145.74988241628236,3819.610192029,2221.098820774,878726.869835531
STK75uPSyBnEhGTTzb1nwmP3n427XoXmfRhXxxhyady,6TYyD5fUmDe6N65avW1Ny2RxzRNobw2RRgKwH9CTzSAU,54zDfk4cx2vGrEajPtodWpArNe5eUurytyxd4X3aZAxK,494.6989029269989,556.0391335180019,71843.04212709884,145.22579634202359,7.184304212709884,162.87533603217764,1742.811329706,306.445953743,303013.65092204715
parEAJhzYzHW87y9VoZAQ22dzQ2MD2ekEtTReaxbMcz,3oyc6hpjYSJEquK6dSvG72NXyz3pqLZz5D8AC71pwgQb,Di2vordgFJVZ1aj1aBpvzXtLfZgJsuLLXawGtVFwX6Rz,6.081418591999977,7.197941895999747,855.0624256652328,140.60246186474578,0.34202497026609313,166.30146864152985,1102.976627109,140.203243181,178397.23440010496
KwnjUuZhTMTSGAaavkLEmSyfobY16JNH4poL9oeeEvE,J63v6qEZmQpDqCD8bd4PXu2Pq5ZbyXrFcSa3Xt1HdAPQ,BnKQtTdLw9qPCDgZkWX3sURkBAoKCUYL1yahh6Mw7mRK,118.4862280000001,5632.972383000073,2.502038722842256,0.02111670499665374,0.00025020387228422565,1.0,277210.700725,581.846046,6435.622635125492
heyk4SZTeCUV6a65WiVA5bzic3KcxgVf1qxobfeV4tQ,9ZDpBKPqMABtGfq66FbVribaArMvtk63xxy91onZAtDt,DaTP4s6N7xxSPinbNZ3FB52EpRDRt87QShTuN3VPCW52,89.5239653390056,77.3748314649996,14931.51112124904,166.78786584918373,5.972604448499617,144.29939469289914,624.66657082,4493.924868406,752657.4425207481
AURHmCnNwiW4uA2Qj1XvEh4iKgRUZYXtiY7FKAapUV5Y,BKWm4TRnTeKwfWXRyuzjRHU7iZDkPuXBX5b5V5jSVfGJ,A5Ww74HVrkj9nPeC7pHKLfgeDMEhBCpW1efQdz3TGLEg,0.012180872999977055,0.010894102999941424,1.9467873119442434,159.82329936022734,0.0007787149247776974,144.44982600296208,289.928072031,1795.287738093,305666.26244192926
SAMGk1Nd4haC8zQA63DG37pzuEZy8j4q13tSFtCbcRE,9U9TnkHD3jXMAVZtynCVLgDruuqN4pTvLJTmVHCLWS8g,C6zoEbvqSknmi96QWq96UBiPCyNW3YSTvKhavR2BfifE,0.8883233699999971,1.2802884999999824,1.4766970764394582,1.6623418073977534,0.0005906788305757834,0.0,53.64118392,1.13876514,89.16998262852812
BSCNHw8CmxbZ8hCWWzMf5FaG2ajPT6JxfznKUNuRVrn4,7n9kgNL633yGzCYksgnzHyjG73ZLBAwvEae5sbAekbzW,SscdxE99omdG9AiMVwmaEMQySQnCgeAh1sPj2Leutm2,62.08398620300022,61.73025111600009,62.46238596056957,1.006094965557335,0.02498495438422783,0.9996571815647829,3866.9044012,7838.117192153,11725.903191420959
moFiBS1R4Lf3E3zzmBPnw3NF4RhWPkhREFviuzUaCAU,44ALBrpqi9PfZkBRTvbtRNtFJGsatfY4QydjtMbFWq8S,2ho8qEEie1UjVwWNBo9y4oAJZMyMLx8zPj9bxyUz6uWs,29495.948750307994,29368.047928130007,29595.617021884085,1.0033790495237096,11.838246808753635,0.9999050110237627,22132.422870883,42300.92994311,64504.121244924216
SHRJZYZxBfNz1SL5puXfaymPnndnJTY6MJrTrzpsYMc,BKJWe131yeNE594dMwrLyT25RPsytUgcTdMpph8rbuda,EreMRai79gFEuXwrMnj6kpV4pvVAUqukjSuy87XQTT8K,0.00363,0.003712,0.0034507540325340513,0.950620945601667,1.3803016130136205e-06,1.0000310009610298,0.01736,0.003106,0.019608875904629897
ACUSESXyNnwRLAg1dpSGMLSzUDdLjUMybY8rkXiAKhCP,AhFPQdu8GKBsxuhiH46UmCu1YpaLgNpoP325HnYtsgas,A8wxWpT3aFEr2XqZp1kDmbxbFfcBE95UUmdsNTDBJYbT,0.0,0.002270671999667684,0.0,0.9996571815647829,0.0,0.9878492702361312,1044.99877413,1840.979146512,2863.2504356872637
