0,1,2,3,4,5,6,7,8,9,10,11
KEnkcdADoLR5jS2CLLLesy8TtFsyWL37BhXNfDMzWzP,3qsjFRuw1qeLMPo4DLwaQevenGAGBj9dA3Q6rb8ax2YR,77iEv8zPQAEyCcEbvBRSB6AFcUdfkhiqnAKtPxk76rNN,1.8378119999999996,0.016936000000000007,0.016475854129129757,0.008964929018381512,6.5903416516519035e-06,0.9990538959605254,118.44259,0.304695,1.366236138932956
FrnkTEL6yZ5Aycq2TrEgu29dCrwKG4LPUZydfiwqspkc,DjvZuMZ46fxKBoBpGMPcRcos4xdTtHFxwMh69DpA2ZFY,9rvDPJLAng4uVVqnnSoEXgNDFhBZQTny9AoQioYDZbQX,17.349096173999897,14.458241211999876,2995.749642779236,172.6746807288322,1.1982998571116945,143.8566382286069,172.40383075,1439.342018322,236828.6804481647
ionytDfEj1mXodptgrsKEZro7DGsfpzANUfarJdm6Qb,3gkSjY95an9xNFSjCfsay6JZez7uv7yfW3Ad4ubc4fMK,9wXqANaSuEqkKL9yHzCPEDGHwbkStVAqV5rB3QDs3Jr6,0.02031090300000002,0.07565330600000042,14.680175055653544,722.7731359680823,0.0058720700222614185,2913.8378157871734,3.17013297,0.079600045,2523.2285694220714
BkwbeSfcX1h4thMDd7obGkHrPevf3QwgzJ4pCEqG18Lu,35yX27bmurdebhfAb8EPmjLETDiUaEUCn9zHaDPbakH2,2CxECn1ZJFoESyUnQysQU8rRgT3iJ5GRs2Mdd6gZjx5g,1.4089999996969027e-05,8.67000000004392e-06,0.030536832745213644,2167.2698901194167,1.2214733098085459e-05,1326.2599469496022,0.80136202,22.09433868,31039.604222654616
Lid8SLUxQ9RmF7XMqUA8c24RitTwzja8VSKngJxRcUa,4PgzyzLtds9bKZ2to9PMnKqJzKEUpjvNUaeN23phegax,AtymwxoVN9peZo7EXTcDz9jKVc4vRmisJKKrNfe3ewBa,117.58545572599769,99.40144757299981,20004.732270228917,170.12930848220498,2.000473227022892,143.78459457345437,967.724578912,7675.345633124,1268234.7734813993
ALBpShJ9NLpE739pcHDF2LNVk5J4VYPvvKuV6jMPitZi,D6d156U1bPiJpDYRLextvDRccgFk7QzkQbJg42ceKEu5,GNcM8U5g8RwTZffwwm3kSQqUNPSwv5d2fbN9sLxPJqt2,856.7772120000009,856.9914330000029,854.2537464330377,0.9970547004149742,0.34170149857321513,0.9989022064750839,53036.50956,47279.125092,100107.52352501202
SoN9GaFpSXfpyR5dth3x7PHPVhvJMpQqqDJfCSmPv1t,9kZ9iS68ViMPtoeqtnhAKuF2iqVyfHPdZHoUNdwCELr,BBhm5fJLjw3HRzjtKB8uMEYjGhY6EDm9co3cqpjrSzB9,0.3863165090000007,0.37842666700000005,66.68628370271043,172.62084883540481,0.026674513481084173,168.37355356594142,1.521340422,2.461753934,677.1093328857689
parEAJhzYzHW87y9VoZAQ22dzQ2MD2ekEtTReaxbMcz,3oyc6hpjYSJEquK6dSvG72NXyz3pqLZz5D8AC71pwgQb,Di2vordgFJVZ1aj1aBpvzXtLfZgJsuLLXawGtVFwX6Rz,5.036811111999981,5.868434184000165,709.143337927847,140.79212465171548,0.28365733517113884,166.58284773045028,1104.112774022,139.245278101,178646.25826873985
MiMUFdSLMyCLpqpH6zkqdDrGYs7XBomwENbivdYjv9V,,,0.012163421999999993,0.017581999999999987,0.0,0.0,0.0,166.58284773045028,1104.112774022,139.245278101,23195.874959083085
RoBgmK8CvjdHvPrqdDyVw54VwjZv2TqJ493xnqJAQHx,ExiHJxM7qPAcy27NDHAF6G7vnW7muNHi2sVJpnaNynGQ,6rkPHSqZb7StM4HwS9EuVrmfkV7tRdc7dnsFhyB6cefE,13.9432819999999,41.02202000000137,0.0,0.0,0.0,0.9474936896920267,6265.366103,18.96143,17.96583527253709
ALLwa5WNZbvQsRKAqe1jdRGemdYQnW8E5k4msbRFcYtu,CGoM82Hbz7QVqTgvQatYtjvDWBvoUJp5qm21P8iMs9yb,3dxNNww8TivyN5FMy5dCNdi3Zcxv6e4kUfSPxfFwpdNq,2.323439181,2.318494790000001,6771.308778014164,2914.347331915018,2.708523511205666,2905.194778783944,1.634216459,7.025520312,25173.179305721205
STK75uPSyBnEhGTTzb1nwmP3n427XoXmfRhXxxhyady,6TYyD5fUmDe6N65avW1Ny2RxzRNobw2RRgKwH9CTzSAU,54zDfk4cx2vGrEajPtodWpArNe5eUurytyxd4X3aZAxK,410.50890178199984,462.7360235999988,59059.46875857816,143.86891125187245,5.905946875857817,162.2301585215771,1599.47126693,281.129671441,275721.9009148645
MATgk4zXLXtYkwBH678J1xZbRDZ45LicNzkRBHkxTuY,y8dALFo1bJrSzPYjMX14HJX448pXqYmrfXHD1K8MXih,GN7Yuet3UyiWS5YVkEHv6oQKi4HGBJc3XDPt9zQhAqZz,583.8975100000011,583.9503310000005,583.9559055905602,1.000100010001,0.23358236223622406,1.0,4213.84098,3850.740695,8065.003101240623
daob129AwBGn9Y5r91uLoWZeYiGzbPmksauMhFZKTze,6VW5GQNyj4LStgmxEHLr5zUfW92vQnmbw8jTnCH7a38F,4VPCCUifPeBA1c7HWK358CHn2nyjm8pdTRk6Ps3KmnMQ,8.872165631999849,7.93287255100001,1389.1636038414617,156.57548128171436,0.5556654415365847,142.77639260880883,48.073483833,224.349161602,39558.892846384944
KysFMBBoavfov2tLpvefWW6tPFt6rAeZWDJVy1mMQae,B8ka2V21TH3x64dFV8ETcjuQcwmrciJ2qzy1mJUttRew,7fSf7EYxBANyxzk2s5pymFgshA91tFYQNKKs5UnLWcYS,40.27079900000035,54.01174400001764,0.0,0.0,0.0,0.021502142236928923,134514.436043,2603.001229,55.97010266885879
BUSDgu5JdqP1rndBvXvanbEufS94FNh1w5FJcAj6vawb,Bgzr8cWubt89JQFXndVjtdKmDbGzuPxNhvjH1EhWCwbo,Dxaf8xPBBQsasRKW5Aa4Sw2YrbfGofY9xZueyyF23FBW,8625.666314330005,8646.930686949998,8608.443143878752,0.998003264927761,3.443377257551501,1.0,8779.3928447,6304.3464593,15066.209182394025
BSCrK1Nx9PXU9mF7STWWBqeHLxmtJDr9h7jheEy4tAWX,FfSySSbVJPvEo5a5AvrP3nySoXpRE2QPn1uUMpJJ1x7v,HL7Vcj6838ZmvBHDbQxXfjBNckNi83WvPiZQoMQLFeRM,0.00012895899999998406,0.00012889199999999157,0.3765479141664522,2919.9041103490163,0.0001506191656665809,2912.0559114735,0.840296693,0.963989992,5260.778522608278
TETFuZgEmET6d9vYmz9iMFCxK1jKdKYxf3oPz8hSzJK,Eu1Ze6Z84LWNkq7SNoAHBJbXx5t1P95EwyqYohrfCRFV,ASMbv7WNu3qe4pkhREmvyEdwFNDZQ6B6iSrjkj4u8bdC,53.10639355299999,53.145349236,52.927447757519936,0.9966304284002742,0.021170979103007977,0.9963910715388862,168.737934132,82.739620888,250.61037909666794
SUiuyGR7SFq3xeRVJonq84fjjeFwRSsFekcevJ53tzy,49GjCCPsv7fBqo6t3iKDrP1xxGDS8uWZbVCdfnp2gjMf,CEwj5xEbbJEjYqM8D6Ai8ByGz1mrh8mkAVsE5fzDSSSx,4.46777899999995,0.04265300000000005,0.04005332160481509,0.008964929018381512,1.6021328641926035e-05,0.944903615106741,632.545869,1.783374,7.35584535614282
YAkoNb6HKmSxQN9L8hiBE5tPJRsniSSMzND1boHmZxe,CfWX7o2TswwbxusJ4hCaPobu2jLCb1hfXuXJQjVq3jQF,EnTrdMMpdhugeH6Ban6gYZWXughWxKtVGfCwFn78ZmY3,5141192.729018008,5140311.762946021,5141192.729018008,1.0,514.1192729018009,0.998874268699176,412607.62507,1067977.885736,1479383.2546714393
SoNcU2iwHMw6dGzsYNQkYFkUjwN1UdAjrWVRnStrZu2,8ivTTid27jZnYNc4w3CTA1Z6QS2twsFb8WMwUabeDJgc,CyXm53PMvHCbeXJBykU46Rcbo28xk5srhMZFg7gv6EYB,1.5713386599999968,1.5567524660000043,267.91313369496316,170.49993137377763,0.10716525347798526,169.02544492145302,15.263862854,19.425481274,5885.888184256957
KEN5P7p3asnb23Sw6yAmJRGvijfAzso3RqfyLAQhznt,9zj4aX38Uxf3h6AUjS4EipWS8mwbEofasHAf3a1uKGds,CwQDG1MWunn9cLNwcZLd8YBacweSR7ARo32w4mLua1Yr,53609.266267000465,53609.98836600152,53574.978280900694,0.9993604093380237,5.357497828090069,1.0,1148516.188212,1120945.974454,2268727.5824368913
WiiQFxXqp8P9Fs1rt9SVcDyA3KUdJmUsog6wnVQAwba,3S2jpqSYxho6wiz3cafhjXruVY8cg4HYa2v3BqBHYFSj,Dfe67M6TfrG74gKRtdqys4e6E9QirPD53BkF4FujFjuv,13960.833450359998,13955.718385365995,13980.538936107207,1.0014114834774925,1.3980538936107207,0.996630481043704,7601.811025435,19219.888564684,26767.66764192382
Sid7E679i9ABqptiAVhkmQ27YHN8vaYT4fppPwmxFsJ,GP7KB8o1bv527HG8kTzzzf4wJ5aEGHvcMQvVhLziUfmT,9gYxhAZ1M9wu5pxr8SBoa5NDm21gi3s9vMHaYTME77sa,349.84262299999864,855.5850559999963,3.1264695532237425,0.008936788566279857,0.0012505878212894972,0.021470101198677895,130363.894083,10767.255636,1396.2086262336277
KEVpg4SYCVrqFxKijQH6hm4QxsRdoE51ud64bEEFUC9,2bPenuBYfqzD8p5dFjCcggwkHDsc2RQDnx9AoyYGUBjA,AE6n6iLuX8oYu61vt5hoDYkjswpnxFxrhSehxrnQTnbx,114.59165998400022,114.7796330000001,114.7938975590554,1.0017648542231032,0.04591755902362216,0.9955747389798912,2069.252314785,5576.201271498,7624.429368842374
GokA1R67GqSavkd15zR62QD68Tuc5AEfvjssntVDEbM8,3YB7hfpBdbQEuZqLGWVDpRPmeZWCUsrrWyqGXegnQ6Cg,4DPCj6Z1DsG6HUtwSogBGqXEUxdEV5a8YVrrFtcnz7UW,13427.062627999992,13428.733509000005,13425.277066150196,0.9998670176866478,1.3425277066150196,1.0,19278.012029,13142.295743,32417.744137363552
B2izdXFYb2sNwbWWHmh75T4aQFtfXsUxem9u2p61HGzf,4DYwgJtxwuJdAjkj5RJSNH4e7U329V5cNp7d3a1nLrZv,EXNW64GEf1ACC6xY9BtKRiunrs6GoJSXBdxWN2eTPmrF,5119.811982999996,5069.6396810000115,5138.552283176741,1.0036603492938747,0.5138552283176742,1.0,11682.948789,28035.330953,39761.04341535019
ercAoEmXjQzEvAFbdjAo81KtMxRGn9AW1ju882upmPH,CMRhskR2Eg6V42RTSdRTXGdozyPbWB8U9dVpijPWb9T4,7TKLLgrWswt6ZJ1pXhVR3FyufHGjJFqiEXxvWJfDcgRm,161.16220687400016,136.596210999,23138.003014101436,143.569658562638,9.255201205640574,115.11732181853137,35.167188991,419.711017295,53364.94956477733
DFWzVTzNBrQZLjoQ4yQwkj9HuoXmfkuZP9V5vbymZe23,DhgiEgiNdqZdRdo195UUHnoEJUtefK8buko8nU97XJUZ,2K2kkXsouBHtWVjtcgkyiXd8eP3oVBvq1bTJzcVdLLr2,117.97977200699825,119.3391269079948,116.67474122475218,0.9889385209002722,0.04666989648990088,0.9977792347749275,42740.472969667,25238.75210937,67450.40288756184
BkMBnJpvHKtWhUvrgRrLesXfi9RUV3ELgdBaJcdH7hcY,5uerVwBnZQsuVhZ15igs7ZgmcqhHnYWbwoRtLyRqLvR,9YWiQh5d4jCtgMdzcGLv9bWgnLaFtzvDDh2nnhJdzhBX,0.0011736749997908191,0.0011736749997908191,0.0011801507714903226,1.0055175169452,4.7206030859612904e-07,0.9990265175914369,986.482241645,1887.576222024,2877.663873906453
C2ypsDADXcCRz8HbV2zX1AXPSja7a1P3xZtRC91xGhJh,J9bYNuDpY1d1T86gLaw7DGk5D3CsUAf2tzUwxMvb6FTv,A2NGvvPrMGzsJ4jb52KEnSBVmsA7C34dV1GC7PerdgvG,942.562760431998,948.4068533310046,135565.32014541962,143.82630614781232,54.22612805816785,143.60648147749242,2982.413330432,1734.114107697,677979.5182088768
heyk4SZTeCUV6a65WiVA5bzic3KcxgVf1qxobfeV4tQ,9ZDpBKPqMABtGfq66FbVribaArMvtk63xxy91onZAtDt,DaTP4s6N7xxSPinbNZ3FB52EpRDRt87QShTuN3VPCW52,82.56197336100013,71.36008151300018,13586.250529836318,164.55820975148913,5.434500211934528,143.82570625613056,617.629208442,4502.124825165,749157.2394640594
SEQV6QiTpvTzrceiaYg9Avnwf7oc8ZALpnQMz6TyT4A,3dFMPj4r9mMmPHF32mz1gNDX7f8ftidWof7S8YiYTs1j,Fc1ED3YPeQfXQosHbd8DTaBd2AV5gHQtwiSAL5C5pUhi,244.7817633369998,245.13841288999947,244.42638399566422,0.9985481788492294,0.0977705535982657,0.9991786751290438,3996.774064077,1550.465642487,5540.163669449184
SAMyS8Jr2HJrkFwYVKbpUwsNStnQmvz3f8Tup8bWUWF,6jPzm5TFfquvgm25sTyN3MMGBfufRaFHMxobDWv6hMFW,Cj9ECoDmxsHTDzCY5ZA6RWrPbg9uFzEC1Qc2kso2vJG6,1139.4084419300052,26.69962821000007,1091.0182372966285,0.9575304141582363,0.4364072949186515,0.02153089809832864,493.48637365,108370.93167386,2805.8516984333455
NorjjEePhxfwLF4vZjUHCrVVKLzQjEEGQFd3wgjEJmh,34M8pFVqgbV7aqHxvRT5tCv3vu2P1JJYT8J3VaxBK2oG,3AZWBSze3ucsY3xSeuLne3b2pauVqiaJ1SZSV5T9WGWw,1.1591890000004241,2.0,0.6710184097664578,0.5788688555241744,0.0002684073639065831,1.0,38235.101644,2193.763475,24326.873004512763
KZMu9QBEdL97EFgamLbN5DE1AoKBG4HdrKKJo4Vuon3,DD4ACBWyVqdaKWh7v5btsgqQCCMwbKnuL2xd9pv7Gyuw,GcYqiJ1MAuYbNTNYXm1F1gQYTfTgkErACAhNU5dpVj9T,25.68873910000002,26.636031259999868,24.5977489896259,0.9575304141582363,0.009839099595850359,1.0,2397.7131214,702.58769848,2998.4709366467796
AURHmCnNwiW4uA2Qj1XvEh4iKgRUZYXtiY7FKAapUV5Y,BKWm4TRnTeKwfWXRyuzjRHU7iZDkPuXBX5b5V5jSVfGJ,A5Ww74HVrkj9nPeC7pHKLfgeDMEhBCpW1efQdz3TGLEg,0.02630998599988743,0.023508204999984628,4.236347072118644,161.01669807565725,0.0016945388288474575,143.81749444900424,289.932553331,1795.28273288,304877.0468723646
BSCuChvaSj9b5HUSqgDVRzcnr2sSn7cXaamt1jbKH6hn,GnKpRj5kBVPMJfiwZtEuD9GYApLzPdW5JFuZTcyX4BTc,3dmwD9okkomV9nDwyuh4UMhKdUR13QpuKxRo89ycZB5t,12.279301065000027,12.248752386999968,12.302897370102322,1.00192163258946,0.004921158948040929,0.999460291442621,1205.155075939,1796.741186627,3003.2424112414596
wrmcMSHFi3sWpAEy4rGDvQb3ezh3PhXoV2xNjgLBkKU,8p4mGnARWPBu6P2Gcw4adodLkNDorrXniZMhaY7eJXUn,AyY89zccbsgp9LKFgH4CFZMJmpSgqmPSdTfukhP227rc,0.0055964400000002995,0.03083299000000514,1.8076356589148255,322.99741602067184,0.0007230542635659302,2915.196921552051,27.03494732,0.10083522,9026.172649543012
KwnjUuZhTMTSGAaavkLEmSyfobY16JNH4poL9oeeEvE,J63v6qEZmQpDqCD8bd4PXu2Pq5ZbyXrFcSa3Xt1HdAPQ,BnKQtTdLw9qPCDgZkWX3sURkBAoKCUYL1yahh6Mw7mRK,144.36524100000008,6422.183147999924,3.1066417421300803,0.021519319474762478,0.00031066417421300805,1.0,277002.756228,586.332861,6547.243667660083
RajgMbScQbqqrdJfR2rxfHJiTiY5b6bJ2tTXiF4aPxy,725ZA3fhyBAKb5iopNRrcbSuQa3LXA1656Q3mBvYPxeg,GLA6i1dSZpUfk2f9Nj8uiG7xyDdAR2reff8oEiZH3617,1888.578699769998,1892.2044532400032,1885.6610353066783,0.9984551004076903,0.7542644141226714,1.0,130911.53618232,53015.25566094,183724.5466643833
iLiUBQ7Z7im6Ew3b4ewwPcehzWgEQRJ1iQz7g6D62NW,GpugBvKWM3TVhYcZjemSdtehBWgfvuGr6uAm9iPjXT6v,92fMXJ3xy8tEyMUWLHKRLyhPw2nECBo77GtDiBBbYrjX,13.674317202999873,13.941426395999997,13.417188459134518,0.9811962279323939,0.005366875383653808,0.9998700368926046,1819.781564545,1142.964478516,2928.378742093194
MAR3XM1n9xWPQ3HJjAcC85o8DopWFP5p2WxGTaZ3fPB,6qG7GUhER8Cg9gDEgnebph9LdS6eu2eoWcA4R7z9uizK,4QV4CwRXVMY227KkFF9voNAfwWHVvVajXSXDKbUHkWZR,0.3040820000000011,0.006998999999999991,0.28787520188431776,0.9467025403815968,0.0001151500807537271,0.02153164263286773,0.115505,24.125989,0.6288210502392743
MiMuMS9C4vBqcrYeeQPph1E7oAW9aNKvW9k6Zw9XffM,Afy2q2hh6Y474pshJa5fnQ6PfEchGyTbKrQpCZw2hr3m,5pXz9ksgjeL8Wgb37bksUaBFMLdFfsNNY3FQnikkCPtS,0.801911466999627,0.012163422000000423,0.0,0.0,0.0,0.02154604694030405,26.015093477,7673.149676041,165.32604309995818
BSCNHw8CmxbZ8hCWWzMf5FaG2ajPT6JxfznKUNuRVrn4,7n9kgNL633yGzCYksgnzHyjG73ZLBAwvEae5sbAekbzW,SscdxE99omdG9AiMVwmaEMQySQnCgeAh1sPj2Leutm2,764.266286694,761.2993048700005,766.568866393291,1.0030127976850207,0.30662754655731644,0.999987819148375,4619.47215637,7082.637089863,11715.940508700223
vEnkoSUkpnbRrPgBz9DfcVxNz67zjwMYBZraAvDDNSf,DtfyjjsZ5yCjWKLKHvwsfXs5QVsmm1QkK6Sh9JZHoq1g,e5wrKCRv4GhHvEf1VD5Pq2KGaZDXP77nTL612Jyrxwy,2389.98243,2389.9980019999994,2388.8930947487947,0.9995442078412244,0.2388893094748795,0.9986597985503455,993.633848,954.23911,1946.1411948448485
Lee1XZJfJ9Hm2K1qTyeCz1LXNc1YBZaKZszvNY4KCDw,9DgFSWkPDGijNKcLGbr3p5xoJbHsPgXUTr6QvGBJ5vGN,2hNHZg7XBhuhHVZ3JDEi4buq2fPQwuWBdQ9xkH7t1GQX,1829.6386250417272,1541.5469076090058,312782.42524036043,170.95311662062613,31.278242524036045,143.86845589151397,6712.585169547,53858.78166627,8896117.109839901
AUSejoEUCh2DBs9mof6BNC8Pubs22w4cJa1ccV9h44R,4xkyD7AfGQDwsQMy9MosRRNGoVJ1zosNinesxg1TzHG7,Cbm5gsQe3nSiCsFrvepVzMCD9xLK3ri9g3ypS2hdmVJ7,640.5477529999989,639.412607000002,641.9716461110734,1.0022229304597599,0.06419716461110733,1.0,13652.527546,15225.818544,28908.69470933471
HEDSDjj84KS7LKhZY7ejkCACTdPen62rKhCby1wXtgxc,EnnjMSFttpCTywBrYNt1J5QQeoSVkvzPipJDa8Y7kJow,6bjVT6JN2rSvpyn9PdfLYC8wJn4LWh49jpY47fnLDXZk,58.76270854299946,60.36242671699074,56.7694850867775,0.966080129632496,0.022707794034711,1.0,39086.374795444,9081.872570843,46842.44260008986
C98Sspw7XqnMsgxea3SLQVdbMDL8pKUc3RE82UvX9eq2,CSqgQJurPCzGxb4Cgwx5R61hWQUiaoUHcShNc8r1cKEL,6S2CR5EnukPhC914XkAns8m5GixjMAoUuZMsS5ubHuWc,79.43102399999987,79.38932099999977,0.0,0.0,0.0,1.0,850.128535,913.641615,913.641615
SRMuKizofcAMicegrfSv7xs9q76tH1w8aAF7oX9FEWu,72Hj2KWntXPfbie4UgKeTPnm1XVkomDfCnRPKbvfTtPi,6aqJQ5wedqpUt4fFEDUqUmXhrdxCu4bEJsQdVPCADLko,658.6689270000006,661.4053619999977,35.767723697020365,0.05430303788570905,0.014307089478808148,0.04814990258793207,16945.392921,4946.001459,1158.3358022279087
BSC8REUo9LpiiWUuqMuLXs2D2yJsJfGd4HdiF3wCLxk5,AZjEH1zWVx1UJ6udMyRijGTzPteuLnaY18yNNmprJEsh,Caf8ypkSVR8xYnXNhjvfvdGCC7mrM3C11rz8Xi6NA6aK,42.81736779799985,42.92886200000021,42.906429918868916,1.0020800466130761,0.017162571967547568,0.9999878201483506,2593.035721111,3617.245595786,6215.630894551547
JSoLLrxK5bYdHwTEWYaGgmeycBCNXKDiBCTw5hXGBg7,xG4wXczA7Dk4hccJ61CHKpDHW4NrNfQwgmWgkb9BuF2,BVR6WgfhsRr9Lob4QDnkEAiNGgAbv7ZieKcY9kSg3QYR,0.8277974259999894,0.7044700260000099,139.97085357460927,169.08829283386908,0.05598834142984372,143.68745105646198,16.987947643,164.761845227,26546.672637732947
BUSDTd9WiT6uBHJRgNvFXBsA7JrifsAtWzKfioN7ERcy,DyBxrn7gSc1EwnpWhDyhzvMHPtxpmBqRqotapLcKcfTM,Cds99GeBgoCpqBsoRWu1C6fF9LiUMd4pXQQD24s9LPff,635.0330252399999,632.8938247299998,633.7840333832518,0.9980331859807196,0.06337840333832519,0.9992435726155301,95.45398626,78.34645297,173.55343558912503
MATSnbbiTCv7Dc3trJrkrqjx7ckKdr6fwPoVwv9q3sD,631WX9JizSHJm4w6VanZeJAst9T8DeUUnPLesdGkCVtK,211maUSfpnXbPuW1iBu8b4dtJv5EbN1j7JJiEX5TZKEP,1766.4044100000028,1766.2222699999984,1766.6323055674209,1.000129016643147,0.7066529222269684,0.9989361330183354,21844.723203,23710.859082,45533.175417773884
BUSD5rCfUDpCxKGMvYU2yThChxgHoioK74PTPociGnv2,CcFHbafgYDZ8yA8Me1PdtDiVb2eeaS61LbqyKKK5CsNZ,26R9s4nmF3CFDTkiePDwRmtscn8i7r2eygbSijditJ58,102.91501398,102.82354714,102.79963167340976,0.9988788583693662,0.010279963167340977,1.0,91.84112902,56.09876877,147.83693087685126
Cob4usZcpHEY7Qt4ZCwj6WVg9S44zvzYV2v9qYF65dTf,NhFM9UXE48PyNAyeyPYA3iXztqKVJwA4bTdLj4ysM8w,6TuFuynuBoeskxyR2cz4wxyidk8dpDK7kAWw3UkjQGx,6.861334999999997,748.9194619999907,0.061476143143735895,0.008959793268181181,2.459045725749436e-05,1.0,71097.619517,186.778091,823.7980637321235
7oAd7xG4m3oC2qeWB1szghTebAZyyGPAFDJ4wwwbRSNi,D9yh4KAysxt9GLacVe4Wwh2XqghhcjTCSTV9HuM7TBJd,HDYfJLpZKaMFb84jM4mRytn7XLR8UFZUnQpSfhJJaNEy,12.338486858992837,0.2807060000000092,12.33086197184565,0.9993820241303227,0.00493234478873826,0.02277674421689311,955.404703978,300093.099460776,7789.958054597924
MARpDPs5A7XiyCWPNH8GsMWPLxmwNn9SBmKvPa9LzgA,6YjT74rmcfCpw8LSjPNx5JTmZoYLGrTKnf9arfSgZ4SR,F8GSmi3vA8M8TsybLya1LQ4n1aFHCRbZ6k437PeTdXtg,24806.60034599999,26058.96700699994,23474.826489592433,0.9463137294981131,9.389930595836974,1.0,297420.224724,14777.500677,296230.34276373533
DA1mL7dfBow33EH5yjUuZE6SH2KeUK5zEXzsyhE5r5j5,B4UtLRZND3D83CitRCBUyeiNr7H8m7YFRqBmiPmXjhW4,AAmpYbuixWiSqDaJBCqYEs1pb5SrbdPr9mgXrB58Q2e,0.0011612919997787685,0.0011612919997787685,0.0015377643247166848,1.3241840338258044,6.15105729886674e-07,0.9995774016648563,134.965989112,3011.769461819,3189.216500950216
