0,1,2,3,4,5,6,7,8,9,10,11
GokA1R67GqSavkd15zR62QD68Tuc5AEfvjssntVDEbM8,3YB7hfpBdbQEuZqLGWVDpRPmeZWCUsrrWyqGXegnQ6Cg,4DPCj6Z1DsG6HUtwSogBGqXEUxdEV5a8YVrrFtcnz7UW,18429.515180000002,18429.652742000013,18432.29845706702,1.0001510228044435,1.843229845706702,1.0,14728.844958,17687.814439,32418.883788471772
MiMuMS9C4vBqcrYeeQPph1E7oAW9aNKvW9k6Zw9XffM,Afy2q2hh6Y474pshJa5fnQ6PfEchGyTbKrQpCZw2hr3m,5pXz9ksgjeL8Wgb37bksUaBFMLdFfsNNY3FQnikkCPtS,0.5466435340003954,0.008286185999999418,0.0,0.0,0.0,0.02079845432542959,26.002930055,7673.951587508,159.60633158834304
FrnkTEL6yZ5Aycq2TrEgu29dCrwKG4LPUZydfiwqspkc,DjvZuMZ46fxKBoBpGMPcRcos4xdTtHFxwMh69DpA2ZFY,9rvDPJLAng4uVVqnnSoEXgNDFhBZQTny9AoQioYDZbQX,12.237263475000873,10.210889462999802,2206.519320016645,180.31149893309686,0.8826077280066581,154.64851794139315,172.82584105,1438.792417803,253669.60149264632
MATgk4zXLXtYkwBH678J1xZbRDZ45LicNzkRBHkxTuY,y8dALFo1bJrSzPYjMX14HJX448pXqYmrfXHD1K8MXih,GN7Yuet3UyiWS5YVkEHv6oQKi4HGBJc3XDPt9zQhAqZz,2839.1973090000006,2833.891150999999,2843.3799208635905,1.0014731670286992,1.1373519683454363,1.0,3411.713931,4651.291745,8068.031700474503
KysFMBBoavfov2tLpvefWW6tPFt6rAeZWDJVy1mMQae,B8ka2V21TH3x64dFV8ETcjuQcwmrciJ2qzy1mJUttRew,7fSf7EYxBANyxzk2s5pymFgshA91tFYQNKKs5UnLWcYS,70.46827199997688,90.3193449999485,0.0,0.0,0.0,0.020782983524892516,134494.255541,2618.061619,54.41113149483043
KwnjUuZhTMTSGAaavkLEmSyfobY16JNH4poL9oeeEvE,J63v6qEZmQpDqCD8bd4PXu2Pq5ZbyXrFcSa3Xt1HdAPQ,BnKQtTdLw9qPCDgZkWX3sURkBAoKCUYL1yahh6Mw7mRK,777.5832319999681,32317.64212300022,16.16049949988801,0.020782983524892516,0.0016160499499888014,1.0,277583.480863,573.986878,6342.999787558046
heyk4SZTeCUV6a65WiVA5bzic3KcxgVf1qxobfeV4tQ,9ZDpBKPqMABtGfq66FbVribaArMvtk63xxy91onZAtDt,DaTP4s6N7xxSPinbNZ3FB52EpRDRt87QShTuN3VPCW52,91.67936306499712,79.59019569999873,16146.904576555075,176.12365571418232,6.458761830622031,154.70285063207717,626.906519036,4491.294948612,805229.1995033979
wrmcMSHFi3sWpAEy4rGDvQb3ezh3PhXoV2xNjgLBkKU,8p4mGnARWPBu6P2Gcw4adodLkNDorrXniZMhaY7eJXUn,AyY89zccbsgp9LKFgH4CFZMJmpSgqmPSdTfukhP227rc,0.003939679999999987,0.036055050000005195,1.334177703876537,338.651287382869,0.0005336710815506148,3071.536075191203,27.04025743,0.10024191,9465.11463264476
BkwbeSfcX1h4thMDd7obGkHrPevf3QwgzJ4pCEqG18Lu,35yX27bmurdebhfAb8EPmjLETDiUaEUCn9zHaDPbakH2,2CxECn1ZJFoESyUnQysQU8rRgT3iJ5GRs2Mdd6gZjx5g,0.0002019100000012486,0.00012897999999994525,0.4755971168823871,2355.490648702125,0.00019023884675295483,1499.250374812594,0.84291817,22.02806093,35011.06447275326
NorjjEePhxfwLF4vZjUHCrVVKLzQjEEGQFd3wgjEJmh,34M8pFVqgbV7aqHxvRT5tCv3vu2P1JJYT8J3VaxBK2oG,3AZWBSze3ucsY3xSeuLne3b2pauVqiaJ1SZSV5T9WGWw,65.807049,112.4361080000017,38.0934747310443,0.5788661748233734,0.015237389892417724,1.0,38235.118654,2193.750302,24326.76718115879
YakoMPuYrybnr9R7VC7hVGxMz94fJvPFCdZ4gmW61Ed,,,1.335535,1.350982,0.0,0.0,0.0,1.0,38235.118654,2193.750302,2193.750302
BSCNHw8CmxbZ8hCWWzMf5FaG2ajPT6JxfznKUNuRVrn4,7n9kgNL633yGzCYksgnzHyjG73ZLBAwvEae5sbAekbzW,SscdxE99omdG9AiMVwmaEMQySQnCgeAh1sPj2Leutm2,306.9092911530006,305.22256539100044,308.58238751966337,1.005451436026512,0.12343295500786534,0.9999902270955107,3930.055835801,7774.586661722,11725.9909651996
DFWzVTzNBrQZLjoQ4yQwkj9HuoXmfkuZP9V5vbymZe23,DhgiEgiNdqZdRdo195UUHnoEJUtefK8buko8nU97XJUZ,2K2kkXsouBHtWVjtcgkyiXd8eP3oVBvq1bTJzcVdLLr2,0.2814991409977665,0.28381610799988266,0.2769495129923547,0.9838378618517778,0.0001107798051969419,0.9999899421011623,45476.03363391,22540.058641838,67280.87563209393
SERgf3DMJpQxUifu7VoFKmfne73d2fDJxSrxUMrcNJB,AJfM2GZ2tTB8UtN2krcyR9xufRJEx2mhSCbJyMgPo3GU,F4yRYkufQvERZcEKnKjJwRLU1btiMBUuEwq46hfm11QD,0.1747267980000018,0.17475472399999958,26.866422245860914,153.76245975652023,0.010746568898344367,154.8864186914452,29.110083793,28.13477164,8833.732107751333
B2izdXFYb2sNwbWWHmh75T4aQFtfXsUxem9u2p61HGzf,4DYwgJtxwuJdAjkj5RJSNH4e7U329V5cNp7d3a1nLrZv,EXNW64GEf1ACC6xY9BtKRiunrs6GoJSXBdxWN2eTPmrF,6210.414011999994,6139.676989999998,6168.989249191672,0.9933297904570807,0.6168989249191672,1.0,10102.204095,29835.639311,39870.45958784101
KEnkcdADoLR5jS2CLLLesy8TtFsyWL37BhXNfDMzWzP,3qsjFRuw1qeLMPo4DLwaQevenGAGBj9dA3Q6rb8ax2YR,77iEv8zPQAEyCcEbvBRSB6AFcUdfkhiqnAKtPxk76rNN,0.016187000000000007,1.761134999999996,0.00014066461270436,0.008689974220322477,5.6265845081743996e-08,0.9991796734880664,118.109134,0.307603,1.3337159947485626
BUSDgu5JdqP1rndBvXvanbEufS94FNh1w5FJcAj6vawb,Bgzr8cWubt89JQFXndVjtdKmDbGzuPxNhvjH1EhWCwbo,Dxaf8xPBBQsasRKW5Aa4Sw2YrbfGofY9xZueyyF23FBW,5384.005733059998,5379.15219417,5370.433091212907,0.9974790810931441,2.148173236485163,1.0,8802.59417988,6270.53172324,15050.93527702256
TETFuZgEmET6d9vYmz9iMFCxK1jKdKYxf3oPz8hSzJK,Eu1Ze6Z84LWNkq7SNoAHBJbXx5t1P95EwyqYohrfCRFV,ASMbv7WNu3qe4pkhREmvyEdwFNDZQ6B6iSrjkj4u8bdC,7.840621657,7.866549426000006,7.812834412934442,0.9964559896802634,0.0031251337651737768,0.9992755252441978,285.843713171,66.954091834,351.7362653863587
STK75uPSyBnEhGTTzb1nwmP3n427XoXmfRhXxxhyady,6TYyD5fUmDe6N65avW1Ny2RxzRNobw2RRgKwH9CTzSAU,54zDfk4cx2vGrEajPtodWpArNe5eUurytyxd4X3aZAxK,390.6385911759979,440.35374955699444,60540.375817857166,154.97796988158134,6.0540375817857175,174.64872465388552,1851.713539962,326.125707267,343932.24407657515
SoNcU2iwHMw6dGzsYNQkYFkUjwN1UdAjrWVRnStrZu2,8ivTTid27jZnYNc4w3CTA1Z6QS2twsFb8WMwUabeDJgc,CyXm53PMvHCbeXJBykU46Rcbo28xk5srhMZFg7gv6EYB,6.116450775000006,6.059498890000002,1124.7695642795404,183.89252291162916,0.44990782571181626,181.32106539181035,15.29059832,19.395962097,6328.723213620331
C2ypsDADXcCRz8HbV2zX1AXPSja7a1P3xZtRC91xGhJh,J9bYNuDpY1d1T86gLaw7DGk5D3CsUAf2tzUwxMvb6FTv,A2NGvvPrMGzsJ4jb52KEnSBVmsA7C34dV1GC7PerdgvG,448.6857724989941,451.31744980600297,69458.47491458582,154.80427321715788,27.783389965834335,155.39035144014224,2712.797914791,1584.794148432,666214.4292693716
SQDY9uoDoCbNq7F3HAHYYQZbrUzpKxDtdWLvYcqBLak,GiehZ4X2uQjhEKuxSm3ACmEFrabxh3RTvjbLfLjw1xGX,rxDQYV77NKRKYxCjq4cECX3QQsiSyLv1T1FT2X3zNA2,15.194818198000007,15.234186999999991,15.24198883067739,1.0031043894084624,0.006096795532270956,0.9999902270955107,154.686698921,251.962312397,407.12675666414634
BSCuChvaSj9b5HUSqgDVRzcnr2sSn7cXaamt1jbKH6hn,GnKpRj5kBVPMJfiwZtEuD9GYApLzPdW5JFuZTcyX4BTc,3dmwD9okkomV9nDwyuh4UMhKdUR13QpuKxRo89ycZB5t,857.3570172259999,857.0193708730001,857.5275460113273,1.000198900553563,0.3430110184045309,0.9928554124519955,1499.575675878,1613.325114986,3101.6725147686298
WiiQFxXqp8P9Fs1rt9SVcDyA3KUdJmUsog6wnVQAwba,3S2jpqSYxho6wiz3cafhjXruVY8cg4HYa2v3BqBHYFSj,Dfe67M6TfrG74gKRtdqys4e6E9QirPD53BkF4FujFjuv,2720.787078772999,2724.010705591002,2716.2467961982434,0.9983312613433892,0.2716246796198244,0.9999902270955107,20093.801547884,6726.333821517,26786.53833018178
AURHmCnNwiW4uA2Qj1XvEh4iKgRUZYXtiY7FKAapUV5Y,BKWm4TRnTeKwfWXRyuzjRHU7iZDkPuXBX5b5V5jSVfGJ,A5Ww74HVrkj9nPeC7pHKLfgeDMEhBCpW1efQdz3TGLEg,0.004883604000042396,0.004363618999946084,0.8438525094452786,172.79298432836748,0.00033754100377811146,155.03126050336792,289.944339681,1795.269522979,328423.24483331223
MARpDPs5A7XiyCWPNH8GsMWPLxmwNn9SBmKvPa9LzgA,6YjT74rmcfCpw8LSjPNx5JTmZoYLGrTKnf9arfSgZ4SR,F8GSmi3vA8M8TsybLya1LQ4n1aFHCRbZ6k437PeTdXtg,19064.308637000006,20157.801063999883,17524.710266001017,0.9192418460950147,7.009884106400408,1.0,297861.222138,14335.715718,288142.2154362524
BUSDTd9WiT6uBHJRgNvFXBsA7JrifsAtWzKfioN7ERcy,DyBxrn7gSc1EwnpWhDyhzvMHPtxpmBqRqotapLcKcfTM,Cds99GeBgoCpqBsoRWu1C6fF9LiUMd4pXQQD24s9LPff,674.0348591000001,673.15559242,672.7038069852706,0.9980252473640506,0.06727038069852706,0.9997550600102975,146.19137303,118.10610763,263.9798599519693
HEDSDjj84KS7LKhZY7ejkCACTdPen62rKhCby1wXtgxc,EnnjMSFttpCTywBrYNt1J5QQeoSVkvzPipJDa8Y7kJow,6bjVT6JN2rSvpyn9PdfLYC8wJn4LWh49jpY47fnLDXZk,31.258118343001115,32.16506676699828,30.14118242346533,0.964267333456242,0.012056472969386134,0.9999892291160133,39073.104507813,9094.676602857,46771.49693875632
AUSejoEUCh2DBs9mof6BNC8Pubs22w4cJa1ccV9h44R,4xkyD7AfGQDwsQMy9MosRRNGoVJ1zosNinesxg1TzHG7,Cbm5gsQe3nSiCsFrvepVzMCD9xLK3ri9g3ypS2hdmVJ7,1531.360904000001,1529.135752000002,1532.8723161036794,1.0009869731555314,0.15328723161036795,1.0,14109.262781,14768.228791,28891.417035609185
Lee1XZJfJ9Hm2K1qTyeCz1LXNc1YBZaKZszvNY4KCDw,9DgFSWkPDGijNKcLGbr3p5xoJbHsPgXUTr6QvGBJ5vGN,2hNHZg7XBhuhHVZ3JDEi4buq2fPQwuWBdQ9xkH7t1GQX,965.7783113821934,814.3895180539675,177492.32001936936,183.78163800898324,17.749232001936935,154.9557562576945,6716.435174671,53853.63292546,9579287.87517112
BSCrK1Nx9PXU9mF7STWWBqeHLxmtJDr9h7jheEy4tAWX,FfSySSbVJPvEo5a5AvrP3nySoXpRE2QPn1uUMpJJ1x7v,HL7Vcj6838ZmvBHDbQxXfjBNckNi83WvPiZQoMQLFeRM,0.010365749999999951,0.010359483999999863,31.906396207830433,3078.059591233686,0.012762558483132175,3073.9909624665706,0.840167801,0.964118951,5549.779500230516
Lid8SLUxQ9RmF7XMqUA8c24RitTwzja8VSKngJxRcUa,4PgzyzLtds9bKZ2to9PMnKqJzKEUpjvNUaeN23phegax,AtymwxoVN9peZo7EXTcDz9jKVc4vRmisJKKrNfe3ewBa,83.71756870000013,70.86136843299926,15249.132320665876,182.14972744025536,1.524913232066588,155.04815873334337,970.045810193,7672.56719977,1366310.9970133994
ALBpShJ9NLpE739pcHDF2LNVk5J4VYPvvKuV6jMPitZi,D6d156U1bPiJpDYRLextvDRccgFk7QzkQbJg42ceKEu5,GNcM8U5g8RwTZffwwm3kSQqUNPSwv5d2fbN9sLxPJqt2,2297.738824,2300.769422999998,2294.203456473574,0.998461371027247,0.9176813825894298,0.9994233327370107,54746.898117,45567.227173,100203.61299821295
C98Sspw7XqnMsgxea3SLQVdbMDL8pKUc3RE82UvX9eq2,CSqgQJurPCzGxb4Cgwx5R61hWQUiaoUHcShNc8r1cKEL,6S2CR5EnukPhC914XkAns8m5GixjMAoUuZMsS5ubHuWc,33.58701399999984,33.60921700000006,0.0,0.0,0.0,1.0,893.249214,870.420913,870.420913
4Fss9Dy3vAUBuQ4SyEZz4vcLxeQqoFLZjdXhEUr3wqz3,,,0.00019008700000000003,0.00016378599999999997,0.0,0.0,0.0,1.0,893.249214,870.420913,870.420913
MiMUFdSLMyCLpqpH6zkqdDrGYs7XBomwENbivdYjv9V,,,0.008286186000000001,0.011129000000000056,0.0,0.0,0.0,1.0,893.249214,870.420913,870.420913
BSC8REUo9LpiiWUuqMuLXs2D2yJsJfGd4HdiF3wCLxk5,AZjEH1zWVx1UJ6udMyRijGTzPteuLnaY18yNNmprJEsh,Caf8ypkSVR8xYnXNhjvfvdGCC7mrM3C11rz8Xi6NA6aK,3026.329938223001,3021.132071478001,3030.181492832006,1.0012726816598412,1.2120725971328024,0.999990228095491,2968.735346427,3387.637358964,6360.117856750538
SAMyS8Jr2HJrkFwYVKbpUwsNStnQmvz3f8Tup8bWUWF,6jPzm5TFfquvgm25sTyN3MMGBfufRaFHMxobDWv6hMFW,Cj9ECoDmxsHTDzCY5ZA6RWrPbg9uFzEC1Qc2kso2vJG6,4172.768770120059,158.71791628000062,3995.663120026345,0.9575568022455703,1.5982652480105382,0.02079845432542959,481.25460878,108921.36470019,2726.2246530296807
KEVpg4SYCVrqFxKijQH6hm4QxsRdoE51ud64bEEFUC9,2bPenuBYfqzD8p5dFjCcggwkHDsc2RQDnx9AoyYGUBjA,AE6n6iLuX8oYu61vt5hoDYkjswpnxFxrhSehxrnQTnbx,1335.7756113409996,1336.6834608899999,1336.2063321073292,1.0003224499404486,0.5344825328429317,0.9999892291160133,2679.134679488,4965.021714569,7644.966803201976
moFiBS1R4Lf3E3zzmBPnw3NF4RhWPkhREFviuzUaCAU,44ALBrpqi9PfZkBRTvbtRNtFJGsatfY4QydjtMbFWq8S,2ho8qEEie1UjVwWNBo9y4oAJZMyMLx8zPj9bxyUz6uWs,2136.267308864004,2137.3193507370015,2134.0878503060007,0.9989797819079288,0.8536351401224003,0.9999902290954715,34161.221462613,30243.544381638,64369.618441282844
daob129AwBGn9Y5r91uLoWZeYiGzbPmksauMhFZKTze,6VW5GQNyj4LStgmxEHLr5zUfW92vQnmbw8jTnCH7a38F,4VPCCUifPeBA1c7HWK358CHn2nyjm8pdTRk6Ps3KmnMQ,20.667297899000125,18.478852155999945,3419.695870198066,165.46410115680916,1.3678783480792267,154.48047444043308,47.815408171,224.624324397,42611.80573817078
ALLwa5WNZbvQsRKAqe1jdRGemdYQnW8E5k4msbRFcYtu,CGoM82Hbz7QVqTgvQatYtjvDWBvoUJp5qm21P8iMs9yb,3dxNNww8TivyN5FMy5dCNdi3Zcxv6e4kUfSPxfFwpdNq,1.752404148000001,1.7207499420000003,5378.442538825121,3069.179301454791,2.1513770155300485,3026.85425091411,0.885390629,7.774028178,26248.27282953421
Dg3mAgpwDfVNnbGWcsxL8sUcSkEbjSJQhKAWNigG44Ju,EATxwd8YA2wV93VJcKMmH2Kn2Y9XfJVUB9hHVu3udwEy,GiGvrRi7NMHfHKanG2B8xyCEqe8jaafWins8bhrLVEaa,0.004100716000000004,0.004138392000000046,0.7495306655309917,182.78043774087035,0.0002998122662123967,183.5007502428174,0.202204939,0.257367616,84.18625788799133
SEQV6QiTpvTzrceiaYg9Avnwf7oc8ZALpnQMz6TyT4A,3dFMPj4r9mMmPHF32mz1gNDX7f8ftidWof7S8YiYTs1j,Fc1ED3YPeQfXQosHbd8DTaBd2AV5gHQtwiSAL5C5pUhi,274.3196001939999,275.4683365910005,272.9847748023038,0.995134050243759,0.10919390992092153,0.999324456667293,4761.004667846,870.150089824,5607.400124075398
MAR3XM1n9xWPQ3HJjAcC85o8DopWFP5p2WxGTaZ3fPB,6qG7GUhER8Cg9gDEgnebph9LdS6eu2eoWcA4R7z9uizK,4QV4CwRXVMY227KkFF9voNAfwWHVvVajXSXDKbUHkWZR,0.010242999999999988,0.4443260000000002,0.009626997322335695,0.9398611073255594,3.850798928934277e-06,0.020793191211316918,0.107105,24.494725,0.6099873244937288
SUiuyGR7SFq3xeRVJonq84fjjeFwRSsFekcevJ53tzy,49GjCCPsv7fBqo6t3iKDrP1xxGDS8uWZbVCdfnp2gjMf,CEwj5xEbbJEjYqM8D6Ai8ByGz1mrh8mkAVsE5fzDSSSx,0.08543100000000003,8.789611000000036,0.0007423931876163699,0.008689974220322477,2.9695727504654795e-07,0.9438654878415966,637.013648,1.740721,7.178638654974689
SAMGk1Nd4haC8zQA63DG37pzuEZy8j4q13tSFtCbcRE,9U9TnkHD3jXMAVZtynCVLgDruuqN4pTvLJTmVHCLWS8g,C6zoEbvqSknmi96QWq96UBiPCyNW3YSTvKhavR2BfifE,0.08990134999999999,0.20177511000000414,0.12999564759706872,1.4459810402965998,5.199825903882749e-05,0.0,54.20831194,0.87570769,78.3841912917238
MATSnbbiTCv7Dc3trJrkrqjx7ckKdr6fwPoVwv9q3sD,631WX9JizSHJm4w6VanZeJAst9T8DeUUnPLesdGkCVtK,211maUSfpnXbPuW1iBu8b4dtJv5EbN1j7JJiEX5TZKEP,1091.319913999996,1089.9202399999995,1091.7751842518292,1.000417173961542,0.43671007370073167,0.9996121504856115,19276.473331,26279.231957,45553.55454339103
YAkoNb6HKmSxQN9L8hiBE5tPJRsniSSMzND1boHmZxe,CfWX7o2TswwbxusJ4hCaPobu2jLCb1hfXuXJQjVq3jQF,EnTrdMMpdhugeH6Ban6gYZWXughWxKtVGfCwFn78ZmY3,5352140.424579029,5351834.253989002,5352140.424579029,1.0,535.2140424579029,0.9994063526265399,600352.190594,860504.017653,1460345.3722970684
KEN5P7p3asnb23Sw6yAmJRGvijfAzso3RqfyLAQhznt,9zj4aX38Uxf3h6AUjS4EipWS8mwbEofasHAf3a1uKGds,CwQDG1MWunn9cLNwcZLd8YBacweSR7ARo32w4mLua1Yr,45485.429736999096,45486.5670740013,45453.47594341088,0.9992974938618152,4.545347594341088,1.0,1137199.488214,1122713.576064,2259114.174657189
vEnkoSUkpnbRrPgBz9DfcVxNz67zjwMYBZraAvDDNSf,DtfyjjsZ5yCjWKLKHvwsfXs5QVsmm1QkK6Sh9JZHoq1g,e5wrKCRv4GhHvEf1VD5Pq2KGaZDXP77nTL612Jyrxwy,1524.6947569999998,1524.7105210000004,1513.6992456793848,0.9927883851701242,0.1513699245679385,0.9994173396909601,1034.071211,913.296218,1939.3779642629797
KZMu9QBEdL97EFgamLbN5DE1AoKBG4HdrKKJo4Vuon3,DD4ACBWyVqdaKWh7v5btsgqQCCMwbKnuL2xd9pv7Gyuw,GcYqiJ1MAuYbNTNYXm1F1gQYTfTgkErACAhNU5dpVj9T,289.4469757699999,298.8569686800015,277.16192053797215,0.9575568022455703,0.11086476821518886,1.0,2409.95867187,690.81853693,2998.490856309819
RajgMbScQbqqrdJfR2rxfHJiTiY5b6bJ2tTXiF4aPxy,725ZA3fhyBAKb5iopNRrcbSuQa3LXA1656Q3mBvYPxeg,GLA6i1dSZpUfk2f9Nj8uiG7xyDdAR2reff8oEiZH3617,44677.64116741,44730.36120372999,44598.910265129874,0.9982378008278208,17.83956410605195,1.0,133320.68408111,50606.71690901,183692.4633909979
parEAJhzYzHW87y9VoZAQ22dzQ2MD2ekEtTReaxbMcz,3oyc6hpjYSJEquK6dSvG72NXyz3pqLZz5D8AC71pwgQb,Di2vordgFJVZ1aj1aBpvzXtLfZgJsuLLXawGtVFwX6Rz,6.710930536000035,7.906947128999946,1011.8570696008414,150.77746136289858,0.40474282784033666,177.68257150746248,1102.021888656,141.009563421,191215.00457368648
JSoLLrxK5bYdHwTEWYaGgmeycBCNXKDiBCTw5hXGBg7,xG4wXczA7Dk4hccJ61CHKpDHW4NrNfQwgmWgkb9BuF2,BVR6WgfhsRr9Lob4QDnkEAiNGgAbv7ZieKcY9kSg3QYR,2.995388384000073,2.5515493629999746,542.6390876294824,181.15817318648894,0.21705563505179298,153.80053424153576,17.115170093,164.609932052,28417.64843888441
ionytDfEj1mXodptgrsKEZro7DGsfpzANUfarJdm6Qb,3gkSjY95an9xNFSjCfsay6JZez7uv7yfW3Ad4ubc4fMK,9wXqANaSuEqkKL9yHzCPEDGHwbkStVAqV5rB3QDs3Jr6,0.001539665999999995,0.005736692000000154,1.2633913662110592,820.5619700708227,0.0005053565464844237,3065.4159769480716,3.152465045,0.08412619,2844.6746948103737
Cob4usZcpHEY7Qt4ZCwj6WVg9S44zvzYV2v9qYF65dTf,NhFM9UXE48PyNAyeyPYA3iXztqKVJwA4bTdLj4ysM8w,6TuFuynuBoeskxyR2cz4wxyidk8dpDK7kAWw3UkjQGx,44.88580600000009,5130.040593000042,0.3896397937023473,0.008680690588520267,0.00015585591748093892,1.0,71423.52134,183.887951,803.8934404951144
SoN9GaFpSXfpyR5dth3x7PHPVhvJMpQqqDJfCSmPv1t,9kZ9iS68ViMPtoeqtnhAKuF2iqVyfHPdZHoUNdwCELr,BBhm5fJLjw3HRzjtKB8uMEYjGhY6EDm9co3cqpjrSzB9,0.5096049399999993,0.5001269620000006,91.64236231434992,179.8302079142915,0.03665694492573997,181.185153833443,1.50664572,2.4762601,719.6019802308945
RoBgmK8CvjdHvPrqdDyVw54VwjZv2TqJ493xnqJAQHx,ExiHJxM7qPAcy27NDHAF6G7vnW7muNHi2sVJpnaNynGQ,6rkPHSqZb7StM4HwS9EuVrmfkV7tRdc7dnsFhyB6cefE,1.5716110000000008,91.98060799999985,0.0,0.0,0.0,0.9421199205604482,6285.546605,18.618915,17.541250720721738
Sid7E679i9ABqptiAVhkmQ27YHN8vaYT4fppPwmxFsJ,GP7KB8o1bv527HG8kTzzzf4wJ5aEGHvcMQvVhLziUfmT,9gYxhAZ1M9wu5pxr8SBoa5NDm21gi3s9vMHaYTME77sa,2189.2886639999815,5037.850906000036,18.968744964392773,0.008664341654122288,0.007587497985757111,0.020699197788100285,130267.136722,10806.6048,1352.3670290367015
