0,1,2,3,4,5,6,7,8,9,10,11
B2izdXFYb2sNwbWWHmh75T4aQFtfXsUxem9u2p61HGzf,4DYwgJtxwuJdAjkj5RJSNH4e7U329V5cNp7d3a1nLrZv,EXNW64GEf1ACC6xY9BtKRiunrs6GoJSXBdxWN2eTPmrF,5524.563692,5474.178554000007,5547.018020948802,1.004064452905361,0.5547018020948802,1.0,10338.234383,29598.791609,39979.04525877429
ercAoEmXjQzEvAFbdjAo81KtMxRGn9AW1ju882upmPH,CMRhskR2Eg6V42RTSdRTXGdozyPbWB8U9dVpijPWb9T4,7TKLLgrWswt6ZJ1pXhVR3FyufHGjJFqiEXxvWJfDcgRm,24.315994330000024,24.747682392999934,3718.9915972427243,152.94425334909678,1.48759663889709,150.123799591333,277.232954021,788.095432976,160713.06799544016
wrmcMSHFi3sWpAEy4rGDvQb3ezh3PhXoV2xNjgLBkKU,8p4mGnARWPBu6P2Gcw4adodLkNDorrXniZMhaY7eJXUn,AyY89zccbsgp9LKFgH4CFZMJmpSgqmPSdTfukhP227rc,0.007113560000000713,0.04915937000000273,2.4138310145913513,339.328130302002,0.0009655324058365405,3032.6004548900682,27.03273054,0.10108039,9479.502347790494
Sid7E679i9ABqptiAVhkmQ27YHN8vaYT4fppPwmxFsJ,GP7KB8o1bv527HG8kTzzzf4wJ5aEGHvcMQvVhLziUfmT,9gYxhAZ1M9wu5pxr8SBoa5NDm21gi3s9vMHaYTME77sa,840.0711859999901,1712.0173749999722,7.773229203712551,0.00925306013734965,0.003109291681485021,0.022216142404584166,130772.022081,10599.153337,1445.5136845011248
JSoLLrxK5bYdHwTEWYaGgmeycBCNXKDiBCTw5hXGBg7,xG4wXczA7Dk4hccJ61CHKpDHW4NrNfQwgmWgkb9BuF2,BVR6WgfhsRr9Lob4QDnkEAiNGgAbv7ZieKcY9kSg3QYR,3.3788014260001376,2.878078988000002,604.9605429388125,179.04590020697708,0.24198421717552498,153.30928830455565,17.136603767,164.586609684,28300.894643066516
moFiBS1R4Lf3E3zzmBPnw3NF4RhWPkhREFviuzUaCAU,44ALBrpqi9PfZkBRTvbtRNtFJGsatfY4QydjtMbFWq8S,2ho8qEEie1UjVwWNBo9y4oAJZMyMLx8zPj9bxyUz6uWs,5132.834241937999,5120.886790221997,5144.724270792194,1.002316464606834,2.057889708316878,1.0,26255.585201875,38168.095701172,64484.50103689886
MATSnbbiTCv7Dc3trJrkrqjx7ckKdr6fwPoVwv9q3sD,631WX9JizSHJm4w6VanZeJAst9T8DeUUnPLesdGkCVtK,211maUSfpnXbPuW1iBu8b4dtJv5EbN1j7JJiEX5TZKEP,528.4696609999992,528.2351339999987,528.5277990578955,1.000110012101331,0.21141111962315823,0.9985062346729293,20653.783459,24901.634304,45520.492731208054
Cob4usZcpHEY7Qt4ZCwj6WVg9S44zvzYV2v9qYF65dTf,NhFM9UXE48PyNAyeyPYA3iXztqKVJwA4bTdLj4ysM8w,6TuFuynuBoeskxyR2cz4wxyidk8dpDK7kAWw3UkjQGx,16.296800999999988,1804.4907299999904,0.1507952796994198,0.00925306013734965,6.0318111879767916e-05,1.0,70572.386011,191.556637,844.5671687960361
KEN5P7p3asnb23Sw6yAmJRGvijfAzso3RqfyLAQhznt,9zj4aX38Uxf3h6AUjS4EipWS8mwbEofasHAf3a1uKGds,CwQDG1MWunn9cLNwcZLd8YBacweSR7ARo32w4mLua1Yr,35050.84038299997,35050.11931800004,35025.79693818917,0.9992855108597353,3.502579693818917,1.0,1145776.185221,1144121.656034,2289079.196613486
BSC8REUo9LpiiWUuqMuLXs2D2yJsJfGd4HdiF3wCLxk5,AZjEH1zWVx1UJ6udMyRijGTzPteuLnaY18yNNmprJEsh,Caf8ypkSVR8xYnXNhjvfvdGCC7mrM3C11rz8Xi6NA6aK,681.2457936360006,680.0729122020007,683.1563900921427,1.0028045625734359,0.27326255603685706,1.0,2635.853088909,3721.491606629,6364.73711046023
KZMu9QBEdL97EFgamLbN5DE1AoKBG4HdrKKJo4Vuon3,DD4ACBWyVqdaKWh7v5btsgqQCCMwbKnuL2xd9pv7Gyuw,GcYqiJ1MAuYbNTNYXm1F1gQYTfTgkErACAhNU5dpVj9T,28.625701620000427,29.551735580000013,27.49530607317517,0.9605111671381544,0.010998122429270068,1.0,2385.46267772,714.33052163,3005.5940623713445
RoBgmK8CvjdHvPrqdDyVw54VwjZv2TqJ493xnqJAQHx,ExiHJxM7qPAcy27NDHAF6G7vnW7muNHi2sVJpnaNynGQ,6rkPHSqZb7StM4HwS9EuVrmfkV7tRdc7dnsFhyB6cefE,2.396436999999949,25.142267999999902,0.0,0.0,0.0,0.9530444528524143,6260.087367,19.05262,18.15799380330497
BkMBnJpvHKtWhUvrgRrLesXfi9RUV3ELgdBaJcdH7hcY,5uerVwBnZQsuVhZ15igs7ZgmcqhHnYWbwoRtLyRqLvR,9YWiQh5d4jCtgMdzcGLv9bWgnLaFtzvDDh2nnhJdzhBX,0.0011618900000485155,0.0011618900000485155,0.0011683007395890135,1.0055175098677416,4.673202958356054e-07,1.0,986.482241645,1887.575048349,2879.5002154966282
Dg3mAgpwDfVNnbGWcsxL8sUcSkEbjSJQhKAWNigG44Ju,EATxwd8YA2wV93VJcKMmH2Kn2Y9XfJVUB9hHVu3udwEy,GiGvrRi7NMHfHKanG2B8xyCEqe8jaafWins8bhrLVEaa,0.00045585000000000764,0.0004610159999999808,0.08406094875186643,184.40484534795442,3.362437950074658e-05,182.33126198942006,0.198226173,0.261388851,84.21322584877635
STK75uPSyBnEhGTTzb1nwmP3n427XoXmfRhXxxhyady,6TYyD5fUmDe6N65avW1Ny2RxzRNobw2RRgKwH9CTzSAU,54zDfk4cx2vGrEajPtodWpArNe5eUurytyxd4X3aZAxK,634.4467704569984,714.3806688919999,97507.73756260896,153.68939066767282,9.750773756260896,173.1485399768812,1799.505420889,316.302476227,331332.20358938177
vEnkoSUkpnbRrPgBz9DfcVxNz67zjwMYBZraAvDDNSf,DtfyjjsZ5yCjWKLKHvwsfXs5QVsmm1QkK6Sh9JZHoq1g,e5wrKCRv4GhHvEf1VD5Pq2KGaZDXP77nTL612Jyrxwy,1418.8678730000001,1418.1894469999997,1417.3314856695342,0.9989171737836184,0.1417331485669534,0.9948654991588413,1019.145643,928.491473,1941.7662181303212
GokA1R67GqSavkd15zR62QD68Tuc5AEfvjssntVDEbM8,3YB7hfpBdbQEuZqLGWVDpRPmeZWCUsrrWyqGXegnQ6Cg,4DPCj6Z1DsG6HUtwSogBGqXEUxdEV5a8YVrrFtcnz7UW,5358.378635999996,5358.757944000012,5358.587620917212,1.0000390015210594,0.5358587620917212,1.0,17194.250646,15224.485082,32419.40632992867
SRMuKizofcAMicegrfSv7xs9q76tH1w8aAF7oX9FEWu,72Hj2KWntXPfbie4UgKeTPnm1XVkomDfCnRPKbvfTtPi,6aqJQ5wedqpUt4fFEDUqUmXhrdxCu4bEJsQdVPCADLko,19.483007000000725,19.534013000000414,1.2817379025544504,0.06578747841924004,0.0005126951610217802,0.06537139779083899,16948.215891,4942.927552,1438.1064704268736
AUSejoEUCh2DBs9mof6BNC8Pubs22w4cJa1ccV9h44R,4xkyD7AfGQDwsQMy9MosRRNGoVJ1zosNinesxg1TzHG7,Cbm5gsQe3nSiCsFrvepVzMCD9xLK3ri9g3ypS2hdmVJ7,502.77028599999903,501.9925000000003,503.7097045990763,1.0018684847240102,0.050370970459907634,1.0,13657.438465,15220.82143,28903.778610140962
C2ypsDADXcCRz8HbV2zX1AXPSja7a1P3xZtRC91xGhJh,J9bYNuDpY1d1T86gLaw7DGk5D3CsUAf2tzUwxMvb6FTv,A2NGvvPrMGzsJ4jb52KEnSBVmsA7C34dV1GC7PerdgvG,1226.0210692660044,1233.4309010309976,188303.08800483932,153.5887862984058,75.32123520193574,154.3963273436822,3550.809983519,2041.223764532,860522.0482753315
Lee1XZJfJ9Hm2K1qTyeCz1LXNc1YBZaKZszvNY4KCDw,9DgFSWkPDGijNKcLGbr3p5xoJbHsPgXUTr6QvGBJ5vGN,2hNHZg7XBhuhHVZ3JDEi4buq2fPQwuWBdQ9xkH7t1GQX,1137.9159193859668,958.7052497850009,207612.1036557148,182.44942365139315,20.76121036557148,153.72865785043064,6711.069528519,53861.261865602,9504450.264292296
SAMyS8Jr2HJrkFwYVKbpUwsNStnQmvz3f8Tup8bWUWF,6jPzm5TFfquvgm25sTyN3MMGBfufRaFHMxobDWv6hMFW,Cj9ECoDmxsHTDzCY5ZA6RWrPbg9uFzEC1Qc2kso2vJG6,1300.1295098199917,29.69389724000007,1248.7889129079567,0.9605111671381544,0.49951556516318274,0.02261597386588524,505.73681733,107839.5414616,2924.6621120829673
BUSDTd9WiT6uBHJRgNvFXBsA7JrifsAtWzKfioN7ERcy,DyBxrn7gSc1EwnpWhDyhzvMHPtxpmBqRqotapLcKcfTM,Cds99GeBgoCpqBsoRWu1C6fF9LiUMd4pXQQD24s9LPff,409.23966133000005,409.08943626999996,408.4477791137654,0.9980649915170464,0.04084477791137654,0.9985179397627277,88.68439882,85.05309788,173.43983782155289
WiiQFxXqp8P9Fs1rt9SVcDyA3KUdJmUsog6wnVQAwba,3S2jpqSYxho6wiz3cafhjXruVY8cg4HYa2v3BqBHYFSj,Dfe67M6TfrG74gKRtdqys4e6E9QirPD53BkF4FujFjuv,12528.737091068,12522.651452571,12530.519833185708,1.0001422922442023,1.253051983318571,1.0,12630.744891905,14186.525698168,26819.067847109614
Lid8SLUxQ9RmF7XMqUA8c24RitTwzja8VSKngJxRcUa,4PgzyzLtds9bKZ2to9PMnKqJzKEUpjvNUaeN23phegax,AtymwxoVN9peZo7EXTcDz9jKVc4vRmisJKKrNfe3ewBa,90.92187107900907,76.93190038099851,16542.112943811295,181.93766524488447,1.6542112943811296,153.7950465691401,968.049999166,7674.947867903,1356493.7214484387
DFWzVTzNBrQZLjoQ4yQwkj9HuoXmfkuZP9V5vbymZe23,DhgiEgiNdqZdRdo195UUHnoEJUtefK8buko8nU97XJUZ,2K2kkXsouBHtWVjtcgkyiXd8eP3oVBvq1bTJzcVdLLr2,1827.7339336159966,1829.4377201560055,1807.5170095036442,0.988938803542179,0.7230068038014577,0.9997043194528441,42740.270170219,25238.904197891,67498.95319009402
SERgf3DMJpQxUifu7VoFKmfne73d2fDJxSrxUMrcNJB,AJfM2GZ2tTB8UtN2krcyR9xufRJEx2mhSCbJyMgPo3GU,F4yRYkufQvERZcEKnKjJwRLU1btiMBUuEwq46hfm11QD,1.6145711239999976,1.6150301580000033,247.64587632178672,153.38183164595424,0.09905835052871469,153.81371098495995,29.284858487,27.960780594,8792.51665942802
ionytDfEj1mXodptgrsKEZro7DGsfpzANUfarJdm6Qb,3gkSjY95an9xNFSjCfsay6JZez7uv7yfW3Ad4ubc4fMK,9wXqANaSuEqkKL9yHzCPEDGHwbkStVAqV5rB3QDs3Jr6,0.02031090300000002,0.07565330600000042,15.288759535290563,752.7365738141011,0.006115503814116225,3037.205770690964,3.17013297,0.079600045,2628.036746394181
HEDSDjj84KS7LKhZY7ejkCACTdPen62rKhCby1wXtgxc,EnnjMSFttpCTywBrYNt1J5QQeoSVkvzPipJDa8Y7kJow,6bjVT6JN2rSvpyn9PdfLYC8wJn4LWh49jpY47fnLDXZk,50.82538424300219,52.454360325999005,49.25741835825832,0.9691499452862522,0.01970296734330333,1.0,39034.592825719,9132.006133937,46962.3796352537
AURHmCnNwiW4uA2Qj1XvEh4iKgRUZYXtiY7FKAapUV5Y,BKWm4TRnTeKwfWXRyuzjRHU7iZDkPuXBX5b5V5jSVfGJ,A5Ww74HVrkj9nPeC7pHKLfgeDMEhBCpW1efQdz3TGLEg,0.0001266409999516327,0.00011319100002538107,0.021359239012556663,168.65974700700627,8.543695605022667e-06,153.75007187815862,289.928185222,1795.287611452,324924.81367245567
MATgk4zXLXtYkwBH678J1xZbRDZ45LicNzkRBHkxTuY,y8dALFo1bJrSzPYjMX14HJX448pXqYmrfXHD1K8MXih,GN7Yuet3UyiWS5YVkEHv6oQKi4HGBJc3XDPt9zQhAqZz,671.1671310000002,670.559295999999,671.8604910267397,1.0010330661242401,0.2687441964106959,1.0,3655.704375,4408.702552,8068.183511350048
SEQV6QiTpvTzrceiaYg9Avnwf7oc8ZALpnQMz6TyT4A,3dFMPj4r9mMmPHF32mz1gNDX7f8ftidWof7S8YiYTs1j,Fc1ED3YPeQfXQosHbd8DTaBd2AV5gHQtwiSAL5C5pUhi,601.4944499700005,599.9999999999999,599.9972510296244,0.9975108682375194,0.23999890041184976,0.9993264539700242,4159.510217876,1470.150089824,5618.3165249438525
NorjjEePhxfwLF4vZjUHCrVVKLzQjEEGQFd3wgjEJmh,34M8pFVqgbV7aqHxvRT5tCv3vu2P1JJYT8J3VaxBK2oG,3AZWBSze3ucsY3xSeuLne3b2pauVqiaJ1SZSV5T9WGWw,1.2049870000000737,2.0832120000050054,0.6975294456115511,0.5788688555241744,0.00027901177824462046,1.0,38235.101644,2193.762303,24326.871832512763
BSCNHw8CmxbZ8hCWWzMf5FaG2ajPT6JxfznKUNuRVrn4,7n9kgNL633yGzCYksgnzHyjG73ZLBAwvEae5sbAekbzW,SscdxE99omdG9AiMVwmaEMQySQnCgeAh1sPj2Leutm2,56.567321247999644,56.244238048000625,56.91655536934071,1.00617377867002,0.02276662214773629,1.0,3859.7070645,7845.378568905,11728.914610552336
ALBpShJ9NLpE739pcHDF2LNVk5J4VYPvvKuV6jMPitZi,D6d156U1bPiJpDYRLextvDRccgFk7QzkQbJg42ceKEu5,GNcM8U5g8RwTZffwwm3kSQqUNPSwv5d2fbN9sLxPJqt2,6672.168053999987,6678.639939999994,6661.170461567938,0.9983517213081202,2.664468184627175,0.998847330180971,53893.59165,46422.455065,100173.7052933758
ZUCKWFa4LTL833dPhhpeeRWZcaAEoMeYJPi2iKn4F8N,7eEYpq6ShaJ9opZWMxitRFrdCHh6vfyHhGfoSvFht3N2,H8VggnHmuwd1wvwpT8eg9cUJFEfZ7HAaeYjgXrSm7A2u,0.0011523939999733557,0.0011523939999733557,0.0011537438086974155,1.001171308358158,4.614975234789662e-07,1.0,1849.447104349,1997.706962338,3849.3203395382952
KEVpg4SYCVrqFxKijQH6hm4QxsRdoE51ud64bEEFUC9,2bPenuBYfqzD8p5dFjCcggwkHDsc2RQDnx9AoyYGUBjA,AE6n6iLuX8oYu61vt5hoDYkjswpnxFxrhSehxrnQTnbx,917.058552984,916.0509600199998,918.4354153341085,1.0015013897919913,0.36737416613364343,1.0,2273.129911762,5371.975342498,7648.518108305389
YAkoNb6HKmSxQN9L8hiBE5tPJRsniSSMzND1boHmZxe,CfWX7o2TswwbxusJ4hCaPobu2jLCb1hfXuXJQjVq3jQF,EnTrdMMpdhugeH6Ban6gYZWXughWxKtVGfCwFn78ZmY3,4833291.640924999,4831956.438348991,4833291.640924999,1.0,483.32916409249987,0.9994053538144805,563290.386758,888670.04815,1451431.990653682
BSCuChvaSj9b5HUSqgDVRzcnr2sSn7cXaamt1jbKH6hn,GnKpRj5kBVPMJfiwZtEuD9GYApLzPdW5JFuZTcyX4BTc,3dmwD9okkomV9nDwyuh4UMhKdUR13QpuKxRo89ycZB5t,46.00834829400014,45.91219569000009,46.11627143706802,1.0023457295701692,0.01844650857482721,0.9993763891331809,1304.258617512,1809.020487692,3115.210418375823
HDSBGqAuMRr6X2AfmmbXQPpRgU6VEhtfNVVZ3wUTZXg,DCZ1d8kNLgDcdSd99y4udLgwq46mfDXNS9KXj96kQf5L,Fq8GGYQM5Pz3q7LmVMbrXHJgsxA5ev86kTq8yGgGuYsa,1.519565689000956,1.5269172379994416,1.5115836340671536,0.9947471471673922,0.0006046334536268615,0.9997059634829025,13523.369623677,12879.734392416,26328.28063341698
BUSDgu5JdqP1rndBvXvanbEufS94FNh1w5FJcAj6vawb,Bgzr8cWubt89JQFXndVjtdKmDbGzuPxNhvjH1EhWCwbo,Dxaf8xPBBQsasRKW5Aa4Sw2YrbfGofY9xZueyyF23FBW,4958.261747050002,4970.130627670003,4947.807376410164,0.997891525059955,1.9791229505640653,1.0,8745.59370631,6334.74337547,15061.897216614429
BerKDkt6v49dT1bHRedgnpsJS263C1DSJtEGvY9Mg35V,78XKqNb8wbfsMMrvo8WPUpdx7GEkfQutpNVH943aCGFa,DKYQwn4nDvFHCszi5tXbqfVMAP7DaXXp1KGTXEnYnKVH,0.07210667200001808,0.07202401100016687,0.0722489436082863,1.0019730713444686,2.8899577443314524e-05,1.0,1338.388229411,1686.819933395,3027.848898269225
ALLwa5WNZbvQsRKAqe1jdRGemdYQnW8E5k4msbRFcYtu,CGoM82Hbz7QVqTgvQatYtjvDWBvoUJp5qm21P8iMs9yb,3dxNNww8TivyN5FMy5dCNdi3Zcxv6e4kUfSPxfFwpdNq,2.102364013,2.099079850000001,6385.118183198688,3037.1135273036507,2.5540472732794752,3033.373171634321,2.420038826,6.236662754,26268.058133559265
KwnjUuZhTMTSGAaavkLEmSyfobY16JNH4poL9oeeEvE,J63v6qEZmQpDqCD8bd4PXu2Pq5ZbyXrFcSa3Xt1HdAPQ,BnKQtTdLw9qPCDgZkWX3sURkBAoKCUYL1yahh6Mw7mRK,185.64120099999934,8523.214168999868,4.217665314700555,0.02271944639434093,0.0004217665314700555,1.0,276244.297391,603.094926,6879.212432317197
BkwbeSfcX1h4thMDd7obGkHrPevf3QwgzJ4pCEqG18Lu,35yX27bmurdebhfAb8EPmjLETDiUaEUCn9zHaDPbakH2,2CxECn1ZJFoESyUnQysQU8rRgT3iJ5GRs2Mdd6gZjx5g,0.02134811999999997,0.03435400000000044,46.32939082879396,2170.1859849389093,0.018531756331517588,1335.113484646195,0.80135447,22.09435093,31237.554100910347
FrnkTEL6yZ5Aycq2TrEgu29dCrwKG4LPUZydfiwqspkc,DjvZuMZ46fxKBoBpGMPcRcos4xdTtHFxwMh69DpA2ZFY,9rvDPJLAng4uVVqnnSoEXgNDFhBZQTny9AoQioYDZbQX,51.56310159799972,42.98444972600004,9515.796101452606,184.5466197057035,3.806318440581043,153.79913863254419,172.562127353,1439.145295561,253185.06411658128
TETFuZgEmET6d9vYmz9iMFCxK1jKdKYxf3oPz8hSzJK,Eu1Ze6Z84LWNkq7SNoAHBJbXx5t1P95EwyqYohrfCRFV,ASMbv7WNu3qe4pkhREmvyEdwFNDZQ6B6iSrjkj4u8bdC,138.01294391199997,138.0998196980001,137.64691351487505,0.9973478545797972,0.055058765405950026,0.9992216063686388,219.856999394,132.897270441,352.0677307120211
C98Sspw7XqnMsgxea3SLQVdbMDL8pKUc3RE82UvX9eq2,CSqgQJurPCzGxb4Cgwx5R61hWQUiaoUHcShNc8r1cKEL,6S2CR5EnukPhC914XkAns8m5GixjMAoUuZMsS5ubHuWc,13.148120000000063,13.145432000000028,0.0,0.0,0.0,1.0,868.704645,895.022978,895.022978
SoN9GaFpSXfpyR5dth3x7PHPVhvJMpQqqDJfCSmPv1t,9kZ9iS68ViMPtoeqtnhAKuF2iqVyfHPdZHoUNdwCELr,BBhm5fJLjw3HRzjtKB8uMEYjGhY6EDm9co3cqpjrSzB9,0.33881843000000034,0.3321026239999998,62.30679462035478,183.89434901860184,0.024922717848141915,168.92148698206563,1.504938157,2.47836343,695.398458572342
MARpDPs5A7XiyCWPNH8GsMWPLxmwNn9SBmKvPa9LzgA,6YjT74rmcfCpw8LSjPNx5JTmZoYLGrTKnf9arfSgZ4SR,F8GSmi3vA8M8TsybLya1LQ4n1aFHCRbZ6k437PeTdXtg,20248.88415799999,21262.04271300017,19326.85775507846,0.9544653228431231,7.7307431020313855,1.0,295984.289849,16136.90171,298643.6424772183
daob129AwBGn9Y5r91uLoWZeYiGzbPmksauMhFZKTze,6VW5GQNyj4LStgmxEHLr5zUfW92vQnmbw8jTnCH7a38F,4VPCCUifPeBA1c7HWK358CHn2nyjm8pdTRk6Ps3KmnMQ,12.34633195099989,11.099644769000022,2118.51235064982,171.59042532290314,0.847404940259928,153.65037962399293,48.423790006,223.953837282,42719.650839505724
RajgMbScQbqqrdJfR2rxfHJiTiY5b6bJ2tTXiF4aPxy,725ZA3fhyBAKb5iopNRrcbSuQa3LXA1656Q3mBvYPxeg,GLA6i1dSZpUfk2f9Nj8uiG7xyDdAR2reff8oEiZH3617,5507.407280789972,5508.40951995003,5499.408665855917,0.9985476623524914,2.1997634663423673,1.0,129411.80809336,54511.80897271,183735.66742514385
SoNcU2iwHMw6dGzsYNQkYFkUjwN1UdAjrWVRnStrZu2,8ivTTid27jZnYNc4w3CTA1Z6QS2twsFb8WMwUabeDJgc,CyXm53PMvHCbeXJBykU46Rcbo28xk5srhMZFg7gv6EYB,2.7380991069999983,2.713726098999997,499.27747918855914,182.34456083497764,0.1997109916754237,180.20901362235975,15.097998602,19.59235407,6283.7567260635215
heyk4SZTeCUV6a65WiVA5bzic3KcxgVf1qxobfeV4tQ,9ZDpBKPqMABtGfq66FbVribaArMvtk63xxy91onZAtDt,DaTP4s6N7xxSPinbNZ3FB52EpRDRt87QShTuN3VPCW52,75.033537393002,65.04151907299945,13263.672560058378,176.76992210279843,5.305469024023352,153.55256134885485,630.062682643,4487.731861188,800478.8532629643
KysFMBBoavfov2tLpvefWW6tPFt6rAeZWDJVy1mMQae,B8ka2V21TH3x64dFV8ETcjuQcwmrciJ2qzy1mJUttRew,7fSf7EYxBANyxzk2s5pymFgshA91tFYQNKKs5UnLWcYS,20.251256999999896,27.078095000004396,0.0,0.0,0.0,0.02261066081352027,134519.714779,2599.041798,58.76605253473987
parEAJhzYzHW87y9VoZAQ22dzQ2MD2ekEtTReaxbMcz,3oyc6hpjYSJEquK6dSvG72NXyz3pqLZz5D8AC71pwgQb,Di2vordgFJVZ1aj1aBpvzXtLfZgJsuLLXawGtVFwX6Rz,4.3355552119999174,5.093323351000407,638.5770777977315,147.2884201844051,0.2554308311190926,176.46768170877186,1101.428152068,141.518472304,187201.04919117835
