0,1,2,3,4,5,6,7,8,9,10,11
KZMu9QBEdL97EFgamLbN5DE1AoKBG4HdrKKJo4Vuon3,DD4ACBWyVqdaKWh7v5btsgqQCCMwbKnuL2xd9pv7Gyuw,GcYqiJ1MAuYbNTNYXm1F1gQYTfTgkErACAhNU5dpVj9T,263.40268265999987,272.20953245000055,250.47273171365836,0.9509118479137455,0.10018909268546336,0.9997617067971848,2411.55815086,689.2884365,2982.3034013365404
wrmcMSHFi3sWpAEy4rGDvQb3ezh3PhXoV2xNjgLBkKU,8p4mGnARWPBu6P2Gcw4adodLkNDorrXniZMhaY7eJXUn,AyY89zccbsgp9LKFgH4CFZMJmpSgqmPSdTfukhP227rc,0.0077640800000002425,0.028877320000003828,2.594946524064252,334.2245989304813,0.001037978609625701,3042.195248091022,27.04025743,0.10024191,9342.474656780287
ALBpShJ9NLpE739pcHDF2LNVk5J4VYPvvKuV6jMPitZi,D6d156U1bPiJpDYRLextvDRccgFk7QzkQbJg42ceKEu5,GNcM8U5g8RwTZffwwm3kSQqUNPSwv5d2fbN9sLxPJqt2,2234.0960290000003,2237.0619339999976,2227.778050448927,0.9971720201508522,0.8911112201795708,0.9993434313655929,54746.898117,45567.227173,100129.38415320308
AUSejoEUCh2DBs9mof6BNC8Pubs22w4cJa1ccV9h44R,4xkyD7AfGQDwsQMy9MosRRNGoVJ1zosNinesxg1TzHG7,Cbm5gsQe3nSiCsFrvepVzMCD9xLK3ri9g3ypS2hdmVJ7,801.6582660000004,800.3792120000016,802.4502844307335,1.0009879751314548,0.08024502844307337,1.0,14109.262781,14768.228791,28891.43117275079
KEnkcdADoLR5jS2CLLLesy8TtFsyWL37BhXNfDMzWzP,3qsjFRuw1qeLMPo4DLwaQevenGAGBj9dA3Q6rb8ax2YR,77iEv8zPQAEyCcEbvBRSB6AFcUdfkhiqnAKtPxk76rNN,0.016187000000000007,1.761134999999996,0.00013922538272336947,0.00860106151376842,5.569015308934779e-08,0.9992435726155301,118.109134,0.307603,1.323234247539172
FrnkTEL6yZ5Aycq2TrEgu29dCrwKG4LPUZydfiwqspkc,DjvZuMZ46fxKBoBpGMPcRcos4xdTtHFxwMh69DpA2ZFY,9rvDPJLAng4uVVqnnSoEXgNDFhBZQTny9AoQioYDZbQX,11.31828465900034,9.444388074999694,2010.5764281386826,177.63967674552742,0.804230571255473,151.56114802719674,172.917041501,1438.68321234,248765.40666573623
4Fss9Dy3vAUBuQ4SyEZz4vcLxeQqoFLZjdXhEUr3wqz3,,,0.00019008700000000003,0.00016378599999999997,0.0,0.0,0.0,151.56114802719674,172.917041501,1438.68321234,218048.47930970564
WiiQFxXqp8P9Fs1rt9SVcDyA3KUdJmUsog6wnVQAwba,3S2jpqSYxho6wiz3cafhjXruVY8cg4HYa2v3BqBHYFSj,Dfe67M6TfrG74gKRtdqys4e6E9QirPD53BkF4FujFjuv,1674.9726526879995,1677.3952714210027,1672.1759133902156,0.9983302776357,0.16721759133902156,0.999020227894836,20093.801547884,6726.333821517,26779.994025324348
AURHmCnNwiW4uA2Qj1XvEh4iKgRUZYXtiY7FKAapUV5Y,BKWm4TRnTeKwfWXRyuzjRHU7iZDkPuXBX5b5V5jSVfGJ,A5Ww74HVrkj9nPeC7pHKLfgeDMEhBCpW1efQdz3TGLEg,0.004883604000042396,0.004363618999946084,0.818953227848344,167.69443792765227,0.00032758129113933765,151.63646068369846,289.944339681,1795.269522979,320850.3695109568
SAMyS8Jr2HJrkFwYVKbpUwsNStnQmvz3f8Tup8bWUWF,6jPzm5TFfquvgm25sTyN3MMGBfufRaFHMxobDWv6hMFW,Cj9ECoDmxsHTDzCY5ZA6RWrPbg9uFzEC1Qc2kso2vJG6,3268.3182572000574,143.0891346500032,3107.8825535243386,0.9509118479137455,1.2431530214097355,0.020441519235786444,479.65512979,108995.32218719,2684.1397209301017
KwnjUuZhTMTSGAaavkLEmSyfobY16JNH4poL9oeeEvE,J63v6qEZmQpDqCD8bd4PXu2Pq5ZbyXrFcSa3Xt1HdAPQ,BnKQtTdLw9qPCDgZkWX3sURkBAoKCUYL1yahh6Mw7mRK,645.1456629999982,26033.174640000263,13.17032861696367,0.02041450384355092,0.0013170328616963671,1.0,277829.334792,568.922704,6240.670726962479
MARpDPs5A7XiyCWPNH8GsMWPLxmwNn9SBmKvPa9LzgA,6YjT74rmcfCpw8LSjPNx5JTmZoYLGrTKnf9arfSgZ4SR,F8GSmi3vA8M8TsybLya1LQ4n1aFHCRbZ6k437PeTdXtg,18378.404699000002,19431.014216999814,17355.45672421788,0.9443396752038122,6.942182689687152,1.0,297838.664103,14357.468425,295618.3357471643
C2ypsDADXcCRz8HbV2zX1AXPSja7a1P3xZtRC91xGhJh,J9bYNuDpY1d1T86gLaw7DGk5D3CsUAf2tzUwxMvb6FTv,A2NGvvPrMGzsJ4jb52KEnSBVmsA7C34dV1GC7PerdgvG,532.4188241799936,535.5578947529993,80724.68068028208,151.61875766622344,32.28987227211284,152.2639440655356,2709.059463259,1588.537786234,652621.2588923792
Cob4usZcpHEY7Qt4ZCwj6WVg9S44zvzYV2v9qYF65dTf,NhFM9UXE48PyNAyeyPYA3iXztqKVJwA4bTdLj4ysM8w,6TuFuynuBoeskxyR2cz4wxyidk8dpDK7kAWw3UkjQGx,30.808643000000046,3559.215735000049,0.2650650748364753,0.008603594609359293,0.00010602602993459013,1.0,71601.054966,182.352831,798.379281529916
moFiBS1R4Lf3E3zzmBPnw3NF4RhWPkhREFviuzUaCAU,44ALBrpqi9PfZkBRTvbtRNtFJGsatfY4QydjtMbFWq8S,2ho8qEEie1UjVwWNBo9y4oAJZMyMLx8zPj9bxyUz6uWs,1245.892788355999,1246.9080147370041,1244.6217233994641,0.9989797958793772,0.49784868935978566,0.9999892421157334,34161.221462613,30243.544381638,64369.58906879906
BSC8REUo9LpiiWUuqMuLXs2D2yJsJfGd4HdiF3wCLxk5,AZjEH1zWVx1UJ6udMyRijGTzPteuLnaY18yNNmprJEsh,Caf8ypkSVR8xYnXNhjvfvdGCC7mrM3C11rz8Xi6NA6aK,3286.007077524001,3280.5102750790015,3292.9860246465178,1.0021238381287283,1.317194409858607,0.997676516149921,2770.648807754,3586.063508265,6354.2645649514125
STK75uPSyBnEhGTTzb1nwmP3n427XoXmfRhXxxhyady,6TYyD5fUmDe6N65avW1Ny2RxzRNobw2RRgKwH9CTzSAU,54zDfk4cx2vGrEajPtodWpArNe5eUurytyxd4X3aZAxK,382.7354542869982,431.4446704169977,57715.70347326749,150.7979018583127,5.771570347326749,170.94230406635842,1852.264974271,325.638200535,334983.01609718415
BSCrK1Nx9PXU9mF7STWWBqeHLxmtJDr9h7jheEy4tAWX,FfSySSbVJPvEo5a5AvrP3nySoXpRE2QPn1uUMpJJ1x7v,HL7Vcj6838ZmvBHDbQxXfjBNckNi83WvPiZQoMQLFeRM,0.010365749999999951,0.010359483999999863,31.637041196901382,3052.0744950342746,0.012654816478760555,3043.0284218854604,0.840167801,0.964118951,5498.096086952528
HEDSDjj84KS7LKhZY7ejkCACTdPen62rKhCby1wXtgxc,EnnjMSFttpCTywBrYNt1J5QQeoSVkvzPipJDa8Y7kJow,6bjVT6JN2rSvpyn9PdfLYC8wJn4LWh49jpY47fnLDXZk,32.87225264400149,33.83231445800084,31.81296480672572,0.9677756237533338,0.012725185922690289,0.9999901250975147,39074.680944527,9093.150453556,46908.58438363411
BkwbeSfcX1h4thMDd7obGkHrPevf3QwgzJ4pCEqG18Lu,35yX27bmurdebhfAb8EPmjLETDiUaEUCn9zHaDPbakH2,2CxECn1ZJFoESyUnQysQU8rRgT3iJ5GRs2Mdd6gZjx5g,0.0002019100000012486,0.00012897999999994525,0.4685665220144545,2320.6702095565197,0.00018742660880578178,1474.9262536873157,0.84291817,22.02806093,34445.900469693726
MiMuMS9C4vBqcrYeeQPph1E7oAW9aNKvW9k6Zw9XffM,Afy2q2hh6Y474pshJa5fnQ6PfEchGyTbKrQpCZw2hr3m,5pXz9ksgjeL8Wgb37bksUaBFMLdFfsNNY3FQnikkCPtS,0.5466435340003954,0.008286185999999418,0.0,0.0,0.0,0.02043577742234057,26.002930055,7673.951587508,156.82316659213055
SEQV6QiTpvTzrceiaYg9Avnwf7oc8ZALpnQMz6TyT4A,3dFMPj4r9mMmPHF32mz1gNDX7f8ftidWof7S8YiYTs1j,Fc1ED3YPeQfXQosHbd8DTaBd2AV5gHQtwiSAL5C5pUhi,202.307629304,203.2093487840002,201.11184482145515,0.9940892763824147,0.08044473792858206,0.9991028056804988,4761.004667846,870.150089824,5602.233081218626
SUiuyGR7SFq3xeRVJonq84fjjeFwRSsFekcevJ53tzy,49GjCCPsv7fBqo6t3iKDrP1xxGDS8uWZbVCdfnp2gjMf,CEwj5xEbbJEjYqM8D6Ai8ByGz1mrh8mkAVsE5fzDSSSx,0.08543100000000003,8.789611000000036,0.0007350773136027346,0.008604339333529214,2.9403092544109385e-07,0.9434327176805894,637.013648,1.740721,7.123334731235007
MAR3XM1n9xWPQ3HJjAcC85o8DopWFP5p2WxGTaZ3fPB,6qG7GUhER8Cg9gDEgnebph9LdS6eu2eoWcA4R7z9uizK,4QV4CwRXVMY227KkFF9voNAfwWHVvVajXSXDKbUHkWZR,0.010242999999999988,0.4443260000000002,0.00966064656444847,0.9431462036950582,3.864258625779388e-06,0.020433338389222365,0.107105,24.494725,0.601524678822704
SoN9GaFpSXfpyR5dth3x7PHPVhvJMpQqqDJfCSmPv1t,9kZ9iS68ViMPtoeqtnhAKuF2iqVyfHPdZHoUNdwCELr,BBhm5fJLjw3HRzjtKB8uMEYjGhY6EDm9co3cqpjrSzB9,0.5266778829999987,0.5169006750000009,94.09799841740043,178.66328064017196,0.037639199366960176,176.34687571530702,1.52353721,2.459031919,705.8427523158405
ionytDfEj1mXodptgrsKEZro7DGsfpzANUfarJdm6Qb,3gkSjY95an9xNFSjCfsay6JZez7uv7yfW3Ad4ubc4fMK,9wXqANaSuEqkKL9yHzCPEDGHwbkStVAqV5rB3QDs3Jr6,0.004534002000000009,0.01766792500000003,3.424509020488139,755.2949955664184,0.0013698036081952558,3043.0284218854604,3.17013297,0.079592188,2636.5868577651577
heyk4SZTeCUV6a65WiVA5bzic3KcxgVf1qxobfeV4tQ,9ZDpBKPqMABtGfq66FbVribaArMvtk63xxy91onZAtDt,DaTP4s6N7xxSPinbNZ3FB52EpRDRt87QShTuN3VPCW52,88.11549292199743,76.36362819999954,15327.872326486713,173.95206924683973,6.131148930594685,151.62087261451092,622.764069916,4496.080138384,790030.6925410248
DFWzVTzNBrQZLjoQ4yQwkj9HuoXmfkuZP9V5vbymZe23,DhgiEgiNdqZdRdo195UUHnoEJUtefK8buko8nU97XJUZ,2K2kkXsouBHtWVjtcgkyiXd8eP3oVBvq1bTJzcVdLLr2,0.0012453279996407218,0.0012453279996407218,0.0012251930472320476,0.983831607083047,4.90077218892819e-07,0.9999892431157117,45476.03363391,22540.058641838,67280.5754348477
daob129AwBGn9Y5r91uLoWZeYiGzbPmksauMhFZKTze,6VW5GQNyj4LStgmxEHLr5zUfW92vQnmbw8jTnCH7a38F,4VPCCUifPeBA1c7HWK358CHn2nyjm8pdTRk6Ps3KmnMQ,21.19990406800008,18.945029822999977,3599.8137033641733,169.80330155351342,1.4399254813456694,151.48703460342588,47.831508387,224.606975013,42146.99263836232
vEnkoSUkpnbRrPgBz9DfcVxNz67zjwMYBZraAvDDNSf,DtfyjjsZ5yCjWKLKHvwsfXs5QVsmm1QkK6Sh9JZHoq1g,e5wrKCRv4GhHvEf1VD5Pq2KGaZDXP77nTL612Jyrxwy,1320.0447740000002,1320.051706,1317.7071614955073,0.9982291415029738,0.13177071614955072,0.9974952893284962,1034.071211,913.296218,1943.2486924260015
RoBgmK8CvjdHvPrqdDyVw54VwjZv2TqJ493xnqJAQHx,ExiHJxM7qPAcy27NDHAF6G7vnW7muNHi2sVJpnaNynGQ,6rkPHSqZb7StM4HwS9EuVrmfkV7tRdc7dnsFhyB6cefE,5.504795000000449,36.52346699999915,0.0,0.0,0.0,0.9437541407212924,6285.546605,18.618915,17.571678126987784
NorjjEePhxfwLF4vZjUHCrVVKLzQjEEGQFd3wgjEJmh,34M8pFVqgbV7aqHxvRT5tCv3vu2P1JJYT8J3VaxBK2oG,3AZWBSze3ucsY3xSeuLne3b2pauVqiaJ1SZSV5T9WGWw,0.0036849999996775296,0.0012230000002091401,0.002133121854037464,0.5788661748233734,8.532487416149856e-07,1.0,38235.118654,2193.750302,24326.76718115879
Sid7E679i9ABqptiAVhkmQ27YHN8vaYT4fppPwmxFsJ,GP7KB8o1bv527HG8kTzzzf4wJ5aEGHvcMQvVhLziUfmT,9gYxhAZ1M9wu5pxr8SBoa5NDm21gi3s9vMHaYTME77sa,1483.5917989999944,3527.8772839999765,12.746521012200972,0.008591663165563927,0.005098608404880389,0.020292335442856885,130089.603096,10880.877078,1338.4844587220027
JSoLLrxK5bYdHwTEWYaGgmeycBCNXKDiBCTw5hXGBg7,xG4wXczA7Dk4hccJ61CHKpDHW4NrNfQwgmWgkb9BuF2,BVR6WgfhsRr9Lob4QDnkEAiNGgAbv7ZieKcY9kSg3QYR,2.791972126000104,2.3767716499999914,496.1712728537586,177.71354815228557,0.19846850914150346,151.45913458370927,17.076379043,164.655563575,27973.293072787284
KysFMBBoavfov2tLpvefWW6tPFt6rAeZWDJVy1mMQae,B8ka2V21TH3x64dFV8ETcjuQcwmrciJ2qzy1mJUttRew,7fSf7EYxBANyxzk2s5pymFgshA91tFYQNKKs5UnLWcYS,30.99790099999973,41.34093599993503,0.0,0.0,0.0,0.020415404484284427,134494.255541,2618.061619,53.44878691666555
ALLwa5WNZbvQsRKAqe1jdRGemdYQnW8E5k4msbRFcYtu,CGoM82Hbz7QVqTgvQatYtjvDWBvoUJp5qm21P8iMs9yb,3dxNNww8TivyN5FMy5dCNdi3Zcxv6e4kUfSPxfFwpdNq,1.8231086999999997,1.790524597,5554.532630552677,3046.7369447321917,2.2218130522210706,3003.057112140159,0.863184389,7.796967364,26044.634063667294
Dg3mAgpwDfVNnbGWcsxL8sUcSkEbjSJQhKAWNigG44Ju,EATxwd8YA2wV93VJcKMmH2Kn2Y9XfJVUB9hHVu3udwEy,GiGvrRi7NMHfHKanG2B8xyCEqe8jaafWins8bhrLVEaa,0.004100716000000004,0.004138392000000046,0.7339148145264712,178.97235861407384,0.0002935659258105885,179.86002932797638,0.202204939,0.257367616,82.4792418180763
Lee1XZJfJ9Hm2K1qTyeCz1LXNc1YBZaKZszvNY4KCDw,9DgFSWkPDGijNKcLGbr3p5xoJbHsPgXUTr6QvGBJ5vGN,2hNHZg7XBhuhHVZ3JDEi4buq2fPQwuWBdQ9xkH7t1GQX,917.8237403221601,774.0504828489757,165080.07207401615,179.86032047511904,16.50800720740162,151.55607165449823,6717.616011491,53852.237013486,9369866.060226468
RajgMbScQbqqrdJfR2rxfHJiTiY5b6bJ2tTXiF4aPxy,725ZA3fhyBAKb5iopNRrcbSuQa3LXA1656Q3mBvYPxeg,GLA6i1dSZpUfk2f9Nj8uiG7xyDdAR2reff8oEiZH3617,36390.88797372,36440.087107869986,36268.336177725374,0.9966323493924324,14.50733447109015,0.999772821621743,133320.68408111,50606.71690901,183466.92675549662
BSCuChvaSj9b5HUSqgDVRzcnr2sSn7cXaamt1jbKH6hn,GnKpRj5kBVPMJfiwZtEuD9GYApLzPdW5JFuZTcyX4BTc,3dmwD9okkomV9nDwyuh4UMhKdUR13QpuKxRo89ycZB5t,1132.1715742259998,1131.836400436,1133.4728895140474,1.0011493975980956,0.453389155805619,0.997917346497859,1466.310773417,1646.624251986,3111.191051718918
parEAJhzYzHW87y9VoZAQ22dzQ2MD2ekEtTReaxbMcz,3oyc6hpjYSJEquK6dSvG72NXyz3pqLZz5D8AC71pwgQb,Di2vordgFJVZ1aj1aBpvzXtLfZgJsuLLXawGtVFwX6Rz,6.668763628999955,7.761489053999895,981.1684644603235,147.12899107618532,0.39246738578412943,174.34891576768007,1102.342958507,140.73728899,186724.0010485613
SERgf3DMJpQxUifu7VoFKmfne73d2fDJxSrxUMrcNJB,AJfM2GZ2tTB8UtN2krcyR9xufRJEx2mhSCbJyMgPo3GU,F4yRYkufQvERZcEKnKjJwRLU1btiMBUuEwq46hfm11QD,0.0703267409999988,0.07032860099999994,10.556899793370418,150.1121713200189,0.004222759917348167,151.25213322227393,29.110083793,28.13477164,8625.222113746455
BSCNHw8CmxbZ8hCWWzMf5FaG2ajPT6JxfznKUNuRVrn4,7n9kgNL633yGzCYksgnzHyjG73ZLBAwvEae5sbAekbzW,SscdxE99omdG9AiMVwmaEMQySQnCgeAh1sPj2Leutm2,306.9092911530006,305.22256539100044,308.7070910428024,1.0058577564825353,0.12348283641712096,0.9999902430951981,3930.055835801,7774.586661722,11727.587951669957
Lid8SLUxQ9RmF7XMqUA8c24RitTwzja8VSKngJxRcUa,4PgzyzLtds9bKZ2to9PMnKqJzKEUpjvNUaeN23phegax,AtymwxoVN9peZo7EXTcDz9jKVc4vRmisJKKrNfe3ewBa,84.73782721600128,71.70251266699904,15142.695457468248,178.70053971137003,1.5142695457468247,151.25510731776745,969.657678438,7673.026713904,1333862.8295357907
SoNcU2iwHMw6dGzsYNQkYFkUjwN1UdAjrWVRnStrZu2,8ivTTid27jZnYNc4w3CTA1Z6QS2twsFb8WMwUabeDJgc,CyXm53PMvHCbeXJBykU46Rcbo28xk5srhMZFg7gv6EYB,6.187630692000006,6.129943063999999,1109.6379262018054,179.33163458453612,0.44385517048072226,177.49662312674502,15.374764568,19.311056589,6184.828994888829
BUSDTd9WiT6uBHJRgNvFXBsA7JrifsAtWzKfioN7ERcy,DyBxrn7gSc1EwnpWhDyhzvMHPtxpmBqRqotapLcKcfTM,Cds99GeBgoCpqBsoRWu1C6fF9LiUMd4pXQQD24s9LPff,704.2260432199998,703.28620667,703.7530015649379,0.999328281509018,0.07037530015649378,0.9996371317211853,140.30062515,123.99890139,264.1602887478681
B2izdXFYb2sNwbWWHmh75T4aQFtfXsUxem9u2p61HGzf,4DYwgJtxwuJdAjkj5RJSNH4e7U329V5cNp7d3a1nLrZv,EXNW64GEf1ACC6xY9BtKRiunrs6GoJSXBdxWN2eTPmrF,5589.809682999992,5525.995934000002,5648.206489899058,1.0104470116534854,0.5648206489899058,1.0,10311.530026,29624.028307,40043.28300734689
TETFuZgEmET6d9vYmz9iMFCxK1jKdKYxf3oPz8hSzJK,Eu1Ze6Z84LWNkq7SNoAHBJbXx5t1P95EwyqYohrfCRFV,ASMbv7WNu3qe4pkhREmvyEdwFNDZQ6B6iSrjkj4u8bdC,7.840621657,7.866549426000006,7.8105468339938335,0.9961642297866374,0.0031242187335975336,0.9986368606851647,285.843713171,66.954091834,351.61010644947373
MiMUFdSLMyCLpqpH6zkqdDrGYs7XBomwENbivdYjv9V,,,0.008286186000000001,0.011129000000000056,0.0,0.0,0.0,0.9986368606851647,285.843713171,66.954091834,66.86282407913197
KEN5P7p3asnb23Sw6yAmJRGvijfAzso3RqfyLAQhznt,9zj4aX38Uxf3h6AUjS4EipWS8mwbEofasHAf3a1uKGds,CwQDG1MWunn9cLNwcZLd8YBacweSR7ARo32w4mLua1Yr,38798.981658000266,38800.2179290005,38769.904229827895,0.9992505620784411,3.8769904229827894,1.0,1138175.234737,1121892.161383,2259214.4044377087
SAMGk1Nd4haC8zQA63DG37pzuEZy8j4q13tSFtCbcRE,9U9TnkHD3jXMAVZtynCVLgDruuqN4pTvLJTmVHCLWS8g,C6zoEbvqSknmi96QWq96UBiPCyNW3YSTvKhavR2BfifE,0.09527633999999996,0.21516111000000826,0.13647871950311125,1.4324513253039663,5.45914878012445e-05,0.0,54.20831194,0.87570769,77.65076828094382
MATgk4zXLXtYkwBH678J1xZbRDZ45LicNzkRBHkxTuY,y8dALFo1bJrSzPYjMX14HJX448pXqYmrfXHD1K8MXih,GN7Yuet3UyiWS5YVkEHv6oQKi4HGBJc3XDPt9zQhAqZz,1625.026737000001,1622.3958289999987,1627.420672809704,1.0014731670286992,0.6509682691238816,1.0,3411.713931,4651.291745,8068.031700474503
YAkoNb6HKmSxQN9L8hiBE5tPJRsniSSMzND1boHmZxe,CfWX7o2TswwbxusJ4hCaPobu2jLCb1hfXuXJQjVq3jQF,EnTrdMMpdhugeH6Ban6gYZWXughWxKtVGfCwFn78ZmY3,5106834.3395040035,5106467.192444997,5106834.3395040035,1.0,510.6834339504004,0.9994562957750982,598040.13727,862867.897733,1460438.8900814704
C98Sspw7XqnMsgxea3SLQVdbMDL8pKUc3RE82UvX9eq2,CSqgQJurPCzGxb4Cgwx5R61hWQUiaoUHcShNc8r1cKEL,6S2CR5EnukPhC914XkAns8m5GixjMAoUuZMsS5ubHuWc,40.23951799999986,40.25841800000012,0.0,0.0,0.0,1.0,893.249214,870.420913,870.420913
BUSDgu5JdqP1rndBvXvanbEufS94FNh1w5FJcAj6vawb,Bgzr8cWubt89JQFXndVjtdKmDbGzuPxNhvjH1EhWCwbo,Dxaf8xPBBQsasRKW5Aa4Sw2YrbfGofY9xZueyyF23FBW,5186.576760020001,5185.565980099999,5172.077719386911,0.9972045066902598,2.0688310877547647,0.999772821621743,8713.08731699,6359.93915765,15047.224256674526
GokA1R67GqSavkd15zR62QD68Tuc5AEfvjssntVDEbM8,3YB7hfpBdbQEuZqLGWVDpRPmeZWCUsrrWyqGXegnQ6Cg,4DPCj6Z1DsG6HUtwSogBGqXEUxdEV5a8YVrrFtcnz7UW,14941.463131000006,14941.787980000001,14943.704686703011,1.0001500225033755,1.494370468670301,1.0,14698.85077,17717.814439,32418.87036738926
KEVpg4SYCVrqFxKijQH6hm4QxsRdoE51ud64bEEFUC9,2bPenuBYfqzD8p5dFjCcggwkHDsc2RQDnx9AoyYGUBjA,AE6n6iLuX8oYu61vt5hoDYkjswpnxFxrhSehxrnQTnbx,56.50633025699972,56.486890526000025,56.52462937093838,1.0003238418395857,0.02260985174837535,0.9998199684172069,2680.657396124,4963.498511214,7644.130429867295
MATSnbbiTCv7Dc3trJrkrqjx7ckKdr6fwPoVwv9q3sD,631WX9JizSHJm4w6VanZeJAst9T8DeUUnPLesdGkCVtK,211maUSfpnXbPuW1iBu8b4dtJv5EbN1j7JJiEX5TZKEP,1083.523026999992,1082.2811030000012,1083.5024404536234,0.9999810003609931,0.4334009761814494,0.9990139732084432,19274.866131,26280.841524,45529.42782565428
