0,1,2,3,4,5,6,7,8,9,10,11
RoBgmK8CvjdHvPrqdDyVw54VwjZv2TqJ493xnqJAQHx,ExiHJxM7qPAcy27NDHAF6G7vnW7muNHi2sVJpnaNynGQ,6rkPHSqZb7StM4HwS9EuVrmfkV7tRdc7dnsFhyB6cefE,27.61200299999943,163.65263500000026,0.0,0.0,0.0,0.9460952755786319,6231.216657,19.564938,18.51029540878885
ionytDfEj1mXodptgrsKEZro7DGsfpzANUfarJdm6Qb,3gkSjY95an9xNFSjCfsay6JZez7uv7yfW3Ad4ubc4fMK,9wXqANaSuEqkKL9yHzCPEDGHwbkStVAqV5rB3QDs3Jr6,9.340400000001914e-05,0.00035006600000020427,0.07780703515412808,833.0160930379013,3.112281406165123e-05,3111.5813056195157,3.152465045,0.084125576,2887.8176848305256
vEnkoSUkpnbRrPgBz9DfcVxNz67zjwMYBZraAvDDNSf,DtfyjjsZ5yCjWKLKHvwsfXs5QVsmm1QkK6Sh9JZHoq1g,e5wrKCRv4GhHvEf1VD5Pq2KGaZDXP77nTL612Jyrxwy,2496.3434409999995,2495.5257070000002,2483.8768630244795,0.9950060645619634,0.24838768630244795,0.9974843444832134,787.309501,1159.800815,1940.260883863625
heyk4SZTeCUV6a65WiVA5bzic3KcxgVf1qxobfeV4tQ,9ZDpBKPqMABtGfq66FbVribaArMvtk63xxy91onZAtDt,DaTP4s6N7xxSPinbNZ3FB52EpRDRt87QShTuN3VPCW52,75.55461830199499,65.77037931500035,13319.362807841811,176.28787104189658,5.327745123136725,153.65989441414015,625.9772597,4473.356392642,797727.6694033421
MATSnbbiTCv7Dc3trJrkrqjx7ckKdr6fwPoVwv9q3sD,631WX9JizSHJm4w6VanZeJAst9T8DeUUnPLesdGkCVtK,211maUSfpnXbPuW1iBu8b4dtJv5EbN1j7JJiEX5TZKEP,246.08711000000403,245.81289200000174,246.06644041900884,0.9999160070554074,0.09842657616760354,0.9956272053142599,19610.004264,25944.631887,45439.53850055943
BUSDTd9WiT6uBHJRgNvFXBsA7JrifsAtWzKfioN7ERcy,DyBxrn7gSc1EwnpWhDyhzvMHPtxpmBqRqotapLcKcfTM,Cds99GeBgoCpqBsoRWu1C6fF9LiUMd4pXQQD24s9LPff,763.6075287799999,765.7814015099998,762.0866324875446,0.9980082748858105,0.07620866324875446,0.9980398497351202,152.94810765,111.26410441,263.68948710909484
HEDSDjj84KS7LKhZY7ejkCACTdPen62rKhCby1wXtgxc,EnnjMSFttpCTywBrYNt1J5QQeoSVkvzPipJDa8Y7kJow,6bjVT6JN2rSvpyn9PdfLYC8wJn4LWh49jpY47fnLDXZk,4.594857245001549,4.742243429996961,4.450954770504702,0.9686818399737251,0.001780381908201881,1.0,39102.240367669,9066.447907981,46944.07805442948
RajgMbScQbqqrdJfR2rxfHJiTiY5b6bJ2tTXiF4aPxy,725ZA3fhyBAKb5iopNRrcbSuQa3LXA1656Q3mBvYPxeg,GLA6i1dSZpUfk2f9Nj8uiG7xyDdAR2reff8oEiZH3617,322466.65318499034,166330.81342392997,322509.0018420222,1.0001313272445804,129.00360073680886,0.9998677175009747,91740.11796627,92137.34397291,183877.3217579757
C2ypsDADXcCRz8HbV2zX1AXPSja7a1P3xZtRC91xGhJh,J9bYNuDpY1d1T86gLaw7DGk5D3CsUAf2tzUwxMvb6FTv,A2NGvvPrMGzsJ4jb52KEnSBVmsA7C34dV1GC7PerdgvG,1051.5923886290047,1057.7112219989958,161669.2561652231,153.73756781940634,64.66770246608925,153.10371858311694,2354.643427039,1398.447820369,576104.7150978763
SERgf3DMJpQxUifu7VoFKmfne73d2fDJxSrxUMrcNJB,AJfM2GZ2tTB8UtN2krcyR9xufRJEx2mhSCbJyMgPo3GU,F4yRYkufQvERZcEKnKjJwRLU1btiMBUuEwq46hfm11QD,0.5597760450000031,0.5601771219999989,80.94127905707371,144.59582502690566,0.032376511622829486,154.09358072338614,29.284858487,27.960064812,8542.934777862974
ALLwa5WNZbvQsRKAqe1jdRGemdYQnW8E5k4msbRFcYtu,CGoM82Hbz7QVqTgvQatYtjvDWBvoUJp5qm21P8iMs9yb,3dxNNww8TivyN5FMy5dCNdi3Zcxv6e4kUfSPxfFwpdNq,3.216491035000004,3.123191288,10022.719166770548,3116.0413810295404,4.009087666708219,3077.6617157348533,0.944087788,7.71377834,26682.216895415393
Lid8SLUxQ9RmF7XMqUA8c24RitTwzja8VSKngJxRcUa,4PgzyzLtds9bKZ2to9PMnKqJzKEUpjvNUaeN23phegax,AtymwxoVN9peZo7EXTcDz9jKVc4vRmisJKKrNfe3ewBa,86.10949958399351,72.89579743799925,15658.020656122975,181.83848160503734,1.5658020656122975,154.16822312335262,972.4318737,7670.16719356,1359321.5826681268
Lee1XZJfJ9Hm2K1qTyeCz1LXNc1YBZaKZszvNY4KCDw,9DgFSWkPDGijNKcLGbr3p5xoJbHsPgXUTr6QvGBJ5vGN,2hNHZg7XBhuhHVZ3JDEi4buq2fPQwuWBdQ9xkH7t1GQX,1189.07780611403,1002.6597191959927,217317.36184738556,182.76126316543605,21.73173618473856,154.13450393351255,6731.075598824,53834.372337645,9527914.15373804
JSoLLrxK5bYdHwTEWYaGgmeycBCNXKDiBCTw5hXGBg7,xG4wXczA7Dk4hccJ61CHKpDHW4NrNfQwgmWgkb9BuF2,BVR6WgfhsRr9Lob4QDnkEAiNGgAbv7ZieKcY9kSg3QYR,1.505477596999981,1.282016529000014,266.48427524668193,177.00979129660558,0.10659371009867277,154.1545102989087,17.072132068,164.659146744,28404.88466690223
AURHmCnNwiW4uA2Qj1XvEh4iKgRUZYXtiY7FKAapUV5Y,BKWm4TRnTeKwfWXRyuzjRHU7iZDkPuXBX5b5V5jSVfGJ,A5Ww74HVrkj9nPeC7pHKLfgeDMEhBCpW1efQdz3TGLEg,0.011905846999979985,0.010637915000188514,2.0369710026419687,171.08996971365355,0.0008147884010567875,154.48687031537875,289.939976062,1798.340176697,327425.76738354977
STK75uPSyBnEhGTTzb1nwmP3n427XoXmfRhXxxhyady,6TYyD5fUmDe6N65avW1Ny2RxzRNobw2RRgKwH9CTzSAU,54zDfk4cx2vGrEajPtodWpArNe5eUurytyxd4X3aZAxK,523.3031219009997,589.6784416190052,80843.46152875258,154.48687031537875,8.08434615287526,173.77686286190334,1854.463160161,326.31018001,343195.3691304806
moFiBS1R4Lf3E3zzmBPnw3NF4RhWPkhREFviuzUaCAU,44ALBrpqi9PfZkBRTvbtRNtFJGsatfY4QydjtMbFWq8S,2ho8qEEie1UjVwWNBo9y4oAJZMyMLx8zPj9bxyUz6uWs,4703.626790754999,4707.528034215997,4703.079427558902,0.9998836295436592,1.8812317710235609,1.0,33804.687968384,30599.025833994,64399.77993541266
B2izdXFYb2sNwbWWHmh75T4aQFtfXsUxem9u2p61HGzf,4DYwgJtxwuJdAjkj5RJSNH4e7U329V5cNp7d3a1nLrZv,EXNW64GEf1ACC6xY9BtKRiunrs6GoJSXBdxWN2eTPmrF,3290.1653700000134,3254.111474999996,3319.523233476883,1.0089229142536593,0.33195232334768826,1.0,10040.859701,29896.966585,40027.42001614504
DFWzVTzNBrQZLjoQ4yQwkj9HuoXmfkuZP9V5vbymZe23,DhgiEgiNdqZdRdo195UUHnoEJUtefK8buko8nU97XJUZ,2K2kkXsouBHtWVjtcgkyiXd8eP3oVBvq1bTJzcVdLLr2,0.02420994500062079,0.01960035299998708,0.023818923079029292,0.9838487067367782,9.527569231611717e-06,1.0,45475.925330718,22540.163726995,67281.59405128019
BSCrK1Nx9PXU9mF7STWWBqeHLxmtJDr9h7jheEy4tAWX,FfSySSbVJPvEo5a5AvrP3nySoXpRE2QPn1uUMpJJ1x7v,HL7Vcj6838ZmvBHDbQxXfjBNckNi83WvPiZQoMQLFeRM,0.009257585000000068,0.009247319999999948,28.897804317696774,3121.5273008777735,0.011559121727078712,3111.5813056195157,0.830007883,0.974284841,5622.458764332347
parEAJhzYzHW87y9VoZAQ22dzQ2MD2ekEtTReaxbMcz,3oyc6hpjYSJEquK6dSvG72NXyz3pqLZz5D8AC71pwgQb,Di2vordgFJVZ1aj1aBpvzXtLfZgJsuLLXawGtVFwX6Rz,6.774952734000038,7.970250915000179,1019.0326137834995,150.41176725403466,0.40761304551339983,177.22932783827895,1102.28261113,140.785479679,190747.591486354
SoNcU2iwHMw6dGzsYNQkYFkUjwN1UdAjrWVRnStrZu2,8ivTTid27jZnYNc4w3CTA1Z6QS2twsFb8WMwUabeDJgc,CyXm53PMvHCbeXJBykU46Rcbo28xk5srhMZFg7gv6EYB,3.0237747740000103,3.000968152000004,552.5241809461457,182.72663218736935,0.2210096723784583,179.404570582602,15.681249839,18.999506675,6273.980307878853
SEQV6QiTpvTzrceiaYg9Avnwf7oc8ZALpnQMz6TyT4A,3dFMPj4r9mMmPHF32mz1gNDX7f8ftidWof7S8YiYTs1j,Fc1ED3YPeQfXQosHbd8DTaBd2AV5gHQtwiSAL5C5pUhi,814.9033492709998,818.4412333619985,807.7729532405125,0.9912500101553564,0.323109181296205,0.993754254510402,4485.536331255,1144.469690018,5583.609557522327
GokA1R67GqSavkd15zR62QD68Tuc5AEfvjssntVDEbM8,3YB7hfpBdbQEuZqLGWVDpRPmeZWCUsrrWyqGXegnQ6Cg,4DPCj6Z1DsG6HUtwSogBGqXEUxdEV5a8YVrrFtcnz7UW,73813.13202100001,73768.18812599998,73819.18519418593,1.0000820067245515,7.381918519418594,1.0,16221.518223,16193.111884,32415.96038057672
wrmcMSHFi3sWpAEy4rGDvQb3ezh3PhXoV2xNjgLBkKU,8p4mGnARWPBu6P2Gcw4adodLkNDorrXniZMhaY7eJXUn,AyY89zccbsgp9LKFgH4CFZMJmpSgqmPSdTfukhP227rc,0.0048658600000006935,0.02886119999999802,1.635583193277544,336.1344537815126,0.0006542332773110177,3091.285665708368,27.04897863,0.09928956,9399.026050725348
TETFuZgEmET6d9vYmz9iMFCxK1jKdKYxf3oPz8hSzJK,Eu1Ze6Z84LWNkq7SNoAHBJbXx5t1P95EwyqYohrfCRFV,ASMbv7WNu3qe4pkhREmvyEdwFNDZQ6B6iSrjkj4u8bdC,58.38203487299998,58.49676582599997,58.01380056985629,0.9936926778255551,0.02320552022794252,0.9944114078876714,277.977163745,74.794713491,350.60058856126216
daob129AwBGn9Y5r91uLoWZeYiGzbPmksauMhFZKTze,6VW5GQNyj4LStgmxEHLr5zUfW92vQnmbw8jTnCH7a38F,4VPCCUifPeBA1c7HWK358CHn2nyjm8pdTRk6Ps3KmnMQ,13.420300672999936,12.003888240000009,2297.5737639047497,171.2013627628476,0.9190295055618999,154.33413463616037,48.461903164,223.891528551,42850.84917504373
2jQoGQRixdcfuRPt9Zui7pk6ivnrQv79mf8h13Tyoa9K,,,0.000480192999999999,0.0004307499999999997,0.0,0.0,0.0,154.33413463616037,48.461903164,223.891528551,34554.10531128578
KwnjUuZhTMTSGAaavkLEmSyfobY16JNH4poL9oeeEvE,J63v6qEZmQpDqCD8bd4PXu2Pq5ZbyXrFcSa3Xt1HdAPQ,BnKQtTdLw9qPCDgZkWX3sURkBAoKCUYL1yahh6Mw7mRK,595.9941320000173,26120.79086700052,13.587703390373234,0.022798384515592577,0.0013587703390373234,1.0,276009.616093,608.33424,6900.907597689303
AUSejoEUCh2DBs9mof6BNC8Pubs22w4cJa1ccV9h44R,4xkyD7AfGQDwsQMy9MosRRNGoVJ1zosNinesxg1TzHG7,Cbm5gsQe3nSiCsFrvepVzMCD9xLK3ri9g3ypS2hdmVJ7,572.2832950000011,572.2380209999919,572.5403656241664,1.0004492016915596,0.05725403656241664,1.0,14289.429877,14587.791199,28883.63991207217
SoN9GaFpSXfpyR5dth3x7PHPVhvJMpQqqDJfCSmPv1t,9kZ9iS68ViMPtoeqtnhAKuF2iqVyfHPdZHoUNdwCELr,BBhm5fJLjw3HRzjtKB8uMEYjGhY6EDm9co3cqpjrSzB9,0.40400079199999883,0.39650051800000075,73.63139140639487,182.25556202967812,0.02945255656255795,179.48262338981652,1.536234877,2.445851973,718.9752794544272
KysFMBBoavfov2tLpvefWW6tPFt6rAeZWDJVy1mMQae,B8ka2V21TH3x64dFV8ETcjuQcwmrciJ2qzy1mJUttRew,7fSf7EYxBANyxzk2s5pymFgshA91tFYQNKKs5UnLWcYS,140.4503450000002,188.01372200000333,0.0,0.0,0.0,0.023027569504285743,134548.585489,2577.475138,59.352987885863485
BSC8REUo9LpiiWUuqMuLXs2D2yJsJfGd4HdiF3wCLxk5,AZjEH1zWVx1UJ6udMyRijGTzPteuLnaY18yNNmprJEsh,Caf8ypkSVR8xYnXNhjvfvdGCC7mrM3C11rz8Xi6NA6aK,1096.9699159290003,1098.5467300000005,1095.8904375466464,0.9990159453174796,0.4383561750186586,1.0,3503.484131262,2851.805360483,6351.841871780496
KEN5P7p3asnb23Sw6yAmJRGvijfAzso3RqfyLAQhznt,9zj4aX38Uxf3h6AUjS4EipWS8mwbEofasHAf3a1uKGds,CwQDG1MWunn9cLNwcZLd8YBacweSR7ARo32w4mLua1Yr,113296.7218260013,113299.74293400068,113135.84265774199,0.9985800192126796,11.3135842657742,1.0,1130487.815849,1123970.303608,2252852.8484781943
WiiQFxXqp8P9Fs1rt9SVcDyA3KUdJmUsog6wnVQAwba,3S2jpqSYxho6wiz3cafhjXruVY8cg4HYa2v3BqBHYFSj,Dfe67M6TfrG74gKRtdqys4e6E9QirPD53BkF4FujFjuv,5887.126742327004,5894.041840065,5879.344495072,0.9986780907570665,0.5879344495072001,1.0,19466.30087996,7352.568742205,26793.136939106054
BUSDgu5JdqP1rndBvXvanbEufS94FNh1w5FJcAj6vawb,Bgzr8cWubt89JQFXndVjtdKmDbGzuPxNhvjH1EhWCwbo,Dxaf8xPBBQsasRKW5Aa4Sw2YrbfGofY9xZueyyF23FBW,22995.61454296001,22955.373352119994,23026.004493951175,1.0013215542004494,9.21040179758047,1.0,7015.73475287,8052.24920284,15077.255629441894
YAkoNb6HKmSxQN9L8hiBE5tPJRsniSSMzND1boHmZxe,CfWX7o2TswwbxusJ4hCaPobu2jLCb1hfXuXJQjVq3jQF,EnTrdMMpdhugeH6Ban6gYZWXughWxKtVGfCwFn78ZmY3,6302457.812644023,6302957.878741008,6302457.812644023,1.0,630.2457812644024,0.9968926854992987,844859.494463,616229.65558,1459174.330698454
FrnkTEL6yZ5Aycq2TrEgu29dCrwKG4LPUZydfiwqspkc,DjvZuMZ46fxKBoBpGMPcRcos4xdTtHFxwMh69DpA2ZFY,9rvDPJLAng4uVVqnnSoEXgNDFhBZQTny9AoQioYDZbQX,19.704649496999536,16.44258727400009,3617.2928761467806,183.57560111371646,1.4469171504587122,154.66497401319106,173.127378345,1438.42591376,254256.0691205162
Sid7E679i9ABqptiAVhkmQ27YHN8vaYT4fppPwmxFsJ,GP7KB8o1bv527HG8kTzzzf4wJ5aEGHvcMQvVhLziUfmT,9gYxhAZ1M9wu5pxr8SBoa5NDm21gi3s9vMHaYTME77sa,2579.7511619999987,6357.018600999916,23.94471528560599,0.009281792615626701,0.009577886114242396,0.023059497724016047,131033.231199,10491.590369,1458.1540819798486
MAR3XM1n9xWPQ3HJjAcC85o8DopWFP5p2WxGTaZ3fPB,6qG7GUhER8Cg9gDEgnebph9LdS6eu2eoWcA4R7z9uizK,4QV4CwRXVMY227KkFF9voNAfwWHVvVajXSXDKbUHkWZR,0.5691270000000017,0.01286799999999999,0.5381439029325624,0.9455603106732957,0.00021525756117302496,0.022821349591627925,0.117348,24.050399,0.6598221747340286
SUiuyGR7SFq3xeRVJonq84fjjeFwRSsFekcevJ53tzy,49GjCCPsv7fBqo6t3iKDrP1xxGDS8uWZbVCdfnp2gjMf,CEwj5xEbbJEjYqM8D6Ai8ByGz1mrh8mkAVsE5fzDSSSx,8.710097999999974,26.64171499999993,0.08084532329778465,0.009281792615626701,3.233812931911386e-05,0.9440989566762431,628.224037,1.826152,7.55511342551803
C98Sspw7XqnMsgxea3SLQVdbMDL8pKUc3RE82UvX9eq2,CSqgQJurPCzGxb4Cgwx5R61hWQUiaoUHcShNc8r1cKEL,6S2CR5EnukPhC914XkAns8m5GixjMAoUuZMsS5ubHuWc,40.12902900000029,40.139105000000086,0.0,0.0,0.0,1.0,902.485192,861.168278,861.168278
Cob4usZcpHEY7Qt4ZCwj6WVg9S44zvzYV2v9qYF65dTf,NhFM9UXE48PyNAyeyPYA3iXztqKVJwA4bTdLj4ysM8w,6TuFuynuBoeskxyR2cz4wxyidk8dpDK7kAWw3UkjQGx,233.475571999992,6220.840725999954,2.167071840118746,0.009281792615626701,0.0008668287360474985,1.0,70634.732579,190.945139,846.562078258529
MATgk4zXLXtYkwBH678J1xZbRDZ45LicNzkRBHkxTuY,y8dALFo1bJrSzPYjMX14HJX448pXqYmrfXHD1K8MXih,GN7Yuet3UyiWS5YVkEHv6oQKi4HGBJc3XDPt9zQhAqZz,1833.3743390000009,1830.8608319999998,1835.3712228905056,1.0010891850333161,0.7341484891562022,1.0,3622.082569,4439.599892,8065.62757912359
BSCNHw8CmxbZ8hCWWzMf5FaG2ajPT6JxfznKUNuRVrn4,7n9kgNL633yGzCYksgnzHyjG73ZLBAwvEae5sbAekbzW,SscdxE99omdG9AiMVwmaEMQySQnCgeAh1sPj2Leutm2,252.15901910699995,251.14547096099977,253.44637156537263,1.0051053199006394,0.10137854862614906,1.0,4097.314750154,7606.347856127,11724.580708814145
BSCuChvaSj9b5HUSqgDVRzcnr2sSn7cXaamt1jbKH6hn,GnKpRj5kBVPMJfiwZtEuD9GYApLzPdW5JFuZTcyX4BTc,3dmwD9okkomV9nDwyuh4UMhKdUR13QpuKxRo89ycZB5t,44.76184622200003,44.799822020999954,44.696725908245455,0.9985451825773314,0.017878690363298182,0.9948922233254471,1695.385587809,1417.144590658,3102.825243891082
KEnkcdADoLR5jS2CLLLesy8TtFsyWL37BhXNfDMzWzP,3qsjFRuw1qeLMPo4DLwaQevenGAGBj9dA3Q6rb8ax2YR,77iEv8zPQAEyCcEbvBRSB6AFcUdfkhiqnAKtPxk76rNN,1.869404999999993,1.8025960000000019,0.017351429524615568,0.009281792615626701,6.940571809846228e-06,0.9922534771042473,116.347999,0.32379,1.4011997513127272
KZMu9QBEdL97EFgamLbN5DE1AoKBG4HdrKKJo4Vuon3,DD4ACBWyVqdaKWh7v5btsgqQCCMwbKnuL2xd9pv7Gyuw,GcYqiJ1MAuYbNTNYXm1F1gQYTfTgkErACAhNU5dpVj9T,141.3029914699996,144.66846663999956,138.0556276682003,0.9770184355758048,0.05522225106728012,1.0,2193.08285661,900.6281591,3043.3105407532194
SAMyS8Jr2HJrkFwYVKbpUwsNStnQmvz3f8Tup8bWUWF,6jPzm5TFfquvgm25sTyN3MMGBfufRaFHMxobDWv6hMFW,Cj9ECoDmxsHTDzCY5ZA6RWrPbg9uFzEC1Qc2kso2vJG6,5476.8365661900025,126.51854701999991,5351.52268866608,0.9771192957815249,2.140609075466432,0.02300439627976575,503.50015298,107931.77221405,2974.8849740951237
ALBpShJ9NLpE739pcHDF2LNVk5J4VYPvvKuV6jMPitZi,D6d156U1bPiJpDYRLextvDRccgFk7QzkQbJg42ceKEu5,GNcM8U5g8RwTZffwwm3kSQqUNPSwv5d2fbN9sLxPJqt2,5827.569915999986,5831.216330000003,5807.36030214851,0.9965320684019613,2.322944120859404,0.9970000269190007,52446.128694,47864.965997,99985.62149459333
MARpDPs5A7XiyCWPNH8GsMWPLxmwNn9SBmKvPa9LzgA,6YjT74rmcfCpw8LSjPNx5JTmZoYLGrTKnf9arfSgZ4SR,F8GSmi3vA8M8TsybLya1LQ4n1aFHCRbZ6k437PeTdXtg,12853.408378,13562.097117999801,12111.266312188052,0.9422610685052064,4.844506524875221,1.0,297093.951251,15053.102742,294993.16669420095
KEVpg4SYCVrqFxKijQH6hm4QxsRdoE51ud64bEEFUC9,2bPenuBYfqzD8p5dFjCcggwkHDsc2RQDnx9AoyYGUBjA,AE6n6iLuX8oYu61vt5hoDYkjswpnxFxrhSehxrnQTnbx,24.191511978000108,24.202094532000046,24.197742509532436,1.0002575503150855,0.009679097003812974,1.0,3904.962990037,3738.285554471,7644.254268956482
