0,1,2,3,4,5,6,7,8,9,10,11
BkwbeSfcX1h4thMDd7obGkHrPevf3QwgzJ4pCEqG18Lu,35yX27bmurdebhfAb8EPmjLETDiUaEUCn9zHaDPbakH2,2CxECn1ZJFoESyUnQysQU8rRgT3iJ5GRs2Mdd6gZjx5g,0.0012019400000014002,0.0007404599999999428,2.5191566063074284,2095.908786049631,0.0010076626425229713,1285.3470437017995,0.80210248,22.09313674,30078.481630002807
C98Sspw7XqnMsgxea3SLQVdbMDL8pKUc3RE82UvX9eq2,CSqgQJurPCzGxb4Cgwx5R61hWQUiaoUHcShNc8r1cKEL,6S2CR5EnukPhC914XkAns8m5GixjMAoUuZMsS5ubHuWc,28.80315299999961,28.79882100000009,0.0,0.0,0.0,1.0,871.244769,892.572114,892.572114
SoNcU2iwHMw6dGzsYNQkYFkUjwN1UdAjrWVRnStrZu2,8ivTTid27jZnYNc4w3CTA1Z6QS2twsFb8WMwUabeDJgc,CyXm53PMvHCbeXJBykU46Rcbo28xk5srhMZFg7gv6EYB,6.1056006679999975,6.055606825000005,1039.6836859452676,170.28360393668447,0.4158734743781071,168.04542335011323,15.192726724,19.501767201,5864.254985555295
SoN9GaFpSXfpyR5dth3x7PHPVhvJMpQqqDJfCSmPv1t,9kZ9iS68ViMPtoeqtnhAKuF2iqVyfHPdZHoUNdwCELr,BBhm5fJLjw3HRzjtKB8uMEYjGhY6EDm9co3cqpjrSzB9,0.20100332599999993,0.19785168300000022,34.53488567080241,171.81250856914886,0.013813954268320966,168.0324625275006,0.839700514,1.381956508,376.48460690228933
ercAoEmXjQzEvAFbdjAo81KtMxRGn9AW1ju882upmPH,CMRhskR2Eg6V42RTSdRTXGdozyPbWB8U9dVpijPWb9T4,7TKLLgrWswt6ZJ1pXhVR3FyufHGjJFqiEXxvWJfDcgRm,8.678185551000013,7.538385999999996,1243.5795454024383,143.29948790495,0.49743181816097537,128.73366241090343,47.737396509,369.713678375,54435.340334275825
YAkoNb6HKmSxQN9L8hiBE5tPJRsniSSMzND1boHmZxe,CfWX7o2TswwbxusJ4hCaPobu2jLCb1hfXuXJQjVq3jQF,EnTrdMMpdhugeH6Ban6gYZWXughWxKtVGfCwFn78ZmY3,4998418.057550995,4996035.365924983,4998418.057550995,1.0,499.8418057550995,0.9966005953691957,320291.421946,1126767.986531,1443229.0681657444
BSCrK1Nx9PXU9mF7STWWBqeHLxmtJDr9h7jheEy4tAWX,FfSySSbVJPvEo5a5AvrP3nySoXpRE2QPn1uUMpJJ1x7v,HL7Vcj6838ZmvBHDbQxXfjBNckNi83WvPiZQoMQLFeRM,0.04421604400000001,0.04416793800000007,128.29855440844491,2901.6289745062877,0.05131942176337797,2896.7035513585543,0.840058405,0.964251245,5230.687814018946
KEVpg4SYCVrqFxKijQH6hm4QxsRdoE51ud64bEEFUC9,2bPenuBYfqzD8p5dFjCcggwkHDsc2RQDnx9AoyYGUBjA,AE6n6iLuX8oYu61vt5hoDYkjswpnxFxrhSehxrnQTnbx,167.8015558469997,167.4279876170001,168.2679581127413,1.00277948713519,0.06730718324509653,1.0,1654.593194717,5871.190642531,7530.382757746689
vEnkoSUkpnbRrPgBz9DfcVxNz67zjwMYBZraAvDDNSf,DtfyjjsZ5yCjWKLKHvwsfXs5QVsmm1QkK6Sh9JZHoq1g,e5wrKCRv4GhHvEf1VD5Pq2KGaZDXP77nTL612Jyrxwy,1304.2190799999998,1303.8471040000004,1295.9341728330778,0.9936476108240021,0.1295934172833078,0.9992116220302182,986.717573,961.552209,1941.2437013911372
AURHmCnNwiW4uA2Qj1XvEh4iKgRUZYXtiY7FKAapUV5Y,BKWm4TRnTeKwfWXRyuzjRHU7iZDkPuXBX5b5V5jSVfGJ,A5Ww74HVrkj9nPeC7pHKLfgeDMEhBCpW1efQdz3TGLEg,0.005097214000215899,0.004552766000017527,0.8044625675807621,157.8239735562776,0.00032178502703230483,143.33941856944966,289.93016207,1795.285578978,303093.1212885273
RoBgmK8CvjdHvPrqdDyVw54VwjZv2TqJ493xnqJAQHx,ExiHJxM7qPAcy27NDHAF6G7vnW7muNHi2sVJpnaNynGQ,6rkPHSqZb7StM4HwS9EuVrmfkV7tRdc7dnsFhyB6cefE,1.1235359999999979,61.502598999999464,0.0,0.0,0.0,0.9493412521051643,6220.798162,19.756666,18.755818037863527
JSoLLrxK5bYdHwTEWYaGgmeycBCNXKDiBCTw5hXGBg7,xG4wXczA7Dk4hccJ61CHKpDHW4NrNfQwgmWgkb9BuF2,BVR6WgfhsRr9Lob4QDnkEAiNGgAbv7ZieKcY9kSg3QYR,1.881157580000064,1.5985284139999827,316.6840253110624,168.34529370530012,0.12667361012442496,143.39655974445586,17.124993017,164.60323066,26486.44897861522
Sid7E679i9ABqptiAVhkmQ27YHN8vaYT4fppPwmxFsJ,GP7KB8o1bv527HG8kTzzzf4wJ5aEGHvcMQvVhLziUfmT,9gYxhAZ1M9wu5pxr8SBoa5NDm21gi3s9vMHaYTME77sa,562.6784690000022,1501.2069900000643,4.677283625646502,0.008312533504185822,0.001870913450258601,0.022026994522327002,132723.915742,9835.912005,1319.9275762683365
KwnjUuZhTMTSGAaavkLEmSyfobY16JNH4poL9oeeEvE,J63v6qEZmQpDqCD8bd4PXu2Pq5ZbyXrFcSa3Xt1HdAPQ,BnKQtTdLw9qPCDgZkWX3sURkBAoKCUYL1yahh6Mw7mRK,228.07650200000114,7901.701975999901,5.023665023363246,0.022026227951195167,0.0005023665023363246,1.0,276684.488198,593.334998,6687.650605608917
BUSDTd9WiT6uBHJRgNvFXBsA7JrifsAtWzKfioN7ERcy,DyBxrn7gSc1EwnpWhDyhzvMHPtxpmBqRqotapLcKcfTM,Cds99GeBgoCpqBsoRWu1C6fF9LiUMd4pXQQD24s9LPff,507.3616300300001,506.5923419200001,505.3398864259824,0.9960151822992643,0.05053398864259825,0.9992086267676001,105.26470393,68.70898817,173.49985699045402
AUSejoEUCh2DBs9mof6BNC8Pubs22w4cJa1ccV9h44R,4xkyD7AfGQDwsQMy9MosRRNGoVJ1zosNinesxg1TzHG7,Cbm5gsQe3nSiCsFrvepVzMCD9xLK3ri9g3ypS2hdmVJ7,860.2370599999995,858.1107009999996,863.0982306345529,1.0033260257754455,0.08630982306345529,1.0,13269.493373,15610.167911,28923.7959609857
HEDSDjj84KS7LKhZY7ejkCACTdPen62rKhCby1wXtgxc,EnnjMSFttpCTywBrYNt1J5QQeoSVkvzPipJDa8Y7kJow,6bjVT6JN2rSvpyn9PdfLYC8wJn4LWh49jpY47fnLDXZk,79.47617190000165,82.0505265920001,76.96795458886716,0.9684406376002813,0.030787181835546865,1.0,38812.36703539,9075.158450093,46662.63192862223
BSC8REUo9LpiiWUuqMuLXs2D2yJsJfGd4HdiF3wCLxk5,AZjEH1zWVx1UJ6udMyRijGTzPteuLnaY18yNNmprJEsh,Caf8ypkSVR8xYnXNhjvfvdGCC7mrM3C11rz8Xi6NA6aK,1983.360725212,1985.924390229,1980.363848521488,0.9984889906044743,0.7921455394085952,1.0,3537.427998324,2673.60103197,6205.6839433525365
B2izdXFYb2sNwbWWHmh75T4aQFtfXsUxem9u2p61HGzf,4DYwgJtxwuJdAjkj5RJSNH4e7U329V5cNp7d3a1nLrZv,EXNW64GEf1ACC6xY9BtKRiunrs6GoJSXBdxWN2eTPmrF,9760.200767000013,9682.542478000003,9838.01950125494,1.0079730669596507,0.9838019501254939,1.0,11538.61251,28183.517526,39814.12816616369
STK75uPSyBnEhGTTzb1nwmP3n427XoXmfRhXxxhyady,6TYyD5fUmDe6N65avW1Ny2RxzRNobw2RRgKwH9CTzSAU,54zDfk4cx2vGrEajPtodWpArNe5eUurytyxd4X3aZAxK,223.75986766399996,252.51610330899643,32035.459458283145,143.16892386792037,3.203545945828315,161.74108454837278,1513.984768737,264.623534689,259556.06759012138
WiiQFxXqp8P9Fs1rt9SVcDyA3KUdJmUsog6wnVQAwba,3S2jpqSYxho6wiz3cafhjXruVY8cg4HYa2v3BqBHYFSj,Dfe67M6TfrG74gKRtdqys4e6E9QirPD53BkF4FujFjuv,4630.275857568,4615.115436709999,4657.369916102761,1.005851499860527,0.4657369916102761,1.0,3894.000714291,22940.051266957,26856.83772588457
Lee1XZJfJ9Hm2K1qTyeCz1LXNc1YBZaKZszvNY4KCDw,9DgFSWkPDGijNKcLGbr3p5xoJbHsPgXUTr6QvGBJ5vGN,2hNHZg7XBhuhHVZ3JDEi4buq2fPQwuWBdQ9xkH7t1GQX,2798.676623972904,2357.1209271570315,476415.08974847075,170.2287022614883,47.641508974847085,143.32990631527335,6700.295578378,53887.964876896,8864339.57840192
BSCNHw8CmxbZ8hCWWzMf5FaG2ajPT6JxfznKUNuRVrn4,7n9kgNL633yGzCYksgnzHyjG73ZLBAwvEae5sbAekbzW,SscdxE99omdG9AiMVwmaEMQySQnCgeAh1sPj2Leutm2,8521.038645804001,8367.321072628996,8543.146900362903,1.0025945492653983,3.417258760145161,1.0,4921.163029866,6783.611005768,11717.542235558045
Lid8SLUxQ9RmF7XMqUA8c24RitTwzja8VSKngJxRcUa,4PgzyzLtds9bKZ2to9PMnKqJzKEUpjvNUaeN23phegax,AtymwxoVN9peZo7EXTcDz9jKVc4vRmisJKKrNfe3ewBa,57.79353667400119,48.89105223300078,9796.979255882183,169.51686675872563,0.9796979255882182,142.59039696453564,965.883069651,7677.542856997,1258477.355313975
NorjjEePhxfwLF4vZjUHCrVVKLzQjEEGQFd3wgjEJmh,34M8pFVqgbV7aqHxvRT5tCv3vu2P1JJYT8J3VaxBK2oG,3AZWBSze3ucsY3xSeuLne3b2pauVqiaJ1SZSV5T9WGWw,19.738017000000127,34.79285399999935,11.182473931850378,0.5665449539257316,0.0044729895727401514,1.0,38235.101644,2131.806553,23793.710452245643
KysFMBBoavfov2tLpvefWW6tPFt6rAeZWDJVy1mMQae,B8ka2V21TH3x64dFV8ETcjuQcwmrciJ2qzy1mJUttRew,7fSf7EYxBANyxzk2s5pymFgshA91tFYQNKKs5UnLWcYS,50.08944999999767,59.62296000000151,0.0,0.0,0.0,0.02206622626156753,134155.037091,2878.41415,63.515737908397575
daob129AwBGn9Y5r91uLoWZeYiGzbPmksauMhFZKTze,6VW5GQNyj4LStgmxEHLr5zUfW92vQnmbw8jTnCH7a38F,4VPCCUifPeBA1c7HWK358CHn2nyjm8pdTRk6Ps3KmnMQ,12.791251803000058,11.442101086999962,2050.329920618812,160.29157678984382,0.8201319682475249,143.5009496175341,48.143925603,224.286082863,39902.331624595245
parEAJhzYzHW87y9VoZAQ22dzQ2MD2ekEtTReaxbMcz,3oyc6hpjYSJEquK6dSvG72NXyz3pqLZz5D8AC71pwgQb,Di2vordgFJVZ1aj1aBpvzXtLfZgJsuLLXawGtVFwX6Rz,1.8782611710000197,2.2241291000000274,263.4694282596645,140.27305271896168,0.10538777130386578,164.76875035425283,1104.629100707,138.813908421,177821.89030069008
BUSD5rCfUDpCxKGMvYU2yThChxgHoioK74PTPociGnv2,CcFHbafgYDZ8yA8Me1PdtDiVb2eeaS61LbqyKKK5CsNZ,26R9s4nmF3CFDTkiePDwRmtscn8i7r2eygbSijditJ58,310.35900755,311.89302061,309.62783071659766,0.9976440934027521,0.030962783071659766,1.0,107.80198672,40.28921726,147.83723256828992
MATSnbbiTCv7Dc3trJrkrqjx7ckKdr6fwPoVwv9q3sD,631WX9JizSHJm4w6VanZeJAst9T8DeUUnPLesdGkCVtK,211maUSfpnXbPuW1iBu8b4dtJv5EbN1j7JJiEX5TZKEP,5818.677178999995,5810.6139729999995,5812.004997263138,0.9988533163927812,2.324801998905255,0.9990229555494727,18390.576614,27172.415644,45515.35542735703
GokA1R67GqSavkd15zR62QD68Tuc5AEfvjssntVDEbM8,3YB7hfpBdbQEuZqLGWVDpRPmeZWCUsrrWyqGXegnQ6Cg,4DPCj6Z1DsG6HUtwSogBGqXEUxdEV5a8YVrrFtcnz7UW,4182.113827999998,4181.892248999999,4182.557179060978,1.0001060112371911,0.41825571790609783,1.0,15891.337321,16530.907343,32423.92932433002
RajgMbScQbqqrdJfR2rxfHJiTiY5b6bJ2tTXiF4aPxy,725ZA3fhyBAKb5iopNRrcbSuQa3LXA1656Q3mBvYPxeg,GLA6i1dSZpUfk2f9Nj8uiG7xyDdAR2reff8oEiZH3617,16037.74544816,16043.836767910005,16027.728438440543,0.9993754103560357,6.411091375376218,1.0,100734.65182607,83197.71057661,183869.4445823611
SAMyS8Jr2HJrkFwYVKbpUwsNStnQmvz3f8Tup8bWUWF,6jPzm5TFfquvgm25sTyN3MMGBfufRaFHMxobDWv6hMFW,Cj9ECoDmxsHTDzCY5ZA6RWrPbg9uFzEC1Qc2kso2vJG6,611.3693716300068,128.77955316999248,585.6710400398792,0.9579659486022146,0.23426841601595172,0.021768044180182147,494.34433971,108334.5746002,2831.796850464818
ALLwa5WNZbvQsRKAqe1jdRGemdYQnW8E5k4msbRFcYtu,CGoM82Hbz7QVqTgvQatYtjvDWBvoUJp5qm21P8iMs9yb,3dxNNww8TivyN5FMy5dCNdi3Zcxv6e4kUfSPxfFwpdNq,9.810122943000001,9.473094840000002,28440.909584553392,2899.138955730148,11.376363833821358,2858.8663451394987,0.886760169,7.785798528,24829.3983320736
KEN5P7p3asnb23Sw6yAmJRGvijfAzso3RqfyLAQhznt,9zj4aX38Uxf3h6AUjS4EipWS8mwbEofasHAf3a1uKGds,CwQDG1MWunn9cLNwcZLd8YBacweSR7ARo32w4mLua1Yr,88394.35004399833,88397.14054000052,88391.43312670515,0.9999670010889641,8.839143312670515,1.0,1143725.688208,1139673.213966,2283361.1604717653
MATgk4zXLXtYkwBH678J1xZbRDZ45LicNzkRBHkxTuY,y8dALFo1bJrSzPYjMX14HJX448pXqYmrfXHD1K8MXih,GN7Yuet3UyiWS5YVkEHv6oQKi4HGBJc3XDPt9zQhAqZz,2085.4077449999995,2081.183487,2088.8480777841096,1.0016497170840373,0.8355392311136439,1.0,3323.770698,4745.715401,8074.969380303914
BSCuChvaSj9b5HUSqgDVRzcnr2sSn7cXaamt1jbKH6hn,GnKpRj5kBVPMJfiwZtEuD9GYApLzPdW5JFuZTcyX4BTc,3dmwD9okkomV9nDwyuh4UMhKdUR13QpuKxRo89ycZB5t,830.8338536680001,831.0472068720001,828.8103017130235,0.997564432472217,0.3315241206852094,0.9996011591375041,1756.106648155,1246.110157497,2997.442689674449
FrnkTEL6yZ5Aycq2TrEgu29dCrwKG4LPUZydfiwqspkc,DjvZuMZ46fxKBoBpGMPcRcos4xdTtHFxwMh69DpA2ZFY,9rvDPJLAng4uVVqnnSoEXgNDFhBZQTny9AoQioYDZbQX,35.44923961200013,29.544212931000374,6106.7450250924785,172.26730649041195,2.4426980100369913,143.43090746727123,172.003757367,1439.874880315,236153.18471075242
BUSDgu5JdqP1rndBvXvanbEufS94FNh1w5FJcAj6vawb,Bgzr8cWubt89JQFXndVjtdKmDbGzuPxNhvjH1EhWCwbo,Dxaf8xPBBQsasRKW5Aa4Sw2YrbfGofY9xZueyyF23FBW,30747.70378466,30828.995751859984,30678.982863046775,0.997765006385696,12.271593145218711,1.0,8892.60087801,6211.18942908,15083.915400913094
C2ypsDADXcCRz8HbV2zX1AXPSja7a1P3xZtRC91xGhJh,J9bYNuDpY1d1T86gLaw7DGk5D3CsUAf2tzUwxMvb6FTv,A2NGvvPrMGzsJ4jb52KEnSBVmsA7C34dV1GC7PerdgvG,508.6526277300004,512.2654169610018,72909.72109255228,143.33892546261205,29.163888437020915,143.6813194313036,3832.965939986,2003.718254428,837310.1017371875
KZMu9QBEdL97EFgamLbN5DE1AoKBG4HdrKKJo4Vuon3,DD4ACBWyVqdaKWh7v5btsgqQCCMwbKnuL2xd9pv7Gyuw,GcYqiJ1MAuYbNTNYXm1F1gQYTfTgkErACAhNU5dpVj9T,26.55580150000003,26.837548800000036,25.439553574839643,0.9579659486022146,0.010175821429935858,1.0,2406.7569457,693.96993688,2999.561137422469
wrmcMSHFi3sWpAEy4rGDvQb3ezh3PhXoV2xNjgLBkKU,8p4mGnARWPBu6P2Gcw4adodLkNDorrXniZMhaY7eJXUn,AyY89zccbsgp9LKFgH4CFZMJmpSgqmPSdTfukhP227rc,0.004006220000000657,0.021989240000001103,1.1880842230132433,296.55990510083035,0.00047523368920529736,2899.643343868704,27.07968626,0.09607708,8309.3384529462
DFWzVTzNBrQZLjoQ4yQwkj9HuoXmfkuZP9V5vbymZe23,DhgiEgiNdqZdRdo195UUHnoEJUtefK8buko8nU97XJUZ,2K2kkXsouBHtWVjtcgkyiXd8eP3oVBvq1bTJzcVdLLr2,33.22984351400373,33.28850127599435,33.18416209690864,0.9986252894306938,0.013273664838763457,1.0,35500.717423506,32435.554473856,67887.46868590196
Cob4usZcpHEY7Qt4ZCwj6WVg9S44zvzYV2v9qYF65dTf,NhFM9UXE48PyNAyeyPYA3iXztqKVJwA4bTdLj4ysM8w,6TuFuynuBoeskxyR2cz4wxyidk8dpDK7kAWw3UkjQGx,25.00644800000083,1488.7070600000052,0.20786693682068744,0.008312533504185822,8.314677472827499e-05,1.0,72075.224611,178.402567,777.530286400656
SQDY9uoDoCbNq7F3HAHYYQZbrUzpKxDtdWLvYcqBLak,GiehZ4X2uQjhEKuxSm3ACmEFrabxh3RTvjbLfLjw1xGX,rxDQYV77NKRKYxCjq4cECX3QQsiSyLv1T1FT2X3zNA2,59.31418524399999,59.100887009999994,59.44275528715118,1.0021676103721613,0.023777102114860473,1.0,169.752361165,236.93512352,407.0554416637601
MARpDPs5A7XiyCWPNH8GsMWPLxmwNn9SBmKvPa9LzgA,6YjT74rmcfCpw8LSjPNx5JTmZoYLGrTKnf9arfSgZ4SR,F8GSmi3vA8M8TsybLya1LQ4n1aFHCRbZ6k437PeTdXtg,13554.093782000007,14271.668422000192,12853.342407296603,0.9482996513102182,5.141336962918642,1.0,296962.845554,15235.813475,296845.57636594836
heyk4SZTeCUV6a65WiVA5bzic3KcxgVf1qxobfeV4tQ,9ZDpBKPqMABtGfq66FbVribaArMvtk63xxy91onZAtDt,DaTP4s6N7xxSPinbNZ3FB52EpRDRt87QShTuN3VPCW52,63.84632236900279,55.222670623000226,10585.34306760234,165.79409235858344,4.234137227040937,143.22490348789879,617.473908942,4502.394234871,747228.5060420163
CZgvH45CRmoaNJ7395Ao5CQZXkGznvqU7cErD6n7FaRg,4ZjU6MKvtqVQKCiowhvZ5yUsPxXX5SCzd5eFsPeXyey5,BsyWeshjDbCvjDojry3vKDCesmFRM37WtwcR4Kfgzqr,4.9096679000000165,5.017635999999925,5.021089850442314,1.0226943965888806,0.0020084359401769253,1.0,241.39219576,563.13424698,810.0046929640381
