0,1,2,3,4,5,6,7,8,9,10,11
KwnjUuZhTMTSGAaavkLEmSyfobY16JNH4poL9oeeEvE,J63v6qEZmQpDqCD8bd4PXu2Pq5ZbyXrFcSa3Xt1HdAPQ,BnKQtTdLw9qPCDgZkWX3sURkBAoKCUYL1yahh6Mw7mRK,351.56603799999925,15613.065903999784,8.163698761717074,0.023220953901460444,0.0008163698761717074,1.0,275803.323796,613.368261,7017.7845287364835
ALLwa5WNZbvQsRKAqe1jdRGemdYQnW8E5k4msbRFcYtu,CGoM82Hbz7QVqTgvQatYtjvDWBvoUJp5qm21P8iMs9yb,3dxNNww8TivyN5FMy5dCNdi3Zcxv6e4kUfSPxfFwpdNq,6.462197885999999,6.277722319999999,19541.558214642107,3023.9801626901326,7.816623285856844,3018.8861517654445,2.063184611,6.603272857,26173.558319957505
RajgMbScQbqqrdJfR2rxfHJiTiY5b6bJ2tTXiF4aPxy,725ZA3fhyBAKb5iopNRrcbSuQa3LXA1656Q3mBvYPxeg,GLA6i1dSZpUfk2f9Nj8uiG7xyDdAR2reff8oEiZH3617,15573.372079279987,15581.18290606,15408.149719431041,0.9893907139052582,6.163259887772417,1.0,103038.04571512,80896.39568499,182841.2812944752
C2ypsDADXcCRz8HbV2zX1AXPSja7a1P3xZtRC91xGhJh,J9bYNuDpY1d1T86gLaw7DGk5D3CsUAf2tzUwxMvb6FTv,A2NGvvPrMGzsJ4jb52KEnSBVmsA7C34dV1GC7PerdgvG,612.9923018440004,617.4556899520016,98508.53344406716,160.7010938762759,39.40341337762687,160.2923732888789,4153.591053885,2141.459618471,1010746.270421047
Sid7E679i9ABqptiAVhkmQ27YHN8vaYT4fppPwmxFsJ,GP7KB8o1bv527HG8kTzzzf4wJ5aEGHvcMQvVhLziUfmT,9gYxhAZ1M9wu5pxr8SBoa5NDm21gi3s9vMHaYTME77sa,3142.3749010000047,9162.827588000007,23.54455885686601,0.007492600214370785,0.009417823542746404,0.023117457048284946,136331.334678,8584.658709,1219.931666413331
MATgk4zXLXtYkwBH678J1xZbRDZ45LicNzkRBHkxTuY,y8dALFo1bJrSzPYjMX14HJX448pXqYmrfXHD1K8MXih,GN7Yuet3UyiWS5YVkEHv6oQKi4HGBJc3XDPt9zQhAqZz,4800.648224,4781.3422709999995,4807.128232857892,1.0013498195567625,1.922851293143157,1.0,3481.142789,4590.090317,8075.932020616476
moFiBS1R4Lf3E3zzmBPnw3NF4RhWPkhREFviuzUaCAU,44ALBrpqi9PfZkBRTvbtRNtFJGsatfY4QydjtMbFWq8S,2ho8qEEie1UjVwWNBo9y4oAJZMyMLx8zPj9bxyUz6uWs,12.526058942006784,12.513427051999315,12.540495108517886,1.001152490705811,0.005016198043407155,0.9999653981973261,27822.538968716,36599.127628143,64452.46541864028
SAMyS8Jr2HJrkFwYVKbpUwsNStnQmvz3f8Tup8bWUWF,6jPzm5TFfquvgm25sTyN3MMGBfufRaFHMxobDWv6hMFW,Cj9ECoDmxsHTDzCY5ZA6RWrPbg9uFzEC1Qc2kso2vJG6,250.679073649997,5.7407166300000085,241.02886364960546,0.9615037272163158,0.0964115454598422,0.022267606796563928,500.08505634,108083.89552655,2887.6033322222015
MAR3XM1n9xWPQ3HJjAcC85o8DopWFP5p2WxGTaZ3fPB,6qG7GUhER8Cg9gDEgnebph9LdS6eu2eoWcA4R7z9uizK,4QV4CwRXVMY227KkFF9voNAfwWHVvVajXSXDKbUHkWZR,0.0065689999999999915,0.27724600000000166,0.006255803212182095,0.9523219991143406,2.502321284872838e-06,0.023104531392392505,0.110752,24.329388,0.667590674849609
SUiuyGR7SFq3xeRVJonq84fjjeFwRSsFekcevJ53tzy,49GjCCPsv7fBqo6t3iKDrP1xxGDS8uWZbVCdfnp2gjMf,CEwj5xEbbJEjYqM8D6Ai8ByGz1mrh8mkAVsE5fzDSSSx,0.1284940000000001,14.016129999999976,0.0009554282824349334,0.0074355867389522675,3.821713129739734e-07,0.9523229060323941,646.561999,1.65488,6.383547956409758
WiiQFxXqp8P9Fs1rt9SVcDyA3KUdJmUsog6wnVQAwba,3S2jpqSYxho6wiz3cafhjXruVY8cg4HYa2v3BqBHYFSj,Dfe67M6TfrG74gKRtdqys4e6E9QirPD53BkF4FujFjuv,5173.306735812001,5167.661275409,5203.974904800469,1.0059281559270725,0.5203974904800469,0.9999653981973261,3789.216518577,23045.600137372,26856.482303004108
MARpDPs5A7XiyCWPNH8GsMWPLxmwNn9SBmKvPa9LzgA,6YjT74rmcfCpw8LSjPNx5JTmZoYLGrTKnf9arfSgZ4SR,F8GSmi3vA8M8TsybLya1LQ4n1aFHCRbZ6k437PeTdXtg,17392.485226000023,18285.527116000536,16561.448311192686,0.9522186217778112,6.624579324477074,1.0,296598.87024,15588.928269,298015.8957097887
Lid8SLUxQ9RmF7XMqUA8c24RitTwzja8VSKngJxRcUa,4PgzyzLtds9bKZ2to9PMnKqJzKEUpjvNUaeN23phegax,AtymwxoVN9peZo7EXTcDz9jKVc4vRmisJKKrNfe3ewBa,91.12407331999839,76.99389722099988,17316.57749116554,190.03296121712313,1.7316577491165537,160.8674746396448,967.172549708,7676.025926727,1418617.5697299382
C98Sspw7XqnMsgxea3SLQVdbMDL8pKUc3RE82UvX9eq2,CSqgQJurPCzGxb4Cgwx5R61hWQUiaoUHcShNc8r1cKEL,6S2CR5EnukPhC914XkAns8m5GixjMAoUuZMsS5ubHuWc,126.43427999999972,126.46348900000055,0.0,0.0,0.0,1.0,880.431313,883.427618,883.427618
BUSDgu5JdqP1rndBvXvanbEufS94FNh1w5FJcAj6vawb,Bgzr8cWubt89JQFXndVjtdKmDbGzuPxNhvjH1EhWCwbo,Dxaf8xPBBQsasRKW5Aa4Sw2YrbfGofY9xZueyyF23FBW,9669.527753190001,9658.046117539998,9759.627068748354,1.0093178610019118,3.9038508274993418,1.0,4172.30326063,10946.09098793,15157.271190400374
STK75uPSyBnEhGTTzb1nwmP3n427XoXmfRhXxxhyady,6TYyD5fUmDe6N65avW1Ny2RxzRNobw2RRgKwH9CTzSAU,54zDfk4cx2vGrEajPtodWpArNe5eUurytyxd4X3aZAxK,254.00109002799945,286.6819396739976,40956.54239709543,161.24553793285156,4.095654239709543,181.95279380327008,1516.318429335,264.891230098,292697.2801859346
BUSDTd9WiT6uBHJRgNvFXBsA7JrifsAtWzKfioN7ERcy,DyBxrn7gSc1EwnpWhDyhzvMHPtxpmBqRqotapLcKcfTM,Cds99GeBgoCpqBsoRWu1C6fF9LiUMd4pXQQD24s9LPff,624.1981083999999,623.5178896499999,627.2741794302826,1.0049280364501065,0.06272741794302826,0.9994532990454221,63.08382207,110.97790143,174.31193114992416
Lee1XZJfJ9Hm2K1qTyeCz1LXNc1YBZaKZszvNY4KCDw,9DgFSWkPDGijNKcLGbr3p5xoJbHsPgXUTr6QvGBJ5vGN,2hNHZg7XBhuhHVZ3JDEi4buq2fPQwuWBdQ9xkH7t1GQX,3500.1432391620983,2947.662832000963,669588.7418736006,191.3032399308018,66.95887418736007,161.06869724899497,6708.068591414,53887.226271208,9962820.589080837
BSCrK1Nx9PXU9mF7STWWBqeHLxmtJDr9h7jheEy4tAWX,FfSySSbVJPvEo5a5AvrP3nySoXpRE2QPn1uUMpJJ1x7v,HL7Vcj6838ZmvBHDbQxXfjBNckNi83WvPiZQoMQLFeRM,0.013419618000000022,0.013406565000000037,40.644324776177335,3028.7244224222527,0.016257729910470933,3021.8783996131997,0.840001184,0.964313887,5458.171406416752
BSC8REUo9LpiiWUuqMuLXs2D2yJsJfGd4HdiF3wCLxk5,AZjEH1zWVx1UJ6udMyRijGTzPteuLnaY18yNNmprJEsh,Caf8ypkSVR8xYnXNhjvfvdGCC7mrM3C11rz8Xi6NA6aK,1828.3733179209994,1830.8528541790001,1826.7963943910258,0.9991375265026473,0.7307185577564104,0.9999653981973261,3347.3268217,2863.49821497,6207.838973799115
B2izdXFYb2sNwbWWHmh75T4aQFtfXsUxem9u2p61HGzf,4DYwgJtxwuJdAjkj5RJSNH4e7U329V5cNp7d3a1nLrZv,EXNW64GEf1ACC6xY9BtKRiunrs6GoJSXBdxWN2eTPmrF,10878.685112999992,10773.542012000007,10983.267788885762,1.0096135401291093,1.0983267788885762,1.0,9692.461023,30049.416901,39835.056786994435
MATSnbbiTCv7Dc3trJrkrqjx7ckKdr6fwPoVwv9q3sD,631WX9JizSHJm4w6VanZeJAst9T8DeUUnPLesdGkCVtK,211maUSfpnXbPuW1iBu8b4dtJv5EbN1j7JJiEX5TZKEP,5215.707503000005,5206.649338999996,5217.721543515802,1.0003861490535346,2.087088617406321,0.9985820135407721,17699.863452,27866.25008,45533.434352236785
wrmcMSHFi3sWpAEy4rGDvQb3ezh3PhXoV2xNjgLBkKU,8p4mGnARWPBu6P2Gcw4adodLkNDorrXniZMhaY7eJXUn,AyY89zccbsgp9LKFgH4CFZMJmpSgqmPSdTfukhP227rc,0.004494960000000006,0.04274074000000283,1.4996947201601487,333.6391692384686,0.0005998778880640595,3015.772490123345,27.03927835,0.10036428,9324.038200116745
SAMGk1Nd4haC8zQA63DG37pzuEZy8j4q13tSFtCbcRE,9U9TnkHD3jXMAVZtynCVLgDruuqN4pTvLJTmVHCLWS8g,C6zoEbvqSknmi96QWq96UBiPCyNW3YSTvKhavR2BfifE,0.013138019999999972,0.025048999999995658,0.021822720975891684,1.661035755455672,8.729088390356673e-06,0.0,53.66623292,1.12562712,89.14153174073226
FrnkTEL6yZ5Aycq2TrEgu29dCrwKG4LPUZydfiwqspkc,DjvZuMZ46fxKBoBpGMPcRcos4xdTtHFxwMh69DpA2ZFY,9rvDPJLAng4uVVqnnSoEXgNDFhBZQTny9AoQioYDZbQX,39.06501183500086,32.52895437500027,7558.715097186658,193.49066446242102,3.023486038874663,161.1575755260949,172.104538794,1439.945093586,265358.6817412652
YAkoNb6HKmSxQN9L8hiBE5tPJRsniSSMzND1boHmZxe,CfWX7o2TswwbxusJ4hCaPobu2jLCb1hfXuXJQjVq3jQF,EnTrdMMpdhugeH6Ban6gYZWXughWxKtVGfCwFn78ZmY3,7549715.910846994,7549332.203534964,7549715.910846994,1.0,754.9715910846994,0.9996701088640749,1111134.660951,348177.92939,1459197.7295283694
vEnkoSUkpnbRrPgBz9DfcVxNz67zjwMYBZraAvDDNSf,DtfyjjsZ5yCjWKLKHvwsfXs5QVsmm1QkK6Sh9JZHoq1g,e5wrKCRv4GhHvEf1VD5Pq2KGaZDXP77nTL612Jyrxwy,4423.401631000001,4424.529609000001,4412.102237170607,0.9974455419670224,0.44121022371706065,0.9988932263052537,1050.842096,897.871448,1945.0354714665714
KysFMBBoavfov2tLpvefWW6tPFt6rAeZWDJVy1mMQae,B8ka2V21TH3x64dFV8ETcjuQcwmrciJ2qzy1mJUttRew,7fSf7EYxBANyxzk2s5pymFgshA91tFYQNKKs5UnLWcYS,25.200876999999764,32.147521000006236,0.0,0.0,0.0,0.02307948188132581,134145.943161,2885.542939,66.59683597843812
BSCNHw8CmxbZ8hCWWzMf5FaG2ajPT6JxfznKUNuRVrn4,7n9kgNL633yGzCYksgnzHyjG73ZLBAwvEae5sbAekbzW,SscdxE99omdG9AiMVwmaEMQySQnCgeAh1sPj2Leutm2,498.5761565499997,497.7097059179996,499.90328479337063,1.0026618365638547,0.19996131391734825,0.9999653981973261,4895.792957552,6809.048413768,11717.637566673864
AURHmCnNwiW4uA2Qj1XvEh4iKgRUZYXtiY7FKAapUV5Y,BKWm4TRnTeKwfWXRyuzjRHU7iZDkPuXBX5b5V5jSVfGJ,A5Ww74HVrkj9nPeC7pHKLfgeDMEhBCpW1efQdz3TGLEg,0.1973002219999671,0.17635716099999854,35.32508115538258,179.04227779018143,0.014130032462153032,160.6047475405792,290.105188339,1795.089768752,340241.03284205584
GokA1R67GqSavkd15zR62QD68Tuc5AEfvjssntVDEbM8,3YB7hfpBdbQEuZqLGWVDpRPmeZWCUsrrWyqGXegnQ6Cg,4DPCj6Z1DsG6HUtwSogBGqXEUxdEV5a8YVrrFtcnz7UW,8494.183599,8492.72819,8496.69862179205,1.000296087641942,0.849669862179205,1.0,12863.396361,19559.986113,32427.19116669589
KEVpg4SYCVrqFxKijQH6hm4QxsRdoE51ud64bEEFUC9,2bPenuBYfqzD8p5dFjCcggwkHDsc2RQDnx9AoyYGUBjA,AE6n6iLuX8oYu61vt5hoDYkjswpnxFxrhSehxrnQTnbx,186.19863859000088,185.7745013140002,186.72076642932953,1.0028041442369422,0.07468830657173181,0.9999653981973261,1638.576118806,5887.253559788,7530.220772788374
Cob4usZcpHEY7Qt4ZCwj6WVg9S44zvzYV2v9qYF65dTf,NhFM9UXE48PyNAyeyPYA3iXztqKVJwA4bTdLj4ysM8w,6TuFuynuBoeskxyR2cz4wxyidk8dpDK7kAWw3UkjQGx,32.884359000000046,4208.201523999975,0.24507396753750404,0.007452599807023871,9.802958701500162e-05,1.0,73498.273841,167.187359,714.9405804440242
BUSD5rCfUDpCxKGMvYU2yThChxgHoioK74PTPociGnv2,CcFHbafgYDZ8yA8Me1PdtDiVb2eeaS61LbqyKKK5CsNZ,26R9s4nmF3CFDTkiePDwRmtscn8i7r2eygbSijditJ58,81.53473073,81.46057812999999,81.52057468220644,0.9998263801490871,0.008152057468220645,1.0,95.69555806,52.32149332,148.0004367314766
7dwD9TF6uikvHXxPFK9AsSim54yJoujQjY9vU6gNFumk,CquVr6atkvwueDYficKjn6SSEWq4F4rH4VSiBbW4GBWU,8BCa6ge3b7ho3TfZuM64Vk1hgbrJ3J7EPiAb9uP86CGd,0.0009194290000000003,0.0009245050000000004,0.17527917198549928,190.63915972358848,7.011166879419972e-05,191.4444985168795,0.003055642,0.00445825,1.4360324588089834
RoBgmK8CvjdHvPrqdDyVw54VwjZv2TqJ493xnqJAQHx,ExiHJxM7qPAcy27NDHAF6G7vnW7muNHi2sVJpnaNynGQ,6rkPHSqZb7StM4HwS9EuVrmfkV7tRdc7dnsFhyB6cefE,1.8937240000003683,30.8384379999995,0.0,0.0,0.0,0.9497415753173561,6229.892092,19.590011,18.605447907624335
KZMu9QBEdL97EFgamLbN5DE1AoKBG4HdrKKJo4Vuon3,DD4ACBWyVqdaKWh7v5btsgqQCCMwbKnuL2xd9pv7Gyuw,GcYqiJ1MAuYbNTNYXm1F1gQYTfTgkErACAhNU5dpVj9T,28.999178630000074,29.743780700000116,27.882818338956806,0.9615037272163158,0.011153127335582724,1.0,2376.78152737,722.73747788,3008.021775225143
JSoLLrxK5bYdHwTEWYaGgmeycBCNXKDiBCTw5hXGBg7,xG4wXczA7Dk4hccJ61CHKpDHW4NrNfQwgmWgkb9BuF2,BVR6WgfhsRr9Lob4QDnkEAiNGgAbv7ZieKcY9kSg3QYR,2.2409162090000443,1.912911599000001,422.7358937510553,188.6442215256639,0.16909435750042215,161.0881828930793,17.118152934,164.611887918,29746.270541501548
BkwbeSfcX1h4thMDd7obGkHrPevf3QwgzJ4pCEqG18Lu,35yX27bmurdebhfAb8EPmjLETDiUaEUCn9zHaDPbakH2,2CxECn1ZJFoESyUnQysQU8rRgT3iJ5GRs2Mdd6gZjx5g,0.030657409999999885,0.019059650000000095,68.92403327338103,2248.2014388489206,0.027569613309352415,1404.4943820224719,0.82116213,22.06247933,32832.76615466615
BSCuChvaSj9b5HUSqgDVRzcnr2sSn7cXaamt1jbKH6hn,GnKpRj5kBVPMJfiwZtEuD9GYApLzPdW5JFuZTcyX4BTc,3dmwD9okkomV9nDwyuh4UMhKdUR13QpuKxRo89ycZB5t,830.8338536680001,831.0472068720001,829.0907566793423,0.9979019908962998,0.33163630267173694,0.9996041567539253,1756.106648155,1246.110157497,2998.039213627392
ercAoEmXjQzEvAFbdjAo81KtMxRGn9AW1ju882upmPH,CMRhskR2Eg6V42RTSdRTXGdozyPbWB8U9dVpijPWb9T4,7TKLLgrWswt6ZJ1pXhVR3FyufHGjJFqiEXxvWJfDcgRm,26.550679628000076,23.415315431999993,4276.259528003239,161.06026617463831,1.7105038112012958,139.57295143196265,40.986754761,372.906814028,58649.042274419255
parEAJhzYzHW87y9VoZAQ22dzQ2MD2ekEtTReaxbMcz,3oyc6hpjYSJEquK6dSvG72NXyz3pqLZz5D8AC71pwgQb,Di2vordgFJVZ1aj1aBpvzXtLfZgJsuLLXawGtVFwX6Rz,6.429203252000121,7.539006965000027,1009.2424237001563,156.97783755493833,0.40369696948006256,185.51667600124742,1101.707644181,141.290495183,199155.42661819924
SoNcU2iwHMw6dGzsYNQkYFkUjwN1UdAjrWVRnStrZu2,8ivTTid27jZnYNc4w3CTA1Z6QS2twsFb8WMwUabeDJgc,CyXm53PMvHCbeXJBykU46Rcbo28xk5srhMZFg7gv6EYB,5.999741035999996,5.952126148000001,1147.5824149886846,191.27199125810492,0.4590329659954739,188.59932187227827,15.281877855,19.41261339,6584.200928611696
YakoMPuYrybnr9R7VC7hVGxMz94fJvPFCdZ4gmW61Ed,,,1.042582,1.035237,0.0,0.0,0.0,188.59932187227827,15.281877855,19.41261339,3661.2057211227093
SoN9GaFpSXfpyR5dth3x7PHPVhvJMpQqqDJfCSmPv1t,9kZ9iS68ViMPtoeqtnhAKuF2iqVyfHPdZHoUNdwCELr,BBhm5fJLjw3HRzjtKB8uMEYjGhY6EDm9co3cqpjrSzB9,0.28340728800000026,0.2783088100000003,54.84979265414887,193.53698714391854,0.02193991706165955,188.88423813920315,0.835337235,1.386499332,423.5565217163655
KEnkcdADoLR5jS2CLLLesy8TtFsyWL37BhXNfDMzWzP,3qsjFRuw1qeLMPo4DLwaQevenGAGBj9dA3Q6rb8ax2YR,77iEv8zPQAEyCcEbvBRSB6AFcUdfkhiqnAKtPxk76rNN,0.026922,3.4760960000000125,0.00020096287807625036,0.007464634056765855,8.038515123050016e-08,0.9994013585862068,122.847271,0.269876,1.1867243639371556
daob129AwBGn9Y5r91uLoWZeYiGzbPmksauMhFZKTze,6VW5GQNyj4LStgmxEHLr5zUfW92vQnmbw8jTnCH7a38F,4VPCCUifPeBA1c7HWK358CHn2nyjm8pdTRk6Ps3KmnMQ,12.599355726000056,11.266292477999976,2264.8157488960355,179.7564731204753,0.9059262995584143,161.27648401782298,48.382433449,224.024292459,44826.90582014637
KEN5P7p3asnb23Sw6yAmJRGvijfAzso3RqfyLAQhznt,9zj4aX38Uxf3h6AUjS4EipWS8mwbEofasHAf3a1uKGds,CwQDG1MWunn9cLNwcZLd8YBacweSR7ARo32w4mLua1Yr,144666.65554199996,144680.26105700154,143660.60035769502,0.9930457009562036,14.366060035769502,1.0,1144298.80557,1069067.663817,2205408.6732976073
heyk4SZTeCUV6a65WiVA5bzic3KcxgVf1qxobfeV4tQ,9ZDpBKPqMABtGfq66FbVribaArMvtk63xxy91onZAtDt,DaTP4s6N7xxSPinbNZ3FB52EpRDRt87QShTuN3VPCW52,96.34733979199382,83.56299375099888,17873.298797492404,185.5090014532775,7.149319518996962,161.08177364563653,630.741134134,4487.110573338,839799.8876660801
HEDSDjj84KS7LKhZY7ejkCACTdPen62rKhCby1wXtgxc,EnnjMSFttpCTywBrYNt1J5QQeoSVkvzPipJDa8Y7kJow,6bjVT6JN2rSvpyn9PdfLYC8wJn4LWh49jpY47fnLDXZk,69.27220035900064,71.53632339499745,67.11621029492258,0.9688765471155136,0.026846484117969034,0.9999653981973261,38844.036315013,9044.51062661,46679.27345115744
AUSejoEUCh2DBs9mof6BNC8Pubs22w4cJa1ccV9h44R,4xkyD7AfGQDwsQMy9MosRRNGoVJ1zosNinesxg1TzHG7,Cbm5gsQe3nSiCsFrvepVzMCD9xLK3ri9g3ypS2hdmVJ7,1113.1219810000002,1111.7793319999982,1116.8231328623058,1.0033250191133416,0.11168231328623059,1.0,13270.113232,15609.571444,28923.808056132606
