0,1,2,3,4,5,6,7,8,9,10,11
daob129AwBGn9Y5r91uLoWZeYiGzbPmksauMhFZKTze,6VW5GQNyj4LStgmxEHLr5zUfW92vQnmbw8jTnCH7a38F,4VPCCUifPeBA1c7HWK358CHn2nyjm8pdTRk6Ps3KmnMQ,11.177364669999832,10.01400037400002,1902.6937072888534,170.22739826997895,0.7610774829155413,152.37609956498147,48.470261141,223.90244123,42368.34712520378
vEnkoSUkpnbRrPgBz9DfcVxNz67zjwMYBZraAvDDNSf,DtfyjjsZ5yCjWKLKHvwsfXs5QVsmm1QkK6Sh9JZHoq1g,e5wrKCRv4GhHvEf1VD5Pq2KGaZDXP77nTL612Jyrxwy,1181.629555,1181.036137,1174.9149162536107,0.994317475626793,0.11749149162536107,0.9992915023248516,963.768931,983.881714,1941.4769266524627
MARpDPs5A7XiyCWPNH8GsMWPLxmwNn9SBmKvPa9LzgA,6YjT74rmcfCpw8LSjPNx5JTmZoYLGrTKnf9arfSgZ4SR,F8GSmi3vA8M8TsybLya1LQ4n1aFHCRbZ6k437PeTdXtg,19856.994125999998,20836.85826000024,18873.87295751595,0.9504899300344362,7.54954918300638,1.0,296465.425288,15678.999045,297466.40038462053
BSCNHw8CmxbZ8hCWWzMf5FaG2ajPT6JxfznKUNuRVrn4,7n9kgNL633yGzCYksgnzHyjG73ZLBAwvEae5sbAekbzW,SscdxE99omdG9AiMVwmaEMQySQnCgeAh1sPj2Leutm2,1.5248076520001632,1.5342129999999088,1.5342205615483129,1.0061731783256742,0.0006136882246193252,0.9999994030003563,3859.7070645,7845.378568905,11728.907609710812
Dg3mAgpwDfVNnbGWcsxL8sUcSkEbjSJQhKAWNigG44Ju,EATxwd8YA2wV93VJcKMmH2Kn2Y9XfJVUB9hHVu3udwEy,GiGvrRi7NMHfHKanG2B8xyCEqe8jaafWins8bhrLVEaa,0.00045585000000000764,0.0004610159999999808,0.08382999640846948,183.8982042524253,3.3531998563387795e-05,181.85369288475604,0.198226173,0.261388851,83.98796508378385
BSCuChvaSj9b5HUSqgDVRzcnr2sSn7cXaamt1jbKH6hn,GnKpRj5kBVPMJfiwZtEuD9GYApLzPdW5JFuZTcyX4BTc,3dmwD9okkomV9nDwyuh4UMhKdUR13QpuKxRo89ycZB5t,1.4370753660000446,1.440898000000061,1.4404463561806327,1.0023457295701692,0.0005761785424722531,0.9977450960828528,1304.258617512,1809.020487692,3112.2593758263497
DFWzVTzNBrQZLjoQ4yQwkj9HuoXmfkuZP9V5vbymZe23,DhgiEgiNdqZdRdo195UUHnoEJUtefK8buko8nU97XJUZ,2K2kkXsouBHtWVjtcgkyiXd8eP3oVBvq1bTJzcVdLLr2,18.794126875000075,18.933394814994244,18.586206422203077,0.9889369453457519,0.00743448256888123,0.9999994030003563,42741.041133397,25238.142373444,67506.32196564076
SoN9GaFpSXfpyR5dth3x7PHPVhvJMpQqqDJfCSmPv1t,9kZ9iS68ViMPtoeqtnhAKuF2iqVyfHPdZHoUNdwCELr,BBhm5fJLjw3HRzjtKB8uMEYjGhY6EDm9co3cqpjrSzB9,0.3607456600000005,0.35450269099999976,66.43348707906085,184.15602582456782,0.026573394831624346,174.4147817225169,1.504832297,2.478495242,709.4101419817024
KEVpg4SYCVrqFxKijQH6hm4QxsRdoE51ud64bEEFUC9,2bPenuBYfqzD8p5dFjCcggwkHDsc2RQDnx9AoyYGUBjA,AE6n6iLuX8oYu61vt5hoDYkjswpnxFxrhSehxrnQTnbx,917.058552984,916.0509600199998,918.195845048811,1.001240152072199,0.36727833801952436,0.9999994030003563,2273.129911762,5371.975342498,7647.9210739630835
KwnjUuZhTMTSGAaavkLEmSyfobY16JNH4poL9oeeEvE,J63v6qEZmQpDqCD8bd4PXu2Pq5ZbyXrFcSa3Xt1HdAPQ,BnKQtTdLw9qPCDgZkWX3sURkBAoKCUYL1yahh6Mw7mRK,199.04553599999952,8963.924637000076,4.543717466064987,0.02282752759682587,0.0004543717466064986,1.0,276144.618046,605.369611,6909.068500160005
ALLwa5WNZbvQsRKAqe1jdRGemdYQnW8E5k4msbRFcYtu,CGoM82Hbz7QVqTgvQatYtjvDWBvoUJp5qm21P8iMs9yb,3dxNNww8TivyN5FMy5dCNdi3Zcxv6e4kUfSPxfFwpdNq,3.9333520419999983,3.926715794,11885.034119957692,3021.6044719746187,4.7540136479830775,3024.080755052483,1.713828331,6.945524922,26182.339599503994
Cob4usZcpHEY7Qt4ZCwj6WVg9S44zvzYV2v9qYF65dTf,NhFM9UXE48PyNAyeyPYA3iXztqKVJwA4bTdLj4ysM8w,6TuFuynuBoeskxyR2cz4wxyidk8dpDK7kAWw3UkjQGx,123.10749899999183,1329.4681690000143,1.1427101192215128,0.00928221374411634,0.00045708404768860514,1.0,70637.060505,190.958583,846.6268768634885
BkMBnJpvHKtWhUvrgRrLesXfi9RUV3ELgdBaJcdH7hcY,5uerVwBnZQsuVhZ15igs7ZgmcqhHnYWbwoRtLyRqLvR,9YWiQh5d4jCtgMdzcGLv9bWgnLaFtzvDDh2nnhJdzhBX,0.0011618900000485155,0.0011618900000485155,0.001168300041789801,1.0055169092952154,4.6732001671592044e-07,0.9992085758482909,986.482241645,1887.575048349,2878.0057505610694
ZUCKWFa4LTL833dPhhpeeRWZcaAEoMeYJPi2iKn4F8N,7eEYpq6ShaJ9opZWMxitRFrdCHh6vfyHhGfoSvFht3N2,H8VggnHmuwd1wvwpT8eg9cUJFEfZ7HAaeYjgXrSm7A2u,0.0011523939999733557,0.0011523939999733557,0.001153743120261088,1.0011707109614971,4.6149724810443526e-07,0.9995824174480342,1849.447104349,1997.706962338,3848.485027113358
TETFuZgEmET6d9vYmz9iMFCxK1jKdKYxf3oPz8hSzJK,Eu1Ze6Z84LWNkq7SNoAHBJbXx5t1P95EwyqYohrfCRFV,ASMbv7WNu3qe4pkhREmvyEdwFNDZQ6B6iSrjkj4u8bdC,138.01294391199997,138.0998196980001,137.7797970727873,0.9983106886020682,0.055111918829114925,0.9993723941364823,219.856999394,132.897270441,352.29945579383434
KysFMBBoavfov2tLpvefWW6tPFt6rAeZWDJVy1mMQae,B8ka2V21TH3x64dFV8ETcjuQcwmrciJ2qzy1mJUttRew,7fSf7EYxBANyxzk2s5pymFgshA91tFYQNKKs5UnLWcYS,38.40694100000019,51.444599000009475,0.0,0.0,0.0,0.022753223295560024,134544.081283,2580.886114,58.72347805225218
MAR3XM1n9xWPQ3HJjAcC85o8DopWFP5p2WxGTaZ3fPB,6qG7GUhER8Cg9gDEgnebph9LdS6eu2eoWcA4R7z9uizK,4QV4CwRXVMY227KkFF9voNAfwWHVvVajXSXDKbUHkWZR,0.3040820000000011,0.006998999999999991,0.28907496240187036,0.9506480567803072,0.00011562998496074816,0.02268439818359672,0.115505,24.125989,0.6570881448474838
FrnkTEL6yZ5Aycq2TrEgu29dCrwKG4LPUZydfiwqspkc,DjvZuMZ46fxKBoBpGMPcRcos4xdTtHFxwMh69DpA2ZFY,9rvDPJLAng4uVVqnnSoEXgNDFhBZQTny9AoQioYDZbQX,53.27074616899915,44.43062542899989,9782.813592723163,183.64326194507598,3.913125437089266,152.57950918223486,172.269375782,1439.497893094,251273.99209899222
parEAJhzYzHW87y9VoZAQ22dzQ2MD2ekEtTReaxbMcz,3oyc6hpjYSJEquK6dSvG72NXyz3pqLZz5D8AC71pwgQb,Di2vordgFJVZ1aj1aBpvzXtLfZgJsuLLXawGtVFwX6Rz,4.431529471999767,5.140750310000556,662.056005546767,149.39672854031778,0.2648224022187068,176.6731700060546,1102.493808635,140.614440769,189551.767245312
MATgk4zXLXtYkwBH678J1xZbRDZ45LicNzkRBHkxTuY,y8dALFo1bJrSzPYjMX14HJX448pXqYmrfXHD1K8MXih,GN7Yuet3UyiWS5YVkEHv6oQKi4HGBJc3XDPt9zQhAqZz,672.8093550000003,672.1986549999997,673.5017147627765,1.001029057871492,0.2694006859051106,1.0,3657.344888,4407.062906,8068.171413545758
MiMUFdSLMyCLpqpH6zkqdDrGYs7XBomwENbivdYjv9V,,,0.012163421999999993,0.017581999999999987,0.0,0.0,0.0,1.0,3657.344888,4407.062906,4407.062906
BUSD5rCfUDpCxKGMvYU2yThChxgHoioK74PTPociGnv2,CcFHbafgYDZ8yA8Me1PdtDiVb2eeaS61LbqyKKK5CsNZ,26R9s4nmF3CFDTkiePDwRmtscn8i7r2eygbSijditJ58,9.489995429999993,9.514575579999999,9.471885280063365,0.998091658729426,0.0009471885280063366,1.0,91.65744632,56.27244652,147.75497915243213
WiiQFxXqp8P9Fs1rt9SVcDyA3KUdJmUsog6wnVQAwba,3S2jpqSYxho6wiz3cafhjXruVY8cg4HYa2v3BqBHYFSj,Dfe67M6TfrG74gKRtdqys4e6E9QirPD53BkF4FujFjuv,12754.762196994,12748.67665582,12754.53049819297,0.9999818343299975,1.275453049819297,0.9908471298962014,12856.770095154,13960.500592242,26689.25848704836
HDSBGqAuMRr6X2AfmmbXQPpRgU6VEhtfNVVZ3wUTZXg,DCZ1d8kNLgDcdSd99y4udLgwq46mfDXNS9KXj96kQf5L,Fq8GGYQM5Pz3q7LmVMbrXHJgsxA5ev86kTq8yGgGuYsa,1.519565689000956,1.5269172379994416,1.5071878395381084,0.9918543505210458,0.0006028751358152434,0.9949997669760297,13523.369623677,12879.734392416,26228.545714115266
KEnkcdADoLR5jS2CLLLesy8TtFsyWL37BhXNfDMzWzP,3qsjFRuw1qeLMPo4DLwaQevenGAGBj9dA3Q6rb8ax2YR,77iEv8zPQAEyCcEbvBRSB6AFcUdfkhiqnAKtPxk76rNN,1.8378119999999996,0.016936000000000007,0.017058963805501936,0.00928221374411634,6.823585522200775e-06,0.99660655468131,116.271322,0.324539,1.4026929577646943
SEQV6QiTpvTzrceiaYg9Avnwf7oc8ZALpnQMz6TyT4A,3dFMPj4r9mMmPHF32mz1gNDX7f8ftidWof7S8YiYTs1j,Fc1ED3YPeQfXQosHbd8DTaBd2AV5gHQtwiSAL5C5pUhi,601.4944499700005,599.9999999999999,599.2234452449617,0.9962243962098869,0.2396893780979847,0.9982630223411264,4159.510217876,1470.150089824,5611.4020272951575
GokA1R67GqSavkd15zR62QD68Tuc5AEfvjssntVDEbM8,3YB7hfpBdbQEuZqLGWVDpRPmeZWCUsrrWyqGXegnQ6Cg,4DPCj6Z1DsG6HUtwSogBGqXEUxdEV5a8YVrrFtcnz7UW,8383.721053999994,8384.318059000008,8384.048031873237,1.0000390015210594,0.8384048031873239,1.0,17090.039956,15329.327732,32420.034225553252
RajgMbScQbqqrdJfR2rxfHJiTiY5b6bJ2tTXiF4aPxy,725ZA3fhyBAKb5iopNRrcbSuQa3LXA1656Q3mBvYPxeg,GLA6i1dSZpUfk2f9Nj8uiG7xyDdAR2reff8oEiZH3617,759.8658144200017,760.3508643600071,758.3949604817946,0.9980643241078955,0.3033579841927178,1.0,129509.96083544,54414.00527999,183673.27680645342
B2izdXFYb2sNwbWWHmh75T4aQFtfXsUxem9u2p61HGzf,4DYwgJtxwuJdAjkj5RJSNH4e7U329V5cNp7d3a1nLrZv,EXNW64GEf1ACC6xY9BtKRiunrs6GoJSXBdxWN2eTPmrF,4824.5355809999965,4779.222993000005,4868.60620436188,1.0091346871884297,0.48686062043618805,1.0,10228.172207,29503.142377,39824.74573762034
KZMu9QBEdL97EFgamLbN5DE1AoKBG4HdrKKJo4Vuon3,DD4ACBWyVqdaKWh7v5btsgqQCCMwbKnuL2xd9pv7Gyuw,GcYqiJ1MAuYbNTNYXm1F1gQYTfTgkErACAhNU5dpVj9T,31.456064769999898,32.651495060000116,30.225507873917785,0.9608801385335488,0.012090203149567115,1.0,2382.24924961,717.41992315,3006.4759121366997
BkwbeSfcX1h4thMDd7obGkHrPevf3QwgzJ4pCEqG18Lu,35yX27bmurdebhfAb8EPmjLETDiUaEUCn9zHaDPbakH2,2CxECn1ZJFoESyUnQysQU8rRgT3iJ5GRs2Mdd6gZjx5g,1.4089999996969027e-05,8.67000000004392e-06,0.030659761504415153,2175.9944294542606,1.2263904601766062e-05,1331.5579227696403,0.80136202,22.09433868,31163.651009205932
SUiuyGR7SFq3xeRVJonq84fjjeFwRSsFekcevJ53tzy,49GjCCPsv7fBqo6t3iKDrP1xxGDS8uWZbVCdfnp2gjMf,CEwj5xEbbJEjYqM8D6Ai8ByGz1mrh8mkAVsE5fzDSSSx,4.46777899999995,0.04265300000000005,0.0414708796394739,0.00928221374411634,1.658835185578956e-05,0.9504023052958317,632.545869,1.783374,7.566348719820463
SoNcU2iwHMw6dGzsYNQkYFkUjwN1UdAjrWVRnStrZu2,8ivTTid27jZnYNc4w3CTA1Z6QS2twsFb8WMwUabeDJgc,CyXm53PMvHCbeXJBykU46Rcbo28xk5srhMZFg7gv6EYB,3.4404969130000005,3.4086750739999996,623.990023586681,181.3662500986179,0.2495960094346724,178.94904300736036,15.172147236,19.517812033,6244.4092350403225
BUSDgu5JdqP1rndBvXvanbEufS94FNh1w5FJcAj6vawb,Bgzr8cWubt89JQFXndVjtdKmDbGzuPxNhvjH1EhWCwbo,Dxaf8xPBBQsasRKW5Aa4Sw2YrbfGofY9xZueyyF23FBW,6150.379372860008,6165.54078089,6139.097124337813,0.998165601203077,2.4556388497351254,1.0,8739.34529202,6341.80112929,15065.114976820423
BUSDTd9WiT6uBHJRgNvFXBsA7JrifsAtWzKfioN7ERcy,DyBxrn7gSc1EwnpWhDyhzvMHPtxpmBqRqotapLcKcfTM,Cds99GeBgoCpqBsoRWu1C6fF9LiUMd4pXQQD24s9LPff,715.6636430599999,717.1198887100002,715.0056519587283,0.9990805860998357,0.07150056519587285,0.9996641128580798,93.85703813,79.90959776,173.65350181811144
SAMyS8Jr2HJrkFwYVKbpUwsNStnQmvz3f8Tup8bWUWF,6jPzm5TFfquvgm25sTyN3MMGBfufRaFHMxobDWv6hMFW,Cj9ECoDmxsHTDzCY5ZA6RWrPbg9uFzEC1Qc2kso2vJG6,1416.2837911000097,32.7136948700001,1360.878965394997,0.9608801385335488,0.5443515861579988,0.022793823958693216,508.95024544,107703.92330886,2944.024449907821
C98Sspw7XqnMsgxea3SLQVdbMDL8pKUc3RE82UvX9eq2,CSqgQJurPCzGxb4Cgwx5R61hWQUiaoUHcShNc8r1cKEL,6S2CR5EnukPhC914XkAns8m5GixjMAoUuZMsS5ubHuWc,19.003188999999907,19.00175999999999,0.0,0.0,0.0,1.0,872.802458,890.928254,890.928254
BerKDkt6v49dT1bHRedgnpsJS263C1DSJtEGvY9Mg35V,78XKqNb8wbfsMMrvo8WPUpdx7GEkfQutpNVH943aCGFa,DKYQwn4nDvFHCszi5tXbqfVMAP7DaXXp1KGTXEnYnKVH,0.07210667200001808,0.07202401100016687,0.07224890046298049,1.0019724729906045,2.88995601851922e-05,0.9995643009164378,1338.388229411,1686.819933395,3027.1131515403413
BSCrK1Nx9PXU9mF7STWWBqeHLxmtJDr9h7jheEy4tAWX,FfSySSbVJPvEo5a5AvrP3nySoXpRE2QPn1uUMpJJ1x7v,HL7Vcj6838ZmvBHDbQxXfjBNckNi83WvPiZQoMQLFeRM,0.00012895899999998406,0.00012889199999999157,0.39126503739432955,3034.0266084133555,0.00015650601495773183,3030.0275732509167,0.840296693,0.963989992,5470.3987816216795
MATSnbbiTCv7Dc3trJrkrqjx7ckKdr6fwPoVwv9q3sD,631WX9JizSHJm4w6VanZeJAst9T8DeUUnPLesdGkCVtK,211maUSfpnXbPuW1iBu8b4dtJv5EbN1j7JJiEX5TZKEP,1996.6928770000013,1996.5619609999958,1996.9225230901568,1.000115013226521,0.7987690092360628,0.9997270745086592,22006.649702,23548.827403,45551.58108549768
Lid8SLUxQ9RmF7XMqUA8c24RitTwzja8VSKngJxRcUa,4PgzyzLtds9bKZ2to9PMnKqJzKEUpjvNUaeN23phegax,AtymwxoVN9peZo7EXTcDz9jKVc4vRmisJKKrNfe3ewBa,94.94239764700876,80.32176274699918,17189.797558221188,181.0550184558433,1.7189797558221187,153.02851074183633,967.814706316,7675.227469439,1349756.338766963
ercAoEmXjQzEvAFbdjAo81KtMxRGn9AW1ju882upmPH,CMRhskR2Eg6V42RTSdRTXGdozyPbWB8U9dVpijPWb9T4,7TKLLgrWswt6ZJ1pXhVR3FyufHGjJFqiEXxvWJfDcgRm,24.31600071300005,24.74768864999993,3719.707690735602,152.9736626774705,1.4878830762942408,149.7226985899416,277.232947764,788.095439359,160405.1153615861
SERgf3DMJpQxUifu7VoFKmfne73d2fDJxSrxUMrcNJB,AJfM2GZ2tTB8UtN2krcyR9xufRJEx2mhSCbJyMgPo3GU,F4yRYkufQvERZcEKnKjJwRLU1btiMBUuEwq46hfm11QD,0.17456716300000252,0.1747746939999999,26.551604750194198,152.09965204162603,0.010620641900077681,153.0335691376589,29.284858487,27.960780594,8733.154836135769
BSC8REUo9LpiiWUuqMuLXs2D2yJsJfGd4HdiF3wCLxk5,AZjEH1zWVx1UJ6udMyRijGTzPteuLnaY18yNNmprJEsh,Caf8ypkSVR8xYnXNhjvfvdGCC7mrM3C11rz8Xi6NA6aK,41.73322639300022,41.628290966999884,41.850244867078935,1.0028039642316833,0.016740097946831577,0.9999994030003563,2635.853088909,3721.491606629,6364.733311590109
AURHmCnNwiW4uA2Qj1XvEh4iKgRUZYXtiY7FKAapUV5Y,BKWm4TRnTeKwfWXRyuzjRHU7iZDkPuXBX5b5V5jSVfGJ,A5Ww74HVrkj9nPeC7pHKLfgeDMEhBCpW1efQdz3TGLEg,0.015594278999969902,0.01393815699998413,2.653989388311815,170.18993877927522,0.001061595755324726,152.97172042398867,289.942123379,1795.272017173,323971.0813234034
heyk4SZTeCUV6a65WiVA5bzic3KcxgVf1qxobfeV4tQ,9ZDpBKPqMABtGfq66FbVribaArMvtk63xxy91onZAtDt,DaTP4s6N7xxSPinbNZ3FB52EpRDRt87QShTuN3VPCW52,79.04530258300383,68.55525951799984,13950.39375504156,176.4860567190889,5.580157502016624,152.89552006952465,622.92103758,4495.97784225,797351.7479817307
ALBpShJ9NLpE739pcHDF2LNVk5J4VYPvvKuV6jMPitZi,D6d156U1bPiJpDYRLextvDRccgFk7QzkQbJg42ceKEu5,GNcM8U5g8RwTZffwwm3kSQqUNPSwv5d2fbN9sLxPJqt2,1393.499999000007,1393.6892829999924,1391.8951438990914,0.9988483278779567,0.5567580575596365,0.9989770475033567,53893.59992,46422.446807,100206.49101255406
YAkoNb6HKmSxQN9L8hiBE5tPJRsniSSMzND1boHmZxe,CfWX7o2TswwbxusJ4hCaPobu2jLCb1hfXuXJQjVq3jQF,EnTrdMMpdhugeH6Ban6gYZWXughWxKtVGfCwFn78ZmY3,5058910.559433004,5057859.444106982,5058910.559433004,1.0,505.8910559433004,0.9985830107078055,564464.826378,882545.240391,1445759.5096134888
Sid7E679i9ABqptiAVhkmQ27YHN8vaYT4fppPwmxFsJ,GP7KB8o1bv527HG8kTzzzf4wJ5aEGHvcMQvVhLziUfmT,9gYxhAZ1M9wu5pxr8SBoa5NDm21gi3s9vMHaYTME77sa,637.3277969999999,1546.1505889999826,5.9158128368207885,0.00928221374411634,0.002366325134728315,0.022787439335563844,130826.624363,10576.9609,1455.382545621965
NorjjEePhxfwLF4vZjUHCrVVKLzQjEEGQFd3wgjEJmh,34M8pFVqgbV7aqHxvRT5tCv3vu2P1JJYT8J3VaxBK2oG,3AZWBSze3ucsY3xSeuLne3b2pauVqiaJ1SZSV5T9WGWw,1.2049870000000737,2.0832120000050054,0.6975294456115511,0.5788688555241744,0.00027901177824462046,1.0,38235.101644,2193.762303,24326.871832512763
AUSejoEUCh2DBs9mof6BNC8Pubs22w4cJa1ccV9h44R,4xkyD7AfGQDwsQMy9MosRRNGoVJ1zosNinesxg1TzHG7,Cbm5gsQe3nSiCsFrvepVzMCD9xLK3ri9g3ypS2hdmVJ7,675.7109429999982,674.6226590000006,676.8521156670128,1.0016888473967107,0.06768521156670128,1.0,13830.068624,15047.880773,28901.306272391972
JSoLLrxK5bYdHwTEWYaGgmeycBCNXKDiBCTw5hXGBg7,xG4wXczA7Dk4hccJ61CHKpDHW4NrNfQwgmWgkb9BuF2,BVR6WgfhsRr9Lob4QDnkEAiNGgAbv7ZieKcY9kSg3QYR,3.307177590000123,2.8154766470000006,593.1046437223456,179.33861354035227,0.23724185748893828,153.01045780575964,17.14394485,164.578003422,28256.72694836936
C2ypsDADXcCRz8HbV2zX1AXPSja7a1P3xZtRC91xGhJh,J9bYNuDpY1d1T86gLaw7DGk5D3CsUAf2tzUwxMvb6FTv,A2NGvvPrMGzsJ4jb52KEnSBVmsA7C34dV1GC7PerdgvG,804.8983194480047,809.8455917329966,123089.00358991299,152.92491065744406,49.235601435965194,152.6178851068142,3455.971476816,2058.941459687,842735.4204629287
SRMuKizofcAMicegrfSv7xs9q76tH1w8aAF7oX9FEWu,72Hj2KWntXPfbie4UgKeTPnm1XVkomDfCnRPKbvfTtPi,6aqJQ5wedqpUt4fFEDUqUmXhrdxCu4bEJsQdVPCADLko,19.483007000000725,19.534013000000414,1.201975933468236,0.06169355343701264,0.0004807903733872945,0.061742252767349515,16948.215891,4942.927552,1350.7831450597155
RoBgmK8CvjdHvPrqdDyVw54VwjZv2TqJ493xnqJAQHx,ExiHJxM7qPAcy27NDHAF6G7vnW7muNHi2sVJpnaNynGQ,6rkPHSqZb7StM4HwS9EuVrmfkV7tRdc7dnsFhyB6cefE,2.8276209999999473,49.508772000000434,0.0,0.0,0.0,0.9531125797516952,6235.720863,19.483804,18.570258693816395
Lee1XZJfJ9Hm2K1qTyeCz1LXNc1YBZaKZszvNY4KCDw,9DgFSWkPDGijNKcLGbr3p5xoJbHsPgXUTr6QvGBJ5vGN,2hNHZg7XBhuhHVZ3JDEi4buq2fPQwuWBdQ9xkH7t1GQX,1306.2302934129975,1100.4978034089818,237310.6243390171,181.67594606840538,23.73106243390171,152.97179062506262,6709.326597837,53863.375326042,9458500.229878413
wrmcMSHFi3sWpAEy4rGDvQb3ezh3PhXoV2xNjgLBkKU,8p4mGnARWPBu6P2Gcw4adodLkNDorrXniZMhaY7eJXUn,AyY89zccbsgp9LKFgH4CFZMJmpSgqmPSdTfukhP227rc,0.009293560000000728,0.0377950699999999,3.138655859507169,337.7237419790611,0.0012554623438028676,3027.1841133377734,27.03003197,0.10138216,9435.58600684992
KEN5P7p3asnb23Sw6yAmJRGvijfAzso3RqfyLAQhznt,9zj4aX38Uxf3h6AUjS4EipWS8mwbEofasHAf3a1uKGds,CwQDG1MWunn9cLNwcZLd8YBacweSR7ARo32w4mLua1Yr,45353.83746600035,45353.11963700014,45342.45650941649,0.9997490629851907,4.534245650941648,1.0,1147246.193285,1139565.823536,2286524.130286006
ionytDfEj1mXodptgrsKEZro7DGsfpzANUfarJdm6Qb,3gkSjY95an9xNFSjCfsay6JZez7uv7yfW3Ad4ubc4fMK,9wXqANaSuEqkKL9yHzCPEDGHwbkStVAqV5rB3QDs3Jr6,0.02031090300000002,0.07565330600000042,15.23799245561599,750.2370749156734,0.006095196982246396,3027.1841133377734,3.17013297,0.079600045,2619.315278151508
HEDSDjj84KS7LKhZY7ejkCACTdPen62rKhCby1wXtgxc,EnnjMSFttpCTywBrYNt1J5QQeoSVkvzPipJDa8Y7kJow,6bjVT6JN2rSvpyn9PdfLYC8wJn4LWh49jpY47fnLDXZk,52.41922008800066,54.004757319999044,50.789740020283254,0.968914454183373,0.020315896008113305,0.9999994030003563,39032.996080085,9133.55362297,46953.18226231903
MiMuMS9C4vBqcrYeeQPph1E7oAW9aNKvW9k6Zw9XffM,Afy2q2hh6Y474pshJa5fnQ6PfEchGyTbKrQpCZw2hr3m,5pXz9ksgjeL8Wgb37bksUaBFMLdFfsNNY3FQnikkCPtS,0.801911466999627,0.012163422000000423,0.0,0.0,0.0,0.022821875105051945,26.015093477,7673.149676041,175.11566356897748
STK75uPSyBnEhGTTzb1nwmP3n427XoXmfRhXxxhyady,6TYyD5fUmDe6N65avW1Ny2RxzRNobw2RRgKwH9CTzSAU,54zDfk4cx2vGrEajPtodWpArNe5eUurytyxd4X3aZAxK,563.7128452679993,634.5394002680011,86157.32933771319,152.8390386363334,8.61573293377132,172.41224733847213,1592.665868897,279.971095455,291691.9660283286
