0,1,2,3,4,5,6,7,8,9,10,11
Sid7E679i9ABqptiAVhkmQ27YHN8vaYT4fppPwmxFsJ,GP7KB8o1bv527HG8kTzzzf4wJ5aEGHvcMQvVhLziUfmT,9gYxhAZ1M9wu5pxr8SBoa5NDm21gi3s9vMHaYTME77sa,697.9577020000088,1831.9410910000315,5.062508337234412,0.007253316816660543,0.0020250033348937647,0.021949271808763545,135855.431855,8738.898671,1177.2149507475735
AUSejoEUCh2DBs9mof6BNC8Pubs22w4cJa1ccV9h44R,4xkyD7AfGQDwsQMy9MosRRNGoVJ1zosNinesxg1TzHG7,Cbm5gsQe3nSiCsFrvepVzMCD9xLK3ri9g3ypS2hdmVJ7,737.4657720000014,734.7752909999999,739.9334500559379,1.003346159441738,0.07399334500559378,1.0,13246.952881,15632.880934,28924.16023145702
RajgMbScQbqqrdJfR2rxfHJiTiY5b6bJ2tTXiF4aPxy,725ZA3fhyBAKb5iopNRrcbSuQa3LXA1656Q3mBvYPxeg,GLA6i1dSZpUfk2f9Nj8uiG7xyDdAR2reff8oEiZH3617,7683.464342689986,7683.950268770015,7684.970135738382,1.0001959784000076,3.073988054295353,1.0,98937.22681344,84999.33060098,183955.9469738321
STK75uPSyBnEhGTTzb1nwmP3n427XoXmfRhXxxhyady,6TYyD5fUmDe6N65avW1Ny2RxzRNobw2RRgKwH9CTzSAU,54zDfk4cx2vGrEajPtodWpArNe5eUurytyxd4X3aZAxK,831.4095606890037,938.7079847750001,134778.0104421773,162.10784289091455,13.477801044217731,183.0043829549718,1716.538798556,298.828424816,332951.31336533354
SAMyS8Jr2HJrkFwYVKbpUwsNStnQmvz3f8Tup8bWUWF,6jPzm5TFfquvgm25sTyN3MMGBfufRaFHMxobDWv6hMFW,Cj9ECoDmxsHTDzCY5ZA6RWrPbg9uFzEC1Qc2kso2vJG6,1050.3507210899988,24.477289319999954,1009.0776490842381,0.9607054375485841,0.4036310596336953,0.021795374440914863,493.86734424,108356.15438746,2836.124000891317
BkwbeSfcX1h4thMDd7obGkHrPevf3QwgzJ4pCEqG18Lu,35yX27bmurdebhfAb8EPmjLETDiUaEUCn9zHaDPbakH2,2CxECn1ZJFoESyUnQysQU8rRgT3iJ5GRs2Mdd6gZjx5g,0.007244960000000078,0.011600000000001387,16.144757660167308,2228.4122562674097,0.006457903064066923,1386.9625520110958,0.81391717,22.07407933,32429.664398046665
MATSnbbiTCv7Dc3trJrkrqjx7ckKdr6fwPoVwv9q3sD,631WX9JizSHJm4w6VanZeJAst9T8DeUUnPLesdGkCVtK,211maUSfpnXbPuW1iBu8b4dtJv5EbN1j7JJiEX5TZKEP,1945.4440579999973,1942.9132730000056,1945.7300803218047,1.000147021612177,0.7782920321287219,0.9992675368954556,18303.986114,27261.983501,45548.69229947656
WiiQFxXqp8P9Fs1rt9SVcDyA3KUdJmUsog6wnVQAwba,3S2jpqSYxho6wiz3cafhjXruVY8cg4HYa2v3BqBHYFSj,Dfe67M6TfrG74gKRtdqys4e6E9QirPD53BkF4FujFjuv,799.7339546980002,798.280993804,804.387927671543,1.0058194014974646,0.08043879276715431,0.999834344446309,3877.686621777,22956.711861814,26853.161392110076
ACUSESXyNnwRLAg1dpSGMLSzUDdLjUMybY8rkXiAKhCP,AhFPQdu8GKBsxuhiH46UmCu1YpaLgNpoP325HnYtsgas,A8wxWpT3aFEr2XqZp1kDmbxbFfcBE95UUmdsNTDBJYbT,410.158327567,410.3216573709999,410.12433646199406,0.9999171268685252,0.16404973458479763,0.9878264584067574,1045.343746476,1840.979146512,2863.825025865906
MAR3XM1n9xWPQ3HJjAcC85o8DopWFP5p2WxGTaZ3fPB,6qG7GUhER8Cg9gDEgnebph9LdS6eu2eoWcA4R7z9uizK,4QV4CwRXVMY227KkFF9voNAfwWHVvVajXSXDKbUHkWZR,0.3492810000000013,0.008387999999999993,0.3272790137430943,0.9370077781015661,0.00013091160549723774,0.021881895532329627,0.11914,23.980107,0.6363653029111069
ionytDfEj1mXodptgrsKEZro7DGsfpzANUfarJdm6Qb,3gkSjY95an9xNFSjCfsay6JZez7uv7yfW3Ad4ubc4fMK,9wXqANaSuEqkKL9yHzCPEDGHwbkStVAqV5rB3QDs3Jr6,0.004746517000000006,0.018736505999999764,3.4993748110794134,737.2510856022235,0.0013997499244317653,2959.893443836022,3.169047114,0.079872706,2572.7981239519354
C98Sspw7XqnMsgxea3SLQVdbMDL8pKUc3RE82UvX9eq2,CSqgQJurPCzGxb4Cgwx5R61hWQUiaoUHcShNc8r1cKEL,6S2CR5EnukPhC914XkAns8m5GixjMAoUuZMsS5ubHuWc,49.13291599999991,49.14247799999987,0.0,0.0,0.0,1.0,900.813974,863.071078,863.071078
AURHmCnNwiW4uA2Qj1XvEh4iKgRUZYXtiY7FKAapUV5Y,BKWm4TRnTeKwfWXRyuzjRHU7iZDkPuXBX5b5V5jSVfGJ,A5Ww74HVrkj9nPeC7pHKLfgeDMEhBCpW1efQdz3TGLEg,0.014969343000302615,0.01338088800002879,2.704798164830916,180.6891701777584,0.0010819192659323664,162.1035069796907,290.117410807,1795.076096333,343409.20472382905
KwnjUuZhTMTSGAaavkLEmSyfobY16JNH4poL9oeeEvE,J63v6qEZmQpDqCD8bd4PXu2Pq5ZbyXrFcSa3Xt1HdAPQ,BnKQtTdLw9qPCDgZkWX3sURkBAoKCUYL1yahh6Mw7mRK,233.39521800000023,10668.09895199968,5.1477130121632815,0.022055777561660567,0.0005147713012163282,1.0,276459.178408,598.408283,6695.930426846281
YakoMPuYrybnr9R7VC7hVGxMz94fJvPFCdZ4gmW61Ed,,,0.02116299999999982,0.02108999999999983,0.0,0.0,0.0,1.0,276459.178408,598.408283,598.408283
BUSD5rCfUDpCxKGMvYU2yThChxgHoioK74PTPociGnv2,CcFHbafgYDZ8yA8Me1PdtDiVb2eeaS61LbqyKKK5CsNZ,26R9s4nmF3CFDTkiePDwRmtscn8i7r2eygbSijditJ58,150.25054099,150.70893259999997,149.72713535113894,0.9965164475587753,0.014972713535113896,1.0,83.87875302,64.11630287,147.7028598551503
daob129AwBGn9Y5r91uLoWZeYiGzbPmksauMhFZKTze,6VW5GQNyj4LStgmxEHLr5zUfW92vQnmbw8jTnCH7a38F,4VPCCUifPeBA1c7HWK358CHn2nyjm8pdTRk6Ps3KmnMQ,16.12566191899993,14.427707763999997,2917.089484491387,180.89734853329335,1.1668357937965548,162.09184058851008,48.340733896,224.07804849,45065.93390316541
heyk4SZTeCUV6a65WiVA5bzic3KcxgVf1qxobfeV4tQ,9ZDpBKPqMABtGfq66FbVribaArMvtk63xxy91onZAtDt,DaTP4s6N7xxSPinbNZ3FB52EpRDRt87QShTuN3VPCW52,67.24019140200289,58.19568694400027,12549.61158689478,186.63854645900017,5.019844634757912,162.09184058851008,623.363490627,4495.649706162,845051.791319225
CZgvH45CRmoaNJ7395Ao5CQZXkGznvqU7cErD6n7FaRg,4ZjU6MKvtqVQKCiowhvZ5yUsPxXX5SCzd5eFsPeXyey5,BsyWeshjDbCvjDojry3vKDCesmFRM37WtwcR4Kfgzqr,4.8730704799999955,4.986014000000068,4.989609802388502,1.023914967548039,0.001995843920955401,1.0,236.51912528,568.12026098,810.2957334655619
MATgk4zXLXtYkwBH678J1xZbRDZ45LicNzkRBHkxTuY,y8dALFo1bJrSzPYjMX14HJX448pXqYmrfXHD1K8MXih,GN7Yuet3UyiWS5YVkEHv6oQKi4HGBJc3XDPt9zQhAqZz,4084.6132499999994,4077.2637680000016,4091.8640330665935,1.0017751455579287,1.6367456132266376,1.0,3262.774895,4810.866341,8079.43313636138
GokA1R67GqSavkd15zR62QD68Tuc5AEfvjssntVDEbM8,3YB7hfpBdbQEuZqLGWVDpRPmeZWCUsrrWyqGXegnQ6Cg,4DPCj6Z1DsG6HUtwSogBGqXEUxdEV5a8YVrrFtcnz7UW,6643.829786000006,6642.596027999998,6645.118939074186,1.0001940376433027,0.6645118939074186,1.0,14010.271891,18413.67437,32426.664781139763
JSoLLrxK5bYdHwTEWYaGgmeycBCNXKDiBCTw5hXGBg7,xG4wXczA7Dk4hccJ61CHKpDHW4NrNfQwgmWgkb9BuF2,BVR6WgfhsRr9Lob4QDnkEAiNGgAbv7ZieKcY9kSg3QYR,3.1532864150000357,2.713691567999973,596.8586122490149,189.28144598910725,0.23874344489960597,162.07108697188326,17.071878351,164.667942832,29919.302304233588
BSCNHw8CmxbZ8hCWWzMf5FaG2ajPT6JxfznKUNuRVrn4,7n9kgNL633yGzCYksgnzHyjG73ZLBAwvEae5sbAekbzW,SscdxE99omdG9AiMVwmaEMQySQnCgeAh1sPj2Leutm2,175.45667210800002,175.17036295199978,175.93863100435084,1.0027468826950858,0.07037545240174034,0.9998446841267676,4843.24508185,6861.799461756,11717.282623334046
YAkoNb6HKmSxQN9L8hiBE5tPJRsniSSMzND1boHmZxe,CfWX7o2TswwbxusJ4hCaPobu2jLCb1hfXuXJQjVq3jQF,EnTrdMMpdhugeH6Ban6gYZWXughWxKtVGfCwFn78ZmY3,6530706.547276015,6531845.285857011,6530706.547276015,1.0,653.0706547276015,0.9994273281409752,846433.537047,629580.467656,1475653.4616861818
ALLwa5WNZbvQsRKAqe1jdRGemdYQnW8E5k4msbRFcYtu,CGoM82Hbz7QVqTgvQatYtjvDWBvoUJp5qm21P8iMs9yb,3dxNNww8TivyN5FMy5dCNdi3Zcxv6e4kUfSPxfFwpdNq,28.42383943299999,27.98183150800001,84009.69271442924,2955.6067860731805,33.6038770857717,2945.1871224638257,1.419482455,7.260872012,25580.058724310227
vEnkoSUkpnbRrPgBz9DfcVxNz67zjwMYBZraAvDDNSf,DtfyjjsZ5yCjWKLKHvwsfXs5QVsmm1QkK6Sh9JZHoq1g,e5wrKCRv4GhHvEf1VD5Pq2KGaZDXP77nTL612Jyrxwy,1006.1933339999998,1006.4186229999998,1004.9431846782601,0.9987575456132571,0.10049431846782601,0.9983905943618887,1140.634226,808.251032,1946.167268234327
HDSBGqAuMRr6X2AfmmbXQPpRgU6VEhtfNVVZ3wUTZXg,DCZ1d8kNLgDcdSd99y4udLgwq46mfDXNS9KXj96kQf5L,Fq8GGYQM5Pz3q7LmVMbrXHJgsxA5ev86kTq8yGgGuYsa,25.036791459000142,25.134190798999953,24.853138520865468,0.9926646775632005,0.009941255408346188,0.9999171318676965,1870.477192725,1775.608124234,3632.2176223107244
Lee1XZJfJ9Hm2K1qTyeCz1LXNc1YBZaKZszvNY4KCDw,9DgFSWkPDGijNKcLGbr3p5xoJbHsPgXUTr6QvGBJ5vGN,2hNHZg7XBhuhHVZ3JDEi4buq2fPQwuWBdQ9xkH7t1GQX,3178.0109385681644,2675.3367851339653,610778.0895104249,192.1887939711144,61.07780895104248,161.93550497482065,6689.028838405,53913.161667422,10016011.444694186
SUiuyGR7SFq3xeRVJonq84fjjeFwRSsFekcevJ53tzy,49GjCCPsv7fBqo6t3iKDrP1xxGDS8uWZbVCdfnp2gjMf,CEwj5xEbbJEjYqM8D6Ai8ByGz1mrh8mkAVsE5fzDSSSx,0.14810299999999987,18.44389799999999,0.0010809546523674264,0.007298668172605736,4.3238186094697054e-07,0.9486828961011979,665.005897,1.506777,6.283110943167703
7dwD9TF6uikvHXxPFK9AsSim54yJoujQjY9vU6gNFumk,CquVr6atkvwueDYficKjn6SSEWq4F4rH4VSiBbW4GBWU,8BCa6ge3b7ho3TfZuM64Vk1hgbrJ3J7EPiAb9uP86CGd,0.0008629410000000003,0.0008583410000000003,0.16549523952902556,191.78048039092533,6.619809581161022e-05,192.418629048055,0.003913983,0.003595309,1.442429968766049
SoNcU2iwHMw6dGzsYNQkYFkUjwN1UdAjrWVRnStrZu2,8ivTTid27jZnYNc4w3CTA1Z6QS2twsFb8WMwUabeDJgc,CyXm53PMvHCbeXJBykU46Rcbo28xk5srhMZFg7gv6EYB,9.757303562999994,9.641075108000003,1877.2622958105462,192.39560229828092,0.7509049183242186,189.32262070216353,15.188473175,19.510841265,6616.039044889123
wrmcMSHFi3sWpAEy4rGDvQb3ezh3PhXoV2xNjgLBkKU,8p4mGnARWPBu6P2Gcw4adodLkNDorrXniZMhaY7eJXUn,AyY89zccbsgp9LKFgH4CFZMJmpSgqmPSdTfukhP227rc,0.007897709999999558,0.06342971000000072,2.6945445240530734,341.180484476288,0.0010778178096212294,2956.3932002956394,27.01605876,0.10298291,9521.809991247323
BSC8REUo9LpiiWUuqMuLXs2D2yJsJfGd4HdiF3wCLxk5,AZjEH1zWVx1UJ6udMyRijGTzPteuLnaY18yNNmprJEsh,Caf8ypkSVR8xYnXNhjvfvdGCC7mrM3C11rz8Xi6NA6aK,618.4296434819998,619.2284527729998,618.3318301881143,0.9998418360198019,0.24733273207524573,0.9999141263749128,3217.241314922,2993.732450025,6210.20783059735
KEVpg4SYCVrqFxKijQH6hm4QxsRdoE51ud64bEEFUC9,2bPenuBYfqzD8p5dFjCcggwkHDsc2RQDnx9AoyYGUBjA,AE6n6iLuX8oYu61vt5hoDYkjswpnxFxrhSehxrnQTnbx,104.68321157100013,104.99862600000051,104.9798238749325,1.0028334276287578,0.041991929549973,0.9999141263749128,1533.892907235,5992.252185788,7529.976691148285
DFWzVTzNBrQZLjoQ4yQwkj9HuoXmfkuZP9V5vbymZe23,DhgiEgiNdqZdRdo195UUHnoEJUtefK8buko8nU97XJUZ,2K2kkXsouBHtWVjtcgkyiXd8eP3oVBvq1bTJzcVdLLr2,2005.1539940099974,2011.9143984620023,1997.429556401208,0.9961477085391622,0.7989718225604832,0.9999181716964192,37512.631821968,30430.400479846,67796.03264252414
FrnkTEL6yZ5Aycq2TrEgu29dCrwKG4LPUZydfiwqspkc,DjvZuMZ46fxKBoBpGMPcRcos4xdTtHFxwMh69DpA2ZFY,9rvDPJLAng4uVVqnnSoEXgNDFhBZQTny9AoQioYDZbQX,80.29108137700149,66.85866696299982,15620.161346564959,194.5441645407853,6.248064538625984,161.792034460409,171.807702655,1440.161644788,266430.8684367881
KEN5P7p3asnb23Sw6yAmJRGvijfAzso3RqfyLAQhznt,9zj4aX38Uxf3h6AUjS4EipWS8mwbEofasHAf3a1uKGds,CwQDG1MWunn9cLNwcZLd8YBacweSR7ARo32w4mLua1Yr,110334.79318899987,110341.36132399924,110134.23874025386,0.9981823100134654,11.013423874025385,1.0,1128159.870022,1117648.09577,2243757.320893051
MARpDPs5A7XiyCWPNH8GsMWPLxmwNn9SBmKvPa9LzgA,6YjT74rmcfCpw8LSjPNx5JTmZoYLGrTKnf9arfSgZ4SR,F8GSmi3vA8M8TsybLya1LQ4n1aFHCRbZ6k437PeTdXtg,20899.522811999996,21976.058553000214,19844.283208124754,0.9495089139896846,7.937713283249902,1.0,296602.785409,15594.318935,297221.30759501504
BUSDgu5JdqP1rndBvXvanbEufS94FNh1w5FJcAj6vawb,Bgzr8cWubt89JQFXndVjtdKmDbGzuPxNhvjH1EhWCwbo,Dxaf8xPBBQsasRKW5Aa4Sw2YrbfGofY9xZueyyF23FBW,10777.781907409993,10725.134257179998,10749.715796927268,0.9973959288911359,4.299886318770907,1.0,8826.92396538,6285.11089639,15089.048924091614
C2ypsDADXcCRz8HbV2zX1AXPSja7a1P3xZtRC91xGhJh,J9bYNuDpY1d1T86gLaw7DGk5D3CsUAf2tzUwxMvb6FTv,A2NGvvPrMGzsJ4jb52KEnSBVmsA7C34dV1GC7PerdgvG,219.67441847099917,221.29968863000272,35566.38963169996,161.90501324302056,14.226555852679986,162.1260562512565,3829.270744891,2121.80870682,963978.6084189937
HEDSDjj84KS7LKhZY7ejkCACTdPen62rKhCby1wXtgxc,EnnjMSFttpCTywBrYNt1J5QQeoSVkvzPipJDa8Y7kJow,6bjVT6JN2rSvpyn9PdfLYC8wJn4LWh49jpY47fnLDXZk,24.116022993002844,24.674525158005054,22.8841792057519,0.9489201105999792,0.00915367168230076,0.9998353471150372,38847.09660378,9041.557937685,45902.860424832994
BUSDTd9WiT6uBHJRgNvFXBsA7JrifsAtWzKfioN7ERcy,DyBxrn7gSc1EwnpWhDyhzvMHPtxpmBqRqotapLcKcfTM,Cds99GeBgoCpqBsoRWu1C6fF9LiUMd4pXQQD24s9LPff,517.5485572200001,517.9212546999998,516.2857944467945,0.9975601076351396,0.05162857944467946,0.9981417395606252,89.70417998,84.37693369,173.70545080829885
Cob4usZcpHEY7Qt4ZCwj6WVg9S44zvzYV2v9qYF65dTf,NhFM9UXE48PyNAyeyPYA3iXztqKVJwA4bTdLj4ysM8w,6TuFuynuBoeskxyR2cz4wxyidk8dpDK7kAWw3UkjQGx,13.558742999999936,1885.4508260000002,0.09895285475237946,0.007298084693572252,3.958114190095178e-05,1.0,73955.732766,163.820041,703.5552423014644
KZMu9QBEdL97EFgamLbN5DE1AoKBG4HdrKKJo4Vuon3,DD4ACBWyVqdaKWh7v5btsgqQCCMwbKnuL2xd9pv7Gyuw,GcYqiJ1MAuYbNTNYXm1F1gQYTfTgkErACAhNU5dpVj9T,23.03908404999993,23.32563571000003,22.133773322973784,0.9607054375485841,0.008853509329189515,1.0,2383.83494011,715.9706168,3006.13380598198
SoN9GaFpSXfpyR5dth3x7PHPVhvJMpQqqDJfCSmPv1t,9kZ9iS68ViMPtoeqtnhAKuF2iqVyfHPdZHoUNdwCELr,BBhm5fJLjw3HRzjtKB8uMEYjGhY6EDm9co3cqpjrSzB9,3.482808028999999,3.117693022000001,678.4399324522541,194.79682107171755,0.27137597298090166,186.79281408044233,0.839120135,1.383303548,421.8490972536507
Lid8SLUxQ9RmF7XMqUA8c24RitTwzja8VSKngJxRcUa,4PgzyzLtds9bKZ2to9PMnKqJzKEUpjvNUaeN23phegax,AtymwxoVN9peZo7EXTcDz9jKVc4vRmisJKKrNfe3ewBa,71.89144761500029,60.73038682100025,13786.562009610376,191.76915289620322,1.3786562009610377,161.86399992489513,961.828827348,7657.501057365,1423922.8500258871
parEAJhzYzHW87y9VoZAQ22dzQ2MD2ekEtTReaxbMcz,3oyc6hpjYSJEquK6dSvG72NXyz3pqLZz5D8AC71pwgQb,Di2vordgFJVZ1aj1aBpvzXtLfZgJsuLLXawGtVFwX6Rz,2.440621472999993,2.880213733000346,386.82521505729864,158.49455531578852,0.15473008602291946,181.60441690998633,1103.092537155,140.117129593,200280.05076738438
moFiBS1R4Lf3E3zzmBPnw3NF4RhWPkhREFviuzUaCAU,44ALBrpqi9PfZkBRTvbtRNtFJGsatfY4QydjtMbFWq8S,2ho8qEEie1UjVwWNBo9y4oAJZMyMLx8zPj9bxyUz6uWs,5.500278798004729,5.495125804998679,5.505166786047559,1.000888680051019,0.002202066714419024,0.9999171388665364,28027.863964111,36393.60305909,64443.35921157828
ercAoEmXjQzEvAFbdjAo81KtMxRGn9AW1ju882upmPH,CMRhskR2Eg6V42RTSdRTXGdozyPbWB8U9dVpijPWb9T4,7TKLLgrWswt6ZJ1pXhVR3FyufHGjJFqiEXxvWJfDcgRm,26.525115808999992,20.06702358999996,4294.978970320326,161.92121464227637,1.7179915881281305,107.63657843983361,22.013276347,346.575839536,40868.65398193018
B2izdXFYb2sNwbWWHmh75T4aQFtfXsUxem9u2p61HGzf,4DYwgJtxwuJdAjkj5RJSNH4e7U329V5cNp7d3a1nLrZv,EXNW64GEf1ACC6xY9BtKRiunrs6GoJSXBdxWN2eTPmrF,4367.586590000006,4313.846458000002,4414.071173528434,1.0106430822996981,0.44140711735284344,1.0,9597.917867,30145.701465,39845.77076176422
