0,1,2,3,4,5,6,7,8,9,10,11
Lid8SLUxQ9RmF7XMqUA8c24RitTwzja8VSKngJxRcUa,4PgzyzLtds9bKZ2to9PMnKqJzKEUpjvNUaeN23phegax,AtymwxoVN9peZo7EXTcDz9jKVc4vRmisJKKrNfe3ewBa,104.83348445499269,88.58043028700024,20148.796783178954,192.19810242813472,2.0148796783178953,162.30072311464176,962.212688496,7657.040861803,1427678.7216501916
JSoLLrxK5bYdHwTEWYaGgmeycBCNXKDiBCTw5hXGBg7,xG4wXczA7Dk4hccJ61CHKpDHW4NrNfQwgmWgkb9BuF2,BVR6WgfhsRr9Lob4QDnkEAiNGgAbv7ZieKcY9kSg3QYR,2.817732706000072,2.3972060329999927,495.2196064405873,175.75109427025072,0.19808784257623493,162.1186179776902,17.1412483,165.038053402,29768.33427714355
wrmcMSHFi3sWpAEy4rGDvQb3ezh3PhXoV2xNjgLBkKU,8p4mGnARWPBu6P2Gcw4adodLkNDorrXniZMhaY7eJXUn,AyY89zccbsgp9LKFgH4CFZMJmpSgqmPSdTfukhP227rc,0.011914090000000307,0.09420601000000245,4.05379040489973,340.25178632187817,0.0016215161619598923,2984.1838257236645,27.02146476,0.10236215,9499.569126019982
SoN9GaFpSXfpyR5dth3x7PHPVhvJMpQqqDJfCSmPv1t,9kZ9iS68ViMPtoeqtnhAKuF2iqVyfHPdZHoUNdwCELr,BBhm5fJLjw3HRzjtKB8uMEYjGhY6EDm9co3cqpjrSzB9,0.22244849800000055,0.2173579160000002,43.38691697644307,195.0425260971776,0.01735476679057723,190.47931070870877,0.843219125,1.37845883,427.0314759721849
KEnkcdADoLR5jS2CLLLesy8TtFsyWL37BhXNfDMzWzP,3qsjFRuw1qeLMPo4DLwaQevenGAGBj9dA3Q6rb8ax2YR,77iEv8zPQAEyCcEbvBRSB6AFcUdfkhiqnAKtPxk76rNN,0.026922,3.4760960000000125,0.00019945765181104023,0.007408723416203856,7.978306072441609e-08,0.9927558604860333,122.847271,0.269876,1.1780624338789698
GokA1R67GqSavkd15zR62QD68Tuc5AEfvjssntVDEbM8,3YB7hfpBdbQEuZqLGWVDpRPmeZWCUsrrWyqGXegnQ6Cg,4DPCj6Z1DsG6HUtwSogBGqXEUxdEV5a8YVrrFtcnz7UW,8393.629862000002,8391.840103999994,8396.47626745467,1.0003391149599714,0.8396476267454669,1.0,12040.54363,20383.382917,32428.00967547112
KEN5P7p3asnb23Sw6yAmJRGvijfAzso3RqfyLAQhznt,9zj4aX38Uxf3h6AUjS4EipWS8mwbEofasHAf3a1uKGds,CwQDG1MWunn9cLNwcZLd8YBacweSR7ARo32w4mLua1Yr,149915.14009999996,149929.12574700103,148960.7485838234,0.993633788318245,14.89607485838234,1.0,1129225.912024,1083911.287247,2205948.308078532
B2izdXFYb2sNwbWWHmh75T4aQFtfXsUxem9u2p61HGzf,4DYwgJtxwuJdAjkj5RJSNH4e7U329V5cNp7d3a1nLrZv,EXNW64GEf1ACC6xY9BtKRiunrs6GoJSXBdxWN2eTPmrF,11464.643793999996,11346.89034800001,11582.483986074318,1.0102785742140539,1.1582483986074317,1.0,9534.067982,30209.984831,39842.049438314825
MATgk4zXLXtYkwBH678J1xZbRDZ45LicNzkRBHkxTuY,y8dALFo1bJrSzPYjMX14HJX448pXqYmrfXHD1K8MXih,GN7Yuet3UyiWS5YVkEHv6oQKi4HGBJc3XDPt9zQhAqZz,5604.207236999999,5597.479923000001,5614.155520582471,1.0017751455579287,2.2456622082329885,1.0,3262.774895,4810.866341,8079.43313636138
vEnkoSUkpnbRrPgBz9DfcVxNz67zjwMYBZraAvDDNSf,DtfyjjsZ5yCjWKLKHvwsfXs5QVsmm1QkK6Sh9JZHoq1g,e5wrKCRv4GhHvEf1VD5Pq2KGaZDXP77nTL612Jyrxwy,2332.765853,2332.758127,2330.023415440027,0.9988243837003846,0.2330023415440027,0.9983447444137621,1047.883325,900.861619,1946.0218790557578
C98Sspw7XqnMsgxea3SLQVdbMDL8pKUc3RE82UvX9eq2,CSqgQJurPCzGxb4Cgwx5R61hWQUiaoUHcShNc8r1cKEL,6S2CR5EnukPhC914XkAns8m5GixjMAoUuZMsS5ubHuWc,83.67572099999995,83.67062200000032,0.0,0.0,0.0,1.0,871.438032,892.432504,892.432504
Lee1XZJfJ9Hm2K1qTyeCz1LXNc1YBZaKZszvNY4KCDw,9DgFSWkPDGijNKcLGbr3p5xoJbHsPgXUTr6QvGBJ5vGN,2hNHZg7XBhuhHVZ3JDEi4buq2fPQwuWBdQ9xkH7t1GQX,3888.807529448517,3275.262088199962,745925.1232589617,191.81333033593037,74.59251232589617,162.11188995066772,6698.354290267,53901.661229912,10022933.817647748
C2ypsDADXcCRz8HbV2zX1AXPSja7a1P3xZtRC91xGhJh,J9bYNuDpY1d1T86gLaw7DGk5D3CsUAf2tzUwxMvb6FTv,A2NGvvPrMGzsJ4jb52KEnSBVmsA7C34dV1GC7PerdgvG,215.72946017300046,217.4057014900036,34838.18366420519,161.49015362235332,13.935273465682078,162.19471507984278,3959.589855652,2067.393741012,974755.1128520449
heyk4SZTeCUV6a65WiVA5bzic3KcxgVf1qxobfeV4tQ,9ZDpBKPqMABtGfq66FbVribaArMvtk63xxy91onZAtDt,DaTP4s6N7xxSPinbNZ3FB52EpRDRt87QShTuN3VPCW52,111.48057067499485,96.64399003699953,20831.594699181365,186.86300736576604,8.332637879672546,161.92976231787557,625.807338978,4492.808043159,844459.579961573
MAR3XM1n9xWPQ3HJjAcC85o8DopWFP5p2WxGTaZ3fPB,6qG7GUhER8Cg9gDEgnebph9LdS6eu2eoWcA4R7z9uizK,4QV4CwRXVMY227KkFF9voNAfwWHVvVajXSXDKbUHkWZR,0.3492810000000013,0.008387999999999993,0.3299807555865023,0.9447429307248351,0.00013199230223460095,0.022828185760069925,0.11914,23.980107,0.65997900990891
parEAJhzYzHW87y9VoZAQ22dzQ2MD2ekEtTReaxbMcz,3oyc6hpjYSJEquK6dSvG72NXyz3pqLZz5D8AC71pwgQb,Di2vordgFJVZ1aj1aBpvzXtLfZgJsuLLXawGtVFwX6Rz,6.682416666999927,7.643369057000513,1054.3638295602852,157.7818148884814,0.4217455318241141,186.09352837423856,1102.391085454,140.710986123,200122.67006846267
SAMyS8Jr2HJrkFwYVKbpUwsNStnQmvz3f8Tup8bWUWF,6jPzm5TFfquvgm25sTyN3MMGBfufRaFHMxobDWv6hMFW,Cj9ECoDmxsHTDzCY5ZA6RWrPbg9uFzEC1Qc2kso2vJG6,639.7250037399936,14.87050524,615.6835937523998,0.962419149092123,0.24627343750095995,0.02292998000414024,509.21484495,107694.84959646,2959.5188655775746
BUSD5rCfUDpCxKGMvYU2yThChxgHoioK74PTPociGnv2,CcFHbafgYDZ8yA8Me1PdtDiVb2eeaS61LbqyKKK5CsNZ,26R9s4nmF3CFDTkiePDwRmtscn8i7r2eygbSijditJ58,231.78527172,232.16951072999996,231.29507419156138,0.9978851221874409,0.02312950741915614,1.0,83.87875302,64.11630287,147.8176625762929
BUSDTd9WiT6uBHJRgNvFXBsA7JrifsAtWzKfioN7ERcy,DyBxrn7gSc1EwnpWhDyhzvMHPtxpmBqRqotapLcKcfTM,Cds99GeBgoCpqBsoRWu1C6fF9LiUMd4pXQQD24s9LPff,1078.0833249399993,1077.4604836399994,1074.3582883953093,0.9965447600769658,0.10743582883953093,0.9994612504075803,103.68999565,70.39195477,173.6857529704689
WiiQFxXqp8P9Fs1rt9SVcDyA3KUdJmUsog6wnVQAwba,3S2jpqSYxho6wiz3cafhjXruVY8cg4HYa2v3BqBHYFSj,Dfe67M6TfrG74gKRtdqys4e6E9QirPD53BkF4FujFjuv,1812.2062213699987,1807.8719164730005,1823.0326342836645,1.0059741616522435,0.18230326342836645,0.9999330134874935,3839.201088877,22995.419037798,26856.015751670457
moFiBS1R4Lf3E3zzmBPnw3NF4RhWPkhREFviuzUaCAU,44ALBrpqi9PfZkBRTvbtRNtFJGsatfY4QydjtMbFWq8S,2ho8qEEie1UjVwWNBo9y4oAJZMyMLx8zPj9bxyUz6uWs,218.05062799500593,217.83842244699918,218.2442741752832,1.0008880789844903,0.08729770967011329,0.9999525202544333,28027.863964111,36393.60305909,64444.630021154175
BSCNHw8CmxbZ8hCWWzMf5FaG2ajPT6JxfznKUNuRVrn4,7n9kgNL633yGzCYksgnzHyjG73ZLBAwvEae5sbAekbzW,SscdxE99omdG9AiMVwmaEMQySQnCgeAh1sPj2Leutm2,25.370072314000026,25.437407999999778,25.43706083915701,1.0026404546399348,0.010174824335662804,0.9999525202544333,4895.792957552,6809.048413768,11717.445198664689
KZMu9QBEdL97EFgamLbN5DE1AoKBG4HdrKKJo4Vuon3,DD4ACBWyVqdaKWh7v5btsgqQCCMwbKnuL2xd9pv7Gyuw,GcYqiJ1MAuYbNTNYXm1F1gQYTfTgkErACAhNU5dpVj9T,36.977313630000026,38.03786867000008,35.58767471949719,0.962419149092123,0.014235069887798876,1.0,2368.4874394,730.71561288,3010.193278942729
YakoMPuYrybnr9R7VC7hVGxMz94fJvPFCdZ4gmW61Ed,,,1.094166,1.087037,0.0,0.0,0.0,1.0,2368.4874394,730.71561288,730.71561288
BSC8REUo9LpiiWUuqMuLXs2D2yJsJfGd4HdiF3wCLxk5,AZjEH1zWVx1UJ6udMyRijGTzPteuLnaY18yNNmprJEsh,Caf8ypkSVR8xYnXNhjvfvdGCC7mrM3C11rz8Xi6NA6aK,190.1011766239999,189.89718300000004,189.9515356534851,0.9992128351166876,0.07598061426139405,0.9999525202544333,3347.3268217,2863.49821497,6208.05418037631
FrnkTEL6yZ5Aycq2TrEgu29dCrwKG4LPUZydfiwqspkc,DjvZuMZ46fxKBoBpGMPcRcos4xdTtHFxwMh69DpA2ZFY,9rvDPJLAng4uVVqnnSoEXgNDFhBZQTny9AoQioYDZbQX,54.392747912001596,45.27299788000022,10612.421878942088,195.1072943788613,4.2449687515768355,161.17458882750645,172.167210404,1439.703336798,265634.67194468726
AURHmCnNwiW4uA2Qj1XvEh4iKgRUZYXtiY7FKAapUV5Y,BKWm4TRnTeKwfWXRyuzjRHU7iZDkPuXBX5b5V5jSVfGJ,A5Ww74HVrkj9nPeC7pHKLfgeDMEhBCpW1efQdz3TGLEg,0.2081964170001811,0.1860979840000141,37.79926375501681,181.55578419480645,0.015119705502006725,162.10876265947854,290.115721757,1795.077985302,343670.0584454112
RajgMbScQbqqrdJfR2rxfHJiTiY5b6bJ2tTXiF4aPxy,725ZA3fhyBAKb5iopNRrcbSuQa3LXA1656Q3mBvYPxeg,GLA6i1dSZpUfk2f9Nj8uiG7xyDdAR2reff8oEiZH3617,3829.3652764799917,3830.605653270002,3827.9402874285934,0.9996278785259399,1.5311761149714374,1.0,103258.73475986,80677.26022932,183897.5701965916
Sid7E679i9ABqptiAVhkmQ27YHN8vaYT4fppPwmxFsJ,GP7KB8o1bv527HG8kTzzzf4wJ5aEGHvcMQvVhLziUfmT,9gYxhAZ1M9wu5pxr8SBoa5NDm21gi3s9vMHaYTME77sa,2868.297496000001,8745.703303000017,21.250422823254095,0.007408723416203856,0.008500169129301639,0.022794414711916438,136089.96629,8662.324412,1205.7055349794023
ALLwa5WNZbvQsRKAqe1jdRGemdYQnW8E5k4msbRFcYtu,CGoM82Hbz7QVqTgvQatYtjvDWBvoUJp5qm21P8iMs9yb,3dxNNww8TivyN5FMy5dCNdi3Zcxv6e4kUfSPxfFwpdNq,5.539298165000001,5.521888963999998,16618.060675606757,3000.030000300003,6.647224270242703,2992.748570214371,1.666794232,7.00210367,25955.968447212304
SoNcU2iwHMw6dGzsYNQkYFkUjwN1UdAjrWVRnStrZu2,8ivTTid27jZnYNc4w3CTA1Z6QS2twsFb8WMwUabeDJgc,CyXm53PMvHCbeXJBykU46Rcbo28xk5srhMZFg7gv6EYB,3.850649911999991,3.817682429999998,740.8473963801555,192.39541721812006,0.2963389585520622,190.42479391752738,15.318249951,19.376617729,6636.949528237625
MATSnbbiTCv7Dc3trJrkrqjx7ckKdr6fwPoVwv9q3sD,631WX9JizSHJm4w6VanZeJAst9T8DeUUnPLesdGkCVtK,211maUSfpnXbPuW1iBu8b4dtJv5EbN1j7JJiEX5TZKEP,2092.1719109999976,2090.143323000004,2090.737664961834,0.9993144702733925,0.8362950659847337,0.9921825933470189,18360.314893,27205.228807,45340.282821679255
KEVpg4SYCVrqFxKijQH6hm4QxsRdoE51ud64bEEFUC9,2bPenuBYfqzD8p5dFjCcggwkHDsc2RQDnx9AoyYGUBjA,AE6n6iLuX8oYu61vt5hoDYkjswpnxFxrhSehxrnQTnbx,123.34750354700122,123.0779304640007,123.70214820454038,1.0028751668849465,0.049480859281816156,0.9999515223501965,1533.892907235,5992.252185788,7530.2648008119395
BkwbeSfcX1h4thMDd7obGkHrPevf3QwgzJ4pCEqG18Lu,35yX27bmurdebhfAb8EPmjLETDiUaEUCn9zHaDPbakH2,2CxECn1ZJFoESyUnQysQU8rRgT3iJ5GRs2Mdd6gZjx5g,0.030657409999999885,0.019059650000000095,69.02023954252755,2251.339547030483,0.02760809581701102,1398.6013986013986,0.82116213,22.06247933,32705.32922534523
BUSDgu5JdqP1rndBvXvanbEufS94FNh1w5FJcAj6vawb,Bgzr8cWubt89JQFXndVjtdKmDbGzuPxNhvjH1EhWCwbo,Dxaf8xPBBQsasRKW5Aa4Sw2YrbfGofY9xZueyyF23FBW,12507.811642590003,12448.499577609997,12612.141166137466,1.0083411492376664,5.044856466454987,1.0,4328.28098162,10790.55723087,15154.941050100246
YAkoNb6HKmSxQN9L8hiBE5tPJRsniSSMzND1boHmZxe,CfWX7o2TswwbxusJ4hCaPobu2jLCb1hfXuXJQjVq3jQF,EnTrdMMpdhugeH6Ban6gYZWXughWxKtVGfCwFn78ZmY3,9012452.107468968,9013731.23968902,9012452.107468968,1.0,901.2452107468969,0.996839023456619,961979.288024,508488.762045,1468860.729019603
AUSejoEUCh2DBs9mof6BNC8Pubs22w4cJa1ccV9h44R,4xkyD7AfGQDwsQMy9MosRRNGoVJ1zosNinesxg1TzHG7,Cbm5gsQe3nSiCsFrvepVzMCD9xLK3ri9g3ypS2hdmVJ7,773.9353600000013,771.6935319999993,776.5250711121603,1.003346159441738,0.07765250711121603,1.0,13157.369555,15722.761266,28924.157477364897
KwnjUuZhTMTSGAaavkLEmSyfobY16JNH4poL9oeeEvE,J63v6qEZmQpDqCD8bd4PXu2Pq5ZbyXrFcSa3Xt1HdAPQ,BnKQtTdLw9qPCDgZkWX3sURkBAoKCUYL1yahh6Mw7mRK,380.3248179999998,16744.412541999656,8.70531081093113,0.022889147378573473,0.0008705310810931129,1.0,276093.927203,606.647747,6926.202337078603
BSCrK1Nx9PXU9mF7STWWBqeHLxmtJDr9h7jheEy4tAWX,FfSySSbVJPvEo5a5AvrP3nySoXpRE2QPn1uUMpJJ1x7v,HL7Vcj6838ZmvBHDbQxXfjBNckNi83WvPiZQoMQLFeRM,0.013419618000000022,0.013406565000000037,40.317435233394185,3004.3653428431508,0.016126974093357675,2998.2310436842263,0.840001184,0.964313887,5414.906277016015
HEDSDjj84KS7LKhZY7ejkCACTdPen62rKhCby1wXtgxc,EnnjMSFttpCTywBrYNt1J5QQeoSVkvzPipJDa8Y7kJow,6bjVT6JN2rSvpyn9PdfLYC8wJn4LWh49jpY47fnLDXZk,78.77247915700173,81.34120685800008,75.62253375421697,0.9600121078263059,0.030249013501686788,0.9999515243500025,38834.23143155,9054.010905408,46334.90437876117
7dwD9TF6uikvHXxPFK9AsSim54yJoujQjY9vU6gNFumk,CquVr6atkvwueDYficKjn6SSEWq4F4rH4VSiBbW4GBWU,8BCa6ge3b7ho3TfZuM64Vk1hgbrJ3J7EPiAb9uP86CGd,0.0017823700000000006,0.0017828460000000007,0.3418592438385088,191.80038030179406,0.00013674369753540353,192.86347291184305,0.003913983,0.003595309,1.4441072078259625
STK75uPSyBnEhGTTzb1nwmP3n427XoXmfRhXxxhyady,6TYyD5fUmDe6N65avW1Ny2RxzRNobw2RRgKwH9CTzSAU,54zDfk4cx2vGrEajPtodWpArNe5eUurytyxd4X3aZAxK,419.5248392460004,473.57628112899727,68040.2202144203,162.18400878648086,6.80402202144203,182.38856058947982,1514.731818121,264.250492412,293861.54544538434
ercAoEmXjQzEvAFbdjAo81KtMxRGn9AW1ju882upmPH,CMRhskR2Eg6V42RTSdRTXGdozyPbWB8U9dVpijPWb9T4,7TKLLgrWswt6ZJ1pXhVR3FyufHGjJFqiEXxvWJfDcgRm,26.039467760000072,23.658574290999994,4229.243961713202,162.41668227220288,1.691697584685281,135.4657631280887,35.6254699,372.975839536,56311.62735663002
Cob4usZcpHEY7Qt4ZCwj6WVg9S44zvzYV2v9qYF65dTf,NhFM9UXE48PyNAyeyPYA3iXztqKVJwA4bTdLj4ysM8w,6TuFuynuBoeskxyR2cz4wxyidk8dpDK7kAWw3UkjQGx,147.89723599999041,3581.7894659999874,1.0957297155449568,0.007408723416203856,0.0004382918862179828,1.0,73739.642229,165.393875,711.710489084487
MARpDPs5A7XiyCWPNH8GsMWPLxmwNn9SBmKvPa9LzgA,6YjT74rmcfCpw8LSjPNx5JTmZoYLGrTKnf9arfSgZ4SR,F8GSmi3vA8M8TsybLya1LQ4n1aFHCRbZ6k437PeTdXtg,22319.40139499995,23445.32388200034,21115.58100625249,0.9460639482465178,8.446232402500996,1.0,297122.915871,15094.475339,296191.7542424362
ACUSESXyNnwRLAg1dpSGMLSzUDdLjUMybY8rkXiAKhCP,AhFPQdu8GKBsxuhiH46UmCu1YpaLgNpoP325HnYtsgas,A8wxWpT3aFEr2XqZp1kDmbxbFfcBE95UUmdsNTDBJYbT,410.158327567,410.3216573709999,410.1388554045619,0.9999525252539584,0.16405554216182477,0.9878585896550762,1045.343746476,1840.979146512,2863.92118230486
daob129AwBGn9Y5r91uLoWZeYiGzbPmksauMhFZKTze,6VW5GQNyj4LStgmxEHLr5zUfW92vQnmbw8jTnCH7a38F,4VPCCUifPeBA1c7HWK358CHn2nyjm8pdTRk6Ps3KmnMQ,19.072889104999916,17.05161244899999,3434.2466778651255,180.0590701785628,1.3736986711460502,162.3283337288734,48.301702415,224.1183338,45077.91530873198
