0,1,2,3,4,5,6,7,8,9,10,11
KysFMBBoavfov2tLpvefWW6tPFt6rAeZWDJVy1mMQae,B8ka2V21TH3x64dFV8ETcjuQcwmrciJ2qzy1mJUttRew,7fSf7EYxBANyxzk2s5pymFgshA91tFYQNKKs5UnLWcYS,40.27079900000035,54.01174400001764,0.0,0.0,0.0,0.021754248218539177,134514.436043,2603.001229,56.626334848828535
7oAd7xG4m3oC2qeWB1szghTebAZyyGPAFDJ4wwwbRSNi,D9yh4KAysxt9GLacVe4Wwh2XqghhcjTCSTV9HuM7TBJd,HDYfJLpZKaMFb84jM4mRytn7XLR8UFZUnQpSfhJJaNEy,12.338486858992837,0.2807060000000092,12.337379899918698,0.999910284049674,0.0049349519599674796,0.02277674421689311,955.404703978,300093.099460776,7790.462756609796
MAR3XM1n9xWPQ3HJjAcC85o8DopWFP5p2WxGTaZ3fPB,6qG7GUhER8Cg9gDEgnebph9LdS6eu2eoWcA4R7z9uizK,4QV4CwRXVMY227KkFF9voNAfwWHVvVajXSXDKbUHkWZR,0.3040820000000011,0.006998999999999991,0.28844045121169337,0.9485614117629204,0.00011537618048467736,0.02164761139281749,0.115505,24.125989,0.6318336202050656
Lid8SLUxQ9RmF7XMqUA8c24RitTwzja8VSKngJxRcUa,4PgzyzLtds9bKZ2to9PMnKqJzKEUpjvNUaeN23phegax,AtymwxoVN9peZo7EXTcDz9jKVc4vRmisJKKrNfe3ewBa,114.00926133899725,96.39688658199941,19698.271416501186,172.777818092602,1.9698271416501187,145.7923596056025,968.029605002,7674.97981512,1286207.4601730048
ALLwa5WNZbvQsRKAqe1jdRGemdYQnW8E5k4msbRFcYtu,CGoM82Hbz7QVqTgvQatYtjvDWBvoUJp5qm21P8iMs9yb,3dxNNww8TivyN5FMy5dCNdi3Zcxv6e4kUfSPxfFwpdNq,3.6256677919999984,3.618956626,10525.04584300975,2902.9261495587552,4.2100183372039,2901.957370246231,1.633853214,7.025853801,25131.683439545668
YAkoNb6HKmSxQN9L8hiBE5tPJRsniSSMzND1boHmZxe,CfWX7o2TswwbxusJ4hCaPobu2jLCb1hfXuXJQjVq3jQF,EnTrdMMpdhugeH6Ban6gYZWXughWxKtVGfCwFn78ZmY3,5638323.827503022,5637533.2839309955,5638323.827503022,1.0,563.8323827503023,0.9968002711296738,389084.442917,1058261.874285,1443960.1661304848
C2ypsDADXcCRz8HbV2zX1AXPSja7a1P3xZtRC91xGhJh,J9bYNuDpY1d1T86gLaw7DGk5D3CsUAf2tzUwxMvb6FTv,A2NGvvPrMGzsJ4jb52KEnSBVmsA7C34dV1GC7PerdgvG,616.715412237,620.429243705998,87550.75705123018,141.9629788943639,35.02030282049207,146.7931926124858,2998.931961454,1717.495904629,677854.0218888879
MiMuMS9C4vBqcrYeeQPph1E7oAW9aNKvW9k6Zw9XffM,Afy2q2hh6Y474pshJa5fnQ6PfEchGyTbKrQpCZw2hr3m,5pXz9ksgjeL8Wgb37bksUaBFMLdFfsNNY3FQnikkCPtS,0.801911466999627,0.012163422000000423,0.0,0.0,0.0,0.02178998779259514,26.015093477,7673.149676041,167.19783777168874
Cob4usZcpHEY7Qt4ZCwj6WVg9S44zvzYV2v9qYF65dTf,NhFM9UXE48PyNAyeyPYA3iXztqKVJwA4bTdLj4ysM8w,6TuFuynuBoeskxyR2cz4wxyidk8dpDK7kAWw3UkjQGx,171.47501500000945,588.7562509999862,1.5450116338308013,0.009010126832942491,0.0006180046535323206,1.0,70945.200256,188.145461,827.3707134950641
SRMuKizofcAMicegrfSv7xs9q76tH1w8aAF7oX9FEWu,72Hj2KWntXPfbie4UgKeTPnm1XVkomDfCnRPKbvfTtPi,6aqJQ5wedqpUt4fFEDUqUmXhrdxCu4bEJsQdVPCADLko,658.6906110000009,661.427045999998,42.10182375658195,0.06391744933583378,0.016840729502632785,0.06417624336658304,16945.392921,4946.001459,1400.5220868280726
C98Sspw7XqnMsgxea3SLQVdbMDL8pKUc3RE82UvX9eq2,CSqgQJurPCzGxb4Cgwx5R61hWQUiaoUHcShNc8r1cKEL,6S2CR5EnukPhC914XkAns8m5GixjMAoUuZMsS5ubHuWc,57.74454499999979,57.71265299999993,0.0,0.0,0.0,1.0,852.758744,910.997213,910.997213
heyk4SZTeCUV6a65WiVA5bzic3KcxgVf1qxobfeV4tQ,9ZDpBKPqMABtGfq66FbVribaArMvtk63xxy91onZAtDt,DaTP4s6N7xxSPinbNZ3FB52EpRDRt87QShTuN3VPCW52,76.96486391200051,66.55777027900001,12887.289376544859,167.44380125559408,5.154915750617944,146.29175989718615,618.709289242,4500.868327877,762038.9840134592
KEN5P7p3asnb23Sw6yAmJRGvijfAzso3RqfyLAQhznt,9zj4aX38Uxf3h6AUjS4EipWS8mwbEofasHAf3a1uKGds,CwQDG1MWunn9cLNwcZLd8YBacweSR7ARo32w4mLua1Yr,51493.36794000026,51493.99319400126,51455.75378398417,0.9992695339706674,5.1455753783984175,1.0,1148835.28937,1153765.277412,2301761.3816298167
TETFuZgEmET6d9vYmz9iMFCxK1jKdKYxf3oPz8hSzJK,Eu1Ze6Z84LWNkq7SNoAHBJbXx5t1P95EwyqYohrfCRFV,ASMbv7WNu3qe4pkhREmvyEdwFNDZQ6B6iSrjkj4u8bdC,54.67218655100001,54.713247503999995,54.61306665025058,0.9989186475888562,0.021845226660100234,0.9992445711042452,170.213042054,81.265248888,251.2328405413361
JSoLLrxK5bYdHwTEWYaGgmeycBCNXKDiBCTw5hXGBg7,xG4wXczA7Dk4hccJ61CHKpDHW4NrNfQwgmWgkb9BuF2,BVR6WgfhsRr9Lob4QDnkEAiNGgAbv7ZieKcY9kSg3QYR,0.6722882679999884,0.5722548270000161,115.39446491684235,171.64432343901075,0.04615778596673694,146.35798401829356,17.140426852,164.58221481,27029.978135324734
SAMyS8Jr2HJrkFwYVKbpUwsNStnQmvz3f8Tup8bWUWF,6jPzm5TFfquvgm25sTyN3MMGBfufRaFHMxobDWv6hMFW,Cj9ECoDmxsHTDzCY5ZA6RWrPbg9uFzEC1Qc2kso2vJG6,1209.9087385000166,28.38597546000011,1160.6039498945565,0.9592491672829921,0.4642415799578226,0.02178998779259514,494.99462614,108304.36603986,2834.773996827656
BkMBnJpvHKtWhUvrgRrLesXfi9RUV3ELgdBaJcdH7hcY,5uerVwBnZQsuVhZ15igs7ZgmcqhHnYWbwoRtLyRqLvR,9YWiQh5d4jCtgMdzcGLv9bWgnLaFtzvDDh2nnhJdzhBX,0.0011736749997908191,0.0011736749997908191,0.0011801507714903226,1.0055175169452,4.7206030859612904e-07,1.0,986.482241645,1887.576222024,2879.501396153415
KEnkcdADoLR5jS2CLLLesy8TtFsyWL37BhXNfDMzWzP,3qsjFRuw1qeLMPo4DLwaQevenGAGBj9dA3Q6rb8ax2YR,77iEv8zPQAEyCcEbvBRSB6AFcUdfkhiqnAKtPxk76rNN,1.8378119999999996,0.016936000000000007,0.0165589192151037,0.009010126832942491,6.62356768604148e-06,0.997609727093883,116.271322,0.324539,1.3713826214752183
NorjjEePhxfwLF4vZjUHCrVVKLzQjEEGQFd3wgjEJmh,34M8pFVqgbV7aqHxvRT5tCv3vu2P1JJYT8J3VaxBK2oG,3AZWBSze3ucsY3xSeuLne3b2pauVqiaJ1SZSV5T9WGWw,1.2073310000005222,2.0832120000050054,0.6988863142091594,0.5788688555241744,0.00027955452568366375,1.0,38235.101644,2193.763475,24326.873004512763
DFWzVTzNBrQZLjoQ4yQwkj9HuoXmfkuZP9V5vbymZe23,DhgiEgiNdqZdRdo195UUHnoEJUtefK8buko8nU97XJUZ,2K2kkXsouBHtWVjtcgkyiXd8eP3oVBvq1bTJzcVdLLr2,132.47293465799885,134.00155854499462,131.0075880599998,0.9889385209002722,0.052403035223999916,1.0,42740.472969667,25238.75210937,67506.45223057055
daob129AwBGn9Y5r91uLoWZeYiGzbPmksauMhFZKTze,6VW5GQNyj4LStgmxEHLr5zUfW92vQnmbw8jTnCH7a38F,4VPCCUifPeBA1c7HWK358CHn2nyjm8pdTRk6Ps3KmnMQ,10.903471571999802,9.765390435000008,1784.5858537219767,163.6713446664828,0.7138343414887907,145.97125183777806,47.961657748,224.473647916,40616.64840693995
MARpDPs5A7XiyCWPNH8GsMWPLxmwNn9SBmKvPa9LzgA,6YjT74rmcfCpw8LSjPNx5JTmZoYLGrTKnf9arfSgZ4SR,F8GSmi3vA8M8TsybLya1LQ4n1aFHCRbZ6k437PeTdXtg,24008.220714000003,25206.281991000345,22778.435746483123,0.9487765052576449,9.11137429859325,1.0,297101.823198,15078.223034,296961.4525534732
wrmcMSHFi3sWpAEy4rGDvQb3ezh3PhXoV2xNjgLBkKU,8p4mGnARWPBu6P2Gcw4adodLkNDorrXniZMhaY7eJXUn,AyY89zccbsgp9LKFgH4CFZMJmpSgqmPSdTfukhP227rc,0.004738760000000633,0.027458490000005165,1.543067404754358,325.62683165092807,0.0006172269619017433,2913.9227227693923,27.02897532,0.10150179,9097.127968505498
B2izdXFYb2sNwbWWHmh75T4aQFtfXsUxem9u2p61HGzf,4DYwgJtxwuJdAjkj5RJSNH4e7U329V5cNp7d3a1nLrZv,EXNW64GEf1ACC6xY9BtKRiunrs6GoJSXBdxWN2eTPmrF,4765.249252000005,4718.323906000005,4681.340897748756,0.9823916127333671,0.4681340897748756,1.0,10626.440995,29101.091087,39540.417593694016
ercAoEmXjQzEvAFbdjAo81KtMxRGn9AW1ju882upmPH,CMRhskR2Eg6V42RTSdRTXGdozyPbWB8U9dVpijPWb9T4,7TKLLgrWswt6ZJ1pXhVR3FyufHGjJFqiEXxvWJfDcgRm,28.667095887000073,28.022328879000014,4196.719739785812,146.39500828156562,1.6786878959143248,139.39077311140835,118.465815162,389.868374859,71686.85817500779
SoN9GaFpSXfpyR5dth3x7PHPVhvJMpQqqDJfCSmPv1t,9kZ9iS68ViMPtoeqtnhAKuF2iqVyfHPdZHoUNdwCELr,BBhm5fJLjw3HRzjtKB8uMEYjGhY6EDm9co3cqpjrSzB9,0.34256035800000095,0.3355359600000001,60.183134966020695,175.68622159724777,0.024073253986408277,171.46976336486776,1.504531025,2.478883853,689.3789987409859
SUiuyGR7SFq3xeRVJonq84fjjeFwRSsFekcevJ53tzy,49GjCCPsv7fBqo6t3iKDrP1xxGDS8uWZbVCdfnp2gjMf,CEwj5xEbbJEjYqM8D6Ai8ByGz1mrh8mkAVsE5fzDSSSx,4.46777899999995,0.04265300000000005,0.040255255451556525,0.009010126832942491,1.6102102180622612e-05,0.9494962922169788,632.545869,1.783374,7.3926255079799885
BkwbeSfcX1h4thMDd7obGkHrPevf3QwgzJ4pCEqG18Lu,35yX27bmurdebhfAb8EPmjLETDiUaEUCn9zHaDPbakH2,2CxECn1ZJFoESyUnQysQU8rRgT3iJ5GRs2Mdd6gZjx5g,1.4089999996969027e-05,8.67000000004392e-06,0.030700512031744256,2178.886588953045,1.2280204812697703e-05,1340.4825737265414,0.80136202,22.09433868,31363.1529368266
iLiUBQ7Z7im6Ew3b4ewwPcehzWgEQRJ1iQz7g6D62NW,GpugBvKWM3TVhYcZjemSdtehBWgfvuGr6uAm9iPjXT6v,92fMXJ3xy8tEyMUWLHKRLyhPw2nECBo77GtDiBBbYrjX,13.674317202999873,13.941426395999997,13.417188459134518,0.9811962279323939,0.005366875383653808,0.9999105100091753,1819.781564545,1142.964478516,2928.425001427769
MATSnbbiTCv7Dc3trJrkrqjx7ckKdr6fwPoVwv9q3sD,631WX9JizSHJm4w6VanZeJAst9T8DeUUnPLesdGkCVtK,211maUSfpnXbPuW1iBu8b4dtJv5EbN1j7JJiEX5TZKEP,1766.4044100000028,1766.2222699999984,1766.1871689782183,0.9998770151271392,0.7064748675912873,0.9961201121631247,21844.723203,23710.859082,45460.900240740084
RajgMbScQbqqrdJfR2rxfHJiTiY5b6bJ2tTXiF4aPxy,725ZA3fhyBAKb5iopNRrcbSuQa3LXA1656Q3mBvYPxeg,GLA6i1dSZpUfk2f9Nj8uiG7xyDdAR2reff8oEiZH3617,2158.615433470004,2161.926211240003,2154.574700984284,0.9981280906162964,0.8618298803937137,1.0,130911.53618232,53015.25566094,183681.73731024525
vEnkoSUkpnbRrPgBz9DfcVxNz67zjwMYBZraAvDDNSf,DtfyjjsZ5yCjWKLKHvwsfXs5QVsmm1QkK6Sh9JZHoq1g,e5wrKCRv4GhHvEf1VD5Pq2KGaZDXP77nTL612Jyrxwy,2023.4652699999997,2023.4447739999991,2014.3764036666557,0.9955082667006466,0.20143764036666556,0.9973828673560577,918.161367,1029.663659,1941.0061236394165
KZMu9QBEdL97EFgamLbN5DE1AoKBG4HdrKKJo4Vuon3,DD4ACBWyVqdaKWh7v5btsgqQCCMwbKnuL2xd9pv7Gyuw,GcYqiJ1MAuYbNTNYXm1F1gQYTfTgkErACAhNU5dpVj9T,27.31050117999996,28.322281499999804,26.197575514996135,0.9592491672829921,0.010479030205998455,1.0,2396.20486891,704.03310041,3002.5906255513687
Lee1XZJfJ9Hm2K1qTyeCz1LXNc1YBZaKZszvNY4KCDw,9DgFSWkPDGijNKcLGbr3p5xoJbHsPgXUTr6QvGBJ5vGN,2hNHZg7XBhuhHVZ3JDEi4buq2fPQwuWBdQ9xkH7t1GQX,1985.868959220803,1673.1527795010043,344392.3569716312,173.42149157050156,34.43923569716312,146.14562827274867,6710.117908877,53861.688373653,9035328.943569904
KwnjUuZhTMTSGAaavkLEmSyfobY16JNH4poL9oeeEvE,J63v6qEZmQpDqCD8bd4PXu2Pq5ZbyXrFcSa3Xt1HdAPQ,BnKQtTdLw9qPCDgZkWX3sURkBAoKCUYL1yahh6Mw7mRK,189.1993620000144,6415.667124000087,3.9990333382274676,0.02113661111725717,0.0003999033338227468,1.0,276872.2132,589.159481,6441.299780582716
GokA1R67GqSavkd15zR62QD68Tuc5AEfvjssntVDEbM8,3YB7hfpBdbQEuZqLGWVDpRPmeZWCUsrrWyqGXegnQ6Cg,4DPCj6Z1DsG6HUtwSogBGqXEUxdEV5a8YVrrFtcnz7UW,13439.863078999992,13441.305179999996,13438.250488941321,0.9998800143982723,1.3438250488941321,1.0,18913.505241,13506.645514,32417.88140669288
BSCNHw8CmxbZ8hCWWzMf5FaG2ajPT6JxfznKUNuRVrn4,7n9kgNL633yGzCYksgnzHyjG73ZLBAwvEae5sbAekbzW,SscdxE99omdG9AiMVwmaEMQySQnCgeAh1sPj2Leutm2,764.266286694,761.2993048700005,766.746271536808,1.0032449224648332,0.3066985086147232,1.0,4619.47215637,7082.637089863,11717.099075208876
FrnkTEL6yZ5Aycq2TrEgu29dCrwKG4LPUZydfiwqspkc,DjvZuMZ46fxKBoBpGMPcRcos4xdTtHFxwMh69DpA2ZFY,9rvDPJLAng4uVVqnnSoEXgNDFhBZQTny9AoQioYDZbQX,27.263464463998844,22.721297259999773,4786.074129781423,175.54900757757292,1.9144296519125694,146.28067487467038,172.410191352,1439.333763689,240813.15231042932
RoBgmK8CvjdHvPrqdDyVw54VwjZv2TqJ493xnqJAQHx,ExiHJxM7qPAcy27NDHAF6G7vnW7muNHi2sVJpnaNynGQ,6rkPHSqZb7StM4HwS9EuVrmfkV7tRdc7dnsFhyB6cefE,13.9432819999999,41.02202000000137,0.0,0.0,0.0,0.9495954723287879,6265.366103,18.96143,18.00568807687925
Sid7E679i9ABqptiAVhkmQ27YHN8vaYT4fppPwmxFsJ,GP7KB8o1bv527HG8kTzzzf4wJ5aEGHvcMQvVhLziUfmT,9gYxhAZ1M9wu5pxr8SBoa5NDm21gi3s9vMHaYTME77sa,350.88177799999903,859.9527200000011,3.1614893231483614,0.009010126832942491,0.0012645957292593446,0.02178998779259514,130518.484612,10703.272551,1409.2122786246816
BUSD5rCfUDpCxKGMvYU2yThChxgHoioK74PTPociGnv2,CcFHbafgYDZ8yA8Me1PdtDiVb2eeaS61LbqyKKK5CsNZ,26R9s4nmF3CFDTkiePDwRmtscn8i7r2eygbSijditJ58,102.91501398,102.82354714,102.87341608547166,0.9995958034409205,0.010287341608547168,1.0,91.84112902,56.09876877,147.90277592166814
ionytDfEj1mXodptgrsKEZro7DGsfpzANUfarJdm6Qb,3gkSjY95an9xNFSjCfsay6JZez7uv7yfW3Ad4ubc4fMK,9wXqANaSuEqkKL9yHzCPEDGHwbkStVAqV5rB3QDs3Jr6,0.02031090300000002,0.07565330600000042,14.670377555825866,722.2907595898544,0.005868151022330346,2911.377663910562,3.17013297,0.079600045,2521.5035439614167
SEQV6QiTpvTzrceiaYg9Avnwf7oc8ZALpnQMz6TyT4A,3dFMPj4r9mMmPHF32mz1gNDX7f8ftidWof7S8YiYTs1j,Fc1ED3YPeQfXQosHbd8DTaBd2AV5gHQtwiSAL5C5pUhi,244.7817633369998,245.13841288999947,243.78700800350606,0.9959361542300673,0.09751480320140243,0.9991806718490837,3996.774064077,1550.465642487,5529.727093042406
HDSBGqAuMRr6X2AfmmbXQPpRgU6VEhtfNVVZ3wUTZXg,DCZ1d8kNLgDcdSd99y4udLgwq46mfDXNS9KXj96kQf5L,Fq8GGYQM5Pz3q7LmVMbrXHJgsxA5ev86kTq8yGgGuYsa,1.519565689000956,1.5269172379994416,1.5118865285521126,0.9949464768095073,0.000604754611420845,0.9999122866942988,13523.369623677,12879.734392416,26333.63363000603
WiiQFxXqp8P9Fs1rt9SVcDyA3KUdJmUsog6wnVQAwba,3S2jpqSYxho6wiz3cafhjXruVY8cg4HYa2v3BqBHYFSj,Dfe67M6TfrG74gKRtdqys4e6E9QirPD53BkF4FujFjuv,4843.780834996,4844.084987078997,4842.5997442887665,0.9997561634707541,0.4842599744288767,0.9999792444308025,15596.301267271,11221.58715327,26813.852562142252
HEDSDjj84KS7LKhZY7ejkCACTdPen62rKhCby1wXtgxc,EnnjMSFttpCTywBrYNt1J5QQeoSVkvzPipJDa8Y7kJow,6bjVT6JN2rSvpyn9PdfLYC8wJn4LWh49jpY47fnLDXZk,95.89338883099845,98.15795091999826,92.83441879320767,0.9681003031065899,0.03713376751728307,0.9999792444308025,39085.069707058,9083.135771049,46921.21507574102
BUSDgu5JdqP1rndBvXvanbEufS94FNh1w5FJcAj6vawb,Bgzr8cWubt89JQFXndVjtdKmDbGzuPxNhvjH1EhWCwbo,Dxaf8xPBBQsasRKW5Aa4Sw2YrbfGofY9xZueyyF23FBW,7998.072299390005,8017.187996729999,7981.129558506731,0.9978816469457813,3.1924518234026924,1.0,8700.20836702,6382.98093866,15064.759192713384
MATgk4zXLXtYkwBH678J1xZbRDZ45LicNzkRBHkxTuY,y8dALFo1bJrSzPYjMX14HJX448pXqYmrfXHD1K8MXih,GN7Yuet3UyiWS5YVkEHv6oQKi4HGBJc3XDPt9zQhAqZz,604.0515389999991,603.5684550000001,604.6731429909939,1.001029057871492,0.2418692571963976,1.0,3657.344888,4407.064879,8068.173386545757
AUSejoEUCh2DBs9mof6BNC8Pubs22w4cJa1ccV9h44R,4xkyD7AfGQDwsQMy9MosRRNGoVJ1zosNinesxg1TzHG7,Cbm5gsQe3nSiCsFrvepVzMCD9xLK3ri9g3ypS2hdmVJ7,186.58961799999997,186.25732400000015,186.88658077685437,1.0015915289394848,0.01868865807768544,1.0,13844.615952,15033.311039,28899.961097943662
SoNcU2iwHMw6dGzsYNQkYFkUjwN1UdAjrWVRnStrZu2,8ivTTid27jZnYNc4w3CTA1Z6QS2twsFb8WMwUabeDJgc,CyXm53PMvHCbeXJBykU46Rcbo28xk5srhMZFg7gv6EYB,1.6724793109999965,1.6568773810000028,290.4333981527333,173.65440411880462,0.11617335926109332,167.19609309545342,15.191946737,19.498066078,5898.148929176944
MiMUFdSLMyCLpqpH6zkqdDrGYs7XBomwENbivdYjv9V,,,0.012163421999999993,0.017581999999999987,0.0,0.0,0.0,167.19609309545342,15.191946737,19.498066078,3260.0004711585907
STK75uPSyBnEhGTTzb1nwmP3n427XoXmfRhXxxhyady,6TYyD5fUmDe6N65avW1Ny2RxzRNobw2RRgKwH9CTzSAU,54zDfk4cx2vGrEajPtodWpArNe5eUurytyxd4X3aZAxK,509.6288241379999,574.3537309769969,74634.2891095019,146.44832783102558,7.46342891095019,165.0498656906718,1600.365000117,281.221506444,280786.3500543443
ALBpShJ9NLpE739pcHDF2LNVk5J4VYPvvKuV6jMPitZi,D6d156U1bPiJpDYRLextvDRccgFk7QzkQbJg42ceKEu5,GNcM8U5g8RwTZffwwm3kSQqUNPSwv5d2fbN9sLxPJqt2,855.3215049999999,855.5351940000037,854.797514123842,0.9993873755387948,0.3419190056495368,0.9989660701174286,53037.965799,47277.669385,100234.26103362348
BSC8REUo9LpiiWUuqMuLXs2D2yJsJfGd4HdiF3wCLxk5,AZjEH1zWVx1UJ6udMyRijGTzPteuLnaY18yNNmprJEsh,Caf8ypkSVR8xYnXNhjvfvdGCC7mrM3C11rz8Xi6NA6aK,42.81736779799985,42.92886200000021,42.92833948734993,1.0025917447768768,0.017171335794939974,1.0,2593.035721111,3617.245595786,6217.001803683444
parEAJhzYzHW87y9VoZAQ22dzQ2MD2ekEtTReaxbMcz,3oyc6hpjYSJEquK6dSvG72NXyz3pqLZz5D8AC71pwgQb,Di2vordgFJVZ1aj1aBpvzXtLfZgJsuLLXawGtVFwX6Rz,4.745507272999959,5.523827006999994,679.5098591424196,143.19014175967223,0.27180394365696786,166.71673726009047,1103.811232185,139.500140934,181311.8951563279
BUSDTd9WiT6uBHJRgNvFXBsA7JrifsAtWzKfioN7ERcy,DyBxrn7gSc1EwnpWhDyhzvMHPtxpmBqRqotapLcKcfTM,Cds99GeBgoCpqBsoRWu1C6fF9LiUMd4pXQQD24s9LPff,795.6930604599999,793.1486897699998,794.7272284592534,0.9987861751613265,0.07947272284592534,0.9978675570306255,92.74957647,81.04350276,173.50767684263022
BSCuChvaSj9b5HUSqgDVRzcnr2sSn7cXaamt1jbKH6hn,GnKpRj5kBVPMJfiwZtEuD9GYApLzPdW5JFuZTcyX4BTc,3dmwD9okkomV9nDwyuh4UMhKdUR13QpuKxRo89ycZB5t,12.279301065000027,12.248752386999968,12.30583803866185,1.0021611143436708,0.004922335215464741,0.9992535575924784,1205.155075939,1796.741186627,3003.15957666992
BSCrK1Nx9PXU9mF7STWWBqeHLxmtJDr9h7jheEy4tAWX,FfSySSbVJPvEo5a5AvrP3nySoXpRE2QPn1uUMpJJ1x7v,HL7Vcj6838ZmvBHDbQxXfjBNckNi83WvPiZQoMQLFeRM,0.00012895899999998406,0.00012889199999999157,0.3765369196494584,2919.8188544382706,0.00015061476785978336,2911.377663910562,0.840296693,0.963989992,5260.053058485649
AURHmCnNwiW4uA2Qj1XvEh4iKgRUZYXtiY7FKAapUV5Y,BKWm4TRnTeKwfWXRyuzjRHU7iZDkPuXBX5b5V5jSVfGJ,A5Ww74HVrkj9nPeC7pHKLfgeDMEhBCpW1efQdz3TGLEg,0.02630998599988743,0.023508204999984628,4.3065812813857915,163.68618673549344,0.001722632512554317,146.46179785664876,289.932553331,1795.28273288,310398.290783839
