0,1,2,3,4,5,6,7,8,9,10,11
Sid7E679i9ABqptiAVhkmQ27YHN8vaYT4fppPwmxFsJ,GP7KB8o1bv527HG8kTzzzf4wJ5aEGHvcMQvVhLziUfmT,9gYxhAZ1M9wu5pxr8SBoa5NDm21gi3s9vMHaYTME77sa,396.9837920000027,1071.1374910000013,3.3646136693290893,0.00847544342396998,0.0013458454677316358,0.022714864216447576,133021.349492,9724.697448,1348.3101038769382
SoN9GaFpSXfpyR5dth3x7PHPVhvJMpQqqDJfCSmPv1t,9kZ9iS68ViMPtoeqtnhAKuF2iqVyfHPdZHoUNdwCELr,BBhm5fJLjw3HRzjtKB8uMEYjGhY6EDm9co3cqpjrSzB9,0.365964702,0.35953371800000056,64.38560740836657,175.93392766159883,0.025754242963346632,172.1156768810436,0.845705506,1.37574219,385.5750895612791
wrmcMSHFi3sWpAEy4rGDvQb3ezh3PhXoV2xNjgLBkKU,8p4mGnARWPBu6P2Gcw4adodLkNDorrXniZMhaY7eJXUn,AyY89zccbsgp9LKFgH4CFZMJmpSgqmPSdTfukhP227rc,0.005356690000000011,0.05135719999999466,1.6548316342292282,308.9280197713933,0.0006619326536916913,2935.650540159699,27.06460867,0.09763708,8647.644308952396
MATgk4zXLXtYkwBH678J1xZbRDZ45LicNzkRBHkxTuY,y8dALFo1bJrSzPYjMX14HJX448pXqYmrfXHD1K8MXih,GN7Yuet3UyiWS5YVkEHv6oQKi4HGBJc3XDPt9zQhAqZz,832.5131670000019,833.5065360000017,843.8443083728322,1.0136107653572166,0.3375377233491329,1.0,1398.445487,6678.951238,8096.430638388415
iLiUBQ7Z7im6Ew3b4ewwPcehzWgEQRJ1iQz7g6D62NW,GpugBvKWM3TVhYcZjemSdtehBWgfvuGr6uAm9iPjXT6v,92fMXJ3xy8tEyMUWLHKRLyhPw2nECBo77GtDiBBbYrjX,29.380715665000025,30.0,28.76784500594011,0.9791403767679492,0.011507138002376046,0.999656040348949,1849.781564545,1113.583762851,2924.3965530155115
BUSDTd9WiT6uBHJRgNvFXBsA7JrifsAtWzKfioN7ERcy,DyBxrn7gSc1EwnpWhDyhzvMHPtxpmBqRqotapLcKcfTM,Cds99GeBgoCpqBsoRWu1C6fF9LiUMd4pXQQD24s9LPff,220.10128722999997,220.39092454000001,219.2555724434155,0.996157610901654,0.02192555724434155,0.9988104167935988,104.09849623,69.82099528,173.4364466994923
SoNcU2iwHMw6dGzsYNQkYFkUjwN1UdAjrWVRnStrZu2,8ivTTid27jZnYNc4w3CTA1Z6QS2twsFb8WMwUabeDJgc,CyXm53PMvHCbeXJBykU46Rcbo28xk5srhMZFg7gv6EYB,1.5236652789999994,1.5115928710000048,264.7569303273923,173.7631840643869,0.10590277213095693,171.57223130887823,15.280059543,19.411108508,5985.518997781412
KysFMBBoavfov2tLpvefWW6tPFt6rAeZWDJVy1mMQae,B8ka2V21TH3x64dFV8ETcjuQcwmrciJ2qzy1mJUttRew,7fSf7EYxBANyxzk2s5pymFgshA91tFYQNKKs5UnLWcYS,33.09647399999949,42.30376700000488,0.0,0.0,0.0,0.02274249262358623,134170.432508,2866.348515,65.18790995901485
HDSBGqAuMRr6X2AfmmbXQPpRgU6VEhtfNVVZ3wUTZXg,DCZ1d8kNLgDcdSd99y4udLgwq46mfDXNS9KXj96kQf5L,Fq8GGYQM5Pz3q7LmVMbrXHJgsxA5ev86kTq8yGgGuYsa,1.4012964999983524,1.3956648809999024,1.3921710941262317,0.9934878836333843,0.0005568684376504927,0.9992834877579069,13009.382219048,12392.836625112,25308.620614135627
vEnkoSUkpnbRrPgBz9DfcVxNz67zjwMYBZraAvDDNSf,DtfyjjsZ5yCjWKLKHvwsfXs5QVsmm1QkK6Sh9JZHoq1g,e5wrKCRv4GhHvEf1VD5Pq2KGaZDXP77nTL612Jyrxwy,1548.3452150000007,1548.1232070000005,1545.2300312569866,0.9979880560789448,0.15452300312569867,0.998731610854215,812.556424,1135.579825,1945.0610739180165
BUSD5rCfUDpCxKGMvYU2yThChxgHoioK74PTPociGnv2,CcFHbafgYDZ8yA8Me1PdtDiVb2eeaS61LbqyKKK5CsNZ,26R9s4nmF3CFDTkiePDwRmtscn8i7r2eygbSijditJ58,67.17150520999999,67.07970105,67.17256317787005,1.0000157502480664,0.0067172563177870055,1.0,78.23014407,69.70309961,147.93447582417537
Lee1XZJfJ9Hm2K1qTyeCz1LXNc1YBZaKZszvNY4KCDw,9DgFSWkPDGijNKcLGbr3p5xoJbHsPgXUTr6QvGBJ5vGN,2hNHZg7XBhuhHVZ3JDEi4buq2fPQwuWBdQ9xkH7t1GQX,3146.2184382139676,2650.6878681390226,547555.140807093,174.03595826548104,54.755514080709304,146.07490165872431,6720.15091804,53856.471969028,9036626.751271352
JSoLLrxK5bYdHwTEWYaGgmeycBCNXKDiBCTw5hXGBg7,xG4wXczA7Dk4hccJ61CHKpDHW4NrNfQwgmWgkb9BuF2,BVR6WgfhsRr9Lob4QDnkEAiNGgAbv7ZieKcY9kSg3QYR,0.7855433600000481,0.6668817719999929,126.99324087292294,161.66292955861172,0.050797296349169185,146.03240897252326,17.105856832,164.624956173,26805.961855010566
SAMyS8Jr2HJrkFwYVKbpUwsNStnQmvz3f8Tup8bWUWF,6jPzm5TFfquvgm25sTyN3MMGBfufRaFHMxobDWv6hMFW,Cj9ECoDmxsHTDzCY5ZA6RWrPbg9uFzEC1Qc2kso2vJG6,1154.4074071099776,89.67859050999914,1101.597253389444,0.9542534521216023,0.4406389013557776,0.02280367904524097,511.19804651,107611.2793822,2941.7455772794324
parEAJhzYzHW87y9VoZAQ22dzQ2MD2ekEtTReaxbMcz,3oyc6hpjYSJEquK6dSvG72NXyz3pqLZz5D8AC71pwgQb,Di2vordgFJVZ1aj1aBpvzXtLfZgJsuLLXawGtVFwX6Rz,7.2431662700000174,8.555869380000104,1034.3198778208264,142.79941109522863,0.4137279511283305,164.4843702839247,1103.408833406,139.844827684,180568.42002671675
WiiQFxXqp8P9Fs1rt9SVcDyA3KUdJmUsog6wnVQAwba,3S2jpqSYxho6wiz3cafhjXruVY8cg4HYa2v3BqBHYFSj,Dfe67M6TfrG74gKRtdqys4e6E9QirPD53BkF4FujFjuv,4341.922772083996,4323.721458493001,4363.013579728403,1.0048574810634607,0.43630135797284036,1.0,4246.628781865,22585.106395291,26852.36309604746
ALLwa5WNZbvQsRKAqe1jdRGemdYQnW8E5k4msbRFcYtu,CGoM82Hbz7QVqTgvQatYtjvDWBvoUJp5qm21P8iMs9yb,3dxNNww8TivyN5FMy5dCNdi3Zcxv6e4kUfSPxfFwpdNq,3.085979638999996,3.042052633999999,9085.228719050832,2944.0339152707043,3.634091487620333,2905.633733245389,0.919381429,7.748635409,25221.386539056126
ionytDfEj1mXodptgrsKEZro7DGsfpzANUfarJdm6Qb,3gkSjY95an9xNFSjCfsay6JZez7uv7yfW3Ad4ubc4fMK,9wXqANaSuEqkKL9yHzCPEDGHwbkStVAqV5rB3QDs3Jr6,0.004832802000000025,0.019115724000000167,3.543219072728064,733.1604052324192,0.0014172876290912257,2944.0339152707043,3.169047114,0.079870823,2558.5622780534522
SRMuKizofcAMicegrfSv7xs9q76tH1w8aAF7oX9FEWu,72Hj2KWntXPfbie4UgKeTPnm1XVkomDfCnRPKbvfTtPi,6aqJQ5wedqpUt4fFEDUqUmXhrdxCu4bEJsQdVPCADLko,172.37514799999917,171.70607000000018,8.78357996042025,0.05095618517131189,0.0035134319841681003,0.05085071465848635,16773.017773,5117.707529,1114.9280847854598
RoBgmK8CvjdHvPrqdDyVw54VwjZv2TqJ493xnqJAQHx,ExiHJxM7qPAcy27NDHAF6G7vnW7muNHi2sVJpnaNynGQ,6rkPHSqZb7StM4HwS9EuVrmfkV7tRdc7dnsFhyB6cefE,17.315924,25.780707000000334,0.0,0.0,0.0,0.9438984516289799,6205.402745,20.04423,18.919717661095145
STK75uPSyBnEhGTTzb1nwmP3n427XoXmfRhXxxhyady,6TYyD5fUmDe6N65avW1Ny2RxzRNobw2RRgKwH9CTzSAU,54zDfk4cx2vGrEajPtodWpArNe5eUurytyxd4X3aZAxK,795.2091865760025,894.3654481200001,116676.64196061483,146.72446436767038,11.667664196061482,165.45602493223748,1512.581401445,265.227440553,265816.1739563685
KwnjUuZhTMTSGAaavkLEmSyfobY16JNH4poL9oeeEvE,J63v6qEZmQpDqCD8bd4PXu2Pq5ZbyXrFcSa3Xt1HdAPQ,BnKQtTdLw9qPCDgZkWX3sURkBAoKCUYL1yahh6Mw7mRK,137.94963700000005,6020.732884999772,3.142477359809093,0.022779888574908622,0.00031424773598090933,1.0,276181.592739,604.582791,6895.968700035211
YAkoNb6HKmSxQN9L8hiBE5tPJRsniSSMzND1boHmZxe,CfWX7o2TswwbxusJ4hCaPobu2jLCb1hfXuXJQjVq3jQF,EnTrdMMpdhugeH6Ban6gYZWXughWxKtVGfCwFn78ZmY3,4926520.90678103,4924962.6262719985,4926520.90678103,1.0,492.65209067810304,0.9987794914614341,493531.876174,952914.140983,1445282.97731141
BSCrK1Nx9PXU9mF7STWWBqeHLxmtJDr9h7jheEy4tAWX,FfSySSbVJPvEo5a5AvrP3nySoXpRE2QPn1uUMpJJ1x7v,HL7Vcj6838ZmvBHDbQxXfjBNckNi83WvPiZQoMQLFeRM,0.01167317000000001,0.011661935999999984,34.43890450888474,2950.2615406855816,0.013775561803553897,2945.161100312187,0.840246919,0.964044869,5318.215616939611
BSCuChvaSj9b5HUSqgDVRzcnr2sSn7cXaamt1jbKH6hn,GnKpRj5kBVPMJfiwZtEuD9GYApLzPdW5JFuZTcyX4BTc,3dmwD9okkomV9nDwyuh4UMhKdUR13QpuKxRo89ycZB5t,120.02659545100005,119.71640917599984,120.35472262334865,1.0027337872170385,0.04814188904933946,0.9980358654168596,1200.607906013,1801.395546435,3001.7474757034656
KEN5P7p3asnb23Sw6yAmJRGvijfAzso3RqfyLAQhznt,9zj4aX38Uxf3h6AUjS4EipWS8mwbEofasHAf3a1uKGds,CwQDG1MWunn9cLNwcZLd8YBacweSR7ARo32w4mLua1Yr,71806.4837330007,71807.65031300113,71729.94787861421,0.998934137275527,7.172994787861422,1.0,1157735.21822,1125590.854586,2282092.0859920895
BUSDgu5JdqP1rndBvXvanbEufS94FNh1w5FJcAj6vawb,Bgzr8cWubt89JQFXndVjtdKmDbGzuPxNhvjH1EhWCwbo,Dxaf8xPBBQsasRKW5Aa4Sw2YrbfGofY9xZueyyF23FBW,4500.985246609998,4512.098882859997,4491.925392447463,0.9979871397780389,1.7967701569789853,1.0,8842.84214193,6248.50641085,15073.549147583428
SQDY9uoDoCbNq7F3HAHYYQZbrUzpKxDtdWLvYcqBLak,GiehZ4X2uQjhEKuxSm3ACmEFrabxh3RTvjbLfLjw1xGX,rxDQYV77NKRKYxCjq4cECX3QQsiSyLv1T1FT2X3zNA2,59.362866019999984,59.102057356,59.82055729127453,1.0077100602103737,0.02392822291650981,1.0,110.651474155,296.249308764,407.75391244710164
HEDSDjj84KS7LKhZY7ejkCACTdPen62rKhCby1wXtgxc,EnnjMSFttpCTywBrYNt1J5QQeoSVkvzPipJDa8Y7kJow,6bjVT6JN2rSvpyn9PdfLYC8wJn4LWh49jpY47fnLDXZk,15.934600078997391,16.286193384999933,15.426984711786577,0.9681438276019316,0.0061707938847146305,1.0,38833.5221128,9054.634621039,46651.06935858945
Cob4usZcpHEY7Qt4ZCwj6WVg9S44zvzYV2v9qYF65dTf,NhFM9UXE48PyNAyeyPYA3iXztqKVJwA4bTdLj4ysM8w,6TuFuynuBoeskxyR2cz4wxyidk8dpDK7kAWw3UkjQGx,16.242934999999164,1063.9883100000166,0.13782642839085396,0.008485315516614519,5.513057135634158e-05,1.0,71777.790861,180.893797,789.9509995411552
AUSejoEUCh2DBs9mof6BNC8Pubs22w4cJa1ccV9h44R,4xkyD7AfGQDwsQMy9MosRRNGoVJ1zosNinesxg1TzHG7,Cbm5gsQe3nSiCsFrvepVzMCD9xLK3ri9g3ypS2hdmVJ7,678.5219610000004,676.3304460000018,680.525427859619,1.0029526927273893,0.0680525427859619,1.0,13401.610283,15477.562589,28918.743709217917
MATSnbbiTCv7Dc3trJrkrqjx7ckKdr6fwPoVwv9q3sD,631WX9JizSHJm4w6VanZeJAst9T8DeUUnPLesdGkCVtK,211maUSfpnXbPuW1iBu8b4dtJv5EbN1j7JJiEX5TZKEP,1507.5396040000014,1507.2296470000038,1508.4054287160845,1.0005743296652279,0.6033621714864338,0.9993863767646666,21426.859865,24131.152941,45555.51145111317
moFiBS1R4Lf3E3zzmBPnw3NF4RhWPkhREFviuzUaCAU,44ALBrpqi9PfZkBRTvbtRNtFJGsatfY4QydjtMbFWq8S,2ho8qEEie1UjVwWNBo9y4oAJZMyMLx8zPj9bxyUz6uWs,27.293923547993472,27.266211886999372,27.331021227663776,1.001359191895041,0.01093240849106551,1.0,27810.025541664,36611.653687085,64459.47839006611
MARpDPs5A7XiyCWPNH8GsMWPLxmwNn9SBmKvPa9LzgA,6YjT74rmcfCpw8LSjPNx5JTmZoYLGrTKnf9arfSgZ4SR,F8GSmi3vA8M8TsybLya1LQ4n1aFHCRbZ6k437PeTdXtg,21014.510968999974,22111.801294999706,19949.620192732124,0.9493259311226063,7.979848077092849,1.0,296904.087889,15285.307572,297144.0572613331
BSC8REUo9LpiiWUuqMuLXs2D2yJsJfGd4HdiF3wCLxk5,AZjEH1zWVx1UJ6udMyRijGTzPteuLnaY18yNNmprJEsh,Caf8ypkSVR8xYnXNhjvfvdGCC7mrM3C11rz8Xi6NA6aK,198.80392046900033,198.29585644200006,199.2264676540801,1.0021254469433145,0.07969058706163204,1.0,2552.461564891,3658.040291182,6215.926977704025
GokA1R67GqSavkd15zR62QD68Tuc5AEfvjssntVDEbM8,3YB7hfpBdbQEuZqLGWVDpRPmeZWCUsrrWyqGXegnQ6Cg,4DPCj6Z1DsG6HUtwSogBGqXEUxdEV5a8YVrrFtcnz7UW,8469.036919000002,8468.291904999993,8469.850024602365,1.000096009216885,0.8469850024602366,1.0,15183.262625,17238.589683,32423.310041154382
KZMu9QBEdL97EFgamLbN5DE1AoKBG4HdrKKJo4Vuon3,DD4ACBWyVqdaKWh7v5btsgqQCCMwbKnuL2xd9pv7Gyuw,GcYqiJ1MAuYbNTNYXm1F1gQYTfTgkErACAhNU5dpVj9T,26.961710440000047,28.087085379999735,25.72830526247309,0.9542534521216023,0.010291322104989236,1.0,2384.85814171,714.95112703,2990.710241577077
C2ypsDADXcCRz8HbV2zX1AXPSja7a1P3xZtRC91xGhJh,J9bYNuDpY1d1T86gLaw7DGk5D3CsUAf2tzUwxMvb6FTv,A2NGvvPrMGzsJ4jb52KEnSBVmsA7C34dV1GC7PerdgvG,152.8830938050005,153.91416728499985,22462.67738955714,146.927150873908,8.985070955822856,146.97511255721557,3443.621614148,1945.540610607,791907.5626831716
heyk4SZTeCUV6a65WiVA5bzic3KcxgVf1qxobfeV4tQ,9ZDpBKPqMABtGfq66FbVribaArMvtk63xxy91onZAtDt,DaTP4s6N7xxSPinbNZ3FB52EpRDRt87QShTuN3VPCW52,115.07079272300325,99.56297608100022,19560.96047496127,169.99066411272693,7.824384189984508,146.927150873908,619.085913545,4500.500692756,766484.5698790371
RajgMbScQbqqrdJfR2rxfHJiTiY5b6bJ2tTXiF4aPxy,725ZA3fhyBAKb5iopNRrcbSuQa3LXA1656Q3mBvYPxeg,GLA6i1dSZpUfk2f9Nj8uiG7xyDdAR2reff8oEiZH3617,24206.85615599998,24224.100237060033,24190.492980832958,0.9993240272482485,9.676197192333184,1.0,119369.00163306,64555.14777462,183843.45921517228
AURHmCnNwiW4uA2Qj1XvEh4iKgRUZYXtiY7FKAapUV5Y,BKWm4TRnTeKwfWXRyuzjRHU7iZDkPuXBX5b5V5jSVfGJ,A5Ww74HVrkj9nPeC7pHKLfgeDMEhBCpW1efQdz3TGLEg,0.016351847000123598,0.014610317000006035,2.6906770262415205,164.54881373469203,0.0010762708104966082,146.89747393634843,289.933381778,1795.281973216,311430.58090255107
Lid8SLUxQ9RmF7XMqUA8c24RitTwzja8VSKngJxRcUa,4PgzyzLtds9bKZ2to9PMnKqJzKEUpjvNUaeN23phegax,AtymwxoVN9peZo7EXTcDz9jKVc4vRmisJKKrNfe3ewBa,50.801673215994924,42.93207898400067,8828.178411608416,173.77731583905512,0.8828178411608417,146.8955534422182,967.305156545,7675.853132141,1295644.3876887034
C98Sspw7XqnMsgxea3SLQVdbMDL8pKUc3RE82UvX9eq2,CSqgQJurPCzGxb4Cgwx5R61hWQUiaoUHcShNc8r1cKEL,6S2CR5EnukPhC914XkAns8m5GixjMAoUuZMsS5ubHuWc,60.09482400000002,60.05544499999996,0.0,0.0,0.0,1.0,852.986415,910.825895,910.825895
B2izdXFYb2sNwbWWHmh75T4aQFtfXsUxem9u2p61HGzf,4DYwgJtxwuJdAjkj5RJSNH4e7U329V5cNp7d3a1nLrZv,EXNW64GEf1ACC6xY9BtKRiunrs6GoJSXBdxWN2eTPmrF,11584.582543000015,11485.885143000018,11268.325713524244,0.9727001962908997,1.1268325713524243,1.0,10946.453968,28779.770858,39427.3887813629
daob129AwBGn9Y5r91uLoWZeYiGzbPmksauMhFZKTze,6VW5GQNyj4LStgmxEHLr5zUfW92vQnmbw8jTnCH7a38F,4VPCCUifPeBA1c7HWK358CHn2nyjm8pdTRk6Ps3KmnMQ,11.45618946199994,10.234444751000005,1879.749149196212,164.0815347399168,0.7518996596784849,146.8879582720688,48.338927089,224.062131568,40843.554376555236
KEVpg4SYCVrqFxKijQH6hm4QxsRdoE51ud64bEEFUC9,2bPenuBYfqzD8p5dFjCcggwkHDsc2RQDnx9AoyYGUBjA,AE6n6iLuX8oYu61vt5hoDYkjswpnxFxrhSehxrnQTnbx,579.7274689640008,578.0750387050002,581.1845794894374,1.0025134405448142,0.23247383179577497,1.0,1631.075555512,5894.697930378,7529.873097322879
FrnkTEL6yZ5Aycq2TrEgu29dCrwKG4LPUZydfiwqspkc,DjvZuMZ46fxKBoBpGMPcRcos4xdTtHFxwMh69DpA2ZFY,9rvDPJLAng4uVVqnnSoEXgNDFhBZQTny9AoQioYDZbQX,44.82719133999936,37.42557869200016,7902.740894442411,176.29346515383367,3.161096357776964,146.79963581946348,172.806849417,1438.89540117,241694.0391600965
DFWzVTzNBrQZLjoQ4yQwkj9HuoXmfkuZP9V5vbymZe23,DhgiEgiNdqZdRdo195UUHnoEJUtefK8buko8nU97XJUZ,2K2kkXsouBHtWVjtcgkyiXd8eP3oVBvq1bTJzcVdLLr2,7198.2533492229995,7237.788612549997,7188.3556735426755,0.998624989257791,2.8753422694170703,1.0,35500.968973894,32435.29007537,67887.44483556607
