0,1,2,3,4,5,6,7,8,9,10,11
ionytDfEj1mXodptgrsKEZro7DGsfpzANUfarJdm6Qb,3gkSjY95an9xNFSjCfsay6JZez7uv7yfW3Ad4ubc4fMK,9wXqANaSuEqkKL9yHzCPEDGHwbkStVAqV5rB3QDs3Jr6,0.004746517000000006,0.018736505999999764,3.5781695125821646,753.8516163709432,0.0014312678050328658,2723.385713118549,3.169047114,0.079872706,2606.515475633091
BUSDTd9WiT6uBHJRgNvFXBsA7JrifsAtWzKfioN7ERcy,DyBxrn7gSc1EwnpWhDyhzvMHPtxpmBqRqotapLcKcfTM,Cds99GeBgoCpqBsoRWu1C6fF9LiUMd4pXQQD24s9LPff,211.70680500999998,212.22479260999995,210.9685248765649,0.9965127236538278,0.021096852487656494,0.9895121606096978,102.91731718,71.21236367,173.02391589141195
KwnjUuZhTMTSGAaavkLEmSyfobY16JNH4poL9oeeEvE,J63v6qEZmQpDqCD8bd4PXu2Pq5ZbyXrFcSa3Xt1HdAPQ,BnKQtTdLw9qPCDgZkWX3sURkBAoKCUYL1yahh6Mw7mRK,302.99818599997207,11877.199335999961,5.960774641728683,0.019672641346206717,0.0005960774641728684,1.0,276194.371896,604.387893,6037.860713150844
SoNcU2iwHMw6dGzsYNQkYFkUjwN1UdAjrWVRnStrZu2,8ivTTid27jZnYNc4w3CTA1Z6QS2twsFb8WMwUabeDJgc,CyXm53PMvHCbeXJBykU46Rcbo28xk5srhMZFg7gv6EYB,9.816021272999993,9.699014511000003,1953.3709850612006,198.99824284551568,0.7813483940244803,175.15726933320255,15.178327011,19.521228417,6439.745468075064
Cob4usZcpHEY7Qt4ZCwj6WVg9S44zvzYV2v9qYF65dTf,NhFM9UXE48PyNAyeyPYA3iXztqKVJwA4bTdLj4ysM8w,6TuFuynuBoeskxyR2cz4wxyidk8dpDK7kAWw3UkjQGx,14.965839999999957,2081.827642999997,0.11048214425648166,0.007382288214793287,4.4192857702592665e-05,1.0,73791.74898,165.018032,709.7699908440386
YAkoNb6HKmSxQN9L8hiBE5tPJRsniSSMzND1boHmZxe,CfWX7o2TswwbxusJ4hCaPobu2jLCb1hfXuXJQjVq3jQF,EnTrdMMpdhugeH6Ban6gYZWXughWxKtVGfCwFn78ZmY3,6199579.032725018,6200479.70439602,6199579.032725018,1.0,619.9579032725019,0.9976087318697083,903681.528301,572363.435638,1474676.2894964146
Sid7E679i9ABqptiAVhkmQ27YHN8vaYT4fppPwmxFsJ,GP7KB8o1bv527HG8kTzzzf4wJ5aEGHvcMQvVhLziUfmT,9gYxhAZ1M9wu5pxr8SBoa5NDm21gi3s9vMHaYTME77sa,782.4956579999889,2008.5224890000318,5.776608474180237,0.007382288214793287,0.0023106433896720948,0.022316238551574354,136019.415641,8685.515111,1197.9625562300039
SoN9GaFpSXfpyR5dth3x7PHPVhvJMpQqqDJfCSmPv1t,9kZ9iS68ViMPtoeqtnhAKuF2iqVyfHPdZHoUNdwCELr,BBhm5fJLjw3HRzjtKB8uMEYjGhY6EDm9co3cqpjrSzB9,3.4874312389999997,3.122496724000001,702.1886648507726,201.34838989746535,0.2808754659403091,197.23764730200594,0.836700633,1.385789643,441.79821412154683
CZgvH45CRmoaNJ7395Ao5CQZXkGznvqU7cErD6n7FaRg,4ZjU6MKvtqVQKCiowhvZ5yUsPxXX5SCzd5eFsPeXyey5,BsyWeshjDbCvjDojry3vKDCesmFRM37WtwcR4Kfgzqr,4.8730704799999955,4.986014000000068,4.989609802388502,1.023914967548039,0.001995843920955401,1.0,236.51912528,568.12026098,810.2957334655619
MATgk4zXLXtYkwBH678J1xZbRDZ45LicNzkRBHkxTuY,y8dALFo1bJrSzPYjMX14HJX448pXqYmrfXHD1K8MXih,GN7Yuet3UyiWS5YVkEHv6oQKi4HGBJc3XDPt9zQhAqZz,3219.0531739999997,3211.0762110000005,3227.5480805480015,1.0026389457050957,1.291019232219201,1.0,2889.576153,5185.735158,8082.936745578507
KEN5P7p3asnb23Sw6yAmJRGvijfAzso3RqfyLAQhznt,9zj4aX38Uxf3h6AUjS4EipWS8mwbEofasHAf3a1uKGds,CwQDG1MWunn9cLNwcZLd8YBacweSR7ARo32w4mLua1Yr,125509.20436999947,125515.84566899878,125473.69531422554,0.9997170800663412,12.547369531422554,1.0,1125640.293411,1120171.35174,2245493.1790738646
FrnkTEL6yZ5Aycq2TrEgu29dCrwKG4LPUZydfiwqspkc,DjvZuMZ46fxKBoBpGMPcRcos4xdTtHFxwMh69DpA2ZFY,9rvDPJLAng4uVVqnnSoEXgNDFhBZQTny9AoQioYDZbQX,69.81603638000047,58.12335711199978,14055.580551383788,201.32309538285614,5.622232220553515,167.6087957073376,172.01861197,1439.91103473,275973.0738820645
BkwbeSfcX1h4thMDd7obGkHrPevf3QwgzJ4pCEqG18Lu,35yX27bmurdebhfAb8EPmjLETDiUaEUCn9zHaDPbakH2,2CxECn1ZJFoESyUnQysQU8rRgT3iJ5GRs2Mdd6gZjx5g,0.007244960000000078,0.011600000000001387,16.82136057580701,2321.8017181332716,0.006728544230322804,1438.8489208633093,0.81391717,22.07407933,33651.01950674575
wrmcMSHFi3sWpAEy4rGDvQb3ezh3PhXoV2xNjgLBkKU,8p4mGnARWPBu6P2Gcw4adodLkNDorrXniZMhaY7eJXUn,AyY89zccbsgp9LKFgH4CFZMJmpSgqmPSdTfukhP227rc,0.006151770000000001,0.05408978000000886,2.1978456591639874,357.27045373347624,0.0008791382636655951,3026.084851419234,27.0026967,0.10454273,9963.620873615453
Lid8SLUxQ9RmF7XMqUA8c24RitTwzja8VSKngJxRcUa,4PgzyzLtds9bKZ2to9PMnKqJzKEUpjvNUaeN23phegax,AtymwxoVN9peZo7EXTcDz9jKVc4vRmisJKKrNfe3ewBa,73.28853720000563,61.91267468000001,14545.035774874637,198.4626290900171,1.454503577487464,167.51706705758448,962.161945327,7657.107713059,1473649.4155156135
HEDSDjj84KS7LKhZY7ejkCACTdPen62rKhCby1wXtgxc,EnnjMSFttpCTywBrYNt1J5QQeoSVkvzPipJDa8Y7kJow,6bjVT6JN2rSvpyn9PdfLYC8wJn4LWh49jpY47fnLDXZk,18.50354572299875,19.11017510000238,17.656756396126426,0.954236375041362,0.007062702558450571,0.9999159500649853,38840.255026333,9048.186754685,46110.21041718632
heyk4SZTeCUV6a65WiVA5bzic3KcxgVf1qxobfeV4tQ,9ZDpBKPqMABtGfq66FbVribaArMvtk63xxy91onZAtDt,DaTP4s6N7xxSPinbNZ3FB52EpRDRt87QShTuN3VPCW52,80.25789077800073,69.46057267100025,15473.476687763936,192.7969516488381,6.189390675105575,167.5095467878453,624.621704389,4494.20827797,873247.9523528382
BSCNHw8CmxbZ8hCWWzMf5FaG2ajPT6JxfznKUNuRVrn4,7n9kgNL633yGzCYksgnzHyjG73ZLBAwvEae5sbAekbzW,SscdxE99omdG9AiMVwmaEMQySQnCgeAh1sPj2Leutm2,209.0774120269998,208.7246189409998,209.67657500130738,1.0028657470383755,0.08387063000052296,0.9999159160707017,4798.099999677,6907.101929837,11718.37129410758
DFWzVTzNBrQZLjoQ4yQwkj9HuoXmfkuZP9V5vbymZe23,DhgiEgiNdqZdRdo195UUHnoEJUtefK8buko8nU97XJUZ,2K2kkXsouBHtWVjtcgkyiXd8eP3oVBvq1bTJzcVdLLr2,4011.5295451289967,4030.0521311990015,3985.787848476246,0.9935830719023352,1.5943151393904984,0.9988577671877678,39530.54271195,28424.262173931,67668.6731107182
ercAoEmXjQzEvAFbdjAo81KtMxRGn9AW1ju882upmPH,CMRhskR2Eg6V42RTSdRTXGdozyPbWB8U9dVpijPWb9T4,7TKLLgrWswt6ZJ1pXhVR3FyufHGjJFqiEXxvWJfDcgRm,49.38873701299996,38.86265427899996,8184.359273394578,165.7130708007438,3.273743709357831,148.21514139205735,39.737516891,323.712218332,54564.07816041796
C2ypsDADXcCRz8HbV2zX1AXPSja7a1P3xZtRC91xGhJh,J9bYNuDpY1d1T86gLaw7DGk5D3CsUAf2tzUwxMvb6FTv,A2NGvvPrMGzsJ4jb52KEnSBVmsA7C34dV1GC7PerdgvG,471.1710086579981,474.50837784100304,78320.93790406425,166.2261396921259,31.328375161625704,168.44854343386734,3850.727917576,2105.825131576,994814.8128837666
GokA1R67GqSavkd15zR62QD68Tuc5AEfvjssntVDEbM8,3YB7hfpBdbQEuZqLGWVDpRPmeZWCUsrrWyqGXegnQ6Cg,4DPCj6Z1DsG6HUtwSogBGqXEUxdEV5a8YVrrFtcnz7UW,5925.144685000007,5924.004407999997,5925.95654104613,1.0001370187715717,0.592595654104613,1.0,15595.341351,16829.598876,32427.077081514155
Lee1XZJfJ9Hm2K1qTyeCz1LXNc1YBZaKZszvNY4KCDw,9DgFSWkPDGijNKcLGbr3p5xoJbHsPgXUTr6QvGBJ5vGN,2hNHZg7XBhuhHVZ3JDEi4buq2fPQwuWBdQ9xkH7t1GQX,3186.0296916879597,2681.888372348977,628836.3776851536,197.373043737077,62.88363776851537,166.81104162319156,6692.009437122,53909.595499267,10313538.05003966
BUSD5rCfUDpCxKGMvYU2yThChxgHoioK74PTPociGnv2,CcFHbafgYDZ8yA8Me1PdtDiVb2eeaS61LbqyKKK5CsNZ,26R9s4nmF3CFDTkiePDwRmtscn8i7r2eygbSijditJ58,34.68062882999999,34.419253,34.65004669878365,0.9991181782958362,0.003465004669878365,1.0,83.87875302,64.11630287,147.92108978506877
YakoMPuYrybnr9R7VC7hVGxMz94fJvPFCdZ4gmW61Ed,,,0.02116299999999982,0.02108999999999983,0.0,0.0,0.0,1.0,83.87875302,64.11630287,64.11630287
BUSDgu5JdqP1rndBvXvanbEufS94FNh1w5FJcAj6vawb,Bgzr8cWubt89JQFXndVjtdKmDbGzuPxNhvjH1EhWCwbo,Dxaf8xPBBQsasRKW5Aa4Sw2YrbfGofY9xZueyyF23FBW,7584.301827639996,7561.049103939999,7568.1473144713655,0.9978700065562056,3.027258925788546,1.0,8802.52803846,6311.11815072,15094.896862169264
B2izdXFYb2sNwbWWHmh75T4aQFtfXsUxem9u2p61HGzf,4DYwgJtxwuJdAjkj5RJSNH4e7U329V5cNp7d3a1nLrZv,EXNW64GEf1ACC6xY9BtKRiunrs6GoJSXBdxWN2eTPmrF,5276.071682000003,5211.211942,5226.969530232996,0.9906934259565642,0.5226969530232997,1.0,9138.433728,30611.533344,39664.919561869334
HDSBGqAuMRr6X2AfmmbXQPpRgU6VEhtfNVVZ3wUTZXg,DCZ1d8kNLgDcdSd99y4udLgwq46mfDXNS9KXj96kQf5L,Fq8GGYQM5Pz3q7LmVMbrXHJgsxA5ev86kTq8yGgGuYsa,25.036791459000142,25.134190798999953,24.88534190600643,0.9939509200593166,0.009954136762402572,0.9999159190701973,1870.477192725,1775.608124234,3634.6213561109303
JSoLLrxK5bYdHwTEWYaGgmeycBCNXKDiBCTw5hXGBg7,xG4wXczA7Dk4hccJ61CHKpDHW4NrNfQwgmWgkb9BuF2,BVR6WgfhsRr9Lob4QDnkEAiNGgAbv7ZieKcY9kSg3QYR,3.039970756000031,2.5868723399999887,596.4013026785407,196.18652630174665,0.23856052107141631,167.22078059329263,17.053303973,164.689860275,30885.195459416438
BSC8REUo9LpiiWUuqMuLXs2D2yJsJfGd4HdiF3wCLxk5,AZjEH1zWVx1UJ6udMyRijGTzPteuLnaY18yNNmprJEsh,Caf8ypkSVR8xYnXNhjvfvdGCC7mrM3C11rz8Xi6NA6aK,723.4611091050001,724.3760591869996,723.5394995449993,1.0001083547394776,0.28941579981799975,0.9999112918698304,2992.448903758,3218.699610402,6211.187235357351
SUiuyGR7SFq3xeRVJonq84fjjeFwRSsFekcevJ53tzy,49GjCCPsv7fBqo6t3iKDrP1xxGDS8uWZbVCdfnp2gjMf,CEwj5xEbbJEjYqM8D6Ai8ByGz1mrh8mkAVsE5fzDSSSx,0.14810299999999987,18.44389799999999,0.0010933390314755292,0.007382288214793287,4.373356125902117e-07,0.9466254695262329,665.005897,1.506777,6.3356186812874675
STK75uPSyBnEhGTTzb1nwmP3n427XoXmfRhXxxhyady,6TYyD5fUmDe6N65avW1Ny2RxzRNobw2RRgKwH9CTzSAU,54zDfk4cx2vGrEajPtodWpArNe5eUurytyxd4X3aZAxK,804.5300927300043,908.4216152989995,134460.69285697048,167.12947604073614,13.446069285697048,185.1305031199118,1715.671714509,298.618983065,342022.7972797805
KZMu9QBEdL97EFgamLbN5DE1AoKBG4HdrKKJo4Vuon3,DD4ACBWyVqdaKWh7v5btsgqQCCMwbKnuL2xd9pv7Gyuw,GcYqiJ1MAuYbNTNYXm1F1gQYTfTgkErACAhNU5dpVj9T,23.03908404999993,23.32563571000003,22.16208960760309,0.9619344918186172,0.008864835843041237,1.0,2372.91728807,726.4653768,3009.0563624272263
ALLwa5WNZbvQsRKAqe1jdRGemdYQnW8E5k4msbRFcYtu,CGoM82Hbz7QVqTgvQatYtjvDWBvoUJp5qm21P8iMs9yb,3dxNNww8TivyN5FMy5dCNdi3Zcxv6e4kUfSPxfFwpdNq,27.265009344999992,26.827058317000002,82379.09582439494,3021.4218811372634,32.95163832975798,2993.429422417793,1.015052775,7.672002644,26032.5011083108
MARpDPs5A7XiyCWPNH8GsMWPLxmwNn9SBmKvPa9LzgA,6YjT74rmcfCpw8LSjPNx5JTmZoYLGrTKnf9arfSgZ4SR,F8GSmi3vA8M8TsybLya1LQ4n1aFHCRbZ6k437PeTdXtg,19309.557251,20303.62171000021,18336.25072620245,0.9495945705980832,7.334500290480979,1.0,296704.501812,15500.205537,297249.1895296843
AUSejoEUCh2DBs9mof6BNC8Pubs22w4cJa1ccV9h44R,4xkyD7AfGQDwsQMy9MosRRNGoVJ1zosNinesxg1TzHG7,Cbm5gsQe3nSiCsFrvepVzMCD9xLK3ri9g3ypS2hdmVJ7,769.2549679999993,766.6252980000008,771.673392411818,1.0031438528347842,0.0771673392411818,1.0,13322.980479,15556.619145,28921.485113946677
WiiQFxXqp8P9Fs1rt9SVcDyA3KUdJmUsog6wnVQAwba,3S2jpqSYxho6wiz3cafhjXruVY8cg4HYa2v3BqBHYFSj,Dfe67M6TfrG74gKRtdqys4e6E9QirPD53BkF4FujFjuv,486.1626878190009,484.3749893690019,488.8642332120577,1.0055568752204664,0.04888642332120577,0.9998420179622678,3964.534186646,22869.380752735,26852.332409790473
RajgMbScQbqqrdJfR2rxfHJiTiY5b6bJ2tTXiF4aPxy,725ZA3fhyBAKb5iopNRrcbSuQa3LXA1656Q3mBvYPxeg,GLA6i1dSZpUfk2f9Nj8uiG7xyDdAR2reff8oEiZH3617,4321.50794642001,4322.070371659996,4322.511547151027,1.0002322339200715,1.7290046188604111,1.0,97720.96505077,86215.85280198,183959.5119755369
AURHmCnNwiW4uA2Qj1XvEh4iKgRUZYXtiY7FKAapUV5Y,BKWm4TRnTeKwfWXRyuzjRHU7iZDkPuXBX5b5V5jSVfGJ,A5Ww74HVrkj9nPeC7pHKLfgeDMEhBCpW1efQdz3TGLEg,0.014969343000302615,0.01338088800002879,2.7823012965503184,185.86662731250613,0.0011129205186201274,166.90539701953693,290.125761278,1795.066754965,353531.0261592203
daob129AwBGn9Y5r91uLoWZeYiGzbPmksauMhFZKTze,6VW5GQNyj4LStgmxEHLr5zUfW92vQnmbw8jTnCH7a38F,4VPCCUifPeBA1c7HWK358CHn2nyjm8pdTRk6Ps3KmnMQ,12.820961106999988,11.458110062999992,2359.7778785383407,184.0562387518631,0.9439111514153363,166.71265157305888,48.200068163,224.236861681,46254.64504492595
parEAJhzYzHW87y9VoZAQ22dzQ2MD2ekEtTReaxbMcz,3oyc6hpjYSJEquK6dSvG72NXyz3pqLZz5D8AC71pwgQb,Di2vordgFJVZ1aj1aBpvzXtLfZgJsuLLXawGtVFwX6Rz,3.0368412580000097,3.5843014980005137,489.0410522871328,161.03609334167285,0.19561642091485312,189.14175039341484,1102.677450427,140.469492129,204139.51445087328
2jQoGQRixdcfuRPt9Zui7pk6ivnrQv79mf8h13Tyoa9K,,,0.00023028300000000018,0.0002813360000000001,0.0,0.0,0.0,189.14175039341484,1102.677450427,140.469492129,26568.64561815307
C98Sspw7XqnMsgxea3SLQVdbMDL8pKUc3RE82UvX9eq2,CSqgQJurPCzGxb4Cgwx5R61hWQUiaoUHcShNc8r1cKEL,6S2CR5EnukPhC914XkAns8m5GixjMAoUuZMsS5ubHuWc,51.25817099999972,51.27278500000011,0.0,0.0,0.0,1.0,898.335387,865.552624,865.552624
SAMyS8Jr2HJrkFwYVKbpUwsNStnQmvz3f8Tup8bWUWF,6jPzm5TFfquvgm25sTyN3MMGBfufRaFHMxobDWv6hMFW,Cj9ECoDmxsHTDzCY5ZA6RWrPbg9uFzEC1Qc2kso2vJG6,1050.3507210899988,24.477289319999954,1010.3685871230261,0.9619344918186172,0.4041474348492105,0.022623300849163062,504.78499628,107882.70079058,2926.232895279797
7dwD9TF6uikvHXxPFK9AsSim54yJoujQjY9vU6gNFumk,CquVr6atkvwueDYficKjn6SSEWq4F4rH4VSiBbW4GBWU,8BCa6ge3b7ho3TfZuM64Vk1hgbrJ3J7EPiAb9uP86CGd,0.0008629410000000003,0.0008583410000000003,0.1703380009399827,197.3924068273296,6.813520037599308e-05,198.26282116098741,0.003913983,0.003595309,1.4854066299367408
MATSnbbiTCv7Dc3trJrkrqjx7ckKdr6fwPoVwv9q3sD,631WX9JizSHJm4w6VanZeJAst9T8DeUUnPLesdGkCVtK,211maUSfpnXbPuW1iBu8b4dtJv5EbN1j7JJiEX5TZKEP,2567.487747000003,2564.8953270000056,2569.3788098040186,1.0007365420949819,1.0277515239216075,0.9974793696329376,19598.991693,25967.310147,45515.28333189364
vEnkoSUkpnbRrPgBz9DfcVxNz67zjwMYBZraAvDDNSf,DtfyjjsZ5yCjWKLKHvwsfXs5QVsmm1QkK6Sh9JZHoq1g,e5wrKCRv4GhHvEf1VD5Pq2KGaZDXP77nTL612Jyrxwy,1079.51993,1079.8353699999998,1077.1254800578313,0.9977819307679029,0.10771254800578313,0.9973440727343085,1223.834959,725.115664,1944.3102178694799
KEVpg4SYCVrqFxKijQH6hm4QxsRdoE51ud64bEEFUC9,2bPenuBYfqzD8p5dFjCcggwkHDsc2RQDnx9AoyYGUBjA,AE6n6iLuX8oYu61vt5hoDYkjswpnxFxrhSehxrnQTnbx,104.68321157100013,104.99862600000051,104.9552538046224,1.0025987188350423,0.04198210152184896,0.9999166449486437,1533.892907235,5992.252185788,7529.631764923283
