0,1,2,3,4,5,6,7,8,9,10,11
Lid8SLUxQ9RmF7XMqUA8c24RitTwzja8VSKngJxRcUa,4PgzyzLtds9bKZ2to9PMnKqJzKEUpjvNUaeN23phegax,AtymwxoVN9peZo7EXTcDz9jKVc4vRmisJKKrNfe3ewBa,73.31993788999682,61.969893439000316,12396.186984093547,169.06979657691147,1.2396186984093547,142.82149869168367,966.018669603,7677.38167504,1259819.7368165595
SoN9GaFpSXfpyR5dth3x7PHPVhvJMpQqqDJfCSmPv1t,9kZ9iS68ViMPtoeqtnhAKuF2iqVyfHPdZHoUNdwCELr,BBhm5fJLjw3HRzjtKB8uMEYjGhY6EDm9co3cqpjrSzB9,0.14924889699999988,0.14640317400000014,25.608275592035945,171.5810039925184,0.01024331023681438,167.6843148259596,0.845726154,1.37577082,375.8057299152998
RajgMbScQbqqrdJfR2rxfHJiTiY5b6bJ2tTXiF4aPxy,725ZA3fhyBAKb5iopNRrcbSuQa3LXA1656Q3mBvYPxeg,GLA6i1dSZpUfk2f9Nj8uiG7xyDdAR2reff8oEiZH3617,35443.15229144,35443.868831780004,35425.65839281246,0.9995064237378298,14.170263357124984,1.0,88634.03787619,95292.52167739,183882.81189646403
BSCrK1Nx9PXU9mF7STWWBqeHLxmtJDr9h7jheEy4tAWX,FfSySSbVJPvEo5a5AvrP3nySoXpRE2QPn1uUMpJJ1x7v,HL7Vcj6838ZmvBHDbQxXfjBNckNi83WvPiZQoMQLFeRM,0.045185497000000074,0.04513649800000008,131.06591076535753,2900.6189920929123,0.05242636430614302,2895.3616306676704,0.840058405,0.964251245,5228.545421106811
Sid7E679i9ABqptiAVhkmQ27YHN8vaYT4fppPwmxFsJ,GP7KB8o1bv527HG8kTzzzf4wJ5aEGHvcMQvVhLziUfmT,9gYxhAZ1M9wu5pxr8SBoa5NDm21gi3s9vMHaYTME77sa,523.98605399999,1128.1694650000518,4.3054492012368994,0.008216724793284254,0.00172217968049476,0.021593139686776393,132549.910088,9901.448136,1302.929485269688
BkwbeSfcX1h4thMDd7obGkHrPevf3QwgzJ4pCEqG18Lu,35yX27bmurdebhfAb8EPmjLETDiUaEUCn9zHaDPbakH2,2CxECn1ZJFoESyUnQysQU8rRgT3iJ5GRs2Mdd6gZjx5g,0.0012019400000014002,0.0007404599999999428,2.5322125310778247,2106.7711625163274,0.0010128850124311297,1291.9896640826873,0.80210248,22.09313674,30233.950689492307
C98Sspw7XqnMsgxea3SLQVdbMDL8pKUc3RE82UvX9eq2,CSqgQJurPCzGxb4Cgwx5R61hWQUiaoUHcShNc8r1cKEL,6S2CR5EnukPhC914XkAns8m5GixjMAoUuZMsS5ubHuWc,15.785145000000057,15.777930999999853,0.0,0.0,0.0,1.0,860.657763,903.155637,903.155637
AURHmCnNwiW4uA2Qj1XvEh4iKgRUZYXtiY7FKAapUV5Y,BKWm4TRnTeKwfWXRyuzjRHU7iZDkPuXBX5b5V5jSVfGJ,A5Ww74HVrkj9nPeC7pHKLfgeDMEhBCpW1efQdz3TGLEg,0.004812700000229597,0.004298468000001776,0.7681492355344711,159.60879246531582,0.0003072596942137885,142.84257291470556,289.929907772,1795.285863492,302718.61433766544
RoBgmK8CvjdHvPrqdDyVw54VwjZv2TqJ493xnqJAQHx,ExiHJxM7qPAcy27NDHAF6G7vnW7muNHi2sVJpnaNynGQ,6rkPHSqZb7StM4HwS9EuVrmfkV7tRdc7dnsFhyB6cefE,0.7055499999999988,38.449007999999594,0.0,0.0,0.0,0.9173916354065467,6243.851753,19.33868,17.741143271803875
heyk4SZTeCUV6a65WiVA5bzic3KcxgVf1qxobfeV4tQ,9ZDpBKPqMABtGfq66FbVribaArMvtk63xxy91onZAtDt,DaTP4s6N7xxSPinbNZ3FB52EpRDRt87QShTuN3VPCW52,53.89551939900343,46.602115771999024,8886.98336182188,164.89280483650384,3.5547933447287523,142.81776595881422,611.948740045,4508.794515054,744841.903969552
B2izdXFYb2sNwbWWHmh75T4aQFtfXsUxem9u2p61HGzf,4DYwgJtxwuJdAjkj5RJSNH4e7U329V5cNp7d3a1nLrZv,EXNW64GEf1ACC6xY9BtKRiunrs6GoJSXBdxWN2eTPmrF,10407.444880000001,10322.377124999999,10473.353694801388,1.0063328526416742,1.0473353694801386,1.0,11670.746406,28050.277255,39794.93277820755
daob129AwBGn9Y5r91uLoWZeYiGzbPmksauMhFZKTze,6VW5GQNyj4LStgmxEHLr5zUfW92vQnmbw8jTnCH7a38F,4VPCCUifPeBA1c7HWK358CHn2nyjm8pdTRk6Ps3KmnMQ,14.480277893000057,12.97705309899991,2306.771805385485,159.30438783226714,0.9227087221541941,142.7665269029957,48.242996064,224.174550073,39689.942889133905
SAMyS8Jr2HJrkFwYVKbpUwsNStnQmvz3f8Tup8bWUWF,6jPzm5TFfquvgm25sTyN3MMGBfufRaFHMxobDWv6hMFW,Cj9ECoDmxsHTDzCY5ZA6RWrPbg9uFzEC1Qc2kso2vJG6,582.1893528300125,162.95433482999653,552.0043736669685,0.9481526430940117,0.22080174946678738,0.02164790053465119,497.06663586,108215.0099272,2813.922815844824
KwnjUuZhTMTSGAaavkLEmSyfobY16JNH4poL9oeeEvE,J63v6qEZmQpDqCD8bd4PXu2Pq5ZbyXrFcSa3Xt1HdAPQ,BnKQtTdLw9qPCDgZkWX3sURkBAoKCUYL1yahh6Mw7mRK,172.97716100000082,7718.687136999972,3.7180601664574104,0.021494514911465062,0.00037180601664574107,1.0,276974.135511,587.010927,6540.435612831335
MATgk4zXLXtYkwBH678J1xZbRDZ45LicNzkRBHkxTuY,y8dALFo1bJrSzPYjMX14HJX448pXqYmrfXHD1K8MXih,GN7Yuet3UyiWS5YVkEHv6oQKi4HGBJc3XDPt9zQhAqZz,7462.687849999998,7459.591252,7474.999173638981,1.0016497170840373,2.989999669455593,1.0,3323.770698,4745.715401,8074.969380303914
JSoLLrxK5bYdHwTEWYaGgmeycBCNXKDiBCTw5hXGBg7,xG4wXczA7Dk4hccJ61CHKpDHW4NrNfQwgmWgkb9BuF2,BVR6WgfhsRr9Lob4QDnkEAiNGgAbv7ZieKcY9kSg3QYR,0.7183058540000467,0.6155404559999909,120.3473195672033,167.54328103693206,0.048138927826881325,142.7786553905796,17.05148817,164.689170428,26370.960585664077
Cob4usZcpHEY7Qt4ZCwj6WVg9S44zvzYV2v9qYF65dTf,NhFM9UXE48PyNAyeyPYA3iXztqKVJwA4bTdLj4ysM8w,6TuFuynuBoeskxyR2cz4wxyidk8dpDK7kAWw3UkjQGx,10.050730000000044,1202.3608479999966,0.08258405523878803,0.008216722092702487,3.303362209551522e-05,1.0,72249.230265,176.965802,770.6176484991747
CZgvH45CRmoaNJ7395Ao5CQZXkGznvqU7cErD6n7FaRg,4ZjU6MKvtqVQKCiowhvZ5yUsPxXX5SCzd5eFsPeXyey5,BsyWeshjDbCvjDojry3vKDCesmFRM37WtwcR4Kfgzqr,4.9096679000000165,5.017635999999925,5.021089850442314,1.0226943965888806,0.0020084359401769253,1.0,241.39219576,563.13424698,810.0046929640381
Lee1XZJfJ9Hm2K1qTyeCz1LXNc1YBZaKZszvNY4KCDw,9DgFSWkPDGijNKcLGbr3p5xoJbHsPgXUTr6QvGBJ5vGN,2hNHZg7XBhuhHVZ3JDEi4buq2fPQwuWBdQ9xkH7t1GQX,2729.2632496518636,2298.838112275038,462901.60764381615,169.60680055427503,46.29016076438162,142.88572000114308,6700.588361964,53884.909161982,8835849.396709915
SoNcU2iwHMw6dGzsYNQkYFkUjwN1UdAjrWVRnStrZu2,8ivTTid27jZnYNc4w3CTA1Z6QS2twsFb8WMwUabeDJgc,CyXm53PMvHCbeXJBykU46Rcbo28xk5srhMZFg7gv6EYB,2.4360685699999927,2.4135171350000064,411.3063115844627,168.84020287838777,0.1645225246337851,164.79970573364545,15.191963415,19.500990291,5778.771646581122
FrnkTEL6yZ5Aycq2TrEgu29dCrwKG4LPUZydfiwqspkc,DjvZuMZ46fxKBoBpGMPcRcos4xdTtHFxwMh69DpA2ZFY,9rvDPJLAng4uVVqnnSoEXgNDFhBZQTny9AoQioYDZbQX,40.495376963000155,33.79517864200005,6939.754675315243,171.37152919099785,2.775901870126097,142.7617779894459,172.131179156,1439.719296791,235035.27000901126
ercAoEmXjQzEvAFbdjAo81KtMxRGn9AW1ju882upmPH,CMRhskR2Eg6V42RTSdRTXGdozyPbWB8U9dVpijPWb9T4,7TKLLgrWswt6ZJ1pXhVR3FyufHGjJFqiEXxvWJfDcgRm,8.678185551000013,7.538385999999996,1239.3877445481978,142.81646056823243,0.4957550978192791,126.80206337389603,44.747396509,369.713678375,53271.12206456162
WiiQFxXqp8P9Fs1rt9SVcDyA3KUdJmUsog6wnVQAwba,3S2jpqSYxho6wiz3cafhjXruVY8cg4HYa2v3BqBHYFSj,Dfe67M6TfrG74gKRtdqys4e6E9QirPD53BkF4FujFjuv,1628.2938528349987,1626.2684680819984,1635.3947137867347,1.0043609210581816,0.16353947137867347,1.0,4487.425460409,22343.305099253,26850.299867849317
parEAJhzYzHW87y9VoZAQ22dzQ2MD2ekEtTReaxbMcz,3oyc6hpjYSJEquK6dSvG72NXyz3pqLZz5D8AC71pwgQb,Di2vordgFJVZ1aj1aBpvzXtLfZgJsuLLXawGtVFwX6Rz,1.537556625999997,1.8202704670000003,214.06218058052045,139.2223069776689,0.08562487223220817,164.9940668133574,1105.229103873,138.307271058,176692.4247017775
vEnkoSUkpnbRrPgBz9DfcVxNz67zjwMYBZraAvDDNSf,DtfyjjsZ5yCjWKLKHvwsfXs5QVsmm1QkK6Sh9JZHoq1g,e5wrKCRv4GhHvEf1VD5Pq2KGaZDXP77nTL612Jyrxwy,1378.3749499999994,1377.8810330000001,1376.0205787896903,0.9982919225205673,0.13760205787896904,0.9923460350317996,913.794709,1034.471366,1938.787435240762
BUSD5rCfUDpCxKGMvYU2yThChxgHoioK74PTPociGnv2,CcFHbafgYDZ8yA8Me1PdtDiVb2eeaS61LbqyKKK5CsNZ,26R9s4nmF3CFDTkiePDwRmtscn8i7r2eygbSijditJ58,310.35900755,311.89302061,309.97492382139137,0.9987624534192173,0.03099749238213914,1.0,107.80198672,40.28921726,147.95779399993307
C2ypsDADXcCRz8HbV2zX1AXPSja7a1P3xZtRC91xGhJh,J9bYNuDpY1d1T86gLaw7DGk5D3CsUAf2tzUwxMvb6FTv,A2NGvvPrMGzsJ4jb52KEnSBVmsA7C34dV1GC7PerdgvG,165.62360341099975,166.63854791400036,23597.35140538814,142.47577591238993,9.438940562155258,143.41480106717822,3567.388293494,1855.117683585,774317.7486438815
GokA1R67GqSavkd15zR62QD68Tuc5AEfvjssntVDEbM8,3YB7hfpBdbQEuZqLGWVDpRPmeZWCUsrrWyqGXegnQ6Cg,4DPCj6Z1DsG6HUtwSogBGqXEUxdEV5a8YVrrFtcnz7UW,3789.039055999994,3788.778535999996,3789.334624100674,1.0000780060844745,0.37893346241006737,1.0,15197.054583,17225.149322,32423.389367723565
HEDSDjj84KS7LKhZY7ejkCACTdPen62rKhCby1wXtgxc,EnnjMSFttpCTywBrYNt1J5QQeoSVkvzPipJDa8Y7kJow,6bjVT6JN2rSvpyn9PdfLYC8wJn4LWh49jpY47fnLDXZk,89.20050991500466,91.63073809799971,84.14290235971049,0.9433006878535409,0.0336571609438842,1.0,38812.36703539,9075.158450093,45686.89097180049
SQDY9uoDoCbNq7F3HAHYYQZbrUzpKxDtdWLvYcqBLak,GiehZ4X2uQjhEKuxSm3ACmEFrabxh3RTvjbLfLjw1xGX,rxDQYV77NKRKYxCjq4cECX3QQsiSyLv1T1FT2X3zNA2,59.31418524399999,59.100887009999994,59.44275528715118,1.0021676103721613,0.023777102114860473,1.0,169.752361165,236.93512352,407.0554416637601
KEN5P7p3asnb23Sw6yAmJRGvijfAzso3RqfyLAQhznt,9zj4aX38Uxf3h6AUjS4EipWS8mwbEofasHAf3a1uKGds,CwQDG1MWunn9cLNwcZLd8YBacweSR7ARo32w4mLua1Yr,135394.58541099844,135401.27145600016,135371.03085163026,0.999826030270733,13.537103085163027,1.0,1143210.644953,1140187.721778,2283199.482684602
KZMu9QBEdL97EFgamLbN5DE1AoKBG4HdrKKJo4Vuon3,DD4ACBWyVqdaKWh7v5btsgqQCCMwbKnuL2xd9pv7Gyuw,GcYqiJ1MAuYbNTNYXm1F1gQYTfTgkErACAhNU5dpVj9T,41.24703322999994,43.01479851000022,39.108483576810976,0.9481526430940117,0.015643393430724392,1.0,2404.03464955,696.57600088,2975.9678079404184
ALLwa5WNZbvQsRKAqe1jdRGemdYQnW8E5k4msbRFcYtu,CGoM82Hbz7QVqTgvQatYtjvDWBvoUJp5qm21P8iMs9yb,3dxNNww8TivyN5FMy5dCNdi3Zcxv6e4kUfSPxfFwpdNq,5.587645868999999,5.435545271000001,16175.913698868077,2894.9425353906727,6.4703654795472305,2851.505024351853,0.859033531,7.812396519,24763.94063437617
BUSDgu5JdqP1rndBvXvanbEufS94FNh1w5FJcAj6vawb,Bgzr8cWubt89JQFXndVjtdKmDbGzuPxNhvjH1EhWCwbo,Dxaf8xPBBQsasRKW5Aa4Sw2YrbfGofY9xZueyyF23FBW,29399.238444730006,29477.48353955998,29328.46124235229,0.9975925498032618,11.731384496940915,1.0,8828.79787109,6274.51555449,15082.058534408283
YAkoNb6HKmSxQN9L8hiBE5tPJRsniSSMzND1boHmZxe,CfWX7o2TswwbxusJ4hCaPobu2jLCb1hfXuXJQjVq3jQF,EnTrdMMpdhugeH6Ban6gYZWXughWxKtVGfCwFn78ZmY3,5231721.532911017,5229488.886493032,5231721.532911017,1.0,523.1721532911017,0.9993284512807393,340147.405922,1106819.018559,1446223.1415866334
BUSDTd9WiT6uBHJRgNvFXBsA7JrifsAtWzKfioN7ERcy,DyBxrn7gSc1EwnpWhDyhzvMHPtxpmBqRqotapLcKcfTM,Cds99GeBgoCpqBsoRWu1C6fF9LiUMd4pXQQD24s9LPff,448.85008117000007,447.9027973,447.0646391207435,0.9960221861949929,0.044706463912074355,0.9963588067407659,88.03027011,85.9119713,173.2792512955129
KysFMBBoavfov2tLpvefWW6tPFt6rAeZWDJVy1mMQae,B8ka2V21TH3x64dFV8ETcjuQcwmrciJ2qzy1mJUttRew,7fSf7EYxBANyxzk2s5pymFgshA91tFYQNKKs5UnLWcYS,32.017361999997775,36.569368999998005,0.0,0.0,0.0,0.021628474457615177,134131.9835,2896.486238,62.64657861541687
DFWzVTzNBrQZLjoQ4yQwkj9HuoXmfkuZP9V5vbymZe23,DhgiEgiNdqZdRdo195UUHnoEJUtefK8buko8nU97XJUZ,2K2kkXsouBHtWVjtcgkyiXd8eP3oVBvq1bTJzcVdLLr2,33.22984351400373,33.28850127599435,33.18416209690864,0.9986252894306938,0.013273664838763457,0.9992535595894937,35500.717423506,32435.554473856,67863.2574773055
STK75uPSyBnEhGTTzb1nwmP3n427XoXmfRhXxxhyady,6TYyD5fUmDe6N65avW1Ny2RxzRNobw2RRgKwH9CTzSAU,54zDfk4cx2vGrEajPtodWpArNe5eUurytyxd4X3aZAxK,323.4130185120012,363.1575380969963,46158.345655574296,142.72259622678564,4.61583456555743,160.49942284407544,1514.75969535,264.819523856,258693.81711677773
MARpDPs5A7XiyCWPNH8GsMWPLxmwNn9SBmKvPa9LzgA,6YjT74rmcfCpw8LSjPNx5JTmZoYLGrTKnf9arfSgZ4SR,F8GSmi3vA8M8TsybLya1LQ4n1aFHCRbZ6k437PeTdXtg,16431.824141999998,17293.19517500029,15453.392590154373,0.94045508621622,6.181357036061749,1.0,297127.876756,15078.167923,294513.59087480634
BSCNHw8CmxbZ8hCWWzMf5FaG2ajPT6JxfznKUNuRVrn4,7n9kgNL633yGzCYksgnzHyjG73ZLBAwvEae5sbAekbzW,SscdxE99omdG9AiMVwmaEMQySQnCgeAh1sPj2Leutm2,64.00104457399993,64.02570670799923,64.99008903000316,1.015453567400133,0.025996035612001266,0.9996168328733239,2536.36938922,9183.191507365,11755.238154789353
AUSejoEUCh2DBs9mof6BNC8Pubs22w4cJa1ccV9h44R,4xkyD7AfGQDwsQMy9MosRRNGoVJ1zosNinesxg1TzHG7,Cbm5gsQe3nSiCsFrvepVzMCD9xLK3ri9g3ypS2hdmVJ7,78.1312689999977,78.24047199999768,78.35709414532452,1.0028903299308607,0.007835709414532453,1.0,13391.557588,15487.645135,28917.90874271744
MATSnbbiTCv7Dc3trJrkrqjx7ckKdr6fwPoVwv9q3sD,631WX9JizSHJm4w6VanZeJAst9T8DeUUnPLesdGkCVtK,211maUSfpnXbPuW1iBu8b4dtJv5EbN1j7JJiEX5TZKEP,4665.227705999998,4658.560960999999,4666.1096007145325,1.0001890357277525,1.8664438402858132,0.99908982916563,18389.874235,27173.110247,45541.72865283335
BSC8REUo9LpiiWUuqMuLXs2D2yJsJfGd4HdiF3wCLxk5,AZjEH1zWVx1UJ6udMyRijGTzPteuLnaY18yNNmprJEsh,Caf8ypkSVR8xYnXNhjvfvdGCC7mrM3C11rz8Xi6NA6aK,62.218359264000355,62.09682418600005,62.33883835761336,1.001936391364835,0.024935535343045347,0.9996168328733239,2614.558389077,3595.821931918,6214.065328524774
wrmcMSHFi3sWpAEy4rGDvQb3ezh3PhXoV2xNjgLBkKU,8p4mGnARWPBu6P2Gcw4adodLkNDorrXniZMhaY7eJXUn,AyY89zccbsgp9LKFgH4CFZMJmpSgqmPSdTfukhP227rc,0.0034404799999999958,0.03299341000000311,1.0175924282756568,295.77048210588583,0.00040703697131026274,2881.76133252644,27.07968626,0.09607708,8286.243074482381
