0,1,2,3,4,5,6,7,8,9,10,11
C2ypsDADXcCRz8HbV2zX1AXPSja7a1P3xZtRC91xGhJh,J9bYNuDpY1d1T86gLaw7DGk5D3CsUAf2tzUwxMvb6FTv,A2NGvvPrMGzsJ4jb52KEnSBVmsA7C34dV1GC7PerdgvG,75.3711193879999,75.90592515000026,10966.212634280262,145.4962155706849,4.3864850537121045,144.74662392974346,3332.993855374,1842.103422637,751576.2438333947
MATSnbbiTCv7Dc3trJrkrqjx7ckKdr6fwPoVwv9q3sD,631WX9JizSHJm4w6VanZeJAst9T8DeUUnPLesdGkCVtK,211maUSfpnXbPuW1iBu8b4dtJv5EbN1j7JJiEX5TZKEP,3754.3032669999993,3750.970105999997,3756.2377294306566,1.0005152653616614,1.5024950917722626,0.9984583802608772,20186.820033,25371.290533,45529.3992528324
JSoLLrxK5bYdHwTEWYaGgmeycBCNXKDiBCTw5hXGBg7,xG4wXczA7Dk4hccJ61CHKpDHW4NrNfQwgmWgkb9BuF2,BVR6WgfhsRr9Lob4QDnkEAiNGgAbv7ZieKcY9kSg3QYR,2.562140143999841,2.177673898000009,438.49872274120315,171.1454870133093,0.17539948909648126,145.34220385871924,17.048163172,164.692435063,26854.477659669734
B2izdXFYb2sNwbWWHmh75T4aQFtfXsUxem9u2p61HGzf,4DYwgJtxwuJdAjkj5RJSNH4e7U329V5cNp7d3a1nLrZv,EXNW64GEf1ACC6xY9BtKRiunrs6GoJSXBdxWN2eTPmrF,1697.4160159999901,1682.6463759999951,1678.35659846779,0.9887715107242159,0.167835659846779,1.0,11287.344368,28434.452023,39595.05656581183
MARpDPs5A7XiyCWPNH8GsMWPLxmwNn9SBmKvPa9LzgA,6YjT74rmcfCpw8LSjPNx5JTmZoYLGrTKnf9arfSgZ4SR,F8GSmi3vA8M8TsybLya1LQ4n1aFHCRbZ6k437PeTdXtg,8591.488260000006,9036.24337900005,8071.331313501406,0.9394567121833443,3.228532525400563,1.0,296811.314725,15363.284821,294204.6666913644
C98Sspw7XqnMsgxea3SLQVdbMDL8pKUc3RE82UvX9eq2,CSqgQJurPCzGxb4Cgwx5R61hWQUiaoUHcShNc8r1cKEL,6S2CR5EnukPhC914XkAns8m5GixjMAoUuZMsS5ubHuWc,22.161565999999993,22.14882799999998,0.0,0.0,0.0,1.0,860.901597,902.880927,902.880927
CZgvH45CRmoaNJ7395Ao5CQZXkGznvqU7cErD6n7FaRg,4ZjU6MKvtqVQKCiowhvZ5yUsPxXX5SCzd5eFsPeXyey5,BsyWeshjDbCvjDojry3vKDCesmFRM37WtwcR4Kfgzqr,44.07596220999994,42.94025825,45.01306030411268,1.0212609787087104,0.018005224121645073,0.9997372790404409,246.30186366,558.11661098,809.5084643876085
TSMFNX73aQNb3yqszDKgyR8AVoigfbaD4cfLjjCYXZf,C5uYkVHiFduEFq8S3fr4pgUS24oYj1sjZ8WW2cb4j8SU,3F5DPU5ScgHiFzePYUHZovvgh3uqmM5keNvbavx2ERqV,79.15751300000011,126.895795000004,0.0,0.0,0.0,0.05231723223425815,2998.681215,82215.148803,4301.269033100642
MiMy69CnJDY4V6cQWkU3HHfTyb8pqXJmhX4MisFYDnM,,,0.003065426999999999,0.004398999999999986,0.0,0.0,0.0,0.05231723223425815,2998.681215,82215.148803,4301.269033100642
SQDY9uoDoCbNq7F3HAHYYQZbrUzpKxDtdWLvYcqBLak,GiehZ4X2uQjhEKuxSm3ACmEFrabxh3RTvjbLfLjw1xGX,rxDQYV77NKRKYxCjq4cECX3QQsiSyLv1T1FT2X3zNA2,20.94158567400001,21.0,21.01565893658402,1.0035371372415212,0.008406263574633609,1.0,148.810775491,257.869638935,407.2067785619289
KZMu9QBEdL97EFgamLbN5DE1AoKBG4HdrKKJo4Vuon3,DD4ACBWyVqdaKWh7v5btsgqQCCMwbKnuL2xd9pv7Gyuw,GcYqiJ1MAuYbNTNYXm1F1gQYTfTgkErACAhNU5dpVj9T,21.970529879999845,22.753619410000738,21.10677520750557,0.9606857605523405,0.00844271008300223,0.9997372790404409,2381.75797775,717.91464046,3005.84700354314
Sid7E679i9ABqptiAVhkmQ27YHN8vaYT4fppPwmxFsJ,GP7KB8o1bv527HG8kTzzzf4wJ5aEGHvcMQvVhLziUfmT,9gYxhAZ1M9wu5pxr8SBoa5NDm21gi3s9vMHaYTME77sa,1233.0189699999992,3171.7248349999863,10.64073866060118,0.00862982559027554,0.004256295464240473,0.023181096427844036,133187.401678,9663.156353,1373.3866065193383
wrmcMSHFi3sWpAEy4rGDvQb3ezh3PhXoV2xNjgLBkKU,8p4mGnARWPBu6P2Gcw4adodLkNDorrXniZMhaY7eJXUn,AyY89zccbsgp9LKFgH4CFZMJmpSgqmPSdTfukhP227rc,0.0028223699999999907,0.02584460000000277,0.8894957453513995,315.1591553734636,0.0003557982981405598,2934.9612585113878,27.05438072,0.0987184,8816.17045636955
SEQV6QiTpvTzrceiaYg9Avnwf7oc8ZALpnQMz6TyT4A,3dFMPj4r9mMmPHF32mz1gNDX7f8ftidWof7S8YiYTs1j,Fc1ED3YPeQfXQosHbd8DTaBd2AV5gHQtwiSAL5C5pUhi,789.7011385960004,789.9891617599997,788.9192005414645,0.9990098304075816,0.3155676802165858,0.9988802552338829,3206.787240457,2340.169119223,5541.1607043420645
MiMUFdSLMyCLpqpH6zkqdDrGYs7XBomwENbivdYjv9V,,,0.008960880000000004,0.013226000000000071,0.0,0.0,0.0,0.9988802552338829,3206.787240457,2340.169119223,2337.548727099921
RajgMbScQbqqrdJfR2rxfHJiTiY5b6bJ2tTXiF4aPxy,725ZA3fhyBAKb5iopNRrcbSuQa3LXA1656Q3mBvYPxeg,GLA6i1dSZpUfk2f9Nj8uiG7xyDdAR2reff8oEiZH3617,4657.028183609997,4666.06554920999,4648.421352570432,0.9981518619385091,1.8593685410281726,0.9997372790404409,133294.0310849,50639.06386121,183673.44523044364
WiiQFxXqp8P9Fs1rt9SVcDyA3KUdJmUsog6wnVQAwba,3S2jpqSYxho6wiz3cafhjXruVY8cg4HYa2v3BqBHYFSj,Dfe67M6TfrG74gKRtdqys4e6E9QirPD53BkF4FujFjuv,4721.971704898002,4711.386471073,4739.694018032873,1.0037531595364046,0.4739694018032873,1.0,4836.988255653,21991.760416915,26846.90266116718
KEN5P7p3asnb23Sw6yAmJRGvijfAzso3RqfyLAQhznt,9zj4aX38Uxf3h6AUjS4EipWS8mwbEofasHAf3a1uKGds,CwQDG1MWunn9cLNwcZLd8YBacweSR7ARo32w4mLua1Yr,36864.47098700027,36863.2723689999,36841.113720901216,0.9993664017013213,3.6841113720901215,1.0,1142387.250953,1157342.335517,2299005.7718513636
YAkoNb6HKmSxQN9L8hiBE5tPJRsniSSMzND1boHmZxe,CfWX7o2TswwbxusJ4hCaPobu2jLCb1hfXuXJQjVq3jQF,EnTrdMMpdhugeH6Ban6gYZWXughWxKtVGfCwFn78ZmY3,2006552.5373969988,2005709.2873220036,2006552.5373969988,1.0,200.6552537396999,0.9980777023452829,341784.811359,1103516.783857,1443180.3074904508
Lid8SLUxQ9RmF7XMqUA8c24RitTwzja8VSKngJxRcUa,4PgzyzLtds9bKZ2to9PMnKqJzKEUpjvNUaeN23phegax,AtymwxoVN9peZo7EXTcDz9jKVc4vRmisJKKrNfe3ewBa,14.423471841998435,12.189259156000162,2475.714289980617,171.64482429062627,0.24757142899806173,144.9514217052868,966.725664678,7676.559012686,1278661.5995442627
BUSDTd9WiT6uBHJRgNvFXBsA7JrifsAtWzKfioN7ERcy,DyBxrn7gSc1EwnpWhDyhzvMHPtxpmBqRqotapLcKcfTM,Cds99GeBgoCpqBsoRWu1C6fF9LiUMd4pXQQD24s9LPff,583.86867327,586.7427403899999,582.001235007294,0.9968016125060326,0.058200123500729395,0.9980886602156871,103.43500724,70.46003147,173.42954041505263
KysFMBBoavfov2tLpvefWW6tPFt6rAeZWDJVy1mMQae,B8ka2V21TH3x64dFV8ETcjuQcwmrciJ2qzy1mJUttRew,7fSf7EYxBANyxzk2s5pymFgshA91tFYQNKKs5UnLWcYS,140.63861399999996,186.70980100001907,0.0,0.0,0.0,0.02331401169071791,134179.061563,2859.592955,66.66858358356457
DA1mL7dfBow33EH5yjUuZE6SH2KeUK5zEXzsyhE5r5j5,B4UtLRZND3D83CitRCBUyeiNr7H8m7YFRqBmiPmXjhW4,AAmpYbuixWiSqDaJBCqYEs1pb5SrbdPr9mgXrB58Q2e,5.798613044000376,4.423362916000002,7.558848771385621,1.303561509283069,0.0030235395085542486,1.0,134.965989112,2907.263393381,3083.199861849721
SoNcU2iwHMw6dGzsYNQkYFkUjwN1UdAjrWVRnStrZu2,8ivTTid27jZnYNc4w3CTA1Z6QS2twsFb8WMwUabeDJgc,CyXm53PMvHCbeXJBykU46Rcbo28xk5srhMZFg7gv6EYB,2.5208387230000024,2.5008516830000076,433.7270085890673,172.05662727716947,0.17349080343562692,170.2670775324759,15.346843338,19.343018054,5934.005258799876
KwnjUuZhTMTSGAaavkLEmSyfobY16JNH4poL9oeeEvE,J63v6qEZmQpDqCD8bd4PXu2Pq5ZbyXrFcSa3Xt1HdAPQ,BnKQtTdLw9qPCDgZkWX3sURkBAoKCUYL1yahh6Mw7mRK,200.8914159999997,8591.814451000013,4.637458861281369,0.02308440526538663,0.00046374588612813696,1.0,275787.453594,613.666389,6980.055734872905
NorjjEePhxfwLF4vZjUHCrVVKLzQjEEGQFd3wgjEJmh,34M8pFVqgbV7aqHxvRT5tCv3vu2P1JJYT8J3VaxBK2oG,3AZWBSze3ucsY3xSeuLne3b2pauVqiaJ1SZSV5T9WGWw,56.3172669999999,98.4310850000038,31.90619113257173,0.5665436700359019,0.012762476453028693,1.0,38235.101644,2131.798662,23793.65347158751
Lee1XZJfJ9Hm2K1qTyeCz1LXNc1YBZaKZszvNY4KCDw,9DgFSWkPDGijNKcLGbr3p5xoJbHsPgXUTr6QvGBJ5vGN,2hNHZg7XBhuhHVZ3JDEi4buq2fPQwuWBdQ9xkH7t1GQX,1028.7434130458842,866.3405865589984,177166.05737442343,172.21598226313156,17.716605737442343,144.59883583477267,6694.335450669,53885.54726642,8944658.958279815
SAMyS8Jr2HJrkFwYVKbpUwsNStnQmvz3f8Tup8bWUWF,6jPzm5TFfquvgm25sTyN3MMGBfufRaFHMxobDWv6hMFW,Cj9ECoDmxsHTDzCY5ZA6RWrPbg9uFzEC1Qc2kso2vJG6,944.6949521700008,22.80316161999997,907.5549886153941,0.9606857605523405,0.36302199544615765,0.023333073014015406,515.91706623,107415.24582629,3001.9619528363382
HEDSDjj84KS7LKhZY7ejkCACTdPen62rKhCby1wXtgxc,EnnjMSFttpCTywBrYNt1J5QQeoSVkvzPipJDa8Y7kJow,6bjVT6JN2rSvpyn9PdfLYC8wJn4LWh49jpY47fnLDXZk,13.432442038001682,13.146953628005576,13.011498904747384,0.9686622036362853,0.005204599561898954,1.0,38851.912726328,9036.812146485,46671.191543454515
Cob4usZcpHEY7Qt4ZCwj6WVg9S44zvzYV2v9qYF65dTf,NhFM9UXE48PyNAyeyPYA3iXztqKVJwA4bTdLj4ysM8w,6TuFuynuBoeskxyR2cz4wxyidk8dpDK7kAWw3UkjQGx,163.55407800000674,6713.699990999972,1.4110064489540166,0.00862715541066459,0.0005644025795816066,1.0,71611.738675,182.306725,800.112323777125
STK75uPSyBnEhGTTzb1nwmP3n427XoXmfRhXxxhyady,6TYyD5fUmDe6N65avW1Ny2RxzRNobw2RRgKwH9CTzSAU,54zDfk4cx2vGrEajPtodWpArNe5eUurytyxd4X3aZAxK,383.41517653600056,433.32169548799055,55336.862667829824,144.3262188204853,5.533686266782982,163.26210751789353,1508.84305232,264.138266653,260889.3826247974
GokA1R67GqSavkd15zR62QD68Tuc5AEfvjssntVDEbM8,3YB7hfpBdbQEuZqLGWVDpRPmeZWCUsrrWyqGXegnQ6Cg,4DPCj6Z1DsG6HUtwSogBGqXEUxdEV5a8YVrrFtcnz7UW,5587.377596,5587.546906000003,5587.6737427083635,1.0000530028091488,0.5587673742708363,1.0,15922.377229,16498.520256,32421.741415721463
BUSDgu5JdqP1rndBvXvanbEufS94FNh1w5FJcAj6vawb,Bgzr8cWubt89JQFXndVjtdKmDbGzuPxNhvjH1EhWCwbo,Dxaf8xPBBQsasRKW5Aa4Sw2YrbfGofY9xZueyyF23FBW,11190.921975740002,11231.538698350001,11159.375759592725,0.9971810887239082,4.46375030383709,0.9997372790404409,8716.50715146,6372.74857979,15063.010416330704
BUSD5rCfUDpCxKGMvYU2yThChxgHoioK74PTPociGnv2,CcFHbafgYDZ8yA8Me1PdtDiVb2eeaS61LbqyKKK5CsNZ,26R9s4nmF3CFDTkiePDwRmtscn8i7r2eygbSijditJ58,57.74391324999999,58.62054714,57.6671058550406,0.9986698616246036,0.005766710585504061,0.9997372790404409,104.52536887,43.49967897,147.87458635826403
KEVpg4SYCVrqFxKijQH6hm4QxsRdoE51ud64bEEFUC9,2bPenuBYfqzD8p5dFjCcggwkHDsc2RQDnx9AoyYGUBjA,AE6n6iLuX8oYu61vt5hoDYkjswpnxFxrhSehxrnQTnbx,290.3019157970007,290.57672587299976,291.0263969094671,1.0024956125779516,0.11641055876378685,0.9977576793018443,1751.024845852,5774.284789348,7516.7317165294135
MAR3XM1n9xWPQ3HJjAcC85o8DopWFP5p2WxGTaZ3fPB,6qG7GUhER8Cg9gDEgnebph9LdS6eu2eoWcA4R7z9uizK,4QV4CwRXVMY227KkFF9voNAfwWHVvVajXSXDKbUHkWZR,0.20823000000000036,0.0049949999999999994,0.1945841992733583,0.9344676524677422,7.783367970934332e-05,0.023176893934653213,0.117321,24.052142,0.6670866234903857
BSC8REUo9LpiiWUuqMuLXs2D2yJsJfGd4HdiF3wCLxk5,AZjEH1zWVx1UJ6udMyRijGTzPteuLnaY18yNNmprJEsh,Caf8ypkSVR8xYnXNhjvfvdGCC7mrM3C11rz8Xi6NA6aK,106.70848689700051,106.53118362899977,106.86104803397564,1.0014297001242496,0.04274441921359026,0.9972867656687334,2696.67336728,3513.437713513,6204.433735216191
AURHmCnNwiW4uA2Qj1XvEh4iKgRUZYXtiY7FKAapUV5Y,BKWm4TRnTeKwfWXRyuzjRHU7iZDkPuXBX5b5V5jSVfGJ,A5Ww74HVrkj9nPeC7pHKLfgeDMEhBCpW1efQdz3TGLEg,0.0019803739997996672,0.0018165540000154579,0.3160588709348688,159.59554658202995,0.0001264235483739475,144.19853947067313,289.930969547,1795.284506641,305149.0953478715
TETFuZgEmET6d9vYmz9iMFCxK1jKdKYxf3oPz8hSzJK,Eu1Ze6Z84LWNkq7SNoAHBJbXx5t1P95EwyqYohrfCRFV,ASMbv7WNu3qe4pkhREmvyEdwFNDZQ6B6iSrjkj4u8bdC,126.96166686899998,127.007163768,127.50774505378831,1.0043011264600974,0.05100309802151533,0.99852916653769,37.487461682,214.148030455,251.48175436128133
ACUSESXyNnwRLAg1dpSGMLSzUDdLjUMybY8rkXiAKhCP,AhFPQdu8GKBsxuhiH46UmCu1YpaLgNpoP325HnYtsgas,A8wxWpT3aFEr2XqZp1kDmbxbFfcBE95UUmdsNTDBJYbT,456.0780002649999,456.2596428070001,455.5616220774983,0.9988677853630267,0.18222464883099934,0.9879012348269508,1045.180416672,1840.979146512,2862.7026202358365
7dwD9TF6uikvHXxPFK9AsSim54yJoujQjY9vU6gNFumk,CquVr6atkvwueDYficKjn6SSEWq4F4rH4VSiBbW4GBWU,8BCa6ge3b7ho3TfZuM64Vk1hgbrJ3J7EPiAb9uP86CGd,0.00014669199999999992,0.00014719500000000014,0.025085276636262276,171.0064395894956,1.0034110654504911e-05,171.5834181098405,0.003975071,0.003533745,1.286094784654014
MiMuMS9C4vBqcrYeeQPph1E7oAW9aNKvW9k6Zw9XffM,Afy2q2hh6Y474pshJa5fnQ6PfEchGyTbKrQpCZw2hr3m,5pXz9ksgjeL8Wgb37bksUaBFMLdFfsNNY3FQnikkCPtS,0.7926694390007469,0.012026306999999292,0.0,0.0,0.0,0.02335043916455211,26.019090237,7672.886734602,179.16527491282287
vEnkoSUkpnbRrPgBz9DfcVxNz67zjwMYBZraAvDDNSf,DtfyjjsZ5yCjWKLKHvwsfXs5QVsmm1QkK6Sh9JZHoq1g,e5wrKCRv4GhHvEf1VD5Pq2KGaZDXP77nTL612Jyrxwy,161.8606090000003,161.84385099999986,161.61737485084976,0.99849726162126,0.016161737485084978,0.9812156083929258,850.269233,1097.699551,1926.0714335584153
AUSejoEUCh2DBs9mof6BNC8Pubs22w4cJa1ccV9h44R,4xkyD7AfGQDwsQMy9MosRRNGoVJ1zosNinesxg1TzHG7,Cbm5gsQe3nSiCsFrvepVzMCD9xLK3ri9g3ypS2hdmVJ7,1021.8008430000009,1019.290461999999,1024.8415478725387,1.00297582928549,0.10248415478725388,1.0,13376.262404,15502.906745,28918.97462239222
ALBpShJ9NLpE739pcHDF2LNVk5J4VYPvvKuV6jMPitZi,D6d156U1bPiJpDYRLextvDRccgFk7QzkQbJg42ceKEu5,GNcM8U5g8RwTZffwwm3kSQqUNPSwv5d2fbN9sLxPJqt2,2023.4021710000015,2023.2216800000024,2012.7046458075345,0.9947130998741688,0.8050818583230138,0.9947912728951211,50992.69229,49322.754476,99788.9447265891
MATgk4zXLXtYkwBH678J1xZbRDZ45LicNzkRBHkxTuY,y8dALFo1bJrSzPYjMX14HJX448pXqYmrfXHD1K8MXih,GN7Yuet3UyiWS5YVkEHv6oQKi4HGBJc3XDPt9zQhAqZz,2877.2723929999997,2880.1825690000005,2877.0853824501405,0.9999350042247254,1.1508341529800563,1.0,4312.955675,3752.82455,8065.499901102177
daob129AwBGn9Y5r91uLoWZeYiGzbPmksauMhFZKTze,6VW5GQNyj4LStgmxEHLr5zUfW92vQnmbw8jTnCH7a38F,4VPCCUifPeBA1c7HWK358CHn2nyjm8pdTRk6Ps3KmnMQ,9.281256066000026,8.324704314000002,1503.4055409194973,161.9829827157678,0.601362216367799,144.57379140286164,47.854165589,224.599406497,40222.74822158428
ALLwa5WNZbvQsRKAqe1jdRGemdYQnW8E5k4msbRFcYtu,CGoM82Hbz7QVqTgvQatYtjvDWBvoUJp5qm21P8iMs9yb,3dxNNww8TivyN5FMy5dCNdi3Zcxv6e4kUfSPxfFwpdNq,2.539693280000003,2.5222663499999998,7417.328504672906,2920.5607476635514,2.9669314018691626,2883.9387682120732,0.817027595,7.851276041,25028.77807828946
BSCuChvaSj9b5HUSqgDVRzcnr2sSn7cXaamt1jbKH6hn,GnKpRj5kBVPMJfiwZtEuD9GYApLzPdW5JFuZTcyX4BTc,3dmwD9okkomV9nDwyuh4UMhKdUR13QpuKxRo89ycZB5t,115.29770019199987,115.08842085300012,115.45019685617461,1.0013226340501225,0.04618007874246985,0.9982022377697767,1320.32107964,1681.365715435,3000.4104009136254
SoN9GaFpSXfpyR5dth3x7PHPVhvJMpQqqDJfCSmPv1t,9kZ9iS68ViMPtoeqtnhAKuF2iqVyfHPdZHoUNdwCELr,BBhm5fJLjw3HRzjtKB8uMEYjGhY6EDm9co3cqpjrSzB9,1.0674052880000007,1.0624310529999998,185.56154218713993,173.84356651898077,0.07422461687485597,170.0318231560219,0.864664645,1.356251564,380.92231181479445
ercAoEmXjQzEvAFbdjAo81KtMxRGn9AW1ju882upmPH,CMRhskR2Eg6V42RTSdRTXGdozyPbWB8U9dVpijPWb9T4,7TKLLgrWswt6ZJ1pXhVR3FyufHGjJFqiEXxvWJfDcgRm,30.357583753000036,30.683018552999968,4383.02165148249,144.37979277745862,1.753208660592996,131.23664421076447,52.108086678,378.354836749,57177.37385244988
RoBgmK8CvjdHvPrqdDyVw54VwjZv2TqJ493xnqJAQHx,ExiHJxM7qPAcy27NDHAF6G7vnW7muNHi2sVJpnaNynGQ,6rkPHSqZb7StM4HwS9EuVrmfkV7tRdc7dnsFhyB6cefE,15.55067200000023,174.59147299999972,0.0,0.0,0.0,0.9478169879134378,6196.77369,20.208502,19.153961495882683
parEAJhzYzHW87y9VoZAQ22dzQ2MD2ekEtTReaxbMcz,3oyc6hpjYSJEquK6dSvG72NXyz3pqLZz5D8AC71pwgQb,Di2vordgFJVZ1aj1aBpvzXtLfZgJsuLLXawGtVFwX6Rz,1.4392301320000058,1.5247468130002062,203.42880783913938,141.34557310612126,0.08137152313565575,167.08072053894892,1103.680696168,139.611852424,179326.82942480815
FrnkTEL6yZ5Aycq2TrEgu29dCrwKG4LPUZydfiwqspkc,DjvZuMZ46fxKBoBpGMPcRcos4xdTtHFxwMh69DpA2ZFY,9rvDPJLAng4uVVqnnSoEXgNDFhBZQTny9AoQioYDZbQX,19.36552887200088,16.151447005999785,3367.754655382961,173.90460532436774,1.3471018621531847,143.73458087283686,172.565216263,1439.161445877,236867.15305840768
KEnkcdADoLR5jS2CLLLesy8TtFsyWL37BhXNfDMzWzP,3qsjFRuw1qeLMPo4DLwaQevenGAGBj9dA3Q6rb8ax2YR,77iEv8zPQAEyCcEbvBRSB6AFcUdfkhiqnAKtPxk76rNN,1.7844709999999955,2.7051589999999934,0.015352871944832038,0.008603598458496706,6.141148777932815e-06,0.998844337101973,119.371175,0.296798,1.3234766587821318
heyk4SZTeCUV6a65WiVA5bzic3KcxgVf1qxobfeV4tQ,9ZDpBKPqMABtGfq66FbVribaArMvtk63xxy91onZAtDt,DaTP4s6N7xxSPinbNZ3FB52EpRDRt87QShTuN3VPCW52,18.694670117998612,16.16513089500006,3120.499668998964,166.9192154396268,1.2481998675995856,144.47614251011115,619.690823196,4499.751931107,753545.1072817756
