0,1,2,3,4,5,6,7,8,9,10,11
AURHmCnNwiW4uA2Qj1XvEh4iKgRUZYXtiY7FKAapUV5Y,BKWm4TRnTeKwfWXRyuzjRHU7iZDkPuXBX5b5V5jSVfGJ,A5Ww74HVrkj9nPeC7pHKLfgeDMEhBCpW1efQdz3TGLEg,0.004094695999981468,0.004384024000160025,0.6815956347976606,166.45817779897345,0.00027263825391906423,150.03973802461581,289.929623773,1795.286181719,317625.42524752714
Lid8SLUxQ9RmF7XMqUA8c24RitTwzja8VSKngJxRcUa,4PgzyzLtds9bKZ2to9PMnKqJzKEUpjvNUaeN23phegax,AtymwxoVN9peZo7EXTcDz9jKVc4vRmisJKKrNfe3ewBa,59.21659782599863,50.03805275399998,10425.31419920618,176.05392038630455,1.042531419920618,151.23120347372026,966.520644741,7676.791973158,1331130.2375590315
BUSD5rCfUDpCxKGMvYU2yThChxgHoioK74PTPociGnv2,CcFHbafgYDZ8yA8Me1PdtDiVb2eeaS61LbqyKKK5CsNZ,26R9s4nmF3CFDTkiePDwRmtscn8i7r2eygbSijditJ58,213.09732130999998,213.71075562000001,213.0069254309856,0.9995758000219868,0.021300692543098562,1.0,107.80198672,40.28921726,148.0454743796036
KEVpg4SYCVrqFxKijQH6hm4QxsRdoE51ud64bEEFUC9,2bPenuBYfqzD8p5dFjCcggwkHDsc2RQDnx9AoyYGUBjA,AE6n6iLuX8oYu61vt5hoDYkjswpnxFxrhSehxrnQTnbx,167.8015558469997,167.4279876170001,168.2279725415392,1.0025411963100528,0.06729118901661568,0.9997800943691231,1654.593194717,5871.190642531,7528.697375486809
AUSejoEUCh2DBs9mof6BNC8Pubs22w4cJa1ccV9h44R,4xkyD7AfGQDwsQMy9MosRRNGoVJ1zosNinesxg1TzHG7,Cbm5gsQe3nSiCsFrvepVzMCD9xLK3ri9g3ypS2hdmVJ7,987.4577329999993,984.9578409999995,990.3882919558969,1.0029677816659497,0.0990388291955897,1.0,13396.340513,15482.947238,28919.045164765303
BUSDTd9WiT6uBHJRgNvFXBsA7JrifsAtWzKfioN7ERcy,DyBxrn7gSc1EwnpWhDyhzvMHPtxpmBqRqotapLcKcfTM,Cds99GeBgoCpqBsoRWu1C6fF9LiUMd4pXQQD24s9LPff,365.71874794999997,365.82202331999997,367.4192856523633,1.0046498510450874,0.03674192856523634,0.9942037918932622,67.22465491,106.78247703,173.70078311287008
daob129AwBGn9Y5r91uLoWZeYiGzbPmksauMhFZKTze,6VW5GQNyj4LStgmxEHLr5zUfW92vQnmbw8jTnCH7a38F,4VPCCUifPeBA1c7HWK358CHn2nyjm8pdTRk6Ps3KmnMQ,15.13200944300008,13.55210245900004,2551.089091656413,168.58891750404783,1.0204356366625653,145.59425240481667,48.142422798,224.290931008,40771.74936682709
RajgMbScQbqqrdJfR2rxfHJiTiY5b6bJ2tTXiF4aPxy,725ZA3fhyBAKb5iopNRrcbSuQa3LXA1656Q3mBvYPxeg,GLA6i1dSZpUfk2f9Nj8uiG7xyDdAR2reff8oEiZH3617,18240.30021141999,18248.64164057,18238.672957018767,0.9999107879594983,7.295469182807508,1.0,103168.17246796,80766.26008705,183925.2287118293
SoN9GaFpSXfpyR5dth3x7PHPVhvJMpQqqDJfCSmPv1t,9kZ9iS68ViMPtoeqtnhAKuF2iqVyfHPdZHoUNdwCELr,BBhm5fJLjw3HRzjtKB8uMEYjGhY6EDm9co3cqpjrSzB9,0.25703591100000045,0.2513594530000005,46.70619439309609,181.71077423144973,0.018682477757238438,175.65650300574623,0.839264006,1.382463597,395.34203329661335
heyk4SZTeCUV6a65WiVA5bzic3KcxgVf1qxobfeV4tQ,9ZDpBKPqMABtGfq66FbVribaArMvtk63xxy91onZAtDt,DaTP4s6N7xxSPinbNZ3FB52EpRDRt87QShTuN3VPCW52,66.18149528500044,57.236602795999715,11328.97347491556,171.1803794418527,4.531589389966224,146.89553186391774,629.274172645,4488.777652905,767100.7723886773
RoBgmK8CvjdHvPrqdDyVw54VwjZv2TqJ493xnqJAQHx,ExiHJxM7qPAcy27NDHAF6G7vnW7muNHi2sVJpnaNynGQ,6rkPHSqZb7StM4HwS9EuVrmfkV7tRdc7dnsFhyB6cefE,1.127883999999998,61.95588899999984,0.0,0.0,0.0,0.9105494437453447,6229.892092,19.590011,17.837673619015185
parEAJhzYzHW87y9VoZAQ22dzQ2MD2ekEtTReaxbMcz,3oyc6hpjYSJEquK6dSvG72NXyz3pqLZz5D8AC71pwgQb,Di2vordgFJVZ1aj1aBpvzXtLfZgJsuLLXawGtVFwX6Rz,3.4526530190000244,4.083060371999636,509.4341877824762,147.5486198523422,0.20377367511299052,174.07503922345822,1101.384978849,141.563258211,187150.4632809514
SUiuyGR7SFq3xeRVJonq84fjjeFwRSsFekcevJ53tzy,49GjCCPsv7fBqo6t3iKDrP1xxGDS8uWZbVCdfnp2gjMf,CEwj5xEbbJEjYqM8D6Ai8ByGz1mrh8mkAVsE5fzDSSSx,0.1284940000000001,14.016129999999976,0.0010763831809528018,0.008376913948922135,4.305532723811207e-07,0.9396376757122453,646.561999,1.65488,6.9711818250487605
HEDSDjj84KS7LKhZY7ejkCACTdPen62rKhCby1wXtgxc,EnnjMSFttpCTywBrYNt1J5QQeoSVkvzPipJDa8Y7kJow,6bjVT6JN2rSvpyn9PdfLYC8wJn4LWh49jpY47fnLDXZk,100.44286119300159,102.72275471499597,96.88393337259998,0.964567637977147,0.03875357334903999,0.9993494225265858,38863.969836899,9025.198438172,46506.25443536778
BSCrK1Nx9PXU9mF7STWWBqeHLxmtJDr9h7jheEy4tAWX,FfSySSbVJPvEo5a5AvrP3nySoXpRE2QPn1uUMpJJ1x7v,HL7Vcj6838ZmvBHDbQxXfjBNckNi83WvPiZQoMQLFeRM,0.04421604400000001,0.04416793800000007,130.89298792491485,2960.3052666791,0.05235719516996594,2924.489676551442,0.840058405,0.964251245,5306.772132243919
ALLwa5WNZbvQsRKAqe1jdRGemdYQnW8E5k4msbRFcYtu,CGoM82Hbz7QVqTgvQatYtjvDWBvoUJp5qm21P8iMs9yb,3dxNNww8TivyN5FMy5dCNdi3Zcxv6e4kUfSPxfFwpdNq,8.207533696000002,7.978337745000002,24245.343542479037,2954.0352120997286,9.698137416991615,2953.3896052499454,2.59662558,6.068446554,25593.010368557334
CZgvH45CRmoaNJ7395Ao5CQZXkGznvqU7cErD6n7FaRg,4ZjU6MKvtqVQKCiowhvZ5yUsPxXX5SCzd5eFsPeXyey5,BsyWeshjDbCvjDojry3vKDCesmFRM37WtwcR4Kfgzqr,4.9096679000000165,5.017635999999925,5.021089850442314,1.0226943965888806,0.0020084359401769253,1.0,241.39219576,563.13424698,810.0046929640381
BSCuChvaSj9b5HUSqgDVRzcnr2sSn7cXaamt1jbKH6hn,GnKpRj5kBVPMJfiwZtEuD9GYApLzPdW5JFuZTcyX4BTc,3dmwD9okkomV9nDwyuh4UMhKdUR13QpuKxRo89ycZB5t,830.8338536680001,831.0472068720001,828.8825249519988,0.9976513610905641,0.33155300998079956,0.994714089329304,1756.106648155,1246.110157497,2991.5055182706483
ercAoEmXjQzEvAFbdjAo81KtMxRGn9AW1ju882upmPH,CMRhskR2Eg6V42RTSdRTXGdozyPbWB8U9dVpijPWb9T4,7TKLLgrWswt6ZJ1pXhVR3FyufHGjJFqiEXxvWJfDcgRm,0.12679679200000038,0.14115621700000247,19.019883030760095,150.00287255500942,0.007607953212304038,132.33060260312823,47.610599717,369.854834592,56084.83985885639
JSoLLrxK5bYdHwTEWYaGgmeycBCNXKDiBCTw5hXGBg7,xG4wXczA7Dk4hccJ61CHKpDHW4NrNfQwgmWgkb9BuF2,BVR6WgfhsRr9Lob4QDnkEAiNGgAbv7ZieKcY9kSg3QYR,2.4009858130000907,2.048614878999995,422.97625769678484,176.16774551794023,0.16919050307871394,150.3020319331697,17.061056224,164.678927065,27757.185165580657
Sid7E679i9ABqptiAVhkmQ27YHN8vaYT4fppPwmxFsJ,GP7KB8o1bv527HG8kTzzzf4wJ5aEGHvcMQvVhLziUfmT,9gYxhAZ1M9wu5pxr8SBoa5NDm21gi3s9vMHaYTME77sa,515.0230010000032,1369.2378970000136,4.314303361092666,0.008376913948922135,0.0017257213444370663,0.022230256731010513,132767.703584,9819.547727,1330.4746950727897
C2ypsDADXcCRz8HbV2zX1AXPSja7a1P3xZtRC91xGhJh,J9bYNuDpY1d1T86gLaw7DGk5D3CsUAf2tzUwxMvb6FTv,A2NGvvPrMGzsJ4jb52KEnSBVmsA7C34dV1GC7PerdgvG,642.0027034530005,646.6410553150013,96931.351068324,150.98277709265147,38.7725404273296,148.21808512609283,3854.85790231,2033.104936211,883360.0718939183
B2izdXFYb2sNwbWWHmh75T4aQFtfXsUxem9u2p61HGzf,4DYwgJtxwuJdAjkj5RJSNH4e7U329V5cNp7d3a1nLrZv,EXNW64GEf1ACC6xY9BtKRiunrs6GoJSXBdxWN2eTPmrF,12457.284292000002,12353.232803000004,12554.974548965505,1.0078420187478774,1.2554974548965505,1.0,10325.7398,29408.510611,39815.225056097304
KEN5P7p3asnb23Sw6yAmJRGvijfAzso3RqfyLAQhznt,9zj4aX38Uxf3h6AUjS4EipWS8mwbEofasHAf3a1uKGds,CwQDG1MWunn9cLNwcZLd8YBacweSR7ARo32w4mLua1Yr,134999.0401949999,135005.16815700033,134624.51479484065,0.9972257180523783,13.462451479484065,1.0,1178176.693143,1105228.927394,2280137.026206105
KysFMBBoavfov2tLpvefWW6tPFt6rAeZWDJVy1mMQae,B8ka2V21TH3x64dFV8ETcjuQcwmrciJ2qzy1mJUttRew,7fSf7EYxBANyxzk2s5pymFgshA91tFYQNKKs5UnLWcYS,55.00924499999792,55.52424300000621,0.0,0.0,0.0,0.021735131170647213,134145.943161,2885.542939,62.717654277699864
BUSDgu5JdqP1rndBvXvanbEufS94FNh1w5FJcAj6vawb,Bgzr8cWubt89JQFXndVjtdKmDbGzuPxNhvjH1EhWCwbo,Dxaf8xPBBQsasRKW5Aa4Sw2YrbfGofY9xZueyyF23FBW,18237.04073196001,18281.894722130004,18191.980469775008,0.9975291900233554,7.2767921879100035,1.0,8499.1988302,6604.79418201,15082.993106946857
SQDY9uoDoCbNq7F3HAHYYQZbrUzpKxDtdWLvYcqBLak,GiehZ4X2uQjhEKuxSm3ACmEFrabxh3RTvjbLfLjw1xGX,rxDQYV77NKRKYxCjq4cECX3QQsiSyLv1T1FT2X3zNA2,59.31418524399999,59.100887009999994,59.44275528715118,1.0021676103721613,0.023777102114860473,0.9997800943691231,169.752361165,236.93512352,407.0033382959456
wrmcMSHFi3sWpAEy4rGDvQb3ezh3PhXoV2xNjgLBkKU,8p4mGnARWPBu6P2Gcw4adodLkNDorrXniZMhaY7eJXUn,AyY89zccbsgp9LKFgH4CFZMJmpSgqmPSdTfukhP227rc,0.0024105800000000094,0.02341682000000489,0.7415914229899584,307.6402454969159,0.0002966365691959834,2890.0063580139877,27.06695263,0.09739344,8608.351612775446
MATSnbbiTCv7Dc3trJrkrqjx7ckKdr6fwPoVwv9q3sD,631WX9JizSHJm4w6VanZeJAst9T8DeUUnPLesdGkCVtK,211maUSfpnXbPuW1iBu8b4dtJv5EbN1j7JJiEX5TZKEP,6972.678296999999,6960.998327999991,6971.744083292836,0.9998660179535941,2.7886976333171347,0.994658682872972,18004.5505,27560.82111,45415.7482376496
Lee1XZJfJ9Hm2K1qTyeCz1LXNc1YBZaKZszvNY4KCDw,9DgFSWkPDGijNKcLGbr3p5xoJbHsPgXUTr6QvGBJ5vGN,2hNHZg7XBhuhHVZ3JDEi4buq2fPQwuWBdQ9xkH7t1GQX,2464.4035920608076,2075.3300216959933,441550.23828176345,179.1712362797386,44.15502382817635,149.00975566870363,6704.927816673,53885.307459328,9230766.704727149
vEnkoSUkpnbRrPgBz9DfcVxNz67zjwMYBZraAvDDNSf,DtfyjjsZ5yCjWKLKHvwsfXs5QVsmm1QkK6Sh9JZHoq1g,e5wrKCRv4GhHvEf1VD5Pq2KGaZDXP77nTL612Jyrxwy,3646.1414840000007,3646.910929,3579.8638840506865,0.9818225375399848,0.35798638840506863,0.9938204245998381,1193.879109,754.70008,1922.213770265488
SoNcU2iwHMw6dGzsYNQkYFkUjwN1UdAjrWVRnStrZu2,8ivTTid27jZnYNc4w3CTA1Z6QS2twsFb8WMwUabeDJgc,CyXm53PMvHCbeXJBykU46Rcbo28xk5srhMZFg7gv6EYB,6.090074333999997,6.039657491000003,1079.4436615274662,177.24638523721947,0.43177746461098654,175.10758172051953,15.357266137,19.336260176,6107.945668847355
KZMu9QBEdL97EFgamLbN5DE1AoKBG4HdrKKJo4Vuon3,DD4ACBWyVqdaKWh7v5btsgqQCCMwbKnuL2xd9pv7Gyuw,GcYqiJ1MAuYbNTNYXm1F1gQYTfTgkErACAhNU5dpVj9T,26.74261194999997,27.900169409999762,25.71312106542456,0.9615037272163158,0.010285248426169824,1.0,2376.78152737,722.73747788,3008.021775225143
BSC8REUo9LpiiWUuqMuLXs2D2yJsJfGd4HdiF3wCLxk5,AZjEH1zWVx1UJ6udMyRijGTzPteuLnaY18yNNmprJEsh,Caf8ypkSVR8xYnXNhjvfvdGCC7mrM3C11rz8Xi6NA6aK,1920.9803198139994,1923.9896121770003,1918.0777005021405,0.9984889906044743,0.7672310802008562,0.9997800943691231,3537.427998324,2673.60103197,6205.096003430888
C98Sspw7XqnMsgxea3SLQVdbMDL8pKUc3RE82UvX9eq2,CSqgQJurPCzGxb4Cgwx5R61hWQUiaoUHcShNc8r1cKEL,6S2CR5EnukPhC914XkAns8m5GixjMAoUuZMsS5ubHuWc,89.91951399999971,89.95401900000036,0.0,0.0,0.0,1.0,882.452678,881.398178,881.398178
MARpDPs5A7XiyCWPNH8GsMWPLxmwNn9SBmKvPa9LzgA,6YjT74rmcfCpw8LSjPNx5JTmZoYLGrTKnf9arfSgZ4SR,F8GSmi3vA8M8TsybLya1LQ4n1aFHCRbZ6k437PeTdXtg,15236.111218000035,16037.11310000021,14121.933064972869,0.9268725374155271,5.648773225989148,1.0,296568.475648,15614.553858,290495.7293993167
MAR3XM1n9xWPQ3HJjAcC85o8DopWFP5p2WxGTaZ3fPB,6qG7GUhER8Cg9gDEgnebph9LdS6eu2eoWcA4R7z9uizK,4QV4CwRXVMY227KkFF9voNAfwWHVvVajXSXDKbUHkWZR,0.0065689999999999915,0.27724600000000166,0.006108004470586914,0.9298225712569527,2.4432017882347657e-06,0.02221760244208776,0.110752,24.329388,0.6435203796551507
Cob4usZcpHEY7Qt4ZCwj6WVg9S44zvzYV2v9qYF65dTf,NhFM9UXE48PyNAyeyPYA3iXztqKVJwA4bTdLj4ysM8w,6TuFuynuBoeskxyR2cz4wxyidk8dpDK7kAWw3UkjQGx,131.85958099998922,1262.8519139999844,1.112705999466271,0.008438567687139563,0.00044508239978650844,1.0,71898.044932,179.88496,786.6014787316836
BSCNHw8CmxbZ8hCWWzMf5FaG2ajPT6JxfznKUNuRVrn4,7n9kgNL633yGzCYksgnzHyjG73ZLBAwvEae5sbAekbzW,SscdxE99omdG9AiMVwmaEMQySQnCgeAh1sPj2Leutm2,8511.577726942,8360.249131076996,8533.894483991935,1.0026219295371404,3.413557793596774,0.9997800943691231,4921.163029866,6783.611005768,11716.185224081242
STK75uPSyBnEhGTTzb1nwmP3n427XoXmfRhXxxhyady,6TYyD5fUmDe6N65avW1Ny2RxzRNobw2RRgKwH9CTzSAU,54zDfk4cx2vGrEajPtodWpArNe5eUurytyxd4X3aZAxK,218.08750424699917,246.13425136300134,32541.942005325065,149.21506905076535,3.2541942005325066,171.04990603373412,1514.10517176,264.524230689,271174.1525572886
SAMGk1Nd4haC8zQA63DG37pzuEZy8j4q13tSFtCbcRE,9U9TnkHD3jXMAVZtynCVLgDruuqN4pTvLJTmVHCLWS8g,C6zoEbvqSknmi96QWq96UBiPCyNW3YSTvKhavR2BfifE,0.013138019999999972,0.025048999999995658,0.020041920470095013,1.5254901781314882,8.016768188038006e-06,0.0,53.66623292,1.12562712,81.86731121677674
NorjjEePhxfwLF4vZjUHCrVVKLzQjEEGQFd3wgjEJmh,34M8pFVqgbV7aqHxvRT5tCv3vu2P1JJYT8J3VaxBK2oG,3AZWBSze3ucsY3xSeuLne3b2pauVqiaJ1SZSV5T9WGWw,19.738017000000127,34.79285399999935,11.182473931850378,0.5665449539257316,0.0044729895727401514,1.0,38235.101644,2131.806553,23793.710452245643
KwnjUuZhTMTSGAaavkLEmSyfobY16JNH4poL9oeeEvE,J63v6qEZmQpDqCD8bd4PXu2Pq5ZbyXrFcSa3Xt1HdAPQ,BnKQtTdLw9qPCDgZkWX3sURkBAoKCUYL1yahh6Mw7mRK,208.52570700002718,7795.190435999839,4.688561980140287,0.02248433561306509,0.00046885619801402876,1.0,276352.589367,600.73882,6814.3431868671905
GokA1R67GqSavkd15zR62QD68Tuc5AEfvjssntVDEbM8,3YB7hfpBdbQEuZqLGWVDpRPmeZWCUsrrWyqGXegnQ6Cg,4DPCj6Z1DsG6HUtwSogBGqXEUxdEV5a8YVrrFtcnz7UW,9402.272711999998,9401.122836999999,9403.664454339241,1.0001480219072423,0.940366445433924,1.0,12391.600085,20031.774403,32425.208716278365
FrnkTEL6yZ5Aycq2TrEgu29dCrwKG4LPUZydfiwqspkc,DjvZuMZ46fxKBoBpGMPcRcos4xdTtHFxwMh69DpA2ZFY,9rvDPJLAng4uVVqnnSoEXgNDFhBZQTny9AoQioYDZbQX,26.24078441000006,21.854255606000237,4782.307523799207,182.2471252794076,1.912923009519683,151.7787175578683,172.06070236,1439.811626247,249890.33053534423
SAMyS8Jr2HJrkFwYVKbpUwsNStnQmvz3f8Tup8bWUWF,6jPzm5TFfquvgm25sTyN3MMGBfufRaFHMxobDWv6hMFW,Cj9ECoDmxsHTDzCY5ZA6RWrPbg9uFzEC1Qc2kso2vJG6,569.1933527299931,158.60640854000235,547.2815301566395,0.9615037272163158,0.2189126120626558,0.022267606796563928,500.08505634,108083.89552655,2887.6033322222015
WiiQFxXqp8P9Fs1rt9SVcDyA3KUdJmUsog6wnVQAwba,3S2jpqSYxho6wiz3cafhjXruVY8cg4HYa2v3BqBHYFSj,Dfe67M6TfrG74gKRtdqys4e6E9QirPD53BkF4FujFjuv,4783.405152174,4765.800555608,4808.387949189968,1.005222805976327,0.4808387949189969,0.9997800943691231,3962.41885719,22871.373626067,26849.45788429878
MATgk4zXLXtYkwBH678J1xZbRDZ45LicNzkRBHkxTuY,y8dALFo1bJrSzPYjMX14HJX448pXqYmrfXHD1K8MXih,GN7Yuet3UyiWS5YVkEHv6oQKi4HGBJc3XDPt9zQhAqZz,4581.978010999999,4562.923897999999,4586.385527491919,1.0009619244093573,1.8345542109967676,1.0,3699.561162,4371.420104,8074.539964185638
YAkoNb6HKmSxQN9L8hiBE5tPJRsniSSMzND1boHmZxe,CfWX7o2TswwbxusJ4hCaPobu2jLCb1hfXuXJQjVq3jQF,EnTrdMMpdhugeH6Ban6gYZWXughWxKtVGfCwFn78ZmY3,5051166.484788994,5049028.8233709885,5051166.484788994,1.0,505.11664847889944,0.9984254830132882,484800.660057,974030.006998,1457297.0402634144
