0,1,2,3,4,5,6,7,8,9,10,11
AUSejoEUCh2DBs9mof6BNC8Pubs22w4cJa1ccV9h44R,4xkyD7AfGQDwsQMy9MosRRNGoVJ1zosNinesxg1TzHG7,Cbm5gsQe3nSiCsFrvepVzMCD9xLK3ri9g3ypS2hdmVJ7,117.05842299999858,116.69224299999951,117.4264374549825,1.0031438528347842,0.01174264374549825,1.0,13322.980479,15556.619145,28921.485113946677
BSC8REUo9LpiiWUuqMuLXs2D2yJsJfGd4HdiF3wCLxk5,AZjEH1zWVx1UJ6udMyRijGTzPteuLnaY18yNNmprJEsh,Caf8ypkSVR8xYnXNhjvfvdGCC7mrM3C11rz8Xi6NA6aK,435.0300916230003,435.0876239919994,434.9966007997081,0.9999230149271577,0.17399864031988327,0.9996809358344335,2992.448903758,3218.699610402,6209.891168557766
B2izdXFYb2sNwbWWHmh75T4aQFtfXsUxem9u2p61HGzf,4DYwgJtxwuJdAjkj5RJSNH4e7U329V5cNp7d3a1nLrZv,EXNW64GEf1ACC6xY9BtKRiunrs6GoJSXBdxWN2eTPmrF,5279.300322000014,5208.425361000001,5351.307515934428,1.0136395335636323,0.5351307515934428,1.0,9093.670831,30657.189901,39874.89416051605
heyk4SZTeCUV6a65WiVA5bzic3KcxgVf1qxobfeV4tQ,9ZDpBKPqMABtGfq66FbVribaArMvtk63xxy91onZAtDt,DaTP4s6N7xxSPinbNZ3FB52EpRDRt87QShTuN3VPCW52,68.64549185800274,59.510041903999536,13233.13375171984,192.7749862888791,5.293253500687936,168.1116705307134,621.752977108,4478.559899157,872756.607856211
wrmcMSHFi3sWpAEy4rGDvQb3ezh3PhXoV2xNjgLBkKU,8p4mGnARWPBu6P2Gcw4adodLkNDorrXniZMhaY7eJXUn,AyY89zccbsgp9LKFgH4CFZMJmpSgqmPSdTfukhP227rc,0.010314560000000028,0.08921990999999707,3.7152180960270966,360.1916219428736,0.0014860872384108387,3087.182020251914,27.00996985,0.10369115,10048.878302838859
Lee1XZJfJ9Hm2K1qTyeCz1LXNc1YBZaKZszvNY4KCDw,9DgFSWkPDGijNKcLGbr3p5xoJbHsPgXUTr6QvGBJ5vGN,2hNHZg7XBhuhHVZ3JDEi4buq2fPQwuWBdQ9xkH7t1GQX,1824.2676786300199,1535.662391707002,364287.8695222099,199.6899214899105,36.428786952220996,167.03405807740793,6700.382590127,53901.037873747,10341307.964010844
ercAoEmXjQzEvAFbdjAo81KtMxRGn9AW1ju882upmPH,CMRhskR2Eg6V42RTSdRTXGdozyPbWB8U9dVpijPWb9T4,7TKLLgrWswt6ZJ1pXhVR3FyufHGjJFqiEXxvWJfDcgRm,49.38873701299996,38.86265427899996,8262.138999029388,167.28791823234218,3.3048555996117557,149.45565262202007,39.737516891,323.712218332,55028.22732894884
BUSDTd9WiT6uBHJRgNvFXBsA7JrifsAtWzKfioN7ERcy,DyBxrn7gSc1EwnpWhDyhzvMHPtxpmBqRqotapLcKcfTM,Cds99GeBgoCpqBsoRWu1C6fF9LiUMd4pXQQD24s9LPff,380.4208378200001,379.70439536000003,379.25013059187603,0.9969225996272107,0.03792501305918761,0.9993773878873461,108.51357802,65.64166097,173.78042997133392
YakoMPuYrybnr9R7VC7hVGxMz94fJvPFCdZ4gmW61Ed,,,0.22784999999999989,0.228097,0.0,0.0,0.0,0.9993773878873461,108.51357802,65.64166097,65.60079167678536
SAMyS8Jr2HJrkFwYVKbpUwsNStnQmvz3f8Tup8bWUWF,6jPzm5TFfquvgm25sTyN3MMGBfufRaFHMxobDWv6hMFW,Cj9ECoDmxsHTDzCY5ZA6RWrPbg9uFzEC1Qc2kso2vJG6,473.4535968800046,10.91765203999995,454.8774830794496,0.9607646579876695,0.18195099323177985,0.022595834687810516,504.78499628,107882.70079058,2922.6792570467314
HEDSDjj84KS7LKhZY7ejkCACTdPen62rKhCby1wXtgxc,EnnjMSFttpCTywBrYNt1J5QQeoSVkvzPipJDa8Y7kJow,6bjVT6JN2rSvpyn9PdfLYC8wJn4LWh49jpY47fnLDXZk,10.750890236999112,10.898491626003306,10.15290702000795,0.9443782604222666,0.00406116280800318,0.9998415151214383,38839.223401154,9049.186326487,45726.670399024566
KwnjUuZhTMTSGAaavkLEmSyfobY16JNH4poL9oeeEvE,J63v6qEZmQpDqCD8bd4PXu2Pq5ZbyXrFcSa3Xt1HdAPQ,BnKQtTdLw9qPCDgZkWX3sURkBAoKCUYL1yahh6Mw7mRK,168.3637799999998,7475.198223000043,3.6463902954311123,0.02165780725183954,0.0003646390295431113,1.0,276279.17045,602.472139,6586.073160304222
FrnkTEL6yZ5Aycq2TrEgu29dCrwKG4LPUZydfiwqspkc,DjvZuMZ46fxKBoBpGMPcRcos4xdTtHFxwMh69DpA2ZFY,9rvDPJLAng4uVVqnnSoEXgNDFhBZQTny9AoQioYDZbQX,62.876851267998575,52.37357930299976,12733.87903302703,202.5209401589101,5.093551613210812,168.48700021701126,171.985645485,1439.97227694,277447.3039547392
Sid7E679i9ABqptiAVhkmQ27YHN8vaYT4fppPwmxFsJ,GP7KB8o1bv527HG8kTzzzf4wJ5aEGHvcMQvVhLziUfmT,9gYxhAZ1M9wu5pxr8SBoa5NDm21gi3s9vMHaYTME77sa,252.51895099999456,722.3917880000099,1.8640764257973554,0.007381926855055705,0.0007456305703189422,0.021710868547638422,136018.628012,8685.806355,1192.6559629132626
KEN5P7p3asnb23Sw6yAmJRGvijfAzso3RqfyLAQhznt,9zj4aX38Uxf3h6AUjS4EipWS8mwbEofasHAf3a1uKGds,CwQDG1MWunn9cLNwcZLd8YBacweSR7ARo32w4mLua1Yr,77249.68831399898,77251.6487139978,77140.14930199015,0.9985820135407721,7.714014930199016,1.0,1126155.10647,1114684.144064,2239242.377842035
GokA1R67GqSavkd15zR62QD68Tuc5AEfvjssntVDEbM8,3YB7hfpBdbQEuZqLGWVDpRPmeZWCUsrrWyqGXegnQ6Cg,4DPCj6Z1DsG6HUtwSogBGqXEUxdEV5a8YVrrFtcnz7UW,16691.290765000005,16687.576525,16693.47761056699,1.0001310171632485,1.6693477610566991,1.0,15386.534114,17038.930787,32427.480801051843
SUiuyGR7SFq3xeRVJonq84fjjeFwRSsFekcevJ53tzy,49GjCCPsv7fBqo6t3iKDrP1xxGDS8uWZbVCdfnp2gjMf,CEwj5xEbbJEjYqM8D6Ai8ByGz1mrh8mkAVsE5fzDSSSx,0.14810299999999987,18.44389799999999,0.001093285513014314,0.007381926855055705,4.3731420520572566e-07,0.9508966479942261,665.005897,1.506777,6.341814088409504
DFWzVTzNBrQZLjoQ4yQwkj9HuoXmfkuZP9V5vbymZe23,DhgiEgiNdqZdRdo195UUHnoEJUtefK8buko8nU97XJUZ,2K2kkXsouBHtWVjtcgkyiXd8eP3oVBvq1bTJzcVdLLr2,4046.4583990839965,4075.7156867930025,4008.6130234008738,0.9906472841308118,1.6034452093603495,0.9998415151214383,41558.101808165,26413.996530762,67579.23100161993
SoN9GaFpSXfpyR5dth3x7PHPVhvJMpQqqDJfCSmPv1t,9kZ9iS68ViMPtoeqtnhAKuF2iqVyfHPdZHoUNdwCELr,BBhm5fJLjw3HRzjtKB8uMEYjGhY6EDm9co3cqpjrSzB9,0.19544641899999937,0.19138403600000042,39.6017221644636,202.6218866893833,0.015840688865785442,198.26089508053258,0.845499617,1.376861762,444.2945729279702
KysFMBBoavfov2tLpvefWW6tPFt6rAeZWDJVy1mMQae,B8ka2V21TH3x64dFV8ETcjuQcwmrciJ2qzy1mJUttRew,7fSf7EYxBANyxzk2s5pymFgshA91tFYQNKKs5UnLWcYS,14.788923000000068,18.891635000007227,0.0,0.0,0.0,0.02255856338405882,134164.834796,2870.754016,64.7600864299774
YAkoNb6HKmSxQN9L8hiBE5tPJRsniSSMzND1boHmZxe,CfWX7o2TswwbxusJ4hCaPobu2jLCb1hfXuXJQjVq3jQF,EnTrdMMpdhugeH6Ban6gYZWXughWxKtVGfCwFn78ZmY3,5928035.965628021,5929014.266557027,5928035.965628021,1.0,592.8035965628021,1.0,1099923.893139,382984.069384,1482907.962523
KZMu9QBEdL97EFgamLbN5DE1AoKBG4HdrKKJo4Vuon3,DD4ACBWyVqdaKWh7v5btsgqQCCMwbKnuL2xd9pv7Gyuw,GcYqiJ1MAuYbNTNYXm1F1gQYTfTgkErACAhNU5dpVj9T,20.491146889999868,21.32485837000013,19.687169733545822,0.9607646579876695,0.007874867893418328,1.0,2383.3244944,716.46898991,3006.282932645851
HDSBGqAuMRr6X2AfmmbXQPpRgU6VEhtfNVVZ3wUTZXg,DCZ1d8kNLgDcdSd99y4udLgwq46mfDXNS9KXj96kQf5L,Fq8GGYQM5Pz3q7LmVMbrXHJgsxA5ev86kTq8yGgGuYsa,25.036791459000142,25.134190798999953,24.85392115366609,0.9926959368722019,0.009941568461466436,0.9996808139122876,1870.477192725,1775.608124234,3631.8564840537456
MATgk4zXLXtYkwBH678J1xZbRDZ45LicNzkRBHkxTuY,y8dALFo1bJrSzPYjMX14HJX448pXqYmrfXHD1K8MXih,GN7Yuet3UyiWS5YVkEHv6oQKi4HGBJc3XDPt9zQhAqZz,3068.499881999999,3062.2032760000006,3072.8264216016146,1.001409985259245,1.2291305686406457,1.0,3450.076153,4624.570061,8079.510770519004
C2ypsDADXcCRz8HbV2zX1AXPSja7a1P3xZtRC91xGhJh,J9bYNuDpY1d1T86gLaw7DGk5D3CsUAf2tzUwxMvb6FTv,A2NGvvPrMGzsJ4jb52KEnSBVmsA7C34dV1GC7PerdgvG,4076.599300575995,4103.300825367998,687833.7301084808,168.72733359182362,275.1334920433923,169.23792669323817,3795.491316752,2083.574306569,993022.9253015235
RoBgmK8CvjdHvPrqdDyVw54VwjZv2TqJ493xnqJAQHx,ExiHJxM7qPAcy27NDHAF6G7vnW7muNHi2sVJpnaNynGQ,6rkPHSqZb7StM4HwS9EuVrmfkV7tRdc7dnsFhyB6cefE,18.89163499999995,0.34897399999999834,0.0,0.0,0.0,0.9508288374976467,6211.000457,19.938985,18.958561928433014
BSCuChvaSj9b5HUSqgDVRzcnr2sSn7cXaamt1jbKH6hn,GnKpRj5kBVPMJfiwZtEuD9GYApLzPdW5JFuZTcyX4BTc,3dmwD9okkomV9nDwyuh4UMhKdUR13QpuKxRo89ycZB5t,120.11934243199994,119.95308599999998,120.07045130514436,0.9995929787337684,0.04802818052205775,1.0000480023041107,1635.987305723,1366.063243497,3001.4502417785343
2jQoGQRixdcfuRPt9Zui7pk6ivnrQv79mf8h13Tyoa9K,,,0.00023028300000000018,0.0002813360000000001,0.0,0.0,0.0,1.0000480023041107,1635.987305723,1366.063243497,1366.1288176802489
ALLwa5WNZbvQsRKAqe1jdRGemdYQnW8E5k4msbRFcYtu,CGoM82Hbz7QVqTgvQatYtjvDWBvoUJp5qm21P8iMs9yb,3dxNNww8TivyN5FMy5dCNdi3Zcxv6e4kUfSPxfFwpdNq,12.216309341000002,12.010866620999998,37766.43689059264,3091.4767984666273,15.106574756237057,3075.8252439129415,1.378915241,7.305925487,26734.63451766507
BSCNHw8CmxbZ8hCWWzMf5FaG2ajPT6JxfznKUNuRVrn4,7n9kgNL633yGzCYksgnzHyjG73ZLBAwvEae5sbAekbzW,SscdxE99omdG9AiMVwmaEMQySQnCgeAh1sPj2Leutm2,112.54394791899995,112.25359415100047,112.82161760212361,1.0024672111495814,0.04512864704084945,0.9998415151214383,4798.099999677,6907.101929837,11715.945184119446
MATSnbbiTCv7Dc3trJrkrqjx7ckKdr6fwPoVwv9q3sD,631WX9JizSHJm4w6VanZeJAst9T8DeUUnPLesdGkCVtK,211maUSfpnXbPuW1iBu8b4dtJv5EbN1j7JJiEX5TZKEP,5862.328519999999,5857.083208999997,5858.485353608032,0.9993444300538846,2.343394141443213,0.9995212293311505,20357.129033,25208.836358,45540.550617572735
BSCrK1Nx9PXU9mF7STWWBqeHLxmtJDr9h7jheEy4tAWX,FfSySSbVJPvEo5a5AvrP3nySoXpRE2QPn1uUMpJJ1x7v,HL7Vcj6838ZmvBHDbQxXfjBNckNi83WvPiZQoMQLFeRM,0.00012812000000006485,0.00012829000000003088,0.39696113424568974,3098.35415427325,0.0001587844536982759,3088.7076847047197,0.839846374,0.964471397,5581.111717426022
parEAJhzYzHW87y9VoZAQ22dzQ2MD2ekEtTReaxbMcz,3oyc6hpjYSJEquK6dSvG72NXyz3pqLZz5D8AC71pwgQb,Di2vordgFJVZ1aj1aBpvzXtLfZgJsuLLXawGtVFwX6Rz,3.5416301230001466,4.09269835100082,582.7942427672398,164.55536646315556,0.23311769710689595,193.3442779084248,1101.951358491,141.086041991,208610.18853276622
WiiQFxXqp8P9Fs1rt9SVcDyA3KUdJmUsog6wnVQAwba,3S2jpqSYxho6wiz3cafhjXruVY8cg4HYa2v3BqBHYFSj,Dfe67M6TfrG74gKRtdqys4e6E9QirPD53BkF4FujFjuv,126.03828506300124,125.33309776899978,126.72928485279391,1.0054824594721141,0.012672928485279391,0.9998415151214383,3964.534186646,22869.380752735,26852.025886353716
C98Sspw7XqnMsgxea3SLQVdbMDL8pKUc3RE82UvX9eq2,CSqgQJurPCzGxb4Cgwx5R61hWQUiaoUHcShNc8r1cKEL,6S2CR5EnukPhC914XkAns8m5GixjMAoUuZMsS5ubHuWc,35.73033499999974,35.74059100000011,0.0,0.0,0.0,1.0,888.761652,875.130867,875.130867
Cob4usZcpHEY7Qt4ZCwj6WVg9S44zvzYV2v9qYF65dTf,NhFM9UXE48PyNAyeyPYA3iXztqKVJwA4bTdLj4ysM8w,6TuFuynuBoeskxyR2cz4wxyidk8dpDK7kAWw3UkjQGx,143.87010800000502,577.6194509999768,1.0620386138850015,0.007381926855055705,0.00042481544555400064,1.0,73792.536609,165.013055,709.7441626966583
JSoLLrxK5bYdHwTEWYaGgmeycBCNXKDiBCTw5hXGBg7,xG4wXczA7Dk4hccJ61CHKpDHW4NrNfQwgmWgkb9BuF2,BVR6WgfhsRr9Lob4QDnkEAiNGgAbv7ZieKcY9kSg3QYR,1.3401802180000608,1.1464830849999643,264.9851634194981,197.72352991072586,0.10599406536779926,169.0734268985678,17.081582533,164.656738542,31216.50984212358
BUSDgu5JdqP1rndBvXvanbEufS94FNh1w5FJcAj6vawb,Bgzr8cWubt89JQFXndVjtdKmDbGzuPxNhvjH1EhWCwbo,Dxaf8xPBBQsasRKW5Aa4Sw2YrbfGofY9xZueyyF23FBW,11379.471874919996,11385.767483929996,11355.51027202968,0.9978943132727339,4.542204108811872,1.0,8900.88063108,6213.76171174,15095.899876614152
moFiBS1R4Lf3E3zzmBPnw3NF4RhWPkhREFviuzUaCAU,44ALBrpqi9PfZkBRTvbtRNtFJGsatfY4QydjtMbFWq8S,2ho8qEEie1UjVwWNBo9y4oAJZMyMLx8zPj9bxyUz6uWs,109.07514978700056,108.97508764400118,109.17328893161985,1.0008997388022014,0.04366931557264794,0.9998415151214383,28136.839051755,36284.527909303,64440.93221792478
SoNcU2iwHMw6dGzsYNQkYFkUjwN1UdAjrWVRnStrZu2,8ivTTid27jZnYNc4w3CTA1Z6QS2twsFb8WMwUabeDJgc,CyXm53PMvHCbeXJBykU46Rcbo28xk5srhMZFg7gv6EYB,2.1119852959999896,2.095073015000006,424.4643704699347,200.97884737827113,0.1697857481879739,196.29897904900997,15.308805173,19.389596871,6882.9040883572325
Lid8SLUxQ9RmF7XMqUA8c24RitTwzja8VSKngJxRcUa,4PgzyzLtds9bKZ2to9PMnKqJzKEUpjvNUaeN23phegax,AtymwxoVN9peZo7EXTcDz9jKVc4vRmisJKKrNfe3ewBa,37.60867338101434,31.76192565000008,7534.532833674147,200.34029803023415,0.7534532833674147,169.15610892909126,962.951241044,7656.174707711,1488006.6614570543
AURHmCnNwiW4uA2Qj1XvEh4iKgRUZYXtiY7FKAapUV5Y,BKWm4TRnTeKwfWXRyuzjRHU7iZDkPuXBX5b5V5jSVfGJ,A5Ww74HVrkj9nPeC7pHKLfgeDMEhBCpW1efQdz3TGLEg,0.011188635000110025,0.010085949000142591,2.1124997073689404,188.8076344744615,0.0008449998829475762,169.19196960770813,290.125761278,1795.066754965,358488.83853684703
CZgvH45CRmoaNJ7395Ao5CQZXkGznvqU7cErD6n7FaRg,4ZjU6MKvtqVQKCiowhvZ5yUsPxXX5SCzd5eFsPeXyey5,BsyWeshjDbCvjDojry3vKDCesmFRM37WtwcR4Kfgzqr,12.541029229999936,12.24235440999999,12.86721215748739,1.026009262996308,0.005146884862994957,1.0,228.74426107,576.08989175,810.7836224650657
daob129AwBGn9Y5r91uLoWZeYiGzbPmksauMhFZKTze,6VW5GQNyj4LStgmxEHLr5zUfW92vQnmbw8jTnCH7a38F,4VPCCUifPeBA1c7HWK358CHn2nyjm8pdTRk6Ps3KmnMQ,10.26030293499997,9.172038791000034,1926.105968931283,187.7240838923913,0.7704423875725133,169.18215148603682,48.409115711,224.00462685,46985.14161219809
RajgMbScQbqqrdJfR2rxfHJiTiY5b6bJ2tTXiF4aPxy,725ZA3fhyBAKb5iopNRrcbSuQa3LXA1656Q3mBvYPxeg,GLA6i1dSZpUfk2f9Nj8uiG7xyDdAR2reff8oEiZH3617,19443.128051420004,19437.379689979993,19445.305342259177,1.0001119825386848,7.77812213690367,1.0,83821.91749512,100120.95070598,183952.2547922185
vEnkoSUkpnbRrPgBz9DfcVxNz67zjwMYBZraAvDDNSf,DtfyjjsZ5yCjWKLKHvwsfXs5QVsmm1QkK6Sh9JZHoq1g,e5wrKCRv4GhHvEf1VD5Pq2KGaZDXP77nTL612Jyrxwy,1151.6996639999998,1152.1971679999997,1150.8296367945832,0.9992445711042452,0.11508296367945832,0.9999500024998749,1213.119702,735.887509,1948.0539927872765
STK75uPSyBnEhGTTzb1nwmP3n427XoXmfRhXxxhyady,6TYyD5fUmDe6N65avW1Ny2RxzRNobw2RRgKwH9CTzSAU,54zDfk4cx2vGrEajPtodWpArNe5eUurytyxd4X3aZAxK,1054.310320648003,1190.7347721259991,178329.96973815927,169.14372006579015,17.832996973815927,190.93603719128507,1809.124518055,315.888641363,366316.5764216427
MARpDPs5A7XiyCWPNH8GsMWPLxmwNn9SBmKvPa9LzgA,6YjT74rmcfCpw8LSjPNx5JTmZoYLGrTKnf9arfSgZ4SR,F8GSmi3vA8M8TsybLya1LQ4n1aFHCRbZ6k437PeTdXtg,20629.295807999988,21676.95801700021,19639.93412638342,0.9520409377603236,7.855973650553368,1.0,296555.732928,15646.973778,297980.1718529732
KEVpg4SYCVrqFxKijQH6hm4QxsRdoE51ud64bEEFUC9,2bPenuBYfqzD8p5dFjCcggwkHDsc2RQDnx9AoyYGUBjA,AE6n6iLuX8oYu61vt5hoDYkjswpnxFxrhSehxrnQTnbx,0.9995718019999913,0.9971745780001129,1.0021694080688257,1.0025987188350423,0.00040086776322753034,0.9998415151214383,1534.890081813,5991.252613986,7529.181920621367
