0,1,2,3,4,5,6,7,8,9,10,11
JSoLLrxK5bYdHwTEWYaGgmeycBCNXKDiBCTw5hXGBg7,xG4wXczA7Dk4hccJ61CHKpDHW4NrNfQwgmWgkb9BuF2,BVR6WgfhsRr9Lob4QDnkEAiNGgAbv7ZieKcY9kSg3QYR,0.7137221980000206,0.6153489470000082,141.93791995125707,198.8699809939959,0.05677516798050283,169.547418598165,17.073291544,164.666508144,31314.146550249145
YAkoNb6HKmSxQN9L8hiBE5tPJRsniSSMzND1boHmZxe,CfWX7o2TswwbxusJ4hCaPobu2jLCb1hfXuXJQjVq3jQF,EnTrdMMpdhugeH6Ban6gYZWXughWxKtVGfCwFn78ZmY3,5845130.115310018,5846198.063314,5845130.115310018,1.0,584.5130115310018,0.9976226651888549,1106379.406585,383227.467814,1488695.8143991788
B2izdXFYb2sNwbWWHmh75T4aQFtfXsUxem9u2p61HGzf,4DYwgJtxwuJdAjkj5RJSNH4e7U329V5cNp7d3a1nLrZv,EXNW64GEf1ACC6xY9BtKRiunrs6GoJSXBdxWN2eTPmrF,5221.11828600001,5150.17742,5069.937810430774,0.9710444262535455,0.5069937810430775,1.0,9018.943966,30733.018527,39490.813795877344
ALLwa5WNZbvQsRKAqe1jdRGemdYQnW8E5k4msbRFcYtu,CGoM82Hbz7QVqTgvQatYtjvDWBvoUJp5qm21P8iMs9yb,3dxNNww8TivyN5FMy5dCNdi3Zcxv6e4kUfSPxfFwpdNq,12.131108439000002,11.94651245,37572.73341902314,3097.221792052529,15.02909336760926,3086.114951609718,1.374692188,7.310175487,26817.768471359526
moFiBS1R4Lf3E3zzmBPnw3NF4RhWPkhREFviuzUaCAU,44ALBrpqi9PfZkBRTvbtRNtFJGsatfY4QydjtMbFWq8S,2ho8qEEie1UjVwWNBo9y4oAJZMyMLx8zPj9bxyUz6uWs,109.07514978700056,108.97508764400118,109.17331002102658,1.000899932149694,0.043669324008410636,0.9998415151214383,28136.839051755,36284.527909303,64440.93765811206
YakoMPuYrybnr9R7VC7hVGxMz94fJvPFCdZ4gmW61Ed,,,0.36621899999999985,0.36605299999999996,0.0,0.0,0.0,0.9998415151214383,28136.839051755,36284.527909303,36278.77736030362
Cob4usZcpHEY7Qt4ZCwj6WVg9S44zvzYV2v9qYF65dTf,NhFM9UXE48PyNAyeyPYA3iXztqKVJwA4bTdLj4ysM8w,6TuFuynuBoeskxyR2cz4wxyidk8dpDK7kAWw3UkjQGx,141.53187599999586,439.29054299998097,1.0447779562907835,0.007381926855055705,0.0004179111825163134,1.0,73792.536609,165.013055,709.7441626966583
BSCrK1Nx9PXU9mF7STWWBqeHLxmtJDr9h7jheEy4tAWX,FfSySSbVJPvEo5a5AvrP3nySoXpRE2QPn1uUMpJJ1x7v,HL7Vcj6838ZmvBHDbQxXfjBNckNi83WvPiZQoMQLFeRM,0.006387440000000022,0.006381674000000004,19.85008577182216,3107.6747134723914,0.007940034308728864,3088.3261272390364,0.839846374,0.964471397,5588.5715540111105
Lee1XZJfJ9Hm2K1qTyeCz1LXNc1YBZaKZszvNY4KCDw,9DgFSWkPDGijNKcLGbr3p5xoJbHsPgXUTr6QvGBJ5vGN,2hNHZg7XBhuhHVZ3JDEi4buq2fPQwuWBdQ9xkH7t1GQX,1752.4771783159376,1475.2986725419996,354490.902626693,202.27989671588475,35.4490902626693,170.19448634538145,6699.005288587,53902.684548005,10529013.807159387
BUSDTd9WiT6uBHJRgNvFXBsA7JrifsAtWzKfioN7ERcy,DyBxrn7gSc1EwnpWhDyhzvMHPtxpmBqRqotapLcKcfTM,Cds99GeBgoCpqBsoRWu1C6fF9LiUMd4pXQQD24s9LPff,378.67369193,377.95778992,377.51100334103,0.9969295765358188,0.037751100334103005,0.999565189142723,108.51357802,65.64166097,173.79351464698567
MARpDPs5A7XiyCWPNH8GsMWPLxmwNn9SBmKvPa9LzgA,6YjT74rmcfCpw8LSjPNx5JTmZoYLGrTKnf9arfSgZ4SR,F8GSmi3vA8M8TsybLya1LQ4n1aFHCRbZ6k437PeTdXtg,22106.133588999965,23219.984955000342,20874.437409643924,0.9442826048979939,8.349774963857572,1.0,296340.843427,15852.663799,295682.1673679161
KEVpg4SYCVrqFxKijQH6hm4QxsRdoE51ud64bEEFUC9,2bPenuBYfqzD8p5dFjCcggwkHDsc2RQDnx9AoyYGUBjA,AE6n6iLuX8oYu61vt5hoDYkjswpnxFxrhSehxrnQTnbx,163.56923378700048,163.22453600900008,163.87104459435048,1.0018451563314346,0.0655484178377402,0.9998415151214383,1697.117443244,5828.682952001,7528.008084130767
Lid8SLUxQ9RmF7XMqUA8c24RitTwzja8VSKngJxRcUa,4PgzyzLtds9bKZ2to9PMnKqJzKEUpjvNUaeN23phegax,AtymwxoVN9peZo7EXTcDz9jKVc4vRmisJKKrNfe3ewBa,36.733888145011406,31.024243043000183,7408.502306821797,201.68031975204613,0.7408502306821797,170.22342846326373,962.663471021,7656.515780049,1497468.6428121505
AUSejoEUCh2DBs9mof6BNC8Pubs22w4cJa1ccV9h44R,4xkyD7AfGQDwsQMy9MosRRNGoVJ1zosNinesxg1TzHG7,Cbm5gsQe3nSiCsFrvepVzMCD9xLK3ri9g3ypS2hdmVJ7,338.12457099999847,337.17125999999917,338.941419821769,1.0024158221313366,0.0338941419821769,1.0,13543.459496,15335.552997,28911.7310821853
HEDSDjj84KS7LKhZY7ejkCACTdPen62rKhCby1wXtgxc,EnnjMSFttpCTywBrYNt1J5QQeoSVkvzPipJDa8Y7kJow,6bjVT6JN2rSvpyn9PdfLYC8wJn4LWh49jpY47fnLDXZk,10.930904415998157,11.084277527001177,10.58968691298768,0.9687841472192292,0.004235874765195072,0.9998415151214383,38839.037615253,9049.366340666,46674.57608784889
DFWzVTzNBrQZLjoQ4yQwkj9HuoXmfkuZP9V5vbymZe23,DhgiEgiNdqZdRdo195UUHnoEJUtefK8buko8nU97XJUZ,2K2kkXsouBHtWVjtcgkyiXd8eP3oVBvq1bTJzcVdLLr2,4046.4583990839965,4075.7156867930025,4008.6130234008738,0.9906472841308118,1.6034452093603495,0.9998415151214383,41558.101808165,26413.996530762,67579.23100161993
MATgk4zXLXtYkwBH678J1xZbRDZ45LicNzkRBHkxTuY,y8dALFo1bJrSzPYjMX14HJX448pXqYmrfXHD1K8MXih,GN7Yuet3UyiWS5YVkEHv6oQKi4HGBJc3XDPt9zQhAqZz,3068.499881999999,3062.2032760000006,3072.8264216016146,1.001409985259245,1.2291305686406457,1.0,3450.076153,4624.570061,8079.510770519004
BUSDgu5JdqP1rndBvXvanbEufS94FNh1w5FJcAj6vawb,Bgzr8cWubt89JQFXndVjtdKmDbGzuPxNhvjH1EhWCwbo,Dxaf8xPBBQsasRKW5Aa4Sw2YrbfGofY9xZueyyF23FBW,11360.54425975,11366.232162679997,11337.13274052683,0.9979392255610396,4.534853096210732,1.0,8879.44347352,6235.15418874,15096.299132117576
GokA1R67GqSavkd15zR62QD68Tuc5AEfvjssntVDEbM8,3YB7hfpBdbQEuZqLGWVDpRPmeZWCUsrrWyqGXegnQ6Cg,4DPCj6Z1DsG6HUtwSogBGqXEUxdEV5a8YVrrFtcnz7UW,16833.610445000002,16829.836364999996,16835.479183189334,1.0001110123223678,1.6835479183189337,1.0,15132.331473,17293.173899,32427.18524725966
C2ypsDADXcCRz8HbV2zX1AXPSja7a1P3xZtRC91xGhJh,J9bYNuDpY1d1T86gLaw7DGk5D3CsUAf2tzUwxMvb6FTv,A2NGvvPrMGzsJ4jb52KEnSBVmsA7C34dV1GC7PerdgvG,4169.188056332997,4196.4826025469965,710840.4599731665,170.49853601432054,284.3361839892666,171.2925944730046,3795.491316752,2083.574306569,1004026.5617107772
daob129AwBGn9Y5r91uLoWZeYiGzbPmksauMhFZKTze,6VW5GQNyj4LStgmxEHLr5zUfW92vQnmbw8jTnCH7a38F,4VPCCUifPeBA1c7HWK358CHn2nyjm8pdTRk6Ps3KmnMQ,9.94245287199999,8.888273767000015,1888.7512852783063,189.96834177584304,0.7555005141113225,170.4488121763177,48.270632624,224.159644777,47377.63722615715
CZgvH45CRmoaNJ7395Ao5CQZXkGznvqU7cErD6n7FaRg,4ZjU6MKvtqVQKCiowhvZ5yUsPxXX5SCzd5eFsPeXyey5,BsyWeshjDbCvjDojry3vKDCesmFRM37WtwcR4Kfgzqr,12.541029229999936,12.24235440999999,12.86721215748739,1.026009262996308,0.005146884862994957,1.0,228.74426107,576.08989175,810.7836224650657
BSCuChvaSj9b5HUSqgDVRzcnr2sSn7cXaamt1jbKH6hn,GnKpRj5kBVPMJfiwZtEuD9GYApLzPdW5JFuZTcyX4BTc,3dmwD9okkomV9nDwyuh4UMhKdUR13QpuKxRo89ycZB5t,120.11934243199994,119.95308599999998,120.0355941981059,0.9993027914389271,0.048014237679242365,0.9996501224571399,1635.987305723,1366.063243497,3000.431970013617
7oAd7xG4m3oC2qeWB1szghTebAZyyGPAFDJ4wwwbRSNi,D9yh4KAysxt9GLacVe4Wwh2XqghhcjTCSTV9HuM7TBJd,HDYfJLpZKaMFb84jM4mRytn7XLR8UFZUnQpSfhJJaNEy,0.180014179000068,7.918172976002097,0.17998564947476978,0.9998415151214383,7.199425978990792e-05,0.022765741077722633,955.224689799,300101.017633752,7787.095365741111
KwnjUuZhTMTSGAaavkLEmSyfobY16JNH4poL9oeeEvE,J63v6qEZmQpDqCD8bd4PXu2Pq5ZbyXrFcSa3Xt1HdAPQ,BnKQtTdLw9qPCDgZkWX3sURkBAoKCUYL1yahh6Mw7mRK,152.15441099999964,6729.1850460002315,3.4241859388659908,0.022504677428418416,0.00034241859388659906,1.0,276176.67143,604.80104,6820.06794378645
FrnkTEL6yZ5Aycq2TrEgu29dCrwKG4LPUZydfiwqspkc,DjvZuMZ46fxKBoBpGMPcRcos4xdTtHFxwMh69DpA2ZFY,9rvDPJLAng4uVVqnnSoEXgNDFhBZQTny9AoQioYDZbQX,63.979251876998205,53.28369052699972,13095.123713728448,204.67766236004397,5.238049485491379,169.89495394997275,171.868371687,1440.11389625,279845.70063663187
MATSnbbiTCv7Dc3trJrkrqjx7ckKdr6fwPoVwv9q3sD,631WX9JizSHJm4w6VanZeJAst9T8DeUUnPLesdGkCVtK,211maUSfpnXbPuW1iBu8b4dtJv5EbN1j7JJiEX5TZKEP,5735.001042,5729.869273999993,5738.0881334157775,1.0005382895998047,2.295235253366311,0.99868772433023,20112.885712,25453.363676,45543.67411533501
Sid7E679i9ABqptiAVhkmQ27YHN8vaYT4fppPwmxFsJ,GP7KB8o1bv527HG8kTzzzf4wJ5aEGHvcMQvVhLziUfmT,9gYxhAZ1M9wu5pxr8SBoa5NDm21gi3s9vMHaYTME77sa,188.00648699999692,576.6194510000059,1.3878501353099586,0.007381926855055705,0.0005551400541239835,0.02282949490381751,136018.628012,8685.806355,1202.3721348266333
KysFMBBoavfov2tLpvefWW6tPFt6rAeZWDJVy1mMQae,B8ka2V21TH3x64dFV8ETcjuQcwmrciJ2qzy1mJUttRew,7fSf7EYxBANyxzk2s5pymFgshA91tFYQNKKs5UnLWcYS,14.788923000000068,18.891635000007227,0.0,0.0,0.0,0.02282949490381751,134164.834796,2870.754016,65.53786417838565
SAMyS8Jr2HJrkFwYVKbpUwsNStnQmvz3f8Tup8bWUWF,6jPzm5TFfquvgm25sTyN3MMGBfufRaFHMxobDWv6hMFW,Cj9ECoDmxsHTDzCY5ZA6RWrPbg9uFzEC1Qc2kso2vJG6,473.4535968800046,10.91765203999995,454.8774830794496,0.9607646579876695,0.18195099323177985,0.022595834687810516,504.78499628,107882.70079058,2922.6792570467314
ercAoEmXjQzEvAFbdjAo81KtMxRGn9AW1ju882upmPH,CMRhskR2Eg6V42RTSdRTXGdozyPbWB8U9dVpijPWb9T4,7TKLLgrWswt6ZJ1pXhVR3FyufHGjJFqiEXxvWJfDcgRm,49.38873701299996,38.86265427899996,8398.549510621904,170.04989433949814,3.3594198042487617,149.64927447786994,39.737516891,323.712218332,55200.659161634205
WiiQFxXqp8P9Fs1rt9SVcDyA3KUdJmUsog6wnVQAwba,3S2jpqSYxho6wiz3cafhjXruVY8cg4HYa2v3BqBHYFSj,Dfe67M6TfrG74gKRtdqys4e6E9QirPD53BkF4FujFjuv,1242.3713563490019,1237.0187545689996,1246.3931892249495,1.0032372227960622,0.12463931892249495,0.9997045183352202,5076.219843446,21753.047681449,26839.272752747078
vEnkoSUkpnbRrPgBz9DfcVxNz67zjwMYBZraAvDDNSf,DtfyjjsZ5yCjWKLKHvwsfXs5QVsmm1QkK6Sh9JZHoq1g,e5wrKCRv4GhHvEf1VD5Pq2KGaZDXP77nTL612Jyrxwy,890.0235230000001,890.3875199999995,888.5822426024988,0.9983806266236165,0.08885822426024989,0.9990958182844526,1213.119702,735.887509,1946.3773412218775
RoBgmK8CvjdHvPrqdDyVw54VwjZv2TqJ493xnqJAQHx,ExiHJxM7qPAcy27NDHAF6G7vnW7muNHi2sVJpnaNynGQ,6rkPHSqZb7StM4HwS9EuVrmfkV7tRdc7dnsFhyB6cefE,18.89163499999995,0.34897399999999834,0.0,0.0,0.0,0.9506715543860184,6211.000457,19.938985,18.955425862829504
SoN9GaFpSXfpyR5dth3x7PHPVhvJMpQqqDJfCSmPv1t,9kZ9iS68ViMPtoeqtnhAKuF2iqVyfHPdZHoUNdwCELr,BBhm5fJLjw3HRzjtKB8uMEYjGhY6EDm9co3cqpjrSzB9,0.19928979199999985,0.19538676500000007,40.78273130190955,204.64034255156218,0.01631309252076382,198.96823034472442,0.845499617,1.376861762,446.9750794645538
heyk4SZTeCUV6a65WiVA5bzic3KcxgVf1qxobfeV4tQ,9ZDpBKPqMABtGfq66FbVribaArMvtk63xxy91onZAtDt,DaTP4s6N7xxSPinbNZ3FB52EpRDRt87QShTuN3VPCW52,71.39026438000201,61.82822234799971,13940.625609375707,195.27348344266372,5.576250243750283,170.41912538859822,622.366196964,4477.855294699,884643.7981974306
KZMu9QBEdL97EFgamLbN5DE1AoKBG4HdrKKJo4Vuon3,DD4ACBWyVqdaKWh7v5btsgqQCCMwbKnuL2xd9pv7Gyuw,GcYqiJ1MAuYbNTNYXm1F1gQYTfTgkErACAhNU5dpVj9T,20.491146889999868,21.32485837000013,19.687169733545822,0.9607646579876695,0.007874867893418328,1.0,2383.3244944,716.46898991,3006.282932645851
STK75uPSyBnEhGTTzb1nwmP3n427XoXmfRhXxxhyady,6TYyD5fUmDe6N65avW1Ny2RxzRNobw2RRgKwH9CTzSAU,54zDfk4cx2vGrEajPtodWpArNe5eUurytyxd4X3aZAxK,975.6265689650016,1101.6244831879994,165716.4448989994,169.85642885351157,16.571644489899942,192.1294922036734,1808.85876552,316.801719681,368113.24374315963
C98Sspw7XqnMsgxea3SLQVdbMDL8pKUc3RE82UvX9eq2,CSqgQJurPCzGxb4Cgwx5R61hWQUiaoUHcShNc8r1cKEL,6S2CR5EnukPhC914XkAns8m5GixjMAoUuZMsS5ubHuWc,31.324277999999936,31.331653999999958,0.0,0.0,0.0,1.0,888.761652,875.130867,875.130867
RajgMbScQbqqrdJfR2rxfHJiTiY5b6bJ2tTXiF4aPxy,725ZA3fhyBAKb5iopNRrcbSuQa3LXA1656Q3mBvYPxeg,GLA6i1dSZpUfk2f9Nj8uiG7xyDdAR2reff8oEiZH3617,19443.128051420004,19437.379689979993,19445.11903715822,1.0001024004847856,7.778047614863287,1.0,84241.85962296,99701.07858695,183951.56461717462
parEAJhzYzHW87y9VoZAQ22dzQ2MD2ekEtTReaxbMcz,3oyc6hpjYSJEquK6dSvG72NXyz3pqLZz5D8AC71pwgQb,Di2vordgFJVZ1aj1aBpvzXtLfZgJsuLLXawGtVFwX6Rz,4.32525389699984,5.017681349000924,720.4246636605219,166.56239860513986,0.28816986546420875,196.55525128802654,1102.678543792,140.469502939,211274.8015928976
AURHmCnNwiW4uA2Qj1XvEh4iKgRUZYXtiY7FKAapUV5Y,BKWm4TRnTeKwfWXRyuzjRHU7iZDkPuXBX5b5V5jSVfGJ,A5Ww74HVrkj9nPeC7pHKLfgeDMEhBCpW1efQdz3TGLEg,0.01058485900011874,0.009462053000049764,2.0123290780993206,190.1139238677385,0.0008049316312397284,169.4898592522311,290.125761278,1795.066754965,359402.55853905244
BSCNHw8CmxbZ8hCWWzMf5FaG2ajPT6JxfznKUNuRVrn4,7n9kgNL633yGzCYksgnzHyjG73ZLBAwvEae5sbAekbzW,SscdxE99omdG9AiMVwmaEMQySQnCgeAh1sPj2Leutm2,112.54394791899995,112.25359415100047,112.82161760212361,1.0024672111495814,0.04512864704084945,0.9997066250940932,4798.099999677,6907.101929837,11715.013484951254
BSC8REUo9LpiiWUuqMuLXs2D2yJsJfGd4HdiF3wCLxk5,AZjEH1zWVx1UJ6udMyRijGTzPteuLnaY18yNNmprJEsh,Caf8ypkSVR8xYnXNhjvfvdGCC7mrM3C11rz8Xi6NA6aK,435.0300916230003,435.0876239919994,434.9966007997081,0.9999230149271577,0.17399864031988327,0.9998415151214383,2992.448903758,3218.699610402,6210.408025046287
KEN5P7p3asnb23Sw6yAmJRGvijfAzso3RqfyLAQhznt,9zj4aX38Uxf3h6AUjS4EipWS8mwbEofasHAf3a1uKGds,CwQDG1MWunn9cLNwcZLd8YBacweSR7ARo32w4mLua1Yr,137171.400371999,137172.67529199808,137066.40750385105,0.9992345863068889,13.706640750385107,1.0,1136311.439851,1104529.31525,2239971.0067652995
SoNcU2iwHMw6dGzsYNQkYFkUjwN1UdAjrWVRnStrZu2,8ivTTid27jZnYNc4w3CTA1Z6QS2twsFb8WMwUabeDJgc,CyXm53PMvHCbeXJBykU46Rcbo28xk5srhMZFg7gv6EYB,0.8665754289999903,0.8580680310000037,175.47809904000476,202.49604727715715,0.07019123961600192,199.99740003379958,15.293213969,19.405340401,6977.833005857154
wrmcMSHFi3sWpAEy4rGDvQb3ezh3PhXoV2xNjgLBkKU,8p4mGnARWPBu6P2Gcw4adodLkNDorrXniZMhaY7eJXUn,AyY89zccbsgp9LKFgH4CFZMJmpSgqmPSdTfukhP227rc,0.010087029999999539,0.081893319999995,3.6746921675772457,364.29872495446267,0.0014698768670308982,3094.346628709348,27.00668633,0.10407504,10160.545644420907
2jQoGQRixdcfuRPt9Zui7pk6ivnrQv79mf8h13Tyoa9K,,,0.00023028300000000018,0.0002813360000000001,0.0,0.0,0.0,3094.346628709348,27.00668633,0.10407504,322.0442491567905
