0,1,2,3,4,5,6,7,8,9,10,11
parEAJhzYzHW87y9VoZAQ22dzQ2MD2ekEtTReaxbMcz,3oyc6hpjYSJEquK6dSvG72NXyz3pqLZz5D8AC71pwgQb,Di2vordgFJVZ1aj1aBpvzXtLfZgJsuLLXawGtVFwX6Rz,5.71219504000004,6.719375879000381,838.5843441413906,146.80597183204458,0.33543373765655626,174.35396190610027,1102.11627486,140.926931234,186368.4196026515
KEnkcdADoLR5jS2CLLLesy8TtFsyWL37BhXNfDMzWzP,3qsjFRuw1qeLMPo4DLwaQevenGAGBj9dA3Q6rb8ax2YR,77iEv8zPQAEyCcEbvBRSB6AFcUdfkhiqnAKtPxk76rNN,1.869404999999993,1.8025960000000019,0.01675096592662458,0.008960586885466039,6.7003863706498315e-06,0.9990219575036039,116.347999,0.32379,1.3660196736097077
ALLwa5WNZbvQsRKAqe1jdRGemdYQnW8E5k4msbRFcYtu,CGoM82Hbz7QVqTgvQatYtjvDWBvoUJp5qm21P8iMs9yb,3dxNNww8TivyN5FMy5dCNdi3Zcxv6e4kUfSPxfFwpdNq,3.105438929000004,3.0140150379999997,9519.75392845101,3065.5099475797797,3.8079015713804036,3030.8173508231703,0.951055593,7.706766675,26273.27253837868
WiiQFxXqp8P9Fs1rt9SVcDyA3KUdJmUsog6wnVQAwba,3S2jpqSYxho6wiz3cafhjXruVY8cg4HYa2v3BqBHYFSj,Dfe67M6TfrG74gKRtdqys4e6E9QirPD53BkF4FujFjuv,1066.4414898709983,1068.097388538,1065.449559527427,0.9990698689492179,0.1065449559527427,1.0,18487.296809513,8330.481048205,26800.582248910447
ionytDfEj1mXodptgrsKEZro7DGsfpzANUfarJdm6Qb,3gkSjY95an9xNFSjCfsay6JZez7uv7yfW3Ad4ubc4fMK,9wXqANaSuEqkKL9yHzCPEDGHwbkStVAqV5rB3QDs3Jr6,9.340400000001914e-05,0.00035006600000020427,0.0766649074438266,820.788268637434,3.066596297753064e-05,3064.5705004443626,3.152465045,0.08412619,2845.3169664143584
SUiuyGR7SFq3xeRVJonq84fjjeFwRSsFekcevJ53tzy,49GjCCPsv7fBqo6t3iKDrP1xxGDS8uWZbVCdfnp2gjMf,CEwj5xEbbJEjYqM8D6Ai8ByGz1mrh8mkAVsE5fzDSSSx,8.710097999999974,26.64171499999993,0.07804758990992373,0.008960586885466039,3.1219035963969494e-05,0.9421181453839036,628.224037,1.826152,7.349707002505837
YAkoNb6HKmSxQN9L8hiBE5tPJRsniSSMzND1boHmZxe,CfWX7o2TswwbxusJ4hCaPobu2jLCb1hfXuXJQjVq3jQF,EnTrdMMpdhugeH6Ban6gYZWXughWxKtVGfCwFn78ZmY3,6088842.9979020385,6089379.136086003,6088842.9979020385,1.0,608.8842997902038,0.9980876640357076,807794.204123,663398.092405,1469923.656497251
DFWzVTzNBrQZLjoQ4yQwkj9HuoXmfkuZP9V5vbymZe23,DhgiEgiNdqZdRdo195UUHnoEJUtefK8buko8nU97XJUZ,2K2kkXsouBHtWVjtcgkyiXd8eP3oVBvq1bTJzcVdLLr2,0.1968879449996166,0.1951132689937367,0.19370790508322652,0.9838484782986776,7.748316203329061e-05,1.0,45476.03363391,22540.05739651,67281.58388629185
RoBgmK8CvjdHvPrqdDyVw54VwjZv2TqJ493xnqJAQHx,ExiHJxM7qPAcy27NDHAF6G7vnW7muNHi2sVJpnaNynGQ,6rkPHSqZb7StM4HwS9EuVrmfkV7tRdc7dnsFhyB6cefE,19.05510699999997,147.08727800000028,0.0,0.0,0.0,0.78367203638746,6237.711903,19.447606,15.240544996880985
SoNcU2iwHMw6dGzsYNQkYFkUjwN1UdAjrWVRnStrZu2,8ivTTid27jZnYNc4w3CTA1Z6QS2twsFb8WMwUabeDJgc,CyXm53PMvHCbeXJBykU46Rcbo28xk5srhMZFg7gv6EYB,2.6962164160000093,2.676074821000002,483.6920277232329,179.3965888097431,0.19347681108929315,176.35122957367795,15.595052315,19.086414252,6163.611809113258
FrnkTEL6yZ5Aycq2TrEgu29dCrwKG4LPUZydfiwqspkc,DjvZuMZ46fxKBoBpGMPcRcos4xdTtHFxwMh69DpA2ZFY,9rvDPJLAng4uVVqnnSoEXgNDFhBZQTny9AoQioYDZbQX,14.180464793000056,11.83120757200004,2541.683186707407,179.2383552873433,1.0166732746829628,151.3265207142551,172.884600521,1438.717372608,248703.6457398166
B2izdXFYb2sNwbWWHmh75T4aQFtfXsUxem9u2p61HGzf,4DYwgJtxwuJdAjkj5RJSNH4e7U329V5cNp7d3a1nLrZv,EXNW64GEf1ACC6xY9BtKRiunrs6GoJSXBdxWN2eTPmrF,3904.2797930000015,3860.514323999996,3754.801158865564,0.9617141593175678,0.3754801158865564,1.0,10174.02826,29762.428466,39546.93550093908
SEQV6QiTpvTzrceiaYg9Avnwf7oc8ZALpnQMz6TyT4A,3dFMPj4r9mMmPHF32mz1gNDX7f8ftidWof7S8YiYTs1j,Fc1ED3YPeQfXQosHbd8DTaBd2AV5gHQtwiSAL5C5pUhi,38.964481102000036,39.086173876999965,38.79962688053279,0.9957691154404008,0.015519850752213116,0.9998120353373565,4557.795319062,1072.457719128,5610.767948195392
KEN5P7p3asnb23Sw6yAmJRGvijfAzso3RqfyLAQhznt,9zj4aX38Uxf3h6AUjS4EipWS8mwbEofasHAf3a1uKGds,CwQDG1MWunn9cLNwcZLd8YBacweSR7ARo32w4mLua1Yr,152679.19672200037,152681.67224899912,152686.22028813363,1.0000460021160973,15.268622028813363,1.0,1132640.482256,1121820.869421,2254513.4555359613
BUSD5rCfUDpCxKGMvYU2yThChxgHoioK74PTPociGnv2,CcFHbafgYDZ8yA8Me1PdtDiVb2eeaS61LbqyKKK5CsNZ,26R9s4nmF3CFDTkiePDwRmtscn8i7r2eygbSijditJ58,188.3956091,187.46953638000002,188.1420838791312,0.9986542933666027,0.01881420838791312,1.0,82.14287074,65.76244195,147.7947724839589
SoN9GaFpSXfpyR5dth3x7PHPVhvJMpQqqDJfCSmPv1t,9kZ9iS68ViMPtoeqtnhAKuF2iqVyfHPdZHoUNdwCELr,BBhm5fJLjw3HRzjtKB8uMEYjGhY6EDm9co3cqpjrSzB9,0.4822769119999988,0.47325388200000074,86.74840893679074,179.8726142146132,0.0346993635747163,176.28986001879954,1.535198059,2.446927262,707.5085527036945
STK75uPSyBnEhGTTzb1nwmP3n427XoXmfRhXxxhyady,6TYyD5fUmDe6N65avW1Ny2RxzRNobw2RRgKwH9CTzSAU,54zDfk4cx2vGrEajPtodWpArNe5eUurytyxd4X3aZAxK,516.0460973019995,581.5119905779961,78080.08202245653,151.30447150104627,7.808008202245652,170.75385950679797,1854.301761389,326.094750474,336246.08521876356
Lid8SLUxQ9RmF7XMqUA8c24RitTwzja8VSKngJxRcUa,4PgzyzLtds9bKZ2to9PMnKqJzKEUpjvNUaeN23phegax,AtymwxoVN9peZo7EXTcDz9jKVc4vRmisJKKrNfe3ewBa,84.78235410999969,71.78454484099893,15147.379861904987,178.6619399863824,1.5147379861904986,151.28137594647302,971.887813157,7670.811729651,1334090.3152357002
heyk4SZTeCUV6a65WiVA5bzic3KcxgVf1qxobfeV4tQ,9ZDpBKPqMABtGfq66FbVribaArMvtk63xxy91onZAtDt,DaTP4s6N7xxSPinbNZ3FB52EpRDRt87QShTuN3VPCW52,86.21458825599439,74.96084025700077,14967.085492906574,173.60270223022184,5.98683419716263,151.36591848006822,622.271678067,4477.63925437,785790.0231938887
HEDSDjj84KS7LKhZY7ejkCACTdPen62rKhCby1wXtgxc,EnnjMSFttpCTywBrYNt1J5QQeoSVkvzPipJDa8Y7kJow,6bjVT6JN2rSvpyn9PdfLYC8wJn4LWh49jpY47fnLDXZk,7.682432691999566,7.930904934002683,7.44183390061276,0.968681952575079,0.0029767335602451043,1.0,39102.225399911,9066.463636398,46944.08368681464
SRMuKizofcAMicegrfSv7xs9q76tH1w8aAF7oX9FEWu,72Hj2KWntXPfbie4UgKeTPnm1XVkomDfCnRPKbvfTtPi,6aqJQ5wedqpUt4fFEDUqUmXhrdxCu4bEJsQdVPCADLko,29.74520300000222,29.624885000000177,1.2191926626458198,0.040987875007803064,0.0004876770650583279,0.03655138554606162,16928.681878,4962.345507,875.2513007014485
MARpDPs5A7XiyCWPNH8GsMWPLxmwNn9SBmKvPa9LzgA,6YjT74rmcfCpw8LSjPNx5JTmZoYLGrTKnf9arfSgZ4SR,F8GSmi3vA8M8TsybLya1LQ4n1aFHCRbZ6k437PeTdXtg,16548.173561999993,17452.718163000245,15541.05127516425,0.9391399731781623,6.216420510065699,1.0,297840.078908,14348.321176,294061.8448930409
Sid7E679i9ABqptiAVhkmQ27YHN8vaYT4fppPwmxFsJ,GP7KB8o1bv527HG8kTzzzf4wJ5aEGHvcMQvVhLziUfmT,9gYxhAZ1M9wu5pxr8SBoa5NDm21gi3s9vMHaYTME77sa,2599.795390000003,6196.145199999901,23.278142691381788,0.00895383643686735,0.009311257076552715,0.02166900529406303,130566.834926,10681.735658,1400.536670529847
BSC8REUo9LpiiWUuqMuLXs2D2yJsJfGd4HdiF3wCLxk5,AZjEH1zWVx1UJ6udMyRijGTzPteuLnaY18yNNmprJEsh,Caf8ypkSVR8xYnXNhjvfvdGCC7mrM3C11rz8Xi6NA6aK,1096.9699159290003,1098.5467300000005,1095.8904375466464,0.9990159453174796,0.4383561750186586,1.0,3503.484131262,2851.805360483,6351.841871780496
AUSejoEUCh2DBs9mof6BNC8Pubs22w4cJa1ccV9h44R,4xkyD7AfGQDwsQMy9MosRRNGoVJ1zosNinesxg1TzHG7,Cbm5gsQe3nSiCsFrvepVzMCD9xLK3ri9g3ypS2hdmVJ7,356.2166879999986,356.0986529999991,356.6489465231847,1.0012134707265206,0.03566489465231847,1.0,13960.855992,14916.71848,28894.51556206346
wrmcMSHFi3sWpAEy4rGDvQb3ezh3PhXoV2xNjgLBkKU,8p4mGnARWPBu6P2Gcw4adodLkNDorrXniZMhaY7eJXUn,AyY89zccbsgp9LKFgH4CFZMJmpSgqmPSdTfukhP227rc,0.00623587999999925,0.030085239999997765,2.049927679158202,328.7310979618672,0.0008199710716632807,3061.7556106671564,27.05152727,0.09901501,9195.838023420256
YakoMPuYrybnr9R7VC7hVGxMz94fJvPFCdZ4gmW61Ed,,,0.945357,0.9438350000000001,0.0,0.0,0.0,3061.7556106671564,27.05152727,0.09901501,303.1597624077646
RajgMbScQbqqrdJfR2rxfHJiTiY5b6bJ2tTXiF4aPxy,725ZA3fhyBAKb5iopNRrcbSuQa3LXA1656Q3mBvYPxeg,GLA6i1dSZpUfk2f9Nj8uiG7xyDdAR2reff8oEiZH3617,324640.13256387034,168504.07220331,324568.88969258283,0.9997805481696768,129.82755587703312,1.0,99904.49752952,83978.22825673,183860.8015614096
C2ypsDADXcCRz8HbV2zX1AXPSja7a1P3xZtRC91xGhJh,J9bYNuDpY1d1T86gLaw7DGk5D3CsUAf2tzUwxMvb6FTv,A2NGvvPrMGzsJ4jb52KEnSBVmsA7C34dV1GC7PerdgvG,1115.367000422004,1121.855672426996,168565.05700792916,151.1296792393462,67.42602280317166,151.76690061028506,2355.672416095,1398.44769536,568250.0890277963
vEnkoSUkpnbRrPgBz9DfcVxNz67zjwMYBZraAvDDNSf,DtfyjjsZ5yCjWKLKHvwsfXs5QVsmm1QkK6Sh9JZHoq1g,e5wrKCRv4GhHvEf1VD5Pq2KGaZDXP77nTL612Jyrxwy,3510.5864899999997,3509.7934939999996,3507.1214540034443,0.9990129751805217,0.35071214540034445,0.9988403463578786,860.955183,1086.255942,1945.1016602065042
BSCNHw8CmxbZ8hCWWzMf5FaG2ajPT6JxfznKUNuRVrn4,7n9kgNL633yGzCYksgnzHyjG73ZLBAwvEae5sbAekbzW,SscdxE99omdG9AiMVwmaEMQySQnCgeAh1sPj2Leutm2,282.41838110700064,281.2501060470004,283.87354157812825,1.0051524991589562,0.1135494166312513,1.0,4097.314750154,7606.347856127,11724.774017085147
MAR3XM1n9xWPQ3HJjAcC85o8DopWFP5p2WxGTaZ3fPB,6qG7GUhER8Cg9gDEgnebph9LdS6eu2eoWcA4R7z9uizK,4QV4CwRXVMY227KkFF9voNAfwWHVvVajXSXDKbUHkWZR,0.5691270000000017,0.01286799999999999,0.5363420212660707,0.942394265719372,0.00021453680850642826,0.02143444262861373,0.117348,24.050399,0.6260949798544058
TETFuZgEmET6d9vYmz9iMFCxK1jKdKYxf3oPz8hSzJK,Eu1Ze6Z84LWNkq7SNoAHBJbXx5t1P95EwyqYohrfCRFV,ASMbv7WNu3qe4pkhREmvyEdwFNDZQ6B6iSrjkj4u8bdC,4.402710813999988,4.405804997999994,4.3816516977022335,0.9952167841160974,0.0017526606790808936,0.9974694200812538,277.977163745,74.794713491,351.252978451024
daob129AwBGn9Y5r91uLoWZeYiGzbPmksauMhFZKTze,6VW5GQNyj4LStgmxEHLr5zUfW92vQnmbw8jTnCH7a38F,4VPCCUifPeBA1c7HWK358CHn2nyjm8pdTRk6Ps3KmnMQ,16.404111764999882,14.676347310999986,2775.823923702908,169.21513114934132,1.1103295694811632,151.2460252544563,48.020378531,224.386664111,42063.365717859684
SAMyS8Jr2HJrkFwYVKbpUwsNStnQmvz3f8Tup8bWUWF,6jPzm5TFfquvgm25sTyN3MMGBfufRaFHMxobDWv6hMFW,Cj9ECoDmxsHTDzCY5ZA6RWrPbg9uFzEC1Qc2kso2vJG6,5141.77792363998,120.6241574,4974.921013080457,0.9675487908973319,1.9899684052321829,0.021534851303466863,489.41741307,108548.84969767,2811.118563661676
moFiBS1R4Lf3E3zzmBPnw3NF4RhWPkhREFviuzUaCAU,44ALBrpqi9PfZkBRTvbtRNtFJGsatfY4QydjtMbFWq8S,2ho8qEEie1UjVwWNBo9y4oAJZMyMLx8zPj9bxyUz6uWs,2089.1807781649986,2088.2812379999996,2089.5566162657833,1.0001798973572382,0.8358226465063134,1.0,32914.313447876,31489.437169994,64409.67181587458
KysFMBBoavfov2tLpvefWW6tPFt6rAeZWDJVy1mMQae,B8ka2V21TH3x64dFV8ETcjuQcwmrciJ2qzy1mJUttRew,7fSf7EYxBANyxzk2s5pymFgshA91tFYQNKKs5UnLWcYS,121.77013800000032,163.2720520000148,0.0,0.0,0.0,0.021534851303466863,134542.090243,2582.309121,55.609642940321216
C98Sspw7XqnMsgxea3SLQVdbMDL8pKUc3RE82UvX9eq2,CSqgQJurPCzGxb4Cgwx5R61hWQUiaoUHcShNc8r1cKEL,6S2CR5EnukPhC914XkAns8m5GixjMAoUuZMsS5ubHuWc,44.235305000000494,44.25065499999994,0.0,0.0,0.0,1.0,902.084729,861.571097,861.571097
BUSDgu5JdqP1rndBvXvanbEufS94FNh1w5FJcAj6vawb,Bgzr8cWubt89JQFXndVjtdKmDbGzuPxNhvjH1EhWCwbo,Dxaf8xPBBQsasRKW5Aa4Sw2YrbfGofY9xZueyyF23FBW,25794.699831990005,25751.150238219998,25814.474752229205,1.0007666272671518,10.325789900891682,1.0,6948.77763205,8121.06533758,15075.170092036104
AURHmCnNwiW4uA2Qj1XvEh4iKgRUZYXtiY7FKAapUV5Y,BKWm4TRnTeKwfWXRyuzjRHU7iZDkPuXBX5b5V5jSVfGJ,A5Ww74HVrkj9nPeC7pHKLfgeDMEhBCpW1efQdz3TGLEg,0.008787466999820026,0.00785159000014346,1.4805043589446851,168.4790803737877,0.0005922017435778741,151.2111255097705,289.939976062,1798.340176697,320777.86269831675
Cob4usZcpHEY7Qt4ZCwj6WVg9S44zvzYV2v9qYF65dTf,NhFM9UXE48PyNAyeyPYA3iXztqKVJwA4bTdLj4ysM8w,6TuFuynuBoeskxyR2cz4wxyidk8dpDK7kAWw3UkjQGx,58.231043000000085,6303.462111999979,0.5174342863340134,0.008885883880424616,0.00020697371453360538,1.0,71101.128852,186.712716,818.5090907459803
KZMu9QBEdL97EFgamLbN5DE1AoKBG4HdrKKJo4Vuon3,DD4ACBWyVqdaKWh7v5btsgqQCCMwbKnuL2xd9pv7Gyuw,GcYqiJ1MAuYbNTNYXm1F1gQYTfTgkErACAhNU5dpVj9T,135.5832304300003,138.77686616999972,131.18339066850112,0.9675487908973319,0.052473356267400455,1.0,2200.85022984,893.05372212,3022.483700947807
2jQoGQRixdcfuRPt9Zui7pk6ivnrQv79mf8h13Tyoa9K,,,0.000480192999999999,0.0004307499999999997,0.0,0.0,0.0,1.0,2200.85022984,893.05372212,893.05372212
MATSnbbiTCv7Dc3trJrkrqjx7ckKdr6fwPoVwv9q3sD,631WX9JizSHJm4w6VanZeJAst9T8DeUUnPLesdGkCVtK,211maUSfpnXbPuW1iBu8b4dtJv5EbN1j7JJiEX5TZKEP,986.8367390000058,986.5001870000124,985.3567331867594,0.998500252620564,0.39414269327470375,0.9990948200929957,20349.134344,25205.176831,45500.977394473884
ALBpShJ9NLpE739pcHDF2LNVk5J4VYPvvKuV6jMPitZi,D6d156U1bPiJpDYRLextvDRccgFk7QzkQbJg42ceKEu5,GNcM8U5g8RwTZffwwm3kSQqUNPSwv5d2fbN9sLxPJqt2,446.2129669999995,446.63467999999557,445.3578798706479,0.9980836793356755,0.17814315194825917,0.9989940130288799,52509.836183,47801.323202,100162.44619249871
BerKDkt6v49dT1bHRedgnpsJS263C1DSJtEGvY9Mg35V,78XKqNb8wbfsMMrvo8WPUpdx7GEkfQutpNVH943aCGFa,DKYQwn4nDvFHCszi5tXbqfVMAP7DaXXp1KGTXEnYnKVH,0.0012420680000104767,0.0012420680000104767,0.0012445195192745588,1.0019737399756385,4.978078077098235e-07,1.0,1338.317413093,1686.889624681,3027.848528352315
SAMGk1Nd4haC8zQA63DG37pzuEZy8j4q13tSFtCbcRE,9U9TnkHD3jXMAVZtynCVLgDruuqN4pTvLJTmVHCLWS8g,C6zoEbvqSknmi96QWq96UBiPCyNW3YSTvKhavR2BfifE,0.21427724000000126,0.07679252999999997,0.29998633608198527,1.3999916000503998,0.00011999453443279411,0.0,54.30382893,0.83841123,76.0249043525739
JSoLLrxK5bYdHwTEWYaGgmeycBCNXKDiBCTw5hXGBg7,xG4wXczA7Dk4hccJ61CHKpDHW4NrNfQwgmWgkb9BuF2,BVR6WgfhsRr9Lob4QDnkEAiNGgAbv7ZieKcY9kSg3QYR,1.7873283679999226,1.522383131999991,297.2251501733837,166.29577166393221,0.1188900600693535,151.40187538475,17.089513907,164.63898332,27768.56473861264
7oAd7xG4m3oC2qeWB1szghTebAZyyGPAFDJ4wwwbRSNi,D9yh4KAysxt9GLacVe4Wwh2XqghhcjTCSTV9HuM7TBJd,HDYfJLpZKaMFb84jM4mRytn7XLR8UFZUnQpSfhJJaNEy,146.0883765819599,3.3127940000000535,146.0883765819599,1.0,0.05843535063278396,0.022765210018464453,955.123997978,300105.437947635,7787.087320539164
Lee1XZJfJ9Hm2K1qTyeCz1LXNc1YBZaKZszvNY4KCDw,9DgFSWkPDGijNKcLGbr3p5xoJbHsPgXUTr6QvGBJ5vGN,2hNHZg7XBhuhHVZ3JDEi4buq2fPQwuWBdQ9xkH7t1GQX,1428.7110620559351,1204.8443040240109,257088.42230336543,179.94430723691016,25.70884223033654,151.5566918265931,6731.070349064,53835.310656042,9370319.377411889
BUSDTd9WiT6uBHJRgNvFXBsA7JrifsAtWzKfioN7ERcy,DyBxrn7gSc1EwnpWhDyhzvMHPtxpmBqRqotapLcKcfTM,Cds99GeBgoCpqBsoRWu1C6fF9LiUMd4pXQQD24s9LPff,971.9434246799999,975.2364537599997,970.1733143627457,0.9981787928470868,0.09701733143627457,0.9996900960702182,151.94734874,112.28253161,263.91835595381673
SQDY9uoDoCbNq7F3HAHYYQZbrUzpKxDtdWLvYcqBLak,GiehZ4X2uQjhEKuxSm3ACmEFrabxh3RTvjbLfLjw1xGX,rxDQYV77NKRKYxCjq4cECX3QQsiSyLv1T1FT2X3zNA2,0.0012284980000174528,0.0012284980000174528,0.0012323237800005592,1.0031141930903038,4.929295120002237e-07,1.0,154.686698921,251.962312397,407.13073556694167
SERgf3DMJpQxUifu7VoFKmfne73d2fDJxSrxUMrcNJB,AJfM2GZ2tTB8UtN2krcyR9xufRJEx2mhSCbJyMgPo3GU,F4yRYkufQvERZcEKnKjJwRLU1btiMBUuEwq46hfm11QD,0.5597760450000031,0.5601771219999989,83.92996855415268,149.934905760664,0.03357198742166107,151.700294829523,29.1804226,28.064455105,8632.55002624576
KwnjUuZhTMTSGAaavkLEmSyfobY16JNH4poL9oeeEvE,J63v6qEZmQpDqCD8bd4PXu2Pq5ZbyXrFcSa3Xt1HdAPQ,BnKQtTdLw9qPCDgZkWX3sURkBAoKCUYL1yahh6Mw7mRK,641.4530520000022,27908.69496900031,13.650610763235699,0.021280763604871977,0.00136506107632357,1.0,277046.339409,585.276621,6481.034277558056
BSCuChvaSj9b5HUSqgDVRzcnr2sSn7cXaamt1jbKH6hn,GnKpRj5kBVPMJfiwZtEuD9GYApLzPdW5JFuZTcyX4BTc,3dmwD9okkomV9nDwyuh4UMhKdUR13QpuKxRo89ycZB5t,58.740291150000076,58.799822020999954,58.65509626501783,0.9985496346151114,0.023462038506007137,0.99981103571425,1695.385587809,1417.144590658,3109.803460181025
MATgk4zXLXtYkwBH678J1xZbRDZ45LicNzkRBHkxTuY,y8dALFo1bJrSzPYjMX14HJX448pXqYmrfXHD1K8MXih,GN7Yuet3UyiWS5YVkEHv6oQKi4HGBJc3XDPt9zQhAqZz,1833.3743390000009,1830.8608319999998,1835.725903882875,1.0012826430657673,0.73429036155315,1.0,3514.052752,4547.757658,8066.317685395094
BSCrK1Nx9PXU9mF7STWWBqeHLxmtJDr9h7jheEy4tAWX,FfSySSbVJPvEo5a5AvrP3nySoXpRE2QPn1uUMpJJ1x7v,HL7Vcj6838ZmvBHDbQxXfjBNckNi83WvPiZQoMQLFeRM,0.009257585000000068,0.009247319999999948,28.47094805925737,3075.418487570696,0.011388379223702949,3069.085105729982,0.830007883,0.974284841,5542.784682459218
GokA1R67GqSavkd15zR62QD68Tuc5AEfvjssntVDEbM8,3YB7hfpBdbQEuZqLGWVDpRPmeZWCUsrrWyqGXegnQ6Cg,4DPCj6Z1DsG6HUtwSogBGqXEUxdEV5a8YVrrFtcnz7UW,76409.79386800002,76365.64124699999,76414.7608274538,1.0000650042252746,7.64147608274538,1.0,16487.336241,15927.764765,32416.17275251919
