0,1,2,3,4,5,6,7,8,9,10,11
STK75uPSyBnEhGTTzb1nwmP3n427XoXmfRhXxxhyady,6TYyD5fUmDe6N65avW1Ny2RxzRNobw2RRgKwH9CTzSAU,54zDfk4cx2vGrEajPtodWpArNe5eUurytyxd4X3aZAxK,622.8746878809991,701.3367407819997,95784.33207912103,153.77785282136995,9.578433207912102,173.30502915597157,1799.508258616,316.301456128,331541.1492206303
GokA1R67GqSavkd15zR62QD68Tuc5AEfvjssntVDEbM8,3YB7hfpBdbQEuZqLGWVDpRPmeZWCUsrrWyqGXegnQ6Cg,4DPCj6Z1DsG6HUtwSogBGqXEUxdEV5a8YVrrFtcnz7UW,5281.997006999996,5282.377341000005,5282.197730513756,1.0000380014440549,0.5282197730513756,1.0,17174.251437,15244.485082,32419.389165355165
TETFuZgEmET6d9vYmz9iMFCxK1jKdKYxf3oPz8hSzJK,Eu1Ze6Z84LWNkq7SNoAHBJbXx5t1P95EwyqYohrfCRFV,ASMbv7WNu3qe4pkhREmvyEdwFNDZQ6B6iSrjkj4u8bdC,138.01294391199997,138.0998196980001,137.7709852723672,0.9982468409645181,0.055108394108946884,0.9994333213068191,219.856999394,132.897270441,352.2935154984576
ionytDfEj1mXodptgrsKEZro7DGsfpzANUfarJdm6Qb,3gkSjY95an9xNFSjCfsay6JZez7uv7yfW3Ad4ubc4fMK,9wXqANaSuEqkKL9yHzCPEDGHwbkStVAqV5rB3QDs3Jr6,0.02031090300000002,0.07565330600000042,15.29153356496732,752.8731521669571,0.006116613425986928,3034.625072072345,3.17013297,0.079600045,2628.2642942073844
Lee1XZJfJ9Hm2K1qTyeCz1LXNc1YBZaKZszvNY4KCDw,9DgFSWkPDGijNKcLGbr3p5xoJbHsPgXUTr6QvGBJ5vGN,2hNHZg7XBhuhHVZ3JDEi4buq2fPQwuWBdQ9xkH7t1GQX,1197.716765358944,1009.1208061879915,218356.64456311852,182.31075232355053,21.835664456311854,153.68917808410762,6711.935964737,53860.247101576,9501395.203726854
SoN9GaFpSXfpyR5dth3x7PHPVhvJMpQqqDJfCSmPv1t,9kZ9iS68ViMPtoeqtnhAKuF2iqVyfHPdZHoUNdwCELr,BBhm5fJLjw3HRzjtKB8uMEYjGhY6EDm9co3cqpjrSzB9,0.34111848000000045,0.3352955909999997,62.5696634462737,183.42501832874495,0.02502786537850948,169.6343057563366,1.511739425,2.47142934,696.5300320556526
KysFMBBoavfov2tLpvefWW6tPFt6rAeZWDJVy1mMQae,B8ka2V21TH3x64dFV8ETcjuQcwmrciJ2qzy1mJUttRew,7fSf7EYxBANyxzk2s5pymFgshA91tFYQNKKs5UnLWcYS,30.110826999999972,40.29976500000339,0.0,0.0,0.0,0.022618323859610687,134532.936449,2589.182228,58.56296216445236
KEVpg4SYCVrqFxKijQH6hm4QxsRdoE51ud64bEEFUC9,2bPenuBYfqzD8p5dFjCcggwkHDsc2RQDnx9AoyYGUBjA,AE6n6iLuX8oYu61vt5hoDYkjswpnxFxrhSehxrnQTnbx,917.058552984,916.0509600199998,918.4550188358439,1.0015227662915307,0.3673820075343376,1.0,2273.129911762,5371.975342498,7648.566699865902
RoBgmK8CvjdHvPrqdDyVw54VwjZv2TqJ493xnqJAQHx,ExiHJxM7qPAcy27NDHAF6G7vnW7muNHi2sVJpnaNynGQ,6rkPHSqZb7StM4HwS9EuVrmfkV7tRdc7dnsFhyB6cefE,2.6283829999999497,38.363937999999806,0.0,0.0,0.0,0.9442130597885151,6246.865697,19.284566,18.208739069553566
BSCNHw8CmxbZ8hCWWzMf5FaG2ajPT6JxfznKUNuRVrn4,7n9kgNL633yGzCYksgnzHyjG73ZLBAwvEae5sbAekbzW,SscdxE99omdG9AiMVwmaEMQySQnCgeAh1sPj2Leutm2,56.567321247999644,56.244238048000625,56.91655536934071,1.00617377867002,0.02276662214773629,1.0,3859.7070645,7845.378568905,11728.914610552336
BkwbeSfcX1h4thMDd7obGkHrPevf3QwgzJ4pCEqG18Lu,35yX27bmurdebhfAb8EPmjLETDiUaEUCn9zHaDPbakH2,2CxECn1ZJFoESyUnQysQU8rRgT3iJ5GRs2Mdd6gZjx5g,1.829999995095477e-06,1.1200000000766153e-06,0.003976704757041759,2173.062714589943,1.590681902816704e-06,1333.3333333333333,0.80136202,22.09433868,31200.52816655048
ALBpShJ9NLpE739pcHDF2LNVk5J4VYPvvKuV6jMPitZi,D6d156U1bPiJpDYRLextvDRccgFk7QzkQbJg42ceKEu5,GNcM8U5g8RwTZffwwm3kSQqUNPSwv5d2fbN9sLxPJqt2,6670.736026999992,6677.205369999996,6657.095638037653,0.9979551898160669,2.662838255215061,0.9991617033309054,53893.59992,46422.446807,100166.92876250524
ZUCKWFa4LTL833dPhhpeeRWZcaAEoMeYJPi2iKn4F8N,7eEYpq6ShaJ9opZWMxitRFrdCHh6vfyHhGfoSvFht3N2,H8VggnHmuwd1wvwpT8eg9cUJFEfZ7HAaeYjgXrSm7A2u,0.0011523939999733557,0.0011523939999733557,0.0011537438086974155,1.001171308358158,4.614975234789662e-07,1.0,1849.447104349,1997.706962338,3849.3203395382952
SEQV6QiTpvTzrceiaYg9Avnwf7oc8ZALpnQMz6TyT4A,3dFMPj4r9mMmPHF32mz1gNDX7f8ftidWof7S8YiYTs1j,Fc1ED3YPeQfXQosHbd8DTaBd2AV5gHQtwiSAL5C5pUhi,601.4944499700005,599.9999999999999,599.931891363032,0.997402206110054,0.2399727565452128,0.9985331547956053,4159.510217876,1470.150089824,5616.698274861835
HDSBGqAuMRr6X2AfmmbXQPpRgU6VEhtfNVVZ3wUTZXg,DCZ1d8kNLgDcdSd99y4udLgwq46mfDXNS9KXj96kQf5L,Fq8GGYQM5Pz3q7LmVMbrXHJgsxA5ev86kTq8yGgGuYsa,1.519565689000956,1.5269172379994416,1.5119208276472484,0.9949690484530922,0.0006047683310588994,1.0,13523.369623677,12879.734392416,26335.068598765356
BUSDTd9WiT6uBHJRgNvFXBsA7JrifsAtWzKfioN7ERcy,DyBxrn7gSc1EwnpWhDyhzvMHPtxpmBqRqotapLcKcfTM,Cds99GeBgoCpqBsoRWu1C6fF9LiUMd4pXQQD24s9LPff,575.02941429,576.0221904,574.1501034066328,0.9984708419056215,0.05741501034066327,0.9989900210886793,94.29219704,79.4660285,173.53377885070813
BkMBnJpvHKtWhUvrgRrLesXfi9RUV3ELgdBaJcdH7hcY,5uerVwBnZQsuVhZ15igs7ZgmcqhHnYWbwoRtLyRqLvR,9YWiQh5d4jCtgMdzcGLv9bWgnLaFtzvDDh2nnhJdzhBX,0.0011618900000485155,0.0011618900000485155,0.0011683007395890135,1.0055175098677416,4.673202958356054e-07,1.0,986.482241645,1887.575048349,2879.5002154966282
daob129AwBGn9Y5r91uLoWZeYiGzbPmksauMhFZKTze,6VW5GQNyj4LStgmxEHLr5zUfW92vQnmbw8jTnCH7a38F,4VPCCUifPeBA1c7HWK358CHn2nyjm8pdTRk6Ps3KmnMQ,12.40040533799987,11.105412506000036,2103.867841038956,169.66121539526227,0.8415471364155824,153.36129620967557,48.45917324,223.914609956,42561.477052084054
Cob4usZcpHEY7Qt4ZCwj6WVg9S44zvzYV2v9qYF65dTf,NhFM9UXE48PyNAyeyPYA3iXztqKVJwA4bTdLj4ysM8w,6TuFuynuBoeskxyR2cz4wxyidk8dpDK7kAWw3UkjQGx,16.296800999999988,1804.4907299999904,0.15174619100956566,0.009311409706086843,6.069847640382627e-05,1.0,70469.649269,192.514831,848.6866071879022
BSCuChvaSj9b5HUSqgDVRzcnr2sSn7cXaamt1jbKH6hn,GnKpRj5kBVPMJfiwZtEuD9GYApLzPdW5JFuZTcyX4BTc,3dmwD9okkomV9nDwyuh4UMhKdUR13QpuKxRo89ycZB5t,46.00834829400014,45.91219569000009,46.11627143706802,1.0023457295701692,0.01844650857482721,0.9998140345895663,1304.258617512,1809.020487692,3116.0021279727694
C2ypsDADXcCRz8HbV2zX1AXPSja7a1P3xZtRC91xGhJh,J9bYNuDpY1d1T86gLaw7DGk5D3CsUAf2tzUwxMvb6FTv,A2NGvvPrMGzsJ4jb52KEnSBVmsA7C34dV1GC7PerdgvG,1212.8188103980033,1220.1747277739978,186002.43148980962,153.3637422961558,74.40097259592386,153.92363663678086,3536.441945691,2059.132880472,859311.1924848903
KEN5P7p3asnb23Sw6yAmJRGvijfAzso3RqfyLAQhznt,9zj4aX38Uxf3h6AUjS4EipWS8mwbEofasHAf3a1uKGds,CwQDG1MWunn9cLNwcZLd8YBacweSR7ARo32w4mLua1Yr,35827.590312999906,35827.0141090001,35824.79597891355,0.9999220060835254,3.5824795978913553,1.0,1146360.284947,1143469.267406,2289740.1432246864
NorjjEePhxfwLF4vZjUHCrVVKLzQjEEGQFd3wgjEJmh,34M8pFVqgbV7aqHxvRT5tCv3vu2P1JJYT8J3VaxBK2oG,3AZWBSze3ucsY3xSeuLne3b2pauVqiaJ1SZSV5T9WGWw,1.2049870000000737,2.0832120000050054,0.6975294456115511,0.5788688555241744,0.00027901177824462046,1.0,38235.101644,2193.762303,24326.871832512763
SRMuKizofcAMicegrfSv7xs9q76tH1w8aAF7oX9FEWu,72Hj2KWntXPfbie4UgKeTPnm1XVkomDfCnRPKbvfTtPi,6aqJQ5wedqpUt4fFEDUqUmXhrdxCu4bEJsQdVPCADLko,19.483007000000725,19.534013000000414,1.1802177929020934,0.06057677815863072,0.00047208711716083734,0.06056044207669265,16948.215891,4942.927552,1326.0141919158712
ALLwa5WNZbvQsRKAqe1jdRGemdYQnW8E5k4msbRFcYtu,CGoM82Hbz7QVqTgvQatYtjvDWBvoUJp5qm21P8iMs9yb,3dxNNww8TivyN5FMy5dCNdi3Zcxv6e4kUfSPxfFwpdNq,2.1493640129999996,2.145979566000001,6515.791108618545,3031.4972564949826,2.606316443447418,3028.164962314487,2.268130213,6.388911253,26222.507721754228
FrnkTEL6yZ5Aycq2TrEgu29dCrwKG4LPUZydfiwqspkc,DjvZuMZ46fxKBoBpGMPcRcos4xdTtHFxwMh69DpA2ZFY,9rvDPJLAng4uVVqnnSoEXgNDFhBZQTny9AoQioYDZbQX,51.5335313949995,42.95857108700005,9489.955184073639,184.1510745951807,3.7959820736294554,153.44031601339964,172.616323768,1439.080506918,252600.4492647681
C98Sspw7XqnMsgxea3SLQVdbMDL8pKUc3RE82UvX9eq2,CSqgQJurPCzGxb4Cgwx5R61hWQUiaoUHcShNc8r1cKEL,6S2CR5EnukPhC914XkAns8m5GixjMAoUuZMsS5ubHuWc,15.94351800000004,15.942579000000023,0.0,0.0,0.0,1.0,874.329436,889.399129,889.399129
BSC8REUo9LpiiWUuqMuLXs2D2yJsJfGd4HdiF3wCLxk5,AZjEH1zWVx1UJ6udMyRijGTzPteuLnaY18yNNmprJEsh,Caf8ypkSVR8xYnXNhjvfvdGCC7mrM3C11rz8Xi6NA6aK,681.2457936360006,680.0729122020007,683.1563900921427,1.0028045625734359,0.27326255603685706,1.0,2635.853088909,3721.491606629,6364.73711046023
RajgMbScQbqqrdJfR2rxfHJiTiY5b6bJ2tTXiF4aPxy,725ZA3fhyBAKb5iopNRrcbSuQa3LXA1656Q3mBvYPxeg,GLA6i1dSZpUfk2f9Nj8uiG7xyDdAR2reff8oEiZH3617,3046.5357201999796,3050.922185950025,3042.0369126505984,0.9985233038563928,1.2168147650602394,1.0,129411.80809336,54511.80897271,183732.51514812128
Lid8SLUxQ9RmF7XMqUA8c24RitTwzja8VSKngJxRcUa,4PgzyzLtds9bKZ2to9PMnKqJzKEUpjvNUaeN23phegax,AtymwxoVN9peZo7EXTcDz9jKVc4vRmisJKKrNfe3ewBa,90.6489369230078,76.68127603699918,16445.370328685905,181.4182370682813,1.6445370328685907,152.4335869726598,967.938111929,7675.080858269,1345541.731388504
vEnkoSUkpnbRrPgBz9DfcVxNz67zjwMYBZraAvDDNSf,DtfyjjsZ5yCjWKLKHvwsfXs5QVsmm1QkK6Sh9JZHoq1g,e5wrKCRv4GhHvEf1VD5Pq2KGaZDXP77nTL612Jyrxwy,1318.1489360000003,1317.521687,1317.3874860330732,0.999422333891011,0.13173874860330734,0.9896257532289015,926.430211,1021.218906,1936.5195727266064
WiiQFxXqp8P9Fs1rt9SVcDyA3KUdJmUsog6wnVQAwba,3S2jpqSYxho6wiz3cafhjXruVY8cg4HYa2v3BqBHYFSj,Dfe67M6TfrG74gKRtdqys4e6E9QirPD53BkF4FujFjuv,12530.284576248,12524.198912105001,12532.341271306374,1.000164137936841,1.2532341271306375,0.9995008882369492,12632.292351439,14184.978212988,26812.264113346413
MATgk4zXLXtYkwBH678J1xZbRDZ45LicNzkRBHkxTuY,y8dALFo1bJrSzPYjMX14HJX448pXqYmrfXHD1K8MXih,GN7Yuet3UyiWS5YVkEHv6oQKi4HGBJc3XDPt9zQhAqZz,671.1659770000006,670.5581419999994,671.8593358345818,1.0010330661242401,0.26874373433383275,1.0,3655.704375,4408.702552,8068.183511350048
HEDSDjj84KS7LKhZY7ejkCACTdPen62rKhCby1wXtgxc,EnnjMSFttpCTywBrYNt1J5QQeoSVkvzPipJDa8Y7kJow,6bjVT6JN2rSvpyn9PdfLYC8wJn4LWh49jpY47fnLDXZk,52.41921781700148,54.00475497599837,50.31992639331078,0.9599518743103064,0.02012797055732431,1.0,39032.996082429,9133.553620699,46603.35136997357
Dg3mAgpwDfVNnbGWcsxL8sUcSkEbjSJQhKAWNigG44Ju,EATxwd8YA2wV93VJcKMmH2Kn2Y9XfJVUB9hHVu3udwEy,GiGvrRi7NMHfHKanG2B8xyCEqe8jaafWins8bhrLVEaa,0.00045585000000000764,0.0004610159999999808,0.08391833164060894,184.09198561063405,3.356733265624358e-05,181.91016221111073,0.198226173,0.261388851,84.04113807315291
BerKDkt6v49dT1bHRedgnpsJS263C1DSJtEGvY9Mg35V,78XKqNb8wbfsMMrvo8WPUpdx7GEkfQutpNVH943aCGFa,DKYQwn4nDvFHCszi5tXbqfVMAP7DaXXp1KGTXEnYnKVH,0.07210667200001808,0.07202401100016687,0.0722489436082863,1.0019730713444686,2.8899577443314524e-05,0.9992871165653392,1338.388229411,1686.819933395,3026.646392281452
parEAJhzYzHW87y9VoZAQ22dzQ2MD2ekEtTReaxbMcz,3oyc6hpjYSJEquK6dSvG72NXyz3pqLZz5D8AC71pwgQb,Di2vordgFJVZ1aj1aBpvzXtLfZgJsuLLXawGtVFwX6Rz,4.682084171999975,5.5184243790004075,695.5209334370766,148.54942967417466,0.2782083733748306,176.95109372586276,1102.18489828,140.876331028,188657.1588904735
KZMu9QBEdL97EFgamLbN5DE1AoKBG4HdrKKJo4Vuon3,DD4ACBWyVqdaKWh7v5btsgqQCCMwbKnuL2xd9pv7Gyuw,GcYqiJ1MAuYbNTNYXm1F1gQYTfTgkErACAhNU5dpVj9T,30.17498562000037,31.164658890000055,28.931387018527314,0.958787102100596,0.011572554807410925,1.0,2380.64558781,718.95843463,3001.49071889492
B2izdXFYb2sNwbWWHmh75T4aQFtfXsUxem9u2p61HGzf,4DYwgJtxwuJdAjkj5RJSNH4e7U329V5cNp7d3a1nLrZv,EXNW64GEf1ACC6xY9BtKRiunrs6GoJSXBdxWN2eTPmrF,5402.1009300000005,5352.212534000006,5264.625757592001,0.9745515357470376,0.5264625757592001,1.0,10222.311008,29716.016812,39678.185703730254
SAMyS8Jr2HJrkFwYVKbpUwsNStnQmvz3f8Tup8bWUWF,6jPzm5TFfquvgm25sTyN3MMGBfufRaFHMxobDWv6hMFW,Cj9ECoDmxsHTDzCY5ZA6RWrPbg9uFzEC1Qc2kso2vJG6,1368.4318615899974,31.306820550000054,1312.0348189959975,0.958787102100596,0.524813927598399,0.022839572830555765,510.55390724,107636.60913367,2947.8866747312964
AUSejoEUCh2DBs9mof6BNC8Pubs22w4cJa1ccV9h44R,4xkyD7AfGQDwsQMy9MosRRNGoVJ1zosNinesxg1TzHG7,Cbm5gsQe3nSiCsFrvepVzMCD9xLK3ri9g3ypS2hdmVJ7,553.4109809999991,552.5337690000015,554.4705742674241,1.001914658913183,0.05544705742674241,1.0,13707.979734,15170.180735,28904.406574579436
MARpDPs5A7XiyCWPNH8GsMWPLxmwNn9SBmKvPa9LzgA,6YjT74rmcfCpw8LSjPNx5JTmZoYLGrTKnf9arfSgZ4SR,F8GSmi3vA8M8TsybLya1LQ4n1aFHCRbZ6k437PeTdXtg,19635.802127,20611.40460700012,18655.45781863094,0.9500736307063796,7.462183127452376,1.0,296444.192734,15698.503215,297342.3137076131
YAkoNb6HKmSxQN9L8hiBE5tPJRsniSSMzND1boHmZxe,CfWX7o2TswwbxusJ4hCaPobu2jLCb1hfXuXJQjVq3jQF,EnTrdMMpdhugeH6Ban6gYZWXughWxKtVGfCwFn78ZmY3,4938249.341568997,4937017.618526996,4938249.341568997,1.0,493.82493415689976,0.9983297942542126,531118.8866,920898.979393,1450479.775226328
KwnjUuZhTMTSGAaavkLEmSyfobY16JNH4poL9oeeEvE,J63v6qEZmQpDqCD8bd4PXu2Pq5ZbyXrFcSa3Xt1HdAPQ,BnKQtTdLw9qPCDgZkWX3sURkBAoKCUYL1yahh6Mw7mRK,185.66129099999932,8511.416840999911,4.226094025727172,0.022762386294767213,0.0004226094025727172,1.0,276139.360601,605.486887,6891.077684189984
SERgf3DMJpQxUifu7VoFKmfne73d2fDJxSrxUMrcNJB,AJfM2GZ2tTB8UtN2krcyR9xufRJEx2mhSCbJyMgPo3GU,F4yRYkufQvERZcEKnKjJwRLU1btiMBUuEwq46hfm11QD,1.6145711239999976,1.6150301580000033,247.08146427385392,153.03225766959417,0.09883258570954156,153.03026709137666,29.284858487,27.960780594,8760.373732183387
Sid7E679i9ABqptiAVhkmQ27YHN8vaYT4fppPwmxFsJ,GP7KB8o1bv527HG8kTzzzf4wJ5aEGHvcMQvVhLziUfmT,9gYxhAZ1M9wu5pxr8SBoa5NDm21gi3s9vMHaYTME77sa,840.0711859999901,1712.0173749999722,7.806346620443041,0.009292482292617442,0.0031225386481772166,0.022824034182734328,130879.226602,10555.523279,1457.1125198070945
DFWzVTzNBrQZLjoQ4yQwkj9HuoXmfkuZP9V5vbymZe23,DhgiEgiNdqZdRdo195UUHnoEJUtefK8buko8nU97XJUZ,2K2kkXsouBHtWVjtcgkyiXd8eP3oVBvq1bTJzcVdLLr2,1827.7339336159966,1829.4377201560055,1807.5146928758866,0.988937536055859,0.7230058771503547,1.0,42741.041133397,25238.142373444,67506.36228036774
ercAoEmXjQzEvAFbdjAo81KtMxRGn9AW1ju882upmPH,CMRhskR2Eg6V42RTSdRTXGdozyPbWB8U9dVpijPWb9T4,7TKLLgrWswt6ZJ1pXhVR3FyufHGjJFqiEXxvWJfDcgRm,24.315994330000024,24.747682392999934,3723.7408642676573,153.13956787995573,1.4894963457070631,150.13333341340444,277.232947764,788.095439359,160774.7291815335
JSoLLrxK5bYdHwTEWYaGgmeycBCNXKDiBCTw5hXGBg7,xG4wXczA7Dk4hccJ61CHKpDHW4NrNfQwgmWgkb9BuF2,BVR6WgfhsRr9Lob4QDnkEAiNGgAbv7ZieKcY9kSg3QYR,3.4039294780001086,2.9012142670000216,613.1454106988721,180.12870556269866,0.24525816427954883,152.8306996528298,17.14394485,164.578003422,28240.68800451887
BUSDgu5JdqP1rndBvXvanbEufS94FNh1w5FJcAj6vawb,Bgzr8cWubt89JQFXndVjtdKmDbGzuPxNhvjH1EhWCwbo,Dxaf8xPBBQsasRKW5Aa4Sw2YrbfGofY9xZueyyF23FBW,5532.206584770004,5545.55836458,5519.935051558832,0.9977818013439782,2.2079740206235328,1.0,8833.8537494,6247.20167673,15061.460183615589
moFiBS1R4Lf3E3zzmBPnw3NF4RhWPkhREFviuzUaCAU,44ALBrpqi9PfZkBRTvbtRNtFJGsatfY4QydjtMbFWq8S,2ho8qEEie1UjVwWNBo9y4oAJZMyMLx8zPj9bxyUz6uWs,498.8622296149988,500.0,500.0179796735219,1.0023167720262467,0.20000719186940877,1.0,26255.585201875,38168.095701172,64484.509108375445
heyk4SZTeCUV6a65WiVA5bzic3KcxgVf1qxobfeV4tQ,9ZDpBKPqMABtGfq66FbVribaArMvtk63xxy91onZAtDt,DaTP4s6N7xxSPinbNZ3FB52EpRDRt87QShTuN3VPCW52,84.64670424300311,73.39358652699968,15003.43935875358,177.24776756436754,6.001375743501432,153.4384089787247,623.899876602,4494.845880206,800266.8607747729
MATSnbbiTCv7Dc3trJrkrqjx7ckKdr6fwPoVwv9q3sD,631WX9JizSHJm4w6VanZeJAst9T8DeUUnPLesdGkCVtK,211maUSfpnXbPuW1iBu8b4dtJv5EbN1j7JJiEX5TZKEP,925.243526000002,925.0577219999941,925.6184014525903,1.000405164091457,0.37024736058103613,0.9996371317211853,21063.056608,24492.292448,45554.99557418906
wrmcMSHFi3sWpAEy4rGDvQb3ezh3PhXoV2xNjgLBkKU,8p4mGnARWPBu6P2Gcw4adodLkNDorrXniZMhaY7eJXUn,AyY89zccbsgp9LKFgH4CFZMJmpSgqmPSdTfukhP227rc,0.00483550000000002,0.04517975000000263,1.6407766331419644,339.3189190656514,0.0006563106532567857,3030.7622367025306,27.03273054,0.10108039,9479.067535108989
SoNcU2iwHMw6dGzsYNQkYFkUjwN1UdAjrWVRnStrZu2,8ivTTid27jZnYNc4w3CTA1Z6QS2twsFb8WMwUabeDJgc,CyXm53PMvHCbeXJBykU46Rcbo28xk5srhMZFg7gv6EYB,3.505306938000004,3.4732148879999993,638.3776788798908,182.11748362445118,0.25535107155195635,179.648679043263,15.070790796,19.62016253,6269.390777126685
AURHmCnNwiW4uA2Qj1XvEh4iKgRUZYXtiY7FKAapUV5Y,BKWm4TRnTeKwfWXRyuzjRHU7iZDkPuXBX5b5V5jSVfGJ,A5Ww74HVrkj9nPeC7pHKLfgeDMEhBCpW1efQdz3TGLEg,0.015594278999969902,0.01393815699998413,2.672174565234473,171.35608290961258,0.0010688698260937891,153.43633719230834,289.942123379,1795.272017173,325143.30911159306
