0,1,2,3,4,5,6,7,8,9,10,11
KEVpg4SYCVrqFxKijQH6hm4QxsRdoE51ud64bEEFUC9,2bPenuBYfqzD8p5dFjCcggwkHDsc2RQDnx9AoyYGUBjA,AE6n6iLuX8oYu61vt5hoDYkjswpnxFxrhSehxrnQTnbx,123.34750354700122,123.0779304640007,123.70214820454038,1.0028751668849465,0.049480859281816156,0.9993442293173778,1533.892907235,5992.252185788,7526.625747808617
SoN9GaFpSXfpyR5dth3x7PHPVhvJMpQqqDJfCSmPv1t,9kZ9iS68ViMPtoeqtnhAKuF2iqVyfHPdZHoUNdwCELr,BBhm5fJLjw3HRzjtKB8uMEYjGhY6EDm9co3cqpjrSzB9,0.10616625700000037,0.10401663700000008,20.351615352602273,191.69570377339573,0.00814064614104091,187.65848932288876,0.854240421,1.367217236,420.3241397792523
BUSDTd9WiT6uBHJRgNvFXBsA7JrifsAtWzKfioN7ERcy,DyBxrn7gSc1EwnpWhDyhzvMHPtxpmBqRqotapLcKcfTM,Cds99GeBgoCpqBsoRWu1C6fF9LiUMd4pXQQD24s9LPff,976.5679631099995,975.47965876,973.1522376818259,0.9965023167283762,0.0973152237681826,0.9962203400299264,108.13029651,65.96713605,173.46989368727264
YakoMPuYrybnr9R7VC7hVGxMz94fJvPFCdZ4gmW61Ed,,,1.094166,1.087037,0.0,0.0,0.0,0.9962203400299264,108.13029651,65.96713605,65.71780270653142
CZgvH45CRmoaNJ7395Ao5CQZXkGznvqU7cErD6n7FaRg,4ZjU6MKvtqVQKCiowhvZ5yUsPxXX5SCzd5eFsPeXyey5,BsyWeshjDbCvjDojry3vKDCesmFRM37WtwcR4Kfgzqr,4.8730704799999955,4.986014000000068,4.989609802388502,1.023914967548039,0.001995843920955401,1.0,236.51912528,568.12026098,810.2957334655619
YAkoNb6HKmSxQN9L8hiBE5tPJRsniSSMzND1boHmZxe,CfWX7o2TswwbxusJ4hCaPobu2jLCb1hfXuXJQjVq3jQF,EnTrdMMpdhugeH6Ban6gYZWXughWxKtVGfCwFn78ZmY3,8893413.96986297,8894898.58973999,8893413.96986297,1.0,889.341396986297,0.9923292945531045,1008054.207562,463774.625136,1468271.3541548373
KwnjUuZhTMTSGAaavkLEmSyfobY16JNH4poL9oeeEvE,J63v6qEZmQpDqCD8bd4PXu2Pq5ZbyXrFcSa3Xt1HdAPQ,BnKQtTdLw9qPCDgZkWX3sURkBAoKCUYL1yahh6Mw7mRK,386.35957799999255,14956.239610999764,8.67338695501944,0.022449002040838776,0.0008673386955019442,1.0,276291.005963,602.160577,6804.617933728785
wrmcMSHFi3sWpAEy4rGDvQb3ezh3PhXoV2xNjgLBkKU,8p4mGnARWPBu6P2Gcw4adodLkNDorrXniZMhaY7eJXUn,AyY89zccbsgp9LKFgH4CFZMJmpSgqmPSdTfukhP227rc,0.012216990000000302,0.096238399999999,4.0723300000001,333.3333333333333,0.0016289320000000404,2972.828348891135,27.02736376,0.10169405,9311.440208086886
Sid7E679i9ABqptiAVhkmQ27YHN8vaYT4fppPwmxFsJ,GP7KB8o1bv527HG8kTzzzf4wJ5aEGHvcMQvVhLziUfmT,9gYxhAZ1M9wu5pxr8SBoa5NDm21gi3s9vMHaYTME77sa,2868.297496000001,8745.703303000017,20.93221370741188,0.007297783349392106,0.008372885482964752,0.022430556231587597,136089.96629,8662.324412,1187.455844830115
moFiBS1R4Lf3E3zzmBPnw3NF4RhWPkhREFviuzUaCAU,44ALBrpqi9PfZkBRTvbtRNtFJGsatfY4QydjtMbFWq8S,2ho8qEEie1UjVwWNBo9y4oAJZMyMLx8zPj9bxyUz6uWs,218.05062799500593,217.83842244699918,218.24450593834527,1.0008891418709593,0.08729780237533812,0.9999515573468043,28027.863964111,36393.60305909,64444.624767913505
BSC8REUo9LpiiWUuqMuLXs2D2yJsJfGd4HdiF3wCLxk5,AZjEH1zWVx1UJ6udMyRijGTzPteuLnaY18yNNmprJEsh,Caf8ypkSVR8xYnXNhjvfvdGCC7mrM3C11rz8Xi6NA6aK,190.1011766239999,189.89718300000004,189.9515356534851,0.9992128351166876,0.07598061426139405,0.9988959243304213,3347.3268217,2863.49821497,6205.028619833957
FrnkTEL6yZ5Aycq2TrEgu29dCrwKG4LPUZydfiwqspkc,DjvZuMZ46fxKBoBpGMPcRcos4xdTtHFxwMh69DpA2ZFY,9rvDPJLAng4uVVqnnSoEXgNDFhBZQTny9AoQioYDZbQX,57.01460986000126,47.45902884300037,10965.995058104163,192.3365797824635,4.386398023241665,160.14118046469767,172.05770134,1439.835539142,263669.9527141925
MATgk4zXLXtYkwBH678J1xZbRDZ45LicNzkRBHkxTuY,y8dALFo1bJrSzPYjMX14HJX448pXqYmrfXHD1K8MXih,GN7Yuet3UyiWS5YVkEHv6oQKi4HGBJc3XDPt9zQhAqZz,5604.207236999999,5597.479923000001,5614.155520582471,1.0017751455579287,2.2456622082329885,1.0,3262.774895,4810.866341,8079.43313636138
C2ypsDADXcCRz8HbV2zX1AXPSja7a1P3xZtRC91xGhJh,J9bYNuDpY1d1T86gLaw7DGk5D3CsUAf2tzUwxMvb6FTv,A2NGvvPrMGzsJ4jb52KEnSBVmsA7C34dV1GC7PerdgvG,202.39739277400076,203.96215325900357,32089.702778617324,158.5480046892158,12.83588111144693,160.98732884833368,3959.354342012,2067.82859532,960641.9328603542
vEnkoSUkpnbRrPgBz9DfcVxNz67zjwMYBZraAvDDNSf,DtfyjjsZ5yCjWKLKHvwsfXs5QVsmm1QkK6Sh9JZHoq1g,e5wrKCRv4GhHvEf1VD5Pq2KGaZDXP77nTL612Jyrxwy,2594.200913,2594.1767720000003,2565.2216045335845,0.9888291965663896,0.25652216045335846,0.9976515283023762,986.419108,962.346559,1935.4865293842577
MAR3XM1n9xWPQ3HJjAcC85o8DopWFP5p2WxGTaZ3fPB,6qG7GUhER8Cg9gDEgnebph9LdS6eu2eoWcA4R7z9uizK,4QV4CwRXVMY227KkFF9voNAfwWHVvVajXSXDKbUHkWZR,0.3492810000000013,0.008387999999999993,0.32753220642872133,0.9377326749199645,0.00013101288257148853,0.021685256714406038,0.11914,23.980107,0.6317362472238898
Lid8SLUxQ9RmF7XMqUA8c24RitTwzja8VSKngJxRcUa,4PgzyzLtds9bKZ2to9PMnKqJzKEUpjvNUaeN23phegax,AtymwxoVN9peZo7EXTcDz9jKVc4vRmisJKKrNfe3ewBa,91.08759435499371,76.9938001859997,17081.03878767622,187.52321771839377,1.7081038787676222,159.87925918346465,961.73933545,7657.602111008,1404640.2074196278
KEN5P7p3asnb23Sw6yAmJRGvijfAzso3RqfyLAQhznt,9zj4aX38Uxf3h6AUjS4EipWS8mwbEofasHAf3a1uKGds,CwQDG1MWunn9cLNwcZLd8YBacweSR7ARo32w4mLua1Yr,144861.21421000012,144876.49404700147,144043.76583886455,0.9943570238894274,14.404376583886455,1.0,1128893.628785,1084244.200877,2206767.509883389
Lee1XZJfJ9Hm2K1qTyeCz1LXNc1YBZaKZszvNY4KCDw,9DgFSWkPDGijNKcLGbr3p5xoJbHsPgXUTr6QvGBJ5vGN,2hNHZg7XBhuhHVZ3JDEi4buq2fPQwuWBdQ9xkH7t1GQX,4011.5236474764997,3378.9655763349583,759863.1794951423,189.42009228168055,75.98631794951423,159.7276962234782,6690.575017181,53910.928914936,9878397.814022355
AURHmCnNwiW4uA2Qj1XvEh4iKgRUZYXtiY7FKAapUV5Y,BKWm4TRnTeKwfWXRyuzjRHU7iZDkPuXBX5b5V5jSVfGJ,A5Ww74HVrkj9nPeC7pHKLfgeDMEhBCpW1efQdz3TGLEg,0.2081964170001811,0.1860979840000141,37.24884409411938,178.91203235302063,0.01489953763764775,159.99303710302527,290.116878435,1795.076691362,339105.1720245764
BUSDgu5JdqP1rndBvXvanbEufS94FNh1w5FJcAj6vawb,Bgzr8cWubt89JQFXndVjtdKmDbGzuPxNhvjH1EhWCwbo,Dxaf8xPBBQsasRKW5Aa4Sw2YrbfGofY9xZueyyF23FBW,11716.62737054,11654.9053847,11820.445993083875,1.0088607940886567,4.72817839723355,1.0,4313.35390926,10805.69746421,15157.271114291456
STK75uPSyBnEhGTTzb1nwmP3n427XoXmfRhXxxhyady,6TYyD5fUmDe6N65avW1Ny2RxzRNobw2RRgKwH9CTzSAU,54zDfk4cx2vGrEajPtodWpArNe5eUurytyxd4X3aZAxK,408.79592499399996,461.49053922499695,65264.23658106503,159.64991965617793,6.526423658106504,180.14032210530715,1514.588235537,264.379245942,289429.2526376244
Cob4usZcpHEY7Qt4ZCwj6WVg9S44zvzYV2v9qYF65dTf,NhFM9UXE48PyNAyeyPYA3iXztqKVJwA4bTdLj4ysM8w,6TuFuynuBoeskxyR2cz4wxyidk8dpDK7kAWw3UkjQGx,147.89723599999041,3581.7894659999874,1.076523736095955,0.00727886311611682,0.00043060949443838204,1.0,73739.642229,165.393875,702.1346370163184
WiiQFxXqp8P9Fs1rt9SVcDyA3KUdJmUsog6wnVQAwba,3S2jpqSYxho6wiz3cafhjXruVY8cg4HYa2v3BqBHYFSj,Dfe67M6TfrG74gKRtdqys4e6E9QirPD53BkF4FujFjuv,1812.2062213699987,1807.8719164730005,1823.02121817996,1.0059678620912058,0.18230212181799602,0.9986857654853089,3839.201088877,22995.419037798,26827.310575934567
parEAJhzYzHW87y9VoZAQ22dzQ2MD2ekEtTReaxbMcz,3oyc6hpjYSJEquK6dSvG72NXyz3pqLZz5D8AC71pwgQb,Di2vordgFJVZ1aj1aBpvzXtLfZgJsuLLXawGtVFwX6Rz,5.396142425999983,6.194920029000656,815.7964049061364,151.1814071058285,0.3263185619624546,178.5315458993,1102.411836259,140.693395539,191782.38201915516
RajgMbScQbqqrdJfR2rxfHJiTiY5b6bJ2tTXiF4aPxy,725ZA3fhyBAKb5iopNRrcbSuQa3LXA1656Q3mBvYPxeg,GLA6i1dSZpUfk2f9Nj8uiG7xyDdAR2reff8oEiZH3617,3829.3652764799917,3830.605653270002,3827.846080927393,0.9996032774512451,1.5311384323709574,1.0,103258.73475986,80677.26022932,183895.02992074488
ALLwa5WNZbvQsRKAqe1jdRGemdYQnW8E5k4msbRFcYtu,CGoM82Hbz7QVqTgvQatYtjvDWBvoUJp5qm21P8iMs9yb,3dxNNww8TivyN5FMy5dCNdi3Zcxv6e4kUfSPxfFwpdNq,6.235918869000001,6.216247535999998,18505.857699498472,2967.6232305546487,7.402343079799389,2948.7825951056107,1.080681946,7.5926699,25596.189699292863
SoNcU2iwHMw6dGzsYNQkYFkUjwN1UdAjrWVRnStrZu2,8ivTTid27jZnYNc4w3CTA1Z6QS2twsFb8WMwUabeDJgc,CyXm53PMvHCbeXJBykU46Rcbo28xk5srhMZFg7gv6EYB,4.304165984999987,4.2685809070000005,815.6119203224852,189.49360298020378,0.32624476812899406,187.1021156571728,15.623883711,19.068590197,6528.399585399431
MATSnbbiTCv7Dc3trJrkrqjx7ckKdr6fwPoVwv9q3sD,631WX9JizSHJm4w6VanZeJAst9T8DeUUnPLesdGkCVtK,211maUSfpnXbPuW1iBu8b4dtJv5EbN1j7JJiEX5TZKEP,2232.735934999997,2230.4592180000036,2233.5333063903786,1.0003571274945156,0.8934133225561514,0.9988323649653555,18360.314893,27205.228807,45540.33489497568
KEnkcdADoLR5jS2CLLLesy8TtFsyWL37BhXNfDMzWzP,3qsjFRuw1qeLMPo4DLwaQevenGAGBj9dA3Q6rb8ax2YR,77iEv8zPQAEyCcEbvBRSB6AFcUdfkhiqnAKtPxk76rNN,0.026922,3.4760960000000125,0.0001963059925528702,0.007291657103962194,7.852239702114807e-08,0.99868772433023,122.847271,0.269876,1.165282024580864
BSCNHw8CmxbZ8hCWWzMf5FaG2ajPT6JxfznKUNuRVrn4,7n9kgNL633yGzCYksgnzHyjG73ZLBAwvEae5sbAekbzW,SscdxE99omdG9AiMVwmaEMQySQnCgeAh1sPj2Leutm2,25.370072314000026,25.437407999999778,25.437064996346564,1.0026406185018861,0.010174825998538627,0.9996590362959001,4895.792957552,6809.048413768,11715.447654416563
AUSejoEUCh2DBs9mof6BNC8Pubs22w4cJa1ccV9h44R,4xkyD7AfGQDwsQMy9MosRRNGoVJ1zosNinesxg1TzHG7,Cbm5gsQe3nSiCsFrvepVzMCD9xLK3ri9g3ypS2hdmVJ7,773.9353600000013,771.6935319999993,776.5250711121603,1.003346159441738,0.07765250711121603,1.0,13157.369555,15722.761266,28924.157477364897
B2izdXFYb2sNwbWWHmh75T4aQFtfXsUxem9u2p61HGzf,4DYwgJtxwuJdAjkj5RJSNH4e7U329V5cNp7d3a1nLrZv,EXNW64GEf1ACC6xY9BtKRiunrs6GoJSXBdxWN2eTPmrF,8524.212984000005,8432.858276000012,8447.23334651323,0.9909692967982774,0.8447233346513231,1.0,9660.502897,30081.986778,39655.24854055781
BUSD5rCfUDpCxKGMvYU2yThChxgHoioK74PTPociGnv2,CcFHbafgYDZ8yA8Me1PdtDiVb2eeaS61LbqyKKK5CsNZ,26R9s4nmF3CFDTkiePDwRmtscn8i7r2eygbSijditJ58,231.78527172,232.16951072999996,231.8418109824443,1.000243929487084,0.023184181098244428,1.0,83.87875302,64.11630287,148.0155163912014
7dwD9TF6uikvHXxPFK9AsSim54yJoujQjY9vU6gNFumk,CquVr6atkvwueDYficKjn6SSEWq4F4rH4VSiBbW4GBWU,8BCa6ge3b7ho3TfZuM64Vk1hgbrJ3J7EPiAb9uP86CGd,0.0017823700000000006,0.0017828460000000007,0.338603007317968,189.97346640594708,0.0001354412029271872,187.82436093230754,0.003913983,0.003595309,1.4188395332431216
BkwbeSfcX1h4thMDd7obGkHrPevf3QwgzJ4pCEqG18Lu,35yX27bmurdebhfAb8EPmjLETDiUaEUCn9zHaDPbakH2,2CxECn1ZJFoESyUnQysQU8rRgT3iJ5GRs2Mdd6gZjx5g,0.030657409999999885,0.019059650000000095,68.06254023932662,2220.100792575983,0.02722501609573065,1386.9625520110958,0.82116213,22.06247933,32422.89533087523
MARpDPs5A7XiyCWPNH8GsMWPLxmwNn9SBmKvPa9LzgA,6YjT74rmcfCpw8LSjPNx5JTmZoYLGrTKnf9arfSgZ4SR,F8GSmi3vA8M8TsybLya1LQ4n1aFHCRbZ6k437PeTdXtg,20231.49575800002,21252.119401000127,19082.98623164827,0.9432316058046474,7.6331944926593085,1.0,296999.813733,15211.647143,295351.25837405876
GokA1R67GqSavkd15zR62QD68Tuc5AEfvjssntVDEbM8,3YB7hfpBdbQEuZqLGWVDpRPmeZWCUsrrWyqGXegnQ6Cg,4DPCj6Z1DsG6HUtwSogBGqXEUxdEV5a8YVrrFtcnz7UW,5684.354027000001,5683.200206999996,5686.287364704001,1.0003401156393175,0.5686287364704001,1.0,11990.563484,20433.382917,32428.024579165136
HEDSDjj84KS7LKhZY7ejkCACTdPen62rKhCby1wXtgxc,EnnjMSFttpCTywBrYNt1J5QQeoSVkvzPipJDa8Y7kJow,6bjVT6JN2rSvpyn9PdfLYC8wJn4LWh49jpY47fnLDXZk,28.9413950879989,29.609477497004264,27.9232739305273,0.9648212826515132,0.01116930957221092,0.9991529421153451,38834.23143155,9054.010905408,46514.434614656595
heyk4SZTeCUV6a65WiVA5bzic3KcxgVf1qxobfeV4tQ,9ZDpBKPqMABtGfq66FbVribaArMvtk63xxy91onZAtDt,DaTP4s6N7xxSPinbNZ3FB52EpRDRt87QShTuN3VPCW52,97.77571958099543,84.7757380649997,17213.583583986165,176.05171977002718,6.885433433594467,160.01810124761312,622.038046588,4497.163769149,829138.4752029878
ionytDfEj1mXodptgrsKEZro7DGsfpzANUfarJdm6Qb,3gkSjY95an9xNFSjCfsay6JZez7uv7yfW3Ad4ubc4fMK,9wXqANaSuEqkKL9yHzCPEDGHwbkStVAqV5rB3QDs3Jr6,0.004746517000000006,0.018736505999999764,3.5241327798488524,742.4671142753409,0.001409653111939541,2981.4257177782415,3.169047114,0.079872706,2591.047805551118
daob129AwBGn9Y5r91uLoWZeYiGzbPmksauMhFZKTze,6VW5GQNyj4LStgmxEHLr5zUfW92vQnmbw8jTnCH7a38F,4VPCCUifPeBA1c7HWK358CHn2nyjm8pdTRk6Ps3KmnMQ,15.4205701059999,13.783224264999944,2752.037736502289,178.46536915204678,1.1008150946009159,159.93899287055947,47.866415331,224.606202187,44465.78725230214
JSoLLrxK5bYdHwTEWYaGgmeycBCNXKDiBCTw5hXGBg7,xG4wXczA7Dk4hccJ61CHKpDHW4NrNfQwgmWgkb9BuF2,BVR6WgfhsRr9Lob4QDnkEAiNGgAbv7ZieKcY9kSg3QYR,2.4366846620000615,2.0728700349999905,452.65748453716634,185.76777356394544,0.18106299381486657,160.07476131652527,17.010564641,165.19195789,29603.077951075385
BSCrK1Nx9PXU9mF7STWWBqeHLxmtJDr9h7jheEy4tAWX,FfSySSbVJPvEo5a5AvrP3nySoXpRE2QPn1uUMpJJ1x7v,HL7Vcj6838ZmvBHDbQxXfjBNckNi83WvPiZQoMQLFeRM,0.013419618000000022,0.013406565000000037,40.06262725172114,2985.3776204152064,0.016025050900688457,2973.8892523642417,0.840001184,0.964313887,5375.483440290762
ACUSESXyNnwRLAg1dpSGMLSzUDdLjUMybY8rkXiAKhCP,AhFPQdu8GKBsxuhiH46UmCu1YpaLgNpoP325HnYtsgas,A8wxWpT3aFEr2XqZp1kDmbxbFfcBE95UUmdsNTDBJYbT,410.158327567,410.3216573709999,410.13846169033116,0.9999515653460294,0.16405538467613245,0.987857854829584,1045.343746476,1840.979146512,2863.9188260727014
KZMu9QBEdL97EFgamLbN5DE1AoKBG4HdrKKJo4Vuon3,DD4ACBWyVqdaKWh7v5btsgqQCCMwbKnuL2xd9pv7Gyuw,GcYqiJ1MAuYbNTNYXm1F1gQYTfTgkErACAhNU5dpVj9T,20.681403910000085,20.498404970000024,19.648374508546176,0.9500503251157718,0.00785934980341847,1.0,2368.4874394,730.71561288,2980.897874714592
SAMyS8Jr2HJrkFwYVKbpUwsNStnQmvz3f8Tup8bWUWF,6jPzm5TFfquvgm25sTyN3MMGBfufRaFHMxobDWv6hMFW,Cj9ECoDmxsHTDzCY5ZA6RWrPbg9uFzEC1Qc2kso2vJG6,389.04593008999655,9.129788609999991,369.61321236696904,0.9500503251157718,0.14784528494678761,0.022541709883820704,509.21484495,107694.84959646,2911.4057845836314
ercAoEmXjQzEvAFbdjAo81KtMxRGn9AW1ju882upmPH,CMRhskR2Eg6V42RTSdRTXGdozyPbWB8U9dVpijPWb9T4,7TKLLgrWswt6ZJ1pXhVR3FyufHGjJFqiEXxvWJfDcgRm,26.039467760000072,23.658574290999994,4177.510569927417,160.4299522720892,1.671004227970967,134.59089683701973,35.6254699,372.975839536,55914.54517741835
C98Sspw7XqnMsgxea3SLQVdbMDL8pKUc3RE82UvX9eq2,CSqgQJurPCzGxb4Cgwx5R61hWQUiaoUHcShNc8r1cKEL,6S2CR5EnukPhC914XkAns8m5GixjMAoUuZMsS5ubHuWc,74.4718469999998,74.46344400000032,0.0,0.0,0.0,1.0,871.438032,892.432504,892.432504
