0,1,2,3,4,5,6,7,8,9,10,11
Lid8SLUxQ9RmF7XMqUA8c24RitTwzja8VSKngJxRcUa,4PgzyzLtds9bKZ2to9PMnKqJzKEUpjvNUaeN23phegax,AtymwxoVN9peZo7EXTcDz9jKVc4vRmisJKKrNfe3ewBa,73.20180927199806,61.88173587700044,12318.11818672999,168.27614384446707,1.231811818672999,142.70117047781062,966.045952605,7677.349397695,1258129.232899115
SoNcU2iwHMw6dGzsYNQkYFkUjwN1UdAjrWVRnStrZu2,8ivTTid27jZnYNc4w3CTA1Z6QS2twsFb8WMwUabeDJgc,CyXm53PMvHCbeXJBykU46Rcbo28xk5srhMZFg7gv6EYB,2.405332092999995,2.383058315000003,407.9396470053893,169.59805599924292,0.16317585880215574,167.88982800862348,15.191963415,19.500990291,5850.545367949446
AURHmCnNwiW4uA2Qj1XvEh4iKgRUZYXtiY7FKAapUV5Y,BKWm4TRnTeKwfWXRyuzjRHU7iZDkPuXBX5b5V5jSVfGJ,A5Ww74HVrkj9nPeC7pHKLfgeDMEhBCpW1efQdz3TGLEg,0.004812700000229597,0.004298468000001776,0.7623803845547593,158.4101199988341,0.00030495215382190377,142.7542170666378,289.929907772,1795.285863492,302212.45933501667
ercAoEmXjQzEvAFbdjAo81KtMxRGn9AW1ju882upmPH,CMRhskR2Eg6V42RTSdRTXGdozyPbWB8U9dVpijPWb9T4,7TKLLgrWswt6ZJ1pXhVR3FyufHGjJFqiEXxvWJfDcgRm,8.678185551000013,7.538385999999996,1239.1173399612385,142.78530145261198,0.4956469359844954,123.04413654700008,44.747396509,369.713678375,51880.370825024285
daob129AwBGn9Y5r91uLoWZeYiGzbPmksauMhFZKTze,6VW5GQNyj4LStgmxEHLr5zUfW92vQnmbw8jTnCH7a38F,4VPCCUifPeBA1c7HWK358CHn2nyjm8pdTRk6Ps3KmnMQ,14.077445052000037,12.588729728999965,2233.6524723071293,158.66888231893938,0.8934609889228519,142.81307482262616,48.194773381,224.228516018,39669.7746614229
MARpDPs5A7XiyCWPNH8GsMWPLxmwNn9SBmKvPa9LzgA,6YjT74rmcfCpw8LSjPNx5JTmZoYLGrTKnf9arfSgZ4SR,F8GSmi3vA8M8TsybLya1LQ4n1aFHCRbZ6k437PeTdXtg,16805.00889000002,17685.074951000257,15927.514342337614,0.947783749868495,6.371005736935046,1.0,297253.425776,14959.091239,296691.05778223363
SAMyS8Jr2HJrkFwYVKbpUwsNStnQmvz3f8Tup8bWUWF,6jPzm5TFfquvgm25sTyN3MMGBfufRaFHMxobDWv6hMFW,Cj9ECoDmxsHTDzCY5ZA6RWrPbg9uFzEC1Qc2kso2vJG6,607.3299798299986,163.5298916499965,575.8415256060459,0.9481526430940117,0.2303366102424184,0.021611272975943823,497.06663586,108215.0099272,2809.9591642156975
RoBgmK8CvjdHvPrqdDyVw54VwjZv2TqJ493xnqJAQHx,ExiHJxM7qPAcy27NDHAF6G7vnW7muNHi2sVJpnaNynGQ,6rkPHSqZb7StM4HwS9EuVrmfkV7tRdc7dnsFhyB6cefE,0.7055499999999988,38.449007999999594,0.0,0.0,0.0,0.9406267019464388,6243.851753,19.33868,18.19047878839756
C2ypsDADXcCRz8HbV2zX1AXPSja7a1P3xZtRC91xGhJh,J9bYNuDpY1d1T86gLaw7DGk5D3CsUAf2tzUwxMvb6FTv,A2NGvvPrMGzsJ4jb52KEnSBVmsA7C34dV1GC7PerdgvG,187.71679988300002,189.08505003500068,26763.95306319321,142.57622695397868,10.705581225277285,133.20377046592682,3576.89946516,1860.642941209,757825.4851960677
wrmcMSHFi3sWpAEy4rGDvQb3ezh3PhXoV2xNjgLBkKU,8p4mGnARWPBu6P2Gcw4adodLkNDorrXniZMhaY7eJXUn,AyY89zccbsgp9LKFgH4CFZMJmpSgqmPSdTfukhP227rc,0.0034404799999999958,0.03299341000000311,1.0160897814530407,295.33372711163616,0.0004064359125812163,2887.669650591972,27.07968626,0.09607708,8274.983540213061
Cob4usZcpHEY7Qt4ZCwj6WVg9S44zvzYV2v9qYF65dTf,NhFM9UXE48PyNAyeyPYA3iXztqKVJwA4bTdLj4ysM8w,6TuFuynuBoeskxyR2cz4wxyidk8dpDK7kAWw3UkjQGx,10.050730000000044,1202.3608479999966,0.0824351027168074,0.008201902022719448,3.2974041086722965e-05,1.0,72249.230265,176.965802,769.5469098504268
FrnkTEL6yZ5Aycq2TrEgu29dCrwKG4LPUZydfiwqspkc,DjvZuMZ46fxKBoBpGMPcRcos4xdTtHFxwMh69DpA2ZFY,9rvDPJLAng4uVVqnnSoEXgNDFhBZQTny9AoQioYDZbQX,44.37822031699997,36.98553066300008,7601.140990548202,171.2808881530662,3.040456396219281,142.5673238545072,172.112729943,1439.743195548,234739.95567410067
KysFMBBoavfov2tLpvefWW6tPFt6rAeZWDJVy1mMQae,B8ka2V21TH3x64dFV8ETcjuQcwmrciJ2qzy1mJUttRew,7fSf7EYxBANyxzk2s5pymFgshA91tFYQNKKs5UnLWcYS,32.017361999997775,36.569368999998005,0.0,0.0,0.0,0.020421430943961247,134131.9835,2896.486238,59.1503936894511
BUSDTd9WiT6uBHJRgNvFXBsA7JrifsAtWzKfioN7ERcy,DyBxrn7gSc1EwnpWhDyhzvMHPtxpmBqRqotapLcKcfTM,Cds99GeBgoCpqBsoRWu1C6fF9LiUMd4pXQQD24s9LPff,459.6342664200001,458.6740212600001,457.8059268897803,0.9960221861949929,0.045780592688978036,0.9963588067407659,88.03027011,85.9119713,173.2792512955129
GokA1R67GqSavkd15zR62QD68Tuc5AEfvjssntVDEbM8,3YB7hfpBdbQEuZqLGWVDpRPmeZWCUsrrWyqGXegnQ6Cg,4DPCj6Z1DsG6HUtwSogBGqXEUxdEV5a8YVrrFtcnz7UW,3706.137075999999,3705.8633159999954,3706.5299681766255,1.0001060112371911,0.37065299681766256,1.0,15197.054583,17225.149322,32423.814963558005
BUSD5rCfUDpCxKGMvYU2yThChxgHoioK74PTPociGnv2,CcFHbafgYDZ8yA8Me1PdtDiVb2eeaS61LbqyKKK5CsNZ,26R9s4nmF3CFDTkiePDwRmtscn8i7r2eygbSijditJ58,310.35900755,311.89302061,309.97492382139137,0.9987624534192173,0.03099749238213914,1.0,107.80198672,40.28921726,147.95779399993307
MATgk4zXLXtYkwBH678J1xZbRDZ45LicNzkRBHkxTuY,y8dALFo1bJrSzPYjMX14HJX448pXqYmrfXHD1K8MXih,GN7Yuet3UyiWS5YVkEHv6oQKi4HGBJc3XDPt9zQhAqZz,7462.687849999998,7459.591252,7474.999173638981,1.0016497170840373,2.989999669455593,1.0,3323.770698,4745.715401,8074.969380303914
C98Sspw7XqnMsgxea3SLQVdbMDL8pKUc3RE82UvX9eq2,CSqgQJurPCzGxb4Cgwx5R61hWQUiaoUHcShNc8r1cKEL,6S2CR5EnukPhC914XkAns8m5GixjMAoUuZMsS5ubHuWc,15.785145000000057,15.777930999999853,0.0,0.0,0.0,1.0,860.657763,903.155637,903.155637
KEN5P7p3asnb23Sw6yAmJRGvijfAzso3RqfyLAQhznt,9zj4aX38Uxf3h6AUjS4EipWS8mwbEofasHAf3a1uKGds,CwQDG1MWunn9cLNwcZLd8YBacweSR7ARo32w4mLua1Yr,135265.72669999884,135272.41447900026,135213.8045990328,0.9996161473993986,13.521380459903282,1.0,1142412.945393,1140985.497843,2282959.9250559504
AUSejoEUCh2DBs9mof6BNC8Pubs22w4cJa1ccV9h44R,4xkyD7AfGQDwsQMy9MosRRNGoVJ1zosNinesxg1TzHG7,Cbm5gsQe3nSiCsFrvepVzMCD9xLK3ri9g3ypS2hdmVJ7,78.1312689999977,78.24047199999768,78.35709414532452,1.0028903299308607,0.007835709414532453,1.0,13391.557588,15487.645135,28917.90874271744
Sid7E679i9ABqptiAVhkmQ27YHN8vaYT4fppPwmxFsJ,GP7KB8o1bv527HG8kTzzzf4wJ5aEGHvcMQvVhLziUfmT,9gYxhAZ1M9wu5pxr8SBoa5NDm21gi3s9vMHaYTME77sa,523.98605399999,1128.1694650000518,4.27577981344578,0.008160102317238127,0.0017103119253783123,0.021299550769044773,132549.910088,9901.448136,1292.51722571859
vEnkoSUkpnbRrPgBz9DfcVxNz67zjwMYBZraAvDDNSf,DtfyjjsZ5yCjWKLKHvwsfXs5QVsmm1QkK6Sh9JZHoq1g,e5wrKCRv4GhHvEf1VD5Pq2KGaZDXP77nTL612Jyrxwy,1535.9183339999995,1535.3926840000001,1534.7028493433197,0.9992086267676001,0.15347028493433199,0.9936318137059584,913.794709,1034.471366,1940.955215952849
BkwbeSfcX1h4thMDd7obGkHrPevf3QwgzJ4pCEqG18Lu,35yX27bmurdebhfAb8EPmjLETDiUaEUCn9zHaDPbakH2,2CxECn1ZJFoESyUnQysQU8rRgT3iJ5GRs2Mdd6gZjx5g,0.0012019400000014002,0.0007404599999999428,2.5322125310778247,2106.7711625163274,0.0010128850124311297,1288.659793814433,0.80210248,22.09313674,30160.3834103293
DFWzVTzNBrQZLjoQ4yQwkj9HuoXmfkuZP9V5vbymZe23,DhgiEgiNdqZdRdo195UUHnoEJUtefK8buko8nU97XJUZ,2K2kkXsouBHtWVjtcgkyiXd8eP3oVBvq1bTJzcVdLLr2,33.22984351400373,33.28850127599435,33.18416209690864,0.9986252894306938,0.013273664838763457,1.0,35500.717423506,32435.554473856,67887.46868590196
MATSnbbiTCv7Dc3trJrkrqjx7ckKdr6fwPoVwv9q3sD,631WX9JizSHJm4w6VanZeJAst9T8DeUUnPLesdGkCVtK,211maUSfpnXbPuW1iBu8b4dtJv5EbN1j7JJiEX5TZKEP,5798.433027999996,5790.316882000003,5797.006964286781,0.9997540605011167,2.3188027857147127,0.9986338688673894,18389.874235,27173.110247,45521.339653667834
SQDY9uoDoCbNq7F3HAHYYQZbrUzpKxDtdWLvYcqBLak,GiehZ4X2uQjhEKuxSm3ACmEFrabxh3RTvjbLfLjw1xGX,rxDQYV77NKRKYxCjq4cECX3QQsiSyLv1T1FT2X3zNA2,59.31418524399999,59.100887009999994,59.44275528715118,1.0021676103721613,0.023777102114860473,1.0,169.752361165,236.93512352,407.0554416637601
ALLwa5WNZbvQsRKAqe1jdRGemdYQnW8E5k4msbRFcYtu,CGoM82Hbz7QVqTgvQatYtjvDWBvoUJp5qm21P8iMs9yb,3dxNNww8TivyN5FMy5dCNdi3Zcxv6e4kUfSPxfFwpdNq,6.245154197000001,6.081033648000001,18023.533036075038,2886.002886002886,7.209413214430016,2842.9767103347885,0.859385931,7.812038751,24689.63450638215
CZgvH45CRmoaNJ7395Ao5CQZXkGznvqU7cErD6n7FaRg,4ZjU6MKvtqVQKCiowhvZ5yUsPxXX5SCzd5eFsPeXyey5,BsyWeshjDbCvjDojry3vKDCesmFRM37WtwcR4Kfgzqr,4.9096679000000165,5.017635999999925,5.021089850442314,1.0226943965888806,0.0020084359401769253,1.0,241.39219576,563.13424698,810.0046929640381
BSC8REUo9LpiiWUuqMuLXs2D2yJsJfGd4HdiF3wCLxk5,AZjEH1zWVx1UJ6udMyRijGTzPteuLnaY18yNNmprJEsh,Caf8ypkSVR8xYnXNhjvfvdGCC7mrM3C11rz8Xi6NA6aK,121.28008726400049,120.99650605199986,121.632202882401,1.0029033258991151,0.0486528811529604,1.0,2555.658707211,3654.883659918,6217.962277242945
KwnjUuZhTMTSGAaavkLEmSyfobY16JNH4poL9oeeEvE,J63v6qEZmQpDqCD8bd4PXu2Pq5ZbyXrFcSa3Xt1HdAPQ,BnKQtTdLw9qPCDgZkWX3sURkBAoKCUYL1yahh6Mw7mRK,172.70637900000088,7714.585143999953,3.685988808411019,0.021342516876061656,0.00036859888084110197,1.0,276974.135511,587.010927,6498.336088376106
parEAJhzYzHW87y9VoZAQ22dzQ2MD2ekEtTReaxbMcz,3oyc6hpjYSJEquK6dSvG72NXyz3pqLZz5D8AC71pwgQb,Di2vordgFJVZ1aj1aBpvzXtLfZgJsuLLXawGtVFwX6Rz,1.537556625999997,1.8202704670000003,213.71358624877698,138.99558730708978,0.08548543449951079,158.86400796099315,1104.870170728,138.610281702,175592.26317420494
STK75uPSyBnEhGTTzb1nwmP3n427XoXmfRhXxxhyady,6TYyD5fUmDe6N65avW1Ny2RxzRNobw2RRgKwH9CTzSAU,54zDfk4cx2vGrEajPtodWpArNe5eUurytyxd4X3aZAxK,191.61915197700074,216.205137930996,27253.63730385504,142.22814902722345,2.7253637303855043,160.38317465022033,1514.614192177,264.952672733,257914.72382867744
Lee1XZJfJ9Hm2K1qTyeCz1LXNc1YBZaKZszvNY4KCDw,9DgFSWkPDGijNKcLGbr3p5xoJbHsPgXUTr6QvGBJ5vGN,2hNHZg7XBhuhHVZ3JDEi4buq2fPQwuWBdQ9xkH7t1GQX,2724.74658161588,2294.9463703830424,459659.96197134693,168.69824337893132,45.965996197134686,140.55712628144175,6701.163134779,53884.238310124,8704288.13816827
heyk4SZTeCUV6a65WiVA5bzic3KcxgVf1qxobfeV4tQ,9ZDpBKPqMABtGfq66FbVribaArMvtk63xxy91onZAtDt,DaTP4s6N7xxSPinbNZ3FB52EpRDRt87QShTuN3VPCW52,53.78522017900343,46.46798214399894,8746.416143459084,162.61746469290262,3.498566457383634,142.43790739912225,616.831035069,4503.135520264,741724.6993078815
BSCrK1Nx9PXU9mF7STWWBqeHLxmtJDr9h7jheEy4tAWX,FfSySSbVJPvEo5a5AvrP3nySoXpRE2QPn1uUMpJJ1x7v,HL7Vcj6838ZmvBHDbQxXfjBNckNi83WvPiZQoMQLFeRM,0.04421604400000001,0.04416793800000007,127.87260181270283,2891.9955347588943,0.051149040725081134,2883.9221341023795,0.840058405,0.964251245,5210.270664487955
KZMu9QBEdL97EFgamLbN5DE1AoKBG4HdrKKJo4Vuon3,DD4ACBWyVqdaKWh7v5btsgqQCCMwbKnuL2xd9pv7Gyuw,GcYqiJ1MAuYbNTNYXm1F1gQYTfTgkErACAhNU5dpVj9T,41.79813313999989,43.590355329999966,39.6310104130863,0.9481526430940117,0.01585240416523452,1.0,2404.03464955,696.57600088,2975.9678079404184
RajgMbScQbqqrdJfR2rxfHJiTiY5b6bJ2tTXiF4aPxy,725ZA3fhyBAKb5iopNRrcbSuQa3LXA1656Q3mBvYPxeg,GLA6i1dSZpUfk2f9Nj8uiG7xyDdAR2reff8oEiZH3617,35443.15229144,35443.868831780004,35426.57548823754,0.9995322988467237,14.170630195295018,1.0,88634.03787619,95292.52167739,183885.10531184578
BUSDgu5JdqP1rndBvXvanbEufS94FNh1w5FJcAj6vawb,Bgzr8cWubt89JQFXndVjtdKmDbGzuPxNhvjH1EhWCwbo,Dxaf8xPBBQsasRKW5Aa4Sw2YrbfGofY9xZueyyF23FBW,29976.71705548,30056.345827959987,29904.54960210722,0.9975925498032618,11.961819840842889,1.0,8828.79787109,6274.51555449,15082.058534408283
SoN9GaFpSXfpyR5dth3x7PHPVhvJMpQqqDJfCSmPv1t,9kZ9iS68ViMPtoeqtnhAKuF2iqVyfHPdZHoUNdwCELr,BBhm5fJLjw3HRzjtKB8uMEYjGhY6EDm9co3cqpjrSzB9,0.13563525699999968,0.13305561200000016,23.203914522986633,171.07583261324663,0.009281565809194654,167.26488954412122,0.850197324,1.371209972,374.80349959723173
HEDSDjj84KS7LKhZY7ejkCACTdPen62rKhCby1wXtgxc,EnnjMSFttpCTywBrYNt1J5QQeoSVkvzPipJDa8Y7kJow,6bjVT6JN2rSvpyn9PdfLYC8wJn4LWh49jpY47fnLDXZk,86.70050991500466,89.0505265920001,83.3173153437329,0.9609783774675787,0.03332692613749316,1.0,38812.36703539,9075.158450093,46373.00394943822
WiiQFxXqp8P9Fs1rt9SVcDyA3KUdJmUsog6wnVQAwba,3S2jpqSYxho6wiz3cafhjXruVY8cg4HYa2v3BqBHYFSj,Dfe67M6TfrG74gKRtdqys4e6E9QirPD53BkF4FujFjuv,1467.5462363549996,1466.108936481999,1473.9460896409753,1.0043609210581816,0.14739460896409753,1.0,4487.425460409,22343.305099253,26850.299867849317
B2izdXFYb2sNwbWWHmh75T4aQFtfXsUxem9u2p61HGzf,4DYwgJtxwuJdAjkj5RJSNH4e7U329V5cNp7d3a1nLrZv,EXNW64GEf1ACC6xY9BtKRiunrs6GoJSXBdxWN2eTPmrF,10448.028429999998,10362.875397000003,10509.83678010379,1.0059157907654919,1.050983678010379,1.0,11646.370081,28074.84964,39790.11720957668
YAkoNb6HKmSxQN9L8hiBE5tPJRsniSSMzND1boHmZxe,CfWX7o2TswwbxusJ4hCaPobu2jLCb1hfXuXJQjVq3jQF,EnTrdMMpdhugeH6Ban6gYZWXughWxKtVGfCwFn78ZmY3,5198128.393983021,5195871.11149801,5198128.393983021,1.0,519.8128393983021,0.9957620367715004,342052.959132,1104920.668325,1442291.0142942294
BSCNHw8CmxbZ8hCWWzMf5FaG2ajPT6JxfznKUNuRVrn4,7n9kgNL633yGzCYksgnzHyjG73ZLBAwvEae5sbAekbzW,SscdxE99omdG9AiMVwmaEMQySQnCgeAh1sPj2Leutm2,3800.9171489309983,3724.104237309998,4153.071020922162,1.0926497101075212,1.6612284083688647,1.0,1094.882036791,10682.143744365,11878.466284466618
JSoLLrxK5bYdHwTEWYaGgmeycBCNXKDiBCTw5hXGBg7,xG4wXczA7Dk4hccJ61CHKpDHW4NrNfQwgmWgkb9BuF2,BVR6WgfhsRr9Lob4QDnkEAiNGgAbv7ZieKcY9kSg3QYR,0.6884458900000539,0.5853440209999903,115.11487477996096,167.20976398007394,0.046045949911984387,142.41981230492937,17.125942097,164.601812559,26306.183985679727
