0,1,2,3,4,5,6,7,8,9,10,11
RoBgmK8CvjdHvPrqdDyVw54VwjZv2TqJ493xnqJAQHx,ExiHJxM7qPAcy27NDHAF6G7vnW7muNHi2sVJpnaNynGQ,6rkPHSqZb7StM4HwS9EuVrmfkV7tRdc7dnsFhyB6cefE,14.184439999999217,15.56752100000038,0.0,0.0,0.0,0.9476050230647064,6270.209264,18.878108,17.888989966758018
BUSDgu5JdqP1rndBvXvanbEufS94FNh1w5FJcAj6vawb,Bgzr8cWubt89JQFXndVjtdKmDbGzuPxNhvjH1EhWCwbo,Dxaf8xPBBQsasRKW5Aa4Sw2YrbfGofY9xZueyyF23FBW,6955.636220919999,6968.117378650004,6940.899996138198,0.997881398003898,2.7763599984552796,1.0,8883.76095407,6191.41737731,15056.357177689813
YAkoNb6HKmSxQN9L8hiBE5tPJRsniSSMzND1boHmZxe,CfWX7o2TswwbxusJ4hCaPobu2jLCb1hfXuXJQjVq3jQF,EnTrdMMpdhugeH6Ban6gYZWXughWxKtVGfCwFn78ZmY3,6441766.448418008,6440889.182836032,6441766.448418008,1.0,644.1766448418008,0.9994772733860191,455854.609783,995461.872284,1450796.127653154
Dg3mAgpwDfVNnbGWcsxL8sUcSkEbjSJQhKAWNigG44Ju,EATxwd8YA2wV93VJcKMmH2Kn2Y9XfJVUB9hHVu3udwEy,GiGvrRi7NMHfHKanG2B8xyCEqe8jaafWins8bhrLVEaa,0.003522915999999987,0.0035602189999999756,0.6179185208610771,175.3997316033307,0.0002471674083444308,174.8745493701456,0.198682023,0.260927835,80.47841107235948
KwnjUuZhTMTSGAaavkLEmSyfobY16JNH4poL9oeeEvE,J63v6qEZmQpDqCD8bd4PXu2Pq5ZbyXrFcSa3Xt1HdAPQ,BnKQtTdLw9qPCDgZkWX3sURkBAoKCUYL1yahh6Mw7mRK,241.3944200000359,7937.215825000137,5.202001131537598,0.021549798589117448,0.0005202001131537599,1.0,277038.852213,585.510584,6555.642050550424
DFWzVTzNBrQZLjoQ4yQwkj9HuoXmfkuZP9V5vbymZe23,DhgiEgiNdqZdRdo195UUHnoEJUtefK8buko8nU97XJUZ,2K2kkXsouBHtWVjtcgkyiXd8eP3oVBvq1bTJzcVdLLr2,0.0012453279996407218,0.0012453279996407218,0.001224717857225327,0.9834500288909098,4.898871428901307e-07,0.999595007085714,45476.03363391,22540.058641838,67254.33666891324
ercAoEmXjQzEvAFbdjAo81KtMxRGn9AW1ju882upmPH,CMRhskR2Eg6V42RTSdRTXGdozyPbWB8U9dVpijPWb9T4,7TKLLgrWswt6ZJ1pXhVR3FyufHGjJFqiEXxvWJfDcgRm,0.11535952799999905,0.1173917139999503,17.015131375169112,147.49654120610873,0.006806052550067645,145.0476735441021,301.232149044,787.885470619,158711.65461655898
KZMu9QBEdL97EFgamLbN5DE1AoKBG4HdrKKJo4Vuon3,DD4ACBWyVqdaKWh7v5btsgqQCCMwbKnuL2xd9pv7Gyuw,GcYqiJ1MAuYbNTNYXm1F1gQYTfTgkErACAhNU5dpVj9T,233.70094215000017,242.04722610999931,224.09377103237915,0.9588911750665742,0.08963750841295166,1.0,2399.15481108,701.17641403,3001.7047899931263
KEN5P7p3asnb23Sw6yAmJRGvijfAzso3RqfyLAQhznt,9zj4aX38Uxf3h6AUjS4EipWS8mwbEofasHAf3a1uKGds,CwQDG1MWunn9cLNwcZLd8YBacweSR7ARo32w4mLua1Yr,60745.013682000106,60745.28801800031,60712.77519836977,0.9994692818113581,6.071277519836976,1.0,1129698.254493,1130472.946471,2259571.649552664
B2izdXFYb2sNwbWWHmh75T4aQFtfXsUxem9u2p61HGzf,4DYwgJtxwuJdAjkj5RJSNH4e7U329V5cNp7d3a1nLrZv,EXNW64GEf1ACC6xY9BtKRiunrs6GoJSXBdxWN2eTPmrF,4980.530823999994,4925.861312999994,5023.699473576436,1.0086674796526551,0.5023699473576436,1.0,10590.983706,29341.822623,40024.60346477336
heyk4SZTeCUV6a65WiVA5bzic3KcxgVf1qxobfeV4tQ,9ZDpBKPqMABtGfq66FbVribaArMvtk63xxy91onZAtDt,DaTP4s6N7xxSPinbNZ3FB52EpRDRt87QShTuN3VPCW52,58.87047793800048,51.1772233450007,10066.533645067964,170.99459691272673,4.026613458027185,147.95644044028285,617.56834826,4502.099830994,771715.5162774483
AUSejoEUCh2DBs9mof6BNC8Pubs22w4cJa1ccV9h44R,4xkyD7AfGQDwsQMy9MosRRNGoVJ1zosNinesxg1TzHG7,Cbm5gsQe3nSiCsFrvepVzMCD9xLK3ri9g3ypS2hdmVJ7,98.23483099999976,98.14311900000212,98.31456411149419,1.0008116582548447,0.009831456411149419,1.0,14076.653004,14800.873407,28888.95184261128
daob129AwBGn9Y5r91uLoWZeYiGzbPmksauMhFZKTze,6VW5GQNyj4LStgmxEHLr5zUfW92vQnmbw8jTnCH7a38F,4VPCCUifPeBA1c7HWK358CHn2nyjm8pdTRk6Ps3KmnMQ,15.713204597000072,14.037391630000002,2598.768986618999,165.38758663621994,1.0395075946475996,147.88613773020512,47.929865989,224.498120559,41127.16484087861
NorjjEePhxfwLF4vZjUHCrVVKLzQjEEGQFd3wgjEJmh,34M8pFVqgbV7aqHxvRT5tCv3vu2P1JJYT8J3VaxBK2oG,3AZWBSze3ucsY3xSeuLne3b2pauVqiaJ1SZSV5T9WGWw,1.2194100000001526,2.1014530000006744,0.7061936509114032,0.579127324617081,0.0002824774603645613,1.0,38233.018432,2194.96729,24336.752966559707
Lid8SLUxQ9RmF7XMqUA8c24RitTwzja8VSKngJxRcUa,4PgzyzLtds9bKZ2to9PMnKqJzKEUpjvNUaeN23phegax,AtymwxoVN9peZo7EXTcDz9jKVc4vRmisJKKrNfe3ewBa,84.20251797599678,71.24394487599909,14715.785506887163,174.76657302673684,1.4715785506887165,147.69148607320977,969.739843594,7672.934119681,1302705.1518699296
vEnkoSUkpnbRrPgBz9DfcVxNz67zjwMYBZraAvDDNSf,DtfyjjsZ5yCjWKLKHvwsfXs5QVsmm1QkK6Sh9JZHoq1g,e5wrKCRv4GhHvEf1VD5Pq2KGaZDXP77nTL612Jyrxwy,832.649196,832.6825970000002,830.7699942729546,0.9977431050962723,0.08307699942729546,0.997478374668837,1035.650857,911.76033,1942.774713914718
CZgvH45CRmoaNJ7395Ao5CQZXkGznvqU7cErD6n7FaRg,4ZjU6MKvtqVQKCiowhvZ5yUsPxXX5SCzd5eFsPeXyey5,BsyWeshjDbCvjDojry3vKDCesmFRM37WtwcR4Kfgzqr,28.674320830000056,27.900202699999994,29.37895539115684,1.024573714067521,0.011751582156462737,1.0,233.98611571,570.67730144,810.4133250532274
SEQV6QiTpvTzrceiaYg9Avnwf7oc8ZALpnQMz6TyT4A,3dFMPj4r9mMmPHF32mz1gNDX7f8ftidWof7S8YiYTs1j,Fc1ED3YPeQfXQosHbd8DTaBd2AV5gHQtwiSAL5C5pUhi,202.307629304,203.2093487840002,201.06504691195403,0.993857955845161,0.08042601876478161,0.9974306187261615,4761.004667846,870.150089824,5599.676709432473
ALBpShJ9NLpE739pcHDF2LNVk5J4VYPvvKuV6jMPitZi,D6d156U1bPiJpDYRLextvDRccgFk7QzkQbJg42ceKEu5,GNcM8U5g8RwTZffwwm3kSQqUNPSwv5d2fbN9sLxPJqt2,2594.7341579999993,2598.408202999999,2583.9281703914226,0.9958354162890791,1.033571268156569,0.999303485470627,55250.291578,45064.690003,100053.49890532185
TETFuZgEmET6d9vYmz9iMFCxK1jKdKYxf3oPz8hSzJK,Eu1Ze6Z84LWNkq7SNoAHBJbXx5t1P95EwyqYohrfCRFV,ASMbv7WNu3qe4pkhREmvyEdwFNDZQ6B6iSrjkj4u8bdC,7.840621657,7.866549426000006,7.810492206871966,0.9961572625939508,0.0031241968827487865,0.998307868163463,285.843713171,66.954091834,351.586087525735
Sid7E679i9ABqptiAVhkmQ27YHN8vaYT4fppPwmxFsJ,GP7KB8o1bv527HG8kTzzzf4wJ5aEGHvcMQvVhLziUfmT,9gYxhAZ1M9wu5pxr8SBoa5NDm21gi3s9vMHaYTME77sa,1016.2947559999993,2196.3751089999987,9.138472436429216,0.008991950792304613,0.003655388974571687,0.021613760288095862,130287.974739,10798.20616,1404.9328971657947
BSCuChvaSj9b5HUSqgDVRzcnr2sSn7cXaamt1jbKH6hn,GnKpRj5kBVPMJfiwZtEuD9GYApLzPdW5JFuZTcyX4BTc,3dmwD9okkomV9nDwyuh4UMhKdUR13QpuKxRo89ycZB5t,930.5460446719997,930.1868498600002,931.5690621426966,1.0010993732943732,0.3726276248570787,0.9971929019809237,1460.330403552,1652.611792986,3109.908601494233
JSoLLrxK5bYdHwTEWYaGgmeycBCNXKDiBCTw5hXGBg7,xG4wXczA7Dk4hccJ61CHKpDHW4NrNfQwgmWgkb9BuF2,BVR6WgfhsRr9Lob4QDnkEAiNGgAbv7ZieKcY9kSg3QYR,1.0956404200001089,0.9320234170000035,188.32215720265438,171.88317787932255,0.07532886288106175,147.23570124168285,17.088876197,164.641048548,27178.3305832574
BUSDTd9WiT6uBHJRgNvFXBsA7JrifsAtWzKfioN7ERcy,DyBxrn7gSc1EwnpWhDyhzvMHPtxpmBqRqotapLcKcfTM,Cds99GeBgoCpqBsoRWu1C6fF9LiUMd4pXQQD24s9LPff,428.44676123,429.20658667999993,427.70173047761176,0.9982610890784905,0.042770173047761186,0.9990309399882116,145.49992255,118.8405387,263.97228623176545
WiiQFxXqp8P9Fs1rt9SVcDyA3KUdJmUsog6wnVQAwba,3S2jpqSYxho6wiz3cafhjXruVY8cg4HYa2v3BqBHYFSj,Dfe67M6TfrG74gKRtdqys4e6E9QirPD53BkF4FujFjuv,1332.959275434001,1334.9405204619943,1329.357848278054,0.9972981716528628,0.1329357848278054,0.9995950120816652,20973.796409139,5848.289562366,26763.04988720402
Lee1XZJfJ9Hm2K1qTyeCz1LXNc1YBZaKZszvNY4KCDw,9DgFSWkPDGijNKcLGbr3p5xoJbHsPgXUTr6QvGBJ5vGN,2hNHZg7XBhuhHVZ3JDEi4buq2fPQwuWBdQ9xkH7t1GQX,842.4853943040362,710.4044522239774,147002.13297319997,174.48626880307654,14.70021329732,147.0859046400896,6722.70380185,53846.245254528,9093043.197387448
RajgMbScQbqqrdJfR2rxfHJiTiY5b6bJ2tTXiF4aPxy,725ZA3fhyBAKb5iopNRrcbSuQa3LXA1656Q3mBvYPxeg,GLA6i1dSZpUfk2f9Nj8uiG7xyDdAR2reff8oEiZH3617,1640.046495879993,1642.8326920299878,1637.1729136102952,0.998247865364234,0.6548691654441181,1.0,133019.7773203,50907.6258703,183694.3346315152
BSCNHw8CmxbZ8hCWWzMf5FaG2ajPT6JxfznKUNuRVrn4,7n9kgNL633yGzCYksgnzHyjG73ZLBAwvEae5sbAekbzW,SscdxE99omdG9AiMVwmaEMQySQnCgeAh1sPj2Leutm2,126.88074508000045,126.17124809700044,127.57542349631325,1.0054750499445348,0.0510301693985253,0.9995950140800455,3928.584187354,7776.066950153,11723.011134516637
SoN9GaFpSXfpyR5dth3x7PHPVhvJMpQqqDJfCSmPv1t,9kZ9iS68ViMPtoeqtnhAKuF2iqVyfHPdZHoUNdwCELr,BBhm5fJLjw3HRzjtKB8uMEYjGhY6EDm9co3cqpjrSzB9,0.29471176800000043,0.2890406069999998,51.88376458633468,176.0491782816579,0.02075350583453387,166.58812036791318,1.522868617,2.459761479,677.8668099937829
KysFMBBoavfov2tLpvefWW6tPFt6rAeZWDJVy1mMQae,B8ka2V21TH3x64dFV8ETcjuQcwmrciJ2qzy1mJUttRew,7fSf7EYxBANyxzk2s5pymFgshA91tFYQNKKs5UnLWcYS,21.92006199999969,29.262587999983225,0.0,0.0,0.0,0.021566457188792465,134509.592882,2606.584107,56.21478455260234
4Fss9Dy3vAUBuQ4SyEZz4vcLxeQqoFLZjdXhEUr3wqz3,,,8.0386e-05,9.327399999999996e-05,0.0,0.0,0.0,0.021566457188792465,134509.592882,2606.584107,56.21478455260234
HEDSDjj84KS7LKhZY7ejkCACTdPen62rKhCby1wXtgxc,EnnjMSFttpCTywBrYNt1J5QQeoSVkvzPipJDa8Y7kJow,6bjVT6JN2rSvpyn9PdfLYC8wJn4LWh49jpY47fnLDXZk,7.8103037439996115,7.962609946001976,7.557940585838163,0.9676884323026066,0.0030231762343352654,0.9995911961889035,39076.210026208,9091.670165125,46901.54987630088
AURHmCnNwiW4uA2Qj1XvEh4iKgRUZYXtiY7FKAapUV5Y,BKWm4TRnTeKwfWXRyuzjRHU7iZDkPuXBX5b5V5jSVfGJ,A5Ww74HVrkj9nPeC7pHKLfgeDMEhBCpW1efQdz3TGLEg,0.005816077000133646,0.005591710999908628,0.9489313324678931,163.15659721253482,0.0003795725329871573,146.82923011708309,289.938957911,1795.275548997,310904.38047936035
ALLwa5WNZbvQsRKAqe1jdRGemdYQnW8E5k4msbRFcYtu,CGoM82Hbz7QVqTgvQatYtjvDWBvoUJp5qm21P8iMs9yb,3dxNNww8TivyN5FMy5dCNdi3Zcxv6e4kUfSPxfFwpdNq,2.0933887229999995,2.053283133,6290.041534208706,3004.717406327935,2.5160166136834827,2981.7902072046013,1.119786818,7.537461748,25839.77257078685
SERgf3DMJpQxUifu7VoFKmfne73d2fDJxSrxUMrcNJB,AJfM2GZ2tTB8UtN2krcyR9xufRJEx2mhSCbJyMgPo3GU,F4yRYkufQvERZcEKnKjJwRLU1btiMBUuEwq46hfm11QD,0.0703267409999988,0.07032860099999994,10.325448160339016,146.8210813343276,0.004130179264135607,146.8566364954602,29.110083793,28.13477164,8405.751911839408
GokA1R67GqSavkd15zR62QD68Tuc5AEfvjssntVDEbM8,3YB7hfpBdbQEuZqLGWVDpRPmeZWCUsrrWyqGXegnQ6Cg,4DPCj6Z1DsG6HUtwSogBGqXEUxdEV5a8YVrrFtcnz7UW,7953.374732000013,7953.170568999998,7952.865748592102,0.9999360040957378,0.7952865748592103,1.0,15867.777547,16549.506627,32416.268701227247
moFiBS1R4Lf3E3zzmBPnw3NF4RhWPkhREFviuzUaCAU,44ALBrpqi9PfZkBRTvbtRNtFJGsatfY4QydjtMbFWq8S,2ho8qEEie1UjVwWNBo9y4oAJZMyMLx8zPj9bxyUz6uWs,1245.892788355999,1246.9080147370041,1244.513211858797,0.9988927004714245,0.49780528474351876,0.9995950160784258,35043.53721155,29362.24280913,64355.08509220698
KEVpg4SYCVrqFxKijQH6hm4QxsRdoE51ud64bEEFUC9,2bPenuBYfqzD8p5dFjCcggwkHDsc2RQDnx9AoyYGUBjA,AE6n6iLuX8oYu61vt5hoDYkjswpnxFxrhSehxrnQTnbx,123.75878524100062,123.72564101999978,123.78549951343611,1.000215857584441,0.04951419980537445,0.9995950150792355,2802.860320508,4841.262929328,7642.767630010477
BSC8REUo9LpiiWUuqMuLXs2D2yJsJfGd4HdiF3wCLxk5,AZjEH1zWVx1UJ6udMyRijGTzPteuLnaY18yNNmprJEsh,Caf8ypkSVR8xYnXNhjvfvdGCC7mrM3C11rz8Xi6NA6aK,2249.4819856510003,2244.421190644001,2253.434112479886,1.0017569053026856,0.9013736449919545,0.9995950160784258,2770.648807754,3586.063508265,6360.127785538631
C2ypsDADXcCRz8HbV2zX1AXPSja7a1P3xZtRC91xGhJh,J9bYNuDpY1d1T86gLaw7DGk5D3CsUAf2tzUwxMvb6FTv,A2NGvvPrMGzsJ4jb52KEnSBVmsA7C34dV1GC7PerdgvG,1203.1061345010007,1210.3213207219956,176607.76461025103,146.79317106424756,70.64310584410042,147.56433989674923,3777.379270282,2201.586200109,879369.0957419253
MARpDPs5A7XiyCWPNH8GsMWPLxmwNn9SBmKvPa9LzgA,6YjT74rmcfCpw8LSjPNx5JTmZoYLGrTKnf9arfSgZ4SR,F8GSmi3vA8M8TsybLya1LQ4n1aFHCRbZ6k437PeTdXtg,15735.772984000008,16637.49917600007,14813.931645560095,0.9414174734614414,5.925572658224039,1.0,297424.006194,14753.042846,294753.19930393563
MATSnbbiTCv7Dc3trJrkrqjx7ckKdr6fwPoVwv9q3sD,631WX9JizSHJm4w6VanZeJAst9T8DeUUnPLesdGkCVtK,211maUSfpnXbPuW1iBu8b4dtJv5EbN1j7JJiEX5TZKEP,1328.8264960000015,1327.2341149999993,1330.0448170524214,1.00091683982528,0.5320179268209686,0.9981324941035323,19273.222908,26282.616211,45524.42663657491
MATgk4zXLXtYkwBH678J1xZbRDZ45LicNzkRBHkxTuY,y8dALFo1bJrSzPYjMX14HJX448pXqYmrfXHD1K8MXih,GN7Yuet3UyiWS5YVkEHv6oQKi4HGBJc3XDPt9zQhAqZz,3484.9350360000008,3474.693922999999,3491.0898273656467,1.0017661136583798,1.3964359309462586,1.0,3263.808992,4800.601898,8070.175147639115
Cob4usZcpHEY7Qt4ZCwj6WVg9S44zvzYV2v9qYF65dTf,NhFM9UXE48PyNAyeyPYA3iXztqKVJwA4bTdLj4ysM8w,6TuFuynuBoeskxyR2cz4wxyidk8dpDK7kAWw3UkjQGx,17.09890799999991,1950.4918969999999,0.15375253933814287,0.008991950792304613,6.150101573525715e-05,1.0,71056.433353,187.133454,826.0694061868483
SAMyS8Jr2HJrkFwYVKbpUwsNStnQmvz3f8Tup8bWUWF,6jPzm5TFfquvgm25sTyN3MMGBfufRaFHMxobDWv6hMFW,Cj9ECoDmxsHTDzCY5ZA6RWrPbg9uFzEC1Qc2kso2vJG6,1877.388191110047,41.088494139999966,1800.210968629623,0.9588911750665742,0.7200843874518492,0.02157915524383075,492.04468397,108433.49739872,2811.7205791957513
SoNcU2iwHMw6dGzsYNQkYFkUjwN1UdAjrWVRnStrZu2,8ivTTid27jZnYNc4w3CTA1Z6QS2twsFb8WMwUabeDJgc,CyXm53PMvHCbeXJBykU46Rcbo28xk5srhMZFg7gv6EYB,2.0785737020000195,2.0597520080000002,362.5910221215453,174.44222534551335,0.14503640884861813,172.62704703310212,15.22513364,19.462305018,6015.626437059301
C98Sspw7XqnMsgxea3SLQVdbMDL8pKUc3RE82UvX9eq2,CSqgQJurPCzGxb4Cgwx5R61hWQUiaoUHcShNc8r1cKEL,6S2CR5EnukPhC914XkAns8m5GixjMAoUuZMsS5ubHuWc,64.88351599999976,64.87752799999998,0.0,0.0,0.0,1.0,877.195818,886.493205,886.493205
SAMGk1Nd4haC8zQA63DG37pzuEZy8j4q13tSFtCbcRE,9U9TnkHD3jXMAVZtynCVLgDruuqN4pTvLJTmVHCLWS8g,C6zoEbvqSknmi96QWq96UBiPCyNW3YSTvKhavR2BfifE,0.20533307000000423,0.2029679200000012,0.2984258066954108,1.453374299110244,0.00011937032267816434,0.0,54.28924394,0.84402319,78.90259186052256
wrmcMSHFi3sWpAEy4rGDvQb3ezh3PhXoV2xNjgLBkKU,8p4mGnARWPBu6P2Gcw4adodLkNDorrXniZMhaY7eJXUn,AyY89zccbsgp9LKFgH4CFZMJmpSgqmPSdTfukhP227rc,0.00637299999999999,0.05869314000000614,2.0104418050757866,315.4623889966719,0.0008041767220303147,3005.801196308876,27.06657079,0.09742205,8831.316397797802
FrnkTEL6yZ5Aycq2TrEgu29dCrwKG4LPUZydfiwqspkc,DjvZuMZ46fxKBoBpGMPcRcos4xdTtHFxwMh69DpA2ZFY,9rvDPJLAng4uVVqnnSoEXgNDFhBZQTny9AoQioYDZbQX,10.658937654999363,8.88766759400005,1861.4141477731816,174.63411533325953,0.7445656591092726,147.00363231275082,172.723033373,1438.918818635,241689.62707328823
STK75uPSyBnEhGTTzb1nwmP3n427XoXmfRhXxxhyady,6TYyD5fUmDe6N65avW1Ny2RxzRNobw2RRgKwH9CTzSAU,54zDfk4cx2vGrEajPtodWpArNe5eUurytyxd4X3aZAxK,437.88154526899956,493.593896044999,64382.216419083335,147.031125460042,6.438221641908334,165.74086581370892,1673.518582611,294.555655848,294879.230110162
ionytDfEj1mXodptgrsKEZro7DGsfpzANUfarJdm6Qb,3gkSjY95an9xNFSjCfsay6JZez7uv7yfW3Ad4ubc4fMK,9wXqANaSuEqkKL9yHzCPEDGHwbkStVAqV5rB3QDs3Jr6,0.004534002000000009,0.01766792500000003,3.378105505028047,745.0604355772318,0.001351242202011219,3004.897983713453,3.17013297,0.079592188,2601.1070567064858
parEAJhzYzHW87y9VoZAQ22dzQ2MD2ekEtTReaxbMcz,3oyc6hpjYSJEquK6dSvG72NXyz3pqLZz5D8AC71pwgQb,Di2vordgFJVZ1aj1aBpvzXtLfZgJsuLLXawGtVFwX6Rz,4.216101668999897,4.867122828999754,605.120619188793,143.5260974938334,0.2420482476755172,166.93983588478613,1104.139891254,139.216419099,181713.6558358069
