0,1,2,3,4,5,6,7,8,9,10,11
HEDSDjj84KS7LKhZY7ejkCACTdPen62rKhCby1wXtgxc,EnnjMSFttpCTywBrYNt1J5QQeoSVkvzPipJDa8Y7kJow,6bjVT6JN2rSvpyn9PdfLYC8wJn4LWh49jpY47fnLDXZk,50.82538424300219,52.454360325999005,49.25670158525668,0.9691358426284501,0.019702680634102673,0.9999854492117285,39034.592825719,9132.006133937,46961.69626586089
SoNcU2iwHMw6dGzsYNQkYFkUjwN1UdAjrWVRnStrZu2,8ivTTid27jZnYNc4w3CTA1Z6QS2twsFb8WMwUabeDJgc,CyXm53PMvHCbeXJBykU46Rcbo28xk5srhMZFg7gv6EYB,2.789038933999999,2.764650855999996,507.0979879999999,181.81818181818184,0.20283919519999996,180.28367275340403,15.097998602,19.59235407,6277.272204533795
MATSnbbiTCv7Dc3trJrkrqjx7ckKdr6fwPoVwv9q3sD,631WX9JizSHJm4w6VanZeJAst9T8DeUUnPLesdGkCVtK,211maUSfpnXbPuW1iBu8b4dtJv5EbN1j7JJiEX5TZKEP,524.3031189999965,524.0708350000023,524.7502061756581,1.0008527265229976,0.2099000824702633,0.9996541196745926,20651.21916,24904.199195,45564.41432478839
MATgk4zXLXtYkwBH678J1xZbRDZ45LicNzkRBHkxTuY,y8dALFo1bJrSzPYjMX14HJX448pXqYmrfXHD1K8MXih,GN7Yuet3UyiWS5YVkEHv6oQKi4HGBJc3XDPt9zQhAqZz,671.1671310000002,670.559295999999,671.8604910267397,1.0010330661242401,0.2687441964106959,1.0,3655.704375,4408.702552,8068.183511350048
Dg3mAgpwDfVNnbGWcsxL8sUcSkEbjSJQhKAWNigG44Ju,EATxwd8YA2wV93VJcKMmH2Kn2Y9XfJVUB9hHVu3udwEy,GiGvrRi7NMHfHKanG2B8xyCEqe8jaafWins8bhrLVEaa,0.00045585000000000764,0.0004610159999999808,0.08399456287910322,184.25921438872834,3.3597825151641294e-05,182.16074337613443,0.198226173,0.261388851,84.13978631665779
daob129AwBGn9Y5r91uLoWZeYiGzbPmksauMhFZKTze,6VW5GQNyj4LStgmxEHLr5zUfW92vQnmbw8jTnCH7a38F,4VPCCUifPeBA1c7HWK358CHn2nyjm8pdTRk6Ps3KmnMQ,12.226198760999921,10.94645857599999,2091.5760025578743,171.07328642731918,0.8366304010231498,153.41774070591492,48.256005025,224.14120041,42642.54993549387
BerKDkt6v49dT1bHRedgnpsJS263C1DSJtEGvY9Mg35V,78XKqNb8wbfsMMrvo8WPUpdx7GEkfQutpNVH943aCGFa,DKYQwn4nDvFHCszi5tXbqfVMAP7DaXXp1KGTXEnYnKVH,0.07210667200001808,0.07202401100016687,0.07224789228188948,1.0019584911902655,2.889915691275579e-05,0.9999854492117285,1338.388229411,1686.819933395,3027.8048398027536
ercAoEmXjQzEvAFbdjAo81KtMxRGn9AW1ju882upmPH,CMRhskR2Eg6V42RTSdRTXGdozyPbWB8U9dVpijPWb9T4,7TKLLgrWswt6ZJ1pXhVR3FyufHGjJFqiEXxvWJfDcgRm,24.315994330000024,24.747682392999934,3731.5811957483083,153.46200303824074,1.4926324782993234,150.37390471407153,277.232954021,788.095432976,161053.71197619912
AUSejoEUCh2DBs9mof6BNC8Pubs22w4cJa1ccV9h44R,4xkyD7AfGQDwsQMy9MosRRNGoVJ1zosNinesxg1TzHG7,Cbm5gsQe3nSiCsFrvepVzMCD9xLK3ri9g3ypS2hdmVJ7,502.6801639999994,501.90421400000014,503.660791561169,1.0019507982041034,0.0503660791561169,1.0,13655.902601,15222.360427,28904.902938269443
wrmcMSHFi3sWpAEy4rGDvQb3ezh3PhXoV2xNjgLBkKU,8p4mGnARWPBu6P2Gcw4adodLkNDorrXniZMhaY7eJXUn,AyY89zccbsgp9LKFgH4CFZMJmpSgqmPSdTfukhP227rc,0.007113560000000713,0.04915937000000273,2.4104121063441446,338.84751184272056,0.0009641648425376579,3027.3674013078225,27.03273054,0.10108039,9465.980959391205
Lid8SLUxQ9RmF7XMqUA8c24RitTwzja8VSKngJxRcUa,4PgzyzLtds9bKZ2to9PMnKqJzKEUpjvNUaeN23phegax,AtymwxoVN9peZo7EXTcDz9jKVc4vRmisJKKrNfe3ewBa,89.46372870500818,75.65151003599851,16249.39266294181,181.63106879349382,1.6249392662941808,153.1751289543117,968.0747146,7674.91845005,1351439.0683849892
HDSBGqAuMRr6X2AfmmbXQPpRgU6VEhtfNVVZ3wUTZXg,DCZ1d8kNLgDcdSd99y4udLgwq46mfDXNS9KXj96kQf5L,Fq8GGYQM5Pz3q7LmVMbrXHJgsxA5ev86kTq8yGgGuYsa,1.519565689000956,1.5269172379994416,1.510488207711295,0.9940262659552225,0.000604195283084518,0.9999854492117285,13523.369623677,12879.734392416,26322.13159228379
NorjjEePhxfwLF4vZjUHCrVVKLzQjEEGQFd3wgjEJmh,34M8pFVqgbV7aqHxvRT5tCv3vu2P1JJYT8J3VaxBK2oG,3AZWBSze3ucsY3xSeuLne3b2pauVqiaJ1SZSV5T9WGWw,1.2049870000000737,2.0832120000050054,0.6975294456115511,0.5788688555241744,0.00027901177824462046,1.0,38235.101644,2193.762303,24326.871832512763
SAMyS8Jr2HJrkFwYVKbpUwsNStnQmvz3f8Tup8bWUWF,6jPzm5TFfquvgm25sTyN3MMGBfufRaFHMxobDWv6hMFW,Cj9ECoDmxsHTDzCY5ZA6RWrPbg9uFzEC1Qc2kso2vJG6,1368.9260351199919,31.204235620000077,1314.5918253399352,0.9603088783571174,0.5258367301359742,0.02266086937573311,505.73681733,107839.5414616,2929.4013183943434
TETFuZgEmET6d9vYmz9iMFCxK1jKdKYxf3oPz8hSzJK,Eu1Ze6Z84LWNkq7SNoAHBJbXx5t1P95EwyqYohrfCRFV,ASMbv7WNu3qe4pkhREmvyEdwFNDZQ6B6iSrjkj4u8bdC,138.01294391199997,138.0998196980001,137.25799569969854,0.9945298738589129,0.054903198279879425,0.9966035750163442,219.856999394,132.897270441,351.1002487057284
ionytDfEj1mXodptgrsKEZro7DGsfpzANUfarJdm6Qb,3gkSjY95an9xNFSjCfsay6JZez7uv7yfW3Ad4ubc4fMK,9wXqANaSuEqkKL9yHzCPEDGHwbkStVAqV5rB3QDs3Jr6,0.02031090300000002,0.07565330600000042,15.260099881215448,751.3255260593502,0.00610403995248618,3031.589159037167,3.17013297,0.079600045,2623.116454844211
Lee1XZJfJ9Hm2K1qTyeCz1LXNc1YBZaKZszvNY4KCDw,9DgFSWkPDGijNKcLGbr3p5xoJbHsPgXUTr6QvGBJ5vGN,2hNHZg7XBhuhHVZ3JDEi4buq2fPQwuWBdQ9xkH7t1GQX,1106.5891991990138,932.3149552220066,201379.53409991766,181.98219740955622,20.137953409991766,153.5657663822424,6711.630074758,53860.592563695,9492540.364050053
C2ypsDADXcCRz8HbV2zX1AXPSja7a1P3xZtRC91xGhJh,J9bYNuDpY1d1T86gLaw7DGk5D3CsUAf2tzUwxMvb6FTv,A2NGvvPrMGzsJ4jb52KEnSBVmsA7C34dV1GC7PerdgvG,1231.6868664800024,1239.125554980998,189153.07087610618,153.57236975066604,75.66122835044247,153.75172663189008,3545.633461217,2046.364485138,859143.4058144973
C98Sspw7XqnMsgxea3SLQVdbMDL8pKUc3RE82UvX9eq2,CSqgQJurPCzGxb4Cgwx5R61hWQUiaoUHcShNc8r1cKEL,6S2CR5EnukPhC914XkAns8m5GixjMAoUuZMsS5ubHuWc,13.050710999999865,13.045922000000132,0.0,0.0,0.0,1.0,868.704645,895.022978,895.022978
parEAJhzYzHW87y9VoZAQ22dzQ2MD2ekEtTReaxbMcz,3oyc6hpjYSJEquK6dSvG72NXyz3pqLZz5D8AC71pwgQb,Di2vordgFJVZ1aj1aBpvzXtLfZgJsuLLXawGtVFwX6Rz,4.3355552119999174,5.093323351000407,648.4185342891585,149.55836163600696,0.2593674137156634,176.35617457356634,1101.428152068,141.518472304,189685.44629009344
BSC8REUo9LpiiWUuqMuLXs2D2yJsJfGd4HdiF3wCLxk5,AZjEH1zWVx1UJ6udMyRijGTzPteuLnaY18yNNmprJEsh,Caf8ypkSVR8xYnXNhjvfvdGCC7mrM3C11rz8Xi6NA6aK,681.2457936360006,680.0729122020007,683.1464498370553,1.002789971283214,0.27325857993482217,0.9999854492117285,2635.853088909,3721.491606629,6364.644499326405
vEnkoSUkpnbRrPgBz9DfcVxNz67zjwMYBZraAvDDNSf,DtfyjjsZ5yCjWKLKHvwsfXs5QVsmm1QkK6Sh9JZHoq1g,e5wrKCRv4GhHvEf1VD5Pq2KGaZDXP77nTL612Jyrxwy,1452.3841730000004,1451.6944639999997,1452.1271464950705,0.9998230313234556,0.14521271464950705,0.9998040384084719,1019.145643,928.491473,1947.2748104775828
SEQV6QiTpvTzrceiaYg9Avnwf7oc8ZALpnQMz6TyT4A,3dFMPj4r9mMmPHF32mz1gNDX7f8ftidWof7S8YiYTs1j,Fc1ED3YPeQfXQosHbd8DTaBd2AV5gHQtwiSAL5C5pUhi,601.4944499700005,599.9999999999999,600.2054170055522,0.9978569495287737,0.24008216680222091,0.9992216063686388,4159.510217876,1470.150089824,5619.601911900446
BUSDTd9WiT6uBHJRgNvFXBsA7JrifsAtWzKfioN7ERcy,DyBxrn7gSc1EwnpWhDyhzvMHPtxpmBqRqotapLcKcfTM,Cds99GeBgoCpqBsoRWu1C6fF9LiUMd4pXQQD24s9LPff,473.55911173000004,473.16396292000013,473.59441345757915,1.0000745455566258,0.04735944134575792,0.9985172019550967,78.69551191,95.04033297,173.60078566082439
MARpDPs5A7XiyCWPNH8GsMWPLxmwNn9SBmKvPa9LzgA,6YjT74rmcfCpw8LSjPNx5JTmZoYLGrTKnf9arfSgZ4SR,F8GSmi3vA8M8TsybLya1LQ4n1aFHCRbZ6k437PeTdXtg,19059.977365999985,20018.19125100012,18073.610095061977,0.948249294739587,7.22944403802479,1.0,296437.487088,15703.81784,296800.4559055714
SoN9GaFpSXfpyR5dth3x7PHPVhvJMpQqqDJfCSmPv1t,9kZ9iS68ViMPtoeqtnhAKuF2iqVyfHPdZHoUNdwCELr,BBhm5fJLjw3HRzjtKB8uMEYjGhY6EDm9co3cqpjrSzB9,0.34483123100000057,0.33800802399999963,63.609358620067674,184.46519021958184,0.025443743448027068,179.96202081512718,1.504938157,2.47836343,723.6199945768219
AURHmCnNwiW4uA2Qj1XvEh4iKgRUZYXtiY7FKAapUV5Y,BKWm4TRnTeKwfWXRyuzjRHU7iZDkPuXBX5b5V5jSVfGJ,A5Ww74HVrkj9nPeC7pHKLfgeDMEhBCpW1efQdz3TGLEg,0.0001266409999516327,0.00011319100002538107,0.0217310803390929,171.59593139182834,8.69243213563716e-06,153.62443832985042,289.928185222,1795.287611452,325550.54792976385
RoBgmK8CvjdHvPrqdDyVw54VwjZv2TqJ493xnqJAQHx,ExiHJxM7qPAcy27NDHAF6G7vnW7muNHi2sVJpnaNynGQ,6rkPHSqZb7StM4HwS9EuVrmfkV7tRdc7dnsFhyB6cefE,2.396436999999949,25.142267999999902,0.0,0.0,0.0,0.9504655380205224,6260.087367,19.05262,18.108858719000565
ALLwa5WNZbvQsRKAqe1jdRGemdYQnW8E5k4msbRFcYtu,CGoM82Hbz7QVqTgvQatYtjvDWBvoUJp5qm21P8iMs9yb,3dxNNww8TivyN5FMy5dCNdi3Zcxv6e4kUfSPxfFwpdNq,2.102364013,2.099079850000001,6373.310737563282,3031.4972564949826,2.5493242950253125,3027.587376171676,2.420038826,6.236662754,26218.382485080816
KEN5P7p3asnb23Sw6yAmJRGvijfAzso3RqfyLAQhznt,9zj4aX38Uxf3h6AUjS4EipWS8mwbEofasHAf3a1uKGds,CwQDG1MWunn9cLNwcZLd8YBacweSR7ARo32w4mLua1Yr,35329.35323600005,35328.686344000045,35269.78257323386,0.9983138479108785,3.5269782573233863,1.0,1145764.588978,1143886.535275,2287719.190897653
KwnjUuZhTMTSGAaavkLEmSyfobY16JNH4poL9oeeEvE,J63v6qEZmQpDqCD8bd4PXu2Pq5ZbyXrFcSa3Xt1HdAPQ,BnKQtTdLw9qPCDgZkWX3sURkBAoKCUYL1yahh6Mw7mRK,253.0548849999933,8478.631726999873,5.69410625363918,0.022501467433198655,0.000569410625363918,1.0,276216.794351,603.718997,6819.002199591557
moFiBS1R4Lf3E3zzmBPnw3NF4RhWPkhREFviuzUaCAU,44ALBrpqi9PfZkBRTvbtRNtFJGsatfY4QydjtMbFWq8S,2ho8qEEie1UjVwWNBo9y4oAJZMyMLx8zPj9bxyUz6uWs,5132.834241937999,5120.886790221997,5144.719650445252,1.0023155644517299,2.057887860178101,0.9999854492117285,26255.585201875,38168.095701172,64483.922026920554
GokA1R67GqSavkd15zR62QD68Tuc5AEfvjssntVDEbM8,3YB7hfpBdbQEuZqLGWVDpRPmeZWCUsrrWyqGXegnQ6Cg,4DPCj6Z1DsG6HUtwSogBGqXEUxdEV5a8YVrrFtcnz7UW,5343.381044999996,5343.757944000012,5343.552038665234,1.000032001024033,0.5343552038665235,1.0,17194.250654,15224.485074,32419.285961628404
YAkoNb6HKmSxQN9L8hiBE5tPJRsniSSMzND1boHmZxe,CfWX7o2TswwbxusJ4hCaPobu2jLCb1hfXuXJQjVq3jQF,EnTrdMMpdhugeH6Ban6gYZWXughWxKtVGfCwFn78ZmY3,4899218.955208995,4897792.211087997,4899218.955208995,1.0,489.92189552089957,0.9988632935719151,562673.321148,889520.677059,1451182.8743354725
BSCNHw8CmxbZ8hCWWzMf5FaG2ajPT6JxfznKUNuRVrn4,7n9kgNL633yGzCYksgnzHyjG73ZLBAwvEae5sbAekbzW,SscdxE99omdG9AiMVwmaEMQySQnCgeAh1sPj2Leutm2,57.99679896099951,57.68248804800078,58.3540092942376,1.0061591387738191,0.02334160371769504,0.9999854492117285,3859.7070645,7845.378568905,11728.743948399078
Sid7E679i9ABqptiAVhkmQ27YHN8vaYT4fppPwmxFsJ,GP7KB8o1bv527HG8kTzzzf4wJ5aEGHvcMQvVhLziUfmT,9gYxhAZ1M9wu5pxr8SBoa5NDm21gi3s9vMHaYTME77sa,840.0711859999901,1712.0173749999722,7.817762351248057,0.00930607129673431,0.003127104940499223,0.022695732879939163,130772.022081,10599.153337,1457.5293139939672
SRMuKizofcAMicegrfSv7xs9q76tH1w8aAF7oX9FEWu,72Hj2KWntXPfbie4UgKeTPnm1XVkomDfCnRPKbvfTtPi,6aqJQ5wedqpUt4fFEDUqUmXhrdxCu4bEJsQdVPCADLko,19.483007000000725,19.534013000000414,1.3957213558615889,0.0716378819687093,0.0005582885423446357,0.07184412296753874,16948.215891,4942.927552,1569.2545844451845
BkMBnJpvHKtWhUvrgRrLesXfi9RUV3ELgdBaJcdH7hcY,5uerVwBnZQsuVhZ15igs7ZgmcqhHnYWbwoRtLyRqLvR,9YWiQh5d4jCtgMdzcGLv9bWgnLaFtzvDDh2nnhJdzhBX,0.0011618900000485155,0.0011618900000485155,0.001168283740074698,1.0055028789523237,4.673134960298792e-07,0.9999854492117285,986.482241645,1887.575048349,2879.4583166535144
ALBpShJ9NLpE739pcHDF2LNVk5J4VYPvvKuV6jMPitZi,D6d156U1bPiJpDYRLextvDRccgFk7QzkQbJg42ceKEu5,GNcM8U5g8RwTZffwwm3kSQqUNPSwv5d2fbN9sLxPJqt2,6672.168053999987,6678.639939999994,6662.341100876195,0.9985271724206796,2.6649364403504783,0.9989191694586457,53893.59165,46422.455065,100186.49593963035
BkwbeSfcX1h4thMDd7obGkHrPevf3QwgzJ4pCEqG18Lu,35yX27bmurdebhfAb8EPmjLETDiUaEUCn9zHaDPbakH2,2CxECn1ZJFoESyUnQysQU8rRgT3iJ5GRs2Mdd6gZjx5g,0.02134811999999997,0.03435400000000044,46.45339019932103,2175.9944294542606,0.01858135607972841,1338.6880856760374,0.80135447,22.09435093,31321.18721347455
KZMu9QBEdL97EFgamLbN5DE1AoKBG4HdrKKJo4Vuon3,DD4ACBWyVqdaKWh7v5btsgqQCCMwbKnuL2xd9pv7Gyuw,GcYqiJ1MAuYbNTNYXm1F1gQYTfTgkErACAhNU5dpVj9T,29.99387833999981,31.140674240000294,28.803387666265056,0.9603088783571174,0.011521355066506023,0.9997893843682889,2385.46267772,714.33052163,3004.961060859996
RajgMbScQbqqrdJfR2rxfHJiTiY5b6bJ2tTXiF4aPxy,725ZA3fhyBAKb5iopNRrcbSuQa3LXA1656Q3mBvYPxeg,GLA6i1dSZpUfk2f9Nj8uiG7xyDdAR2reff8oEiZH3617,5507.407280789972,5508.40951995003,5499.245355825309,0.9985180095553979,2.199698142330124,0.9997893843682889,129411.80809336,54511.80897271,183720.34896397445
ZUCKWFa4LTL833dPhhpeeRWZcaAEoMeYJPi2iKn4F8N,7eEYpq6ShaJ9opZWMxitRFrdCHh6vfyHhGfoSvFht3N2,H8VggnHmuwd1wvwpT8eg9cUJFEfZ7HAaeYjgXrSm7A2u,0.0011523939999733557,0.0011523939999733557,0.0011537277403918975,1.0011573649451253,4.6149109615675905e-07,0.9999860711940143,1849.447104349,1997.706962338,3849.2667262607424
JSoLLrxK5bYdHwTEWYaGgmeycBCNXKDiBCTw5hXGBg7,xG4wXczA7Dk4hccJ61CHKpDHW4NrNfQwgmWgkb9BuF2,BVR6WgfhsRr9Lob4QDnkEAiNGgAbv7ZieKcY9kSg3QYR,3.399013628000148,2.893235711999999,613.4307457692846,180.47316454279832,0.24537229830771382,153.45872957656132,17.152492895,164.567934414,28349.950816769822
heyk4SZTeCUV6a65WiVA5bzic3KcxgVf1qxobfeV4tQ,9ZDpBKPqMABtGfq66FbVribaArMvtk63xxy91onZAtDt,DaTP4s6N7xxSPinbNZ3FB52EpRDRt87QShTuN3VPCW52,73.0559307370022,63.32495575299947,12922.20715260873,176.88101461780082,5.1688828610434925,153.65335434491735,631.067416139,4486.5735131,801000.9146617752
B2izdXFYb2sNwbWWHmh75T4aQFtfXsUxem9u2p61HGzf,4DYwgJtxwuJdAjkj5RJSNH4e7U329V5cNp7d3a1nLrZv,EXNW64GEf1ACC6xY9BtKRiunrs6GoJSXBdxWN2eTPmrF,5414.750074,5365.544473000007,5474.592848426147,1.0110518073056582,0.5474592848426146,1.0,10229.600302,29708.605227,40051.26110035161
STK75uPSyBnEhGTTzb1nwmP3n427XoXmfRhXxxhyady,6TYyD5fUmDe6N65avW1Ny2RxzRNobw2RRgKwH9CTzSAU,54zDfk4cx2vGrEajPtodWpArNe5eUurytyxd4X3aZAxK,644.6926920149988,725.9074139390004,99005.99617562526,153.5708367752397,9.900599617562527,172.51629157599498,1799.595900697,316.221802543,330918.8610175244
BSCuChvaSj9b5HUSqgDVRzcnr2sSn7cXaamt1jbKH6hn,GnKpRj5kBVPMJfiwZtEuD9GYApLzPdW5JFuZTcyX4BTc,3dmwD9okkomV9nDwyuh4UMhKdUR13QpuKxRo89ycZB5t,46.00834829400014,45.91219569000009,46.11627143706802,1.0023457295701692,0.01844650857482721,0.9993284512807393,1304.258617512,1809.020487692,3115.12369781862
SERgf3DMJpQxUifu7VoFKmfne73d2fDJxSrxUMrcNJB,AJfM2GZ2tTB8UtN2krcyR9xufRJEx2mhSCbJyMgPo3GU,F4yRYkufQvERZcEKnKjJwRLU1btiMBUuEwq46hfm11QD,1.6145711239999976,1.6150301580000033,246.0178517744119,152.37349914008016,0.09840714070976475,153.10908670276672,29.284858487,27.960780594,8743.285939730045
Cob4usZcpHEY7Qt4ZCwj6WVg9S44zvzYV2v9qYF65dTf,NhFM9UXE48PyNAyeyPYA3iXztqKVJwA4bTdLj4ysM8w,6TuFuynuBoeskxyR2cz4wxyidk8dpDK7kAWw3UkjQGx,16.296800999999988,1804.4907299999904,0.15132441212552228,0.009285528621569497,6.0529764850208913e-05,1.0,70572.386011,191.556637,846.8585471975913
DFWzVTzNBrQZLjoQ4yQwkj9HuoXmfkuZP9V5vbymZe23,DhgiEgiNdqZdRdo195UUHnoEJUtefK8buko8nU97XJUZ,2K2kkXsouBHtWVjtcgkyiXd8eP3oVBvq1bTJzcVdLLr2,1827.7339336159966,1829.4377201560055,1807.4918343703744,0.9889250295826291,0.7229967337481499,0.9999860711940143,42740.270170219,25238.904197891,67505.47559254452
FrnkTEL6yZ5Aycq2TrEgu29dCrwKG4LPUZydfiwqspkc,DjvZuMZ46fxKBoBpGMPcRcos4xdTtHFxwMh69DpA2ZFY,9rvDPJLAng4uVVqnnSoEXgNDFhBZQTny9AoQioYDZbQX,51.47250924599979,42.908979139000024,9483.081942767092,184.23585874636711,3.793232777106837,153.56220551567802,172.577906735,1439.12630488,252790.44824097404
BUSDgu5JdqP1rndBvXvanbEufS94FNh1w5FJcAj6vawb,Bgzr8cWubt89JQFXndVjtdKmDbGzuPxNhvjH1EhWCwbo,Dxaf8xPBBQsasRKW5Aa4Sw2YrbfGofY9xZueyyF23FBW,5234.412463990002,5246.842272120002,5221.259172308307,0.9974871503206553,2.0885036689233227,0.9997866555255773,8581.99201269,6497.9424189,15056.982875602584
KysFMBBoavfov2tLpvefWW6tPFt6rAeZWDJVy1mMQae,B8ka2V21TH3x64dFV8ETcjuQcwmrciJ2qzy1mJUttRew,7fSf7EYxBANyxzk2s5pymFgshA91tFYQNKKs5UnLWcYS,20.251256999999896,27.078095000004396,0.0,0.0,0.0,0.02245196872782026,134519.714779,2599.041798,58.35360517099375
KEVpg4SYCVrqFxKijQH6hm4QxsRdoE51ud64bEEFUC9,2bPenuBYfqzD8p5dFjCcggwkHDsc2RQDnx9AoyYGUBjA,AE6n6iLuX8oYu61vt5hoDYkjswpnxFxrhSehxrnQTnbx,917.058552984,916.0509600199998,918.4770388195054,1.001546777826661,0.3673908155278022,0.9999860711940143,2273.129911762,5371.975342498,7648.546456002327
WiiQFxXqp8P9Fs1rt9SVcDyA3KUdJmUsog6wnVQAwba,3S2jpqSYxho6wiz3cafhjXruVY8cg4HYa2v3BqBHYFSj,Dfe67M6TfrG74gKRtdqys4e6E9QirPD53BkF4FujFjuv,10673.430435602,10667.651233071001,10676.743514528507,1.000310404320944,1.0676743514528508,0.9999860711940143,10775.744672405,16041.832353634,26820.698420176195
