0,1,2,3,4,5,6,7,8,9,10,11
SoNcU2iwHMw6dGzsYNQkYFkUjwN1UdAjrWVRnStrZu2,8ivTTid27jZnYNc4w3CTA1Z6QS2twsFb8WMwUabeDJgc,CyXm53PMvHCbeXJBykU46Rcbo28xk5srhMZFg7gv6EYB,3.0812413090000117,3.0594814710000033,561.9359189723071,182.3732264431695,0.22477436758892286,179.27646528481563,15.601055036,19.080361632,6265.874532573755
heyk4SZTeCUV6a65WiVA5bzic3KcxgVf1qxobfeV4tQ,9ZDpBKPqMABtGfq66FbVribaArMvtk63xxy91onZAtDt,DaTP4s6N7xxSPinbNZ3FB52EpRDRt87QShTuN3VPCW52,81.88679292799497,71.63187276700046,14387.824589225485,175.7038476507078,5.755129835690194,153.81475197294336,625.990241422,4473.345868018,798055.4791880206
RajgMbScQbqqrdJfR2rxfHJiTiY5b6bJ2tTXiF4aPxy,725ZA3fhyBAKb5iopNRrcbSuQa3LXA1656Q3mBvYPxeg,GLA6i1dSZpUfk2f9Nj8uiG7xyDdAR2reff8oEiZH3617,322889.3543251503,166753.34046582,322873.8563800441,0.9999520023038894,129.14954255201764,1.0,91230.64993021,92647.68823507,183873.95930426868
BSCrK1Nx9PXU9mF7STWWBqeHLxmtJDr9h7jheEy4tAWX,FfSySSbVJPvEo5a5AvrP3nySoXpRE2QPn1uUMpJJ1x7v,HL7Vcj6838ZmvBHDbQxXfjBNckNi83WvPiZQoMQLFeRM,0.009257585000000068,0.009247319999999948,28.696524830829436,3099.7851848866876,0.011478609932331775,3086.610284585468,0.830007883,0.974284841,5580.083749408881
MATSnbbiTCv7Dc3trJrkrqjx7ckKdr6fwPoVwv9q3sD,631WX9JizSHJm4w6VanZeJAst9T8DeUUnPLesdGkCVtK,211maUSfpnXbPuW1iBu8b4dtJv5EbN1j7JJiEX5TZKEP,244.8418939999974,244.8337920000049,244.85805463160307,1.0000660043562875,0.09794322185264123,0.9985620706183095,20343.024796,25211.28708,45519.402553814034
Cob4usZcpHEY7Qt4ZCwj6WVg9S44zvzYV2v9qYF65dTf,NhFM9UXE48PyNAyeyPYA3iXztqKVJwA4bTdLj4ysM8w,6TuFuynuBoeskxyR2cz4wxyidk8dpDK7kAWw3UkjQGx,236.09044099999204,6504.865237999958,2.1851454480498402,0.009255543929666826,0.0008740581792199361,1.0,70634.732579,190.945139,844.7080093452031
JSoLLrxK5bYdHwTEWYaGgmeycBCNXKDiBCTw5hXGBg7,xG4wXczA7Dk4hccJ61CHKpDHW4NrNfQwgmWgkb9BuF2,BVR6WgfhsRr9Lob4QDnkEAiNGgAbv7ZieKcY9kSg3QYR,1.6774855119999756,1.426057790000005,269.32329221066567,160.5517843725315,0.10772931688426628,153.44551939850584,17.081173165,164.648694853,28007.017330821633
DFWzVTzNBrQZLjoQ4yQwkj9HuoXmfkuZP9V5vbymZe23,DhgiEgiNdqZdRdo195UUHnoEJUtefK8buko8nU97XJUZ,2K2kkXsouBHtWVjtcgkyiXd8eP3oVBvq1bTJzcVdLLr2,0.1968879449996166,0.1951132689937367,0.19370802305184026,0.9838490774649381,7.748320922073612e-05,1.0,45475.749817802,22540.336404995,67281.61091026582
BSCNHw8CmxbZ8hCWWzMf5FaG2ajPT6JxfznKUNuRVrn4,7n9kgNL633yGzCYksgnzHyjG73ZLBAwvEae5sbAekbzW,SscdxE99omdG9AiMVwmaEMQySQnCgeAh1sPj2Leutm2,282.41838110700064,281.2501060470004,283.87354157812825,1.0051524991589562,0.1135494166312513,1.0,4097.314750154,7606.347856127,11724.774017085147
BerKDkt6v49dT1bHRedgnpsJS263C1DSJtEGvY9Mg35V,78XKqNb8wbfsMMrvo8WPUpdx7GEkfQutpNVH943aCGFa,DKYQwn4nDvFHCszi5tXbqfVMAP7DaXXp1KGTXEnYnKVH,0.0012420680000104767,0.0012420680000104767,0.0012445195192745588,1.0019737399756385,4.978078077098235e-07,1.0,1338.317413093,1686.889624681,3027.848528352315
C2ypsDADXcCRz8HbV2zX1AXPSja7a1P3xZtRC91xGhJh,J9bYNuDpY1d1T86gLaw7DGk5D3CsUAf2tzUwxMvb6FTv,A2NGvvPrMGzsJ4jb52KEnSBVmsA7C34dV1GC7PerdgvG,1064.2538638960034,1070.4442682379972,163304.98691738897,153.44551939850584,65.3219947669556,154.00342688425502,2359.326037186,1393.816159465,576680.4742106856
BUSDTd9WiT6uBHJRgNvFXBsA7JrifsAtWzKfioN7ERcy,DyBxrn7gSc1EwnpWhDyhzvMHPtxpmBqRqotapLcKcfTM,Cds99GeBgoCpqBsoRWu1C6fF9LiUMd4pXQQD24s9LPff,906.2603613199998,909.3257815399998,904.4929007875,0.9980497210206508,0.09044929007875001,0.9975370809471414,152.2043426,112.02485509,263.65644861006666
Sid7E679i9ABqptiAVhkmQ27YHN8vaYT4fppPwmxFsJ,GP7KB8o1bv527HG8kTzzzf4wJ5aEGHvcMQvVhLziUfmT,9gYxhAZ1M9wu5pxr8SBoa5NDm21gi3s9vMHaYTME77sa,2694.606262999998,6641.04311299992,24.94004664035184,0.009255543929666826,0.009976018656140737,0.021972483463454016,131033.231199,10491.590369,1443.31012349672
SEQV6QiTpvTzrceiaYg9Avnwf7oc8ZALpnQMz6TyT4A,3dFMPj4r9mMmPHF32mz1gNDX7f8ftidWof7S8YiYTs1j,Fc1ED3YPeQfXQosHbd8DTaBd2AV5gHQtwiSAL5C5pUhi,813.4359342799999,816.9671813059986,809.5230689074208,0.9951897067640091,0.3238092275629683,0.9986837348374843,4485.536331255,1144.469690018,5606.922850616446
STK75uPSyBnEhGTTzb1nwmP3n427XoXmfRhXxxhyady,6TYyD5fUmDe6N65avW1Ny2RxzRNobw2RRgKwH9CTzSAU,54zDfk4cx2vGrEajPtodWpArNe5eUurytyxd4X3aZAxK,550.7274780409987,620.5399952820003,84700.48683678286,153.79745920445495,8.470048683678286,173.24630132140152,1854.579594786,326.213091362,341744.84109160135
WiiQFxXqp8P9Fs1rt9SVcDyA3KUdJmUsog6wnVQAwba,3S2jpqSYxho6wiz3cafhjXruVY8cg4HYa2v3BqBHYFSj,Dfe67M6TfrG74gKRtdqys4e6E9QirPD53BkF4FujFjuv,5893.676742327003,5900.600521809001,5885.885836566458,0.9986780907570665,0.5885885836566459,1.0,19466.30087996,7352.568742205,26793.136939106054
KZMu9QBEdL97EFgamLbN5DE1AoKBG4HdrKKJo4Vuon3,DD4ACBWyVqdaKWh7v5btsgqQCCMwbKnuL2xd9pv7Gyuw,GcYqiJ1MAuYbNTNYXm1F1gQYTfTgkErACAhNU5dpVj9T,144.37334117999978,147.8122243499996,141.05560474361434,0.9770197433316375,0.056422241897445734,1.0,2193.06316701,900.6486227,3043.3146352421786
KysFMBBoavfov2tLpvefWW6tPFt6rAeZWDJVy1mMQae,B8ka2V21TH3x64dFV8ETcjuQcwmrciJ2qzy1mJUttRew,7fSf7EYxBANyxzk2s5pymFgshA91tFYQNKKs5UnLWcYS,140.4503450000002,188.01372200000333,0.0,0.0,0.0,0.022873333517539913,134548.585489,2577.475138,58.95544846464121
C98Sspw7XqnMsgxea3SLQVdbMDL8pKUc3RE82UvX9eq2,CSqgQJurPCzGxb4Cgwx5R61hWQUiaoUHcShNc8r1cKEL,6S2CR5EnukPhC914XkAns8m5GixjMAoUuZMsS5ubHuWc,41.84271300000023,41.8552870000002,0.0,0.0,0.0,1.0,902.084729,861.571097,861.571097
YAkoNb6HKmSxQN9L8hiBE5tPJRsniSSMzND1boHmZxe,CfWX7o2TswwbxusJ4hCaPobu2jLCb1hfXuXJQjVq3jQF,EnTrdMMpdhugeH6Ban6gYZWXughWxKtVGfCwFn78ZmY3,6392581.029359033,6393102.50504401,6392581.029359033,1.0,639.2581029359034,0.9992246017090737,845767.588599,625373.925167,1470656.5998932356
wrmcMSHFi3sWpAEy4rGDvQb3ezh3PhXoV2xNjgLBkKU,8p4mGnARWPBu6P2Gcw4adodLkNDorrXniZMhaY7eJXUn,AyY89zccbsgp9LKFgH4CFZMJmpSgqmPSdTfukhP227rc,0.005553780000000688,0.035256059999998354,1.8586947791166961,334.67202141900935,0.0007434779116466785,3093.6765251825273,27.04666827,0.09953996,9359.707580139888
AURHmCnNwiW4uA2Qj1XvEh4iKgRUZYXtiY7FKAapUV5Y,BKWm4TRnTeKwfWXRyuzjRHU7iZDkPuXBX5b5V5jSVfGJ,A5Ww74HVrkj9nPeC7pHKLfgeDMEhBCpW1efQdz3TGLEg,0.011905846999979985,0.010637915000188514,2.0365065509917426,171.05095933075287,0.000814602620396697,154.00058089019112,289.939976062,1798.340176697,326539.94290324755
KwnjUuZhTMTSGAaavkLEmSyfobY16JNH4poL9oeeEvE,J63v6qEZmQpDqCD8bd4PXu2Pq5ZbyXrFcSa3Xt1HdAPQ,BnKQtTdLw9qPCDgZkWX3sURkBAoKCUYL1yahh6Mw7mRK,655.4806480000007,28773.041121000424,14.993027475997197,0.022873333517539913,0.0014993027475997196,1.0,276139.260243,605.366845,6921.592241824888
ALBpShJ9NLpE739pcHDF2LNVk5J4VYPvvKuV6jMPitZi,D6d156U1bPiJpDYRLextvDRccgFk7QzkQbJg42ceKEu5,GNcM8U5g8RwTZffwwm3kSQqUNPSwv5d2fbN9sLxPJqt2,4827.62292799999,4831.157306000001,4809.208468773058,0.9961856053172402,1.923683387509223,0.9981265165284762,52446.128694,47864.965997,100021.37023391784
moFiBS1R4Lf3E3zzmBPnw3NF4RhWPkhREFviuzUaCAU,44ALBrpqi9PfZkBRTvbtRNtFJGsatfY4QydjtMbFWq8S,2ho8qEEie1UjVwWNBo9y4oAJZMyMLx8zPj9bxyUz6uWs,4703.626790754999,4707.528034215997,4703.084195931314,0.9998846433087014,1.8812336783725259,1.0,33804.687968384,30599.025833994,64399.814205423594
SAMyS8Jr2HJrkFwYVKbpUwsNStnQmvz3f8Tup8bWUWF,6jPzm5TFfquvgm25sTyN3MMGBfufRaFHMxobDWv6hMFW,Cj9ECoDmxsHTDzCY5ZA6RWrPbg9uFzEC1Qc2kso2vJG6,5610.996869569994,129.66230472999996,5482.054721341897,0.9770197433316375,2.1928218885367587,0.022873333517539913,503.51984258,107930.98386467,2960.6902181727137
BSC8REUo9LpiiWUuqMuLXs2D2yJsJfGd4HdiF3wCLxk5,AZjEH1zWVx1UJ6udMyRijGTzPteuLnaY18yNNmprJEsh,Caf8ypkSVR8xYnXNhjvfvdGCC7mrM3C11rz8Xi6NA6aK,1096.9699159290003,1098.5467300000005,1095.8904375466464,0.9990159453174796,0.4383561750186586,1.0,3503.484131262,2851.805360483,6351.841871780496
vEnkoSUkpnbRrPgBz9DfcVxNz67zjwMYBZraAvDDNSf,DtfyjjsZ5yCjWKLKHvwsfXs5QVsmm1QkK6Sh9JZHoq1g,e5wrKCRv4GhHvEf1VD5Pq2KGaZDXP77nTL612Jyrxwy,3805.413338,3804.456735,3795.109615394205,0.997292351266312,0.3795109615394205,0.9994532990454221,845.106557,1102.106527,1944.32230961075
SUiuyGR7SFq3xeRVJonq84fjjeFwRSsFekcevJ53tzy,49GjCCPsv7fBqo6t3iKDrP1xxGDS8uWZbVCdfnp2gjMf,CEwj5xEbbJEjYqM8D6Ai8ByGz1mrh8mkAVsE5fzDSSSx,8.710097999999974,26.64171499999993,0.08061669467070291,0.009255543929666826,3.224667786828117e-05,0.9436187780136825,628.224037,1.826152,7.5377464908333796
MATgk4zXLXtYkwBH678J1xZbRDZ45LicNzkRBHkxTuY,y8dALFo1bJrSzPYjMX14HJX448pXqYmrfXHD1K8MXih,GN7Yuet3UyiWS5YVkEHv6oQKi4HGBJc3XDPt9zQhAqZz,1833.3743390000009,1830.8608319999998,1835.3712228905056,1.0010891850333161,0.7341484891562022,1.0,3622.082569,4439.599892,8065.62757912359
GokA1R67GqSavkd15zR62QD68Tuc5AEfvjssntVDEbM8,3YB7hfpBdbQEuZqLGWVDpRPmeZWCUsrrWyqGXegnQ6Cg,4DPCj6Z1DsG6HUtwSogBGqXEUxdEV5a8YVrrFtcnz7UW,77620.29992300003,77575.79864599998,77626.1995141631,1.000076005776439,7.762619951416311,1.0,16569.462104,15845.289173,32416.01065183239
ionytDfEj1mXodptgrsKEZro7DGsfpzANUfarJdm6Qb,3gkSjY95an9xNFSjCfsay6JZez7uv7yfW3Ad4ubc4fMK,9wXqANaSuEqkKL9yHzCPEDGHwbkStVAqV5rB3QDs3Jr6,9.340400000001914e-05,0.00035006600000020427,0.07720519252945214,826.5726578030526,3.088207701178086e-05,3069.367710251688,3.152465045,0.084125576,2863.9537374575943
parEAJhzYzHW87y9VoZAQ22dzQ2MD2ekEtTReaxbMcz,3oyc6hpjYSJEquK6dSvG72NXyz3pqLZz5D8AC71pwgQb,Di2vordgFJVZ1aj1aBpvzXtLfZgJsuLLXawGtVFwX6Rz,6.279206374999859,7.286565827000317,936.101279728678,149.07955302372093,0.37444051189147126,175.95655702989555,1101.693774639,141.285400277,189100.10808352963
FrnkTEL6yZ5Aycq2TrEgu29dCrwKG4LPUZydfiwqspkc,DjvZuMZ46fxKBoBpGMPcRcos4xdTtHFxwMh69DpA2ZFY,9rvDPJLAng4uVVqnnSoEXgNDFhBZQTny9AoQioYDZbQX,19.21372653799949,16.03276196799999,3517.5892102538232,183.076885334919,1.4070356841015295,152.5919652700687,173.08364211,1438.478400576,251187.86024235957
MAR3XM1n9xWPQ3HJjAcC85o8DopWFP5p2WxGTaZ3fPB,6qG7GUhER8Cg9gDEgnebph9LdS6eu2eoWcA4R7z9uizK,4QV4CwRXVMY227KkFF9voNAfwWHVvVajXSXDKbUHkWZR,0.5691270000000017,0.01286799999999999,0.5349772614900461,0.9399962776147407,0.00021399090459601846,0.0227715437134622,0.117348,24.050399,0.6579713953402422
Lee1XZJfJ9Hm2K1qTyeCz1LXNc1YBZaKZszvNY4KCDw,9DgFSWkPDGijNKcLGbr3p5xoJbHsPgXUTr6QvGBJ5vGN,2hNHZg7XBhuhHVZ3JDEi4buq2fPQwuWBdQ9xkH7t1GQX,1330.628537676982,1122.1013390030066,241862.58509622983,181.76566806426288,24.18625850962298,153.29051111808414,6730.63979958,53835.811468664,9475918.296158895
Lid8SLUxQ9RmF7XMqUA8c24RitTwzja8VSKngJxRcUa,4PgzyzLtds9bKZ2to9PMnKqJzKEUpjvNUaeN23phegax,AtymwxoVN9peZo7EXTcDz9jKVc4vRmisJKKrNfe3ewBa,75.7987627069981,64.1868929039997,13652.300964844051,180.11245140791203,1.365230096484405,153.22915895732461,972.171922076,7670.475854773,1350440.8321043826
RoBgmK8CvjdHvPrqdDyVw54VwjZv2TqJ493xnqJAQHx,ExiHJxM7qPAcy27NDHAF6G7vnW7muNHi2sVJpnaNynGQ,6rkPHSqZb7StM4HwS9EuVrmfkV7tRdc7dnsFhyB6cefE,27.61200299999943,163.65263500000026,0.0,0.0,0.0,0.9401765651589368,6231.216657,19.564938,18.394496206387558
KEnkcdADoLR5jS2CLLLesy8TtFsyWL37BhXNfDMzWzP,3qsjFRuw1qeLMPo4DLwaQevenGAGBj9dA3Q6rb8ax2YR,77iEv8zPQAEyCcEbvBRSB6AFcUdfkhiqnAKtPxk76rNN,1.869404999999993,1.8025960000000019,0.017302360099838748,0.009255543929666826,6.9209440399355e-06,0.9975868374402321,116.347999,0.32379,1.3998726579681047
SoN9GaFpSXfpyR5dth3x7PHPVhvJMpQqqDJfCSmPv1t,9kZ9iS68ViMPtoeqtnhAKuF2iqVyfHPdZHoUNdwCELr,BBhm5fJLjw3HRzjtKB8uMEYjGhY6EDm9co3cqpjrSzB9,0.5148328489999989,0.5051762600000007,94.41313619582965,183.38599873573693,0.03776525447833186,179.22136203933837,1.535337536,2.446778182,720.0743258220016
KEVpg4SYCVrqFxKijQH6hm4QxsRdoE51ud64bEEFUC9,2bPenuBYfqzD8p5dFjCcggwkHDsc2RQDnx9AoyYGUBjA,AE6n6iLuX8oYu61vt5hoDYkjswpnxFxrhSehxrnQTnbx,24.191511978000108,24.202094532000046,24.197895140759286,1.0002638596035247,0.009679158056303714,1.0,3904.962990037,3738.285554471,7644.27890649433
HEDSDjj84KS7LKhZY7ejkCACTdPen62rKhCby1wXtgxc,EnnjMSFttpCTywBrYNt1J5QQeoSVkvzPipJDa8Y7kJow,6bjVT6JN2rSvpyn9PdfLYC8wJn4LWh49jpY47fnLDXZk,6.146509177000553,6.344058060998577,5.954012511097538,0.968681952575079,0.002381605004439015,1.0,39102.225399911,9066.463636398,46944.08368681464
TETFuZgEmET6d9vYmz9iMFCxK1jKdKYxf3oPz8hSzJK,Eu1Ze6Z84LWNkq7SNoAHBJbXx5t1P95EwyqYohrfCRFV,ASMbv7WNu3qe4pkhREmvyEdwFNDZQ6B6iSrjkj4u8bdC,58.38203487299998,58.49676582599997,58.10261764168259,0.9952139860845,0.02324104705667304,0.9974495215733371,277.977163745,74.794713491,351.25071235893796
KEN5P7p3asnb23Sw6yAmJRGvijfAzso3RqfyLAQhznt,9zj4aX38Uxf3h6AUjS4EipWS8mwbEofasHAf3a1uKGds,CwQDG1MWunn9cLNwcZLd8YBacweSR7ARo32w4mLua1Yr,144397.73356800037,144400.40982499998,144092.4017686526,0.9978854806664678,14.40924017686526,1.0,1134542.038326,1119917.911509,2252060.9387602545
BUSDgu5JdqP1rndBvXvanbEufS94FNh1w5FJcAj6vawb,Bgzr8cWubt89JQFXndVjtdKmDbGzuPxNhvjH1EhWCwbo,Dxaf8xPBBQsasRKW5Aa4Sw2YrbfGofY9xZueyyF23FBW,23880.57211555001,23839.841505439996,23911.7604638406,1.0013060134463982,9.56470418553624,1.0,6956.83763849,8112.15132921,15078.074691200278
daob129AwBGn9Y5r91uLoWZeYiGzbPmksauMhFZKTze,6VW5GQNyj4LStgmxEHLr5zUfW92vQnmbw8jTnCH7a38F,4VPCCUifPeBA1c7HWK358CHn2nyjm8pdTRk6Ps3KmnMQ,15.904208999999867,14.245067891999973,2703.4250469786793,169.98173546252454,1.0813700187914719,153.3401078993003,48.372553128,223.992371076,42569.464878864565
AUSejoEUCh2DBs9mof6BNC8Pubs22w4cJa1ccV9h44R,4xkyD7AfGQDwsQMy9MosRRNGoVJ1zosNinesxg1TzHG7,Cbm5gsQe3nSiCsFrvepVzMCD9xLK3ri9g3ypS2hdmVJ7,579.5226029999994,579.4937979999941,579.7869858655541,1.000456208030862,0.05797869858655542,1.0,14290.957849,14586.262763,28883.740261739425
2jQoGQRixdcfuRPt9Zui7pk6ivnrQv79mf8h13Tyoa9K,,,0.000480192999999999,0.0004307499999999997,0.0,0.0,0.0,1.0,14290.957849,14586.262763,14586.262763
SERgf3DMJpQxUifu7VoFKmfne73d2fDJxSrxUMrcNJB,AJfM2GZ2tTB8UtN2krcyR9xufRJEx2mhSCbJyMgPo3GU,F4yRYkufQvERZcEKnKjJwRLU1btiMBUuEwq46hfm11QD,0.5597760450000031,0.5601771219999989,84.07773828715341,150.1988858547045,0.03363109531486136,153.60690518337285,29.284858487,27.960064812,8693.412141657931
BSCuChvaSj9b5HUSqgDVRzcnr2sSn7cXaamt1jbKH6hn,GnKpRj5kBVPMJfiwZtEuD9GYApLzPdW5JFuZTcyX4BTc,3dmwD9okkomV9nDwyuh4UMhKdUR13QpuKxRo89ycZB5t,58.740291150000076,58.799822020999954,58.65509626501783,0.9985496346151114,0.023462038506007137,0.9972754434883898,1695.385587809,1417.144590658,3106.2101593740326
B2izdXFYb2sNwbWWHmh75T4aQFtfXsUxem9u2p61HGzf,4DYwgJtxwuJdAjkj5RJSNH4e7U329V5cNp7d3a1nLrZv,EXNW64GEf1ACC6xY9BtKRiunrs6GoJSXBdxWN2eTPmrF,3438.3376210000006,3401.195362999997,3470.9787047393697,1.0094932747558036,0.347097870473937,1.0,10046.010374,29891.858006,40033.23791668003
MARpDPs5A7XiyCWPNH8GsMWPLxmwNn9SBmKvPa9LzgA,6YjT74rmcfCpw8LSjPNx5JTmZoYLGrTKnf9arfSgZ4SR,F8GSmi3vA8M8TsybLya1LQ4n1aFHCRbZ6k437PeTdXtg,15166.907608000018,15993.59979799992,14160.664919486246,0.933655382196499,5.664265967794498,1.0,297758.166911,14425.07213,292428.5872594186
ALLwa5WNZbvQsRKAqe1jdRGemdYQnW8E5k4msbRFcYtu,CGoM82Hbz7QVqTgvQatYtjvDWBvoUJp5qm21P8iMs9yb,3dxNNww8TivyN5FMy5dCNdi3Zcxv6e4kUfSPxfFwpdNq,3.2105579830000037,3.1177849849999992,9896.606094140143,3082.519034555038,3.958642437656057,3051.925459772571,0.944548271,7.713354198,26452.17008153339
