0,1,2,3,4,5,6,7,8,9,10,11
Cob4usZcpHEY7Qt4ZCwj6WVg9S44zvzYV2v9qYF65dTf,NhFM9UXE48PyNAyeyPYA3iXztqKVJwA4bTdLj4ysM8w,6TuFuynuBoeskxyR2cz4wxyidk8dpDK7kAWw3UkjQGx,3.502738999999991,410.01004699998884,0.02934964165506265,0.00837905469264559,1.173985666202506e-05,1.0,72013.028752,178.911881,782.3129874960674
MARpDPs5A7XiyCWPNH8GsMWPLxmwNn9SBmKvPa9LzgA,6YjT74rmcfCpw8LSjPNx5JTmZoYLGrTKnf9arfSgZ4SR,F8GSmi3vA8M8TsybLya1LQ4n1aFHCRbZ6k437PeTdXtg,9022.528798999978,9489.969262999775,8516.688596499489,0.9439358727725474,3.4066754385997955,1.0,297183.094607,15011.7018,295533.48558110505
Lee1XZJfJ9Hm2K1qTyeCz1LXNc1YBZaKZszvNY4KCDw,9DgFSWkPDGijNKcLGbr3p5xoJbHsPgXUTr6QvGBJ5vGN,2hNHZg7XBhuhHVZ3JDEi4buq2fPQwuWBdQ9xkH7t1GQX,1001.9861623718316,843.6784420799777,165933.97398838605,165.605055458649,16.593397398838604,139.72131744906878,6709.035432503,53868.17715276,8637582.865237154
AURHmCnNwiW4uA2Qj1XvEh4iKgRUZYXtiY7FKAapUV5Y,BKWm4TRnTeKwfWXRyuzjRHU7iZDkPuXBX5b5V5jSVfGJ,A5Ww74HVrkj9nPeC7pHKLfgeDMEhBCpW1efQdz3TGLEg,0.0017698529998142476,0.0015808299999662268,0.27516088917841447,155.47104149739758,0.0001100643556713658,139.7656074856223,289.924870504,1795.291335867,295994.90574438067
KZMu9QBEdL97EFgamLbN5DE1AoKBG4HdrKKJo4Vuon3,DD4ACBWyVqdaKWh7v5btsgqQCCMwbKnuL2xd9pv7Gyuw,GcYqiJ1MAuYbNTNYXm1F1gQYTfTgkErACAhNU5dpVj9T,12.436322689999997,12.82740037000076,11.934581200443766,0.9596551567482501,0.004773832480177507,1.0,2392.81324325,707.30801669,3003.5835847103676
heyk4SZTeCUV6a65WiVA5bzic3KcxgVf1qxobfeV4tQ,9ZDpBKPqMABtGfq66FbVribaArMvtk63xxy91onZAtDt,DaTP4s6N7xxSPinbNZ3FB52EpRDRt87QShTuN3VPCW52,31.482225028998982,27.203846790000284,5091.581343260727,161.72876404290858,2.036632537304291,139.7656074856223,618.136318831,4501.565314851,729134.4337209276
ALLwa5WNZbvQsRKAqe1jdRGemdYQnW8E5k4msbRFcYtu,CGoM82Hbz7QVqTgvQatYtjvDWBvoUJp5qm21P8iMs9yb,3dxNNww8TivyN5FMy5dCNdi3Zcxv6e4kUfSPxfFwpdNq,2.445460287000002,2.398972668,7056.383561288095,2885.5032317636196,2.822553424515238,2833.390945615894,0.754617019,7.915195037,24604.29179768799
daob129AwBGn9Y5r91uLoWZeYiGzbPmksauMhFZKTze,6VW5GQNyj4LStgmxEHLr5zUfW92vQnmbw8jTnCH7a38F,4VPCCUifPeBA1c7HWK358CHn2nyjm8pdTRk6Ps3KmnMQ,8.309487927999953,7.449431306000037,1212.6142901756068,145.9312897115522,0.48504571607024277,139.75371203328373,47.72647471,224.743369404,38373.5061368926
NorjjEePhxfwLF4vZjUHCrVVKLzQjEEGQFd3wgjEJmh,34M8pFVqgbV7aqHxvRT5tCv3vu2P1JJYT8J3VaxBK2oG,3AZWBSze3ucsY3xSeuLne3b2pauVqiaJ1SZSV5T9WGWw,56.3172669999999,98.4310850000038,31.90619113257173,0.5665436700359019,0.012762476453028693,1.0,38235.101644,2131.798662,23793.65347158751
DA1mL7dfBow33EH5yjUuZE6SH2KeUK5zEXzsyhE5r5j5,B4UtLRZND3D83CitRCBUyeiNr7H8m7YFRqBmiPmXjhW4,AAmpYbuixWiSqDaJBCqYEs1pb5SrbdPr9mgXrB58Q2e,5.798613044000376,4.423362916000002,7.558848771385621,1.303561509283069,0.0030235395085542486,1.0,134.965989112,2907.263393381,3083.199861849721
STK75uPSyBnEhGTTzb1nwmP3n427XoXmfRhXxxhyady,6TYyD5fUmDe6N65avW1Ny2RxzRNobw2RRgKwH9CTzSAU,54zDfk4cx2vGrEajPtodWpArNe5eUurytyxd4X3aZAxK,336.8825551750021,380.9663863849976,47049.354825532275,139.6610008526304,4.7049354825532275,157.6420035226682,1510.589103491,264.808711139,252715.36184483822
MiMuMS9C4vBqcrYeeQPph1E7oAW9aNKvW9k6Zw9XffM,Afy2q2hh6Y474pshJa5fnQ6PfEchGyTbKrQpCZw2hr3m,5pXz9ksgjeL8Wgb37bksUaBFMLdFfsNNY3FQnikkCPtS,0.20198942700062616,0.0030654269999992323,0.0,0.0,0.0,0.022382095541153075,26.019090237,7672.886734602,171.735283970308
AUSejoEUCh2DBs9mof6BNC8Pubs22w4cJa1ccV9h44R,4xkyD7AfGQDwsQMy9MosRRNGoVJ1zosNinesxg1TzHG7,Cbm5gsQe3nSiCsFrvepVzMCD9xLK3ri9g3ypS2hdmVJ7,773.5763630000001,771.688301000002,775.9266448071209,1.0030382027160267,0.07759266448071209,1.0,13353.930614,15525.306745,28919.809307261086
HEDSDjj84KS7LKhZY7ejkCACTdPen62rKhCby1wXtgxc,EnnjMSFttpCTywBrYNt1J5QQeoSVkvzPipJDa8Y7kJow,6bjVT6JN2rSvpyn9PdfLYC8wJn4LWh49jpY47fnLDXZk,12.065812595999887,12.455631572993298,11.684743648387244,0.9684174650832073,0.004673897459354898,1.0,38846.793783324,9041.775356059,46661.68891831572
BUSDgu5JdqP1rndBvXvanbEufS94FNh1w5FJcAj6vawb,Bgzr8cWubt89JQFXndVjtdKmDbGzuPxNhvjH1EhWCwbo,Dxaf8xPBBQsasRKW5Aa4Sw2YrbfGofY9xZueyyF23FBW,7383.719900530001,7412.546248210005,7366.958449326923,0.9977299448748219,2.9467833797307694,1.0,8689.58381196,6399.81102244,15069.669000131995
parEAJhzYzHW87y9VoZAQ22dzQ2MD2ekEtTReaxbMcz,3oyc6hpjYSJEquK6dSvG72NXyz3pqLZz5D8AC71pwgQb,Di2vordgFJVZ1aj1aBpvzXtLfZgJsuLLXawGtVFwX6Rz,0.8690907190001269,0.9842287300000407,118.46988854771037,136.3147551316712,0.04738795541908415,161.71916528976274,1104.596696006,138.838435598,173025.66405035596
BUSD5rCfUDpCxKGMvYU2yThChxgHoioK74PTPociGnv2,CcFHbafgYDZ8yA8Me1PdtDiVb2eeaS61LbqyKKK5CsNZ,26R9s4nmF3CFDTkiePDwRmtscn8i7r2eygbSijditJ58,104.27425511000001,104.42153250999999,104.31387664976789,1.000379974325648,0.01043138766497679,1.0,70.44628522,77.4856586,147.95871159972086
BSC8REUo9LpiiWUuqMuLXs2D2yJsJfGd4HdiF3wCLxk5,AZjEH1zWVx1UJ6udMyRijGTzPteuLnaY18yNNmprJEsh,Caf8ypkSVR8xYnXNhjvfvdGCC7mrM3C11rz8Xi6NA6aK,52.636050451999836,52.56184053299967,52.74153346619068,1.00200400701202,0.02109661338647627,1.0,2697.709860401,3512.399767651,6215.515857528639
MAR3XM1n9xWPQ3HJjAcC85o8DopWFP5p2WxGTaZ3fPB,6qG7GUhER8Cg9gDEgnebph9LdS6eu2eoWcA4R7z9uizK,4QV4CwRXVMY227KkFF9voNAfwWHVvVajXSXDKbUHkWZR,0.20823000000000036,0.0049949999999999994,0.19758828988345714,0.9488944430843624,7.903531595338286e-05,0.022354394317298364,0.117321,24.052142,0.6489963114007539
SoN9GaFpSXfpyR5dth3x7PHPVhvJMpQqqDJfCSmPv1t,9kZ9iS68ViMPtoeqtnhAKuF2iqVyfHPdZHoUNdwCELr,BBhm5fJLjw3HRzjtKB8uMEYjGhY6EDm9co3cqpjrSzB9,1.0960509010000004,1.0909036929999996,183.52192030696304,167.4392312797916,0.07340876812278523,156.1175927666348,0.872031725,1.348757886,356.5771560729259
C98Sspw7XqnMsgxea3SLQVdbMDL8pKUc3RE82UvX9eq2,CSqgQJurPCzGxb4Cgwx5R61hWQUiaoUHcShNc8r1cKEL,6S2CR5EnukPhC914XkAns8m5GixjMAoUuZMsS5ubHuWc,36.67355599999985,36.64954299999988,0.0,0.0,0.0,1.0,844.341856,919.459017,919.459017
SQDY9uoDoCbNq7F3HAHYYQZbrUzpKxDtdWLvYcqBLak,GiehZ4X2uQjhEKuxSm3ACmEFrabxh3RTvjbLfLjw1xGX,rxDQYV77NKRKYxCjq4cECX3QQsiSyLv1T1FT2X3zNA2,41.92478186500003,41.941580000000016,42.01560936062903,1.002166439313184,0.016806243744251614,1.0,169.752355491,236.886442744,407.00655641144124
KEN5P7p3asnb23Sw6yAmJRGvijfAzso3RqfyLAQhznt,9zj4aX38Uxf3h6AUjS4EipWS8mwbEofasHAf3a1uKGds,CwQDG1MWunn9cLNwcZLd8YBacweSR7ARo32w4mLua1Yr,34063.221320000244,34062.11627700087,33795.86225371114,0.992151092705606,3.3795862253711135,1.0,1136804.9846,1162951.686406,2290833.99407007
vEnkoSUkpnbRrPgBz9DfcVxNz67zjwMYBZraAvDDNSf,DtfyjjsZ5yCjWKLKHvwsfXs5QVsmm1QkK6Sh9JZHoq1g,e5wrKCRv4GhHvEf1VD5Pq2KGaZDXP77nTL612Jyrxwy,115.57887600000026,115.55530899999997,114.96907999968195,0.9947239839889228,0.011496907999968196,0.9929539984271609,893.597423,1054.366414,1935.8201352774022
KEVpg4SYCVrqFxKijQH6hm4QxsRdoE51ud64bEEFUC9,2bPenuBYfqzD8p5dFjCcggwkHDsc2RQDnx9AoyYGUBjA,AE6n6iLuX8oYu61vt5hoDYkjswpnxFxrhSehxrnQTnbx,73.46531854299997,73.29616433000069,73.6486595159991,1.0024956125779516,0.02945946380639964,1.0,1751.024845852,5774.284789348,7529.679514829614
ercAoEmXjQzEvAFbdjAo81KtMxRGn9AW1ju882upmPH,CMRhskR2Eg6V42RTSdRTXGdozyPbWB8U9dVpijPWb9T4,7TKLLgrWswt6ZJ1pXhVR3FyufHGjJFqiEXxvWJfDcgRm,1.167909610000038,1.0624445870000017,162.77254455756,139.37084099989102,0.06510901782302402,126.77552289198293,52.173603925,378.283214831,55228.5314184828
Sid7E679i9ABqptiAVhkmQ27YHN8vaYT4fppPwmxFsJ,GP7KB8o1bv527HG8kTzzzf4wJ5aEGHvcMQvVhLziUfmT,9gYxhAZ1M9wu5pxr8SBoa5NDm21gi3s9vMHaYTME77sa,225.4163580000004,335.9946119999877,1.8882975779892854,0.008376932334206562,0.0007553190311957143,0.022077724009198108,132786.111601,9812.217667,1328.971705374182
Lid8SLUxQ9RmF7XMqUA8c24RitTwzja8VSKngJxRcUa,4PgzyzLtds9bKZ2to9PMnKqJzKEUpjvNUaeN23phegax,AtymwxoVN9peZo7EXTcDz9jKVc4vRmisJKKrNfe3ewBa,26.2058723139927,22.172983396000404,4317.474176991718,164.75216414324015,0.4317474176991718,138.04960481229878,966.759665279,7676.493845129,1219012.6887252121
JSoLLrxK5bYdHwTEWYaGgmeycBCNXKDiBCTw5hXGBg7,xG4wXczA7Dk4hccJ61CHKpDHW4NrNfQwgmWgkb9BuF2,BVR6WgfhsRr9Lob4QDnkEAiNGgAbv7ZieKcY9kSg3QYR,2.7133662209998306,2.3060925010000055,417.5976525652981,153.90390332618657,0.16703906102611926,139.18568302659824,16.98154599,164.770995362,25547.289744806574
MATSnbbiTCv7Dc3trJrkrqjx7ckKdr6fwPoVwv9q3sD,631WX9JizSHJm4w6VanZeJAst9T8DeUUnPLesdGkCVtK,211maUSfpnXbPuW1iBu8b4dtJv5EbN1j7JJiEX5TZKEP,1792.0243520000004,1792.674736999994,1788.5170700256797,0.9980428379946923,0.7154068280102719,0.9850188483356629,20176.611135,25381.542419,45138.41992083687
GokA1R67GqSavkd15zR62QD68Tuc5AEfvjssntVDEbM8,3YB7hfpBdbQEuZqLGWVDpRPmeZWCUsrrWyqGXegnQ6Cg,4DPCj6Z1DsG6HUtwSogBGqXEUxdEV5a8YVrrFtcnz7UW,7900.251689999999,7900.212732999995,7900.196388625278,0.9999930000489996,0.7900196388625279,1.0,15897.475164,16523.675575,32421.03945745282
FrnkTEL6yZ5Aycq2TrEgu29dCrwKG4LPUZydfiwqspkc,DjvZuMZ46fxKBoBpGMPcRcos4xdTtHFxwMh69DpA2ZFY,9rvDPJLAng4uVVqnnSoEXgNDFhBZQTny9AoQioYDZbQX,26.941075689999792,22.490713242000027,4496.791063460274,166.91208306613493,1.7987164253841095,139.0184077054011,172.816283111,1438.864836437,228873.82426656806
SoNcU2iwHMw6dGzsYNQkYFkUjwN1UdAjrWVRnStrZu2,8ivTTid27jZnYNc4w3CTA1Z6QS2twsFb8WMwUabeDJgc,CyXm53PMvHCbeXJBykU46Rcbo28xk5srhMZFg7gv6EYB,2.402577692000005,2.3814476920000036,396.91296645058196,165.2029683669356,0.1587651865802328,163.97595784506075,15.631570757,19.056001573,5707.107999923846
MATgk4zXLXtYkwBH678J1xZbRDZ45LicNzkRBHkxTuY,y8dALFo1bJrSzPYjMX14HJX448pXqYmrfXHD1K8MXih,GN7Yuet3UyiWS5YVkEHv6oQKi4HGBJc3XDPt9zQhAqZz,2209.6360290000002,2211.2626040000005,2207.6689959246314,0.9991097931742817,0.8830675983698526,1.0,4766.433084,3299.922663,8062.112635734295
7dwD9TF6uikvHXxPFK9AsSim54yJoujQjY9vU6gNFumk,CquVr6atkvwueDYficKjn6SSEWq4F4rH4VSiBbW4GBWU,8BCa6ge3b7ho3TfZuM64Vk1hgbrJ3J7EPiAb9uP86CGd,0.00014669199999999992,0.00014719500000000014,0.02417802590403881,164.82170741443858,9.671210361615525e-06,165.27666238985756,0.003975071,0.003533745,1.2392235686504671
RajgMbScQbqqrdJfR2rxfHJiTiY5b6bJ2tTXiF4aPxy,725ZA3fhyBAKb5iopNRrcbSuQa3LXA1656Q3mBvYPxeg,GLA6i1dSZpUfk2f9Nj8uiG7xyDdAR2reff8oEiZH3617,4470.922705010002,4480.642316099998,4460.931512093052,0.9977652950909319,1.7843726048372208,1.0,135347.06825658,48590.89450157,183635.50200028907
B2izdXFYb2sNwbWWHmh75T4aQFtfXsUxem9u2p61HGzf,4DYwgJtxwuJdAjkj5RJSNH4e7U329V5cNp7d3a1nLrZv,EXNW64GEf1ACC6xY9BtKRiunrs6GoJSXBdxWN2eTPmrF,2576.4281179999907,2555.2060829999937,2591.2057644747906,1.0057357107584555,0.25912057644747905,1.0,12465.377762,27247.821506,39784.697069337715
SAMyS8Jr2HJrkFwYVKbpUwsNStnQmvz3f8Tup8bWUWF,6jPzm5TFfquvgm25sTyN3MMGBfufRaFHMxobDWv6hMFW,Cj9ECoDmxsHTDzCY5ZA6RWrPbg9uFzEC1Qc2kso2vJG6,498.9014257800154,12.100346360000003,478.77332595884616,0.9596551567482501,0.19150933038353846,0.022303400155584057,503.24294497,107947.18294929,2890.528904223692
BUSDTd9WiT6uBHJRgNvFXBsA7JrifsAtWzKfioN7ERcy,DyBxrn7gSc1EwnpWhDyhzvMHPtxpmBqRqotapLcKcfTM,Cds99GeBgoCpqBsoRWu1C6fF9LiUMd4pXQQD24s9LPff,306.65408004999995,308.59049699,305.9543868436395,0.9977182980697783,0.03059543868436395,0.9993114743941425,100.52691214,73.36134847,173.6083769936291
BSCNHw8CmxbZ8hCWWzMf5FaG2ajPT6JxfznKUNuRVrn4,7n9kgNL633yGzCYksgnzHyjG73ZLBAwvEae5sbAekbzW,SscdxE99omdG9AiMVwmaEMQySQnCgeAh1sPj2Leutm2,18.621021291000034,18.572263378999196,18.68207245425537,1.0032786151898576,0.007472828981702148,1.0,4638.044419749,7064.016068572,11717.266851206823
C2ypsDADXcCRz8HbV2zX1AXPSja7a1P3xZtRC91xGhJh,J9bYNuDpY1d1T86gLaw7DGk5D3CsUAf2tzUwxMvb6FTv,A2NGvvPrMGzsJ4jb52KEnSBVmsA7C34dV1GC7PerdgvG,348.2201492309998,350.6787391710013,48441.24067379227,139.11096408627884,19.37649626951691,139.7674437457004,3459.050272123,1891.764987222,745598.9746095722
YAkoNb6HKmSxQN9L8hiBE5tPJRsniSSMzND1boHmZxe,CfWX7o2TswwbxusJ4hCaPobu2jLCb1hfXuXJQjVq3jQF,EnTrdMMpdhugeH6Ban6gYZWXughWxKtVGfCwFn78ZmY3,2466666.0018320098,2465702.271471014,2466666.0018320098,1.0,246.66660018320098,0.9941029811160197,363742.728615,1081701.454969,1439065.369677219
KwnjUuZhTMTSGAaavkLEmSyfobY16JNH4poL9oeeEvE,J63v6qEZmQpDqCD8bd4PXu2Pq5ZbyXrFcSa3Xt1HdAPQ,BnKQtTdLw9qPCDgZkWX3sURkBAoKCUYL1yahh6Mw7mRK,116.63320299998327,2295.712397999896,2.597307341227626,0.022269021808721128,0.0002597307341227626,1.0,276469.610586,598.071242,6754.779029588272
MiMy69CnJDY4V6cQWkU3HHfTyb8pqXJmhX4MisFYDnM,,,0.003065426999999999,0.004398999999999986,0.0,0.0,0.0,1.0,276469.610586,598.071242,598.071242
wrmcMSHFi3sWpAEy4rGDvQb3ezh3PhXoV2xNjgLBkKU,8p4mGnARWPBu6P2Gcw4adodLkNDorrXniZMhaY7eJXUn,AyY89zccbsgp9LKFgH4CFZMJmpSgqmPSdTfukhP227rc,0.004359209999999988,0.040502629999998874,1.2836307420494666,294.4640753828033,0.0005134522968197866,2879.935489445036,27.07844309,0.09620184,8250.683800468621
moFiBS1R4Lf3E3zzmBPnw3NF4RhWPkhREFviuzUaCAU,44ALBrpqi9PfZkBRTvbtRNtFJGsatfY4QydjtMbFWq8S,2ho8qEEie1UjVwWNBo9y4oAJZMyMLx8zPj9bxyUz6uWs,6.682385254003748,6.675561464999191,6.690426712033877,1.0012033813862065,0.0026761706848135508,1.0,27782.759329777,36638.947610633,64455.1401958449
WiiQFxXqp8P9Fs1rt9SVcDyA3KUdJmUsog6wnVQAwba,3S2jpqSYxho6wiz3cafhjXruVY8cg4HYa2v3BqBHYFSj,Dfe67M6TfrG74gKRtdqys4e6E9QirPD53BkF4FujFjuv,19.706842832999428,19.682801599000413,19.78143069558018,1.0037848712354804,0.001978143069558018,1.0,4817.330470475,22011.492276169,26847.055722173503
