0,1,2,3,4,5,6,7,8,9,10,11
KwnjUuZhTMTSGAaavkLEmSyfobY16JNH4poL9oeeEvE,J63v6qEZmQpDqCD8bd4PXu2Pq5ZbyXrFcSa3Xt1HdAPQ,BnKQtTdLw9qPCDgZkWX3sURkBAoKCUYL1yahh6Mw7mRK,261.19052299999987,11445.425408000243,6.096081867281753,0.023339598226087842,0.0006096081867281753,1.0,275847.741931,612.254391,7050.429859243106
SoN9GaFpSXfpyR5dth3x7PHPVhvJMpQqqDJfCSmPv1t,9kZ9iS68ViMPtoeqtnhAKuF2iqVyfHPdZHoUNdwCELr,BBhm5fJLjw3HRzjtKB8uMEYjGhY6EDm9co3cqpjrSzB9,0.07319771899999994,0.07179758200000008,12.905899484594238,176.31559645450494,0.005162359793837695,172.27339029036162,0.843152127,1.378176246,386.0839644899529
AUSejoEUCh2DBs9mof6BNC8Pubs22w4cJa1ccV9h44R,4xkyD7AfGQDwsQMy9MosRRNGoVJ1zosNinesxg1TzHG7,Cbm5gsQe3nSiCsFrvepVzMCD9xLK3ri9g3ypS2hdmVJ7,377.2658539999975,376.32740000000194,378.3373052484611,1.002840043001781,0.03783373052484611,1.0,13377.466494,15501.618408,28917.077482097844
Lee1XZJfJ9Hm2K1qTyeCz1LXNc1YBZaKZszvNY4KCDw,9DgFSWkPDGijNKcLGbr3p5xoJbHsPgXUTr6QvGBJ5vGN,2hNHZg7XBhuhHVZ3JDEi4buq2fPQwuWBdQ9xkH7t1GQX,1064.5399981019218,896.7368327580007,185325.64960369683,174.08988852850345,18.532564960369687,146.60830483267887,6694.328240984,53883.941422879,9065248.166957773
SoNcU2iwHMw6dGzsYNQkYFkUjwN1UdAjrWVRnStrZu2,8ivTTid27jZnYNc4w3CTA1Z6QS2twsFb8WMwUabeDJgc,CyXm53PMvHCbeXJBykU46Rcbo28xk5srhMZFg7gv6EYB,0.5583917690000035,0.5538757650000008,97.33363425162571,174.31065365797878,0.03893345370065029,172.45643146943573,15.123497953,19.568154224,6010.840861697139
C98Sspw7XqnMsgxea3SLQVdbMDL8pKUc3RE82UvX9eq2,CSqgQJurPCzGxb4Cgwx5R61hWQUiaoUHcShNc8r1cKEL,6S2CR5EnukPhC914XkAns8m5GixjMAoUuZMsS5ubHuWc,20.52330900000004,20.515453000000093,0.0,0.0,0.0,1.0,853.948375,909.829728,909.829728
ALBpShJ9NLpE739pcHDF2LNVk5J4VYPvvKuV6jMPitZi,D6d156U1bPiJpDYRLextvDRccgFk7QzkQbJg42ceKEu5,GNcM8U5g8RwTZffwwm3kSQqUNPSwv5d2fbN9sLxPJqt2,2043.6367790000004,2043.809874999999,2041.9378866782843,0.9991686916485485,0.8167751546713137,0.9992186110461618,50992.69229,49322.754476,100234.5158595159
BkMBnJpvHKtWhUvrgRrLesXfi9RUV3ELgdBaJcdH7hcY,5uerVwBnZQsuVhZ15igs7ZgmcqhHnYWbwoRtLyRqLvR,9YWiQh5d4jCtgMdzcGLv9bWgnLaFtzvDDh2nnhJdzhBX,69.23747926400006,69.66039300000011,69.70509674195463,1.0067538200830732,0.027882038696781852,1.0,917.244762381,1957.236615024,2880.676283502263
KEN5P7p3asnb23Sw6yAmJRGvijfAzso3RqfyLAQhznt,9zj4aX38Uxf3h6AUjS4EipWS8mwbEofasHAf3a1uKGds,CwQDG1MWunn9cLNwcZLd8YBacweSR7ARo32w4mLua1Yr,23056.205268001184,23056.08163299947,23048.714435809547,0.9996751055906831,2.3048714435809545,1.0,1143370.295047,1159255.309993,2302254.1304233605
KEVpg4SYCVrqFxKijQH6hm4QxsRdoE51ud64bEEFUC9,2bPenuBYfqzD8p5dFjCcggwkHDsc2RQDnx9AoyYGUBjA,AE6n6iLuX8oYu61vt5hoDYkjswpnxFxrhSehxrnQTnbx,216.8332097970001,217.28394899999967,217.33435478299796,1.0023112003298158,0.08693374191319918,1.0,1852.419104988,5793.485220498,7650.185637132405
BUSDTd9WiT6uBHJRgNvFXBsA7JrifsAtWzKfioN7ERcy,DyBxrn7gSc1EwnpWhDyhzvMHPtxpmBqRqotapLcKcfTM,Cds99GeBgoCpqBsoRWu1C6fF9LiUMd4pXQQD24s9LPff,485.4552861999999,486.95595339000005,483.57962590500216,0.9961362861867674,0.04835796259050022,0.9990708640963902,104.68825419,69.18035885,173.39984963097075
MAR3XM1n9xWPQ3HJjAcC85o8DopWFP5p2WxGTaZ3fPB,6qG7GUhER8Cg9gDEgnebph9LdS6eu2eoWcA4R7z9uizK,4QV4CwRXVMY227KkFF9voNAfwWHVvVajXSXDKbUHkWZR,0.0031790000000000013,0.1343829999999997,0.003021854500414924,0.950567631461127,1.2087418001659697e-06,0.023339598226087842,0.112326,24.260372,0.6730007950669337
KZMu9QBEdL97EFgamLbN5DE1AoKBG4HdrKKJo4Vuon3,DD4ACBWyVqdaKWh7v5btsgqQCCMwbKnuL2xd9pv7Gyuw,GcYqiJ1MAuYbNTNYXm1F1gQYTfTgkErACAhNU5dpVj9T,34.96686866999994,36.45368966000024,33.594872552150036,0.9607629687748672,0.013437949020860014,1.0,2383.29036652,716.44000181,3006.217129800297
MiMuMS9C4vBqcrYeeQPph1E7oAW9aNKvW9k6Zw9XffM,Afy2q2hh6Y474pshJa5fnQ6PfEchGyTbKrQpCZw2hr3m,5pXz9ksgjeL8Wgb37bksUaBFMLdFfsNNY3FQnikkCPtS,0.7926694390007469,0.012026306999999292,0.0,0.0,0.0,0.023339598226087842,26.019090237,7672.886734602,179.08209361988978
Sid7E679i9ABqptiAVhkmQ27YHN8vaYT4fppPwmxFsJ,GP7KB8o1bv527HG8kTzzzf4wJ5aEGHvcMQvVhLziUfmT,9gYxhAZ1M9wu5pxr8SBoa5NDm21gi3s9vMHaYTME77sa,1710.261038999999,4308.347904000009,14.734722125956175,0.008615481373867737,0.00589388885038247,0.023339598226087842,133187.845969,9662.958283,1373.0069701721523
YAkoNb6HKmSxQN9L8hiBE5tPJRsniSSMzND1boHmZxe,CfWX7o2TswwbxusJ4hCaPobu2jLCb1hfXuXJQjVq3jQF,EnTrdMMpdhugeH6Ban6gYZWXughWxKtVGfCwFn78ZmY3,2462813.916823996,2461817.8548269896,2462813.916823996,1.0,246.28139168239963,0.9991048020973208,338080.714588,1110362.325298,1447449.045861179
vEnkoSUkpnbRrPgBz9DfcVxNz67zjwMYBZraAvDDNSf,DtfyjjsZ5yCjWKLKHvwsfXs5QVsmm1QkK6Sh9JZHoq1g,e5wrKCRv4GhHvEf1VD5Pq2KGaZDXP77nTL612Jyrxwy,656.290775,656.1921439999999,655.8874042463885,0.9993853779925346,0.06558874042463886,0.9989560908850252,880.108001,1067.843383,1946.2957188127596
STK75uPSyBnEhGTTzb1nwmP3n427XoXmfRhXxxhyady,6TYyD5fUmDe6N65avW1Ny2RxzRNobw2RRgKwH9CTzSAU,54zDfk4cx2vGrEajPtodWpArNe5eUurytyxd4X3aZAxK,291.46130607899937,328.7152556249951,42712.1752277234,146.5449249587403,4.27121752277234,165.64477643338637,1600.550258491,280.271727272,280978.0651278255
CZgvH45CRmoaNJ7395Ao5CQZXkGznvqU7cErD6n7FaRg,4ZjU6MKvtqVQKCiowhvZ5yUsPxXX5SCzd5eFsPeXyey5,BsyWeshjDbCvjDojry3vKDCesmFRM37WtwcR4Kfgzqr,46.50035693999993,45.446550249999916,47.5014786279565,1.0215293334037916,0.019000591451182602,1.0,246.30186366,558.11661098,809.7211895807113
heyk4SZTeCUV6a65WiVA5bzic3KcxgVf1qxobfeV4tQ,9ZDpBKPqMABtGfq66FbVribaArMvtk63xxy91onZAtDt,DaTP4s6N7xxSPinbNZ3FB52EpRDRt87QShTuN3VPCW52,19.169165317001898,16.574237249999896,3247.8869714925613,169.43288441525831,1.2991547885970245,146.82757010649402,622.716532386,4496.248240928,765681.8620662839
ALLwa5WNZbvQsRKAqe1jdRGemdYQnW8E5k4msbRFcYtu,CGoM82Hbz7QVqTgvQatYtjvDWBvoUJp5qm21P8iMs9yb,3dxNNww8TivyN5FMy5dCNdi3Zcxv6e4kUfSPxfFwpdNq,2.3547187569999997,2.3428691289999994,6893.810220452614,2927.657581169306,2.7575240881810457,2884.812328533967,0.836740197,7.830585194,25039.457488502896
moFiBS1R4Lf3E3zzmBPnw3NF4RhWPkhREFviuzUaCAU,44ALBrpqi9PfZkBRTvbtRNtFJGsatfY4QydjtMbFWq8S,2ho8qEEie1UjVwWNBo9y4oAJZMyMLx8zPj9bxyUz6uWs,1522.4657052850016,1520.4985664369997,1524.0574171349406,1.001045482892924,0.6096229668539762,1.0,27776.083768312,36645.629995887,64450.753184611196
parEAJhzYzHW87y9VoZAQ22dzQ2MD2ekEtTReaxbMcz,3oyc6hpjYSJEquK6dSvG72NXyz3pqLZz5D8AC71pwgQb,Di2vordgFJVZ1aj1aBpvzXtLfZgJsuLLXawGtVFwX6Rz,2.2772954219999804,2.5716001149999954,327.20095592928897,143.6796266168807,0.1308803823717156,169.04133111258102,1103.327515509,139.910471013,182176.33772108948
wrmcMSHFi3sWpAEy4rGDvQb3ezh3PhXoV2xNjgLBkKU,8p4mGnARWPBu6P2Gcw4adodLkNDorrXniZMhaY7eJXUn,AyY89zccbsgp9LKFgH4CFZMJmpSgqmPSdTfukhP227rc,0.0026896399999999654,0.024382600000002697,0.8590354519322789,319.38677738741615,0.00034361418077291157,2926.286834635531,27.04154072,0.1001088,8929.65760962255
daob129AwBGn9Y5r91uLoWZeYiGzbPmksauMhFZKTze,6VW5GQNyj4LStgmxEHLr5zUfW92vQnmbw8jTnCH7a38F,4VPCCUifPeBA1c7HWK358CHn2nyjm8pdTRk6Ps3KmnMQ,6.880188409000027,6.165980884000014,1118.9008415920528,162.62648274695647,0.4475603366368211,146.8487650092287,50.44332857,221.713053188,40761.709150471404
RoBgmK8CvjdHvPrqdDyVw54VwjZv2TqJ493xnqJAQHx,ExiHJxM7qPAcy27NDHAF6G7vnW7muNHi2sVJpnaNynGQ,6rkPHSqZb7StM4HwS9EuVrmfkV7tRdc7dnsFhyB6cefE,15.158738000000255,186.91361499999996,0.0,0.0,0.0,0.9523020473541716,6196.77369,20.208502,19.24459782856087
MiMUFdSLMyCLpqpH6zkqdDrGYs7XBomwENbivdYjv9V,,,0.008960880000000004,0.013226000000000071,0.0,0.0,0.0,0.9523020473541716,6196.77369,20.208502,19.24459782856087
KysFMBBoavfov2tLpvefWW6tPFt6rAeZWDJVy1mMQae,B8ka2V21TH3x64dFV8ETcjuQcwmrciJ2qzy1mJUttRew,7fSf7EYxBANyxzk2s5pymFgshA91tFYQNKKs5UnLWcYS,149.39080699999977,198.4361950000166,0.0,0.0,0.0,0.023339598226087842,134179.061563,2859.592955,66.74175065985129
ACUSESXyNnwRLAg1dpSGMLSzUDdLjUMybY8rkXiAKhCP,AhFPQdu8GKBsxuhiH46UmCu1YpaLgNpoP325HnYtsgas,A8wxWpT3aFEr2XqZp1kDmbxbFfcBE95UUmdsNTDBJYbT,456.0780002649999,456.2596428070001,456.0780002649999,1.0,0.18243120010599997,0.9879012348269508,1045.180416672,1840.979146512,2863.8859888018706
BUSD5rCfUDpCxKGMvYU2yThChxgHoioK74PTPociGnv2,CcFHbafgYDZ8yA8Me1PdtDiVb2eeaS61LbqyKKK5CsNZ,26R9s4nmF3CFDTkiePDwRmtscn8i7r2eygbSijditJ58,94.44406039,94.45650413,94.24918606044213,0.9979366163551932,0.009424918606044212,1.0,91.64903169,56.2996366,147.75956117694847
FrnkTEL6yZ5Aycq2TrEgu29dCrwKG4LPUZydfiwqspkc,DjvZuMZ46fxKBoBpGMPcRcos4xdTtHFxwMh69DpA2ZFY,9rvDPJLAng4uVVqnnSoEXgNDFhBZQTny9AoQioYDZbQX,14.552254839000426,12.140145435999756,2565.031964335615,176.26354078553257,1.0260127857342463,146.84693204452634,172.302345649,1439.470762886,241752.4868273484
GokA1R67GqSavkd15zR62QD68Tuc5AEfvjssntVDEbM8,3YB7hfpBdbQEuZqLGWVDpRPmeZWCUsrrWyqGXegnQ6Cg,4DPCj6Z1DsG6HUtwSogBGqXEUxdEV5a8YVrrFtcnz7UW,4782.974860000002,4783.655110999996,4782.716593303964,0.9999460029158426,0.4782716593303964,1.0,17647.445128,14773.104265,32419.59648242026
TSMFNX73aQNb3yqszDKgyR8AVoigfbaD4cfLjjCYXZf,C5uYkVHiFduEFq8S3fr4pgUS24oYj1sjZ8WW2cb4j8SU,3F5DPU5ScgHiFzePYUHZovvgh3uqmM5keNvbavx2ERqV,79.15751300000011,126.895795000004,0.0,0.0,0.0,0.05616386954683227,2998.681215,82215.148803,4617.520892145096
ercAoEmXjQzEvAFbdjAo81KtMxRGn9AW1ju882upmPH,CMRhskR2Eg6V42RTSdRTXGdozyPbWB8U9dVpijPWb9T4,7TKLLgrWswt6ZJ1pXhVR3FyufHGjJFqiEXxvWJfDcgRm,134.566581333,128.980227334,19762.4163443462,146.85976375844683,7.90496653773848,132.41136184820837,51.808086678,379.198729825,57818.7435975473
SAMyS8Jr2HJrkFwYVKbpUwsNStnQmvz3f8Tup8bWUWF,6jPzm5TFfquvgm25sTyN3MMGBfufRaFHMxobDWv6hMFW,Cj9ECoDmxsHTDzCY5ZA6RWrPbg9uFzEC1Qc2kso2vJG6,1276.2069597899826,29.98892352000007,1226.1323874589714,0.9607629687748672,0.4904529549835886,0.023307961701794968,514.37389467,107478.70522607,2999.30093527119
BUSDgu5JdqP1rndBvXvanbEufS94FNh1w5FJcAj6vawb,Bgzr8cWubt89JQFXndVjtdKmDbGzuPxNhvjH1EhWCwbo,Dxaf8xPBBQsasRKW5Aa4Sw2YrbfGofY9xZueyyF23FBW,7227.62275868,7247.444019579996,7210.621770987021,0.9976477760031731,2.8842487083948085,1.0,8862.20285928,6224.62595678,15065.982929829654
JSoLLrxK5bYdHwTEWYaGgmeycBCNXKDiBCTw5hXGBg7,xG4wXczA7Dk4hccJ61CHKpDHW4NrNfQwgmWgkb9BuF2,BVR6WgfhsRr9Lob4QDnkEAiNGgAbv7ZieKcY9kSg3QYR,0.2509513339999785,0.2131201200000028,43.27817153413076,172.45643146943573,0.017311268613652307,146.88720311342115,17.102304868,164.628669376,27131.247264362406
BSCuChvaSj9b5HUSqgDVRzcnr2sSn7cXaamt1jbKH6hn,GnKpRj5kBVPMJfiwZtEuD9GYApLzPdW5JFuZTcyX4BTc,3dmwD9okkomV9nDwyuh4UMhKdUR13QpuKxRo89ycZB5t,115.37547119199985,115.16600370100014,115.56538371628388,1.0016460389918407,0.04622615348651355,0.9994353190447398,1320.32107964,1681.365715435,3002.9106598555036
RajgMbScQbqqrdJfR2rxfHJiTiY5b6bJ2tTXiF4aPxy,725ZA3fhyBAKb5iopNRrcbSuQa3LXA1656Q3mBvYPxeg,GLA6i1dSZpUfk2f9Nj8uiG7xyDdAR2reff8oEiZH3617,1738.5503436199942,1739.6342272699985,1735.35742478698,0.998163459088354,0.694142969914792,1.0,129817.38659708,54108.31860515,183687.2902607015
MiMy69CnJDY4V6cQWkU3HHfTyb8pqXJmhX4MisFYDnM,,,0.003065426999999999,0.004398999999999986,0.0,0.0,0.0,1.0,129817.38659708,54108.31860515,54108.31860515
WiiQFxXqp8P9Fs1rt9SVcDyA3KUdJmUsog6wnVQAwba,3S2jpqSYxho6wiz3cafhjXruVY8cg4HYa2v3BqBHYFSj,Dfe67M6TfrG74gKRtdqys4e6E9QirPD53BkF4FujFjuv,7521.258021769001,7507.217912764,7547.308091505707,1.0034635256045343,0.7547308091505708,1.0,4836.988255653,21991.760416915,26845.501705240287
MATgk4zXLXtYkwBH678J1xZbRDZ45LicNzkRBHkxTuY,y8dALFo1bJrSzPYjMX14HJX448pXqYmrfXHD1K8MXih,GN7Yuet3UyiWS5YVkEHv6oQKi4HGBJc3XDPt9zQhAqZz,2130.8803640000006,2133.6844730000003,2130.818570261463,0.9999710008409756,0.8523274281045852,1.0,4291.600789,3773.863847,8065.34018318625
4vezWG46exH6pf9nry3n1VJ7hZHvjBJNgNeF4qEFCML5,,,0.002703000000000344,0.0026729999999997034,0.0,0.0,0.0,1.0,4291.600789,3773.863847,3773.863847
SEQV6QiTpvTzrceiaYg9Avnwf7oc8ZALpnQMz6TyT4A,3dFMPj4r9mMmPHF32mz1gNDX7f8ftidWof7S8YiYTs1j,Fc1ED3YPeQfXQosHbd8DTaBd2AV5gHQtwiSAL5C5pUhi,789.7011385960004,789.9891617599997,788.8366005022943,0.9989052338265041,0.31553464020091776,0.9994882620098509,3206.787240457,2340.169119223,5542.248124041869
MATSnbbiTCv7Dc3trJrkrqjx7ckKdr6fwPoVwv9q3sD,631WX9JizSHJm4w6VanZeJAst9T8DeUUnPLesdGkCVtK,211maUSfpnXbPuW1iBu8b4dtJv5EbN1j7JJiEX5TZKEP,2424.4711790000038,2422.793599000004,2426.215628036562,1.0007195173329624,0.9704862512146248,0.998989023108614,20192.986375,25364.4263,45546.299029848524
MARpDPs5A7XiyCWPNH8GsMWPLxmwNn9SBmKvPa9LzgA,6YjT74rmcfCpw8LSjPNx5JTmZoYLGrTKnf9arfSgZ4SR,F8GSmi3vA8M8TsybLya1LQ4n1aFHCRbZ6k437PeTdXtg,13106.515211999982,13804.387018000258,12416.693393813292,0.9473680221608328,4.966677357525317,1.0,296656.282324,15508.776627,296551.45207387354
BSC8REUo9LpiiWUuqMuLXs2D2yJsJfGd4HdiF3wCLxk5,AZjEH1zWVx1UJ6udMyRijGTzPteuLnaY18yNNmprJEsh,Caf8ypkSVR8xYnXNhjvfvdGCC7mrM3C11rz8Xi6NA6aK,55.10684872500042,55.00936979900007,55.19711715203987,1.0016380618585163,0.02207884686081595,1.0,2648.04509091,3562.138747061,6214.521499634051
B2izdXFYb2sNwbWWHmh75T4aQFtfXsUxem9u2p61HGzf,4DYwgJtxwuJdAjkj5RJSNH4e7U329V5cNp7d3a1nLrZv,EXNW64GEf1ACC6xY9BtKRiunrs6GoJSXBdxWN2eTPmrF,1947.5203409999813,1931.099661999995,1950.7077975411637,1.0016366743258485,0.19507077975411638,1.0,11070.445795,28653.217474,39741.78198340838
C2ypsDADXcCRz8HbV2zX1AXPSja7a1P3xZtRC91xGhJh,J9bYNuDpY1d1T86gLaw7DGk5D3CsUAf2tzUwxMvb6FTv,A2NGvvPrMGzsJ4jb52KEnSBVmsA7C34dV1GC7PerdgvG,104.29063004300042,104.96908989899885,15296.833643942266,146.67505256833886,6.118733457576907,147.1708031964321,2926.487929937,1672.858140343,675438.6471120877
Cob4usZcpHEY7Qt4ZCwj6WVg9S44zvzYV2v9qYF65dTf,NhFM9UXE48PyNAyeyPYA3iXztqKVJwA4bTdLj4ysM8w,6TuFuynuBoeskxyR2cz4wxyidk8dpDK7kAWw3UkjQGx,228.97162599999726,7795.34528099999,1.972700778947186,0.008615481373867737,0.0007890803115788744,1.0,71611.294384,182.309735,799.2755079239112
HEDSDjj84KS7LKhZY7ejkCACTdPen62rKhCby1wXtgxc,EnnjMSFttpCTywBrYNt1J5QQeoSVkvzPipJDa8Y7kJow,6bjVT6JN2rSvpyn9PdfLYC8wJn4LWh49jpY47fnLDXZk,13.172583612997187,13.591450890011401,12.762363103388596,0.9688580067767547,0.005104945241355439,1.0,38850.414595061,9038.262448797,46678.79769581835
KEnkcdADoLR5jS2CLLLesy8TtFsyWL37BhXNfDMzWzP,3qsjFRuw1qeLMPo4DLwaQevenGAGBj9dA3Q6rb8ax2YR,77iEv8zPQAEyCcEbvBRSB6AFcUdfkhiqnAKtPxk76rNN,1.7844709999999955,2.7051589999999934,0.015374076662707094,0.008615481373867737,6.149630665082838e-06,0.9990778511433946,119.371175,0.296798,1.3249644428528633
AURHmCnNwiW4uA2Qj1XvEh4iKgRUZYXtiY7FKAapUV5Y,BKWm4TRnTeKwfWXRyuzjRHU7iZDkPuXBX5b5V5jSVfGJ,A5Ww74HVrkj9nPeC7pHKLfgeDMEhBCpW1efQdz3TGLEg,0.00119252499985123,0.0011141690001181814,0.1951471959696984,163.6420167242141,7.805887838787936e-05,146.7959292901624,289.9322924,1795.283025419,310985.3450970469
Lid8SLUxQ9RmF7XMqUA8c24RitTwzja8VSKngJxRcUa,4PgzyzLtds9bKZ2to9PMnKqJzKEUpjvNUaeN23phegax,AtymwxoVN9peZo7EXTcDz9jKVc4vRmisJKKrNfe3ewBa,30.115785201999643,25.455218930999877,5231.945602735106,173.72768359324442,0.5231945602735106,146.814205155234,966.694589987,7676.56736703,1294970.7481716794
TETFuZgEmET6d9vYmz9iMFCxK1jKdKYxf3oPz8hSzJK,Eu1Ze6Z84LWNkq7SNoAHBJbXx5t1P95EwyqYohrfCRFV,ASMbv7WNu3qe4pkhREmvyEdwFNDZQ6B6iSrjkj4u8bdC,131.40906928200002,131.24981273499998,132.05860905887596,1.0049428839305,0.05282344362355039,0.9993194634453938,37.487461682,214.148030455,251.67505274612162
