0,1,2,3,4,5,6,7,8,9,10,11
RajgMbScQbqqrdJfR2rxfHJiTiY5b6bJ2tTXiF4aPxy,725ZA3fhyBAKb5iopNRrcbSuQa3LXA1656Q3mBvYPxeg,GLA6i1dSZpUfk2f9Nj8uiG7xyDdAR2reff8oEiZH3617,1759.2601244100078,1761.3259794199985,1756.3537102902196,0.998347933839083,0.7025414841160879,1.0,133371.7014008,50556.49909891,183707.8616250018
KysFMBBoavfov2tLpvefWW6tPFt6rAeZWDJVy1mMQae,B8ka2V21TH3x64dFV8ETcjuQcwmrciJ2qzy1mJUttRew,7fSf7EYxBANyxzk2s5pymFgshA91tFYQNKKs5UnLWcYS,22.15784799999983,29.599084999994375,0.0,0.0,0.0,0.02020948954770253,134495.331138,2617.264443,52.893578404381984
NorjjEePhxfwLF4vZjUHCrVVKLzQjEEGQFd3wgjEJmh,34M8pFVqgbV7aqHxvRT5tCv3vu2P1JJYT8J3VaxBK2oG,3AZWBSze3ucsY3xSeuLne3b2pauVqiaJ1SZSV5T9WGWw,1.2169880000001285,2.10141300000123,0.7047910045311667,0.579127324617081,0.0002819164018124667,1.0,38233.018432,2194.96729,24336.752966559707
KwnjUuZhTMTSGAaavkLEmSyfobY16JNH4poL9oeeEvE,J63v6qEZmQpDqCD8bd4PXu2Pq5ZbyXrFcSa3Xt1HdAPQ,BnKQtTdLw9qPCDgZkWX3sURkBAoKCUYL1yahh6Mw7mRK,190.86342300004878,8414.166776000111,4.008403656777357,0.021001423917543033,0.0004008403656777357,1.0,277374.474303,578.375118,6403.63403674295
MARpDPs5A7XiyCWPNH8GsMWPLxmwNn9SBmKvPa9LzgA,6YjT74rmcfCpw8LSjPNx5JTmZoYLGrTKnf9arfSgZ4SR,F8GSmi3vA8M8TsybLya1LQ4n1aFHCRbZ6k437PeTdXtg,13768.347230999985,14531.412273000653,13013.30241176686,0.9451608238399805,5.205320964706744,1.0,297437.068349,14743.061555,295868.92611628945
7dwD9TF6uikvHXxPFK9AsSim54yJoujQjY9vU6gNFumk,CquVr6atkvwueDYficKjn6SSEWq4F4rH4VSiBbW4GBWU,8BCa6ge3b7ho3TfZuM64Vk1hgbrJ3J7EPiAb9uP86CGd,0.00097342,0.0009797550000000006,0.16748615738316772,172.0594988629448,6.69944629532671e-05,172.63616634461388,0.003827876,0.003680437,1.2939989604223654
Cob4usZcpHEY7Qt4ZCwj6WVg9S44zvzYV2v9qYF65dTf,NhFM9UXE48PyNAyeyPYA3iXztqKVJwA4bTdLj4ysM8w,6TuFuynuBoeskxyR2cz4wxyidk8dpDK7kAWw3UkjQGx,188.01301500000017,1393.7720209999957,1.6578463881153778,0.00881772141208084,0.0006631385552461511,1.0,71197.284974,185.880865,813.6786891972612
CZgvH45CRmoaNJ7395Ao5CQZXkGznvqU7cErD6n7FaRg,4ZjU6MKvtqVQKCiowhvZ5yUsPxXX5SCzd5eFsPeXyey5,BsyWeshjDbCvjDojry3vKDCesmFRM37WtwcR4Kfgzqr,62.012155080000184,60.32808412999998,64.08971615939542,1.0335024815169709,0.025635886463758167,1.0,205.78600014,599.68628119,812.3666229961418
HEDSDjj84KS7LKhZY7ejkCACTdPen62rKhCby1wXtgxc,EnnjMSFttpCTywBrYNt1J5QQeoSVkvzPipJDa8Y7kJow,6bjVT6JN2rSvpyn9PdfLYC8wJn4LWh49jpY47fnLDXZk,8.584983773998829,8.866598738990433,8.315132142013749,0.9685670189846631,0.0033260528568054993,0.9999490815928163,39079.650292194,9088.341247824,46939.13887043718
SAMGk1Nd4haC8zQA63DG37pzuEZy8j4q13tSFtCbcRE,9U9TnkHD3jXMAVZtynCVLgDruuqN4pTvLJTmVHCLWS8g,C6zoEbvqSknmi96QWq96UBiPCyNW3YSTvKhavR2BfifE,0.6941663500000002,1.5870620199999763,1.4006754520837623,2.017780683381962,0.000560270180833505,0.0,53.64118392,1.13876514,108.23614474751511
Lee1XZJfJ9Hm2K1qTyeCz1LXNc1YBZaKZszvNY4KCDw,9DgFSWkPDGijNKcLGbr3p5xoJbHsPgXUTr6QvGBJ5vGN,2hNHZg7XBhuhHVZ3JDEi4buq2fPQwuWBdQ9xkH7t1GQX,1048.2746526868505,883.7634134899863,179508.70529308342,171.24205458271993,17.950870529308343,145.64586586394432,6724.592493334,53843.953893543,8993682.321153417
heyk4SZTeCUV6a65WiVA5bzic3KcxgVf1qxobfeV4tQ,9ZDpBKPqMABtGfq66FbVribaArMvtk63xxy91onZAtDt,DaTP4s6N7xxSPinbNZ3FB52EpRDRt87QShTuN3VPCW52,66.89749893100543,57.79044766900006,11274.854303043925,168.53925009471905,4.50994172121757,144.472614999118,618.059736088,4501.548619163,754517.8249901588
parEAJhzYzHW87y9VoZAQ22dzQ2MD2ekEtTReaxbMcz,3oyc6hpjYSJEquK6dSvG72NXyz3pqLZz5D8AC71pwgQb,Di2vordgFJVZ1aj1aBpvzXtLfZgJsuLLXawGtVFwX6Rz,3.59842863099999,4.256964639999751,512.5983505359048,142.4506091686625,0.20503934021436196,163.63186822267483,1103.705966104,139.584367123,180064.0379816182
BSCuChvaSj9b5HUSqgDVRzcnr2sSn7cXaamt1jbKH6hn,GnKpRj5kBVPMJfiwZtEuD9GYApLzPdW5JFuZTcyX4BTc,3dmwD9okkomV9nDwyuh4UMhKdUR13QpuKxRo89ycZB5t,8.901546446999873,8.894363514000133,8.912055078922073,1.0011805400314169,0.0035648220315688296,0.9959554250189978,1455.963757589,1656.983871986,3107.9646575625675
MATgk4zXLXtYkwBH678J1xZbRDZ45LicNzkRBHkxTuY,y8dALFo1bJrSzPYjMX14HJX448pXqYmrfXHD1K8MXih,GN7Yuet3UyiWS5YVkEHv6oQKi4HGBJc3XDPt9zQhAqZz,1555.2097010000007,1550.8471600000005,1557.9563780945814,1.0017661136583798,0.6231825512378326,1.0,3263.808992,4800.601898,8070.175147639115
ZUCKWFa4LTL833dPhhpeeRWZcaAEoMeYJPi2iKn4F8N,7eEYpq6ShaJ9opZWMxitRFrdCHh6vfyHhGfoSvFht3N2,H8VggnHmuwd1wvwpT8eg9cUJFEfZ7HAaeYjgXrSm7A2u,0.0011889080001310504,0.0011889080001310504,0.0011902402670081595,1.0011205802946588,4.760961068032638e-07,0.9999492965709682,1849.447104349,1997.705809944,3849.1240777393864
ALBpShJ9NLpE739pcHDF2LNVk5J4VYPvvKuV6jMPitZi,D6d156U1bPiJpDYRLextvDRccgFk7QzkQbJg42ceKEu5,GNcM8U5g8RwTZffwwm3kSQqUNPSwv5d2fbN9sLxPJqt2,505.5039160000015,506.3654710000046,503.90251381110977,0.9968320676888848,0.20156100552444395,0.9982351203072967,55253.263588,45061.723257,100060.4197256905
Lid8SLUxQ9RmF7XMqUA8c24RitTwzja8VSKngJxRcUa,4PgzyzLtds9bKZ2to9PMnKqJzKEUpjvNUaeN23phegax,AtymwxoVN9peZo7EXTcDz9jKVc4vRmisJKKrNfe3ewBa,72.59109615899263,61.40099721399872,12496.08522600679,172.1434981314684,1.249608522600679,145.47758910465964,969.712484659,7672.969212284,1283174.761568314
DFWzVTzNBrQZLjoQ4yQwkj9HuoXmfkuZP9V5vbymZe23,DhgiEgiNdqZdRdo195UUHnoEJUtefK8buko8nU97XJUZ,2K2kkXsouBHtWVjtcgkyiXd8eP3oVBvq1bTJzcVdLLr2,913.6425103850052,899.7404939999979,900.5257636929675,0.9856434584173297,0.360210305477187,0.9999491625845741,44562.391123525,23439.799135838,67361.23681936873
daob129AwBGn9Y5r91uLoWZeYiGzbPmksauMhFZKTze,6VW5GQNyj4LStgmxEHLr5zUfW92vQnmbw8jTnCH7a38F,4VPCCUifPeBA1c7HWK358CHn2nyjm8pdTRk6Ps3KmnMQ,7.583379719999925,6.769755257000028,1219.773744345768,160.84830107198957,0.48790949773830716,145.34260522259584,47.748805291,224.702729816,40339.19436136108
SoNcU2iwHMw6dGzsYNQkYFkUjwN1UdAjrWVRnStrZu2,8ivTTid27jZnYNc4w3CTA1Z6QS2twsFb8WMwUabeDJgc,CyXm53PMvHCbeXJBykU46Rcbo28xk5srhMZFg7gv6EYB,1.064138741000015,1.0543904470000047,182.8454466680702,171.82481909853485,0.07313817866722808,166.6739725424631,15.305559781,19.381334025,5860.238975691292
SoN9GaFpSXfpyR5dth3x7PHPVhvJMpQqqDJfCSmPv1t,9kZ9iS68ViMPtoeqtnhAKuF2iqVyfHPdZHoUNdwCELr,BBhm5fJLjw3HRzjtKB8uMEYjGhY6EDm9co3cqpjrSzB9,0.3129097060000019,0.3066759569999995,54.52647274850064,174.25625253216117,0.021810589099400257,170.57182327462763,1.524740912,2.457932446,684.9496562076749
moFiBS1R4Lf3E3zzmBPnw3NF4RhWPkhREFviuzUaCAU,44ALBrpqi9PfZkBRTvbtRNtFJGsatfY4QydjtMbFWq8S,2ho8qEEie1UjVwWNBo9y4oAJZMyMLx8zPj9bxyUz6uWs,29495.948750307994,29368.047928130007,29595.504149255044,1.0033752228073698,11.838201659702019,0.9999484066620098,22132.422870883,42300.92994311,64505.872226273306
KEN5P7p3asnb23Sw6yAmJRGvijfAzso3RqfyLAQhznt,9zj4aX38Uxf3h6AUjS4EipWS8mwbEofasHAf3a1uKGds,CwQDG1MWunn9cLNwcZLd8YBacweSR7ARo32w4mLua1Yr,50626.056281999685,50624.7708060001,50630.61303717303,1.0000900081007291,5.063061303717304,1.0,1144744.630588,1144428.032685,2289275.699563019
MAR3XM1n9xWPQ3HJjAcC85o8DopWFP5p2WxGTaZ3fPB,6qG7GUhER8Cg9gDEgnebph9LdS6eu2eoWcA4R7z9uizK,4QV4CwRXVMY227KkFF9voNAfwWHVvVajXSXDKbUHkWZR,0.22994699999999924,0.0051129999999999926,0.21734388040684738,0.9451911980014878,8.693755216273895e-05,0.021005728661314785,0.112218,24.264778,0.6157668085523714
BSCNHw8CmxbZ8hCWWzMf5FaG2ajPT6JxfznKUNuRVrn4,7n9kgNL633yGzCYksgnzHyjG73ZLBAwvEae5sbAekbzW,SscdxE99omdG9AiMVwmaEMQySQnCgeAh1sPj2Leutm2,1.4716484470000069,1.48028843100019,1.4802219011326987,1.005825748771841,0.0005920887604530796,0.9999536971440538,3928.584187354,7776.066950153,11727.17802790373
GokA1R67GqSavkd15zR62QD68Tuc5AEfvjssntVDEbM8,3YB7hfpBdbQEuZqLGWVDpRPmeZWCUsrrWyqGXegnQ6Cg,4DPCj6Z1DsG6HUtwSogBGqXEUxdEV5a8YVrrFtcnz7UW,8470.899798000002,8471.110620999994,8471.060748154216,1.0000190003610068,0.8471060748154217,1.0,16942.830059,15474.692676,32417.844654887595
C98Sspw7XqnMsgxea3SLQVdbMDL8pKUc3RE82UvX9eq2,CSqgQJurPCzGxb4Cgwx5R61hWQUiaoUHcShNc8r1cKEL,6S2CR5EnukPhC914XkAns8m5GixjMAoUuZMsS5ubHuWc,116.16728499999988,116.14324399999998,0.0,0.0,0.0,1.0,858.145492,905.576008,905.576008
JSoLLrxK5bYdHwTEWYaGgmeycBCNXKDiBCTw5hXGBg7,xG4wXczA7Dk4hccJ61CHKpDHW4NrNfQwgmWgkb9BuF2,BVR6WgfhsRr9Lob4QDnkEAiNGgAbv7ZieKcY9kSg3QYR,0.8975709400000937,0.7634262840000154,152.48251473826107,169.88352445796113,0.060993005895304445,145.4450465707767,17.091388567,164.638281755,26849.367884831096
WiiQFxXqp8P9Fs1rt9SVcDyA3KUdJmUsog6wnVQAwba,3S2jpqSYxho6wiz3cafhjXruVY8cg4HYa2v3BqBHYFSj,Dfe67M6TfrG74gKRtdqys4e6E9QirPD53BkF4FujFjuv,2198.5047703120017,2203.0685254369964,2191.1442587975503,0.9966520375057423,0.21911442587975505,0.9996171476320741,21830.169847364,4994.45980587,26749.630922578563
RoBgmK8CvjdHvPrqdDyVw54VwjZv2TqJ493xnqJAQHx,ExiHJxM7qPAcy27NDHAF6G7vnW7muNHi2sVJpnaNynGQ,6rkPHSqZb7StM4HwS9EuVrmfkV7tRdc7dnsFhyB6cefE,15.57850500000038,14.520937000000362,0.0,0.0,0.0,0.9257879149497159,6284.471008,18.636944,17.25385752679462
HDSBGqAuMRr6X2AfmmbXQPpRgU6VEhtfNVVZ3wUTZXg,DCZ1d8kNLgDcdSd99y4udLgwq46mfDXNS9KXj96kQf5L,Fq8GGYQM5Pz3q7LmVMbrXHJgsxA5ev86kTq8yGgGuYsa,821.7726549920008,827.4225432109997,816.0590672125155,0.9930472403227619,0.32642362688500626,0.9997401465413708,13521.842706439,12881.252809931,26305.734155544575
B2izdXFYb2sNwbWWHmh75T4aQFtfXsUxem9u2p61HGzf,4DYwgJtxwuJdAjkj5RJSNH4e7U329V5cNp7d3a1nLrZv,EXNW64GEf1ACC6xY9BtKRiunrs6GoJSXBdxWN2eTPmrF,5852.428481999988,5796.360235999991,5904.119044232241,1.008832327023087,0.5904119044232241,1.0,10617.993396,29314.93118,40026.70616600245
STK75uPSyBnEhGTTzb1nwmP3n427XoXmfRhXxxhyady,6TYyD5fUmDe6N65avW1Ny2RxzRNobw2RRgKwH9CTzSAU,54zDfk4cx2vGrEajPtodWpArNe5eUurytyxd4X3aZAxK,487.7432751869998,548.1314787640005,70923.62742341486,145.41179967314338,7.092362742341487,163.85303693411305,1742.491745084,306.712664602,303634.66212945234
SQDY9uoDoCbNq7F3HAHYYQZbrUzpKxDtdWLvYcqBLak,GiehZ4X2uQjhEKuxSm3ACmEFrabxh3RTvjbLfLjw1xGX,rxDQYV77NKRKYxCjq4cECX3QQsiSyLv1T1FT2X3zNA2,15.092673461999993,15.06566224400001,15.124610938323407,1.0021160913872433,0.0060498443753293635,0.9994888094494294,169.752361165,236.869638935,406.86012608828486
AURHmCnNwiW4uA2Qj1XvEh4iKgRUZYXtiY7FKAapUV5Y,BKWm4TRnTeKwfWXRyuzjRHU7iZDkPuXBX5b5V5jSVfGJ,A5Ww74HVrkj9nPeC7pHKLfgeDMEhBCpW1efQdz3TGLEg,0.008914308000100846,0.008358697999881315,1.4252375687094334,159.882019859905,0.0005700950274837735,145.3402815677275,289.936190924,1795.278647228,307281.8879160626
BUSDgu5JdqP1rndBvXvanbEufS94FNh1w5FJcAj6vawb,Bgzr8cWubt89JQFXndVjtdKmDbGzuPxNhvjH1EhWCwbo,Dxaf8xPBBQsasRKW5Aa4Sw2YrbfGofY9xZueyyF23FBW,6078.119372349998,6095.864282799999,6066.429181324709,0.9980766763024648,2.426571672529884,1.0,8770.48408303,6305.10356284,15058.719165994253
KEVpg4SYCVrqFxKijQH6hm4QxsRdoE51ud64bEEFUC9,2bPenuBYfqzD8p5dFjCcggwkHDsc2RQDnx9AoyYGUBjA,AE6n6iLuX8oYu61vt5hoDYkjswpnxFxrhSehxrnQTnbx,508.5985435970015,508.53351062499996,508.5508232219536,0.9999061728043687,0.20342032928878143,0.9954657490776633,3189.190906749,4454.903453728,7623.5954775438995
C2ypsDADXcCRz8HbV2zX1AXPSja7a1P3xZtRC91xGhJh,J9bYNuDpY1d1T86gLaw7DGk5D3CsUAf2tzUwxMvb6FTv,A2NGvvPrMGzsJ4jb52KEnSBVmsA7C34dV1GC7PerdgvG,1204.180733958006,1211.4344200179953,174156.42394794806,144.6264825841513,69.66256957917923,145.30209977517407,3832.786282773,2217.945981148,876594.6068229564
SAMyS8Jr2HJrkFwYVKbpUwsNStnQmvz3f8Tup8bWUWF,6jPzm5TFfquvgm25sTyN3MMGBfufRaFHMxobDWv6hMFW,Cj9ECoDmxsHTDzCY5ZA6RWrPbg9uFzEC1Qc2kso2vJG6,1426.2161731000276,105.25069812000902,1366.4118124205038,0.9580678148183295,0.5465647249682016,0.020944536166386245,485.32110148,108735.8801961,2742.3931025312263
BUSDTd9WiT6uBHJRgNvFXBsA7JrifsAtWzKfioN7ERcy,DyBxrn7gSc1EwnpWhDyhzvMHPtxpmBqRqotapLcKcfTM,Cds99GeBgoCpqBsoRWu1C6fF9LiUMd4pXQQD24s9LPff,604.1504743500002,605.6219419800002,603.6969228888031,0.9992492740129268,0.06036969228888031,0.9909211801474889,81.38315117,72.71848316,153.3803398749493
MATSnbbiTCv7Dc3trJrkrqjx7ckKdr6fwPoVwv9q3sD,631WX9JizSHJm4w6VanZeJAst9T8DeUUnPLesdGkCVtK,211maUSfpnXbPuW1iBu8b4dtJv5EbN1j7JJiEX5TZKEP,1640.9899540000079,1639.8898879999942,1627.2317098928636,0.9916158876697522,0.6508926839571454,0.9912296004948219,20357.03681,25198.361006,45163.72243977565
FrnkTEL6yZ5Aycq2TrEgu29dCrwKG4LPUZydfiwqspkc,DjvZuMZ46fxKBoBpGMPcRcos4xdTtHFxwMh69DpA2ZFY,9rvDPJLAng4uVVqnnSoEXgNDFhBZQTny9AoQioYDZbQX,31.670766378999133,26.4047066629999,5406.215337814416,170.70048994454626,2.162486135125766,143.83164333549607,172.52761693,1439.165267395,236448.05417970745
Dg3mAgpwDfVNnbGWcsxL8sUcSkEbjSJQhKAWNigG44Ju,EATxwd8YA2wV93VJcKMmH2Kn2Y9XfJVUB9hHVu3udwEy,GiGvrRi7NMHfHKanG2B8xyCEqe8jaafWins8bhrLVEaa,0.003522915999999987,0.0035602189999999756,0.6040861063570111,171.47332106613194,0.00024163444254280441,169.50813147457498,0.198682023,0.260927835,78.29805608050383
wrmcMSHFi3sWpAEy4rGDvQb3ezh3PhXoV2xNjgLBkKU,8p4mGnARWPBu6P2Gcw4adodLkNDorrXniZMhaY7eJXUn,AyY89zccbsgp9LKFgH4CFZMJmpSgqmPSdTfukhP227rc,0.008841840000001669,0.04076100000000639,2.757903930131525,311.91515907673113,0.00110316157205261,2977.1651433505017,27.06287551,0.0978105,8732.519131029105
KZMu9QBEdL97EFgamLbN5DE1AoKBG4HdrKKJo4Vuon3,DD4ACBWyVqdaKWh7v5btsgqQCCMwbKnuL2xd9pv7Gyuw,GcYqiJ1MAuYbNTNYXm1F1gQYTfTgkErACAhNU5dpVj9T,31.715608910000014,33.11112572999991,30.385704124036454,0.9580678148183295,0.012154281649614582,1.0,2405.87839357,694.73875571,2999.7334109562426
YAkoNb6HKmSxQN9L8hiBE5tPJRsniSSMzND1boHmZxe,CfWX7o2TswwbxusJ4hCaPobu2jLCb1hfXuXJQjVq3jQF,EnTrdMMpdhugeH6Ban6gYZWXughWxKtVGfCwFn78ZmY3,6517007.582976011,6515801.326391987,6517007.582976011,1.0,651.700758297601,0.9941089105958092,485737.565055,964143.221894,1444200.9330303778
AUSejoEUCh2DBs9mof6BNC8Pubs22w4cJa1ccV9h44R,4xkyD7AfGQDwsQMy9MosRRNGoVJ1zosNinesxg1TzHG7,Cbm5gsQe3nSiCsFrvepVzMCD9xLK3ri9g3ypS2hdmVJ7,227.81714199999988,227.6574240000009,227.91879378202668,1.0004461990047562,0.02279187937820267,1.0,14262.729725,14614.679189,28883.7729298084
vEnkoSUkpnbRrPgBz9DfcVxNz67zjwMYBZraAvDDNSf,DtfyjjsZ5yCjWKLKHvwsfXs5QVsmm1QkK6Sh9JZHoq1g,e5wrKCRv4GhHvEf1VD5Pq2KGaZDXP77nTL612Jyrxwy,756.1204409999999,756.0867850000002,745.8817225939526,0.9864588789684007,0.07458817225939528,0.9963990139635358,869.325806,1078.129805,1931.8016346717604
ALLwa5WNZbvQsRKAqe1jdRGemdYQnW8E5k4msbRFcYtu,CGoM82Hbz7QVqTgvQatYtjvDWBvoUJp5qm21P8iMs9yb,3dxNNww8TivyN5FMy5dCNdi3Zcxv6e4kUfSPxfFwpdNq,8.586162192,8.356356853999996,25570.035414991515,2978.0517585395637,10.228014165996607,2986.5188538935245,2.215267955,6.440815668,25832.80005595891
Sid7E679i9ABqptiAVhkmQ27YHN8vaYT4fppPwmxFsJ,GP7KB8o1bv527HG8kTzzzf4wJ5aEGHvcMQvVhLziUfmT,9gYxhAZ1M9wu5pxr8SBoa5NDm21gi3s9vMHaYTME77sa,804.031253000001,1914.1884040000004,7.017218126424628,0.008727543985687107,0.002806887250569851,0.020631626091719917,130147.123118,10857.084835,1359.864056384783
