0,1,2,3,4,5,6,7,8,9,10,11
BSC8REUo9LpiiWUuqMuLXs2D2yJsJfGd4HdiF3wCLxk5,AZjEH1zWVx1UJ6udMyRijGTzPteuLnaY18yNNmprJEsh,Caf8ypkSVR8xYnXNhjvfvdGCC7mrM3C11rz8Xi6NA6aK,42.81736779799985,42.92886200000021,42.906429918868916,1.0020800466130761,0.017162571967547568,0.9999878801468925,2593.035721111,3617.245595786,6215.631111581008
MATgk4zXLXtYkwBH678J1xZbRDZ45LicNzkRBHkxTuY,y8dALFo1bJrSzPYjMX14HJX448pXqYmrfXHD1K8MXih,GN7Yuet3UyiWS5YVkEHv6oQKi4HGBJc3XDPt9zQhAqZz,583.8975100000011,583.9503310000005,583.9559055905602,1.000100010001,0.23358236223622406,1.0,4213.84098,3850.740695,8065.003101240623
BUSD5rCfUDpCxKGMvYU2yThChxgHoioK74PTPociGnv2,CcFHbafgYDZ8yA8Me1PdtDiVb2eeaS61LbqyKKK5CsNZ,26R9s4nmF3CFDTkiePDwRmtscn8i7r2eygbSijditJ58,149.74790098,149.59382636,149.7328498339347,0.9998994901032549,0.01497328498339347,1.0,45.0708498,102.93165577,147.99797550354037
FrnkTEL6yZ5Aycq2TrEgu29dCrwKG4LPUZydfiwqspkc,DjvZuMZ46fxKBoBpGMPcRcos4xdTtHFxwMh69DpA2ZFY,9rvDPJLAng4uVVqnnSoEXgNDFhBZQTny9AoQioYDZbQX,17.35200097499947,14.46276765999994,3025.6902878694223,174.37126082627566,1.2102761151477688,145.29929184031144,172.434552227,1439.305400057,239197.68565205453
DA1mL7dfBow33EH5yjUuZE6SH2KeUK5zEXzsyhE5r5j5,B4UtLRZND3D83CitRCBUyeiNr7H8m7YFRqBmiPmXjhW4,AAmpYbuixWiSqDaJBCqYEs1pb5SrbdPr9mgXrB58Q2e,0.0011612919997787685,0.0011612919997787685,0.0015377643247166848,1.3241840338258044,6.15105729886674e-07,1.0,134.965989112,3011.769461819,3190.4892697106175
4vezWG46exH6pf9nry3n1VJ7hZHvjBJNgNeF4qEFCML5,,,0.002703000000000344,0.0026729999999997034,0.0,0.0,0.0,1.0,134.965989112,3011.769461819,3011.769461819
KZMu9QBEdL97EFgamLbN5DE1AoKBG4HdrKKJo4Vuon3,DD4ACBWyVqdaKWh7v5btsgqQCCMwbKnuL2xd9pv7Gyuw,GcYqiJ1MAuYbNTNYXm1F1gQYTfTgkErACAhNU5dpVj9T,22.597624529999962,23.419959569999833,21.672660311465954,0.959068077385477,0.008669064124586382,1.0,2397.7131214,702.58769848,3002.1578119430287
SoN9GaFpSXfpyR5dth3x7PHPVhvJMpQqqDJfCSmPv1t,9kZ9iS68ViMPtoeqtnhAKuF2iqVyfHPdZHoUNdwCELr,BBhm5fJLjw3HRzjtKB8uMEYjGhY6EDm9co3cqpjrSzB9,0.35959998699999973,0.3527278930000002,62.73536439373661,174.45875044966743,0.025094145757494645,171.11435658007426,1.534195251,2.448661004,686.6548386174525
JSoLLrxK5bYdHwTEWYaGgmeycBCNXKDiBCTw5hXGBg7,xG4wXczA7Dk4hccJ61CHKpDHW4NrNfQwgmWgkb9BuF2,BVR6WgfhsRr9Lob4QDnkEAiNGgAbv7ZieKcY9kSg3QYR,0.8455946570000599,0.7224686590000076,143.9561947179966,170.2425547823517,0.057582477887198634,145.40683086393759,17.022143004,164.721587767,26849.537164946913
parEAJhzYzHW87y9VoZAQ22dzQ2MD2ekEtTReaxbMcz,3oyc6hpjYSJEquK6dSvG72NXyz3pqLZz5D8AC71pwgQb,Di2vordgFJVZ1aj1aBpvzXtLfZgJsuLLXawGtVFwX6Rz,4.486025149000028,5.305249888999924,637.2744282070952,142.05770298660696,0.2549097712828381,168.09480008821615,1103.589931991,139.687654284,180254.21909944806
wrmcMSHFi3sWpAEy4rGDvQb3ezh3PhXoV2xNjgLBkKU,8p4mGnARWPBu6P2Gcw4adodLkNDorrXniZMhaY7eJXUn,AyY89zccbsgp9LKFgH4CFZMJmpSgqmPSdTfukhP227rc,0.006077639999999732,0.030500420000006204,1.9755174745162432,325.0468067401706,0.0007902069898064974,2917.7486651299855,27.03501532,0.10082768,9081.835228665745
ercAoEmXjQzEvAFbdjAo81KtMxRGn9AW1ju882upmPH,CMRhskR2Eg6V42RTSdRTXGdozyPbWB8U9dVpijPWb9T4,7TKLLgrWswt6ZJ1pXhVR3FyufHGjJFqiEXxvWJfDcgRm,266.07215198900013,234.192472245,38687.02641985418,145.40050933798423,15.47481056794167,133.8495285016509,58.692374489,392.80107218,61110.139451192255
BSCNHw8CmxbZ8hCWWzMf5FaG2ajPT6JxfznKUNuRVrn4,7n9kgNL633yGzCYksgnzHyjG73ZLBAwvEae5sbAekbzW,SscdxE99omdG9AiMVwmaEMQySQnCgeAh1sPj2Leutm2,762.7414790419998,759.7650918700006,765.0394648043268,1.0030127976850207,0.30601578592173073,0.9999878811468684,4619.47215637,7082.637089863,11715.940947813053
YAkoNb6HKmSxQN9L8hiBE5tPJRsniSSMzND1boHmZxe,CfWX7o2TswwbxusJ4hCaPobu2jLCb1hfXuXJQjVq3jQF,EnTrdMMpdhugeH6Ban6gYZWXughWxKtVGfCwFn78ZmY3,4952189.521730017,4951234.845998021,4952189.521730017,1.0,495.2189521730017,0.9993094771512885,388711.091361,1058747.479177,1446727.4812126125
NorjjEePhxfwLF4vZjUHCrVVKLzQjEEGQFd3wgjEJmh,34M8pFVqgbV7aqHxvRT5tCv3vu2P1JJYT8J3VaxBK2oG,3AZWBSze3ucsY3xSeuLne3b2pauVqiaJ1SZSV5T9WGWw,0.001172000000224216,0.001172000000224216,0.000678434298804124,0.5788688555241744,2.7137371952164965e-07,1.0,38235.101644,2193.763475,24326.873004512763
KEnkcdADoLR5jS2CLLLesy8TtFsyWL37BhXNfDMzWzP,3qsjFRuw1qeLMPo4DLwaQevenGAGBj9dA3Q6rb8ax2YR,77iEv8zPQAEyCcEbvBRSB6AFcUdfkhiqnAKtPxk76rNN,1.8576559999999995,2.1882039999999976,0.016676563140074884,0.008977207373203051,6.670625256029954e-06,0.9993094771512885,118.44259,0.304695,1.3677682933898776
MARpDPs5A7XiyCWPNH8GsMWPLxmwNn9SBmKvPa9LzgA,6YjT74rmcfCpw8LSjPNx5JTmZoYLGrTKnf9arfSgZ4SR,F8GSmi3vA8M8TsybLya1LQ4n1aFHCRbZ6k437PeTdXtg,18897.742473,19879.9023110001,17928.254198938215,0.9486981963349891,7.171301679575286,1.0,297132.813611,15050.777452,296940.14179669623
AURHmCnNwiW4uA2Qj1XvEh4iKgRUZYXtiY7FKAapUV5Y,BKWm4TRnTeKwfWXRyuzjRHU7iZDkPuXBX5b5V5jSVfGJ,A5Ww74HVrkj9nPeC7pHKLfgeDMEhBCpW1efQdz3TGLEg,0.011108584000055544,0.01016100799989772,1.8026196326983244,162.27267423906693,0.0007210478530793297,145.46973778497886,289.932089195,1795.283252581,308207.4394641144
BUSDgu5JdqP1rndBvXvanbEufS94FNh1w5FJcAj6vawb,Bgzr8cWubt89JQFXndVjtdKmDbGzuPxNhvjH1EhWCwbo,Dxaf8xPBBQsasRKW5Aa4Sw2YrbfGofY9xZueyyF23FBW,9271.186967320002,9293.494692119997,9250.990482428479,0.9978215858484234,3.7003961929713918,1.0,8716.57187461,6367.41241801,15064.995989095114
7oAd7xG4m3oC2qeWB1szghTebAZyyGPAFDJ4wwwbRSNi,D9yh4KAysxt9GLacVe4Wwh2XqghhcjTCSTV9HuM7TBJd,HDYfJLpZKaMFb84jM4mRytn7XLR8UFZUnQpSfhJJaNEy,12.338486858992837,0.2807060000000092,12.338486858992837,1.0,0.004935394743597135,0.02277674421689311,955.404703978,300093.099460776,7790.548471650759
BUSDTd9WiT6uBHJRgNvFXBsA7JrifsAtWzKfioN7ERcy,DyBxrn7gSc1EwnpWhDyhzvMHPtxpmBqRqotapLcKcfTM,Cds99GeBgoCpqBsoRWu1C6fF9LiUMd4pXQQD24s9LPff,645.6112905699998,643.63956568,644.3268571965214,0.9980105159370053,0.06443268571965213,0.9995122380278424,96.16774703,77.6417442,173.58029633963696
TETFuZgEmET6d9vYmz9iMFCxK1jKdKYxf3oPz8hSzJK,Eu1Ze6Z84LWNkq7SNoAHBJbXx5t1P95EwyqYohrfCRFV,ASMbv7WNu3qe4pkhREmvyEdwFNDZQ6B6iSrjkj4u8bdC,54.56113255299998,54.600747951,54.51128775854129,0.9990864413525459,0.021804515103416522,0.9995027753553385,167.282535417,84.194359888,251.2822093875239
Lid8SLUxQ9RmF7XMqUA8c24RitTwzja8VSKngJxRcUa,4PgzyzLtds9bKZ2to9PMnKqJzKEUpjvNUaeN23phegax,AtymwxoVN9peZo7EXTcDz9jKVc4vRmisJKKrNfe3ewBa,126.19416158299282,106.67319410000016,21741.049635285257,172.282531636672,2.174104963528526,145.6079261965841,967.719355778,7675.352285484,1284313.2696447803
SRMuKizofcAMicegrfSv7xs9q76tH1w8aAF7oX9FEWu,72Hj2KWntXPfbie4UgKeTPnm1XVkomDfCnRPKbvfTtPi,6aqJQ5wedqpUt4fFEDUqUmXhrdxCu4bEJsQdVPCADLko,658.6689270000006,661.4053619999977,38.27439515089874,0.0581087001101218,0.015309758060359498,0.05831201980416142,16945.392921,4946.001459,1273.0860905231891
DFWzVTzNBrQZLjoQ4yQwkj9HuoXmfkuZP9V5vbymZe23,DhgiEgiNdqZdRdo195UUHnoEJUtefK8buko8nU97XJUZ,2K2kkXsouBHtWVjtcgkyiXd8eP3oVBvq1bTJzcVdLLr2,117.97977200699825,119.3391269079948,116.67474122475218,0.9889385209002722,0.04666989648990088,1.0,42740.472969667,25238.75210937,67506.45223057055
RoBgmK8CvjdHvPrqdDyVw54VwjZv2TqJ493xnqJAQHx,ExiHJxM7qPAcy27NDHAF6G7vnW7muNHi2sVJpnaNynGQ,6rkPHSqZb7StM4HwS9EuVrmfkV7tRdc7dnsFhyB6cefE,13.9432819999999,41.02202000000137,0.0,0.0,0.0,0.9496405610476435,6265.366103,18.96143,18.006543023465618
WiiQFxXqp8P9Fs1rt9SVcDyA3KUdJmUsog6wnVQAwba,3S2jpqSYxho6wiz3cafhjXruVY8cg4HYa2v3BqBHYFSj,Dfe67M6TfrG74gKRtdqys4e6E9QirPD53BkF4FujFjuv,15111.0976057,15101.223874875996,15141.43706337706,1.0020077600230453,1.5141437063377061,0.9999888821236086,6294.802267289,20529.183862684,26836.396341389634
BSCrK1Nx9PXU9mF7STWWBqeHLxmtJDr9h7jheEy4tAWX,FfSySSbVJPvEo5a5AvrP3nySoXpRE2QPn1uUMpJJ1x7v,HL7Vcj6838ZmvBHDbQxXfjBNckNi83WvPiZQoMQLFeRM,0.00012895899999998406,0.00012889199999999157,0.37704112809143103,2923.728689672513,0.00015081645123657243,2919.878533053025,0.840296693,0.963989992,5271.533232879793
Sid7E679i9ABqptiAVhkmQ27YHN8vaYT4fppPwmxFsJ,GP7KB8o1bv527HG8kTzzzf4wJ5aEGHvcMQvVhLziUfmT,9gYxhAZ1M9wu5pxr8SBoa5NDm21gi3s9vMHaYTME77sa,420.09207799999785,1025.4615630000044,3.776919322340087,0.00899069399337758,0.001510767728936035,0.021540556009570642,130526.664944,10699.954501,1404.0082717162768
vEnkoSUkpnbRrPgBz9DfcVxNz67zjwMYBZraAvDDNSf,DtfyjjsZ5yCjWKLKHvwsfXs5QVsmm1QkK6Sh9JZHoq1g,e5wrKCRv4GhHvEf1VD5Pq2KGaZDXP77nTL612Jyrxwy,2562.2673059999993,2562.225756,2559.362429642355,0.9988662867645222,0.2559362429642355,0.9968121946016638,948.801354,999.104126,1943.644861820768
Cob4usZcpHEY7Qt4ZCwj6WVg9S44zvzYV2v9qYF65dTf,NhFM9UXE48PyNAyeyPYA3iXztqKVJwA4bTdLj4ysM8w,6TuFuynuBoeskxyR2cz4wxyidk8dpDK7kAWw3UkjQGx,8.406181000000004,920.9672369999898,0.07556195658035238,0.008988856721066599,3.022478263214095e-05,1.0,70934.848656,188.240148,825.8633390993276
Lee1XZJfJ9Hm2K1qTyeCz1LXNc1YBZaKZszvNY4KCDw,9DgFSWkPDGijNKcLGbr3p5xoJbHsPgXUTr6QvGBJ5vGN,2hNHZg7XBhuhHVZ3JDEi4buq2fPQwuWBdQ9xkH7t1GQX,1803.6537082598588,1519.6595214210138,311857.8188307787,172.9033779614242,31.185781883077873,145.66773946101188,6712.061938718,53858.546535576,9005990.906783717
SAMyS8Jr2HJrkFwYVKbpUwsNStnQmvz3f8Tup8bWUWF,6jPzm5TFfquvgm25sTyN3MMGBfufRaFHMxobDWv6hMFW,Cj9ECoDmxsHTDzCY5ZA6RWrPbg9uFzEC1Qc2kso2vJG6,1002.8121539700078,23.482416950000072,961.7651244868042,0.959068077385477,0.3847060497947217,0.02173123550054617,493.48637365,108370.93167386,2828.3212652106863
MiMuMS9C4vBqcrYeeQPph1E7oAW9aNKvW9k6Zw9XffM,Afy2q2hh6Y474pshJa5fnQ6PfEchGyTbKrQpCZw2hr3m,5pXz9ksgjeL8Wgb37bksUaBFMLdFfsNNY3FQnikkCPtS,1.331639467000059,0.020192969000000005,0.0,0.0,0.0,0.021746118975582956,26.00706393,7673.679404041,166.87274530075612
B2izdXFYb2sNwbWWHmh75T4aQFtfXsUxem9u2p61HGzf,4DYwgJtxwuJdAjkj5RJSNH4e7U329V5cNp7d3a1nLrZv,EXNW64GEf1ACC6xY9BtKRiunrs6GoJSXBdxWN2eTPmrF,5935.295564,5878.882838000005,5981.828205611451,1.0078399872609025,0.5981828205611451,1.0,11559.784693,28159.49364,39809.9068977319
MATSnbbiTCv7Dc3trJrkrqjx7ckKdr6fwPoVwv9q3sD,631WX9JizSHJm4w6VanZeJAst9T8DeUUnPLesdGkCVtK,211maUSfpnXbPuW1iBu8b4dtJv5EbN1j7JJiEX5TZKEP,1762.25792,1762.0610030000025,1761.8667855736028,0.9997780492730615,0.7047467142294412,0.9992445711042452,21834.730934,23720.858094,45532.82337196039
KysFMBBoavfov2tLpvefWW6tPFt6rAeZWDJVy1mMQae,B8ka2V21TH3x64dFV8ETcjuQcwmrciJ2qzy1mJUttRew,7fSf7EYxBANyxzk2s5pymFgshA91tFYQNKKs5UnLWcYS,40.27079900000035,54.01174400001764,0.0,0.0,0.0,0.021672002349765185,134514.436043,2603.001229,56.41224875132966
C98Sspw7XqnMsgxea3SLQVdbMDL8pKUc3RE82UvX9eq2,CSqgQJurPCzGxb4Cgwx5R61hWQUiaoUHcShNc8r1cKEL,6S2CR5EnukPhC914XkAns8m5GixjMAoUuZMsS5ubHuWc,92.70439299999998,92.64107399999989,0.0,0.0,0.0,1.0,846.671284,917.107057,917.107057
iLiUBQ7Z7im6Ew3b4ewwPcehzWgEQRJ1iQz7g6D62NW,GpugBvKWM3TVhYcZjemSdtehBWgfvuGr6uAm9iPjXT6v,92fMXJ3xy8tEyMUWLHKRLyhPw2nECBo77GtDiBBbYrjX,13.674317202999873,13.941426395999997,13.417188459134518,0.9811962279323939,0.005366875383653808,1.0,1819.781564545,1142.964478516,2928.5272853084643
BkMBnJpvHKtWhUvrgRrLesXfi9RUV3ELgdBaJcdH7hcY,5uerVwBnZQsuVhZ15igs7ZgmcqhHnYWbwoRtLyRqLvR,9YWiQh5d4jCtgMdzcGLv9bWgnLaFtzvDDh2nnhJdzhBX,69.6615666749999,69.23865293899985,70.13204836302786,1.0067538200830732,0.028052819345211144,1.0,917.244762381,1957.236615024,2880.676283502263
KwnjUuZhTMTSGAaavkLEmSyfobY16JNH4poL9oeeEvE,J63v6qEZmQpDqCD8bd4PXu2Pq5ZbyXrFcSa3Xt1HdAPQ,BnKQtTdLw9qPCDgZkWX3sURkBAoKCUYL1yahh6Mw7mRK,146.1776440000001,6524.269891000062,3.1680838388449684,0.02167283417733129,0.00031680838388449686,1.0,276895.04844,588.66497,6589.765439364235
STK75uPSyBnEhGTTzb1nwmP3n427XoXmfRhXxxhyady,6TYyD5fUmDe6N65avW1Ny2RxzRNobw2RRgKwH9CTzSAU,54zDfk4cx2vGrEajPtodWpArNe5eUurytyxd4X3aZAxK,370.9202821959996,418.1004745239986,53933.31539958411,145.40406116450913,5.393331539958411,162.87207310741022,1599.538852666,281.139601584,278369.23491063324
AUSejoEUCh2DBs9mof6BNC8Pubs22w4cJa1ccV9h44R,4xkyD7AfGQDwsQMy9MosRRNGoVJ1zosNinesxg1TzHG7,Cbm5gsQe3nSiCsFrvepVzMCD9xLK3ri9g3ypS2hdmVJ7,754.404340000001,752.9976839999999,756.2025897584465,1.002383668363368,0.07562025897584465,1.0,13605.452369,15273.002775,28910.886030381298
SEQV6QiTpvTzrceiaYg9Avnwf7oc8ZALpnQMz6TyT4A,3dFMPj4r9mMmPHF32mz1gNDX7f8ftidWof7S8YiYTs1j,Fc1ED3YPeQfXQosHbd8DTaBd2AV5gHQtwiSAL5C5pUhi,244.7817633369998,245.13841288999947,244.38302066898564,0.9983710278797804,0.09775320826759426,0.999217612609327,3996.774064077,1550.465642487,5539.516008274448
KEN5P7p3asnb23Sw6yAmJRGvijfAzso3RqfyLAQhznt,9zj4aX38Uxf3h6AUjS4EipWS8mwbEofasHAf3a1uKGds,CwQDG1MWunn9cLNwcZLd8YBacweSR7ARo32w4mLua1Yr,57271.40523200063,57271.89382600156,57226.48244328265,0.9992156157416427,5.722648244328265,1.0,1145983.101755,1156641.650303,2301725.86095264
GokA1R67GqSavkd15zR62QD68Tuc5AEfvjssntVDEbM8,3YB7hfpBdbQEuZqLGWVDpRPmeZWCUsrrWyqGXegnQ6Cg,4DPCj6Z1DsG6HUtwSogBGqXEUxdEV5a8YVrrFtcnz7UW,13403.690038999994,13405.430159000003,13401.894185179179,0.9998660179535941,1.3401894185179177,1.0,19678.083111,12742.352259,32417.798860155443
RajgMbScQbqqrdJfR2rxfHJiTiY5b6bJ2tTXiF4aPxy,725ZA3fhyBAKb5iopNRrcbSuQa3LXA1656Q3mBvYPxeg,GLA6i1dSZpUfk2f9Nj8uiG7xyDdAR2reff8oEiZH3617,1888.578699769998,1892.2044532400032,1885.4521863909586,0.9983445151746019,0.7541808745563835,1.0,130911.53618232,53015.25566094,183710.0697816406
HEDSDjj84KS7LKhZY7ejkCACTdPen62rKhCby1wXtgxc,EnnjMSFttpCTywBrYNt1J5QQeoSVkvzPipJDa8Y7kJow,6bjVT6JN2rSvpyn9PdfLYC8wJn4LWh49jpY47fnLDXZk,52.16008403099295,53.87317587899088,50.49851238940661,0.9681447667799185,0.020199404955762647,1.0,39086.267271574,9081.976738843,46923.141850778564
BkwbeSfcX1h4thMDd7obGkHrPevf3QwgzJ4pCEqG18Lu,35yX27bmurdebhfAb8EPmjLETDiUaEUCn9zHaDPbakH2,2CxECn1ZJFoESyUnQysQU8rRgT3iJ5GRs2Mdd6gZjx5g,1.4089999996969027e-05,8.67000000004392e-06,0.03074204175369063,2181.8340497021795,1.2296816701476254e-05,1340.4825737265414,0.80136202,22.09433868,31365.514919926394
MAR3XM1n9xWPQ3HJjAcC85o8DopWFP5p2WxGTaZ3fPB,6qG7GUhER8Cg9gDEgnebph9LdS6eu2eoWcA4R7z9uizK,4QV4CwRXVMY227KkFF9voNAfwWHVvVajXSXDKbUHkWZR,0.43846500000000077,0.010177999999999993,0.4160344999359538,0.9488431230222552,0.00016641379997438155,0.02166774933187495,0.112326,24.260372,0.6322474118306356
MiMUFdSLMyCLpqpH6zkqdDrGYs7XBomwENbivdYjv9V,,,0.02019296899999999,0.02937187600000002,0.0,0.0,0.0,0.02166774933187495,0.112326,24.260372,0.5256676591940378
KEVpg4SYCVrqFxKijQH6hm4QxsRdoE51ud64bEEFUC9,2bPenuBYfqzD8p5dFjCcggwkHDsc2RQDnx9AoyYGUBjA,AE6n6iLuX8oYu61vt5hoDYkjswpnxFxrhSehxrnQTnbx,204.0379559840003,204.06556999299983,204.419751776492,1.0018711998493146,0.08176790071059681,1.0,2069.252314785,5576.201271498,7649.32557090262
SUiuyGR7SFq3xeRVJonq84fjjeFwRSsFekcevJ53tzy,49GjCCPsv7fBqo6t3iKDrP1xxGDS8uWZbVCdfnp2gjMf,CEwj5xEbbJEjYqM8D6Ai8ByGz1mrh8mkAVsE5fzDSSSx,4.46777899999995,0.04265300000000005,0.04000659944544914,0.008954471437698593,1.6002639778179657e-05,0.9415318157723528,632.545869,1.783374,7.34321727741594
heyk4SZTeCUV6a65WiVA5bzic3KcxgVf1qxobfeV4tQ,9ZDpBKPqMABtGfq66FbVribaArMvtk63xxy91onZAtDt,DaTP4s6N7xxSPinbNZ3FB52EpRDRt87QShTuN3VPCW52,72.52842011200175,62.68625068799997,12126.405628995424,167.19522650940507,4.85056225159817,145.19317661762622,621.19331904,4498.002179212,756939.7825158173
ALBpShJ9NLpE739pcHDF2LNVk5J4VYPvvKuV6jMPitZi,D6d156U1bPiJpDYRLextvDRccgFk7QzkQbJg42ceKEu5,GNcM8U5g8RwTZffwwm3kSQqUNPSwv5d2fbN9sLxPJqt2,856.7772120000009,856.9914330000029,854.4582124115159,0.9972933458593376,0.3417832849646064,0.9981643757130637,53036.50956,47279.125092,100085.29645350917
ALLwa5WNZbvQsRKAqe1jdRGemdYQnW8E5k4msbRFcYtu,CGoM82Hbz7QVqTgvQatYtjvDWBvoUJp5qm21P8iMs9yb,3dxNNww8TivyN5FMy5dCNdi3Zcxv6e4kUfSPxfFwpdNq,2.3059890820000004,2.3012250520000004,6718.103662053898,2913.3284777858703,2.6872414648215592,2904.435363243209,1.635109255,7.024700665,25166.399384506825
BSCuChvaSj9b5HUSqgDVRzcnr2sSn7cXaamt1jbKH6hn,GnKpRj5kBVPMJfiwZtEuD9GYApLzPdW5JFuZTcyX4BTc,3dmwD9okkomV9nDwyuh4UMhKdUR13QpuKxRo89ycZB5t,12.279301065000027,12.248752386999968,12.302897370102322,1.00192163258946,0.004921158948040929,0.9988094191723464,1205.155075939,1796.741186627,3002.072962226224
C2ypsDADXcCRz8HbV2zX1AXPSja7a1P3xZtRC91xGhJh,J9bYNuDpY1d1T86gLaw7DGk5D3CsUAf2tzUwxMvb6FTv,A2NGvvPrMGzsJ4jb52KEnSBVmsA7C34dV1GC7PerdgvG,1007.7093414889969,1014.1088011420059,146210.32523610012,145.09176328569004,58.48413009444005,146.05896400376832,2821.545432142,1593.293691942,642097.8279389548
oKQqupM9E7SSLAFDLxr7mdsXP7znck9qRbVWc6Yyj7Q,CMR2J7CwfW98RpvnJmFBgRFTLAd3x8CJ1SWs8Bt3uunG,FmRb5jHfSNj1YWP3b45d9vvYuhwjp4om8bALmtqZpr1v,1.999200159999873,1.9757761399996525,2.0237112289826373,1.0122604376856221,0.0008094844915930549,1.0,2176.16186239,3720.11176741,5922.954326707661
SoNcU2iwHMw6dGzsYNQkYFkUjwN1UdAjrWVRnStrZu2,8ivTTid27jZnYNc4w3CTA1Z6QS2twsFb8WMwUabeDJgc,CyXm53PMvHCbeXJBykU46Rcbo28xk5srhMZFg7gv6EYB,2.083072512999994,2.0714171630000013,357.83004042668654,171.77992517953578,0.14313201617067461,170.44979997715973,15.681256523,19.004751934,5933.081238007887
daob129AwBGn9Y5r91uLoWZeYiGzbPmksauMhFZKTze,6VW5GQNyj4LStgmxEHLr5zUfW92vQnmbw8jTnCH7a38F,4VPCCUifPeBA1c7HWK358CHn2nyjm8pdTRk6Ps3KmnMQ,8.489588353999949,7.589063396999983,1372.770631891566,161.70049414054006,0.5491082527566264,144.74624680219353,48.313057317,224.081250839,40247.16527928526
