0,1,2,3,4,5,6,7,8,9,10,11
Lee1XZJfJ9Hm2K1qTyeCz1LXNc1YBZaKZszvNY4KCDw,9DgFSWkPDGijNKcLGbr3p5xoJbHsPgXUTr6QvGBJ5vGN,2hNHZg7XBhuhHVZ3JDEi4buq2fPQwuWBdQ9xkH7t1GQX,1328.6734328878747,1119.6542209019944,229557.91946391435,172.77226576659226,22.955791946391436,145.48220294389057,6698.220127952,53878.625930069,8995647.860005924
STK75uPSyBnEhGTTzb1nwmP3n427XoXmfRhXxxhyady,6TYyD5fUmDe6N65avW1Ny2RxzRNobw2RRgKwH9CTzSAU,54zDfk4cx2vGrEajPtodWpArNe5eUurytyxd4X3aZAxK,249.7540395419993,281.6279295799991,36329.13379829014,145.45964447626454,3.632913379829014,164.04630042783276,1600.188980564,280.585036133,278791.85734070407
DA1mL7dfBow33EH5yjUuZE6SH2KeUK5zEXzsyhE5r5j5,B4UtLRZND3D83CitRCBUyeiNr7H8m7YFRqBmiPmXjhW4,AAmpYbuixWiSqDaJBCqYEs1pb5SrbdPr9mgXrB58Q2e,0.0011612919997787685,0.0011612919997787685,0.001537577001360275,1.3240227278351961,6.1503080054411e-07,0.9998780188812085,134.965989112,3011.769461819,3190.100119879551
daob129AwBGn9Y5r91uLoWZeYiGzbPmksauMhFZKTze,6VW5GQNyj4LStgmxEHLr5zUfW92vQnmbw8jTnCH7a38F,4VPCCUifPeBA1c7HWK358CHn2nyjm8pdTRk6Ps3KmnMQ,5.118038237000093,4.578718313000024,821.1907075216034,160.4502876873658,0.32847628300864135,145.30796934292462,48.349713767,224.041287918,40312.71007985503
heyk4SZTeCUV6a65WiVA5bzic3KcxgVf1qxobfeV4tQ,9ZDpBKPqMABtGfq66FbVribaArMvtk63xxy91onZAtDt,DaTP4s6N7xxSPinbNZ3FB52EpRDRt87QShTuN3VPCW52,49.63404388000117,43.14131491400008,8322.712476814033,167.68153118725567,3.3290849907256135,145.44051969970025,621.486090776,4497.668561636,758354.9923542447
WiiQFxXqp8P9Fs1rt9SVcDyA3KUdJmUsog6wnVQAwba,3S2jpqSYxho6wiz3cafhjXruVY8cg4HYa2v3BqBHYFSj,Dfe67M6TfrG74gKRtdqys4e6E9QirPD53BkF4FujFjuv,19616.899704584,19592.534279891,19684.26958967714,1.0034342778985303,1.9684269589677141,0.9998780188812085,4788.129097018,22040.795036826,26842.67933893955
BSC8REUo9LpiiWUuqMuLXs2D2yJsJfGd4HdiF3wCLxk5,AZjEH1zWVx1UJ6udMyRijGTzPteuLnaY18yNNmprJEsh,Caf8ypkSVR8xYnXNhjvfvdGCC7mrM3C11rz8Xi6NA6aK,55.10684872500042,55.00936979900007,55.19604083532683,1.0016185304075635,0.022078416334130734,0.9998780188812085,2648.04509091,3562.138747061,6214.03526580158
Lid8SLUxQ9RmF7XMqUA8c24RitTwzja8VSKngJxRcUa,4PgzyzLtds9bKZ2to9PMnKqJzKEUpjvNUaeN23phegax,AtymwxoVN9peZo7EXTcDz9jKVc4vRmisJKKrNfe3ewBa,80.68787421899754,68.23056636700005,13897.110485541481,172.2329485075154,1.3897110485541482,145.59217506119603,967.68236579,7675.398379712,1284144.7316421897
RoBgmK8CvjdHvPrqdDyVw54VwjZv2TqJ493xnqJAQHx,ExiHJxM7qPAcy27NDHAF6G7vnW7muNHi2sVJpnaNynGQ,6rkPHSqZb7StM4HwS9EuVrmfkV7tRdc7dnsFhyB6cefE,12.225336000000254,28.042168000000437,0.0,0.0,0.0,0.9367584971021375,6225.801355,19.664186,18.420593324096895
moFiBS1R4Lf3E3zzmBPnw3NF4RhWPkhREFviuzUaCAU,44ALBrpqi9PfZkBRTvbtRNtFJGsatfY4QydjtMbFWq8S,2ho8qEEie1UjVwWNBo9y4oAJZMyMLx8zPj9bxyUz6uWs,1522.4657052850016,1520.4985664369997,1524.0569441833416,1.0010451722444822,0.6096227776733366,0.9998780188812085,27776.083768312,36645.629995887,64446.274481068336
CZgvH45CRmoaNJ7395Ao5CQZXkGznvqU7cErD6n7FaRg,4ZjU6MKvtqVQKCiowhvZ5yUsPxXX5SCzd5eFsPeXyey5,BsyWeshjDbCvjDojry3vKDCesmFRM37WtwcR4Kfgzqr,2.424394729999989,2.5062919999999167,2.507877897362204,1.0344346431417195,0.0010031511589448816,1.0,203.36160541,602.19257319,812.5568629110205
MARpDPs5A7XiyCWPNH8GsMWPLxmwNn9SBmKvPa9LzgA,6YjT74rmcfCpw8LSjPNx5JTmZoYLGrTKnf9arfSgZ4SR,F8GSmi3vA8M8TsybLya1LQ4n1aFHCRbZ6k437PeTdXtg,16637.670643000027,17525.893703999755,15795.456882049166,0.9493791060646337,6.318182752819666,1.0,296954.977699,15224.140633,297146.99190231983
MATgk4zXLXtYkwBH678J1xZbRDZ45LicNzkRBHkxTuY,y8dALFo1bJrSzPYjMX14HJX448pXqYmrfXHD1K8MXih,GN7Yuet3UyiWS5YVkEHv6oQKi4HGBJc3XDPt9zQhAqZz,1699.1427850000027,1701.0307730000009,1695.5651425492238,0.9978944427258484,0.6782260570196895,1.0,5280.566365,2785.854012,8055.301842078533
HEDSDjj84KS7LKhZY7ejkCACTdPen62rKhCby1wXtgxc,EnnjMSFttpCTywBrYNt1J5QQeoSVkvzPipJDa8Y7kJow,6bjVT6JN2rSvpyn9PdfLYC8wJn4LWh49jpY47fnLDXZk,49.12783502399907,50.74241904099472,47.58841596308003,0.9686650335768505,0.01903536638523201,0.9998780188812085,38861.119799347,9027.890561876,46670.19724495341
BSCNHw8CmxbZ8hCWWzMf5FaG2ajPT6JxfznKUNuRVrn4,7n9kgNL633yGzCYksgnzHyjG73ZLBAwvEae5sbAekbzW,SscdxE99omdG9AiMVwmaEMQySQnCgeAh1sPj2Leutm2,762.7414790419998,759.7650918700006,764.8755130833986,1.0027978471081436,0.3059502052333594,0.9998780188812085,4619.47215637,7082.637089863,11714.169875050635
BUSD5rCfUDpCxKGMvYU2yThChxgHoioK74PTPociGnv2,CcFHbafgYDZ8yA8Me1PdtDiVb2eeaS61LbqyKKK5CsNZ,26R9s4nmF3CFDTkiePDwRmtscn8i7r2eygbSijditJ58,94.44406039,94.45650413,94.27921224459818,0.9982545419508534,0.00942792122445982,1.0,91.64903169,56.2996366,147.78869874994018
SoNcU2iwHMw6dGzsYNQkYFkUjwN1UdAjrWVRnStrZu2,8ivTTid27jZnYNc4w3CTA1Z6QS2twsFb8WMwUabeDJgc,CyXm53PMvHCbeXJBykU46Rcbo28xk5srhMZFg7gv6EYB,1.1126465299999975,1.1047354860000027,192.51095697267593,173.0207678557865,0.07700438278907037,171.3964957986434,15.363840195,19.324966619,5970.494987674854
Sid7E679i9ABqptiAVhkmQ27YHN8vaYT4fppPwmxFsJ,GP7KB8o1bv527HG8kTzzzf4wJ5aEGHvcMQvVhLziUfmT,9gYxhAZ1M9wu5pxr8SBoa5NDm21gi3s9vMHaYTME77sa,897.852200000003,1864.8153670000502,8.43512223155972,0.009394778151192025,0.0033740488926238886,0.02303147878031553,130982.228545,10514.184299,1472.7061915037518
AURHmCnNwiW4uA2Qj1XvEh4iKgRUZYXtiY7FKAapUV5Y,BKWm4TRnTeKwfWXRyuzjRHU7iZDkPuXBX5b5V5jSVfGJ,A5Ww74HVrkj9nPeC7pHKLfgeDMEhBCpW1efQdz3TGLEg,0.0009038939999754803,0.0008561920001284307,0.13398994127105554,148.2363432821661,5.359597650842222e-05,145.72681613866197,289.932034423,1795.28331405,304599.38600659673
FrnkTEL6yZ5Aycq2TrEgu29dCrwKG4LPUZydfiwqspkc,DjvZuMZ46fxKBoBpGMPcRcos4xdTtHFxwMh69DpA2ZFY,9rvDPJLAng4uVVqnnSoEXgNDFhBZQTny9AoQioYDZbQX,15.279043275000049,12.756511934000002,2673.2387799610096,174.96113675749774,1.069295511984404,145.75487469890686,172.329935531,1439.43585626,239955.8342841401
parEAJhzYzHW87y9VoZAQ22dzQ2MD2ekEtTReaxbMcz,3oyc6hpjYSJEquK6dSvG72NXyz3pqLZz5D8AC71pwgQb,Di2vordgFJVZ1aj1aBpvzXtLfZgJsuLLXawGtVFwX6Rz,3.6681869889998495,3.876324586000152,521.8075397914653,142.25216472231665,0.20872301591658612,166.1210697000817,1103.161387906,140.051077972,180192.53035306197
C98Sspw7XqnMsgxea3SLQVdbMDL8pKUc3RE82UvX9eq2,CSqgQJurPCzGxb4Cgwx5R61hWQUiaoUHcShNc8r1cKEL,6S2CR5EnukPhC914XkAns8m5GixjMAoUuZMsS5ubHuWc,56.72147600000005,56.68730000000005,0.0,0.0,0.0,1.0,850.962013,912.815694,912.815694
ALBpShJ9NLpE739pcHDF2LNVk5J4VYPvvKuV6jMPitZi,D6d156U1bPiJpDYRLextvDRccgFk7QzkQbJg42ceKEu5,GNcM8U5g8RwTZffwwm3kSQqUNPSwv5d2fbN9sLxPJqt2,2900.4065960000007,2900.8087030000024,2897.2572773395327,0.9989141802860291,1.158902910935813,0.9992665383608431,50992.69229,49322.754476,100223.90154709737
4vezWG46exH6pf9nry3n1VJ7hZHvjBJNgNeF4qEFCML5,,,0.002703000000000344,0.0026729999999997034,0.0,0.0,0.0,0.9992665383608431,50992.69229,49322.754476,49286.578127654306
MAR3XM1n9xWPQ3HJjAcC85o8DopWFP5p2WxGTaZ3fPB,6qG7GUhER8Cg9gDEgnebph9LdS6eu2eoWcA4R7z9uizK,4QV4CwRXVMY227KkFF9voNAfwWHVvVajXSXDKbUHkWZR,0.0031790000000000013,0.1343829999999997,0.0030201205198141386,0.9500221830179734,1.2080482079256556e-06,0.02315536383120129,0.112326,24.260372,0.6684699320699653
KEnkcdADoLR5jS2CLLLesy8TtFsyWL37BhXNfDMzWzP,3qsjFRuw1qeLMPo4DLwaQevenGAGBj9dA3Q6rb8ax2YR,77iEv8zPQAEyCcEbvBRSB6AFcUdfkhiqnAKtPxk76rNN,0.03579500000000002,3.931890999999993,0.00033628608392191877,0.009394778151192025,1.345144335687675e-07,0.9967267493551177,116.681967,0.320646,1.41579763948343
BUSDTd9WiT6uBHJRgNvFXBsA7JrifsAtWzKfioN7ERcy,DyBxrn7gSc1EwnpWhDyhzvMHPtxpmBqRqotapLcKcfTM,Cds99GeBgoCpqBsoRWu1C6fF9LiUMd4pXQQD24s9LPff,295.5547587599999,296.1130567600001,294.47614857822606,0.9963505572155253,0.02944761485782261,0.9978619610051112,95.50856032,78.33038827,173.32292213907857
wrmcMSHFi3sWpAEy4rGDvQb3ezh3PhXoV2xNjgLBkKU,8p4mGnARWPBu6P2Gcw4adodLkNDorrXniZMhaY7eJXUn,AyY89zccbsgp9LKFgH4CFZMJmpSgqmPSdTfukhP227rc,0.003087179999999967,0.027801200000006077,0.9952224371373202,322.3726627981947,0.0003980889748549281,2923.805625402023,27.03971012,0.10030955,9010.148979247238
BkMBnJpvHKtWhUvrgRrLesXfi9RUV3ELgdBaJcdH7hcY,5uerVwBnZQsuVhZ15igs7ZgmcqhHnYWbwoRtLyRqLvR,9YWiQh5d4jCtgMdzcGLv9bWgnLaFtzvDDh2nnhJdzhBX,69.23747926400006,69.66039300000011,69.69659414770663,1.0066310167352568,0.027878637659082658,0.9998780188812085,917.244762381,1957.236615024,2880.324896862635
BUSDgu5JdqP1rndBvXvanbEufS94FNh1w5FJcAj6vawb,Bgzr8cWubt89JQFXndVjtdKmDbGzuPxNhvjH1EhWCwbo,Dxaf8xPBBQsasRKW5Aa4Sw2YrbfGofY9xZueyyF23FBW,3778.421122409998,3787.0759211899986,3768.905014139796,0.9974814590640092,1.5075620056559187,1.0,8819.55548046,6266.0845488,15063.42761774522
KEVpg4SYCVrqFxKijQH6hm4QxsRdoE51ud64bEEFUC9,2bPenuBYfqzD8p5dFjCcggwkHDsc2RQDnx9AoyYGUBjA,AE6n6iLuX8oYu61vt5hoDYkjswpnxFxrhSehxrnQTnbx,421.32190498399996,420.89877978999994,422.24415208223525,1.002188936979838,0.1688976608328941,0.9998780188812085,1852.419104988,5793.485220498,7649.252458358169
Cob4usZcpHEY7Qt4ZCwj6WVg9S44zvzYV2v9qYF65dTf,NhFM9UXE48PyNAyeyPYA3iXztqKVJwA4bTdLj4ysM8w,6TuFuynuBoeskxyR2cz4wxyidk8dpDK7kAWw3UkjQGx,20.79333600000004,2267.5005460000248,0.19534877874319495,0.009394778151192025,7.8139511497278e-05,1.0,70479.733184,192.430739,854.5721964188867
SAMyS8Jr2HJrkFwYVKbpUwsNStnQmvz3f8Tup8bWUWF,6jPzm5TFfquvgm25sTyN3MMGBfufRaFHMxobDWv6hMFW,Cj9ECoDmxsHTDzCY5ZA6RWrPbg9uFzEC1Qc2kso2vJG6,1090.047079509991,91.98585107999872,1046.3397018496355,0.9599032202535663,0.4185358807398542,0.023286869430872402,515.90250379,107415.64414884,2996.5905548519886
MiMUFdSLMyCLpqpH6zkqdDrGYs7XBomwENbivdYjv9V,,,0.025015876000000103,0.016990427000000002,0.0,0.0,0.0,0.023286869430872402,515.90250379,107415.64414884,2501.37408012709
TETFuZgEmET6d9vYmz9iMFCxK1jKdKYxf3oPz8hSzJK,Eu1Ze6Z84LWNkq7SNoAHBJbXx5t1P95EwyqYohrfCRFV,ASMbv7WNu3qe4pkhREmvyEdwFNDZQ6B6iSrjkj4u8bdC,130.88351748899998,130.735909441,131.49140448729864,1.0046444885495207,0.05259656179491946,0.998940124527876,37.487461682,214.148030455,251.58263197864972
KwnjUuZhTMTSGAaavkLEmSyfobY16JNH4poL9oeeEvE,J63v6qEZmQpDqCD8bd4PXu2Pq5ZbyXrFcSa3Xt1HdAPQ,BnKQtTdLw9qPCDgZkWX3sURkBAoKCUYL1yahh6Mw7mRK,183.04604700000198,8177.458701000243,4.251930128768367,0.02322874598197863,0.00042519301287683673,1.0,275869.279108,611.743204,7019.840612631296
KZMu9QBEdL97EFgamLbN5DE1AoKBG4HdrKKJo4Vuon3,DD4ACBWyVqdaKWh7v5btsgqQCCMwbKnuL2xd9pv7Gyuw,GcYqiJ1MAuYbNTNYXm1F1gQYTfTgkErACAhNU5dpVj9T,32.024514069999896,33.39323570999977,30.740434182848542,0.9599032202535663,0.012296173673139418,1.0,2381.7617574,717.90633234,3004.1671131450535
ALLwa5WNZbvQsRKAqe1jdRGemdYQnW8E5k4msbRFcYtu,CGoM82Hbz7QVqTgvQatYtjvDWBvoUJp5qm21P8iMs9yb,3dxNNww8TivyN5FMy5dCNdi3Zcxv6e4kUfSPxfFwpdNq,2.432837538000001,2.4207039540000004,7103.382691465448,2919.793278635873,2.8413530765861794,2875.0420474899447,0.836740197,7.830585194,24956.370092367262
RajgMbScQbqqrdJfR2rxfHJiTiY5b6bJ2tTXiF4aPxy,725ZA3fhyBAKb5iopNRrcbSuQa3LXA1656Q3mBvYPxeg,GLA6i1dSZpUfk2f9Nj8uiG7xyDdAR2reff8oEiZH3617,550.7769039499981,550.2131658800063,549.7218009086421,0.9980843368089891,0.21988872036345686,1.0,129817.38659708,54108.31860515,183677.01881317273
YAkoNb6HKmSxQN9L8hiBE5tPJRsniSSMzND1boHmZxe,CfWX7o2TswwbxusJ4hCaPobu2jLCb1hfXuXJQjVq3jQF,EnTrdMMpdhugeH6Ban6gYZWXughWxKtVGfCwFn78ZmY3,2996370.6771830022,2995278.0792069817,2996370.6771830022,1.0,299.6370677183002,0.9982620258130595,329198.485875,1118690.811978,1445945.0420986146
B2izdXFYb2sNwbWWHmh75T4aQFtfXsUxem9u2p61HGzf,4DYwgJtxwuJdAjkj5RJSNH4e7U329V5cNp7d3a1nLrZv,EXNW64GEf1ACC6xY9BtKRiunrs6GoJSXBdxWN2eTPmrF,2841.600879999991,2816.568796000003,2854.3627357917157,1.0044910796169675,0.28543627357917156,1.0,11092.538319,28630.909407,39773.26519874489
GokA1R67GqSavkd15zR62QD68Tuc5AEfvjssntVDEbM8,3YB7hfpBdbQEuZqLGWVDpRPmeZWCUsrrWyqGXegnQ6Cg,4DPCj6Z1DsG6HUtwSogBGqXEUxdEV5a8YVrrFtcnz7UW,4125.416935000003,4126.236519000002,4125.045680888723,0.9999100080992711,0.4125045680888723,1.0,19111.933671,13308.66612,32418.879871762343
MiMuMS9C4vBqcrYeeQPph1E7oAW9aNKvW9k6Zw9XffM,Afy2q2hh6Y474pshJa5fnQ6PfEchGyTbKrQpCZw2hr3m,5pXz9ksgjeL8Wgb37bksUaBFMLdFfsNNY3FQnikkCPtS,0.5987095590001204,0.5386888800004321,0.0,0.0,0.0,0.023282276697472376,26.01602481,7673.088724029,178.64697479709844
C2ypsDADXcCRz8HbV2zX1AXPSja7a1P3xZtRC91xGhJh,J9bYNuDpY1d1T86gLaw7DGk5D3CsUAf2tzUwxMvb6FTv,A2NGvvPrMGzsJ4jb52KEnSBVmsA7C34dV1GC7PerdgvG,555.004017223999,558.7271205850047,80710.55270826284,145.42336668472825,32.284221083305134,145.3781452743453,2835.616380266,1607.059909296,645996.2696028544
AUSejoEUCh2DBs9mof6BNC8Pubs22w4cJa1ccV9h44R,4xkyD7AfGQDwsQMy9MosRRNGoVJ1zosNinesxg1TzHG7,Cbm5gsQe3nSiCsFrvepVzMCD9xLK3ri9g3ypS2hdmVJ7,988.1994170000016,986.1004299999986,991.0049520191681,1.0028390373146379,0.0991004952019168,1.0,13376.005909,15503.083114,28917.064002896466
vEnkoSUkpnbRrPgBz9DfcVxNz67zjwMYBZraAvDDNSf,DtfyjjsZ5yCjWKLKHvwsfXs5QVsmm1QkK6Sh9JZHoq1g,e5wrKCRv4GhHvEf1VD5Pq2KGaZDXP77nTL612Jyrxwy,1171.9174899999998,1171.849436,1171.0204883059573,0.9992345863068889,0.11710204883059575,0.9989441160693147,880.108001,1067.843383,1946.1502186160194
MATSnbbiTCv7Dc3trJrkrqjx7ckKdr6fwPoVwv9q3sD,631WX9JizSHJm4w6VanZeJAst9T8DeUUnPLesdGkCVtK,211maUSfpnXbPuW1iBu8b4dtJv5EbN1j7JJiEX5TZKEP,2418.9683330000043,2417.297204000006,2419.728127632081,1.000314098626969,0.9678912510528325,0.9988313673002588,20193.482616,25363.929476,45534.113719783825
KysFMBBoavfov2tLpvefWW6tPFt6rAeZWDJVy1mMQae,B8ka2V21TH3x64dFV8ETcjuQcwmrciJ2qzy1mJUttRew,7fSf7EYxBANyxzk2s5pymFgshA91tFYQNKKs5UnLWcYS,29.47008199999982,39.56474800000433,0.0,0.0,0.0,0.02323282750201754,134554.000791,2573.531147,59.79040520932035
ACUSESXyNnwRLAg1dpSGMLSzUDdLjUMybY8rkXiAKhCP,AhFPQdu8GKBsxuhiH46UmCu1YpaLgNpoP325HnYtsgas,A8wxWpT3aFEr2XqZp1kDmbxbFfcBE95UUmdsNTDBJYbT,456.0780002649999,456.2596428070001,456.0223673602714,0.9998780188812085,0.18240894694410859,0.9877807325317706,1045.180416672,1840.979146512,2863.5366543127725
SoN9GaFpSXfpyR5dth3x7PHPVhvJMpQqqDJfCSmPv1t,9kZ9iS68ViMPtoeqtnhAKuF2iqVyfHPdZHoUNdwCELr,BBhm5fJLjw3HRzjtKB8uMEYjGhY6EDm9co3cqpjrSzB9,0.15308966899999898,0.15048408300000027,26.664407441526198,174.17509369313728,0.010665762976610479,169.68346906314025,1.544448874,2.438217482,682.7297280093651
oKQqupM9E7SSLAFDLxr7mdsXP7znck9qRbVWc6Yyj7Q,CMR2J7CwfW98RpvnJmFBgRFTLAd3x8CJ1SWs8Bt3uunG,FmRb5jHfSNj1YWP3b45d9vvYuhwjp4om8bALmtqZpr1v,1.999200159999873,1.9757761399996525,2.0237112289826373,1.0122604376856221,0.0008094844915930549,1.0,2176.16186239,3720.11176741,5922.954326707661
TSMFNX73aQNb3yqszDKgyR8AVoigfbaD4cfLjjCYXZf,C5uYkVHiFduEFq8S3fr4pgUS24oYj1sjZ8WW2cb4j8SU,3F5DPU5ScgHiFzePYUHZovvgh3uqmM5keNvbavx2ERqV,79.15751300000011,126.895795000004,0.0,0.0,0.0,0.05730378582045326,2998.681215,82215.148803,4711.239278203806
BSCuChvaSj9b5HUSqgDVRzcnr2sSn7cXaamt1jbKH6hn,GnKpRj5kBVPMJfiwZtEuD9GYApLzPdW5JFuZTcyX4BTc,3dmwD9okkomV9nDwyuh4UMhKdUR13QpuKxRo89ycZB5t,115.37547119199985,115.16600370100014,115.56102116783289,1.0016082272420301,0.04622440846713315,0.9989710598083973,1320.32107964,1681.365715435,3002.08014664211
KEN5P7p3asnb23Sw6yAmJRGvijfAzso3RqfyLAQhznt,9zj4aX38Uxf3h6AUjS4EipWS8mwbEofasHAf3a1uKGds,CwQDG1MWunn9cLNwcZLd8YBacweSR7ARo32w4mLua1Yr,30304.59132000059,30304.622724000365,30273.984321851196,0.9989900210886793,3.0273984321851195,1.0,1142987.716171,1126476.470612,2268309.7932937685
JSoLLrxK5bYdHwTEWYaGgmeycBCNXKDiBCTw5hXGBg7,xG4wXczA7Dk4hccJ61CHKpDHW4NrNfQwgmWgkb9BuF2,BVR6WgfhsRr9Lob4QDnkEAiNGgAbv7ZieKcY9kSg3QYR,0.841345709000052,0.7153655029999939,143.6030491758766,170.6825715514141,0.05744121967035064,145.0715986367912,17.014192478,164.731024376,26801.819176318306
SEQV6QiTpvTzrceiaYg9Avnwf7oc8ZALpnQMz6TyT4A,3dFMPj4r9mMmPHF32mz1gNDX7f8ftidWof7S8YiYTs1j,Fc1ED3YPeQfXQosHbd8DTaBd2AV5gHQtwiSAL5C5pUhi,952.439630721,952.5354816199999,951.2186208164172,0.9987180185859565,0.3804874483265669,0.9979342760485794,3206.787240457,2340.169119223,5538.011174638988
ercAoEmXjQzEvAFbdjAo81KtMxRGn9AW1ju882upmPH,CMRhskR2Eg6V42RTSdRTXGdozyPbWB8U9dVpijPWb9T4,7TKLLgrWswt6ZJ1pXhVR3FyufHGjJFqiEXxvWJfDcgRm,266.04184730900005,238.57395446499999,38599.887078123174,145.08953184831296,15.43995483124927,88.37258092210956,51.808086678,379.198729825,41027.58147908882
