0,1,2,3,4,5,6,7,8,9,10,11
STK75uPSyBnEhGTTzb1nwmP3n427XoXmfRhXxxhyady,6TYyD5fUmDe6N65avW1Ny2RxzRNobw2RRgKwH9CTzSAU,54zDfk4cx2vGrEajPtodWpArNe5eUurytyxd4X3aZAxK,316.64817348000196,358.0883971399961,45834.875305694535,144.7501648342502,4.583487530569454,163.31068649606797,1510.630705322,264.761959304,261902.5009310194
MiMuMS9C4vBqcrYeeQPph1E7oAW9aNKvW9k6Zw9XffM,Afy2q2hh6Y474pshJa5fnQ6PfEchGyTbKrQpCZw2hr3m,5pXz9ksgjeL8Wgb37bksUaBFMLdFfsNNY3FQnikkCPtS,0.20198942700062616,0.0030654269999992323,0.0,0.0,0.0,0.023074776235241807,26.019090237,7672.886734602,177.05014447929634
moFiBS1R4Lf3E3zzmBPnw3NF4RhWPkhREFviuzUaCAU,44ALBrpqi9PfZkBRTvbtRNtFJGsatfY4QydjtMbFWq8S,2ho8qEEie1UjVwWNBo9y4oAJZMyMLx8zPj9bxyUz6uWs,6.682385254003748,6.675561464999191,6.690423429781341,1.001202890206424,0.0026761693719125367,1.0,27782.759329777,36638.947610633,64455.12654951522
FrnkTEL6yZ5Aycq2TrEgu29dCrwKG4LPUZydfiwqspkc,DjvZuMZ46fxKBoBpGMPcRcos4xdTtHFxwMh69DpA2ZFY,9rvDPJLAng4uVVqnnSoEXgNDFhBZQTny9AoQioYDZbQX,26.957665013999986,22.476021963000022,4681.649766982651,173.66673873836325,1.8726599067930605,144.86572685509253,172.903890612,1438.758633228,238454.46996937445
KZMu9QBEdL97EFgamLbN5DE1AoKBG4HdrKKJo4Vuon3,DD4ACBWyVqdaKWh7v5btsgqQCCMwbKnuL2xd9pv7Gyuw,GcYqiJ1MAuYbNTNYXm1F1gQYTfTgkErACAhNU5dpVj9T,12.403816150000011,12.915938670001196,11.916132690352196,0.9606827887683731,0.004766453076140879,1.0,2383.99327718,715.76938846,3006.030698386335
7dwD9TF6uikvHXxPFK9AsSim54yJoujQjY9vU6gNFumk,CquVr6atkvwueDYficKjn6SSEWq4F4rH4VSiBbW4GBWU,8BCa6ge3b7ho3TfZuM64Vk1hgbrJ3J7EPiAb9uP86CGd,0.00014669199999999992,0.00014719500000000014,0.025168442165187405,171.57337936075191,1.0067376866074963e-05,172.10714564773727,0.003975071,0.003533745,1.2901991300658868
C98Sspw7XqnMsgxea3SLQVdbMDL8pKUc3RE82UvX9eq2,CSqgQJurPCzGxb4Cgwx5R61hWQUiaoUHcShNc8r1cKEL,6S2CR5EnukPhC914XkAns8m5GixjMAoUuZMsS5ubHuWc,32.88171299999988,32.86353599999984,0.0,0.0,0.0,1.0,855.475888,908.312505,908.312505
JSoLLrxK5bYdHwTEWYaGgmeycBCNXKDiBCTw5hXGBg7,xG4wXczA7Dk4hccJ61CHKpDHW4NrNfQwgmWgkb9BuF2,BVR6WgfhsRr9Lob4QDnkEAiNGgAbv7ZieKcY9kSg3QYR,2.6575667689998568,2.2587317930000133,452.8417845488057,170.3971429170253,0.1811367138195223,145.0493145912213,17.038370027,164.704038299,26793.49743824009
vEnkoSUkpnbRrPgBz9DfcVxNz67zjwMYBZraAvDDNSf,DtfyjjsZ5yCjWKLKHvwsfXs5QVsmm1QkK6Sh9JZHoq1g,e5wrKCRv4GhHvEf1VD5Pq2KGaZDXP77nTL612Jyrxwy,115.57887600000026,115.55530899999997,115.52319382057874,0.9995182322120737,0.011552319382057873,0.9987705134978841,860.936134,1087.031049,1946.2159217010508
GokA1R67GqSavkd15zR62QD68Tuc5AEfvjssntVDEbM8,3YB7hfpBdbQEuZqLGWVDpRPmeZWCUsrrWyqGXegnQ6Cg,4DPCj6Z1DsG6HUtwSogBGqXEUxdEV5a8YVrrFtcnz7UW,6228.554436,6228.648559999998,6228.8534209642075,1.0000480023041107,0.6228853420964208,1.0,16518.524703,15902.432762,32421.750392246253
BUSDTd9WiT6uBHJRgNvFXBsA7JrifsAtWzKfioN7ERcy,DyBxrn7gSc1EwnpWhDyhzvMHPtxpmBqRqotapLcKcfTM,Cds99GeBgoCpqBsoRWu1C6fF9LiUMd4pXQQD24s9LPff,398.3880224499999,400.84106234,397.47862315850307,0.9977173026289691,0.039747862315850306,0.9995502024089159,100.52691214,73.36134847,173.62579033411967
B2izdXFYb2sNwbWWHmh75T4aQFtfXsUxem9u2p61HGzf,4DYwgJtxwuJdAjkj5RJSNH4e7U329V5cNp7d3a1nLrZv,EXNW64GEf1ACC6xY9BtKRiunrs6GoJSXBdxWN2eTPmrF,2379.9576939999843,2360.2482859999946,2400.2179335773108,1.008512857026158,0.24002179335773108,1.0,11275.611462,28446.463985,39818.06311525851
AUSejoEUCh2DBs9mof6BNC8Pubs22w4cJa1ccV9h44R,4xkyD7AfGQDwsQMy9MosRRNGoVJ1zosNinesxg1TzHG7,Cbm5gsQe3nSiCsFrvepVzMCD9xLK3ri9g3ypS2hdmVJ7,773.5763630000001,771.688301000002,775.9266448071209,1.0030382027160267,0.07759266448071209,1.0,13353.930614,15525.306745,28919.809307261086
BUSDgu5JdqP1rndBvXvanbEufS94FNh1w5FJcAj6vawb,Bgzr8cWubt89JQFXndVjtdKmDbGzuPxNhvjH1EhWCwbo,Dxaf8xPBBQsasRKW5Aa4Sw2YrbfGofY9xZueyyF23FBW,8199.831575379998,8231.604057430006,8182.073448629297,0.9978343303045369,3.2728293794517187,1.0,8716.50715146,6372.74857979,15070.378655861798
BSC8REUo9LpiiWUuqMuLXs2D2yJsJfGd4HdiF3wCLxk5,AZjEH1zWVx1UJ6udMyRijGTzPteuLnaY18yNNmprJEsh,Caf8ypkSVR8xYnXNhjvfvdGCC7mrM3C11rz8Xi6NA6aK,52.636050451999836,52.56184053299967,52.71079071619083,1.001419944383159,0.02108431628647633,1.0,2697.709860401,3512.399767651,6213.940226015669
heyk4SZTeCUV6a65WiVA5bzic3KcxgVf1qxobfeV4tQ,9ZDpBKPqMABtGfq66FbVribaArMvtk63xxy91onZAtDt,DaTP4s6N7xxSPinbNZ3FB52EpRDRt87QShTuN3VPCW52,22.71324164499856,19.632960129000253,3794.627141294112,167.0667358100197,1.517850856517645,144.93249334325057,620.405015563,4498.928819299,755690.0119850853
Sid7E679i9ABqptiAVhkmQ27YHN8vaYT4fppPwmxFsJ,GP7KB8o1bv527HG8kTzzzf4wJ5aEGHvcMQvVhLziUfmT,9gYxhAZ1M9wu5pxr8SBoa5NDm21gi3s9vMHaYTME77sa,225.4163580000004,335.9946119999877,1.9222926521841128,0.008527742481688527,0.0007689170608736452,0.023074776235241807,133026.01964,9722.790732,1358.7628593769434
KEN5P7p3asnb23Sw6yAmJRGvijfAzso3RqfyLAQhznt,9zj4aX38Uxf3h6AUjS4EipWS8mwbEofasHAf3a1uKGds,CwQDG1MWunn9cLNwcZLd8YBacweSR7ARo32w4mLua1Yr,29239.312306000153,29238.73731100047,29219.23868902079,0.9993134716449797,2.9219238689020792,1.0,1140690.897674,1159039.19921,2298946.980238433
Lee1XZJfJ9Hm2K1qTyeCz1LXNc1YBZaKZszvNY4KCDw,9DgFSWkPDGijNKcLGbr3p5xoJbHsPgXUTr6QvGBJ5vGN,2hNHZg7XBhuhHVZ3JDEi4buq2fPQwuWBdQ9xkH7t1GQX,994.940284151824,837.7286604189758,171052.86592670385,171.92274617016295,17.105286592670385,144.94600109202318,6707.949652482,53869.429777001,8961407.552709749
MAR3XM1n9xWPQ3HJjAcC85o8DopWFP5p2WxGTaZ3fPB,6qG7GUhER8Cg9gDEgnebph9LdS6eu2eoWcA4R7z9uizK,4QV4CwRXVMY227KkFF9voNAfwWHVvVajXSXDKbUHkWZR,0.20823000000000036,0.0049949999999999994,0.19778441185661685,0.9498362957144336,7.911376474264674e-05,0.023074776235241807,0.117321,24.052142,0.6664335386777744
NorjjEePhxfwLF4vZjUHCrVVKLzQjEEGQFd3wgjEJmh,34M8pFVqgbV7aqHxvRT5tCv3vu2P1JJYT8J3VaxBK2oG,3AZWBSze3ucsY3xSeuLne3b2pauVqiaJ1SZSV5T9WGWw,56.3172669999999,98.4310850000038,31.90619113257173,0.5665436700359019,0.012762476453028693,1.0,38235.101644,2131.798662,23793.65347158751
MARpDPs5A7XiyCWPNH8GsMWPLxmwNn9SBmKvPa9LzgA,6YjT74rmcfCpw8LSjPNx5JTmZoYLGrTKnf9arfSgZ4SR,F8GSmi3vA8M8TsybLya1LQ4n1aFHCRbZ6k437PeTdXtg,8033.021445999992,8447.550690999838,7638.289900520875,0.9508613853289696,3.05531596020835,1.0,296910.791301,15269.595192,297590.6015275894
KwnjUuZhTMTSGAaavkLEmSyfobY16JNH4poL9oeeEvE,J63v6qEZmQpDqCD8bd4PXu2Pq5ZbyXrFcSa3Xt1HdAPQ,BnKQtTdLw9qPCDgZkWX3sURkBAoKCUYL1yahh6Mw7mRK,57.65642300000002,2470.2328899999266,1.3304090592494495,0.023074776235241807,0.00013304090592494496,1.0,275975.410446,609.297193,6977.368035470465
HEDSDjj84KS7LKhZY7ejkCACTdPen62rKhCby1wXtgxc,EnnjMSFttpCTywBrYNt1J5QQeoSVkvzPipJDa8Y7kJow,6bjVT6JN2rSvpyn9PdfLYC8wJn4LWh49jpY47fnLDXZk,12.693925674999264,13.104453934000048,12.067763701067543,0.9506723144625819,0.0048271054804270176,1.0,38843.183602626,9045.270434419,45972.40969102247
ALLwa5WNZbvQsRKAqe1jdRGemdYQnW8E5k4msbRFcYtu,CGoM82Hbz7QVqTgvQatYtjvDWBvoUJp5qm21P8iMs9yb,3dxNNww8TivyN5FMy5dCNdi3Zcxv6e4kUfSPxfFwpdNq,2.445460287000002,2.398972668,7165.554052391005,2930.1453352086264,2.866221620956402,2875.6042363401607,0.754617019,7.915195037,24972.105917947705
SoN9GaFpSXfpyR5dth3x7PHPVhvJMpQqqDJfCSmPv1t,9kZ9iS68ViMPtoeqtnhAKuF2iqVyfHPdZHoUNdwCELr,BBhm5fJLjw3HRzjtKB8uMEYjGhY6EDm9co3cqpjrSzB9,1.0780810790000008,1.0732452849999996,186.96816785495847,173.42681501133953,0.07478726714198339,170.12681933620598,0.864664645,1.356251564,380.6908002383353
SAMyS8Jr2HJrkFwYVKbpUwsNStnQmvz3f8Tup8bWUWF,6jPzm5TFfquvgm25sTyN3MMGBfufRaFHMxobDWv6hMFW,Cj9ECoDmxsHTDzCY5ZA6RWrPbg9uFzEC1Qc2kso2vJG6,438.18075471001623,73.427053340003,420.9527094194488,0.9606827887683731,0.16838108376777955,0.023074776235241807,512.90535119,107539.68282929,2974.1934608501733
BSCNHw8CmxbZ8hCWWzMf5FaG2ajPT6JxfznKUNuRVrn4,7n9kgNL633yGzCYksgnzHyjG73ZLBAwvEae5sbAekbzW,SscdxE99omdG9AiMVwmaEMQySQnCgeAh1sPj2Leutm2,18.621021291000034,18.572263378999196,18.671588489826487,1.0027155974979145,0.007468635395930595,1.0,4638.044419749,7064.016068572,11714.655550142486
wrmcMSHFi3sWpAEy4rGDvQb3ezh3PhXoV2xNjgLBkKU,8p4mGnARWPBu6P2Gcw4adodLkNDorrXniZMhaY7eJXUn,AyY89zccbsgp9LKFgH4CFZMJmpSgqmPSdTfukhP227rc,0.003857339999999987,0.03577062999999825,1.2042897283796399,312.2073056509522,0.00048171589135185595,2927.229084948188,27.05664909,0.09847693,8735.548046024594
parEAJhzYzHW87y9VoZAQ22dzQ2MD2ekEtTReaxbMcz,3oyc6hpjYSJEquK6dSvG72NXyz3pqLZz5D8AC71pwgQb,Di2vordgFJVZ1aj1aBpvzXtLfZgJsuLLXawGtVFwX6Rz,0.8690907190001269,0.9842287300000407,122.74509014398049,141.23392122423823,0.0490980360575922,166.9517088843018,1103.852447369,139.466626784,179185.60126881386
AURHmCnNwiW4uA2Qj1XvEh4iKgRUZYXtiY7FKAapUV5Y,BKWm4TRnTeKwfWXRyuzjRHU7iZDkPuXBX5b5V5jSVfGJ,A5Ww74HVrkj9nPeC7pHKLfgeDMEhBCpW1efQdz3TGLEg,0.0017698529998142476,0.0015808299999662268,0.2856465686824414,161.39564625560487,0.00011425862747297658,144.06481764275384,289.930969547,1795.284506641,305430.9312656491
MATSnbbiTCv7Dc3trJrkrqjx7ckKdr6fwPoVwv9q3sD,631WX9JizSHJm4w6VanZeJAst9T8DeUUnPLesdGkCVtK,211maUSfpnXbPuW1iBu8b4dtJv5EbN1j7JJiEX5TZKEP,1792.0243520000004,1792.674736999994,1791.7914191155153,0.9998700168978033,0.7167165676462062,0.9959564169471944,20186.603774,25371.531266,45452.919228767714
Lid8SLUxQ9RmF7XMqUA8c24RitTwzja8VSKngJxRcUa,4PgzyzLtds9bKZ2to9PMnKqJzKEUpjvNUaeN23phegax,AtymwxoVN9peZo7EXTcDz9jKVc4vRmisJKKrNfe3ewBa,25.6153236619964,21.672674260999997,4378.924342237358,170.94940513026003,0.43789243422373586,144.06467236019856,966.963551057,7676.251516637,1271178.5035346246
SQDY9uoDoCbNq7F3HAHYYQZbrUzpKxDtdWLvYcqBLak,GiehZ4X2uQjhEKuxSm3ACmEFrabxh3RTvjbLfLjw1xGX,rxDQYV77NKRKYxCjq4cECX3QQsiSyLv1T1FT2X3zNA2,41.92478186500003,41.941580000000016,42.01560936062903,1.002166439313184,0.016806243744251614,1.0,169.752355491,236.886442744,407.00655641144124
ercAoEmXjQzEvAFbdjAo81KtMxRGn9AW1ju882upmPH,CMRhskR2Eg6V42RTSdRTXGdozyPbWB8U9dVpijPWb9T4,7TKLLgrWswt6ZJ1pXhVR3FyufHGjJFqiEXxvWJfDcgRm,1.167909610000038,1.0624445870000017,168.2224040611625,144.03717772401671,0.06728896162446502,129.40126036827598,52.173603925,378.283214831,56465.26343634239
BUSD5rCfUDpCxKGMvYU2yThChxgHoioK74PTPociGnv2,CcFHbafgYDZ8yA8Me1PdtDiVb2eeaS61LbqyKKK5CsNZ,26R9s4nmF3CFDTkiePDwRmtscn8i7r2eygbSijditJ58,57.622241110000004,57.69862065999999,57.71408499629972,1.0015938964630755,0.005771408499629972,1.0,57.80245702,90.15169297,148.04628112180126
MiMy69CnJDY4V6cQWkU3HHfTyb8pqXJmhX4MisFYDnM,,,0.003065426999999999,0.004398999999999986,0.0,0.0,0.0,1.0,57.80245702,90.15169297,90.15169297
daob129AwBGn9Y5r91uLoWZeYiGzbPmksauMhFZKTze,6VW5GQNyj4LStgmxEHLr5zUfW92vQnmbw8jTnCH7a38F,4VPCCUifPeBA1c7HWK358CHn2nyjm8pdTRk6Ps3KmnMQ,7.833298700999961,7.02506621400002,1268.930356798329,161.99182556849817,0.5075721427193317,144.52176519462094,47.893475719,224.555719225,40211.54049148603
Cob4usZcpHEY7Qt4ZCwj6WVg9S44zvzYV2v9qYF65dTf,NhFM9UXE48PyNAyeyPYA3iXztqKVJwA4bTdLj4ysM8w,6TuFuynuBoeskxyR2cz4wxyidk8dpDK7kAWw3UkjQGx,3.502738999999991,410.01004699998884,0.029870456172567113,0.008527742481688527,1.1948182469026847e-05,1.0,71773.120713,180.929408,792.9920985476087
WiiQFxXqp8P9Fs1rt9SVcDyA3KUdJmUsog6wnVQAwba,3S2jpqSYxho6wiz3cafhjXruVY8cg4HYa2v3BqBHYFSj,Dfe67M6TfrG74gKRtdqys4e6E9QirPD53BkF4FujFjuv,19.706842832999428,19.682801599000413,19.78143069558018,1.0037848712354804,0.001978143069558018,1.0,4817.330470475,22011.492276169,26847.055722173503
DA1mL7dfBow33EH5yjUuZE6SH2KeUK5zEXzsyhE5r5j5,B4UtLRZND3D83CitRCBUyeiNr7H8m7YFRqBmiPmXjhW4,AAmpYbuixWiSqDaJBCqYEs1pb5SrbdPr9mgXrB58Q2e,5.798613044000376,4.423362916000002,7.558848771385621,1.303561509283069,0.0030235395085542486,1.0,134.965989112,2907.263393381,3083.199861849721
YAkoNb6HKmSxQN9L8hiBE5tPJRsniSSMzND1boHmZxe,CfWX7o2TswwbxusJ4hCaPobu2jLCb1hfXuXJQjVq3jQF,EnTrdMMpdhugeH6Ban6gYZWXughWxKtVGfCwFn78ZmY3,2440504.238652018,2439547.3330730163,2440504.238652018,1.0,244.0504238652018,0.9991217719624449,348575.558731,1096823.349669,1444435.6473820754
C2ypsDADXcCRz8HbV2zX1AXPSja7a1P3xZtRC91xGhJh,J9bYNuDpY1d1T86gLaw7DGk5D3CsUAf2tzUwxMvb6FTv,A2NGvvPrMGzsJ4jb52KEnSBVmsA7C34dV1GC7PerdgvG,346.9555934969999,349.405842177001,49931.180198501104,143.9123078986558,19.972472079400443,145.453085634486,3464.289547267,1886.271348455,772917.891953086
KEVpg4SYCVrqFxKijQH6hm4QxsRdoE51ud64bEEFUC9,2bPenuBYfqzD8p5dFjCcggwkHDsc2RQDnx9AoyYGUBjA,AE6n6iLuX8oYu61vt5hoDYkjswpnxFxrhSehxrnQTnbx,73.46531854299997,73.29616433000069,73.6486595159991,1.0024956125779516,0.02945946380639964,1.0,1751.024845852,5774.284789348,7529.679514829614
SoNcU2iwHMw6dGzsYNQkYFkUjwN1UdAjrWVRnStrZu2,8ivTTid27jZnYNc4w3CTA1Z6QS2twsFb8WMwUabeDJgc,CyXm53PMvHCbeXJBykU46Rcbo28xk5srhMZFg7gv6EYB,2.349822563000007,2.329098702000003,401.249836158176,170.7575041946581,0.1604999344632704,168.64029211196836,15.456217993,19.232718184,5882.676421430173
RajgMbScQbqqrdJfR2rxfHJiTiY5b6bJ2tTXiF4aPxy,725ZA3fhyBAKb5iopNRrcbSuQa3LXA1656Q3mBvYPxeg,GLA6i1dSZpUfk2f9Nj8uiG7xyDdAR2reff8oEiZH3617,4470.922705010002,4480.642316099998,4462.404332132308,0.9980947170327619,1.7849617328529233,1.0,134298.02891318,49637.39590014,183679.54906629806
MATgk4zXLXtYkwBH678J1xZbRDZ45LicNzkRBHkxTuY,y8dALFo1bJrSzPYjMX14HJX448pXqYmrfXHD1K8MXih,GN7Yuet3UyiWS5YVkEHv6oQKi4HGBJc3XDPt9zQhAqZz,1796.860646999999,1797.9665020000002,1795.3328187712248,0.999149723585229,0.71813312750849,1.0,4746.227519,3320.093341,8062.285254681457
