0,1,2,3,4,5,6,7,8,9,10,11
C2ypsDADXcCRz8HbV2zX1AXPSja7a1P3xZtRC91xGhJh,J9bYNuDpY1d1T86gLaw7DGk5D3CsUAf2tzUwxMvb6FTv,A2NGvvPrMGzsJ4jb52KEnSBVmsA7C34dV1GC7PerdgvG,617.100129905001,620.8518750649996,88810.20825061211,143.91539386693034,35.52408330024485,143.80837361645558,3822.509826115,2218.212157801,869115.489935162
SHRJZYZxBfNz1SL5puXfaymPnndnJTY6MJrTrzpsYMc,BKJWe131yeNE594dMwrLyT25RPsytUgcTdMpph8rbuda,EreMRai79gFEuXwrMnj6kpV4pvVAUqukjSuy87XQTT8K,0.00363,0.003712,0.003444457412557751,0.9488863395475898,1.3777829650231004e-06,1.0000590034812054,0.01736,0.003106,0.019578850119358785
KEVpg4SYCVrqFxKijQH6hm4QxsRdoE51ud64bEEFUC9,2bPenuBYfqzD8p5dFjCcggwkHDsc2RQDnx9AoyYGUBjA,AE6n6iLuX8oYu61vt5hoDYkjswpnxFxrhSehxrnQTnbx,389.25318779900044,389.22211946200105,389.5259389252731,1.0007007036417992,0.15581037557010927,0.9999479787063559,3189.179801707,4454.915719439,7646.098440568608
HDSBGqAuMRr6X2AfmmbXQPpRgU6VEhtfNVVZ3wUTZXg,DCZ1d8kNLgDcdSd99y4udLgwq46mfDXNS9KXj96kQf5L,Fq8GGYQM5Pz3q7LmVMbrXHJgsxA5ev86kTq8yGgGuYsa,821.7749513400013,827.4225432109997,816.7655006469589,0.9939041088014743,0.32670620025878355,0.9999493565648874,13521.842706439,12881.253958105,26320.016631652972
HEDSDjj84KS7LKhZY7ejkCACTdPen62rKhCby1wXtgxc,EnnjMSFttpCTywBrYNt1J5QQeoSVkvzPipJDa8Y7kJow,6bjVT6JN2rSvpyn9PdfLYC8wJn4LWh49jpY47fnLDXZk,12.891775755999333,13.315555873996345,12.458904355523108,0.9664226706491708,0.004983561742209244,0.9996581678891484,39084.099249329,9084.034455842,46852.68881762269
STK75uPSyBnEhGTTzb1nwmP3n427XoXmfRhXxxhyady,6TYyD5fUmDe6N65avW1Ny2RxzRNobw2RRgKwH9CTzSAU,54zDfk4cx2vGrEajPtodWpArNe5eUurytyxd4X3aZAxK,494.6989029269989,556.0391335180019,71151.42197115318,143.8277334964148,7.1151421971153175,162.14816483139268,1742.821034113,306.435836324,300354.0077248602
YAkoNb6HKmSxQN9L8hiBE5tPJRsniSSMzND1boHmZxe,CfWX7o2TswwbxusJ4hCaPobu2jLCb1hfXuXJQjVq3jQF,EnTrdMMpdhugeH6Ban6gYZWXughWxKtVGfCwFn78ZmY3,4985352.517929977,4984241.952203004,4985352.517929977,1.0,498.5352517929977,0.999580176325943,325932.614964,1125556.465036,1451016.5447494898
daob129AwBGn9Y5r91uLoWZeYiGzbPmksauMhFZKTze,6VW5GQNyj4LStgmxEHLr5zUfW92vQnmbw8jTnCH7a38F,4VPCCUifPeBA1c7HWK358CHn2nyjm8pdTRk6Ps3KmnMQ,8.565316784000032,7.652974752000006,1380.0956772941704,161.12605197185258,0.5520382709176682,143.83085721321098,47.822368305,224.621826347,40012.97923321453
SoN9GaFpSXfpyR5dth3x7PHPVhvJMpQqqDJfCSmPv1t,9kZ9iS68ViMPtoeqtnhAKuF2iqVyfHPdZHoUNdwCELr,BBhm5fJLjw3HRzjtKB8uMEYjGhY6EDm9co3cqpjrSzB9,0.44676970000000216,0.4378336590000007,76.894362045894,172.11185549488613,0.030757744818357604,169.16844237141677,1.558743485,2.423354102,678.2332721936386
JSoLLrxK5bYdHwTEWYaGgmeycBCNXKDiBCTw5hXGBg7,xG4wXczA7Dk4hccJ61CHKpDHW4NrNfQwgmWgkb9BuF2,BVR6WgfhsRr9Lob4QDnkEAiNGgAbv7ZieKcY9kSg3QYR,0.7537515279999809,0.6408719670000096,127.51097192683211,169.16844237141677,0.05100438877073284,143.80891132052244,16.962362318,164.790275109,26567.806471910353
SAMyS8Jr2HJrkFwYVKbpUwsNStnQmvz3f8Tup8bWUWF,6jPzm5TFfquvgm25sTyN3MMGBfufRaFHMxobDWv6hMFW,Cj9ECoDmxsHTDzCY5ZA6RWrPbg9uFzEC1Qc2kso2vJG6,994.3725500700064,90.13622683000739,952.4404907441486,0.957830634682237,0.38097619629765944,0.02101251705597041,483.86136717,108802.59670472,2749.673659406455
C98Sspw7XqnMsgxea3SLQVdbMDL8pKUc3RE82UvX9eq2,CSqgQJurPCzGxb4Cgwx5R61hWQUiaoUHcShNc8r1cKEL,6S2CR5EnukPhC914XkAns8m5GixjMAoUuZMsS5ubHuWc,90.727754,90.70600300000035,0.0,0.0,0.0,1.0,868.360045,895.36242,895.36242
Lee1XZJfJ9Hm2K1qTyeCz1LXNc1YBZaKZszvNY4KCDw,9DgFSWkPDGijNKcLGbr3p5xoJbHsPgXUTr6QvGBJ5vGN,2hNHZg7XBhuhHVZ3JDEi4buq2fPQwuWBdQ9xkH7t1GQX,1069.919903798028,902.1447943459916,182377.2392186149,170.45877786851867,18.23772392186149,143.71774524678708,6717.143567688,53852.825987954,8884602.809471805
SQDY9uoDoCbNq7F3HAHYYQZbrUzpKxDtdWLvYcqBLak,GiehZ4X2uQjhEKuxSm3ACmEFrabxh3RTvjbLfLjw1xGX,rxDQYV77NKRKYxCjq4cECX3QQsiSyLv1T1FT2X3zNA2,15.092673461999993,15.06566224400001,15.124598752413965,1.0021152839816188,0.006049839500965585,0.9999503574645037,169.752361165,236.869638935,406.9693157409555
ACUSESXyNnwRLAg1dpSGMLSzUDdLjUMybY8rkXiAKhCP,AhFPQdu8GKBsxuhiH46UmCu1YpaLgNpoP325HnYtsgas,A8wxWpT3aFEr2XqZp1kDmbxbFfcBE95UUmdsNTDBJYbT,0.0,0.002270671999667684,0.0,0.9999503574645037,0.0,0.987847430769506,1044.99877413,1840.979146512,2863.5534177233785
B2izdXFYb2sNwbWWHmh75T4aQFtfXsUxem9u2p61HGzf,4DYwgJtxwuJdAjkj5RJSNH4e7U329V5cNp7d3a1nLrZv,EXNW64GEf1ACC6xY9BtKRiunrs6GoJSXBdxWN2eTPmrF,10708.28259300001,10615.873377000005,10696.430947510169,0.9988932263052537,1.069643094751017,1.0,11146.473187,28782.002729,39916.13929268743
AUSejoEUCh2DBs9mof6BNC8Pubs22w4cJa1ccV9h44R,4xkyD7AfGQDwsQMy9MosRRNGoVJ1zosNinesxg1TzHG7,Cbm5gsQe3nSiCsFrvepVzMCD9xLK3ri9g3ypS2hdmVJ7,292.6742699999995,292.4798039999987,292.9273592383814,1.0008647471415302,0.029292735923838145,1.0,14157.805562,14719.67901,28889.72749389008
SAMGk1Nd4haC8zQA63DG37pzuEZy8j4q13tSFtCbcRE,9U9TnkHD3jXMAVZtynCVLgDruuqN4pTvLJTmVHCLWS8g,C6zoEbvqSknmi96QWq96UBiPCyNW3YSTvKhavR2BfifE,0.8883233699999971,1.2802884999999824,1.726673359625707,1.9437441566191291,0.0006906693438502829,0.0,53.64118392,1.13876514,104.264737798632
heyk4SZTeCUV6a65WiVA5bzic3KcxgVf1qxobfeV4tQ,9ZDpBKPqMABtGfq66FbVribaArMvtk63xxy91onZAtDt,DaTP4s6N7xxSPinbNZ3FB52EpRDRt87QShTuN3VPCW52,89.5239653390056,77.3748314649996,14838.4878173829,165.74877756132827,5.935395126953161,143.82731976926647,623.061576944,4495.777771625,749887.3618949706
CZgvH45CRmoaNJ7395Ao5CQZXkGznvqU7cErD6n7FaRg,4ZjU6MKvtqVQKCiowhvZ5yUsPxXX5SCzd5eFsPeXyey5,BsyWeshjDbCvjDojry3vKDCesmFRM37WtwcR4Kfgzqr,33.33783425000013,32.427881429999985,34.45307654802116,1.0334527518991736,0.013781230619208462,0.9999518723163855,205.78600014,599.68628119,812.3275278253977
DFWzVTzNBrQZLjoQ4yQwkj9HuoXmfkuZP9V5vbymZe23,DhgiEgiNdqZdRdo195UUHnoEJUtefK8buko8nU97XJUZ,2K2kkXsouBHtWVjtcgkyiXd8eP3oVBvq1bTJzcVdLLr2,941.7911290250086,928.3086680189954,928.271600423479,0.9856448758276947,0.3713086401693916,0.9996491771198865,44562.274951926,23439.924861198,67354.27956083925
GokA1R67GqSavkd15zR62QD68Tuc5AEfvjssntVDEbM8,3YB7hfpBdbQEuZqLGWVDpRPmeZWCUsrrWyqGXegnQ6Cg,4DPCj6Z1DsG6HUtwSogBGqXEUxdEV5a8YVrrFtcnz7UW,11527.695491999993,11528.801821000001,11528.375666164296,1.0000590034812054,1.1528375666164297,1.0,16719.764286,15698.413584,32419.16439429781
MAR3XM1n9xWPQ3HJjAcC85o8DopWFP5p2WxGTaZ3fPB,6qG7GUhER8Cg9gDEgnebph9LdS6eu2eoWcA4R7z9uizK,4QV4CwRXVMY227KkFF9voNAfwWHVvVajXSXDKbUHkWZR,0.39524000000000115,0.008824999999999986,0.3751453398698715,0.9491583338474607,0.0001500581359479486,0.020952120946537207,0.108506,24.430071,0.6148511764969438
AURHmCnNwiW4uA2Qj1XvEh4iKgRUZYXtiY7FKAapUV5Y,BKWm4TRnTeKwfWXRyuzjRHU7iZDkPuXBX5b5V5jSVfGJ,A5Ww74HVrkj9nPeC7pHKLfgeDMEhBCpW1efQdz3TGLEg,0.012180872999977055,0.010894102999941424,1.9568406196823582,160.64863492838685,0.0007827362478729433,143.91056821648755,289.928072031,1795.287738093,304937.42750025546
BkwbeSfcX1h4thMDd7obGkHrPevf3QwgzJ4pCEqG18Lu,35yX27bmurdebhfAb8EPmjLETDiUaEUCn9zHaDPbakH2,2CxECn1ZJFoESyUnQysQU8rRgT3iJ5GRs2Mdd6gZjx5g,0.03118264000000026,0.02096894000000149,64.38836234487654,2064.87848190134,0.025755344937950616,1290.3225806451612,0.82270259,22.05999693,30163.293042837435
ALLwa5WNZbvQsRKAqe1jdRGemdYQnW8E5k4msbRFcYtu,CGoM82Hbz7QVqTgvQatYtjvDWBvoUJp5qm21P8iMs9yb,3dxNNww8TivyN5FMy5dCNdi3Zcxv6e4kUfSPxfFwpdNq,8.667575351,8.440430053999998,25981.161688798296,2997.5120649860614,10.392464675519319,2993.9940479398324,2.492069519,6.163643179,25923.91944153746
7dwD9TF6uikvHXxPFK9AsSim54yJoujQjY9vU6gNFumk,CquVr6atkvwueDYficKjn6SSEWq4F4rH4VSiBbW4GBWU,8BCa6ge3b7ho3TfZuM64Vk1hgbrJ3J7EPiAb9uP86CGd,0.00097342,0.0009797550000000006,0.16572602819021157,170.25130795567335,6.629041127608463e-05,170.84239652246885,0.003827876,0.003680437,1.2804755730220967
parEAJhzYzHW87y9VoZAQ22dzQ2MD2ekEtTReaxbMcz,3oyc6hpjYSJEquK6dSvG72NXyz3pqLZz5D8AC71pwgQb,Di2vordgFJVZ1aj1aBpvzXtLfZgJsuLLXawGtVFwX6Rz,6.081418591999977,7.197941895999747,851.4670438009774,140.01125410460492,0.34058681752039105,166.02569679324688,1103.356131797,139.881737388,177706.2386553964
BSC8REUo9LpiiWUuqMuLXs2D2yJsJfGd4HdiF3wCLxk5,AZjEH1zWVx1UJ6udMyRijGTzPteuLnaY18yNNmprJEsh,Caf8ypkSVR8xYnXNhjvfvdGCC7mrM3C11rz8Xi6NA6aK,199.47453322699994,200.0,200.0179522004537,1.0027242523878241,0.08000718088018148,0.9999503604642058,2571.174274527,3786.063508265,6364.054372013854
MARpDPs5A7XiyCWPNH8GsMWPLxmwNn9SBmKvPa9LzgA,6YjT74rmcfCpw8LSjPNx5JTmZoYLGrTKnf9arfSgZ4SR,F8GSmi3vA8M8TsybLya1LQ4n1aFHCRbZ6k437PeTdXtg,15564.164333999983,16421.904681000044,14765.232375399492,0.9486684963319733,5.906092950159797,1.0,297157.704988,15010.807756,296914.96092042606
BSCNHw8CmxbZ8hCWWzMf5FaG2ajPT6JxfznKUNuRVrn4,7n9kgNL633yGzCYksgnzHyjG73ZLBAwvEae5sbAekbzW,SscdxE99omdG9AiMVwmaEMQySQnCgeAh1sPj2Leutm2,62.08398620300022,61.73025111600009,62.462145021084034,1.0060910846936812,0.024984858008433617,0.9996491771198865,3866.9044012,7838.117192153,11725.825444715061
KZMu9QBEdL97EFgamLbN5DE1AoKBG4HdrKKJo4Vuon3,DD4ACBWyVqdaKWh7v5btsgqQCCMwbKnuL2xd9pv7Gyuw,GcYqiJ1MAuYbNTNYXm1F1gQYTfTgkErACAhNU5dpVj9T,22.391063869999925,23.385163500000544,21.447071654537602,0.9578406715758108,0.00857882866181504,0.9999518723163855,2407.33812788,693.34503259,2999.1580326182698
Dg3mAgpwDfVNnbGWcsxL8sUcSkEbjSJQhKAWNigG44Ju,EATxwd8YA2wV93VJcKMmH2Kn2Y9XfJVUB9hHVu3udwEy,GiGvrRi7NMHfHKanG2B8xyCEqe8jaafWins8bhrLVEaa,0.003522915999999987,0.0035602189999999756,0.606999423310951,172.30028286537438,0.0002427997693243804,170.78815488504506,0.198682023,0.260927835,78.7963522609643
ercAoEmXjQzEvAFbdjAo81KtMxRGn9AW1ju882upmPH,CMRhskR2Eg6V42RTSdRTXGdozyPbWB8U9dVpijPWb9T4,7TKLLgrWswt6ZJ1pXhVR3FyufHGjJFqiEXxvWJfDcgRm,0.20633164299999862,0.20996235699999488,29.704089134879595,143.96283916025325,0.011881635653951839,141.14519281350783,301.025817401,788.095432976,154572.41317642637
BUSDgu5JdqP1rndBvXvanbEufS94FNh1w5FJcAj6vawb,Bgzr8cWubt89JQFXndVjtdKmDbGzuPxNhvjH1EhWCwbo,Dxaf8xPBBQsasRKW5Aa4Sw2YrbfGofY9xZueyyF23FBW,9429.150542160001,9455.158761219995,9404.260098871116,0.9973602666350916,3.761704039548447,0.9999518723163855,8727.38661404,6350.86079195,15054.903780137589
Cob4usZcpHEY7Qt4ZCwj6WVg9S44zvzYV2v9qYF65dTf,NhFM9UXE48PyNAyeyPYA3iXztqKVJwA4bTdLj4ysM8w,6TuFuynuBoeskxyR2cz4wxyidk8dpDK7kAWw3UkjQGx,10.093941000000001,1143.5532099999982,0.08950305906911009,0.008867008343828251,3.5801223627644036e-05,1.0,71194.697517,185.905778,817.1897549195673
Lid8SLUxQ9RmF7XMqUA8c24RitTwzja8VSKngJxRcUa,4PgzyzLtds9bKZ2to9PMnKqJzKEUpjvNUaeN23phegax,AtymwxoVN9peZo7EXTcDz9jKVc4vRmisJKKrNfe3ewBa,65.80037476900043,55.723103127999934,11203.364730782878,170.26293193790374,1.1203364730782879,143.97931765897692,969.267982909,7673.498256309,1269855.4516043435
BUSDTd9WiT6uBHJRgNvFXBsA7JrifsAtWzKfioN7ERcy,DyBxrn7gSc1EwnpWhDyhzvMHPtxpmBqRqotapLcKcfTM,Cds99GeBgoCpqBsoRWu1C6fF9LiUMd4pXQQD24s9LPff,473.43811754,474.24129824000005,473.4365409963185,0.9999966700110889,0.04734365409963185,0.9982052369659875,74.39845812,99.30312955,173.52311433788134
MATSnbbiTCv7Dc3trJrkrqjx7ckKdr6fwPoVwv9q3sD,631WX9JizSHJm4w6VanZeJAst9T8DeUUnPLesdGkCVtK,211maUSfpnXbPuW1iBu8b4dtJv5EbN1j7JJiEX5TZKEP,1661.001815000007,1659.8807149999993,1660.925412431035,0.9999540021159027,0.6643701649724141,0.9989680659878345,20337.045531,25218.374797,45528.46116825222
BSCuChvaSj9b5HUSqgDVRzcnr2sSn7cXaamt1jbKH6hn,GnKpRj5kBVPMJfiwZtEuD9GYApLzPdW5JFuZTcyX4BTc,3dmwD9okkomV9nDwyuh4UMhKdUR13QpuKxRo89ycZB5t,201.009363441,200.585743998,201.49859416919764,1.0024338703422702,0.08059943766767907,0.9994532990454221,1261.220572554,1852.147039986,3115.4246893318214
KwnjUuZhTMTSGAaavkLEmSyfobY16JNH4poL9oeeEvE,J63v6qEZmQpDqCD8bd4PXu2Pq5ZbyXrFcSa3Xt1HdAPQ,BnKQtTdLw9qPCDgZkWX3sURkBAoKCUYL1yahh6Mw7mRK,118.4862280000001,5632.972383000073,2.50185244115957,0.021115132816613657,0.000250185244115957,1.0,277347.629297,578.945624,6435.177652979084
NorjjEePhxfwLF4vZjUHCrVVKLzQjEEGQFd3wgjEJmh,34M8pFVqgbV7aqHxvRT5tCv3vu2P1JJYT8J3VaxBK2oG,3AZWBSze3ucsY3xSeuLne3b2pauVqiaJ1SZSV5T9WGWw,1.6699510000039481,1.6460679999968306,0.9671142548739056,0.579127324617081,0.00038684570194956225,1.0,38233.018432,2194.96729,24336.752966559707
FrnkTEL6yZ5Aycq2TrEgu29dCrwKG4LPUZydfiwqspkc,DjvZuMZ46fxKBoBpGMPcRcos4xdTtHFxwMh69DpA2ZFY,9rvDPJLAng4uVVqnnSoEXgNDFhBZQTny9AoQioYDZbQX,27.07015511299892,22.561055960999767,4663.052883918713,172.25807774110405,1.8652211535674852,143.9539692787834,172.669762225,1438.995514926,236892.8774728565
vEnkoSUkpnbRrPgBz9DfcVxNz67zjwMYBZraAvDDNSf,DtfyjjsZ5yCjWKLKHvwsfXs5QVsmm1QkK6Sh9JZHoq1g,e5wrKCRv4GhHvEf1VD5Pq2KGaZDXP77nTL612Jyrxwy,1109.757264,1109.6602640000006,1108.2987428544036,0.9986857295798728,0.11082987428544036,0.9991197754778042,946.75138,1000.74247,1945.3686846035548
RajgMbScQbqqrdJfR2rxfHJiTiY5b6bJ2tTXiF4aPxy,725ZA3fhyBAKb5iopNRrcbSuQa3LXA1656Q3mBvYPxeg,GLA6i1dSZpUfk2f9Nj8uiG7xyDdAR2reff8oEiZH3617,602.2663004499991,603.2669481800112,601.0639501560255,0.9980036234916759,0.24042558006241022,0.9999518723163855,133371.7014008,50556.49909891,183659.50720096493
MATgk4zXLXtYkwBH678J1xZbRDZ45LicNzkRBHkxTuY,y8dALFo1bJrSzPYjMX14HJX448pXqYmrfXHD1K8MXih,GN7Yuet3UyiWS5YVkEHv6oQKi4HGBJc3XDPt9zQhAqZz,405.9486770000003,405.1863710000007,406.8490339120477,1.002217908230915,0.16273961356481909,1.0,3055.774375,5009.079703,8071.631505138132
Sid7E679i9ABqptiAVhkmQ27YHN8vaYT4fppPwmxFsJ,GP7KB8o1bv527HG8kTzzzf4wJ5aEGHvcMQvVhLziUfmT,9gYxhAZ1M9wu5pxr8SBoa5NDm21gi3s9vMHaYTME77sa,545.2067170000046,1078.124600999994,4.834352508750249,0.008867008343828251,0.0019337410035000996,0.021120173002940328,130149.710575,10856.09597,1383.3211946382803
RoBgmK8CvjdHvPrqdDyVw54VwjZv2TqJ493xnqJAQHx,ExiHJxM7qPAcy27NDHAF6G7vnW7muNHi2sVJpnaNynGQ,6rkPHSqZb7StM4HwS9EuVrmfkV7tRdc7dnsFhyB6cefE,0.7444160000000011,44.74992799999927,0.0,0.0,0.0,0.8245776925347683,6287.165462,18.59201,15.330556705383337
moFiBS1R4Lf3E3zzmBPnw3NF4RhWPkhREFviuzUaCAU,44ALBrpqi9PfZkBRTvbtRNtFJGsatfY4QydjtMbFWq8S,2ho8qEEie1UjVwWNBo9y4oAJZMyMLx8zPj9bxyUz6uWs,29495.948750307994,29368.047928130007,29595.50293174388,1.0033751815301362,11.838201172697552,0.9996491791184834,22132.422870883,42300.92994311,64493.21370935235
KysFMBBoavfov2tLpvefWW6tPFt6rAeZWDJVy1mMQae,B8ka2V21TH3x64dFV8ETcjuQcwmrciJ2qzy1mJUttRew,7fSf7EYxBANyxzk2s5pymFgshA91tFYQNKKs5UnLWcYS,37.137703999988844,41.168519999986984,0.0,0.0,0.0,0.021092029714282725,134492.636684,2619.293055,55.24620694647438
ALBpShJ9NLpE739pcHDF2LNVk5J4VYPvvKuV6jMPitZi,D6d156U1bPiJpDYRLextvDRccgFk7QzkQbJg42ceKEu5,GNcM8U5g8RwTZffwwm3kSQqUNPSwv5d2fbN9sLxPJqt2,2.9667460000055144,2.972010000004957,2.9586540810937234,0.9972724598223859,0.0011834616324374893,0.9988243837003846,55253.263588,45061.723257,100111.30605226973
WiiQFxXqp8P9Fs1rt9SVcDyA3KUdJmUsog6wnVQAwba,3S2jpqSYxho6wiz3cafhjXruVY8cg4HYa2v3BqBHYFSj,Dfe67M6TfrG74gKRtdqys4e6E9QirPD53BkF4FujFjuv,1286.2660028499977,1290.1122516670039,1282.6546757837816,0.9971923948404029,0.12826546757837817,0.9996489702651445,21408.1807577,5415.17547087,26761.34962220736
ZUCKWFa4LTL833dPhhpeeRWZcaAEoMeYJPi2iKn4F8N,7eEYpq6ShaJ9opZWMxitRFrdCHh6vfyHhGfoSvFht3N2,H8VggnHmuwd1wvwpT8eg9cUJFEfZ7HAaeYjgXrSm7A2u,0.0011889080001310504,0.0011889080001310504,0.0011902403003722331,1.0011206083574473,4.7609612014889335e-07,0.9996489712644426,1849.447104349,1997.705809944,3848.5241680303097
SoNcU2iwHMw6dGzsYNQkYFkUjwN1UdAjrWVRnStrZu2,8ivTTid27jZnYNc4w3CTA1Z6QS2twsFb8WMwUabeDJgc,CyXm53PMvHCbeXJBykU46Rcbo28xk5srhMZFg7gv6EYB,1.5951502260000012,1.581645410000002,272.50215521217655,170.83165633590696,0.10900086208487061,168.93604081494746,15.896345802,18.786178784,5889.261748854726
KEN5P7p3asnb23Sw6yAmJRGvijfAzso3RqfyLAQhznt,9zj4aX38Uxf3h6AUjS4EipWS8mwbEofasHAf3a1uKGds,CwQDG1MWunn9cLNwcZLd8YBacweSR7ARo32w4mLua1Yr,45548.7394380006,45549.01754800067,45520.06179906719,0.9993703966501105,4.552006179906719,1.0,1147072.874142,1142214.41549,2288565.0887078727
wrmcMSHFi3sWpAEy4rGDvQb3ezh3PhXoV2xNjgLBkKU,8p4mGnARWPBu6P2Gcw4adodLkNDorrXniZMhaY7eJXUn,AyY89zccbsgp9LKFgH4CFZMJmpSgqmPSdTfukhP227rc,0.003946579999999991,0.03784219000000277,1.2293914067391623,311.5080415800934,0.0004917565626956649,3007.4283480196086,27.0728406,0.09677144,8724.44072725072
