0,1,2,3,4,5,6,7,8,9,10,11
KEnkcdADoLR5jS2CLLLesy8TtFsyWL37BhXNfDMzWzP,3qsjFRuw1qeLMPo4DLwaQevenGAGBj9dA3Q6rb8ax2YR,77iEv8zPQAEyCcEbvBRSB6AFcUdfkhiqnAKtPxk76rNN,0.016187000000000007,1.761134999999996,0.00014074976085496558,0.008695234500214094,5.629990434198624e-08,0.9996211435865808,118.109134,0.307603,1.3344730793778725
KwnjUuZhTMTSGAaavkLEmSyfobY16JNH4poL9oeeEvE,J63v6qEZmQpDqCD8bd4PXu2Pq5ZbyXrFcSa3Xt1HdAPQ,BnKQtTdLw9qPCDgZkWX3sURkBAoKCUYL1yahh6Mw7mRK,728.8305490000007,34608.78501300007,14.981683336996387,0.02055578399883506,0.001498168333699639,1.0,277575.251929,574.154931,6279.93185307475
RajgMbScQbqqrdJfR2rxfHJiTiY5b6bJ2tTXiF4aPxy,725ZA3fhyBAKb5iopNRrcbSuQa3LXA1656Q3mBvYPxeg,GLA6i1dSZpUfk2f9Nj8uiG7xyDdAR2reff8oEiZH3617,46850.946448020004,46903.794081379994,46740.09390211423,0.9976339315572044,18.696037560845696,1.0,132937.11057766,50989.42369366,183611.99596910577
SoN9GaFpSXfpyR5dth3x7PHPVhvJMpQqqDJfCSmPv1t,9kZ9iS68ViMPtoeqtnhAKuF2iqVyfHPdZHoUNdwCELr,BBhm5fJLjw3HRzjtKB8uMEYjGhY6EDm9co3cqpjrSzB9,0.5769978879999997,0.5659269180000004,106.75573643040809,185.0192845600297,0.04270229457216324,178.11228055676472,1.538277089,2.443966978,719.9114585188695
MATSnbbiTCv7Dc3trJrkrqjx7ckKdr6fwPoVwv9q3sD,631WX9JizSHJm4w6VanZeJAst9T8DeUUnPLesdGkCVtK,211maUSfpnXbPuW1iBu8b4dtJv5EbN1j7JJiEX5TZKEP,951.8872330000049,951.4642380000078,952.7904783735029,1.0009488995567797,0.38111619134940117,0.9999600015999359,20240.447977,25313.987932,45572.62954209788
AURHmCnNwiW4uA2Qj1XvEh4iKgRUZYXtiY7FKAapUV5Y,BKWm4TRnTeKwfWXRyuzjRHU7iZDkPuXBX5b5V5jSVfGJ,A5Ww74HVrkj9nPeC7pHKLfgeDMEhBCpW1efQdz3TGLEg,0.005436416000065947,0.004857568999966588,0.9400962746894205,172.9257427463271,0.0003760385098757682,153.23843379287496,289.944339681,1795.269522979,325243.13023181394
4Fss9Dy3vAUBuQ4SyEZz4vcLxeQqoFLZjdXhEUr3wqz3,,,9.681300000000006e-05,8.339999999999997e-05,0.0,0.0,0.0,153.23843379287496,289.944339681,1795.269522979,275104.28993738367
FrnkTEL6yZ5Aycq2TrEgu29dCrwKG4LPUZydfiwqspkc,DjvZuMZ46fxKBoBpGMPcRcos4xdTtHFxwMh69DpA2ZFY,9rvDPJLAng4uVVqnnSoEXgNDFhBZQTny9AoQioYDZbQX,15.451736870000246,12.9025996069999,2759.2062075697404,178.56932400439567,1.1036824830278964,155.20843017692675,173.147504652,1438.406457659,254171.64110836305
ALLwa5WNZbvQsRKAqe1jdRGemdYQnW8E5k4msbRFcYtu,CGoM82Hbz7QVqTgvQatYtjvDWBvoUJp5qm21P8iMs9yb,3dxNNww8TivyN5FMy5dCNdi3Zcxv6e4kUfSPxfFwpdNq,1.8363023610000022,1.80369946,5649.639605574876,3076.639079469587,2.2598558422299506,3035.5831051586697,0.885250709,7.774157983,26322.69955646676
BerKDkt6v49dT1bHRedgnpsJS263C1DSJtEGvY9Mg35V,78XKqNb8wbfsMMrvo8WPUpdx7GEkfQutpNVH943aCGFa,DKYQwn4nDvFHCszi5tXbqfVMAP7DaXXp1KGTXEnYnKVH,0.0012420680000104767,0.0012420680000104767,0.0012445195192745588,1.0019737399756385,4.978078077098235e-07,1.0,1338.317413093,1686.889624681,3027.848528352315
SAMGk1Nd4haC8zQA63DG37pzuEZy8j4q13tSFtCbcRE,9U9TnkHD3jXMAVZtynCVLgDruuqN4pTvLJTmVHCLWS8g,C6zoEbvqSknmi96QWq96UBiPCyNW3YSTvKhavR2BfifE,0.27725970000000133,0.23543552000000412,0.40375078271759746,1.4562187823098542,0.00016150031308703898,0.0,54.14518594,0.90139369,78.84723673748744
MAR3XM1n9xWPQ3HJjAcC85o8DopWFP5p2WxGTaZ3fPB,6qG7GUhER8Cg9gDEgnebph9LdS6eu2eoWcA4R7z9uizK,4QV4CwRXVMY227KkFF9voNAfwWHVvVajXSXDKbUHkWZR,0.010242999999999988,0.4443260000000002,0.009639064418837712,0.94103918957705,3.855625767535085e-06,0.020764370101724026,0.107105,24.494725,0.609407537839602
Sid7E679i9ABqptiAVhkmQ27YHN8vaYT4fppPwmxFsJ,GP7KB8o1bv527HG8kTzzzf4wJ5aEGHvcMQvVhLziUfmT,9gYxhAZ1M9wu5pxr8SBoa5NDm21gi3s9vMHaYTME77sa,2146.228049999989,5173.430166000049,18.66195618568712,0.008695234500214094,0.007464782474274849,0.020764370101724026,130264.996138,10807.436809,1357.0943063424647
TETFuZgEmET6d9vYmz9iMFCxK1jKdKYxf3oPz8hSzJK,Eu1Ze6Z84LWNkq7SNoAHBJbXx5t1P95EwyqYohrfCRFV,ASMbv7WNu3qe4pkhREmvyEdwFNDZQ6B6iSrjkj4u8bdC,6.284634660999998,6.304967664999992,6.254086867637107,0.9951392889148419,0.002501634747054843,0.999132752770595,285.843713171,66.954091834,351.3503355491266
GokA1R67GqSavkd15zR62QD68Tuc5AEfvjssntVDEbM8,3YB7hfpBdbQEuZqLGWVDpRPmeZWCUsrrWyqGXegnQ6Cg,4DPCj6Z1DsG6HUtwSogBGqXEUxdEV5a8YVrrFtcnz7UW,23138.241773,23138.520227000015,23141.689884792835,1.0001490222043083,2.3141689884792833,1.0,14722.414984,17694.242368,32418.851318733658
SEQV6QiTpvTzrceiaYg9Avnwf7oc8ZALpnQMz6TyT4A,3dFMPj4r9mMmPHF32mz1gNDX7f8ftidWof7S8YiYTs1j,Fc1ED3YPeQfXQosHbd8DTaBd2AV5gHQtwiSAL5C5pUhi,274.3196001939999,275.4683365910005,272.5618331235995,0.9935922658491871,0.1090247332494398,0.9992765237967712,4761.004667846,870.150089824,5600.017972584439
SRMuKizofcAMicegrfSv7xs9q76tH1w8aAF7oX9FEWu,72Hj2KWntXPfbie4UgKeTPnm1XVkomDfCnRPKbvfTtPi,6aqJQ5wedqpUt4fFEDUqUmXhrdxCu4bEJsQdVPCADLko,29.74520300000222,29.624885000000177,1.336627929810559,0.04493591554276699,0.0005346511719242237,0.045037086464405414,16928.681878,4962.345507,984.1954027851907
Cob4usZcpHEY7Qt4ZCwj6WVg9S44zvzYV2v9qYF65dTf,NhFM9UXE48PyNAyeyPYA3iXztqKVJwA4bTdLj4ysM8w,6TuFuynuBoeskxyR2cz4wxyidk8dpDK7kAWw3UkjQGx,57.438221999998404,5187.94655000005,0.4994388095653423,0.008695234500214094,0.00019977552382613692,1.0,71425.661924,183.868062,804.930941762193
YakoMPuYrybnr9R7VC7hVGxMz94fJvPFCdZ4gmW61Ed,,,2.288846,2.286863,0.0,0.0,0.0,1.0,71425.661924,183.868062,183.868062
daob129AwBGn9Y5r91uLoWZeYiGzbPmksauMhFZKTze,6VW5GQNyj4LStgmxEHLr5zUfW92vQnmbw8jTnCH7a38F,4VPCCUifPeBA1c7HWK358CHn2nyjm8pdTRk6Ps3KmnMQ,20.723534999000066,18.55421744599996,3580.5541688458297,172.77719119921363,1.432221667538332,155.23459595461748,48.284785841,224.096765843,43130.08057563816
SERgf3DMJpQxUifu7VoFKmfne73d2fDJxSrxUMrcNJB,AJfM2GZ2tTB8UtN2krcyR9xufRJEx2mhSCbJyMgPo3GU,F4yRYkufQvERZcEKnKjJwRLU1btiMBUuEwq46hfm11QD,0.10441026300000189,0.10441591700000075,16.119107725265064,154.38240707491343,0.006447643090106026,155.285675952336,29.1804226,28.064455105,8862.951761665116
DFWzVTzNBrQZLjoQ4yQwkj9HuoXmfkuZP9V5vbymZe23,DhgiEgiNdqZdRdo195UUHnoEJUtefK8buko8nU97XJUZ,2K2kkXsouBHtWVjtcgkyiXd8eP3oVBvq1bTJzcVdLLr2,0.4545214009922347,0.45649410799887846,0.44718018872039317,0.9838484782986776,0.0001788720754881573,1.0,45476.03363391,22540.05739651,67281.58388629185
C98Sspw7XqnMsgxea3SLQVdbMDL8pKUc3RE82UvX9eq2,CSqgQJurPCzGxb4Cgwx5R61hWQUiaoUHcShNc8r1cKEL,6S2CR5EnukPhC914XkAns8m5GixjMAoUuZMsS5ubHuWc,43.208095999999955,43.238625999999954,0.0,0.0,0.0,1.0,906.396233,857.27395,857.27395
STK75uPSyBnEhGTTzb1nwmP3n427XoXmfRhXxxhyady,6TYyD5fUmDe6N65avW1Ny2RxzRNobw2RRgKwH9CTzSAU,54zDfk4cx2vGrEajPtodWpArNe5eUurytyxd4X3aZAxK,441.82495897299697,498.03520310999625,68608.37359559108,155.28406035518745,6.860837359559109,175.00345194308957,1852.313523201,325.560633254,344608.9995697022
BSCNHw8CmxbZ8hCWWzMf5FaG2ajPT6JxfznKUNuRVrn4,7n9kgNL633yGzCYksgnzHyjG73ZLBAwvEae5sbAekbzW,SscdxE99omdG9AiMVwmaEMQySQnCgeAh1sPj2Leutm2,211.61346959000093,210.7823277410007,212.74826136995915,1.0053625687540442,0.08509930454798367,1.0,3954.620315899,7749.839021623,11725.666260862148
MiMUFdSLMyCLpqpH6zkqdDrGYs7XBomwENbivdYjv9V,,,0.008286186000000001,0.011129000000000056,0.0,0.0,0.0,1.0,3954.620315899,7749.839021623,7749.839021623
RoBgmK8CvjdHvPrqdDyVw54VwjZv2TqJ493xnqJAQHx,ExiHJxM7qPAcy27NDHAF6G7vnW7muNHi2sVJpnaNynGQ,6rkPHSqZb7StM4HwS9EuVrmfkV7tRdc7dnsFhyB6cefE,2.1843949999999985,124.86304699999982,0.0,0.0,0.0,0.9441221316389488,6285.546605,18.618915,17.5785297186044
AUSejoEUCh2DBs9mof6BNC8Pubs22w4cJa1ccV9h44R,4xkyD7AfGQDwsQMy9MosRRNGoVJ1zosNinesxg1TzHG7,Cbm5gsQe3nSiCsFrvepVzMCD9xLK3ri9g3ypS2hdmVJ7,1540.1059640000003,1537.8788090000035,1541.6229209542194,1.0009849692097024,0.15416229209542193,1.0,14107.703275,14769.789541,28891.388469345493
JSoLLrxK5bYdHwTEWYaGgmeycBCNXKDiBCTw5hXGBg7,xG4wXczA7Dk4hccJ61CHKpDHW4NrNfQwgmWgkb9BuF2,BVR6WgfhsRr9Lob4QDnkEAiNGgAbv7ZieKcY9kSg3QYR,3.4848094750000165,2.967584521999985,635.7393094636232,182.43158313945418,0.2542957237854493,155.29802311828493,17.131888133,164.590247971,28685.937608715823
NorjjEePhxfwLF4vZjUHCrVVKLzQjEEGQFd3wgjEJmh,34M8pFVqgbV7aqHxvRT5tCv3vu2P1JJYT8J3VaxBK2oG,3AZWBSze3ucsY3xSeuLne3b2pauVqiaJ1SZSV5T9WGWw,65.80458700000054,112.4361080000017,38.0920495625222,0.5788661748233734,0.015236819825008881,1.0,38235.118654,2193.749071,24326.76595015879
Dg3mAgpwDfVNnbGWcsxL8sUcSkEbjSJQhKAWNigG44Ju,EATxwd8YA2wV93VJcKMmH2Kn2Y9XfJVUB9hHVu3udwEy,GiGvrRi7NMHfHKanG2B8xyCEqe8jaafWins8bhrLVEaa,0.004100716000000004,0.004138392000000046,0.7622974757301776,185.89375019635028,0.000304918990292071,184.23762379156238,0.202204939,0.257367616,85.00543243167354
SUiuyGR7SFq3xeRVJonq84fjjeFwRSsFekcevJ53tzy,49GjCCPsv7fBqo6t3iKDrP1xxGDS8uWZbVCdfnp2gjMf,CEwj5xEbbJEjYqM8D6Ai8ByGz1mrh8mkAVsE5fzDSSSx,0.08543100000000003,8.789611000000036,0.0007428425785877906,0.008695234500214094,2.971370314351163e-07,0.9308638136931929,637.013648,1.740721,7.1593572378326655
KEN5P7p3asnb23Sw6yAmJRGvijfAzso3RqfyLAQhznt,9zj4aX38Uxf3h6AUjS4EipWS8mwbEofasHAf3a1uKGds,CwQDG1MWunn9cLNwcZLd8YBacweSR7ARo32w4mLua1Yr,87720.60358799831,87722.1618189998,87724.46346439075,1.0000440019360852,8.772446346439075,1.0,1134275.061766,1125636.487666,2259961.459730771
ionytDfEj1mXodptgrsKEZro7DGsfpzANUfarJdm6Qb,3gkSjY95an9xNFSjCfsay6JZez7uv7yfW3Ad4ubc4fMK,9wXqANaSuEqkKL9yHzCPEDGHwbkStVAqV5rB3QDs3Jr6,0.001539665999999995,0.005736692000000154,1.2674630915356218,823.2065211127776,0.0005069852366142488,3073.801985676083,3.152465045,0.08412619,2853.7170324934496
KZMu9QBEdL97EFgamLbN5DE1AoKBG4HdrKKJo4Vuon3,DD4ACBWyVqdaKWh7v5btsgqQCCMwbKnuL2xd9pv7Gyuw,GcYqiJ1MAuYbNTNYXm1F1gQYTfTgkErACAhNU5dpVj9T,297.11668736,306.61364977000176,284.0676588022556,0.9560811320505415,0.11362706352090225,1.0,2408.47783706,692.23409783,2994.9343148049643
C2ypsDADXcCRz8HbV2zX1AXPSja7a1P3xZtRC91xGhJh,J9bYNuDpY1d1T86gLaw7DGk5D3CsUAf2tzUwxMvb6FTv,A2NGvvPrMGzsJ4jb52KEnSBVmsA7C34dV1GC7PerdgvG,410.9759589909968,413.3639523419977,63776.70809617358,155.18354955057293,25.510683238469433,155.62843462228435,2558.685020694,1507.709253172,631708.2546298678
Lee1XZJfJ9Hm2K1qTyeCz1LXNc1YBZaKZszvNY4KCDw,9DgFSWkPDGijNKcLGbr3p5xoJbHsPgXUTr6QvGBJ5vGN,2hNHZg7XBhuhHVZ3JDEi4buq2fPQwuWBdQ9xkH7t1GQX,1259.5697443840472,1062.3620804779866,231686.5968740407,183.9410623405691,23.168659687404073,155.06114138335317,6719.694612957,53849.747867487,9586031.133249832
SAMyS8Jr2HJrkFwYVKbpUwsNStnQmvz3f8Tup8bWUWF,6jPzm5TFfquvgm25sTyN3MMGBfufRaFHMxobDWv6hMFW,Cj9ECoDmxsHTDzCY5ZA6RWrPbg9uFzEC1Qc2kso2vJG6,4484.304341930019,164.1852113000022,4287.358771691611,0.9560811320505415,1.7149435086766445,0.020797061524945367,482.83988393,108848.40197583,2725.3610156102677
BSCrK1Nx9PXU9mF7STWWBqeHLxmtJDr9h7jheEy4tAWX,FfSySSbVJPvEo5a5AvrP3nySoXpRE2QPn1uUMpJJ1x7v,HL7Vcj6838ZmvBHDbQxXfjBNckNi83WvPiZQoMQLFeRM,0.010365749999999951,0.010359483999999863,31.88088208156471,3075.5982038506486,0.012752352832625886,3070.498648980594,0.840167801,0.964118951,5544.344516190837
BSCuChvaSj9b5HUSqgDVRzcnr2sSn7cXaamt1jbKH6hn,GnKpRj5kBVPMJfiwZtEuD9GYApLzPdW5JFuZTcyX4BTc,3dmwD9okkomV9nDwyuh4UMhKdUR13QpuKxRo89ycZB5t,220.13424892800003,220.13715755400017,220.32405722200053,1.0008622388152904,0.08812962288880022,0.9995369774891589,1489.248430255,1623.300394658,3113.0812880905924
parEAJhzYzHW87y9VoZAQ22dzQ2MD2ekEtTReaxbMcz,3oyc6hpjYSJEquK6dSvG72NXyz3pqLZz5D8AC71pwgQb,Di2vordgFJVZ1aj1aBpvzXtLfZgJsuLLXawGtVFwX6Rz,7.238672094000094,8.524765414000512,1096.46464547932,151.47317508526802,0.438585858191728,177.92100022916227,1102.314800036,140.76040833,192015.35534767414
wrmcMSHFi3sWpAEy4rGDvQb3ezh3PhXoV2xNjgLBkKU,8p4mGnARWPBu6P2Gcw4adodLkNDorrXniZMhaY7eJXUn,AyY89zccbsgp9LKFgH4CFZMJmpSgqmPSdTfukhP227rc,0.007774130000000587,0.029603500000001087,2.6433628017683057,340.02040122407345,0.0010573451207073223,3070.498648980594,27.03565097,0.10074981,9502.02504566346
YAkoNb6HKmSxQN9L8hiBE5tPJRsniSSMzND1boHmZxe,CfWX7o2TswwbxusJ4hCaPobu2jLCb1hfXuXJQjVq3jQF,EnTrdMMpdhugeH6Ban6gYZWXughWxKtVGfCwFn78ZmY3,6007555.391037007,6007389.247157955,6007555.391037007,1.0,600.7555391037007,0.9922111425311307,696617.887695,762996.795688,1453671.8100921824
BUSDTd9WiT6uBHJRgNvFXBsA7JrifsAtWzKfioN7ERcy,DyBxrn7gSc1EwnpWhDyhzvMHPtxpmBqRqotapLcKcfTM,Cds99GeBgoCpqBsoRWu1C6fF9LiUMd4pXQQD24s9LPff,845.63584518,845.26523148,844.5528834630642,0.9987193521619163,0.08445528834630643,1.0000340011560394,146.91212169,117.37910367,264.10707369418907
vEnkoSUkpnbRrPgBz9DfcVxNz67zjwMYBZraAvDDNSf,DtfyjjsZ5yCjWKLKHvwsfXs5QVsmm1QkK6Sh9JZHoq1g,e5wrKCRv4GhHvEf1VD5Pq2KGaZDXP77nTL612Jyrxwy,2539.8131119999994,2539.734942,2530.130303329159,0.9961875900927152,0.2530130303329159,0.9992275970674669,1017.184865,930.125355,1942.7138627913084
BkwbeSfcX1h4thMDd7obGkHrPevf3QwgzJ4pCEqG18Lu,35yX27bmurdebhfAb8EPmjLETDiUaEUCn9zHaDPbakH2,2CxECn1ZJFoESyUnQysQU8rRgT3iJ5GRs2Mdd6gZjx5g,0.0002019100000012486,0.00012897999999994525,0.4873286348746105,2413.5933577910796,0.0001949314539498442,1529.0519877675843,0.84291817,22.02806093,35716.51204795537
ALBpShJ9NLpE739pcHDF2LNVk5J4VYPvvKuV6jMPitZi,D6d156U1bPiJpDYRLextvDRccgFk7QzkQbJg42ceKEu5,GNcM8U5g8RwTZffwwm3kSQqUNPSwv5d2fbN9sLxPJqt2,2297.738824,2300.769422999998,2291.5219250174277,0.9972943404543474,0.9166087700069712,0.9981613867256515,54746.898117,45567.227173,100082.21831375934
Lid8SLUxQ9RmF7XMqUA8c24RitTwzja8VSKngJxRcUa,4PgzyzLtds9bKZ2to9PMnKqJzKEUpjvNUaeN23phegax,AtymwxoVN9peZo7EXTcDz9jKVc4vRmisJKKrNfe3ewBa,93.09558146800737,78.7920013799993,17032.426534890663,182.95633655549935,1.7032426534890666,154.78948861732277,970.076979439,7672.529113674,1365108.588242103
BSC8REUo9LpiiWUuqMuLXs2D2yJsJfGd4HdiF3wCLxk5,AZjEH1zWVx1UJ6udMyRijGTzPteuLnaY18yNNmprJEsh,Caf8ypkSVR8xYnXNhjvfvdGCC7mrM3C11rz8Xi6NA6aK,1136.5250918730007,1135.8969696510003,1136.73804383118,1.0001873711013527,0.454695217532472,1.0,3081.214426167,3274.32560261,6356.1173593175345
MARpDPs5A7XiyCWPNH8GsMWPLxmwNn9SBmKvPa9LzgA,6YjT74rmcfCpw8LSjPNx5JTmZoYLGrTKnf9arfSgZ4SR,F8GSmi3vA8M8TsybLya1LQ4n1aFHCRbZ6k437PeTdXtg,24035.597691999992,25378.796985000015,22440.52516338648,0.9336370765955857,8.976210065354591,1.0,297875.176072,14321.391948,292428.70052625745
SQDY9uoDoCbNq7F3HAHYYQZbrUzpKxDtdWLvYcqBLak,GiehZ4X2uQjhEKuxSm3ACmEFrabxh3RTvjbLfLjw1xGX,rxDQYV77NKRKYxCjq4cECX3QQsiSyLv1T1FT2X3zNA2,15.235415498000009,15.196046696000025,15.282861523671787,1.0031141930903038,0.006113144609468715,1.0,154.686698921,251.962312397,407.13073556694167
BUSDgu5JdqP1rndBvXvanbEufS94FNh1w5FJcAj6vawb,Bgzr8cWubt89JQFXndVjtdKmDbGzuPxNhvjH1EhWCwbo,Dxaf8xPBBQsasRKW5Aa4Sw2YrbfGofY9xZueyyF23FBW,8465.791276509997,8457.283317460002,8477.76264035682,1.0014140868178547,3.391105056142728,1.0,6966.21374332,8104.90030772,15080.964882064785
moFiBS1R4Lf3E3zzmBPnw3NF4RhWPkhREFviuzUaCAU,44ALBrpqi9PfZkBRTvbtRNtFJGsatfY4QydjtMbFWq8S,2ho8qEEie1UjVwWNBo9y4oAJZMyMLx8zPj9bxyUz6uWs,890.3745205080049,890.4113359999974,890.4460438055816,1.0000803294523026,0.3561784175222326,0.9997695521184671,32914.313447876,31489.437169994,64399.13793255569
WiiQFxXqp8P9Fs1rt9SVcDyA3KUdJmUsog6wnVQAwba,3S2jpqSYxho6wiz3cafhjXruVY8cg4HYa2v3BqBHYFSj,Dfe67M6TfrG74gKRtdqys4e6E9QirPD53BkF4FujFjuv,2730.2609528159974,2733.8496293450053,2725.7314957602325,0.9983410167987448,0.2725731495760233,1.0,20093.801547884,6726.333821517,26786.800090183704
B2izdXFYb2sNwbWWHmh75T4aQFtfXsUxem9u2p61HGzf,4DYwgJtxwuJdAjkj5RJSNH4e7U329V5cNp7d3a1nLrZv,EXNW64GEf1ACC6xY9BtKRiunrs6GoJSXBdxWN2eTPmrF,5837.539403999994,5771.931691000005,5894.908655030753,1.009827642617958,0.5894908655030754,1.0,10038.758247,29899.628461,40037.04403637959
HEDSDjj84KS7LKhZY7ejkCACTdPen62rKhCby1wXtgxc,EnnjMSFttpCTywBrYNt1J5QQeoSVkvzPipJDa8Y7kJow,6bjVT6JN2rSvpyn9PdfLYC8wJn4LWh49jpY47fnLDXZk,31.24862514599954,32.15530645600484,30.234408555002627,0.9675436411599454,0.01209376342200105,1.0,39073.20859226,9094.574523398,46899.6090365553
SoNcU2iwHMw6dGzsYNQkYFkUjwN1UdAjrWVRnStrZu2,8ivTTid27jZnYNc4w3CTA1Z6QS2twsFb8WMwUabeDJgc,CyXm53PMvHCbeXJBykU46Rcbo28xk5srhMZFg7gv6EYB,5.989061897000003,5.933654668000003,1100.4377262314158,183.741251160326,0.44017509049256637,181.88236975994622,15.120519938,19.56763961,6337.271914478164
7oAd7xG4m3oC2qeWB1szghTebAZyyGPAFDJ4wwwbRSNi,D9yh4KAysxt9GLacVe4Wwh2XqghhcjTCSTV9HuM7TBJd,HDYfJLpZKaMFb84jM4mRytn7XLR8UFZUnQpSfhJJaNEy,146.0883765819599,3.3127940000000535,146.0883765819599,1.0,0.05843535063278396,0.022765210018464453,955.123997978,300105.437947635,7787.087320539164
KysFMBBoavfov2tLpvefWW6tPFt6rAeZWDJVy1mMQae,B8ka2V21TH3x64dFV8ETcjuQcwmrciJ2qzy1mJUttRew,7fSf7EYxBANyxzk2s5pymFgshA91tFYQNKKs5UnLWcYS,94.86939199997687,123.20178399995666,0.0,0.0,0.0,0.020363932388567697,134494.255541,2618.061619,53.31402979842008
MATgk4zXLXtYkwBH678J1xZbRDZ45LicNzkRBHkxTuY,y8dALFo1bJrSzPYjMX14HJX448pXqYmrfXHD1K8MXih,GN7Yuet3UyiWS5YVkEHv6oQKi4HGBJc3XDPt9zQhAqZz,2634.8639430000007,2629.7966289999995,2638.7455376859366,1.0014731670286992,1.0554982150743748,1.0,3411.713931,4651.291745,8068.031700474503
BUSD5rCfUDpCxKGMvYU2yThChxgHoioK74PTPociGnv2,CcFHbafgYDZ8yA8Me1PdtDiVb2eeaS61LbqyKKK5CsNZ,26R9s4nmF3CFDTkiePDwRmtscn8i7r2eygbSijditJ58,188.3956091,187.46953638000002,188.23778677481226,0.9991622823592243,0.018823778677481227,1.0,82.14287074,65.76244195,147.83650015811713
heyk4SZTeCUV6a65WiVA5bzic3KcxgVf1qxobfeV4tQ,9ZDpBKPqMABtGfq66FbVribaArMvtk63xxy91onZAtDt,DaTP4s6N7xxSPinbNZ3FB52EpRDRt87QShTuN3VPCW52,109.4836594829967,94.91688276399952,19593.223255418816,178.96025167538113,7.837289302167528,155.05553934363752,621.177544307,4478.930013667,805648.9986158183
KEVpg4SYCVrqFxKijQH6hm4QxsRdoE51ud64bEEFUC9,2bPenuBYfqzD8p5dFjCcggwkHDsc2RQDnx9AoyYGUBjA,AE6n6iLuX8oYu61vt5hoDYkjswpnxFxrhSehxrnQTnbx,1335.7756113409996,1336.6834608899999,1336.2044340852128,1.0003210290265614,0.5344817736340851,1.0,2679.134679488,4965.021714569,7645.016474055183
MiMuMS9C4vBqcrYeeQPph1E7oAW9aNKvW9k6Zw9XffM,Afy2q2hh6Y474pshJa5fnQ6PfEchGyTbKrQpCZw2hr3m,5pXz9ksgjeL8Wgb37bksUaBFMLdFfsNNY3FQnikkCPtS,0.5466435340003954,0.008286185999999418,0.0,0.0,0.0,0.02080873870473051,26.002930055,7673.951587508,159.68525341720584
