0,1,2,3,4,5,6,7,8,9,10,11
HEDSDjj84KS7LKhZY7ejkCACTdPen62rKhCby1wXtgxc,EnnjMSFttpCTywBrYNt1J5QQeoSVkvzPipJDa8Y7kJow,6bjVT6JN2rSvpyn9PdfLYC8wJn4LWh49jpY47fnLDXZk,39.20050943800379,40.02793609700166,37.97601962360103,0.9687634208851467,0.015190407849440413,0.9999625684011771,38863.969837391,9025.158449616,46674.81299235366
SoNcU2iwHMw6dGzsYNQkYFkUjwN1UdAjrWVRnStrZu2,8ivTTid27jZnYNc4w3CTA1Z6QS2twsFb8WMwUabeDJgc,CyXm53PMvHCbeXJBykU46Rcbo28xk5srhMZFg7gv6EYB,1.0445616019999946,1.036105640000006,181.1119918716798,173.38564956332823,0.07244479674867192,166.20202121602043,15.102393087,19.590624002,5874.539541365695
SAMyS8Jr2HJrkFwYVKbpUwsNStnQmvz3f8Tup8bWUWF,6jPzm5TFfquvgm25sTyN3MMGBfufRaFHMxobDWv6hMFW,Cj9ECoDmxsHTDzCY5ZA6RWrPbg9uFzEC1Qc2kso2vJG6,416.6843195599955,109.07903626999217,394.98872264285734,0.9479327733281444,0.15799548905714295,0.022667937340562227,511.19804651,107611.2793822,2923.9071201215993
BSCrK1Nx9PXU9mF7STWWBqeHLxmtJDr9h7jheEy4tAWX,FfSySSbVJPvEo5a5AvrP3nySoXpRE2QPn1uUMpJJ1x7v,HL7Vcj6838ZmvBHDbQxXfjBNckNi83WvPiZQoMQLFeRM,0.012642623000000075,0.012630495999999991,36.92710746070759,2920.8422540723845,0.014770842984283038,2916.982673122922,0.840246919,0.964044869,5266.330883855393
ercAoEmXjQzEvAFbdjAo81KtMxRGn9AW1ju882upmPH,CMRhskR2Eg6V42RTSdRTXGdozyPbWB8U9dVpijPWb9T4,7TKLLgrWswt6ZJ1pXhVR3FyufHGjJFqiEXxvWJfDcgRm,8.678185551000013,7.538385999999996,1266.7463780703144,145.96903588035676,0.5066985512281258,129.57683186978463,44.747396509,369.713678375,54438.06146933177
daob129AwBGn9Y5r91uLoWZeYiGzbPmksauMhFZKTze,6VW5GQNyj4LStgmxEHLr5zUfW92vQnmbw8jTnCH7a38F,4VPCCUifPeBA1c7HWK358CHn2nyjm8pdTRk6Ps3KmnMQ,12.668975824,11.32309481699997,2068.324860025779,163.25904230613193,0.8273299440103116,145.87387715406484,48.177698328,224.244311902,40576.83209643316
AURHmCnNwiW4uA2Qj1XvEh4iKgRUZYXtiY7FKAapUV5Y,BKWm4TRnTeKwfWXRyuzjRHU7iZDkPuXBX5b5V5jSVfGJ,A5Ww74HVrkj9nPeC7pHKLfgeDMEhBCpW1efQdz3TGLEg,0.0004612120001183939,0.000412230999984331,0.07528953150437105,163.242785281051,3.011581260174842e-05,145.84492192775483,289.933794009,1795.281512004,309162.2920376967
MARpDPs5A7XiyCWPNH8GsMWPLxmwNn9SBmKvPa9LzgA,6YjT74rmcfCpw8LSjPNx5JTmZoYLGrTKnf9arfSgZ4SR,F8GSmi3vA8M8TsybLya1LQ4n1aFHCRbZ6k437PeTdXtg,16221.629210999992,17064.60433700017,15394.673532836609,0.9490214165663077,6.157869413134644,1.0,296954.614957,15239.651503,297055.9408453946
KEN5P7p3asnb23Sw6yAmJRGvijfAzso3RqfyLAQhznt,9zj4aX38Uxf3h6AUjS4EipWS8mwbEofasHAf3a1uKGds,CwQDG1MWunn9cLNwcZLd8YBacweSR7ARo32w4mLua1Yr,111094.34583299956,111102.540239,111022.95807095994,0.9993574131833232,11.102295807095993,1.0,1152408.944213,1131012.709254,2282681.1306720283
BSCNHw8CmxbZ8hCWWzMf5FaG2ajPT6JxfznKUNuRVrn4,7n9kgNL633yGzCYksgnzHyjG73ZLBAwvEae5sbAekbzW,SscdxE99omdG9AiMVwmaEMQySQnCgeAh1sPj2Leutm2,31.793422723999356,31.903025999999954,31.886418283124616,1.0029249936357139,0.012754567313249848,0.9999625684011771,4606.250997025,7095.919094572,11715.377734850972
STK75uPSyBnEhGTTzb1nwmP3n427XoXmfRhXxxhyady,6TYyD5fUmDe6N65avW1Ny2RxzRNobw2RRgKwH9CTzSAU,54zDfk4cx2vGrEajPtodWpArNe5eUurytyxd4X3aZAxK,639.2005072589993,718.4040366959925,93176.82989979698,145.77089480006063,9.317682989979698,164.56893389446952,1513.285706506,264.608782494,264139.3967596727
heyk4SZTeCUV6a65WiVA5bzic3KcxgVf1qxobfeV4tQ,9ZDpBKPqMABtGfq66FbVribaArMvtk63xxy91onZAtDt,DaTP4s6N7xxSPinbNZ3FB52EpRDRt87QShTuN3VPCW52,81.63291081899877,70.9200152699998,13535.035277878438,165.8036586235312,5.414014111151375,145.77089480006063,618.026254527,4501.735510431,758693.0276347088
MATSnbbiTCv7Dc3trJrkrqjx7ckKdr6fwPoVwv9q3sD,631WX9JizSHJm4w6VanZeJAst9T8DeUUnPLesdGkCVtK,211maUSfpnXbPuW1iBu8b4dtJv5EbN1j7JJiEX5TZKEP,4210.635447000001,4206.644776000001,4212.910418626058,1.000540291757549,1.6851641674504234,0.9986857295798728,18449.07987,27112.711572,45536.12589295961
wrmcMSHFi3sWpAEy4rGDvQb3ezh3PhXoV2xNjgLBkKU,8p4mGnARWPBu6P2Gcw4adodLkNDorrXniZMhaY7eJXUn,AyY89zccbsgp9LKFgH4CFZMJmpSgqmPSdTfukhP227rc,0.004004169999999085,0.02627143000000444,1.212649909145695,302.8467595396729,0.0004850599636582781,2915.2819077604804,27.06714468,0.09737187,8481.063507265302
DFWzVTzNBrQZLjoQ4yQwkj9HuoXmfkuZP9V5vbymZe23,DhgiEgiNdqZdRdo195UUHnoEJUtefK8buko8nU97XJUZ,2K2kkXsouBHtWVjtcgkyiXd8eP3oVBvq1bTJzcVdLLr2,3599.9884072230016,3609.334681164004,3595.038384491242,0.998624989257791,1.4380153537964968,0.9999625684011771,35500.968973894,32435.29007537,67886.23073080026
BUSDTd9WiT6uBHJRgNvFXBsA7JrifsAtWzKfioN7ERcy,DyBxrn7gSc1EwnpWhDyhzvMHPtxpmBqRqotapLcKcfTM,Cds99GeBgoCpqBsoRWu1C6fF9LiUMd4pXQQD24s9LPff,413.46367390999995,413.79344734999995,413.41069532939343,0.9998718664203181,0.04134106953293935,0.9983361430339355,76.02029867,97.90906385,173.75671508907524
YAkoNb6HKmSxQN9L8hiBE5tPJRsniSSMzND1boHmZxe,CfWX7o2TswwbxusJ4hCaPobu2jLCb1hfXuXJQjVq3jQF,EnTrdMMpdhugeH6Ban6gYZWXughWxKtVGfCwFn78ZmY3,4999401.705825014,4997886.27714698,4999401.705825014,1.0,499.9401705825014,0.9973948047699408,328273.675572,1118423.087263,1443783.0523428742
C2ypsDADXcCRz8HbV2zX1AXPSja7a1P3xZtRC91xGhJh,J9bYNuDpY1d1T86gLaw7DGk5D3CsUAf2tzUwxMvb6FTv,A2NGvvPrMGzsJ4jb52KEnSBVmsA7C34dV1GC7PerdgvG,92.73384886600002,93.36522656100033,13498.284490047887,145.5594117478381,5.399313796019155,146.63109200866413,3479.561260663,1909.855605007,786527.1031837165
B2izdXFYb2sNwbWWHmh75T4aQFtfXsUxem9u2p61HGzf,4DYwgJtxwuJdAjkj5RJSNH4e7U329V5cNp7d3a1nLrZv,EXNW64GEf1ACC6xY9BtKRiunrs6GoJSXBdxWN2eTPmrF,7466.068521999987,7398.425718000019,7511.5056194922945,1.006085813083341,0.7511505619492295,1.0,11205.917793,28518.204283,39792.31919711548
vEnkoSUkpnbRrPgBz9DfcVxNz67zjwMYBZraAvDDNSf,DtfyjjsZ5yCjWKLKHvwsfXs5QVsmm1QkK6Sh9JZHoq1g,e5wrKCRv4GhHvEf1VD5Pq2KGaZDXP77nTL612Jyrxwy,1303.2114750000003,1302.9070240000005,1287.7469222111665,0.9881335047415587,0.12877469222111665,0.998320824373404,745.574038,1202.62377,1937.3310406907067
KEVpg4SYCVrqFxKijQH6hm4QxsRdoE51ud64bEEFUC9,2bPenuBYfqzD8p5dFjCcggwkHDsc2RQDnx9AoyYGUBjA,AE6n6iLuX8oYu61vt5hoDYkjswpnxFxrhSehxrnQTnbx,74.3867276660003,74.22481265700003,74.57242620657411,1.002496393461581,0.029828970482629644,0.9999625684011771,1631.075555512,5894.697930378,7529.624644274013
Cob4usZcpHEY7Qt4ZCwj6WVg9S44zvzYV2v9qYF65dTf,NhFM9UXE48PyNAyeyPYA3iXztqKVJwA4bTdLj4ysM8w,6TuFuynuBoeskxyR2cz4wxyidk8dpDK7kAWw3UkjQGx,122.42912900000559,602.36954900001,1.0350095244295274,0.008453948279167126,0.000414003809771811,1.0,71884.408283,179.993165,787.7002347030149
KZMu9QBEdL97EFgamLbN5DE1AoKBG4HdrKKJo4Vuon3,DD4ACBWyVqdaKWh7v5btsgqQCCMwbKnuL2xd9pv7Gyuw,GcYqiJ1MAuYbNTNYXm1F1gQYTfTgkErACAhNU5dpVj9T,26.74258106000002,27.86910128999989,25.350169030158526,0.9479327733281444,0.010140067612063411,1.0,2400.31044523,700.13469005,2975.467627245387
KysFMBBoavfov2tLpvefWW6tPFt6rAeZWDJVy1mMQae,B8ka2V21TH3x64dFV8ETcjuQcwmrciJ2qzy1mJUttRew,7fSf7EYxBANyxzk2s5pymFgshA91tFYQNKKs5UnLWcYS,8.640639999997802,6.761000999999851,0.0,0.0,0.0,0.02098399888247616,134161.791868,2873.109516,60.289326872975614
BUSD5rCfUDpCxKGMvYU2yThChxgHoioK74PTPociGnv2,CcFHbafgYDZ8yA8Me1PdtDiVb2eeaS61LbqyKKK5CsNZ,26R9s4nmF3CFDTkiePDwRmtscn8i7r2eygbSijditJ58,94.64038320999998,95.18367687000001,94.5724669385927,0.9992823753549626,0.00945724669385927,1.0,71.28852575,76.65249139,147.8898587370134
SRMuKizofcAMicegrfSv7xs9q76tH1w8aAF7oX9FEWu,72Hj2KWntXPfbie4UgKeTPnm1XVkomDfCnRPKbvfTtPi,6aqJQ5wedqpUt4fFEDUqUmXhrdxCu4bEJsQdVPCADLko,172.37514799999917,171.70607000000018,7.948271059441911,0.046110307382836585,0.0031793084237767646,0.04625500513846852,16773.017773,5117.707529,1010.1285933018852
ALLwa5WNZbvQsRKAqe1jdRGemdYQnW8E5k4msbRFcYtu,CGoM82Hbz7QVqTgvQatYtjvDWBvoUJp5qm21P8iMs9yb,3dxNNww8TivyN5FMy5dCNdi3Zcxv6e4kUfSPxfFwpdNq,1.8275827069999973,1.8153187969999998,5316.294926840612,2908.921662739622,2.126517970736245,2876.083924128906,0.919381429,7.748635409,24960.13428889952
AUSejoEUCh2DBs9mof6BNC8Pubs22w4cJa1ccV9h44R,4xkyD7AfGQDwsQMy9MosRRNGoVJ1zosNinesxg1TzHG7,Cbm5gsQe3nSiCsFrvepVzMCD9xLK3ri9g3ypS2hdmVJ7,167.81998799999928,167.35274199999913,168.3204045627644,1.0029818650848974,0.01683204045627644,1.0,13391.374968,15487.828263,28919.134504455847
ionytDfEj1mXodptgrsKEZro7DGsfpzANUfarJdm6Qb,3gkSjY95an9xNFSjCfsay6JZez7uv7yfW3Ad4ubc4fMK,9wXqANaSuEqkKL9yHzCPEDGHwbkStVAqV5rB3QDs3Jr6,0.004832802000000025,0.019115724000000167,3.5063752911216253,725.5367157855023,0.0014025501164486502,2901.999477640094,3.169047114,0.079870823,2531.045121885769
FrnkTEL6yZ5Aycq2TrEgu29dCrwKG4LPUZydfiwqspkc,DjvZuMZ46fxKBoBpGMPcRcos4xdTtHFxwMh69DpA2ZFY,9rvDPJLAng4uVVqnnSoEXgNDFhBZQTny9AoQioYDZbQX,53.035410823000035,44.26636458099995,9257.800349536648,174.55885050902234,3.7031201398146596,143.81219967518578,172.374970846,1439.418500511,237095.51757904846
parEAJhzYzHW87y9VoZAQ22dzQ2MD2ekEtTReaxbMcz,3oyc6hpjYSJEquK6dSvG72NXyz3pqLZz5D8AC71pwgQb,Di2vordgFJVZ1aj1aBpvzXtLfZgJsuLLXawGtVFwX6Rz,3.2157832039999903,3.7960549069998706,455.0033729964728,141.49068644631,0.18200134919858912,167.48631678663432,1104.428937339,138.982511726,179544.07746200677
Sid7E679i9ABqptiAVhkmQ27YHN8vaYT4fppPwmxFsJ,GP7KB8o1bv527HG8kTzzzf4wJ5aEGHvcMQvVhLziUfmT,9gYxhAZ1M9wu5pxr8SBoa5NDm21gi3s9vMHaYTME77sa,265.60780200000045,718.6677300000156,2.2212453991527257,0.00836287707825963,0.0008884981596610904,0.022435067194596703,132914.73207,9764.33693,1330.613121326455
GokA1R67GqSavkd15zR62QD68Tuc5AEfvjssntVDEbM8,3YB7hfpBdbQEuZqLGWVDpRPmeZWCUsrrWyqGXegnQ6Cg,4DPCj6Z1DsG6HUtwSogBGqXEUxdEV5a8YVrrFtcnz7UW,4661.359646000001,4661.004448999995,4661.238453800202,0.9999740006759823,0.46612384538002016,1.0,15256.958625,17164.92385,32421.48580438918
BSC8REUo9LpiiWUuqMuLXs2D2yJsJfGd4HdiF3wCLxk5,AZjEH1zWVx1UJ6udMyRijGTzPteuLnaY18yNNmprJEsh,Caf8ypkSVR8xYnXNhjvfvdGCC7mrM3C11rz8Xi6NA6aK,261.0222797330007,260.3926806280001,261.4820876166478,1.0017615656568375,0.10459283504665912,0.998680773657103,2614.558389077,3595.821931918,6210.242334244042
JSoLLrxK5bYdHwTEWYaGgmeycBCNXKDiBCTw5hXGBg7,xG4wXczA7Dk4hccJ61CHKpDHW4NrNfQwgmWgkb9BuF2,BVR6WgfhsRr9Lob4QDnkEAiNGgAbv7ZieKcY9kSg3QYR,0.6117455980000024,0.5237633640000183,103.77911336798302,169.64423398757765,0.04151164534719321,145.07784949943064,17.110414085,164.619694857,26785.354405766127
BSCuChvaSj9b5HUSqgDVRzcnr2sSn7cXaamt1jbKH6hn,GnKpRj5kBVPMJfiwZtEuD9GYApLzPdW5JFuZTcyX4BTc,3dmwD9okkomV9nDwyuh4UMhKdUR13QpuKxRo89ycZB5t,101.44870145100003,101.17803382899979,101.67737600485985,1.0022540904968633,0.04067095040194394,0.9989670680516346,1200.607906013,1801.395546435,3002.8490123078473
RajgMbScQbqqrdJfR2rxfHJiTiY5b6bJ2tTXiF4aPxy,725ZA3fhyBAKb5iopNRrcbSuQa3LXA1656Q3mBvYPxeg,GLA6i1dSZpUfk2f9Nj8uiG7xyDdAR2reff8oEiZH3617,55288.585267659975,55302.04506834003,55272.406481558755,0.9997073756540722,22.108962592623502,1.0,87242.01745838,96683.37828485,183899.8666049338
C98Sspw7XqnMsgxea3SLQVdbMDL8pKUc3RE82UvX9eq2,CSqgQJurPCzGxb4Cgwx5R61hWQUiaoUHcShNc8r1cKEL,6S2CR5EnukPhC914XkAns8m5GixjMAoUuZMsS5ubHuWc,21.216024999999945,21.201937999999927,0.0,0.0,0.0,1.0,857.676722,906.137009,906.137009
RoBgmK8CvjdHvPrqdDyVw54VwjZv2TqJ493xnqJAQHx,ExiHJxM7qPAcy27NDHAF6G7vnW7muNHi2sVJpnaNynGQ,6rkPHSqZb7StM4HwS9EuVrmfkV7tRdc7dnsFhyB6cefE,0.16230699999999842,8.640639999999621,0.0,0.0,0.0,0.9442299993201544,6214.043385,19.881923,18.773108140773363
Lee1XZJfJ9Hm2K1qTyeCz1LXNc1YBZaKZszvNY4KCDw,9DgFSWkPDGijNKcLGbr3p5xoJbHsPgXUTr6QvGBJ5vGN,2hNHZg7XBhuhHVZ3JDEi4buq2fPQwuWBdQ9xkH7t1GQX,2937.740785578033,2475.2101558450286,507540.40175558015,172.76554972011118,50.75404017555801,145.51791718458918,6702.38352794,53882.953782612,8998876.180838753
MATgk4zXLXtYkwBH678J1xZbRDZ45LicNzkRBHkxTuY,y8dALFo1bJrSzPYjMX14HJX448pXqYmrfXHD1K8MXih,GN7Yuet3UyiWS5YVkEHv6oQKi4HGBJc3XDPt9zQhAqZz,7873.132716999998,7848.714976000003,7886.121158548125,1.0016497170840373,3.15444846341925,1.0,3323.770698,4745.715401,8074.969380303914
BUSDgu5JdqP1rndBvXvanbEufS94FNh1w5FJcAj6vawb,Bgzr8cWubt89JQFXndVjtdKmDbGzuPxNhvjH1EhWCwbo,Dxaf8xPBBQsasRKW5Aa4Sw2YrbfGofY9xZueyyF23FBW,8352.167324079997,8373.604954330001,8334.084693838084,0.9978349774926347,3.3336338775352337,1.0,8660.26765894,6432.63247176,15074.150456298587
Lid8SLUxQ9RmF7XMqUA8c24RitTwzja8VSKngJxRcUa,4PgzyzLtds9bKZ2to9PMnKqJzKEUpjvNUaeN23phegax,AtymwxoVN9peZo7EXTcDz9jKVc4vRmisJKKrNfe3ewBa,63.01877330000116,53.25897195999971,10828.810782007802,171.8346806031466,1.0828810782007803,144.5945705606322,966.266517464,7677.085127245,1276102.9255373485
WiiQFxXqp8P9Fs1rt9SVcDyA3KUdJmUsog6wnVQAwba,3S2jpqSYxho6wiz3cafhjXruVY8cg4HYa2v3BqBHYFSj,Dfe67M6TfrG74gKRtdqys4e6E9QirPD53BkF4FujFjuv,1624.2880487259945,1619.6452253440002,1631.7840731297752,1.0046149600187357,0.16317840731297753,0.9999625684011771,4374.552504817,22456.634668241,26850.534970227778
iLiUBQ7Z7im6Ew3b4ewwPcehzWgEQRJ1iQz7g6D62NW,GpugBvKWM3TVhYcZjemSdtehBWgfvuGr6uAm9iPjXT6v,92fMXJ3xy8tEyMUWLHKRLyhPw2nECBo77GtDiBBbYrjX,29.380715665000025,30.0,28.76784500594011,0.9791403767679492,0.011507138002376046,0.9999625684011771,1849.781564545,1113.583762851,2924.737897677331
SoN9GaFpSXfpyR5dth3x7PHPVhvJMpQqqDJfCSmPv1t,9kZ9iS68ViMPtoeqtnhAKuF2iqVyfHPdZHoUNdwCELr,BBhm5fJLjw3HRzjtKB8uMEYjGhY6EDm9co3cqpjrSzB9,0.3614382800000001,0.35500784200000035,62.92947648185922,174.10849919344238,0.02517179059274369,171.1048410692684,0.847764269,1.373678734,382.6460460067196
KwnjUuZhTMTSGAaavkLEmSyfobY16JNH4poL9oeeEvE,J63v6qEZmQpDqCD8bd4PXu2Pq5ZbyXrFcSa3Xt1HdAPQ,BnKQtTdLw9qPCDgZkWX3sURkBAoKCUYL1yahh6Mw7mRK,161.38049899998123,5297.52669300004,3.620212708037505,0.022432776763429925,0.0003620212708037505,1.0,276280.676661,602.335066,6800.077809585577
