0,1,2,3,4,5,6,7,8,9,10,11
Sid7E679i9ABqptiAVhkmQ27YHN8vaYT4fppPwmxFsJ,GP7KB8o1bv527HG8kTzzzf4wJ5aEGHvcMQvVhLziUfmT,9gYxhAZ1M9wu5pxr8SBoa5NDm21gi3s9vMHaYTME77sa,2989.584137999993,8791.305836000018,22.149002007912166,0.007408723416203856,0.008859600803164868,0.022651128385213968,136089.96629,8662.324412,1204.4643423337016
BSCNHw8CmxbZ8hCWWzMf5FaG2ajPT6JxfznKUNuRVrn4,7n9kgNL633yGzCYksgnzHyjG73ZLBAwvEae5sbAekbzW,SscdxE99omdG9AiMVwmaEMQySQnCgeAh1sPj2Leutm2,25.370072314000026,25.437407999999778,25.437059691466878,1.002640409401982,0.010174823876586752,0.9999514753547556,4895.792957552,6809.048413768,11717.437862416547
KZMu9QBEdL97EFgamLbN5DE1AoKBG4HdrKKJo4Vuon3,DD4ACBWyVqdaKWh7v5btsgqQCCMwbKnuL2xd9pv7Gyuw,GcYqiJ1MAuYbNTNYXm1F1gQYTfTgkErACAhNU5dpVj9T,36.977313630000026,38.03786867000008,35.58767471949719,0.962419149092123,0.014235069887798876,1.0,2368.4874394,730.71561288,3010.193278942729
BUSD5rCfUDpCxKGMvYU2yThChxgHoioK74PTPociGnv2,CcFHbafgYDZ8yA8Me1PdtDiVb2eeaS61LbqyKKK5CsNZ,26R9s4nmF3CFDTkiePDwRmtscn8i7r2eygbSijditJ58,231.78527172,232.16951072999996,231.28963653208265,0.9978616622866526,0.023128963653208268,1.0,83.87875302,64.11630287,147.8156947890688
WiiQFxXqp8P9Fs1rt9SVcDyA3KUdJmUsog6wnVQAwba,3S2jpqSYxho6wiz3cafhjXruVY8cg4HYa2v3BqBHYFSj,Dfe67M6TfrG74gKRtdqys4e6E9QirPD53BkF4FujFjuv,1541.390627451999,1538.7465438730005,1552.072560423463,1.0069300622316109,0.15520725604234634,0.9999524762586134,3570.075716277,23266.234631716,26859.945496360688
HEDSDjj84KS7LKhZY7ejkCACTdPen62rKhCby1wXtgxc,EnnjMSFttpCTywBrYNt1J5QQeoSVkvzPipJDa8Y7kJow,6bjVT6JN2rSvpyn9PdfLYC8wJn4LWh49jpY47fnLDXZk,78.77247915700173,81.34120685800008,75.3932803319414,0.9571017840085337,0.030157312132776556,0.9999525032560479,38834.23143155,9054.010905408,46221.893053107065
KwnjUuZhTMTSGAaavkLEmSyfobY16JNH4poL9oeeEvE,J63v6qEZmQpDqCD8bd4PXu2Pq5ZbyXrFcSa3Xt1HdAPQ,BnKQtTdLw9qPCDgZkWX3sURkBAoKCUYL1yahh6Mw7mRK,385.6703319999998,16987.683532999654,8.646152150625086,0.022418504700084347,0.0008646152150625087,1.0,276113.234325,606.204925,6796.250766470504
Cob4usZcpHEY7Qt4ZCwj6WVg9S44zvzYV2v9qYF65dTf,NhFM9UXE48PyNAyeyPYA3iXztqKVJwA4bTdLj4ysM8w,6TuFuynuBoeskxyR2cz4wxyidk8dpDK7kAWw3UkjQGx,29.47403399999999,3822.5056489999697,0.21836496586578852,0.007408723416203856,8.734598634631541e-05,1.0,73739.642229,165.393875,711.710489084487
BUSDgu5JdqP1rndBvXvanbEufS94FNh1w5FJcAj6vawb,Bgzr8cWubt89JQFXndVjtdKmDbGzuPxNhvjH1EhWCwbo,Dxaf8xPBBQsasRKW5Aa4Sw2YrbfGofY9xZueyyF23FBW,12627.269677920003,12568.14140171,12732.319077020056,1.0083192488779853,5.092927630808023,1.0,4328.28098162,10790.55723087,15154.846259189946
SAMGk1Nd4haC8zQA63DG37pzuEZy8j4q13tSFtCbcRE,9U9TnkHD3jXMAVZtynCVLgDruuqN4pTvLJTmVHCLWS8g,C6zoEbvqSknmi96QWq96UBiPCyNW3YSTvKhavR2BfifE,0.013138019999999972,0.025048999999995658,0.022097789887980578,1.6819726174857874,8.839115955192232e-06,0.0,53.66623292,1.12562712,90.26513425505433
heyk4SZTeCUV6a65WiVA5bzic3KcxgVf1qxobfeV4tQ,9ZDpBKPqMABtGfq66FbVribaArMvtk63xxy91onZAtDt,DaTP4s6N7xxSPinbNZ3FB52EpRDRt87QShTuN3VPCW52,113.77167981799471,98.68572694499926,21160.316616674852,185.98931342602916,8.464126646669943,162.62151079286443,626.016626472,4492.566445975,847020.3453325902
moFiBS1R4Lf3E3zzmBPnw3NF4RhWPkhREFviuzUaCAU,44ALBrpqi9PfZkBRTvbtRNtFJGsatfY4QydjtMbFWq8S,2ho8qEEie1UjVwWNBo9y4oAJZMyMLx8zPj9bxyUz6uWs,218.05062799500593,217.83842244699918,218.2444886817007,1.0008890627304188,0.08729779547268028,0.9999514783544642,28027.863964111,36393.60305909,64444.61967495733
MATSnbbiTCv7Dc3trJrkrqjx7ckKdr6fwPoVwv9q3sD,631WX9JizSHJm4w6VanZeJAst9T8DeUUnPLesdGkCVtK,211maUSfpnXbPuW1iBu8b4dtJv5EbN1j7JJiEX5TZKEP,2168.389900000002,2165.202720999998,2171.462519465045,1.001417005062163,0.868585007786018,0.999480270259465,18500.630788,27064.664783,45577.444747274465
MARpDPs5A7XiyCWPNH8GsMWPLxmwNn9SBmKvPa9LzgA,6YjT74rmcfCpw8LSjPNx5JTmZoYLGrTKnf9arfSgZ4SR,F8GSmi3vA8M8TsybLya1LQ4n1aFHCRbZ6k437PeTdXtg,22807.904878999958,23960.551771000155,21639.91225495122,0.9487900081026667,8.65596490198049,1.0,296938.440251,15269.255218,297001.4803497395
ercAoEmXjQzEvAFbdjAo81KtMxRGn9AW1ju882upmPH,CMRhskR2Eg6V42RTSdRTXGdozyPbWB8U9dVpijPWb9T4,7TKLLgrWswt6ZJ1pXhVR3FyufHGjJFqiEXxvWJfDcgRm,26.550679628000076,23.415315431999993,4316.187797969879,162.56411731992245,1.7264751191879517,131.37210544555768,35.6254699,372.975839536,54790.04438856976
ACUSESXyNnwRLAg1dpSGMLSzUDdLjUMybY8rkXiAKhCP,AhFPQdu8GKBsxuhiH46UmCu1YpaLgNpoP325HnYtsgas,A8wxWpT3aFEr2XqZp1kDmbxbFfcBE95UUmdsNTDBJYbT,410.158327567,410.3216573709999,410.1384264201348,0.9999514793543672,0.16405537056805394,0.9878585720895137,1045.343746476,1840.979146512,2863.920056642429
parEAJhzYzHW87y9VoZAQ22dzQ2MD2ekEtTReaxbMcz,3oyc6hpjYSJEquK6dSvG72NXyz3pqLZz5D8AC71pwgQb,Di2vordgFJVZ1aj1aBpvzXtLfZgJsuLLXawGtVFwX6Rz,6.811562504999955,8.030242595000345,1083.6885810038375,159.09544692695212,0.433475432401535,187.62609646345447,1102.391085454,140.710986123,201786.45548437382
AURHmCnNwiW4uA2Qj1XvEh4iKgRUZYXtiY7FKAapUV5Y,BKWm4TRnTeKwfWXRyuzjRHU7iZDkPuXBX5b5V5jSVfGJ,A5Ww74HVrkj9nPeC7pHKLfgeDMEhBCpW1efQdz3TGLEg,0.19641296700001476,0.17556456599999137,35.71263030886018,181.82419854620645,0.01428505212354407,162.81291217106295,290.115721757,1795.077985302,345011.9329553039
AUSejoEUCh2DBs9mof6BNC8Pubs22w4cJa1ccV9h44R,4xkyD7AfGQDwsQMy9MosRRNGoVJ1zosNinesxg1TzHG7,Cbm5gsQe3nSiCsFrvepVzMCD9xLK3ri9g3ypS2hdmVJ7,773.9353600000013,771.6935319999993,776.7152237859311,1.0035918552499394,0.07767152237859311,1.0,13157.369555,15722.761266,28927.39018791152
JSoLLrxK5bYdHwTEWYaGgmeycBCNXKDiBCTw5hXGBg7,xG4wXczA7Dk4hccJ61CHKpDHW4NrNfQwgmWgkb9BuF2,BVR6WgfhsRr9Lob4QDnkEAiNGgAbv7ZieKcY9kSg3QYR,2.8614383660000655,2.44209197,546.7370123995452,191.07069329045706,0.21869480495981805,162.2340537715037,17.143634055,165.035225392,30049.979674844704
FrnkTEL6yZ5Aycq2TrEgu29dCrwKG4LPUZydfiwqspkc,DjvZuMZ46fxKBoBpGMPcRcos4xdTtHFxwMh69DpA2ZFY,9rvDPJLAng4uVVqnnSoEXgNDFhBZQTny9AoQioYDZbQX,53.08981590600138,44.18822887700017,10355.43832212086,195.05508062894341,4.142175328848345,162.76009877584875,172.139849219,1439.735260987,267908.20545818267
YakoMPuYrybnr9R7VC7hVGxMz94fJvPFCdZ4gmW61Ed,,,1.094166,1.087037,0.0,0.0,0.0,162.76009877584875,172.139849219,1439.735260987,234331.45328931647
ALLwa5WNZbvQsRKAqe1jdRGemdYQnW8E5k4msbRFcYtu,CGoM82Hbz7QVqTgvQatYtjvDWBvoUJp5qm21P8iMs9yb,3dxNNww8TivyN5FMy5dCNdi3Zcxv6e4kUfSPxfFwpdNq,5.5564743860000005,5.538884545999998,16662.091837591463,2998.6805805445606,6.664836735036586,2989.340013511817,1.666794232,7.00210367,25929.852174751028
wrmcMSHFi3sWpAEy4rGDvQb3ezh3PhXoV2xNjgLBkKU,8p4mGnARWPBu6P2Gcw4adodLkNDorrXniZMhaY7eJXUn,AyY89zccbsgp9LKFgH4CFZMJmpSgqmPSdTfukhP227rc,0.011914090000000307,0.09420601000000245,4.069019808743274,341.53005464480873,0.00162760792349731,2995.8956229964947,27.01913776,0.10262778,9535.309712528262
Lid8SLUxQ9RmF7XMqUA8c24RitTwzja8VSKngJxRcUa,4PgzyzLtds9bKZ2to9PMnKqJzKEUpjvNUaeN23phegax,AtymwxoVN9peZo7EXTcDz9jKVc4vRmisJKKrNfe3ewBa,104.28200879399196,88.14642569699981,20058.66851207324,192.35023130115314,2.005866851207324,162.45298813589582,963.415651958,7655.616510162,1428991.001591588
STK75uPSyBnEhGTTzb1nwmP3n427XoXmfRhXxxhyady,6TYyD5fUmDe6N65avW1Ny2RxzRNobw2RRgKwH9CTzSAU,54zDfk4cx2vGrEajPtodWpArNe5eUurytyxd4X3aZAxK,419.5658372350004,473.57793532599686,68159.86792462952,162.453331219274,6.815986792462953,183.04920435832835,1514.311748616,264.621335959,294443.71307068586
7dwD9TF6uikvHXxPFK9AsSim54yJoujQjY9vU6gNFumk,CquVr6atkvwueDYficKjn6SSEWq4F4rH4VSiBbW4GBWU,8BCa6ge3b7ho3TfZuM64Vk1hgbrJ3J7EPiAb9uP86CGd,0.0017823700000000006,0.0017828460000000007,0.34270045737745153,192.27234377679798,0.00013708018295098063,192.83215869623862,0.003913983,0.003595309,1.4458418805625581
GokA1R67GqSavkd15zR62QD68Tuc5AEfvjssntVDEbM8,3YB7hfpBdbQEuZqLGWVDpRPmeZWCUsrrWyqGXegnQ6Cg,4DPCj6Z1DsG6HUtwSogBGqXEUxdEV5a8YVrrFtcnz7UW,8393.629862000002,8391.840103999994,8396.467868139433,1.0003381142826275,0.8396467868139432,1.0,12040.54363,20383.382917,32427.997626771903
BSCrK1Nx9PXU9mF7STWWBqeHLxmtJDr9h7jheEy4tAWX,FfSySSbVJPvEo5a5AvrP3nySoXpRE2QPn1uUMpJJ1x7v,HL7Vcj6838ZmvBHDbQxXfjBNckNi83WvPiZQoMQLFeRM,0.013419618000000022,0.013406565000000037,40.285966455424564,3002.0203597020795,0.016114386582169828,2994.908655286014,0.840001184,0.964313887,5409.732663130651
KEN5P7p3asnb23Sw6yAmJRGvijfAzso3RqfyLAQhznt,9zj4aX38Uxf3h6AUjS4EipWS8mwbEofasHAf3a1uKGds,CwQDG1MWunn9cLNwcZLd8YBacweSR7ARo32w4mLua1Yr,159568.1941120003,159582.97300000163,159295.79829691254,0.9982929191083246,15.929579829691257,1.0,1128738.213514,1084397.003825,2211208.3699030066
SoN9GaFpSXfpyR5dth3x7PHPVhvJMpQqqDJfCSmPv1t,9kZ9iS68ViMPtoeqtnhAKuF2iqVyfHPdZHoUNdwCELr,BBhm5fJLjw3HRzjtKB8uMEYjGhY6EDm9co3cqpjrSzB9,0.22244849800000055,0.2173579160000002,43.40204436813465,195.11053011531033,0.017360817747253864,191.0913225430433,0.843219125,1.37845883,427.9324513779542
B2izdXFYb2sNwbWWHmh75T4aQFtfXsUxem9u2p61HGzf,4DYwgJtxwuJdAjkj5RJSNH4e7U329V5cNp7d3a1nLrZv,EXNW64GEf1ACC6xY9BtKRiunrs6GoJSXBdxWN2eTPmrF,11519.935099999995,11402.02427700001,11429.550216884869,0.9921540458057679,1.142955021688487,1.0,9548.442783,30195.413838,39668.93997629834
RajgMbScQbqqrdJfR2rxfHJiTiY5b6bJ2tTXiF4aPxy,725ZA3fhyBAKb5iopNRrcbSuQa3LXA1656Q3mBvYPxeg,GLA6i1dSZpUfk2f9Nj8uiG7xyDdAR2reff8oEiZH3617,4090.140176209985,4091.391175140001,4089.260412724792,0.9997849062752641,1.635704165089917,1.0,103258.73475986,80677.26022932,183913.78468330897
Lee1XZJfJ9Hm2K1qTyeCz1LXNc1YBZaKZszvNY4KCDw,9DgFSWkPDGijNKcLGbr3p5xoJbHsPgXUTr6QvGBJ5vGN,2hNHZg7XBhuhHVZ3JDEi4buq2fPQwuWBdQ9xkH7t1GQX,3879.7113260235556,3267.6536408389547,746158.455080045,192.32318911850783,74.6158455080045,161.33307584574428,6717.551037237,53878.853250474,9984381.956488207
SAMyS8Jr2HJrkFwYVKbpUwsNStnQmvz3f8Tup8bWUWF,6jPzm5TFfquvgm25sTyN3MMGBfufRaFHMxobDWv6hMFW,Cj9ECoDmxsHTDzCY5ZA6RWrPbg9uFzEC1Qc2kso2vJG6,639.7250037399936,14.87050524,615.6835937523998,0.962419149092123,0.24627343750095995,0.022841136310899294,509.21484495,107694.84959646,2949.9508573963967
KEnkcdADoLR5jS2CLLLesy8TtFsyWL37BhXNfDMzWzP,3qsjFRuw1qeLMPo4DLwaQevenGAGBj9dA3Q6rb8ax2YR,77iEv8zPQAEyCcEbvBRSB6AFcUdfkhiqnAKtPxk76rNN,0.026922,3.4760960000000125,0.00019945765181104023,0.007408723416203856,7.978306072441609e-08,0.9968946730933144,122.847271,0.269876,1.1791794000701723
MAR3XM1n9xWPQ3HJjAcC85o8DopWFP5p2WxGTaZ3fPB,6qG7GUhER8Cg9gDEgnebph9LdS6eu2eoWcA4R7z9uizK,4QV4CwRXVMY227KkFF9voNAfwWHVvVajXSXDKbUHkWZR,0.3492810000000013,0.008387999999999993,0.330100509873785,0.945085790162602,0.000132040203949514,0.02184432081189923,0.11914,23.980107,0.6364266714516429
C98Sspw7XqnMsgxea3SLQVdbMDL8pKUc3RE82UvX9eq2,CSqgQJurPCzGxb4Cgwx5R61hWQUiaoUHcShNc8r1cKEL,6S2CR5EnukPhC914XkAns8m5GixjMAoUuZMsS5ubHuWc,83.051784,83.04707700000029,0.0,0.0,0.0,1.0,871.438032,892.432504,892.432504
YAkoNb6HKmSxQN9L8hiBE5tPJRsniSSMzND1boHmZxe,CfWX7o2TswwbxusJ4hCaPobu2jLCb1hfXuXJQjVq3jQF,EnTrdMMpdhugeH6Ban6gYZWXughWxKtVGfCwFn78ZmY3,9018022.188982995,9019188.354794037,9018022.188982995,1.0,901.8022188982995,0.9988622958450325,991974.885833,467021.659955,1458465.2133050093
vEnkoSUkpnbRrPgBz9DfcVxNz67zjwMYBZraAvDDNSf,DtfyjjsZ5yCjWKLKHvwsfXs5QVsmm1QkK6Sh9JZHoq1g,e5wrKCRv4GhHvEf1VD5Pq2KGaZDXP77nTL612Jyrxwy,2644.080492000001,2644.138455,2607.7081783286726,0.9862438704943448,0.26077081783286726,0.9974147010947625,1047.883325,900.861619,1932.0011287171124
KEVpg4SYCVrqFxKijQH6hm4QxsRdoE51ud64bEEFUC9,2bPenuBYfqzD8p5dFjCcggwkHDsc2RQDnx9AoyYGUBjA,AE6n6iLuX8oYu61vt5hoDYkjswpnxFxrhSehxrnQTnbx,123.34750354700122,123.0779304640007,123.7319818734116,1.0031170337084598,0.04949279274936464,0.9999501494851978,1533.892907235,5992.252185788,7530.627572063733
BkwbeSfcX1h4thMDd7obGkHrPevf3QwgzJ4pCEqG18Lu,35yX27bmurdebhfAb8EPmjLETDiUaEUCn9zHaDPbakH2,2CxECn1ZJFoESyUnQysQU8rRgT3iJ5GRs2Mdd6gZjx5g,0.030657409999999885,0.019059650000000095,69.02023954252755,2251.339547030483,0.02760809581701102,1402.5245441795232,0.82116213,22.06247933,32791.88354357119
BUSDTd9WiT6uBHJRgNvFXBsA7JrifsAtWzKfioN7ERcy,DyBxrn7gSc1EwnpWhDyhzvMHPtxpmBqRqotapLcKcfTM,Cds99GeBgoCpqBsoRWu1C6fF9LiUMd4pXQQD24s9LPff,1078.0833249399993,1077.4604836399994,1074.3156355471972,0.9965051964856132,0.10743156355471974,0.9994215647809518,103.68999565,70.39195477,173.678857073019
SoNcU2iwHMw6dGzsYNQkYFkUjwN1UdAjrWVRnStrZu2,8ivTTid27jZnYNc4w3CTA1Z6QS2twsFb8WMwUabeDJgc,CyXm53PMvHCbeXJBykU46Rcbo28xk5srhMZFg7gv6EYB,3.736793561999992,3.7048256409999976,718.1614286224936,192.18654086904445,0.2872645714489975,177.31744592660158,15.377683253,19.316617729,6380.557070620696
MATgk4zXLXtYkwBH678J1xZbRDZ45LicNzkRBHkxTuY,y8dALFo1bJrSzPYjMX14HJX448pXqYmrfXHD1K8MXih,GN7Yuet3UyiWS5YVkEHv6oQKi4HGBJc3XDPt9zQhAqZz,5604.207236999999,5597.479923000001,5614.155520582471,1.0017751455579287,2.2456622082329885,1.0,3262.774895,4810.866341,8079.43313636138
C2ypsDADXcCRz8HbV2zX1AXPSja7a1P3xZtRC91xGhJh,J9bYNuDpY1d1T86gLaw7DGk5D3CsUAf2tzUwxMvb6FTv,A2NGvvPrMGzsJ4jb52KEnSBVmsA7C34dV1GC7PerdgvG,211.74261292100027,213.38725503100386,34289.73528226745,161.94064486708075,13.71589411290698,163.07757388188713,3959.844445242,2067.140674649,978364.0491301434
daob129AwBGn9Y5r91uLoWZeYiGzbPmksauMhFZKTze,6VW5GQNyj4LStgmxEHLr5zUfW92vQnmbw8jTnCH7a38F,4VPCCUifPeBA1c7HWK358CHn2nyjm8pdTRk6Ps3KmnMQ,19.319981897999952,17.27228227399999,3443.3529409772664,178.227544888835,1.3773411763909065,153.12859325814617,48.239762183,224.187420417,42927.15869452516
BSC8REUo9LpiiWUuqMuLXs2D2yJsJfGd4HdiF3wCLxk5,AZjEH1zWVx1UJ6udMyRijGTzPteuLnaY18yNNmprJEsh,Caf8ypkSVR8xYnXNhjvfvdGCC7mrM3C11rz8Xi6NA6aK,190.1011766239999,189.89718300000004,189.9515356534851,0.9992128351166876,0.07598061426139405,0.9999514853537851,3347.3268217,2863.49821497,6208.051216940152
