0,1,2,3,4,5,6,7,8,9,10,11
FrnkTEL6yZ5Aycq2TrEgu29dCrwKG4LPUZydfiwqspkc,DjvZuMZ46fxKBoBpGMPcRcos4xdTtHFxwMh69DpA2ZFY,9rvDPJLAng4uVVqnnSoEXgNDFhBZQTny9AoQioYDZbQX,31.520176383999996,26.310013220000116,5416.409288540061,171.83943460701866,2.1665637154160247,143.78562828136776,172.113364244,1439.745245219,236590.53784892661
SQDY9uoDoCbNq7F3HAHYYQZbrUzpKxDtdWLvYcqBLak,GiehZ4X2uQjhEKuxSm3ACmEFrabxh3RTvjbLfLjw1xGX,rxDQYV77NKRKYxCjq4cECX3QQsiSyLv1T1FT2X3zNA2,59.31418524399999,59.100887009999994,59.44275528715118,1.0021676103721613,0.023777102114860473,1.0,169.752361165,236.93512352,407.0554416637601
RoBgmK8CvjdHvPrqdDyVw54VwjZv2TqJ493xnqJAQHx,ExiHJxM7qPAcy27NDHAF6G7vnW7muNHi2sVJpnaNynGQ,6rkPHSqZb7StM4HwS9EuVrmfkV7tRdc7dnsFhyB6cefE,1.127883999999998,61.95588899999984,0.0,0.0,0.0,0.9369129654700727,6229.892092,19.590011,18.354135299601346
MAR3XM1n9xWPQ3HJjAcC85o8DopWFP5p2WxGTaZ3fPB,6qG7GUhER8Cg9gDEgnebph9LdS6eu2eoWcA4R7z9uizK,4QV4CwRXVMY227KkFF9voNAfwWHVvVajXSXDKbUHkWZR,0.0065689999999999915,0.27724600000000166,0.006219642671160885,0.946817273734342,2.4878570684643537e-06,0.02202441119663802,0.110752,24.329388,0.6407023521751766
Cob4usZcpHEY7Qt4ZCwj6WVg9S44zvzYV2v9qYF65dTf,NhFM9UXE48PyNAyeyPYA3iXztqKVJwA4bTdLj4ysM8w,6TuFuynuBoeskxyR2cz4wxyidk8dpDK7kAWw3UkjQGx,66.03712600000546,1407.7200079999989,0.5483465858683728,0.00830361069723609,0.00021933863434734914,1.0,72137.85018,177.88496,776.8895844302623
SAMyS8Jr2HJrkFwYVKbpUwsNStnQmvz3f8Tup8bWUWF,6jPzm5TFfquvgm25sTyN3MMGBfufRaFHMxobDWv6hMFW,Cj9ECoDmxsHTDzCY5ZA6RWrPbg9uFzEC1Qc2kso2vJG6,611.3693716300068,128.77955316999248,585.5638200185919,0.9577905717739618,0.23422552800743676,0.021768044180182147,494.34433971,108334.5746002,2831.7101539224545
HEDSDjj84KS7LKhZY7ejkCACTdPen62rKhCby1wXtgxc,EnnjMSFttpCTywBrYNt1J5QQeoSVkvzPipJDa8Y7kJow,6bjVT6JN2rSvpyn9PdfLYC8wJn4LWh49jpY47fnLDXZk,50.48284927200075,51.11995320599817,46.862639339280115,0.9282883199952721,0.01874505573571205,1.0,38848.486988104,9040.186443298,45102.78316384325
C2ypsDADXcCRz8HbV2zX1AXPSja7a1P3xZtRC91xGhJh,J9bYNuDpY1d1T86gLaw7DGk5D3CsUAf2tzUwxMvb6FTv,A2NGvvPrMGzsJ4jb52KEnSBVmsA7C34dV1GC7PerdgvG,596.2552973360007,600.5327290620012,85836.4800195325,143.95927449708188,34.334592007813,141.20502390530453,3819.81946385,2002.93940005,832723.5445906147
BUSDTd9WiT6uBHJRgNvFXBsA7JrifsAtWzKfioN7ERcy,DyBxrn7gSc1EwnpWhDyhzvMHPtxpmBqRqotapLcKcfTM,Cds99GeBgoCpqBsoRWu1C6fF9LiUMd4pXQQD24s9LPff,264.38579058000005,263.87042115,264.4006869147008,1.0000563431743745,0.026440068691470083,0.9976405800282333,86.00959163,87.94375191,173.75069334877054
DFWzVTzNBrQZLjoQ4yQwkj9HuoXmfkuZP9V5vbymZe23,DhgiEgiNdqZdRdo195UUHnoEJUtefK8buko8nU97XJUZ,2K2kkXsouBHtWVjtcgkyiXd8eP3oVBvq1bTJzcVdLLr2,33.22984351400373,33.28850127599435,33.18416209690864,0.9986252894306938,0.013273664838763457,1.0,35500.717423506,32435.554473856,67887.46868590196
BSCNHw8CmxbZ8hCWWzMf5FaG2ajPT6JxfznKUNuRVrn4,7n9kgNL633yGzCYksgnzHyjG73ZLBAwvEae5sbAekbzW,SscdxE99omdG9AiMVwmaEMQySQnCgeAh1sPj2Leutm2,8544.968266804,8391.188893772996,8567.37257149666,1.0026219295371404,3.4269490285986643,1.0,4921.163029866,6783.611005768,11717.676978339088
GokA1R67GqSavkd15zR62QD68Tuc5AEfvjssntVDEbM8,3YB7hfpBdbQEuZqLGWVDpRPmeZWCUsrrWyqGXegnQ6Cg,4DPCj6Z1DsG6HUtwSogBGqXEUxdEV5a8YVrrFtcnz7UW,6548.081237,6547.691008000002,6548.83435295059,1.000115013226521,0.654883435295059,1.0,13508.466957,18914.305668,32424.326277370077
CZgvH45CRmoaNJ7395Ao5CQZXkGznvqU7cErD6n7FaRg,4ZjU6MKvtqVQKCiowhvZ5yUsPxXX5SCzd5eFsPeXyey5,BsyWeshjDbCvjDojry3vKDCesmFRM37WtwcR4Kfgzqr,4.9096679000000165,5.017635999999925,5.020170641109458,1.0225071722487464,0.0020080682564437833,0.999816913526795,241.39219576,563.13424698,809.8563962062528
vEnkoSUkpnbRrPgBz9DfcVxNz67zjwMYBZraAvDDNSf,DtfyjjsZ5yCjWKLKHvwsfXs5QVsmm1QkK6Sh9JZHoq1g,e5wrKCRv4GhHvEf1VD5Pq2KGaZDXP77nTL612Jyrxwy,3335.851729,3336.558198,3333.828095346125,0.9993933682254871,0.33338280953461247,0.9987645282785196,983.230612,965.27551,1946.7170924730444
MARpDPs5A7XiyCWPNH8GsMWPLxmwNn9SBmKvPa9LzgA,6YjT74rmcfCpw8LSjPNx5JTmZoYLGrTKnf9arfSgZ4SR,F8GSmi3vA8M8TsybLya1LQ4n1aFHCRbZ6k437PeTdXtg,12134.871975000013,12778.844572000322,11510.409252247104,0.9485398178044718,4.604163700898841,1.0,297138.616528,15070.616308,296918.4254921419
ALLwa5WNZbvQsRKAqe1jdRGemdYQnW8E5k4msbRFcYtu,CGoM82Hbz7QVqTgvQatYtjvDWBvoUJp5qm21P8iMs9yb,3dxNNww8TivyN5FMy5dCNdi3Zcxv6e4kUfSPxfFwpdNq,9.788897028000001,9.454063999000002,28367.036710328044,2897.878752752985,11.346814684131218,2870.8243859306635,1.045319456,7.625399203,24920.391025810353
BkwbeSfcX1h4thMDd7obGkHrPevf3QwgzJ4pCEqG18Lu,35yX27bmurdebhfAb8EPmjLETDiUaEUCn9zHaDPbakH2,2CxECn1ZJFoESyUnQysQU8rRgT3iJ5GRs2Mdd6gZjx5g,0.0012019400000014002,0.0007404599999999428,2.52243441763148,2098.6358866736623,0.001008973767052592,1288.659793814433,0.80210248,22.09313674,30153.858085400414
KEVpg4SYCVrqFxKijQH6hm4QxsRdoE51ud64bEEFUC9,2bPenuBYfqzD8p5dFjCcggwkHDsc2RQDnx9AoyYGUBjA,AE6n6iLuX8oYu61vt5hoDYkjswpnxFxrhSehxrnQTnbx,167.8015558469997,167.4279876170001,168.1877662555912,1.0023015901529762,0.06727510650223649,1.0,1654.593194717,5871.190642531,7529.592032652142
YAkoNb6HKmSxQN9L8hiBE5tPJRsniSSMzND1boHmZxe,CfWX7o2TswwbxusJ4hCaPobu2jLCb1hfXuXJQjVq3jQF,EnTrdMMpdhugeH6Ban6gYZWXughWxKtVGfCwFn78ZmY3,4644101.960503997,4641912.084543025,4644101.960503997,1.0,464.41019605039975,0.9986957034113447,387463.380216,1071231.071301,1457297.2484850404
BUSDgu5JdqP1rndBvXvanbEufS94FNh1w5FJcAj6vawb,Bgzr8cWubt89JQFXndVjtdKmDbGzuPxNhvjH1EhWCwbo,Dxaf8xPBBQsasRKW5Aa4Sw2YrbfGofY9xZueyyF23FBW,25970.465844900005,26041.341135489994,25903.150808830083,0.9974080158410735,10.361260323532033,0.999816913526795,8651.09309683,6452.71600545,15080.204200999586
KysFMBBoavfov2tLpvefWW6tPFt6rAeZWDJVy1mMQae,B8ka2V21TH3x64dFV8ETcjuQcwmrciJ2qzy1mJUttRew,7fSf7EYxBANyxzk2s5pymFgshA91tFYQNKKs5UnLWcYS,55.00924499999792,55.52424300000621,0.0,0.0,0.0,0.021911637421825027,134145.943161,2885.542939,63.22697064447537
MATgk4zXLXtYkwBH678J1xZbRDZ45LicNzkRBHkxTuY,y8dALFo1bJrSzPYjMX14HJX448pXqYmrfXHD1K8MXih,GN7Yuet3UyiWS5YVkEHv6oQKi4HGBJc3XDPt9zQhAqZz,4581.978010999999,4562.923897999999,4586.385527491919,1.0009619244093573,1.8345542109967676,1.0,3699.561162,4371.420104,8074.539964185638
AUSejoEUCh2DBs9mof6BNC8Pubs22w4cJa1ccV9h44R,4xkyD7AfGQDwsQMy9MosRRNGoVJ1zosNinesxg1TzHG7,Cbm5gsQe3nSiCsFrvepVzMCD9xLK3ri9g3ypS2hdmVJ7,987.4577329999993,984.9578409999995,990.2482525757579,1.0028259635653272,0.09902482525757579,1.0,13396.340513,15482.947238,28917.145321198455
NorjjEePhxfwLF4vZjUHCrVVKLzQjEEGQFd3wgjEJmh,34M8pFVqgbV7aqHxvRT5tCv3vu2P1JJYT8J3VaxBK2oG,3AZWBSze3ucsY3xSeuLne3b2pauVqiaJ1SZSV5T9WGWw,19.738017000000127,34.79285399999935,11.182473931850378,0.5665449539257316,0.0044729895727401514,1.0,38235.101644,2131.806553,23793.710452245643
B2izdXFYb2sNwbWWHmh75T4aQFtfXsUxem9u2p61HGzf,4DYwgJtxwuJdAjkj5RJSNH4e7U329V5cNp7d3a1nLrZv,EXNW64GEf1ACC6xY9BtKRiunrs6GoJSXBdxWN2eTPmrF,8747.24760300001,8677.927927000004,8810.59578670643,1.0072420704868001,0.8810595786706431,1.0,11511.217684,28211.214088,39805.79682185643
SoN9GaFpSXfpyR5dth3x7PHPVhvJMpQqqDJfCSmPv1t,9kZ9iS68ViMPtoeqtnhAKuF2iqVyfHPdZHoUNdwCELr,BBhm5fJLjw3HRzjtKB8uMEYjGhY6EDm9co3cqpjrSzB9,0.12951207600000014,0.12699687800000037,22.29813563646721,172.1703205225989,0.008919254254586886,169.19446009963187,0.829237383,1.392655603,378.39967887474336
KZMu9QBEdL97EFgamLbN5DE1AoKBG4HdrKKJo4Vuon3,DD4ACBWyVqdaKWh7v5btsgqQCCMwbKnuL2xd9pv7Gyuw,GcYqiJ1MAuYbNTNYXm1F1gQYTfTgkErACAhNU5dpVj9T,16.14859517000002,16.853706800000054,15.466972201220559,0.9577905717739618,0.0061867888804882235,0.999816913526795,2406.7569457,693.96993688,2999.0119915147034
SoNcU2iwHMw6dGzsYNQkYFkUjwN1UdAjrWVRnStrZu2,8ivTTid27jZnYNc4w3CTA1Z6QS2twsFb8WMwUabeDJgc,CyXm53PMvHCbeXJBykU46Rcbo28xk5srhMZFg7gv6EYB,5.989397104999998,5.9399949420000056,1024.4560223808871,171.0449323064024,0.40978240895235485,169.0497039939683,15.167012559,19.527747529,5895.400575890906
BSC8REUo9LpiiWUuqMuLXs2D2yJsJfGd4HdiF3wCLxk5,AZjEH1zWVx1UJ6udMyRijGTzPteuLnaY18yNNmprJEsh,Caf8ypkSVR8xYnXNhjvfvdGCC7mrM3C11rz8Xi6NA6aK,1920.9803198139994,1923.9896121770003,1918.0777005021405,0.9984889906044743,0.7672310802008562,1.0,3537.427998324,2673.60103197,6205.6839433525365
BSCuChvaSj9b5HUSqgDVRzcnr2sSn7cXaamt1jbKH6hn,GnKpRj5kBVPMJfiwZtEuD9GYApLzPdW5JFuZTcyX4BTc,3dmwD9okkomV9nDwyuh4UMhKdUR13QpuKxRo89ycZB5t,830.8338536680001,831.0472068720001,828.8825249519988,0.9976513610905641,0.33155300998079956,0.9976485423855972,1756.106648155,1246.110157497,2995.1621700307933
BSCrK1Nx9PXU9mF7STWWBqeHLxmtJDr9h7jheEy4tAWX,FfSySSbVJPvEo5a5AvrP3nySoXpRE2QPn1uUMpJJ1x7v,HL7Vcj6838ZmvBHDbQxXfjBNckNi83WvPiZQoMQLFeRM,0.04421604400000001,0.04416793800000007,128.398774556067,2903.89557591509,0.05135950982242679,2899.811512251704,0.840058405,0.964251245,5235.588746743825
AURHmCnNwiW4uA2Qj1XvEh4iKgRUZYXtiY7FKAapUV5Y,BKWm4TRnTeKwfWXRyuzjRHU7iZDkPuXBX5b5V5jSVfGJ,A5Ww74HVrkj9nPeC7pHKLfgeDMEhBCpW1efQdz3TGLEg,0.005157480000093528,0.004760094999994635,0.8294306119852309,160.8209071038937,0.0003317722447940924,143.8710018068759,289.929623773,1795.286181719,304916.36658541806
Lid8SLUxQ9RmF7XMqUA8c24RitTwzja8VSKngJxRcUa,4PgzyzLtds9bKZ2to9PMnKqJzKEUpjvNUaeN23phegax,AtymwxoVN9peZo7EXTcDz9jKVc4vRmisJKKrNfe3ewBa,46.60721886400188,39.37787990899972,7944.077391283028,170.447359548819,0.7944077391283029,143.88336009084222,965.860195809,7677.570989179,1269303.0313279952
MATSnbbiTCv7Dc3trJrkrqjx7ckKdr6fwPoVwv9q3sD,631WX9JizSHJm4w6VanZeJAst9T8DeUUnPLesdGkCVtK,211maUSfpnXbPuW1iBu8b4dtJv5EbN1j7JJiEX5TZKEP,6759.889179999995,6748.618533999997,6765.125387049572,1.000774599540044,2.706050154819829,0.9964814240915328,18509.72311,27054.723057,45483.58969324874
parEAJhzYzHW87y9VoZAQ22dzQ2MD2ekEtTReaxbMcz,3oyc6hpjYSJEquK6dSvG72NXyz3pqLZz5D8AC71pwgQb,Di2vordgFJVZ1aj1aBpvzXtLfZgJsuLLXawGtVFwX6Rz,1.9621103140000287,2.3228604319999704,270.30583399333597,137.76281183817883,0.10812233359733439,166.75051438364923,1103.986028744,139.357740097,175326.1943943556
RajgMbScQbqqrdJfR2rxfHJiTiY5b6bJ2tTXiF4aPxy,725ZA3fhyBAKb5iopNRrcbSuQa3LXA1656Q3mBvYPxeg,GLA6i1dSZpUfk2f9Nj8uiG7xyDdAR2reff8oEiZH3617,17979.511944419995,17987.869485970004,17977.405172307852,0.9998828237318867,7.190962068923141,0.999816913526795,103168.17246796,80766.26008705,183907.55648385885
Sid7E679i9ABqptiAVhkmQ27YHN8vaYT4fppPwmxFsJ,GP7KB8o1bv527HG8kTzzzf4wJ5aEGHvcMQvVhLziUfmT,9gYxhAZ1M9wu5pxr8SBoa5NDm21gi3s9vMHaYTME77sa,543.597772000001,1447.6023920000298,4.512109231872267,0.00830045571244957,0.0018048436927489068,0.021939763851790577,132647.274043,9864.792654,1317.4640448467217
heyk4SZTeCUV6a65WiVA5bzic3KcxgVf1qxobfeV4tQ,9ZDpBKPqMABtGfq66FbVribaArMvtk63xxy91onZAtDt,DaTP4s6N7xxSPinbNZ3FB52EpRDRt87QShTuN3VPCW52,50.93493712400141,43.927982484999916,8492.779773370206,166.73780813146942,3.3971119093480824,144.2799284544691,617.813127813,4502.004154935,752561.6441421313
C98Sspw7XqnMsgxea3SLQVdbMDL8pKUc3RE82UvX9eq2,CSqgQJurPCzGxb4Cgwx5R61hWQUiaoUHcShNc8r1cKEL,6S2CR5EnukPhC914XkAns8m5GixjMAoUuZMsS5ubHuWc,68.74051499999962,68.76844200000016,0.0,0.0,0.0,1.0,912.751696,851.095335,851.095335
JSoLLrxK5bYdHwTEWYaGgmeycBCNXKDiBCTw5hXGBg7,xG4wXczA7Dk4hccJ61CHKpDHW4NrNfQwgmWgkb9BuF2,BVR6WgfhsRr9Lob4QDnkEAiNGgAbv7ZieKcY9kSg3QYR,1.7541198220000922,1.4905746349999873,296.787356233368,169.19446009963187,0.11871494249334719,143.9807895071408,17.093449958,164.640367212,26597.167092813223
KEN5P7p3asnb23Sw6yAmJRGvijfAzso3RqfyLAQhznt,9zj4aX38Uxf3h6AUjS4EipWS8mwbEofasHAf3a1uKGds,CwQDG1MWunn9cLNwcZLd8YBacweSR7ARo32w4mLua1Yr,78354.79820199916,78357.54568200046,78296.31085778838,0.9992535575924784,7.829631085778839,1.0,1149555.314182,1133844.887814,2282542.1251597027
Lee1XZJfJ9Hm2K1qTyeCz1LXNc1YBZaKZszvNY4KCDw,9DgFSWkPDGijNKcLGbr3p5xoJbHsPgXUTr6QvGBJ5vGN,2hNHZg7XBhuhHVZ3JDEi4buq2fPQwuWBdQ9xkH7t1GQX,2560.6525488268253,2156.503033485016,438897.93198521313,171.40081429098854,43.88979319852132,144.32465658308777,6697.471303692,53893.350390232,8926091.322325591
KwnjUuZhTMTSGAaavkLEmSyfobY16JNH4poL9oeeEvE,J63v6qEZmQpDqCD8bd4PXu2Pq5ZbyXrFcSa3Xt1HdAPQ,BnKQtTdLw9qPCDgZkWX3sURkBAoKCUYL1yahh6Mw7mRK,221.87178300003063,8006.635586999822,4.867999293162411,0.021940596624500642,0.00048679992931624115,1.0,276756.856591,591.750447,6663.961000527903
BUSD5rCfUDpCxKGMvYU2yThChxgHoioK74PTPociGnv2,CcFHbafgYDZ8yA8Me1PdtDiVb2eeaS61LbqyKKK5CsNZ,26R9s4nmF3CFDTkiePDwRmtscn8i7r2eygbSijditJ58,223.50118333,224.49320259,223.07986799890122,0.9981149301993775,0.02230798679989012,0.999816913526795,107.80198672,40.28921726,147.8806132996907
WiiQFxXqp8P9Fs1rt9SVcDyA3KUdJmUsog6wnVQAwba,3S2jpqSYxho6wiz3cafhjXruVY8cg4HYa2v3BqBHYFSj,Dfe67M6TfrG74gKRtdqys4e6E9QirPD53BkF4FujFjuv,4823.617853090001,4806.200555608001,4843.777660557017,1.00417939564887,0.4843777660557017,1.0,4559.054994291,22271.817508067,26849.9265969641
STK75uPSyBnEhGTTzb1nwmP3n427XoXmfRhXxxhyady,6TYyD5fUmDe6N65avW1Ny2RxzRNobw2RRgKwH9CTzSAU,54zDfk4cx2vGrEajPtodWpArNe5eUurytyxd4X3aZAxK,218.31905768499956,246.3885303889988,31443.886949722335,144.02721999236078,3.1443886949722337,163.12125341066152,1514.184115968,264.450625175,261221.2462232405
ercAoEmXjQzEvAFbdjAo81KtMxRGn9AW1ju882upmPH,CMRhskR2Eg6V42RTSdRTXGdozyPbWB8U9dVpijPWb9T4,7TKLLgrWswt6ZJ1pXhVR3FyufHGjJFqiEXxvWJfDcgRm,0.12679679200000038,0.14115621700000247,18.315300972208917,144.44609112988334,0.007326120388883567,129.08010931019976,47.610599717,369.854834592,54618.06750351139
wrmcMSHFi3sWpAEy4rGDvQb3ezh3PhXoV2xNjgLBkKU,8p4mGnARWPBu6P2Gcw4adodLkNDorrXniZMhaY7eJXUn,AyY89zccbsgp9LKFgH4CFZMJmpSgqmPSdTfukhP227rc,0.004041449999999974,0.015927620000000628,1.1907631113730035,294.6375957572186,0.0004763052445492015,2905.118819359712,27.08270226,0.09577013,8257.805887490518
SUiuyGR7SFq3xeRVJonq84fjjeFwRSsFekcevJ53tzy,49GjCCPsv7fBqo6t3iKDrP1xxGDS8uWZbVCdfnp2gjMf,CEwj5xEbbJEjYqM8D6Ai8ByGz1mrh8mkAVsE5fzDSSSx,0.1284940000000001,14.016129999999976,0.001066558756315496,0.00830045571244957,4.266235025261984e-07,0.9512738508136245,646.561999,1.65488,6.941003308286813
daob129AwBGn9Y5r91uLoWZeYiGzbPmksauMhFZKTze,6VW5GQNyj4LStgmxEHLr5zUfW92vQnmbw8jTnCH7a38F,4VPCCUifPeBA1c7HWK358CHn2nyjm8pdTRk6Ps3KmnMQ,11.855459951000114,10.589555572999977,1905.106701280271,160.69445716608897,0.7620426805121084,144.446842262026,48.181783772,224.244701219,40133.98457361146
