0,1,2,3,4,5,6,7,8,9,10,11
ALBpShJ9NLpE739pcHDF2LNVk5J4VYPvvKuV6jMPitZi,D6d156U1bPiJpDYRLextvDRccgFk7QzkQbJg42ceKEu5,GNcM8U5g8RwTZffwwm3kSQqUNPSwv5d2fbN9sLxPJqt2,651.7548029999962,652.3893609999941,649.6946213556773,0.996839023456619,0.2598778485422709,0.997863574087878,52651.883375,47659.424161,100043.05533895243
Lid8SLUxQ9RmF7XMqUA8c24RitTwzja8VSKngJxRcUa,4PgzyzLtds9bKZ2to9PMnKqJzKEUpjvNUaeN23phegax,AtymwxoVN9peZo7EXTcDz9jKVc4vRmisJKKrNfe3ewBa,92.59243815700574,78.37558158499928,17199.144682625858,185.75107238737868,1.719914468262586,156.13926310699333,971.009380867,7671.422063876,1378176.2218305783
SoN9GaFpSXfpyR5dth3x7PHPVhvJMpQqqDJfCSmPv1t,9kZ9iS68ViMPtoeqtnhAKuF2iqVyfHPdZHoUNdwCELr,BBhm5fJLjw3HRzjtKB8uMEYjGhY6EDm9co3cqpjrSzB9,0.34572638700000025,0.3392896830000005,64.42634405887046,186.35067059220566,0.025770537623548185,183.6452854582317,1.485152408,2.498079625,735.5196929929464
Dg3mAgpwDfVNnbGWcsxL8sUcSkEbjSJQhKAWNigG44Ju,EATxwd8YA2wV93VJcKMmH2Kn2Y9XfJVUB9hHVu3udwEy,GiGvrRi7NMHfHKanG2B8xyCEqe8jaafWins8bhrLVEaa,0.004100716000000004,0.004138392000000046,0.764171176508188,186.35067059220566,0.0003056684706032752,186.2340970048715,0.202204939,0.257367616,85.61165154376256
HEDSDjj84KS7LKhZY7ejkCACTdPen62rKhCby1wXtgxc,EnnjMSFttpCTywBrYNt1J5QQeoSVkvzPipJDa8Y7kJow,6bjVT6JN2rSvpyn9PdfLYC8wJn4LWh49jpY47fnLDXZk,9.225172691998523,9.523519392003436,8.93636092749127,0.9686930777179104,0.003574544370996508,1.0,39100.632785453,9068.006376398,46944.5186900563
TETFuZgEmET6d9vYmz9iMFCxK1jKdKYxf3oPz8hSzJK,Eu1Ze6Z84LWNkq7SNoAHBJbXx5t1P95EwyqYohrfCRFV,ASMbv7WNu3qe4pkhREmvyEdwFNDZQ6B6iSrjkj4u8bdC,1.476979520000043,1.4736919999999998,1.4690402564664784,0.9946246624099674,0.0005876161025865915,0.9984394391565983,277.977163745,74.794713491,351.16093443738333
wrmcMSHFi3sWpAEy4rGDvQb3ezh3PhXoV2xNjgLBkKU,8p4mGnARWPBu6P2Gcw4adodLkNDorrXniZMhaY7eJXUn,AyY89zccbsgp9LKFgH4CFZMJmpSgqmPSdTfukhP227rc,0.0073143299999992445,0.040062199999997244,2.479433898304829,338.98305084745766,0.0009917735593219315,3093.389426794939,27.04175193,0.10007687,9476.272301016259
C98Sspw7XqnMsgxea3SLQVdbMDL8pKUc3RE82UvX9eq2,CSqgQJurPCzGxb4Cgwx5R61hWQUiaoUHcShNc8r1cKEL,6S2CR5EnukPhC914XkAns8m5GixjMAoUuZMsS5ubHuWc,50.53975400000036,50.5648799999999,0.0,0.0,0.0,1.0,916.862816,846.80891,846.80891
Lee1XZJfJ9Hm2K1qTyeCz1LXNc1YBZaKZszvNY4KCDw,9DgFSWkPDGijNKcLGbr3p5xoJbHsPgXUTr6QvGBJ5vGN,2hNHZg7XBhuhHVZ3JDEi4buq2fPQwuWBdQ9xkH7t1GQX,1621.039413439983,1367.1138206939868,302486.0564857019,186.6000628842212,30.248605648570187,157.52216376224675,6728.134000681,53838.827886217,9736278.890680633
SAMyS8Jr2HJrkFwYVKbpUwsNStnQmvz3f8Tup8bWUWF,6jPzm5TFfquvgm25sTyN3MMGBfufRaFHMxobDWv6hMFW,Cj9ECoDmxsHTDzCY5ZA6RWrPbg9uFzEC1Qc2kso2vJG6,7121.93672449002,164.05676269000008,6947.746438609354,0.9755417251487671,2.779098575443742,0.020973087255574837,477.91238763,109076.00507183,2753.8840469595507
7oAd7xG4m3oC2qeWB1szghTebAZyyGPAFDJ4wwwbRSNi,D9yh4KAysxt9GLacVe4Wwh2XqghhcjTCSTV9HuM7TBJd,HDYfJLpZKaMFb84jM4mRytn7XLR8UFZUnQpSfhJJaNEy,146.0883765819599,3.3127940000000535,146.0883765819599,1.0,0.05843535063278396,0.022765210018464453,955.123997978,300105.437947635,7787.087320539164
KEnkcdADoLR5jS2CLLLesy8TtFsyWL37BhXNfDMzWzP,3qsjFRuw1qeLMPo4DLwaQevenGAGBj9dA3Q6rb8ax2YR,77iEv8zPQAEyCcEbvBRSB6AFcUdfkhiqnAKtPxk76rNN,1.8030930000000018,1.7775619999999959,0.015811144870407492,0.008768901476744391,6.324457948162996e-06,0.9988253813515305,118.109134,0.307603,1.342929043329476
Cob4usZcpHEY7Qt4ZCwj6WVg9S44zvzYV2v9qYF65dTf,NhFM9UXE48PyNAyeyPYA3iXztqKVJwA4bTdLj4ysM8w,6TuFuynuBoeskxyR2cz4wxyidk8dpDK7kAWw3UkjQGx,82.02871100000007,8997.687194999977,0.7193016850233396,0.008768901476744391,0.0002877206740093358,1.0,71391.828362,184.162076,810.1899851510238
BUSD5rCfUDpCxKGMvYU2yThChxgHoioK74PTPociGnv2,CcFHbafgYDZ8yA8Me1PdtDiVb2eeaS61LbqyKKK5CsNZ,26R9s4nmF3CFDTkiePDwRmtscn8i7r2eygbSijditJ58,188.3956091,187.46953638000002,188.01625997322762,0.9979864226741557,0.01880162599732276,0.9997755303979151,82.14287074,65.76244195,147.72514999882154
KwnjUuZhTMTSGAaavkLEmSyfobY16JNH4poL9oeeEvE,J63v6qEZmQpDqCD8bd4PXu2Pq5ZbyXrFcSa3Xt1HdAPQ,BnKQtTdLw9qPCDgZkWX3sURkBAoKCUYL1yahh6Mw7mRK,1077.5639339999998,48727.96034699975,22.61528154134598,0.02098741506445592,0.002261528154134598,1.0,277443.403718,576.901675,6399.721545725079
MARpDPs5A7XiyCWPNH8GsMWPLxmwNn9SBmKvPa9LzgA,6YjT74rmcfCpw8LSjPNx5JTmZoYLGrTKnf9arfSgZ4SR,F8GSmi3vA8M8TsybLya1LQ4n1aFHCRbZ6k437PeTdXtg,20533.08559400001,21667.097447000095,19267.69874652099,0.9383732736277698,7.707079498608397,1.0,297143.678571,15010.142246,293841.82864446705
YakoMPuYrybnr9R7VC7hVGxMz94fJvPFCdZ4gmW61Ed,,,2.288846,2.286863,0.0,0.0,0.0,1.0,297143.678571,15010.142246,15010.142246
FrnkTEL6yZ5Aycq2TrEgu29dCrwKG4LPUZydfiwqspkc,DjvZuMZ46fxKBoBpGMPcRcos4xdTtHFxwMh69DpA2ZFY,9rvDPJLAng4uVVqnnSoEXgNDFhBZQTny9AoQioYDZbQX,17.45211795,14.560684355000006,3252.21388323677,186.35067059220566,1.3008855532947081,155.56737521901943,173.1632619,1438.384857876,256034.84687155037
BUSDgu5JdqP1rndBvXvanbEufS94FNh1w5FJcAj6vawb,Bgzr8cWubt89JQFXndVjtdKmDbGzuPxNhvjH1EhWCwbo,Dxaf8xPBBQsasRKW5Aa4Sw2YrbfGofY9xZueyyF23FBW,11541.793081860003,11530.202051089995,11548.211000123321,1.0005560590298057,4.619284400049328,0.9997755303979151,6873.23267231,8197.00049983,15072.215117790907
SoNcU2iwHMw6dGzsYNQkYFkUjwN1UdAjrWVRnStrZu2,8ivTTid27jZnYNc4w3CTA1Z6QS2twsFb8WMwUabeDJgc,CyXm53PMvHCbeXJBykU46Rcbo28xk5srhMZFg7gv6EYB,3.4546178060000123,3.424632474000001,645.2337827620802,186.77428850202537,0.2580935131048321,183.97713679325645,15.37023554,19.314689311,6424.226044581139
BSCuChvaSj9b5HUSqgDVRzcnr2sSn7cXaamt1jbKH6hn,GnKpRj5kBVPMJfiwZtEuD9GYApLzPdW5JFuZTcyX4BTc,3dmwD9okkomV9nDwyuh4UMhKdUR13QpuKxRo89ycZB5t,220.13424892800003,220.13715755400017,220.30830901524524,1.000790699712075,0.0881233236060981,0.999555197936918,1489.248430255,1623.300394658,3113.004325853465
ionytDfEj1mXodptgrsKEZro7DGsfpzANUfarJdm6Qb,3gkSjY95an9xNFSjCfsay6JZez7uv7yfW3Ad4ubc4fMK,9wXqANaSuEqkKL9yHzCPEDGHwbkStVAqV5rB3QDs3Jr6,0.0016330700000000142,0.0060867580000003585,1.3513209361364917,827.4727575281403,0.0005405283744545968,3088.516894187411,3.152465045,0.08412619,2868.404102855843
NorjjEePhxfwLF4vZjUHCrVVKLzQjEEGQFd3wgjEJmh,34M8pFVqgbV7aqHxvRT5tCv3vu2P1JJYT8J3VaxBK2oG,3AZWBSze3ucsY3xSeuLne3b2pauVqiaJ1SZSV5T9WGWw,65.80458700000054,112.4361080000017,38.0920495625222,0.5788661748233734,0.015236819825008881,1.0,38235.118654,2193.749071,24326.76595015879
JSoLLrxK5bYdHwTEWYaGgmeycBCNXKDiBCTw5hXGBg7,xG4wXczA7Dk4hccJ61CHKpDHW4NrNfQwgmWgkb9BuF2,BVR6WgfhsRr9Lob4QDnkEAiNGgAbv7ZieKcY9kSg3QYR,2.2830154789999995,1.941872374999992,420.0226510811048,183.97713679325645,0.16800906043244193,157.6076172391842,17.169491732,164.545735246,29092.45518804056
KEN5P7p3asnb23Sw6yAmJRGvijfAzso3RqfyLAQhznt,9zj4aX38Uxf3h6AUjS4EipWS8mwbEofasHAf3a1uKGds,CwQDG1MWunn9cLNwcZLd8YBacweSR7ARo32w4mLua1Yr,140666.50136299897,140667.1938349998,140647.37332022743,0.9998640184934849,14.064737332022743,1.0,1133775.347817,1125878.813066,2259499.988403154
daob129AwBGn9Y5r91uLoWZeYiGzbPmksauMhFZKTze,6VW5GQNyj4LStgmxEHLr5zUfW92vQnmbw8jTnCH7a38F,4VPCCUifPeBA1c7HWK358CHn2nyjm8pdTRk6Ps3KmnMQ,18.880007673999927,16.885622484999942,3284.5135032070834,173.96780551791085,1.3138054012828335,157.49184782822678,47.943812762,224.475001283,43693.66263766999
KysFMBBoavfov2tLpvefWW6tPFt6rAeZWDJVy1mMQae,B8ka2V21TH3x64dFV8ETcjuQcwmrciJ2qzy1mJUttRew,7fSf7EYxBANyxzk2s5pymFgshA91tFYQNKKs5UnLWcYS,180.13459700000067,241.3274129999627,0.0,0.0,0.0,0.02098741506445592,134480.330294,2628.504169,55.16550799345578
KEVpg4SYCVrqFxKijQH6hm4QxsRdoE51ud64bEEFUC9,2bPenuBYfqzD8p5dFjCcggwkHDsc2RQDnx9AoyYGUBjA,AE6n6iLuX8oYu61vt5hoDYkjswpnxFxrhSehxrnQTnbx,1280.792484439,1281.719287,1281.5883572167731,1.0006213908868475,0.5126353428867093,1.0,2624.170505598,5020.004841471,7645.805982706713
BerKDkt6v49dT1bHRedgnpsJS263C1DSJtEGvY9Mg35V,78XKqNb8wbfsMMrvo8WPUpdx7GEkfQutpNVH943aCGFa,DKYQwn4nDvFHCszi5tXbqfVMAP7DaXXp1KGTXEnYnKVH,0.0012420680000104767,0.0012420680000104767,0.0012445195192745588,1.0019737399756385,4.978078077098235e-07,1.0,1338.317413093,1686.889624681,3027.848528352315
RajgMbScQbqqrdJfR2rxfHJiTiY5b6bJ2tTXiF4aPxy,725ZA3fhyBAKb5iopNRrcbSuQa3LXA1656Q3mBvYPxeg,GLA6i1dSZpUfk2f9Nj8uiG7xyDdAR2reff8oEiZH3617,33746.410116859974,33752.10262702999,33704.14040621093,0.9987474308970149,13.481656162484374,0.9997755303979151,125252.70053228,58657.70971428,183740.35571104905
MATgk4zXLXtYkwBH678J1xZbRDZ45LicNzkRBHkxTuY,y8dALFo1bJrSzPYjMX14HJX448pXqYmrfXHD1K8MXih,GN7Yuet3UyiWS5YVkEHv6oQKi4HGBJc3XDPt9zQhAqZz,4043.728589000001,4036.433918,4049.6897322859263,1.001474169978208,1.6198758929143704,1.0,3410.713963,4652.042226,8067.784161128509
WiiQFxXqp8P9Fs1rt9SVcDyA3KUdJmUsog6wnVQAwba,3S2jpqSYxho6wiz3cafhjXruVY8cg4HYa2v3BqBHYFSj,Dfe67M6TfrG74gKRtdqys4e6E9QirPD53BkF4FujFjuv,1567.7584624379997,1568.1785760520006,1566.335786271038,0.9990925412293745,0.1566335786271038,1.0,18419.508921705,8398.206644205,26801.000620988387
GokA1R67GqSavkd15zR62QD68Tuc5AEfvjssntVDEbM8,3YB7hfpBdbQEuZqLGWVDpRPmeZWCUsrrWyqGXegnQ6Cg,4DPCj6Z1DsG6HUtwSogBGqXEUxdEV5a8YVrrFtcnz7UW,84399.97400000003,84356.61339700001,84405.96682364451,1.000071005041358,8.44059668236445,1.0,16147.480038,16268.684983,32417.311573487925
YAkoNb6HKmSxQN9L8hiBE5tPJRsniSSMzND1boHmZxe,CfWX7o2TswwbxusJ4hCaPobu2jLCb1hfXuXJQjVq3jQF,EnTrdMMpdhugeH6Ban6gYZWXughWxKtVGfCwFn78ZmY3,6838985.3198690135,6839299.910218979,6838985.3198690135,1.0,683.8985319869014,0.9982311344297903,565535.440193,893863.465049,1457817.7809342064
SQDY9uoDoCbNq7F3HAHYYQZbrUzpKxDtdWLvYcqBLak,GiehZ4X2uQjhEKuxSm3ACmEFrabxh3RTvjbLfLjw1xGX,rxDQYV77NKRKYxCjq4cECX3QQsiSyLv1T1FT2X3zNA2,15.235415498000009,15.196046696000025,15.282861523671787,1.0031141930903038,0.006113144609468715,1.0,154.686698921,251.962312397,407.13073556694167
MAR3XM1n9xWPQ3HJjAcC85o8DopWFP5p2WxGTaZ3fPB,6qG7GUhER8Cg9gDEgnebph9LdS6eu2eoWcA4R7z9uizK,4QV4CwRXVMY227KkFF9voNAfwWHVvVajXSXDKbUHkWZR,0.7355630000000026,0.017134999999999984,0.6970872682300452,0.94769213273376,0.0002788349072920181,0.02102919885334508,0.107105,24.494725,0.6166070087594524
BSC8REUo9LpiiWUuqMuLXs2D2yJsJfGd4HdiF3wCLxk5,AZjEH1zWVx1UJ6udMyRijGTzPteuLnaY18yNNmprJEsh,Caf8ypkSVR8xYnXNhjvfvdGCC7mrM3C11rz8Xi6NA6aK,2156.751732377001,2157.6823507020003,2157.1477242990463,1.0001836057048665,0.8628590897196187,1.0,3081.214426167,3274.32560261,6356.105757323561
parEAJhzYzHW87y9VoZAQ22dzQ2MD2ekEtTReaxbMcz,3oyc6hpjYSJEquK6dSvG72NXyz3pqLZz5D8AC71pwgQb,Di2vordgFJVZ1aj1aBpvzXtLfZgJsuLLXawGtVFwX6Rz,6.1625969929999656,7.185444112000425,946.8335760876494,153.6419754793553,0.37873343043505975,173.8296657012167,1100.444949605,142.347883356,193818.82094064105
heyk4SZTeCUV6a65WiVA5bzic3KcxgVf1qxobfeV4tQ,9ZDpBKPqMABtGfq66FbVribaArMvtk63xxy91onZAtDt,DaTP4s6N7xxSPinbNZ3FB52EpRDRt87QShTuN3VPCW52,109.39186984199296,94.98011565300033,19669.171917022464,179.80469613905376,7.867668766808986,157.22192629561874,630.861089131,4467.751372138,815860.2633745822
DFWzVTzNBrQZLjoQ4yQwkj9HuoXmfkuZP9V5vbymZe23,DhgiEgiNdqZdRdo195UUHnoEJUtefK8buko8nU97XJUZ,2K2kkXsouBHtWVjtcgkyiXd8eP3oVBvq1bTJzcVdLLr2,0.47589642999810167,0.47892937699361937,0.4682099784814055,0.9838484782986776,0.0001872839913925622,1.0,45476.03363391,22540.05739651,67281.58388629185
SUiuyGR7SFq3xeRVJonq84fjjeFwRSsFekcevJ53tzy,49GjCCPsv7fBqo6t3iKDrP1xxGDS8uWZbVCdfnp2gjMf,CEwj5xEbbJEjYqM8D6Ai8ByGz1mrh8mkAVsE5fzDSSSx,17.948485000000012,17.764012999999956,0.15738849662182466,0.008768901476744391,6.295539864872987e-05,0.9482205219574684,637.013648,1.740721,7.236497293855859
SERgf3DMJpQxUifu7VoFKmfne73d2fDJxSrxUMrcNJB,AJfM2GZ2tTB8UtN2krcyR9xufRJEx2mhSCbJyMgPo3GU,F4yRYkufQvERZcEKnKjJwRLU1btiMBUuEwq46hfm11QD,0.6641663380000047,0.664613009,103.64521919609317,156.0531048715878,0.04145808767843727,157.23826707705854,29.1804226,28.064455105,8966.501835367158
RoBgmK8CvjdHvPrqdDyVw54VwjZv2TqJ493xnqJAQHx,ExiHJxM7qPAcy27NDHAF6G7vnW7muNHi2sVJpnaNynGQ,6rkPHSqZb7StM4HwS9EuVrmfkV7tRdc7dnsFhyB6cefE,20.39653799999997,225.1426390000009,0.0,0.0,0.0,0.9479328901431094,6299.471852,18.388735,17.431286714625752
AUSejoEUCh2DBs9mof6BNC8Pubs22w4cJa1ccV9h44R,4xkyD7AfGQDwsQMy9MosRRNGoVJ1zosNinesxg1TzHG7,Cbm5gsQe3nSiCsFrvepVzMCD9xLK3ri9g3ypS2hdmVJ7,1643.9198389999983,1641.8736250000002,1646.0069758453703,1.0012696098653093,0.16460069758453705,1.0,13974.734438,14902.888937,28895.365835707562
KZMu9QBEdL97EFgamLbN5DE1AoKBG4HdrKKJo4Vuon3,DD4ACBWyVqdaKWh7v5btsgqQCCMwbKnuL2xd9pv7Gyuw,GcYqiJ1MAuYbNTNYXm1F1gQYTfTgkErACAhNU5dpVj9T,184.1637981900002,188.54940188000046,179.6594693962222,0.9755417251487671,0.07186378775848888,0.9997755303979151,2212.37732348,881.8304178,3039.898864504701
STK75uPSyBnEhGTTzb1nwmP3n427XoXmfRhXxxhyady,6TYyD5fUmDe6N65avW1Ny2RxzRNobw2RRgKwH9CTzSAU,54zDfk4cx2vGrEajPtodWpArNe5eUurytyxd4X3aZAxK,518.5916209829991,584.5373686429914,81582.61198566399,157.3157156512147,8.1582611985664,177.39715444320444,1852.561329502,325.846435663,349241.2418104498
vEnkoSUkpnbRrPgBz9DfcVxNz67zjwMYBZraAvDDNSf,DtfyjjsZ5yCjWKLKHvwsfXs5QVsmm1QkK6Sh9JZHoq1g,e5wrKCRv4GhHvEf1VD5Pq2KGaZDXP77nTL612Jyrxwy,3273.6409779999985,3272.8306239999993,3272.4170940068398,0.9996261398237059,0.327241709400684,0.9995472051160824,1032.412215,914.863293,1946.4752847687373
moFiBS1R4Lf3E3zzmBPnw3NF4RhWPkhREFviuzUaCAU,44ALBrpqi9PfZkBRTvbtRNtFJGsatfY4QydjtMbFWq8S,2ho8qEEie1UjVwWNBo9y4oAJZMyMLx8zPj9bxyUz6uWs,2979.592114164996,2978.6557585080045,2979.8311383399273,1.000080220434802,1.191932455335971,1.0,32914.313447876,31489.437169994,64406.39101840599
C2ypsDADXcCRz8HbV2zX1AXPSja7a1P3xZtRC91xGhJh,J9bYNuDpY1d1T86gLaw7DGk5D3CsUAf2tzUwxMvb6FTv,A2NGvvPrMGzsJ4jb52KEnSBVmsA7C34dV1GC7PerdgvG,955.4717175469998,961.0532062990005,150259.44583478078,157.2620550407757,60.10377833391231,158.11021610188118,2454.715627404,1446.912705662,614805.3046790365
ALLwa5WNZbvQsRKAqe1jdRGemdYQnW8E5k4msbRFcYtu,CGoM82Hbz7QVqTgvQatYtjvDWBvoUJp5qm21P8iMs9yb,3dxNNww8TivyN5FMy5dCNdi3Zcxv6e4kUfSPxfFwpdNq,1.739528266000005,1.7114256490000002,5372.728375081091,3088.6122864996755,2.1490913500324367,3050.910544251932,0.877932241,7.781255901,26451.507982150262
AURHmCnNwiW4uA2Qj1XvEh4iKgRUZYXtiY7FKAapUV5Y,BKWm4TRnTeKwfWXRyuzjRHU7iZDkPuXBX5b5V5jSVfGJ,A5Ww74HVrkj9nPeC7pHKLfgeDMEhBCpW1efQdz3TGLEg,0.008820135000007667,0.00793345700003556,1.5528466835624484,176.05701993916176,0.0006211386734249794,157.24808306724339,289.944205503,1798.335443259,333831.5139338453
SEQV6QiTpvTzrceiaYg9Avnwf7oc8ZALpnQMz6TyT4A,3dFMPj4r9mMmPHF32mz1gNDX7f8ftidWof7S8YiYTs1j,Fc1ED3YPeQfXQosHbd8DTaBd2AV5gHQtwiSAL5C5pUhi,110.97645199199997,111.34516168400023,110.55851724783896,0.996234023194478,0.044223406899135585,0.9994283269969577,4557.795319062,1072.457719128,5612.475391609167
BSCNHw8CmxbZ8hCWWzMf5FaG2ajPT6JxfznKUNuRVrn4,7n9kgNL633yGzCYksgnzHyjG73ZLBAwvEae5sbAekbzW,SscdxE99omdG9AiMVwmaEMQySQnCgeAh1sPj2Leutm2,407.1139384740013,405.400872740001,409.2848536885359,1.0053324512117465,0.16371394147541438,1.0,3954.620315899,7749.839021623,11725.547157417514
SAMGk1Nd4haC8zQA63DG37pzuEZy8j4q13tSFtCbcRE,9U9TnkHD3jXMAVZtynCVLgDruuqN4pTvLJTmVHCLWS8g,C6zoEbvqSknmi96QWq96UBiPCyNW3YSTvKhavR2BfifE,0.21427724000000126,0.07679252999999997,0.31418950146627744,1.4662756598240467,0.000125675800586511,0.0,54.30382893,0.83841123,79.6243825953079
B2izdXFYb2sNwbWWHmh75T4aQFtfXsUxem9u2p61HGzf,4DYwgJtxwuJdAjkj5RJSNH4e7U329V5cNp7d3a1nLrZv,EXNW64GEf1ACC6xY9BtKRiunrs6GoJSXBdxWN2eTPmrF,5746.418032000001,5681.792468999998,5813.882322469942,1.0117402336715242,0.5813882322469942,1.0,9797.334796,30143.738829,40056.096624863196
SRMuKizofcAMicegrfSv7xs9q76tH1w8aAF7oX9FEWu,72Hj2KWntXPfbie4UgKeTPnm1XVkomDfCnRPKbvfTtPi,6aqJQ5wedqpUt4fFEDUqUmXhrdxCu4bEJsQdVPCADLko,29.74520300000222,29.624885000000177,1.2670057678293147,0.04259529739397711,0.000506802307131726,0.04269277141790677,16928.681878,4962.345507,932.9385215084685
Sid7E679i9ABqptiAVhkmQ27YHN8vaYT4fppPwmxFsJ,GP7KB8o1bv527HG8kTzzzf4wJ5aEGHvcMQvVhLziUfmT,9gYxhAZ1M9wu5pxr8SBoa5NDm21gi3s9vMHaYTME77sa,3653.687300999978,8975.924964999944,32.038823969300935,0.008768901476744391,0.012815529587720375,0.021015712944191262,130265.58467,10807.153328,1369.4061098668437
MATSnbbiTCv7Dc3trJrkrqjx7ckKdr6fwPoVwv9q3sD,631WX9JizSHJm4w6VanZeJAst9T8DeUUnPLesdGkCVtK,211maUSfpnXbPuW1iBu8b4dtJv5EbN1j7JJiEX5TZKEP,923.916202000004,923.4067090000135,924.2600267299475,1.000372138435498,0.369704010691979,0.9980966297271103,20273.991776,25280.404841,45513.823377519846
BUSDTd9WiT6uBHJRgNvFXBsA7JrifsAtWzKfioN7ERcy,DyBxrn7gSc1EwnpWhDyhzvMHPtxpmBqRqotapLcKcfTM,Cds99GeBgoCpqBsoRWu1C6fF9LiUMd4pXQQD24s9LPff,970.3437250800002,974.2317162499996,970.5542091713431,1.000216917042799,0.09705542091713432,0.9971183280319875,126.97278848,137.28339862,263.8881239403163
