0,1,2,3,4,5,6,7,8,9,10,11
STK75uPSyBnEhGTTzb1nwmP3n427XoXmfRhXxxhyady,6TYyD5fUmDe6N65avW1Ny2RxzRNobw2RRgKwH9CTzSAU,54zDfk4cx2vGrEajPtodWpArNe5eUurytyxd4X3aZAxK,779.0051403890045,879.5522951869989,129091.93296560402,165.71383970732285,12.909193296560403,187.25076922615997,1716.281181787,299.061751897,340411.08774018177
SAMyS8Jr2HJrkFwYVKbpUwsNStnQmvz3f8Tup8bWUWF,6jPzm5TFfquvgm25sTyN3MMGBfufRaFHMxobDWv6hMFW,Cj9ECoDmxsHTDzCY5ZA6RWrPbg9uFzEC1Qc2kso2vJG6,1050.3507210899988,24.477289319999954,1009.0776490842381,0.9607054375485841,0.4036310596336953,0.021795374440914863,493.86734424,108356.15438746,2836.124000891317
FrnkTEL6yZ5Aycq2TrEgu29dCrwKG4LPUZydfiwqspkc,DjvZuMZ46fxKBoBpGMPcRcos4xdTtHFxwMh69DpA2ZFY,9rvDPJLAng4uVVqnnSoEXgNDFhBZQTny9AoQioYDZbQX,69.24600763900048,57.64878539999984,13834.962584308327,199.7943716327156,5.533985033723331,165.9180444501078,171.960098128,1439.979032891,273275.1649378161
BUSDTd9WiT6uBHJRgNvFXBsA7JrifsAtWzKfioN7ERcy,DyBxrn7gSc1EwnpWhDyhzvMHPtxpmBqRqotapLcKcfTM,Cds99GeBgoCpqBsoRWu1C6fF9LiUMd4pXQQD24s9LPff,211.70680500999998,212.22479260999995,211.5127315032092,0.9990832911262271,0.02115127315032092,0.9925174112366867,89.70417998,84.37693369,173.3675231562862
ALLwa5WNZbvQsRKAqe1jdRGemdYQnW8E5k4msbRFcYtu,CGoM82Hbz7QVqTgvQatYtjvDWBvoUJp5qm21P8iMs9yb,3dxNNww8TivyN5FMy5dCNdi3Zcxv6e4kUfSPxfFwpdNq,27.265009344999992,26.827058317000002,80929.08680617392,2968.2398337785694,32.371634722469565,2957.1275645688806,1.420392762,7.260035078,25684.916224669945
BSCNHw8CmxbZ8hCWWzMf5FaG2ajPT6JxfznKUNuRVrn4,7n9kgNL633yGzCYksgnzHyjG73ZLBAwvEae5sbAekbzW,SscdxE99omdG9AiMVwmaEMQySQnCgeAh1sPj2Leutm2,209.0774120269998,208.7246189409998,209.44868033887113,1.0017757456832466,0.08377947213554846,0.9998385630660916,4876.799337839,6828.178721837,11712.535694811195
KEVpg4SYCVrqFxKijQH6hm4QxsRdoE51ud64bEEFUC9,2bPenuBYfqzD8p5dFjCcggwkHDsc2RQDnx9AoyYGUBjA,AE6n6iLuX8oYu61vt5hoDYkjswpnxFxrhSehxrnQTnbx,104.68321157100013,104.99862600000051,104.9552538046224,1.0025987188350423,0.04198210152184896,0.9998383511345803,1533.892907235,5992.252185788,7529.162608644828
MARpDPs5A7XiyCWPNH8GsMWPLxmwNn9SBmKvPa9LzgA,6YjT74rmcfCpw8LSjPNx5JTmZoYLGrTKnf9arfSgZ4SR,F8GSmi3vA8M8TsybLya1LQ4n1aFHCRbZ6k437PeTdXtg,19562.677931,20569.405488000077,18439.05710800924,0.9425630362594575,7.375622843203696,1.0,296470.258706,15720.970245,295162.8774515542
Lee1XZJfJ9Hm2K1qTyeCz1LXNc1YBZaKZszvNY4KCDw,9DgFSWkPDGijNKcLGbr3p5xoJbHsPgXUTr6QvGBJ5vGN,2hNHZg7XBhuhHVZ3JDEi4buq2fPQwuWBdQ9xkH7t1GQX,3095.087186684039,2605.3771499799723,611860.625966997,197.68768666659813,61.1860625966997,165.909896326224,6687.425583783,53915.09418683,10267069.380368654
2jQoGQRixdcfuRPt9Zui7pk6ivnrQv79mf8h13Tyoa9K,,,0.00023028300000000018,0.0002813360000000001,0.0,0.0,0.0,165.909896326224,6687.425583783,53915.09418683,8945047.686955567
parEAJhzYzHW87y9VoZAQ22dzQ2MD2ekEtTReaxbMcz,3oyc6hpjYSJEquK6dSvG72NXyz3pqLZz5D8AC71pwgQb,Di2vordgFJVZ1aj1aBpvzXtLfZgJsuLLXawGtVFwX6Rz,1.5853467240000043,1.8722304110003734,257.6833343465043,162.54067986865414,0.10307333373860172,191.9670983750753,1102.918139454,140.265443331,206195.4143848699
heyk4SZTeCUV6a65WiVA5bzic3KcxgVf1qxobfeV4tQ,9ZDpBKPqMABtGfq66FbVribaArMvtk63xxy91onZAtDt,DaTP4s6N7xxSPinbNZ3FB52EpRDRt87QShTuN3VPCW52,60.26912180900217,52.143301869000425,11557.864824323873,191.7709181320362,4.623145929729549,166.13887116279432,622.457919719,4496.704775897,866446.7821829435
BkwbeSfcX1h4thMDd7obGkHrPevf3QwgzJ4pCEqG18Lu,35yX27bmurdebhfAb8EPmjLETDiUaEUCn9zHaDPbakH2,2CxECn1ZJFoESyUnQysQU8rRgT3iJ5GRs2Mdd6gZjx5g,0.007244960000000078,0.011600000000001387,16.487926993013538,2275.778885323502,0.0065951707972054146,1414.4271570014146,0.81391717,22.07407933,33074.47278004385
YakoMPuYrybnr9R7VC7hVGxMz94fJvPFCdZ4gmW61Ed,,,0.02116299999999982,0.02108999999999983,0.0,0.0,0.0,1414.4271570014146,0.81391717,22.07407933,31222.17727015559
vEnkoSUkpnbRrPgBz9DfcVxNz67zjwMYBZraAvDDNSf,DtfyjjsZ5yCjWKLKHvwsfXs5QVsmm1QkK6Sh9JZHoq1g,e5wrKCRv4GhHvEf1VD5Pq2KGaZDXP77nTL612Jyrxwy,980.1787949999998,980.4353699999998,974.5953383068398,0.994303634478075,0.097459533830684,0.9985820135407721,1140.634226,808.251032,1941.241699502853
BSC8REUo9LpiiWUuqMuLXs2D2yJsJfGd4HdiF3wCLxk5,AZjEH1zWVx1UJ6udMyRijGTzPteuLnaY18yNNmprJEsh,Caf8ypkSVR8xYnXNhjvfvdGCC7mrM3C11rz8Xi6NA6aK,723.4611091050001,724.3760591869996,722.4454014417511,0.9985960438640502,0.28897816057670045,0.9998383521342572,3322.388921336,2888.700984402,6205.958465076981
SUiuyGR7SFq3xeRVJonq84fjjeFwRSsFekcevJ53tzy,49GjCCPsv7fBqo6t3iKDrP1xxGDS8uWZbVCdfnp2gjMf,CEwj5xEbbJEjYqM8D6Ai8ByGz1mrh8mkAVsE5fzDSSSx,0.14810299999999987,18.44389799999999,0.0010933390314755292,0.007382288214793287,4.373356125902117e-07,0.9506245603361407,665.005897,1.506777,6.3416444193407475
MATSnbbiTCv7Dc3trJrkrqjx7ckKdr6fwPoVwv9q3sD,631WX9JizSHJm4w6VanZeJAst9T8DeUUnPLesdGkCVtK,211maUSfpnXbPuW1iBu8b4dtJv5EbN1j7JJiEX5TZKEP,3437.327172999998,3433.6248930000074,3415.067761331638,0.9935242092044057,1.3660271045326553,0.9824408349568168,19814.42705,25750.411371,44984.36861349638
DFWzVTzNBrQZLjoQ4yQwkj9HuoXmfkuZP9V5vbymZe23,DhgiEgiNdqZdRdo195UUHnoEJUtefK8buko8nU97XJUZ,2K2kkXsouBHtWVjtcgkyiXd8eP3oVBvq1bTJzcVdLLr2,2005.1539940099974,2011.9143984620023,1992.340800055818,0.9936098703678339,0.7969363200223272,0.9998383521342572,39530.769554705,28424.024928727,67697.59305855261
HDSBGqAuMRr6X2AfmmbXQPpRgU6VEhtfNVVZ3wUTZXg,DCZ1d8kNLgDcdSd99y4udLgwq46mfDXNS9KXj96kQf5L,Fq8GGYQM5Pz3q7LmVMbrXHJgsxA5ev86kTq8yGgGuYsa,25.036791459000142,25.134190798999953,24.821634035331492,0.9914063499701633,0.009928653614132596,0.9998389049557945,1870.477192725,1775.608124234,3629.7250489066646
ercAoEmXjQzEvAFbdjAo81KtMxRGn9AW1ju882upmPH,CMRhskR2Eg6V42RTSdRTXGdozyPbWB8U9dVpijPWb9T4,7TKLLgrWswt6ZJ1pXhVR3FyufHGjJFqiEXxvWJfDcgRm,26.525115808999992,20.06702358999996,4399.941910901771,165.87832990379886,1.7599767643607085,148.95726192719417,40.808907036,323.712218332,54988.599039443856
daob129AwBGn9Y5r91uLoWZeYiGzbPmksauMhFZKTze,6VW5GQNyj4LStgmxEHLr5zUfW92vQnmbw8jTnCH7a38F,4VPCCUifPeBA1c7HWK358CHn2nyjm8pdTRk6Ps3KmnMQ,15.778391571000043,14.17087439100002,2916.111582578734,184.81678372961747,1.1664446330314937,167.1108752248268,48.362041941,224.055026983,46380.1487037838
GokA1R67GqSavkd15zR62QD68Tuc5AEfvjssntVDEbM8,3YB7hfpBdbQEuZqLGWVDpRPmeZWCUsrrWyqGXegnQ6Cg,4DPCj6Z1DsG6HUtwSogBGqXEUxdEV5a8YVrrFtcnz7UW,6251.711111000008,6250.527368999998,6252.886653690901,1.0001880353506458,0.6252886653690901,1.0,14110.271891,18313.670625,32426.595745922732
AURHmCnNwiW4uA2Qj1XvEh4iKgRUZYXtiY7FKAapUV5Y,BKWm4TRnTeKwfWXRyuzjRHU7iZDkPuXBX5b5V5jSVfGJ,A5Ww74HVrkj9nPeC7pHKLfgeDMEhBCpW1efQdz3TGLEg,0.014969343000302615,0.01338088800002879,2.784381741597032,186.00560769706084,0.0011137526966388128,167.34177918448995,290.117410807,1795.076096333,354354.693032567
JSoLLrxK5bYdHwTEWYaGgmeycBCNXKDiBCTw5hXGBg7,xG4wXczA7Dk4hccJ61CHKpDHW4NrNfQwgmWgkb9BuF2,BVR6WgfhsRr9Lob4QDnkEAiNGgAbv7ZieKcY9kSg3QYR,3.012864043000036,2.563815897999987,590.025445481487,195.83540347674426,0.23601017819259484,165.94689964726328,17.094934793,164.640836119,30669.429761877003
ionytDfEj1mXodptgrsKEZro7DGsfpzANUfarJdm6Qb,3gkSjY95an9xNFSjCfsay6JZez7uv7yfW3Ad4ubc4fMK,9wXqANaSuEqkKL9yHzCPEDGHwbkStVAqV5rB3QDs3Jr6,0.004746517000000006,0.018736505999999764,3.52193624550253,742.0043466614627,0.0014087744982010121,2969.2974642199656,3.169047114,0.079872706,2588.612556749151
B2izdXFYb2sNwbWWHmh75T4aQFtfXsUxem9u2p61HGzf,4DYwgJtxwuJdAjkj5RJSNH4e7U329V5cNp7d3a1nLrZv,EXNW64GEf1ACC6xY9BtKRiunrs6GoJSXBdxWN2eTPmrF,4946.392397000003,4885.488640000001,4954.021590248986,1.0015423752578971,0.49540215902489865,1.0,9197.005406,30552.055225,39763.24586458496
KZMu9QBEdL97EFgamLbN5DE1AoKBG4HdrKKJo4Vuon3,DD4ACBWyVqdaKWh7v5btsgqQCCMwbKnuL2xd9pv7Gyuw,GcYqiJ1MAuYbNTNYXm1F1gQYTfTgkErACAhNU5dpVj9T,23.03908404999993,23.32563571000003,22.133773322973784,0.9607054375485841,0.008853509329189515,1.0,2383.83494011,715.9706168,3006.13380598198
KwnjUuZhTMTSGAaavkLEmSyfobY16JNH4poL9oeeEvE,J63v6qEZmQpDqCD8bd4PXu2Pq5ZbyXrFcSa3Xt1HdAPQ,BnKQtTdLw9qPCDgZkWX3sURkBAoKCUYL1yahh6Mw7mRK,263.0676279999999,11409.267194999826,5.89868639529385,0.02242269959302576,0.0005898686395293851,1.0,276224.429774,603.702984,6797.400393077243
MATgk4zXLXtYkwBH678J1xZbRDZ45LicNzkRBHkxTuY,y8dALFo1bJrSzPYjMX14HJX448pXqYmrfXHD1K8MXih,GN7Yuet3UyiWS5YVkEHv6oQKi4HGBJc3XDPt9zQhAqZz,2769.7184909999996,2762.6970110000007,2774.5600983716586,1.001748050347857,1.1098240393486636,1.0,3276.399558,4797.268903,8079.395772387081
SoN9GaFpSXfpyR5dth3x7PHPVhvJMpQqqDJfCSmPv1t,9kZ9iS68ViMPtoeqtnhAKuF2iqVyfHPdZHoUNdwCELr,BBhm5fJLjw3HRzjtKB8uMEYjGhY6EDm9co3cqpjrSzB9,3.4679106749999997,3.1034099530000008,698.2190074283315,201.33707954526005,0.2792876029713326,194.4227123057134,0.820033364,1.402824112,437.84399138032904
7dwD9TF6uikvHXxPFK9AsSim54yJoujQjY9vU6gNFumk,CquVr6atkvwueDYficKjn6SSEWq4F4rH4VSiBbW4GBWU,8BCa6ge3b7ho3TfZuM64Vk1hgbrJ3J7EPiAb9uP86CGd,0.0008629410000000003,0.0008583410000000003,0.17096400773372808,198.11784088799584,6.838560309349123e-05,198.86733122825632,0.003913983,0.003595309,1.4904193670032517
RajgMbScQbqqrdJfR2rxfHJiTiY5b6bJ2tTXiF4aPxy,725ZA3fhyBAKb5iopNRrcbSuQa3LXA1656Q3mBvYPxeg,GLA6i1dSZpUfk2f9Nj8uiG7xyDdAR2reff8oEiZH3617,4321.50794642001,4322.070371659996,4320.159063155721,0.9996878674571439,1.7280636252622885,0.9994225336600512,98937.22681344,84999.33060098,183856.59163389134
BUSD5rCfUDpCxKGMvYU2yThChxgHoioK74PTPociGnv2,CcFHbafgYDZ8yA8Me1PdtDiVb2eeaS61LbqyKKK5CsNZ,26R9s4nmF3CFDTkiePDwRmtscn8i7r2eygbSijditJ58,34.68062882999999,34.419253,34.623559854997794,0.9983544423233517,0.0034623559854997793,1.0,83.87875302,64.11630287,147.85702856406027
KEN5P7p3asnb23Sw6yAmJRGvijfAzso3RqfyLAQhznt,9zj4aX38Uxf3h6AUjS4EipWS8mwbEofasHAf3a1uKGds,CwQDG1MWunn9cLNwcZLd8YBacweSR7ARo32w4mLua1Yr,125121.6409919993,125128.29542199848,124868.28324529459,0.9979751085048436,12.486828324529458,1.0,1128266.601358,1117543.124193,2243525.108105641
wrmcMSHFi3sWpAEy4rGDvQb3ezh3PhXoV2xNjgLBkKU,8p4mGnARWPBu6P2Gcw4adodLkNDorrXniZMhaY7eJXUn,AyY89zccbsgp9LKFgH4CFZMJmpSgqmPSdTfukhP227rc,0.005440210000000001,0.04803886000000546,1.9076742351187868,350.66187428771804,0.0007630696940475148,2974.773917182294,27.00453502,0.10432506,9779.804331777998
WiiQFxXqp8P9Fs1rt9SVcDyA3KUdJmUsog6wnVQAwba,3S2jpqSYxho6wiz3cafhjXruVY8cg4HYa2v3BqBHYFSj,Dfe67M6TfrG74gKRtdqys4e6E9QirPD53BkF4FujFjuv,398.8315787399997,397.52742450000187,401.0569753152814,1.005579790302243,0.040105697531528144,0.9998383531339338,3964.534186646,22869.380752735,26852.339445061003
Cob4usZcpHEY7Qt4ZCwj6WVg9S44zvzYV2v9qYF65dTf,NhFM9UXE48PyNAyeyPYA3iXztqKVJwA4bTdLj4ysM8w,6TuFuynuBoeskxyR2cz4wxyidk8dpDK7kAWw3UkjQGx,13.767848999999956,1917.8438569999998,0.10163822941575322,0.007382288214793287,4.065529176630129e-05,1.0,73791.74898,165.018032,709.7699908440386
YAkoNb6HKmSxQN9L8hiBE5tPJRsniSSMzND1boHmZxe,CfWX7o2TswwbxusJ4hCaPobu2jLCb1hfXuXJQjVq3jQF,EnTrdMMpdhugeH6Ban6gYZWXughWxKtVGfCwFn78ZmY3,6349993.40286202,6350982.004311015,6349993.40286202,1.0,634.999340286202,0.9977510690902706,898949.553258,577440.611927,1475091.5411443044
CZgvH45CRmoaNJ7395Ao5CQZXkGznvqU7cErD6n7FaRg,4ZjU6MKvtqVQKCiowhvZ5yUsPxXX5SCzd5eFsPeXyey5,BsyWeshjDbCvjDojry3vKDCesmFRM37WtwcR4Kfgzqr,4.8730704799999955,4.986014000000068,4.986942269921971,1.0233675647395881,0.0019947769079687885,1.0,236.51912528,568.12026098,810.1662622321312
SoNcU2iwHMw6dGzsYNQkYFkUjwN1UdAjrWVRnStrZu2,8ivTTid27jZnYNc4w3CTA1Z6QS2twsFb8WMwUabeDJgc,CyXm53PMvHCbeXJBykU46Rcbo28xk5srhMZFg7gv6EYB,9.674544963999995,9.559038201000003,1926.8155965681742,199.16343391219522,0.7707262386272697,196.60278255850213,15.037857315,19.663067189,6860.805024529209
Sid7E679i9ABqptiAVhkmQ27YHN8vaYT4fppPwmxFsJ,GP7KB8o1bv527HG8kTzzzf4wJ5aEGHvcMQvVhLziUfmT,9gYxhAZ1M9wu5pxr8SBoa5NDm21gi3s9vMHaYTME77sa,729.1120979999887,1844.5387030000347,5.382515648328525,0.007382288214793287,0.0021530062593314104,0.022685157731943375,136019.415641,8685.515111,1201.1668093458368
C2ypsDADXcCRz8HbV2zX1AXPSja7a1P3xZtRC91xGhJh,J9bYNuDpY1d1T86gLaw7DGk5D3CsUAf2tzUwxMvb6FTv,A2NGvvPrMGzsJ4jb52KEnSBVmsA7C34dV1GC7PerdgvG,437.4591872879985,440.5620660750028,73322.99071870584,167.61104315414482,29.329196287482336,168.41356443267196,3861.853553336,2090.172721537,999302.7408971727
C98Sspw7XqnMsgxea3SLQVdbMDL8pKUc3RE82UvX9eq2,CSqgQJurPCzGxb4Cgwx5R61hWQUiaoUHcShNc8r1cKEL,6S2CR5EnukPhC914XkAns8m5GixjMAoUuZMsS5ubHuWc,49.02337899999975,49.036211000000094,0.0,0.0,0.0,1.0,900.722975,863.165024,863.165024
AUSejoEUCh2DBs9mof6BNC8Pubs22w4cJa1ccV9h44R,4xkyD7AfGQDwsQMy9MosRRNGoVJ1zosNinesxg1TzHG7,Cbm5gsQe3nSiCsFrvepVzMCD9xLK3ri9g3ypS2hdmVJ7,715.2651559999995,712.6501230000013,717.5138443883125,1.0031438528347842,0.07175138443883125,1.0,13322.980479,15556.619145,28921.485113946677
BUSDgu5JdqP1rndBvXvanbEufS94FNh1w5FJcAj6vawb,Bgzr8cWubt89JQFXndVjtdKmDbGzuPxNhvjH1EhWCwbo,Dxaf8xPBBQsasRKW5Aa4Sw2YrbfGofY9xZueyyF23FBW,7415.385379689997,7391.714502959999,7400.336351698636,0.9979705669738246,2.960134540679454,1.0,8863.02522261,6249.18134544,15094.21965195141
HEDSDjj84KS7LKhZY7ejkCACTdPen62rKhCby1wXtgxc,EnnjMSFttpCTywBrYNt1J5QQeoSVkvzPipJDa8Y7kJow,6bjVT6JN2rSvpyn9PdfLYC8wJn4LWh49jpY47fnLDXZk,18.50354572299875,19.11017510000238,17.926707896496513,0.9688255518624592,0.007170683158598605,0.9997317689671908,38847.09660378,9041.557937685,46675.19251667259
Lid8SLUxQ9RmF7XMqUA8c24RitTwzja8VSKngJxRcUa,4PgzyzLtds9bKZ2to9PMnKqJzKEUpjvNUaeN23phegax,AtymwxoVN9peZo7EXTcDz9jKVc4vRmisJKKrNfe3ewBa,66.95053872300468,56.54415039300022,13307.010785052598,198.75883060639532,1.3307010785052598,167.75601833103562,962.248599051,7657.004696381,1475764.026506936
