0,1,2,3,4,5,6,7,8,9,10,11
JSoLLrxK5bYdHwTEWYaGgmeycBCNXKDiBCTw5hXGBg7,xG4wXczA7Dk4hccJ61CHKpDHW4NrNfQwgmWgkb9BuF2,BVR6WgfhsRr9Lob4QDnkEAiNGgAbv7ZieKcY9kSg3QYR,1.561296418000012,1.3299860690000145,295.4897106397192,189.25919974775533,0.11819588425588769,161.32844293046665,17.11283488,164.618141673,29796.349909016328
FrnkTEL6yZ5Aycq2TrEgu29dCrwKG4LPUZydfiwqspkc,DjvZuMZ46fxKBoBpGMPcRcos4xdTtHFxwMh69DpA2ZFY,9rvDPJLAng4uVVqnnSoEXgNDFhBZQTny9AoQioYDZbQX,44.84438176600068,37.34510031500031,8705.56268101262,194.12827957888916,3.482225072405048,160.83694398869508,171.983630477,1439.917426781,264978.80481975304
BSCrK1Nx9PXU9mF7STWWBqeHLxmtJDr9h7jheEy4tAWX,FfSySSbVJPvEo5a5AvrP3nySoXpRE2QPn1uUMpJJ1x7v,HL7Vcj6838ZmvBHDbQxXfjBNckNi83WvPiZQoMQLFeRM,0.013419618000000022,0.013406565000000037,40.47039274286703,3015.763395267061,0.016188157097146813,3008.0616051016727,0.840001184,0.964313887,5433.960401439244
C98Sspw7XqnMsgxea3SLQVdbMDL8pKUc3RE82UvX9eq2,CSqgQJurPCzGxb4Cgwx5R61hWQUiaoUHcShNc8r1cKEL,6S2CR5EnukPhC914XkAns8m5GixjMAoUuZMsS5ubHuWc,116.679802,116.71257200000048,0.0,0.0,0.0,1.0,882.665076,881.194729,881.194729
C2ypsDADXcCRz8HbV2zX1AXPSja7a1P3xZtRC91xGhJh,J9bYNuDpY1d1T86gLaw7DGk5D3CsUAf2tzUwxMvb6FTv,A2NGvvPrMGzsJ4jb52KEnSBVmsA7C34dV1GC7PerdgvG,352.04316207600027,354.738270570002,56883.72019097019,161.5816647468072,22.753488076388074,162.1236906485434,4154.442726001,2140.765282437,1018350.5401634632
Lid8SLUxQ9RmF7XMqUA8c24RitTwzja8VSKngJxRcUa,4PgzyzLtds9bKZ2to9PMnKqJzKEUpjvNUaeN23phegax,AtymwxoVN9peZo7EXTcDz9jKVc4vRmisJKKrNfe3ewBa,94.68982872899414,80.00799182499975,18088.8256223729,191.03240406257152,1.8088825622372904,160.14697648914267,966.780019555,7676.490676978,1414053.0833003703
moFiBS1R4Lf3E3zzmBPnw3NF4RhWPkhREFviuzUaCAU,44ALBrpqi9PfZkBRTvbtRNtFJGsatfY4QydjtMbFWq8S,2ho8qEEie1UjVwWNBo9y4oAJZMyMLx8zPj9bxyUz6uWs,212.5503491970012,212.3432966420005,212.73863522801886,1.000885842021568,0.08509545409120754,0.9999473827687188,28022.368838306,36399.103337888,64444.380348016086
Lee1XZJfJ9Hm2K1qTyeCz1LXNc1YBZaKZszvNY4KCDw,9DgFSWkPDGijNKcLGbr3p5xoJbHsPgXUTr6QvGBJ5vGN,2hNHZg7XBhuhHVZ3JDEi4buq2fPQwuWBdQ9xkH7t1GQX,3636.7039248453057,3062.88325289797,697538.9896667413,191.80527314893047,69.75389896667414,161.03178864126852,6708.483969578,53888.358974037,9964461.432732062
BUSDgu5JdqP1rndBvXvanbEufS94FNh1w5FJcAj6vawb,Bgzr8cWubt89JQFXndVjtdKmDbGzuPxNhvjH1EhWCwbo,Dxaf8xPBBQsasRKW5Aa4Sw2YrbfGofY9xZueyyF23FBW,9777.912281100002,9755.61376132,9852.995555783518,1.007678865643809,3.941198222313407,1.0,4270.79229446,10847.13275418,15150.719888861773
KEN5P7p3asnb23Sw6yAmJRGvijfAzso3RqfyLAQhznt,9zj4aX38Uxf3h6AUjS4EipWS8mwbEofasHAf3a1uKGds,CwQDG1MWunn9cLNwcZLd8YBacweSR7ARo32w4mLua1Yr,141999.30079500005,142013.00555000198,141874.45127787552,0.9991207737191272,14.187445127787553,1.0,1143432.670295,1069933.772401,2212361.106641868
BSCuChvaSj9b5HUSqgDVRzcnr2sSn7cXaamt1jbKH6hn,GnKpRj5kBVPMJfiwZtEuD9GYApLzPdW5JFuZTcyX4BTc,3dmwD9okkomV9nDwyuh4UMhKdUR13QpuKxRo89ycZB5t,830.8338536680001,831.0472068720001,829.0907566793423,0.9979019908962998,0.33163630267173694,0.9984982586190371,1756.106648155,1246.110157497,2996.6611427283506
KysFMBBoavfov2tLpvefWW6tPFt6rAeZWDJVy1mMQae,B8ka2V21TH3x64dFV8ETcjuQcwmrciJ2qzy1mJUttRew,7fSf7EYxBANyxzk2s5pymFgshA91tFYQNKKs5UnLWcYS,24.154719999999998,30.814680000010412,0.0,0.0,0.0,0.02320411680014951,134145.943161,2885.542939,66.9564753884027
HEDSDjj84KS7LKhZY7ejkCACTdPen62rKhCby1wXtgxc,EnnjMSFttpCTywBrYNt1J5QQeoSVkvzPipJDa8Y7kJow,6bjVT6JN2rSvpyn9PdfLYC8wJn4LWh49jpY47fnLDXZk,73.27220035900064,75.6646583279944,70.99208378228178,0.9688815599156663,0.028396833512912712,0.9999483856641772,38839.90798008,9048.51062661,46679.31422446467
WiiQFxXqp8P9Fs1rt9SVcDyA3KUdJmUsog6wnVQAwba,3S2jpqSYxho6wiz3cafhjXruVY8cg4HYa2v3BqBHYFSj,Dfe67M6TfrG74gKRtdqys4e6E9QirPD53BkF4FujFjuv,1868.5876989039994,1860.7527558740017,1878.5393078508218,1.0053257382314245,0.1878539307850822,0.9999483846642803,4059.018799377,22774.296441716,26853.757009738292
SoNcU2iwHMw6dGzsYNQkYFkUjwN1UdAjrWVRnStrZu2,8ivTTid27jZnYNc4w3CTA1Z6QS2twsFb8WMwUabeDJgc,CyXm53PMvHCbeXJBykU46Rcbo28xk5srhMZFg7gv6EYB,2.1566956629999954,2.1388946829999984,413.66575942737575,191.8053467274843,0.1654663037709503,183.87115339248712,15.276508493,19.418035733,6500.532635128463
SAMyS8Jr2HJrkFwYVKbpUwsNStnQmvz3f8Tup8bWUWF,6jPzm5TFfquvgm25sTyN3MMGBfufRaFHMxobDWv6hMFW,Cj9ECoDmxsHTDzCY5ZA6RWrPbg9uFzEC1Qc2kso2vJG6,250.679073649997,5.7407166300000085,241.02886364960546,0.9615037272163158,0.0964115454598422,0.022267606796563928,500.08505634,108083.89552655,2887.6033322222015
YakoMPuYrybnr9R7VC7hVGxMz94fJvPFCdZ4gmW61Ed,,,1.094166,1.087037,0.0,0.0,0.0,0.022267606796563928,500.08505634,108083.89552655,2406.7696866261103
vEnkoSUkpnbRrPgBz9DfcVxNz67zjwMYBZraAvDDNSf,DtfyjjsZ5yCjWKLKHvwsfXs5QVsmm1QkK6Sh9JZHoq1g,e5wrKCRv4GhHvEf1VD5Pq2KGaZDXP77nTL612Jyrxwy,4627.1042830000015,4628.211078000001,4602.078181847117,0.9945914119020764,0.46020781818471174,0.9981663683812835,979.89275,968.839855,1941.6562733435076
STK75uPSyBnEhGTTzb1nwmP3n427XoXmfRhXxxhyady,6TYyD5fUmDe6N65avW1Ny2RxzRNobw2RRgKwH9CTzSAU,54zDfk4cx2vGrEajPtodWpArNe5eUurytyxd4X3aZAxK,326.2820354030004,368.31078423899726,52727.993319191024,161.6025021238609,5.272799331919103,182.32727271401257,1514.752419671,264.678584464,293045.90556813276
KwnjUuZhTMTSGAaavkLEmSyfobY16JNH4poL9oeeEvE,J63v6qEZmQpDqCD8bd4PXu2Pq5ZbyXrFcSa3Xt1HdAPQ,BnKQtTdLw9qPCDgZkWX3sURkBAoKCUYL1yahh6Mw7mRK,463.364477999991,16964.341580999764,10.751963468552098,0.02320411680014951,0.0010751963468552098,1.0,275936.467235,610.27038,7013.132395141568
B2izdXFYb2sNwbWWHmh75T4aQFtfXsUxem9u2p61HGzf,4DYwgJtxwuJdAjkj5RJSNH4e7U329V5cNp7d3a1nLrZv,EXNW64GEf1ACC6xY9BtKRiunrs6GoJSXBdxWN2eTPmrF,11368.084318999998,11255.934973000009,11079.518265768067,0.9746161230745239,1.1079518265768067,1.0,9661.71596,30080.613217,39497.07736818245
SoN9GaFpSXfpyR5dth3x7PHPVhvJMpQqqDJfCSmPv1t,9kZ9iS68ViMPtoeqtnhAKuF2iqVyfHPdZHoUNdwCELr,BBhm5fJLjw3HRzjtKB8uMEYjGhY6EDm9co3cqpjrSzB9,0.21419057500000038,0.20960401600000023,41.53914441499866,193.9354447085199,0.016615657765999464,189.11202637129384,0.835337235,1.386499332,424.2051963882757
MATgk4zXLXtYkwBH678J1xZbRDZ45LicNzkRBHkxTuY,y8dALFo1bJrSzPYjMX14HJX448pXqYmrfXHD1K8MXih,GN7Yuet3UyiWS5YVkEHv6oQKi4HGBJc3XDPt9zQhAqZz,4971.687050999999,4952.204969999999,4978.4079016672495,1.001351824963701,1.9913631606669,1.0,3480.413524,4590.888704,8076.0071378857465
RajgMbScQbqqrdJfR2rxfHJiTiY5b6bJ2tTXiF4aPxy,725ZA3fhyBAKb5iopNRrcbSuQa3LXA1656Q3mBvYPxeg,GLA6i1dSZpUfk2f9Nj8uiG7xyDdAR2reff8oEiZH3617,3567.4511914999894,3569.4528880100115,3567.3336478562924,0.9999670510856667,1.4269334591425171,1.0,103246.67992455,80687.96619115,183931.244249688
RoBgmK8CvjdHvPrqdDyVw54VwjZv2TqJ493xnqJAQHx,ExiHJxM7qPAcy27NDHAF6G7vnW7muNHi2sVJpnaNynGQ,6rkPHSqZb7StM4HwS9EuVrmfkV7tRdc7dnsFhyB6cefE,21.887404999999497,9.488157999999999,0.0,0.0,0.0,0.9505251651537475,6229.892092,19.590011,18.62079844113873
Cob4usZcpHEY7Qt4ZCwj6WVg9S44zvzYV2v9qYF65dTf,NhFM9UXE48PyNAyeyPYA3iXztqKVJwA4bTdLj4ysM8w,6TuFuynuBoeskxyR2cz4wxyidk8dpDK7kAWw3UkjQGx,32.884359000000046,4208.201523999975,0.24493093501959567,0.007448250246252187,9.797237400783827e-05,1.0,73498.273841,167.187359,714.6208952353389
BUSD5rCfUDpCxKGMvYU2yThChxgHoioK74PTPociGnv2,CcFHbafgYDZ8yA8Me1PdtDiVb2eeaS61LbqyKKK5CsNZ,26R9s4nmF3CFDTkiePDwRmtscn8i7r2eygbSijditJ58,81.53473073,81.46057812999999,81.41348081888164,0.998512904745833,0.008141348081888164,1.0,95.69555806,52.32149332,147.8747429697641
MAR3XM1n9xWPQ3HJjAcC85o8DopWFP5p2WxGTaZ3fPB,6qG7GUhER8Cg9gDEgnebph9LdS6eu2eoWcA4R7z9uizK,4QV4CwRXVMY227KkFF9voNAfwWHVvVajXSXDKbUHkWZR,0.0065689999999999915,0.27724600000000166,0.00623566030697028,0.9492556411889616,2.494264122788112e-06,0.023182291585287163,0.110752,24.329388,0.6691429274805464
wrmcMSHFi3sWpAEy4rGDvQb3ezh3PhXoV2xNjgLBkKU,8p4mGnARWPBu6P2Gcw4adodLkNDorrXniZMhaY7eJXUn,AyY89zccbsgp9LKFgH4CFZMJmpSgqmPSdTfukhP227rc,0.006842870000000001,0.06377485000000505,2.3410434485118032,342.1142661648991,0.0009364173794047214,2999.4001199760046,27.02097135,0.10241685,9551.448896645577
KZMu9QBEdL97EFgamLbN5DE1AoKBG4HdrKKJo4Vuon3,DD4ACBWyVqdaKWh7v5btsgqQCCMwbKnuL2xd9pv7Gyuw,GcYqiJ1MAuYbNTNYXm1F1gQYTfTgkErACAhNU5dpVj9T,28.999178630000074,29.743780700000116,27.882818338956806,0.9615037272163158,0.011153127335582724,1.0,2376.78152737,722.73747788,3008.021775225143
BSCNHw8CmxbZ8hCWWzMf5FaG2ajPT6JxfznKUNuRVrn4,7n9kgNL633yGzCYksgnzHyjG73ZLBAwvEae5sbAekbzW,SscdxE99omdG9AiMVwmaEMQySQnCgeAh1sPj2Leutm2,498.5761565499997,497.7097059179996,499.89055828625595,1.002636310860414,0.19995622331450236,0.9999474057662988,4895.792957552,6809.048413768,11717.390086780775
parEAJhzYzHW87y9VoZAQ22dzQ2MD2ekEtTReaxbMcz,3oyc6hpjYSJEquK6dSvG72NXyz3pqLZz5D8AC71pwgQb,Di2vordgFJVZ1aj1aBpvzXtLfZgJsuLLXawGtVFwX6Rz,6.685293909000109,7.840565137000141,1011.0894178150672,151.24083272597534,0.4044357671260269,184.9537532387714,1101.684666098,141.310014491,192755.52385243523
GokA1R67GqSavkd15zR62QD68Tuc5AEfvjssntVDEbM8,3YB7hfpBdbQEuZqLGWVDpRPmeZWCUsrrWyqGXegnQ6Cg,4DPCj6Z1DsG6HUtwSogBGqXEUxdEV5a8YVrrFtcnz7UW,8350.007693000001,8348.329011999995,8352.463317215263,1.0002940864614196,0.8352463317215263,1.0,12313.517142,20110.056527,32427.194907683923
AURHmCnNwiW4uA2Qj1XvEh4iKgRUZYXtiY7FKAapUV5Y,BKWm4TRnTeKwfWXRyuzjRHU7iZDkPuXBX5b5V5jSVfGJ,A5Ww74HVrkj9nPeC7pHKLfgeDMEhBCpW1efQdz3TGLEg,0.19699692999989793,0.17612164100006567,35.173431825220305,178.54812166483268,0.01406937273008812,161.0138721501551,290.105188339,1795.089768752,340832.09098703694
daob129AwBGn9Y5r91uLoWZeYiGzbPmksauMhFZKTze,6VW5GQNyj4LStgmxEHLr5zUfW92vQnmbw8jTnCH7a38F,4VPCCUifPeBA1c7HWK358CHn2nyjm8pdTRk6Ps3KmnMQ,13.388039940000048,11.983945013999978,2405.8961783779528,179.70488504368356,0.9623584713511811,161.0138721501551,48.38704001,224.019525606,44765.63871766405
KEVpg4SYCVrqFxKijQH6hm4QxsRdoE51ud64bEEFUC9,2bPenuBYfqzD8p5dFjCcggwkHDsc2RQDnx9AoyYGUBjA,AE6n6iLuX8oYu61vt5hoDYkjswpnxFxrhSehxrnQTnbx,90.35225694900123,90.49364769699991,90.598912306558,1.0027299302295902,0.0362395649226232,0.9999483896637644,1638.576118806,5887.253559788,7529.9990339384885
heyk4SZTeCUV6a65WiVA5bzic3KcxgVf1qxobfeV4tQ,9ZDpBKPqMABtGfq66FbVribaArMvtk63xxy91onZAtDt,DaTP4s6N7xxSPinbNZ3FB52EpRDRt87QShTuN3VPCW52,97.45925127199371,84.45440538599951,18029.195695231683,184.99214245874907,7.211678278092673,160.45535947375777,629.843076151,4488.145956749,836663.0929308358
SUiuyGR7SFq3xeRVJonq84fjjeFwRSsFekcevJ53tzy,49GjCCPsv7fBqo6t3iKDrP1xxGDS8uWZbVCdfnp2gjMf,CEwj5xEbbJEjYqM8D6Ai8ByGz1mrh8mkAVsE5fzDSSSx,0.1284940000000001,14.016129999999976,0.0009570554671419294,0.007448250246252187,3.8282218685677173e-07,0.9479014409997707,646.561999,1.65488,6.384418704950757
7dwD9TF6uikvHXxPFK9AsSim54yJoujQjY9vU6gNFumk,CquVr6atkvwueDYficKjn6SSEWq4F4rH4VSiBbW4GBWU,8BCa6ge3b7ho3TfZuM64Vk1hgbrJ3J7EPiAb9uP86CGd,0.0009194290000000003,0.0009245050000000004,0.1755469679294169,190.93042304453834,7.021878717176676e-05,191.2323413665578,0.003055642,0.00445825,1.4359766056301155
BkwbeSfcX1h4thMDd7obGkHrPevf3QwgzJ4pCEqG18Lu,35yX27bmurdebhfAb8EPmjLETDiUaEUCn9zHaDPbakH2,2CxECn1ZJFoESyUnQysQU8rRgT3iJ5GRs2Mdd6gZjx5g,0.030657409999999885,0.019059650000000095,69.60948639934581,2270.559920076291,0.02784379455973833,1420.4545454545455,0.82116213,22.06247933,33203.24686855793
MARpDPs5A7XiyCWPNH8GsMWPLxmwNn9SBmKvPa9LzgA,6YjT74rmcfCpw8LSjPNx5JTmZoYLGrTKnf9arfSgZ4SR,F8GSmi3vA8M8TsybLya1LQ4n1aFHCRbZ6k437PeTdXtg,17888.144543000075,18802.12144000039,16888.051047989204,0.9440918261473785,6.755220419195682,1.0,296626.065563,15563.356913,295605.60083328467
KEnkcdADoLR5jS2CLLLesy8TtFsyWL37BhXNfDMzWzP,3qsjFRuw1qeLMPo4DLwaQevenGAGBj9dA3Q6rb8ax2YR,77iEv8zPQAEyCcEbvBRSB6AFcUdfkhiqnAKtPxk76rNN,0.026922,3.4760960000000125,0.00020052179312960138,0.007448250246252187,8.020871725184056e-08,0.9978068206083031,122.847271,0.269876,1.1842813299956456
MATSnbbiTCv7Dc3trJrkrqjx7ckKdr6fwPoVwv9q3sD,631WX9JizSHJm4w6VanZeJAst9T8DeUUnPLesdGkCVtK,211maUSfpnXbPuW1iBu8b4dtJv5EbN1j7JJiEX5TZKEP,5215.707503000005,5206.649338999996,5224.7149115074435,1.0017269773088804,2.0898859646029773,0.9977032870332494,17699.863452,27866.25008,45532.680016658436
ercAoEmXjQzEvAFbdjAo81KtMxRGn9AW1ju882upmPH,CMRhskR2Eg6V42RTSdRTXGdozyPbWB8U9dVpijPWb9T4,7TKLLgrWswt6ZJ1pXhVR3FyufHGjJFqiEXxvWJfDcgRm,26.550679628000076,23.415315431999993,4277.267385519182,161.0982259380065,1.7109069542076731,140.06630178461276,40.986754761,372.906814028,58834.57183013756
SAMGk1Nd4haC8zQA63DG37pzuEZy8j4q13tSFtCbcRE,9U9TnkHD3jXMAVZtynCVLgDruuqN4pTvLJTmVHCLWS8g,C6zoEbvqSknmi96QWq96UBiPCyNW3YSTvKhavR2BfifE,0.013138019999999972,0.025048999999995658,0.02186510492338566,1.6642618083535956,8.746041969354265e-06,0.0,53.66623292,1.12562712,89.31466184696446
ALLwa5WNZbvQsRKAqe1jdRGemdYQnW8E5k4msbRFcYtu,CGoM82Hbz7QVqTgvQatYtjvDWBvoUJp5qm21P8iMs9yb,3dxNNww8TivyN5FMy5dCNdi3Zcxv6e4kUfSPxfFwpdNq,6.672614651,6.487474493999997,20085.532196502212,3010.144185906505,8.034212878600885,3001.8941952371947,1.863092016,6.80400761,26033.086548579926
YAkoNb6HKmSxQN9L8hiBE5tPJRsniSSMzND1boHmZxe,CfWX7o2TswwbxusJ4hCaPobu2jLCb1hfXuXJQjVq3jQF,EnTrdMMpdhugeH6Ban6gYZWXughWxKtVGfCwFn78ZmY3,7953795.525993991,7953895.57830896,7953795.525993991,1.0,795.3795525993991,0.9940812402952819,1082730.068147,376623.216327,1457124.1421573423
AUSejoEUCh2DBs9mof6BNC8Pubs22w4cJa1ccV9h44R,4xkyD7AfGQDwsQMy9MosRRNGoVJ1zosNinesxg1TzHG7,Cbm5gsQe3nSiCsFrvepVzMCD9xLK3ri9g3ypS2hdmVJ7,362.22896799999944,361.6618760000001,363.3899990469545,1.0032052407441776,0.03633899990469545,1.0,13270.113232,15609.571444,28922.21858361106
BUSDTd9WiT6uBHJRgNvFXBsA7JrifsAtWzKfioN7ERcy,DyBxrn7gSc1EwnpWhDyhzvMHPtxpmBqRqotapLcKcfTM,Cds99GeBgoCpqBsoRWu1C6fF9LiUMd4pXQQD24s9LPff,719.9232256999996,718.9364888299997,717.8093847333676,0.9970637966783518,0.07178093847333676,0.9998800143982723,107.7976302,66.26502665,173.73819024104483
BSC8REUo9LpiiWUuqMuLXs2D2yJsJfGd4HdiF3wCLxk5,AZjEH1zWVx1UJ6udMyRijGTzPteuLnaY18yNNmprJEsh,Caf8ypkSVR8xYnXNhjvfvdGCC7mrM3C11rz8Xi6NA6aK,1828.3733179209994,1830.8528541790001,1826.7963943910258,0.9991375265026473,0.7307185577564104,0.9999472627813608,3347.3268217,2863.49821497,6207.78704306787
Sid7E679i9ABqptiAVhkmQ27YHN8vaYT4fppPwmxFsJ,GP7KB8o1bv527HG8kTzzzf4wJ5aEGHvcMQvVhLziUfmT,9gYxhAZ1M9wu5pxr8SBoa5NDm21gi3s9vMHaYTME77sa,3142.3749010000047,9162.827588000007,23.436613827658938,0.007458248797812334,0.009374645531063574,0.02317446994715039,136331.334678,8584.658709,1215.737928224608
