0,1,2,3,4,5,6,7,8,9,10,11
SoN9GaFpSXfpyR5dth3x7PHPVhvJMpQqqDJfCSmPv1t,9kZ9iS68ViMPtoeqtnhAKuF2iqVyfHPdZHoUNdwCELr,BBhm5fJLjw3HRzjtKB8uMEYjGhY6EDm9co3cqpjrSzB9,0.2587986880000006,0.2540375139999995,44.62906608549728,172.44703375581707,0.017851626434198912,170.95764661071337,1.518642646,2.464116362,683.144953860258
KZMu9QBEdL97EFgamLbN5DE1AoKBG4HdrKKJo4Vuon3,DD4ACBWyVqdaKWh7v5btsgqQCCMwbKnuL2xd9pv7Gyuw,GcYqiJ1MAuYbNTNYXm1F1gQYTfTgkErACAhNU5dpVj9T,34.76315722000004,36.297192059999816,33.30546207395147,0.9580678148183295,0.013322184829580589,1.0,2405.87839357,694.73875571,2999.7334109562426
MAR3XM1n9xWPQ3HJjAcC85o8DopWFP5p2WxGTaZ3fPB,6qG7GUhER8Cg9gDEgnebph9LdS6eu2eoWcA4R7z9uizK,4QV4CwRXVMY227KkFF9voNAfwWHVvVajXSXDKbUHkWZR,0.22994699999999924,0.0051129999999999926,0.21680186907428706,0.942834083829264,8.672074762971482e-05,0.02103166986705587,0.112218,24.264778,0.6161317555125526
heyk4SZTeCUV6a65WiVA5bzic3KcxgVf1qxobfeV4tQ,9ZDpBKPqMABtGfq66FbVribaArMvtk63xxy91onZAtDt,DaTP4s6N7xxSPinbNZ3FB52EpRDRt87QShTuN3VPCW52,59.06451472100434,51.03446558199994,9931.826855887924,168.15217906727332,3.9727307423551697,145.6086894606392,617.538793084,4502.145344063,759391.9770259807
GokA1R67GqSavkd15zR62QD68Tuc5AEfvjssntVDEbM8,3YB7hfpBdbQEuZqLGWVDpRPmeZWCUsrrWyqGXegnQ6Cg,4DPCj6Z1DsG6HUtwSogBGqXEUxdEV5a8YVrrFtcnz7UW,9056.404025000003,9056.638270999994,9056.838753260161,1.0000480023041107,0.9056838753260162,1.0,16992.827409,15424.692676,32418.33577986899
CZgvH45CRmoaNJ7395Ao5CQZXkGznvqU7cErD6n7FaRg,4ZjU6MKvtqVQKCiowhvZ5yUsPxXX5SCzd5eFsPeXyey5,BsyWeshjDbCvjDojry3vKDCesmFRM37WtwcR4Kfgzqr,62.012155080000184,60.32808412999998,64.08971615939542,1.0335024815169709,0.025635886463758167,1.0,205.78600014,599.68628119,812.3666229961418
KEVpg4SYCVrqFxKijQH6hm4QxsRdoE51ud64bEEFUC9,2bPenuBYfqzD8p5dFjCcggwkHDsc2RQDnx9AoyYGUBjA,AE6n6iLuX8oYu61vt5hoDYkjswpnxFxrhSehxrnQTnbx,510.12174695200156,510.056227261,510.0738836590545,0.9999061728043687,0.2040295534636218,0.9999313297159317,3189.190906749,4454.903453728,7643.489208152223
moFiBS1R4Lf3E3zzmBPnw3NF4RhWPkhREFviuzUaCAU,44ALBrpqi9PfZkBRTvbtRNtFJGsatfY4QydjtMbFWq8S,2ho8qEEie1UjVwWNBo9y4oAJZMyMLx8zPj9bxyUz6uWs,21722.464617185993,21644.531898917005,21959.552529113906,1.0109144112376796,8.783821011645562,0.9997503543385189,14408.90684167,50074.414076232,64628.08479243207
ALLwa5WNZbvQsRKAqe1jdRGemdYQnW8E5k4msbRFcYtu,CGoM82Hbz7QVqTgvQatYtjvDWBvoUJp5qm21P8iMs9yb,3dxNNww8TivyN5FMy5dCNdi3Zcxv6e4kUfSPxfFwpdNq,5.31236041,5.065342516999999,15981.349568304202,3008.3330826389097,6.392539827321682,3004.1397045128188,2.362274632,6.291815668,26008.0021874389
SAMGk1Nd4haC8zQA63DG37pzuEZy8j4q13tSFtCbcRE,9U9TnkHD3jXMAVZtynCVLgDruuqN4pTvLJTmVHCLWS8g,C6zoEbvqSknmi96QWq96UBiPCyNW3YSTvKhavR2BfifE,0.6995413400000001,1.6004480199999804,1.4286967053076165,2.0423334885506783,0.0005714786821230467,0.0,53.64118392,1.13876514,109.55318628532216
DFWzVTzNBrQZLjoQ4yQwkj9HuoXmfkuZP9V5vbymZe23,DhgiEgiNdqZdRdo195UUHnoEJUtefK8buko8nU97XJUZ,2K2kkXsouBHtWVjtcgkyiXd8eP3oVBvq1bTJzcVdLLr2,913.6425103850052,899.7404939999979,900.508803802639,0.985624895478176,0.3602035215210556,0.9999303298542674,44562.391123525,23439.799135838,67359.96817499818
YAkoNb6HKmSxQN9L8hiBE5tPJRsniSSMzND1boHmZxe,CfWX7o2TswwbxusJ4hCaPobu2jLCb1hfXuXJQjVq3jQF,EnTrdMMpdhugeH6Ban6gYZWXughWxKtVGfCwFn78ZmY3,6623271.153862,6622115.586487992,6623271.153862,1.0,662.3271153862,0.999466285003808,492546.758809,957438.089496,1449473.8492387105
AUSejoEUCh2DBs9mof6BNC8Pubs22w4cJa1ccV9h44R,4xkyD7AfGQDwsQMy9MosRRNGoVJ1zosNinesxg1TzHG7,Cbm5gsQe3nSiCsFrvepVzMCD9xLK3ri9g3ypS2hdmVJ7,227.81714199999988,227.6574240000009,227.91879378202668,1.0004461990047562,0.02279187937820267,1.0,14262.729725,14614.679189,28883.7729298084
WiiQFxXqp8P9Fs1rt9SVcDyA3KUdJmUsog6wnVQAwba,3S2jpqSYxho6wiz3cafhjXruVY8cg4HYa2v3BqBHYFSj,Dfe67M6TfrG74gKRtdqys4e6E9QirPD53BkF4FujFjuv,2198.5047703120017,2203.0685254369964,2191.102994331336,0.9966332681736164,0.21911029943313362,0.9999303298542674,21830.169847364,4994.45980587,26750.78536089099
vEnkoSUkpnbRrPgBz9DfcVxNz67zjwMYBZraAvDDNSf,DtfyjjsZ5yCjWKLKHvwsfXs5QVsmm1QkK6Sh9JZHoq1g,e5wrKCRv4GhHvEf1VD5Pq2KGaZDXP77nTL612Jyrxwy,654.001621,653.9805000000002,653.8577722900961,0.9997800483893542,0.06538577722900961,0.99820423058917,817.234803,1130.220071,1945.2455072577964
KEN5P7p3asnb23Sw6yAmJRGvijfAzso3RqfyLAQhznt,9zj4aX38Uxf3h6AUjS4EipWS8mwbEofasHAf3a1uKGds,CwQDG1MWunn9cLNwcZLd8YBacweSR7ARo32w4mLua1Yr,54395.18215099978,54393.98894100031,54337.96427461861,0.9989481076426523,5.433796427461861,1.0,1143697.14212,1145475.388871,2287969.484708084
Lee1XZJfJ9Hm2K1qTyeCz1LXNc1YBZaKZszvNY4KCDw,9DgFSWkPDGijNKcLGbr3p5xoJbHsPgXUTr6QvGBJ5vGN,2hNHZg7XBhuhHVZ3JDEi4buq2fPQwuWBdQ9xkH7t1GQX,902.4493594148516,760.7866832849904,155772.6471037783,172.6109564804626,15.57726471037783,145.69719751440581,6724.872841623,53843.599608165,9005648.300399432
Cob4usZcpHEY7Qt4ZCwj6WVg9S44zvzYV2v9qYF65dTf,NhFM9UXE48PyNAyeyPYA3iXztqKVJwA4bTdLj4ysM8w,6TuFuynuBoeskxyR2cz4wxyidk8dpDK7kAWw3UkjQGx,15.381721999999883,1745.4720599999855,0.1360209610833644,0.008843025578239253,5.440838443334576e-05,1.0,71197.284974,185.880865,815.4802771262711
Lid8SLUxQ9RmF7XMqUA8c24RitTwzja8VSKngJxRcUa,4PgzyzLtds9bKZ2to9PMnKqJzKEUpjvNUaeN23phegax,AtymwxoVN9peZo7EXTcDz9jKVc4vRmisJKKrNfe3ewBa,70.35765993599875,59.51759348799931,12128.144753773538,172.37845552006667,1.2128144753773538,145.76405289369342,969.529174419,7673.184971089,1285600.481656903
JSoLLrxK5bYdHwTEWYaGgmeycBCNXKDiBCTw5hXGBg7,xG4wXczA7Dk4hccJ61CHKpDHW4NrNfQwgmWgkb9BuF2,BVR6WgfhsRr9Lob4QDnkEAiNGgAbv7ZieKcY9kSg3QYR,0.7855746050001073,0.6700596370000085,134.4872294632607,171.19599921797666,0.053794891785304284,145.77737608011924,17.100280449,164.627751442,26926.501233559015
wrmcMSHFi3sWpAEy4rGDvQb3ezh3PhXoV2xNjgLBkKU,8p4mGnARWPBu6P2Gcw4adodLkNDorrXniZMhaY7eJXUn,AyY89zccbsgp9LKFgH4CFZMJmpSgqmPSdTfukhP227rc,0.005274409999999993,0.04937392000000784,1.6649021464646445,315.6565656565657,0.0006659608585858578,3012.4111338715506,27.06287551,0.0978105,8837.219779487323
BSCuChvaSj9b5HUSqgDVRzcnr2sSn7cXaamt1jbKH6hn,GnKpRj5kBVPMJfiwZtEuD9GYApLzPdW5JFuZTcyX4BTc,3dmwD9okkomV9nDwyuh4UMhKdUR13QpuKxRo89ycZB5t,232.13997446100007,232.14955516700002,232.27079634162357,1.000563547406806,0.09290831853664944,0.9993094771512885,1457.418206456,1655.527594986,3112.62394606187
STK75uPSyBnEhGTTzb1nwmP3n427XoXmfRhXxxhyady,6TYyD5fUmDe6N65avW1Ny2RxzRNobw2RRgKwH9CTzSAU,54zDfk4cx2vGrEajPtodWpArNe5eUurytyxd4X3aZAxK,476.6398695299999,535.6570933620031,69498.96249177992,145.81021633861798,6.949896249177994,164.32916643865997,1742.600383901,306.610767399,304474.03079615906
RoBgmK8CvjdHvPrqdDyVw54VwjZv2TqJ493xnqJAQHx,ExiHJxM7qPAcy27NDHAF6G7vnW7muNHi2sVJpnaNynGQ,6rkPHSqZb7StM4HwS9EuVrmfkV7tRdc7dnsFhyB6cefE,15.337341000000379,0.2591929999999998,0.0,0.0,0.0,0.9470701438031307,6270.209264,18.878108,17.878892458291034
AURHmCnNwiW4uA2Qj1XvEh4iKgRUZYXtiY7FKAapUV5Y,BKWm4TRnTeKwfWXRyuzjRHU7iZDkPuXBX5b5V5jSVfGJ,A5Ww74HVrkj9nPeC7pHKLfgeDMEhBCpW1efQdz3TGLEg,0.008914308000100846,0.008358697999881315,1.4532324420081573,163.02246253906833,0.0005812929768032629,145.8726216927759,289.936190924,1795.278647228,309148.1147638365
BSC8REUo9LpiiWUuqMuLXs2D2yJsJfGd4HdiF3wCLxk5,AZjEH1zWVx1UJ6udMyRijGTzPteuLnaY18yNNmprJEsh,Caf8ypkSVR8xYnXNhjvfvdGCC7mrM3C11rz8Xi6NA6aK,359.53292457700036,359.3303035409999,360.26586277807303,1.002038584371473,0.1441063451112292,0.9999313607116753,2770.648807754,3586.063508265,6362.114372530234
7dwD9TF6uikvHXxPFK9AsSim54yJoujQjY9vU6gNFumk,CquVr6atkvwueDYficKjn6SSEWq4F4rH4VSiBbW4GBWU,8BCa6ge3b7ho3TfZuM64Vk1hgbrJ3J7EPiAb9uP86CGd,0.00097342,0.0009797550000000006,0.16781419519627513,172.39649400698067,6.712567807851005e-05,173.01768448356646,0.003827876,0.003680437,1.296693089521109
ALBpShJ9NLpE739pcHDF2LNVk5J4VYPvvKuV6jMPitZi,D6d156U1bPiJpDYRLextvDRccgFk7QzkQbJg42ceKEu5,GNcM8U5g8RwTZffwwm3kSQqUNPSwv5d2fbN9sLxPJqt2,502.53716999999597,503.39346099999966,501.36347809776913,0.9976644674816256,0.20054539123910767,0.9990409207161125,55250.291578,45064.690003,100142.72211775323
B2izdXFYb2sNwbWWHmh75T4aQFtfXsUxem9u2p61HGzf,4DYwgJtxwuJdAjkj5RJSNH4e7U329V5cNp7d3a1nLrZv,EXNW64GEf1ACC6xY9BtKRiunrs6GoJSXBdxWN2eTPmrF,4933.033877999987,4884.6334609999885,4973.82421034906,1.0082688125315715,0.4973824210349061,1.0,10803.892473,29127.0554,40020.283234470495
SQDY9uoDoCbNq7F3HAHYYQZbrUzpKxDtdWLvYcqBLak,GiehZ4X2uQjhEKuxSm3ACmEFrabxh3RTvjbLfLjw1xGX,rxDQYV77NKRKYxCjq4cECX3QQsiSyLv1T1FT2X3zNA2,15.092673461999993,15.06566224400001,15.124326120559209,1.0020972201272962,0.0060497304482236836,0.9999669260939195,169.752361165,236.869638935,406.9701739642999
Sid7E679i9ABqptiAVhkmQ27YHN8vaYT4fppPwmxFsJ,GP7KB8o1bv527HG8kTzzzf4wJ5aEGHvcMQvVhLziUfmT,9gYxhAZ1M9wu5pxr8SBoa5NDm21gi3s9vMHaYTME77sa,981.5648789999905,1988.4606820000008,8.674785732372635,0.008837709985314909,0.0034699142929490545,0.02105966284617005,130147.123118,10857.084835,1378.849075657323
MARpDPs5A7XiyCWPNH8GsMWPLxmwNn9SBmKvPa9LzgA,6YjT74rmcfCpw8LSjPNx5JTmZoYLGrTKnf9arfSgZ4SR,F8GSmi3vA8M8TsybLya1LQ4n1aFHCRbZ6k437PeTdXtg,14101.187274999984,14892.829903000273,13339.110550158857,0.9459565559992091,5.335644220063544,1.0,297355.060799,14820.388204,296105.3574263575
daob129AwBGn9Y5r91uLoWZeYiGzbPmksauMhFZKTze,6VW5GQNyj4LStgmxEHLr5zUfW92vQnmbw8jTnCH7a38F,4VPCCUifPeBA1c7HWK358CHn2nyjm8pdTRk6Ps3KmnMQ,8.238386695999985,7.377218712000051,1347.351371206661,163.54553639256162,0.5389405484826644,145.51090844351782,47.720314481,224.734222833,40505.72535139466
HEDSDjj84KS7LKhZY7ejkCACTdPen62rKhCby1wXtgxc,EnnjMSFttpCTywBrYNt1J5QQeoSVkvzPipJDa8Y7kJow,6bjVT6JN2rSvpyn9PdfLYC8wJn4LWh49jpY47fnLDXZk,8.625888982998731,8.91000734399131,8.356593123333532,0.9687805094412911,0.0033426372493334127,0.9999291340223427,39081.183320303,9086.856003732,46947.30074140909
KysFMBBoavfov2tLpvefWW6tPFt6rAeZWDJVy1mMQae,B8ka2V21TH3x64dFV8ETcjuQcwmrciJ2qzy1mJUttRew,7fSf7EYxBANyxzk2s5pymFgshA91tFYQNKKs5UnLWcYS,11.477511999999933,15.337341000005836,0.0,0.0,0.0,0.02107748837191852,134509.592882,2606.584107,54.94024620572012
FrnkTEL6yZ5Aycq2TrEgu29dCrwKG4LPUZydfiwqspkc,DjvZuMZ46fxKBoBpGMPcRcos4xdTtHFxwMh69DpA2ZFY,9rvDPJLAng4uVVqnnSoEXgNDFhBZQTny9AoQioYDZbQX,22.253084363998255,18.56644150799997,3798.7894319861284,170.70844516870346,1.5195157727944515,146.10704357218864,172.674102314,1438.985483433,239722.84225461681
RajgMbScQbqqrdJfR2rxfHJiTiY5b6bJ2tTXiF4aPxy,725ZA3fhyBAKb5iopNRrcbSuQa3LXA1656Q3mBvYPxeg,GLA6i1dSZpUfk2f9Nj8uiG7xyDdAR2reff8oEiZH3617,1759.2601244100078,1761.3259794199985,1755.725532881721,0.9979908647509007,0.7022902131526884,1.0,133371.7014008,50556.49909891,183660.2387131933
ionytDfEj1mXodptgrsKEZro7DGsfpzANUfarJdm6Qb,3gkSjY95an9xNFSjCfsay6JZez7uv7yfW3Ad4ubc4fMK,9wXqANaSuEqkKL9yHzCPEDGHwbkStVAqV5rB3QDs3Jr6,0.004534002000000009,0.01766792500000003,3.394489011338673,748.6739113345486,0.0013577956045354694,3018.7767916440257,3.17013297,0.079592188,2613.6669000310776
HDSBGqAuMRr6X2AfmmbXQPpRgU6VEhtfNVVZ3wUTZXg,DCZ1d8kNLgDcdSd99y4udLgwq46mfDXNS9KXj96kQf5L,Fq8GGYQM5Pz3q7LmVMbrXHJgsxA5ev86kTq8yGgGuYsa,821.7726549920008,827.4225432109997,816.8534832641427,0.9940139505762625,0.3267413933056571,0.9995575158788709,13521.842706439,12881.252809931,26316.45334780061
BUSDTd9WiT6uBHJRgNvFXBsA7JrifsAtWzKfioN7ERcy,DyBxrn7gSc1EwnpWhDyhzvMHPtxpmBqRqotapLcKcfTM,Cds99GeBgoCpqBsoRWu1C6fF9LiUMd4pXQQD24s9LPff,689.6011486100001,690.9743644600003,688.365944758725,0.9982088141039718,0.0688365944758725,0.9986368606851647,84.31931881,69.78498316,153.8581437412543
NorjjEePhxfwLF4vZjUHCrVVKLzQjEEGQFd3wgjEJmh,34M8pFVqgbV7aqHxvRT5tCv3vu2P1JJYT8J3VaxBK2oG,3AZWBSze3ucsY3xSeuLne3b2pauVqiaJ1SZSV5T9WGWw,1.2169880000001285,2.10141300000123,0.7047910045311667,0.579127324617081,0.0002819164018124667,1.0,38233.018432,2194.96729,24336.752966559707
Dg3mAgpwDfVNnbGWcsxL8sUcSkEbjSJQhKAWNigG44Ju,EATxwd8YA2wV93VJcKMmH2Kn2Y9XfJVUB9hHVu3udwEy,GiGvrRi7NMHfHKanG2B8xyCEqe8jaafWins8bhrLVEaa,0.003522915999999987,0.0035602189999999756,0.6145181856715969,174.43452687251104,0.00024580727426863874,173.74196052513162,0.198682023,0.260927835,79.99111828855641
ercAoEmXjQzEvAFbdjAo81KtMxRGn9AW1ju882upmPH,CMRhskR2Eg6V42RTSdRTXGdozyPbWB8U9dVpijPWb9T4,7TKLLgrWswt6ZJ1pXhVR3FyufHGjJFqiEXxvWJfDcgRm,0.11535952799999905,0.1173917139999503,16.900157399474573,146.49988338609285,0.006760062959789829,142.65841967853066,301.232149044,787.885470619,156528.97083327008
BSCNHw8CmxbZ8hCWWzMf5FaG2ajPT6JxfznKUNuRVrn4,7n9kgNL633yGzCYksgnzHyjG73ZLBAwvEae5sbAekbzW,SscdxE99omdG9AiMVwmaEMQySQnCgeAh1sPj2Leutm2,1.4716484470000069,1.48028843100019,1.4801929749226066,1.005806093119602,0.0005920771899690427,0.9999303358534315,3928.584187354,7776.066950153,11726.919150059231
SAMyS8Jr2HJrkFwYVKbpUwsNStnQmvz3f8Tup8bWUWF,6jPzm5TFfquvgm25sTyN3MMGBfufRaFHMxobDWv6hMFW,Cj9ECoDmxsHTDzCY5ZA6RWrPbg9uFzEC1Qc2kso2vJG6,1573.7326660800322,108.64141447000691,1507.7426164995202,0.9580678148183295,0.6030970465998082,0.02107748837191852,485.32110148,108735.8801961,2756.849777623791
MATSnbbiTCv7Dc3trJrkrqjx7ckKdr6fwPoVwv9q3sD,631WX9JizSHJm4w6VanZeJAst9T8DeUUnPLesdGkCVtK,211maUSfpnXbPuW1iBu8b4dtJv5EbN1j7JJiEX5TZKEP,1642.5983450000094,1641.4982639999944,1642.1795892047624,0.999745065008423,0.656871835681905,0.9990728603855622,20357.03681,25198.361006,45526.84569628474
BUSDgu5JdqP1rndBvXvanbEufS94FNh1w5FJcAj6vawb,Bgzr8cWubt89JQFXndVjtdKmDbGzuPxNhvjH1EhWCwbo,Dxaf8xPBBQsasRKW5Aa4Sw2YrbfGofY9xZueyyF23FBW,6162.646170099999,6180.540204930001,6148.8027555760955,0.9977536574156943,2.459521102230438,1.0,8842.47445343,6233.21382468,15055.825051194624
MATgk4zXLXtYkwBH678J1xZbRDZ45LicNzkRBHkxTuY,y8dALFo1bJrSzPYjMX14HJX448pXqYmrfXHD1K8MXih,GN7Yuet3UyiWS5YVkEHv6oQKi4HGBJc3XDPt9zQhAqZz,3054.8135900000007,3055.8471600000003,3060.208738005104,1.0017661136583798,1.2240834952020414,1.0,3263.808992,4800.601898,8070.175147639115
C2ypsDADXcCRz8HbV2zX1AXPSja7a1P3xZtRC91xGhJh,J9bYNuDpY1d1T86gLaw7DGk5D3CsUAf2tzUwxMvb6FTv,A2NGvvPrMGzsJ4jb52KEnSBVmsA7C34dV1GC7PerdgvG,1248.5767933330058,1256.0858228699958,182804.30371627086,146.41014048345798,73.12172148650835,146.5378169411491,3841.725534958,2209.051563033,886177.1688293775
KwnjUuZhTMTSGAaavkLEmSyfobY16JNH4poL9oeeEvE,J63v6qEZmQpDqCD8bd4PXu2Pq5ZbyXrFcSa3Xt1HdAPQ,BnKQtTdLw9qPCDgZkWX3sURkBAoKCUYL1yahh6Mw7mRK,174.65496099999996,8271.049600000144,3.6773444747494772,0.021054909941833705,0.0003677344474749477,1.0,277378.503308,578.289464,6418.468870950563
parEAJhzYzHW87y9VoZAQ22dzQ2MD2ekEtTReaxbMcz,3oyc6hpjYSJEquK6dSvG72NXyz3pqLZz5D8AC71pwgQb,Di2vordgFJVZ1aj1aBpvzXtLfZgJsuLLXawGtVFwX6Rz,4.248841277999986,5.024198372999763,601.5543984627702,141.58081206223213,0.2406217593851081,159.30492076969767,1103.767676175,139.532143609,178500.48100335718
C98Sspw7XqnMsgxea3SLQVdbMDL8pKUc3RE82UvX9eq2,CSqgQJurPCzGxb4Cgwx5R61hWQUiaoUHcShNc8r1cKEL,6S2CR5EnukPhC914XkAns8m5GixjMAoUuZMsS5ubHuWc,95.91049999999984,95.90074800000002,0.0,0.0,0.0,1.0,876.933265,886.774666,886.774666
SoNcU2iwHMw6dGzsYNQkYFkUjwN1UdAjrWVRnStrZu2,8ivTTid27jZnYNc4w3CTA1Z6QS2twsFb8WMwUabeDJgc,CyXm53PMvHCbeXJBykU46Rcbo28xk5srhMZFg7gv6EYB,1.0618523340000117,1.0521834800000036,184.26644364202974,173.5330212515479,0.0737065774568119,171.554776925608,15.253170804,19.434173541,5980.95411984383
