0,1,2,3,4,5,6,7,8,9,10,11
SoN9GaFpSXfpyR5dth3x7PHPVhvJMpQqqDJfCSmPv1t,9kZ9iS68ViMPtoeqtnhAKuF2iqVyfHPdZHoUNdwCELr,BBhm5fJLjw3HRzjtKB8uMEYjGhY6EDm9co3cqpjrSzB9,0.49970789099999946,0.49067297300000057,87.87916146630836,175.86106413178186,0.03515166458652334,181.390989547707,1.50664572,2.4762601,714.1315895052985
SAMyS8Jr2HJrkFwYVKbpUwsNStnQmvz3f8Tup8bWUWF,6jPzm5TFfquvgm25sTyN3MMGBfufRaFHMxobDWv6hMFW,Cj9ECoDmxsHTDzCY5ZA6RWrPbg9uFzEC1Qc2kso2vJG6,4166.23384654005,156.89595614998888,3989.3508184700695,0.9575436630334907,1.5957403273880277,0.020763469018381463,481.25460878,108921.36470019,2722.407682335174
7oAd7xG4m3oC2qeWB1szghTebAZyyGPAFDJ4wwwbRSNi,D9yh4KAysxt9GLacVe4Wwh2XqghhcjTCSTV9HuM7TBJd,HDYfJLpZKaMFb84jM4mRytn7XLR8UFZUnQpSfhJJaNEy,146.0883765819599,3.3127940000000535,146.06821580860932,0.9998619960477194,0.05842728632344373,0.02276496485653155,955.123997978,300105.437947635,7786.881935223282
MAR3XM1n9xWPQ3HJjAcC85o8DopWFP5p2WxGTaZ3fPB,6qG7GUhER8Cg9gDEgnebph9LdS6eu2eoWcA4R7z9uizK,4QV4CwRXVMY227KkFF9voNAfwWHVvVajXSXDKbUHkWZR,0.010242999999999988,0.4443260000000002,0.009621689051207328,0.9393428732995547,3.848675620482931e-06,0.020669615766104942,0.107105,24.494725,0.6069048724911537
BUSDTd9WiT6uBHJRgNvFXBsA7JrifsAtWzKfioN7ERcy,DyBxrn7gSc1EwnpWhDyhzvMHPtxpmBqRqotapLcKcfTM,Cds99GeBgoCpqBsoRWu1C6fF9LiUMd4pXQQD24s9LPff,702.75226475,702.12336054,701.9312158068708,0.9988316665995786,0.07019312158068708,0.9973013026749614,145.358792,118.93036267,263.79837008665805
ALBpShJ9NLpE739pcHDF2LNVk5J4VYPvvKuV6jMPitZi,D6d156U1bPiJpDYRLextvDRccgFk7QzkQbJg42ceKEu5,GNcM8U5g8RwTZffwwm3kSQqUNPSwv5d2fbN9sLxPJqt2,2297.738824,2300.769422999998,2291.3551086672533,0.9972217402317145,0.9165420434669014,0.9986488281355327,54746.898117,45567.227173,100100.45503022516
KEnkcdADoLR5jS2CLLLesy8TtFsyWL37BhXNfDMzWzP,3qsjFRuw1qeLMPo4DLwaQevenGAGBj9dA3Q6rb8ax2YR,77iEv8zPQAEyCcEbvBRSB6AFcUdfkhiqnAKtPxk76rNN,0.016187000000000007,1.761134999999996,0.00014035410211894641,0.008670791506699596,5.614164084757857e-08,0.9984583802608772,118.109134,0.307603,1.331228469094231
4Fss9Dy3vAUBuQ4SyEZz4vcLxeQqoFLZjdXhEUr3wqz3,,,0.00019008700000000003,0.00016378599999999997,0.0,0.0,0.0,0.9984583802608772,118.109134,0.307603,0.30712879314338665
vEnkoSUkpnbRrPgBz9DfcVxNz67zjwMYBZraAvDDNSf,DtfyjjsZ5yCjWKLKHvwsfXs5QVsmm1QkK6Sh9JZHoq1g,e5wrKCRv4GhHvEf1VD5Pq2KGaZDXP77nTL612Jyrxwy,1133.2180839999996,1133.265415,1131.6925624258497,0.9986538146578413,0.11316925624258498,0.9985112197713211,1020.172159,927.172348,1944.5908103327956
B2izdXFYb2sNwbWWHmh75T4aQFtfXsUxem9u2p61HGzf,4DYwgJtxwuJdAjkj5RJSNH4e7U329V5cNp7d3a1nLrZv,EXNW64GEf1ACC6xY9BtKRiunrs6GoJSXBdxWN2eTPmrF,5640.0311870000005,5575.908591000003,5701.919824778142,1.0109731020496469,0.5701919824778142,1.0,10114.281615,29823.422751,40048.68941032026
Cob4usZcpHEY7Qt4ZCwj6WVg9S44zvzYV2v9qYF65dTf,NhFM9UXE48PyNAyeyPYA3iXztqKVJwA4bTdLj4ysM8w,6TuFuynuBoeskxyR2cz4wxyidk8dpDK7kAWw3UkjQGx,43.32511800000009,4949.675231000045,0.3757009969668164,0.008671667021583545,0.00015028039878672655,1.0,71423.52134,183.887951,803.2489455694465
DFWzVTzNBrQZLjoQ4yQwkj9HuoXmfkuZP9V5vbymZe23,DhgiEgiNdqZdRdo195UUHnoEJUtefK8buko8nU97XJUZ,2K2kkXsouBHtWVjtcgkyiXd8eP3oVBvq1bTJzcVdLLr2,0.2790084849984851,0.28381610799988266,0.27449938948419256,0.9838388588278346,0.00010979975579367703,0.9998619960477194,45476.03363391,22540.058641838,67278.03705906303
wrmcMSHFi3sWpAEy4rGDvQb3ezh3PhXoV2xNjgLBkKU,8p4mGnARWPBu6P2Gcw4adodLkNDorrXniZMhaY7eJXUn,AyY89zccbsgp9LKFgH4CFZMJmpSgqmPSdTfukhP227rc,0.0036875999999999853,0.03374930000000376,1.2457518901133005,337.82185977690244,0.0004983007560453202,3074.274471224791,27.04208722,0.10004108,9442.961935227362
KZMu9QBEdL97EFgamLbN5DE1AoKBG4HdrKKJo4Vuon3,DD4ACBWyVqdaKWh7v5btsgqQCCMwbKnuL2xd9pv7Gyuw,GcYqiJ1MAuYbNTNYXm1F1gQYTfTgkErACAhNU5dpVj9T,289.4190471699999,298.79682861000174,277.1313745788243,0.9575436630334907,0.11085254983152974,1.0,2410.06311221,690.71853693,2998.459197537458
NorjjEePhxfwLF4vZjUHCrVVKLzQjEEGQFd3wgjEJmh,34M8pFVqgbV7aqHxvRT5tCv3vu2P1JJYT8J3VaxBK2oG,3AZWBSze3ucsY3xSeuLne3b2pauVqiaJ1SZSV5T9WGWw,65.80458700000054,112.4361080000017,38.0920495625222,0.5788661748233734,0.015236819825008881,1.0,38235.118654,2193.750302,24326.76718115879
Lid8SLUxQ9RmF7XMqUA8c24RitTwzja8VSKngJxRcUa,4PgzyzLtds9bKZ2to9PMnKqJzKEUpjvNUaeN23phegax,AtymwxoVN9peZo7EXTcDz9jKVc4vRmisJKKrNfe3ewBa,93.04392104400745,78.74278600499929,17009.671017138287,182.81335122466666,1.7009671017138288,154.66829913900798,969.72335236,7672.948301973,1364040.239053453
BUSDgu5JdqP1rndBvXvanbEufS94FNh1w5FJcAj6vawb,Bgzr8cWubt89JQFXndVjtdKmDbGzuPxNhvjH1EhWCwbo,Dxaf8xPBBQsasRKW5Aa4Sw2YrbfGofY9xZueyyF23FBW,7653.040465409997,7644.9620598300025,7664.550627669593,1.00150399861488,3.0658202510678376,1.0,6917.01375889,8154.17203072,15081.588968722477
MATgk4zXLXtYkwBH678J1xZbRDZ45LicNzkRBHkxTuY,y8dALFo1bJrSzPYjMX14HJX448pXqYmrfXHD1K8MXih,GN7Yuet3UyiWS5YVkEHv6oQKi4HGBJc3XDPt9zQhAqZz,2839.1973090000006,2833.891150999999,2843.3799208635905,1.0014731670286992,1.1373519683454363,1.0,3411.713931,4651.291745,8068.031700474503
Lee1XZJfJ9Hm2K1qTyeCz1LXNc1YBZaKZszvNY4KCDw,9DgFSWkPDGijNKcLGbr3p5xoJbHsPgXUTr6QvGBJ5vGN,2hNHZg7XBhuhHVZ3JDEi4buq2fPQwuWBdQ9xkH7t1GQX,1015.1367429720704,856.0537093679759,185688.9748115411,182.92015937467647,18.56889748115411,154.61485131308208,6716.843273455,53853.144171828,9555141.920944272
SRMuKizofcAMicegrfSv7xs9q76tH1w8aAF7oX9FEWu,72Hj2KWntXPfbie4UgKeTPnm1XVkomDfCnRPKbvfTtPi,6aqJQ5wedqpUt4fFEDUqUmXhrdxCu4bEJsQdVPCADLko,29.74520300000222,29.624885000000177,1.3322317993163462,0.044788122619847194,0.0005328927197265384,0.044845691804440854,16928.681878,4962.345507,980.7436969783229
SQDY9uoDoCbNq7F3HAHYYQZbrUzpKxDtdWLvYcqBLak,GiehZ4X2uQjhEKuxSm3ACmEFrabxh3RTvjbLfLjw1xGX,rxDQYV77NKRKYxCjq4cECX3QQsiSyLv1T1FT2X3zNA2,15.235415498000009,15.196046696000025,15.282712053194434,1.0031043823649335,0.006113084821277774,0.9998619960477194,154.686698921,251.962312397,407.0944461832836
SAMGk1Nd4haC8zQA63DG37pzuEZy8j4q13tSFtCbcRE,9U9TnkHD3jXMAVZtynCVLgDruuqN4pTvLJTmVHCLWS8g,C6zoEbvqSknmi96QWq96UBiPCyNW3YSTvKhavR2BfifE,0.29757071000000135,0.285175520000004,0.4300347414407312,1.4451514446456417,0.0001720138965762925,0.0,54.19492594,0.88108268,78.31987551465456
BSC8REUo9LpiiWUuqMuLXs2D2yJsJfGd4HdiF3wCLxk5,AZjEH1zWVx1UJ6udMyRijGTzPteuLnaY18yNNmprJEsh,Caf8ypkSVR8xYnXNhjvfvdGCC7mrM3C11rz8Xi6NA6aK,1136.5250918730007,1135.8969696510003,1137.200016671295,1.0005938494478657,0.454880006668518,0.9998619960477194,3129.834896571,3226.386368964,6357.634662189739
C98Sspw7XqnMsgxea3SLQVdbMDL8pKUc3RE82UvX9eq2,CSqgQJurPCzGxb4Cgwx5R61hWQUiaoUHcShNc8r1cKEL,6S2CR5EnukPhC914XkAns8m5GixjMAoUuZMsS5ubHuWc,39.936211999999955,39.96097299999997,0.0,0.0,0.0,1.0,903.248902,860.420913,860.420913
HEDSDjj84KS7LKhZY7ejkCACTdPen62rKhCby1wXtgxc,EnnjMSFttpCTywBrYNt1J5QQeoSVkvzPipJDa8Y7kJow,6bjVT6JN2rSvpyn9PdfLYC8wJn4LWh49jpY47fnLDXZk,31.188441727997997,32.19608457600407,30.00058454331636,0.9619135449266357,0.012000233817326546,0.9998682253668425,39073.19531879,9094.588617857,46678.42600248628
MARpDPs5A7XiyCWPNH8GsMWPLxmwNn9SBmKvPa9LzgA,6YjT74rmcfCpw8LSjPNx5JTmZoYLGrTKnf9arfSgZ4SR,F8GSmi3vA8M8TsybLya1LQ4n1aFHCRbZ6k437PeTdXtg,21054.784648000023,22261.196874999965,19795.829292485807,0.940205735819112,7.918331716994322,1.0,297957.991597,14243.908998,294385.7217306422
KEVpg4SYCVrqFxKijQH6hm4QxsRdoE51ud64bEEFUC9,2bPenuBYfqzD8p5dFjCcggwkHDsc2RQDnx9AoyYGUBjA,AE6n6iLuX8oYu61vt5hoDYkjswpnxFxrhSehxrnQTnbx,1335.7756113409996,1336.6834608899999,1336.2063321073292,1.0003224499404486,0.5344825328429317,0.9998682253668425,2679.134679488,4965.021714569,7644.366016959799
KysFMBBoavfov2tLpvefWW6tPFt6rAeZWDJVy1mMQae,B8ka2V21TH3x64dFV8ETcjuQcwmrciJ2qzy1mJUttRew,7fSf7EYxBANyxzk2s5pymFgshA91tFYQNKKs5UnLWcYS,70.46827199997688,90.3193449999485,0.0,0.0,0.0,0.02073460679897295,134494.255541,2618.061619,54.28447824544753
TETFuZgEmET6d9vYmz9iMFCxK1jKdKYxf3oPz8hSzJK,Eu1Ze6Z84LWNkq7SNoAHBJbXx5t1P95EwyqYohrfCRFV,ASMbv7WNu3qe4pkhREmvyEdwFNDZQ6B6iSrjkj4u8bdC,7.840621657,7.866549426000006,7.803758504492991,0.9952984400829877,0.0031215034017971965,0.999459016821211,285.843713171,66.954091834,351.417672623192
SEQV6QiTpvTzrceiaYg9Avnwf7oc8ZALpnQMz6TyT4A,3dFMPj4r9mMmPHF32mz1gNDX7f8ftidWof7S8YiYTs1j,Fc1ED3YPeQfXQosHbd8DTaBd2AV5gHQtwiSAL5C5pUhi,274.3196001939999,275.4683365910005,272.44235954559394,0.9931567389020749,0.10897694381823758,0.9988922285185728,4761.004667846,870.150089824,5597.610032185421
C2ypsDADXcCRz8HbV2zX1AXPSja7a1P3xZtRC91xGhJh,J9bYNuDpY1d1T86gLaw7DGk5D3CsUAf2tzUwxMvb6FTv,A2NGvvPrMGzsJ4jb52KEnSBVmsA7C34dV1GC7PerdgvG,419.7028526929944,422.1439333190024,64922.45828338799,154.6867214907345,25.968983313355196,151.43204744305473,2710.372617627,1587.188671799,659609.884487926
ALLwa5WNZbvQsRKAqe1jdRGemdYQnW8E5k4msbRFcYtu,CGoM82Hbz7QVqTgvQatYtjvDWBvoUJp5qm21P8iMs9yb,3dxNNww8TivyN5FMy5dCNdi3Zcxv6e4kUfSPxfFwpdNq,1.8269488250000006,1.7957635730000008,5598.12724069251,3064.1948827945457,2.239250896277004,3032.4349239465323,0.885390629,7.774028178,26287.243981367672
MATSnbbiTCv7Dc3trJrkrqjx7ckKdr6fwPoVwv9q3sD,631WX9JizSHJm4w6VanZeJAst9T8DeUUnPLesdGkCVtK,211maUSfpnXbPuW1iBu8b4dtJv5EbN1j7JJiEX5TZKEP,1820.741920000004,1819.020301000004,1822.849133598444,1.0011573378825924,0.7291396534393777,0.9974932993387617,19276.473331,26279.231957,45512.1405127053
ionytDfEj1mXodptgrsKEZro7DGsfpzANUfarJdm6Qb,3gkSjY95an9xNFSjCfsay6JZez7uv7yfW3Ad4ubc4fMK,9wXqANaSuEqkKL9yHzCPEDGHwbkStVAqV5rB3QDs3Jr6,0.001539665999999995,0.005736692000000154,1.2669186790906446,822.852929850142,0.0005067674716362579,3071.630421427694,3.152465045,0.08412619,2852.419662971216
RajgMbScQbqqrdJfR2rxfHJiTiY5b6bJ2tTXiF4aPxy,725ZA3fhyBAKb5iopNRrcbSuQa3LXA1656Q3mBvYPxeg,GLA6i1dSZpUfk2f9Nj8uiG7xyDdAR2reff8oEiZH3617,46428.045091600005,46481.46725575,46340.96115739303,0.9981243247688942,18.536384462957212,1.0,132937.11057766,50989.42369366,183677.1874257147
BkwbeSfcX1h4thMDd7obGkHrPevf3QwgzJ4pCEqG18Lu,35yX27bmurdebhfAb8EPmjLETDiUaEUCn9zHaDPbakH2,2CxECn1ZJFoESyUnQysQU8rRgT3iJ5GRs2Mdd6gZjx5g,0.0002019100000012486,0.00012897999999994525,0.4755971168823871,2355.490648702125,0.00019023884675295483,1499.250374812594,0.84291817,22.02806093,35011.06447275326
daob129AwBGn9Y5r91uLoWZeYiGzbPmksauMhFZKTze,6VW5GQNyj4LStgmxEHLr5zUfW92vQnmbw8jTnCH7a38F,4VPCCUifPeBA1c7HWK358CHn2nyjm8pdTRk6Ps3KmnMQ,20.11182665000016,17.984172791000006,3472.9519689987605,172.68207554875343,1.3891807875995044,154.62109096621637,48.005138406,224.411699419,42988.40872670166
SoNcU2iwHMw6dGzsYNQkYFkUjwN1UdAjrWVRnStrZu2,8ivTTid27jZnYNc4w3CTA1Z6QS2twsFb8WMwUabeDJgc,CyXm53PMvHCbeXJBykU46Rcbo28xk5srhMZFg7gv6EYB,6.115506011000006,6.059997223999998,1121.010136465964,183.30619485118564,0.44840405458638566,181.390989547707,15.273650889,19.413062538,6321.109449867359
YakoMPuYrybnr9R7VC7hVGxMz94fJvPFCdZ4gmW61Ed,,,2.288846,2.286863,0.0,0.0,0.0,181.390989547707,15.273650889,19.413062538,3521.3546239193397
heyk4SZTeCUV6a65WiVA5bzic3KcxgVf1qxobfeV4tQ,9ZDpBKPqMABtGfq66FbVribaArMvtk63xxy91onZAtDt,DaTP4s6N7xxSPinbNZ3FB52EpRDRt87QShTuN3VPCW52,89.08571184699667,77.21210044399959,15527.660287277577,174.30023249908012,6.211064114911031,154.1542013725582,628.640449568,4489.294948612,801615.8540471711
STK75uPSyBnEhGTTzb1nwmP3n427XoXmfRhXxxhyady,6TYyD5fUmDe6N65avW1Ny2RxzRNobw2RRgKwH9CTzSAU,54zDfk4cx2vGrEajPtodWpArNe5eUurytyxd4X3aZAxK,382.1226935219975,430.74572490499645,59109.361528726586,154.68686505875857,5.910936152872659,174.42363454201933,1852.214739895,325.678651915,343319.34568974096
Sid7E679i9ABqptiAVhkmQ27YHN8vaYT4fppPwmxFsJ,GP7KB8o1bv527HG8kTzzzf4wJ5aEGHvcMQvVhLziUfmT,9gYxhAZ1M9wu5pxr8SBoa5NDm21gi3s9vMHaYTME77sa,2113.8879689999812,4857.485544000039,18.369631955259678,0.008689974220322477,0.007347852782103871,0.02073460679897295,130267.136722,10806.6048,1356.0887612292972
BSCuChvaSj9b5HUSqgDVRzcnr2sSn7cXaamt1jbKH6hn,GnKpRj5kBVPMJfiwZtEuD9GYApLzPdW5JFuZTcyX4BTc,3dmwD9okkomV9nDwyuh4UMhKdUR13QpuKxRo89ycZB5t,206.13715755400017,206.155804,205.8880192562029,0.9987913954924308,0.08235520770248117,0.9994570179896376,1741.12780298,1371.809694986,3110.0882950690466
BSCNHw8CmxbZ8hCWWzMf5FaG2ajPT6JxfznKUNuRVrn4,7n9kgNL633yGzCYksgnzHyjG73ZLBAwvEae5sbAekbzW,SscdxE99omdG9AiMVwmaEMQySQnCgeAh1sPj2Leutm2,181.50883450400033,180.522965741,182.37403241557254,1.004766698623439,0.07294961296622902,0.9992291296994565,3930.055835801,7774.586661722,11717.382691309027
SERgf3DMJpQxUifu7VoFKmfne73d2fDJxSrxUMrcNJB,AJfM2GZ2tTB8UtN2krcyR9xufRJEx2mhSCbJyMgPo3GU,F4yRYkufQvERZcEKnKjJwRLU1btiMBUuEwq46hfm11QD,0.10441026300000189,0.10441591700000075,15.967648045233842,152.93178645889967,0.006387059218093537,154.83087823170752,29.110083793,28.13477164,8807.98852030149
SUiuyGR7SFq3xeRVJonq84fjjeFwRSsFekcevJ53tzy,49GjCCPsv7fBqo6t3iKDrP1xxGDS8uWZbVCdfnp2gjMf,CEwj5xEbbJEjYqM8D6Ai8ByGz1mrh8mkAVsE5fzDSSSx,0.08543100000000003,8.789611000000036,0.0007423931876163699,0.008689974220322477,2.9695727504654795e-07,0.9421474366523618,637.013648,1.740721,7.175648007190513
WiiQFxXqp8P9Fs1rt9SVcDyA3KUdJmUsog6wnVQAwba,3S2jpqSYxho6wiz3cafhjXruVY8cg4HYa2v3BqBHYFSj,Dfe67M6TfrG74gKRtdqys4e6E9QirPD53BkF4FujFjuv,2720.787078772999,2724.010705591002,2716.246779927959,0.9983312553633974,0.27162467799279594,0.9998682253668425,20093.801547884,6726.333821517,26785.717585667186
MiMUFdSLMyCLpqpH6zkqdDrGYs7XBomwENbivdYjv9V,,,0.008286186000000001,0.011129000000000056,0.0,0.0,0.0,0.9998682253668425,20093.801547884,6726.333821517,6725.447461345175
JSoLLrxK5bYdHwTEWYaGgmeycBCNXKDiBCTw5hXGBg7,xG4wXczA7Dk4hccJ61CHKpDHW4NrNfQwgmWgkb9BuF2,BVR6WgfhsRr9Lob4QDnkEAiNGgAbv7ZieKcY9kSg3QYR,3.241040589000022,2.758646885999994,580.6975035695199,179.17008060324417,0.23227900142780797,154.93558940209581,17.139698497,164.581094154,28570.38998841461
KwnjUuZhTMTSGAaavkLEmSyfobY16JNH4poL9oeeEvE,J63v6qEZmQpDqCD8bd4PXu2Pq5ZbyXrFcSa3Xt1HdAPQ,BnKQtTdLw9qPCDgZkWX3sURkBAoKCUYL1yahh6Mw7mRK,709.3825309999985,32318.69766500021,13.846504864041277,0.019519094788706188,0.0013846504864041276,1.0,277583.480863,573.986878,5992.165152743906
MiMuMS9C4vBqcrYeeQPph1E7oAW9aNKvW9k6Zw9XffM,Afy2q2hh6Y474pshJa5fnQ6PfEchGyTbKrQpCZw2hr3m,5pXz9ksgjeL8Wgb37bksUaBFMLdFfsNNY3FQnikkCPtS,0.5466435340003954,0.008286185999999418,0.0,0.0,0.0,0.02079845432542959,26.002930055,7673.951587508,159.60633158834304
YAkoNb6HKmSxQN9L8hiBE5tPJRsniSSMzND1boHmZxe,CfWX7o2TswwbxusJ4hCaPobu2jLCb1hfXuXJQjVq3jQF,EnTrdMMpdhugeH6Ban6gYZWXughWxKtVGfCwFn78ZmY3,5422032.681654017,5421777.040162981,5422032.681654017,1.0,542.2032681654018,0.9978536168701124,633671.839397,827159.62583,1459056.0637603945
RoBgmK8CvjdHvPrqdDyVw54VwjZv2TqJ493xnqJAQHx,ExiHJxM7qPAcy27NDHAF6G7vnW7muNHi2sVJpnaNynGQ,6rkPHSqZb7StM4HwS9EuVrmfkV7tRdc7dnsFhyB6cefE,1.5716110000000008,91.98060799999985,0.0,0.0,0.0,0.9396261979059491,6285.546605,18.618915,17.494820310584046
FrnkTEL6yZ5Aycq2TrEgu29dCrwKG4LPUZydfiwqspkc,DjvZuMZ46fxKBoBpGMPcRcos4xdTtHFxwMh69DpA2ZFY,9rvDPJLAng4uVVqnnSoEXgNDFhBZQTny9AoQioYDZbQX,12.063225737000721,10.065819222999806,2234.6975243543243,185.24875295170733,0.8938790097417297,155.05101953797896,172.835563553,1438.780699969,255101.98703565926
AUSejoEUCh2DBs9mof6BNC8Pubs22w4cJa1ccV9h44R,4xkyD7AfGQDwsQMy9MosRRNGoVJ1zosNinesxg1TzHG7,Cbm5gsQe3nSiCsFrvepVzMCD9xLK3ri9g3ypS2hdmVJ7,1531.3285899999992,1529.1042180000022,1532.839970210627,1.0009869731555314,0.1532839970210627,1.0,14109.262781,14768.228791,28891.417035609185
moFiBS1R4Lf3E3zzmBPnw3NF4RhWPkhREFviuzUaCAU,44ALBrpqi9PfZkBRTvbtRNtFJGsatfY4QydjtMbFWq8S,2ho8qEEie1UjVwWNBo9y4oAJZMyMLx8zPj9bxyUz6uWs,890.3745205080049,890.4113359999974,889.4670355387274,0.9989807828634182,0.3557868142154909,0.9998682253668425,34161.221462613,30243.544381638,64365.962809963465
KEN5P7p3asnb23Sw6yAmJRGvijfAzso3RqfyLAQhznt,9zj4aX38Uxf3h6AUjS4EipWS8mwbEofasHAf3a1uKGds,CwQDG1MWunn9cLNwcZLd8YBacweSR7ARo32w4mLua1Yr,57292.23033499927,57293.76774600055,57255.47232176869,0.9993584118995604,5.7255472321768694,1.0,1136777.934644,1123134.407608,2259182.99905629
AURHmCnNwiW4uA2Qj1XvEh4iKgRUZYXtiY7FKAapUV5Y,BKWm4TRnTeKwfWXRyuzjRHU7iZDkPuXBX5b5V5jSVfGJ,A5Ww74HVrkj9nPeC7pHKLfgeDMEhBCpW1efQdz3TGLEg,0.004883604000042396,0.004363618999946084,0.8447902453139049,172.9850015084292,0.000337916098125562,155.02784765227378,289.944339681,1795.269522979,328472.7921402369
BUSD5rCfUDpCxKGMvYU2yThChxgHoioK74PTPociGnv2,CcFHbafgYDZ8yA8Me1PdtDiVb2eeaS61LbqyKKK5CsNZ,26R9s4nmF3CFDTkiePDwRmtscn8i7r2eygbSijditJ58,188.3956091,187.46953638000002,188.2865516464209,0.9994211252900208,0.018828655164642088,1.0,82.14287074,65.76244195,147.85776225952353
GokA1R67GqSavkd15zR62QD68Tuc5AEfvjssntVDEbM8,3YB7hfpBdbQEuZqLGWVDpRPmeZWCUsrrWyqGXegnQ6Cg,4DPCj6Z1DsG6HUtwSogBGqXEUxdEV5a8YVrrFtcnz7UW,19163.874131999997,19164.08490600001,19166.768314015415,1.0001510228044435,1.9166768314015414,1.0,14738.843034,17677.814439,32418.883374409248
BSCrK1Nx9PXU9mF7STWWBqeHLxmtJDr9h7jheEy4tAWX,FfSySSbVJPvEo5a5AvrP3nySoXpRE2QPn1uUMpJJ1x7v,HL7Vcj6838ZmvBHDbQxXfjBNckNi83WvPiZQoMQLFeRM,0.010365749999999951,0.010359483999999863,31.96139010424842,3083.364937823946,0.012784556041699369,3079.2917628945343,0.840167801,0.964118951,5559.347483756866
parEAJhzYzHW87y9VoZAQ22dzQ2MD2ekEtTReaxbMcz,3oyc6hpjYSJEquK6dSvG72NXyz3pqLZz5D8AC71pwgQb,Di2vordgFJVZ1aj1aBpvzXtLfZgJsuLLXawGtVFwX6Rz,5.769602712000051,6.797004997000158,837.943703152897,145.23421195190426,0.3351774812611588,178.52042273636104,1102.021888656,141.009563421,185224.36742449
Dg3mAgpwDfVNnbGWcsxL8sUcSkEbjSJQhKAWNigG44Ju,EATxwd8YA2wV93VJcKMmH2Kn2Y9XfJVUB9hHVu3udwEy,GiGvrRi7NMHfHKanG2B8xyCEqe8jaafWins8bhrLVEaa,0.004100716000000004,0.004138392000000046,0.7614213216820321,185.6800913991682,0.00030456852867281285,184.12072869829038,0.202204939,0.257367616,84.932144556145
