0,1,2,3,4,5,6,7,8,9,10,11
BSC8REUo9LpiiWUuqMuLXs2D2yJsJfGd4HdiF3wCLxk5,AZjEH1zWVx1UJ6udMyRijGTzPteuLnaY18yNNmprJEsh,Caf8ypkSVR8xYnXNhjvfvdGCC7mrM3C11rz8Xi6NA6aK,308.10137661900035,307.9326182910004,308.96528154894077,1.0028039632260675,0.12358611261957632,0.9999994020003576,2635.853088909,3721.491606629,6364.733305217967
YAkoNb6HKmSxQN9L8hiBE5tPJRsniSSMzND1boHmZxe,CfWX7o2TswwbxusJ4hCaPobu2jLCb1hfXuXJQjVq3jQF,EnTrdMMpdhugeH6Ban6gYZWXughWxKtVGfCwFn78ZmY3,4842552.885325,4841403.445482002,4842552.885325,1.0,484.2552885325,0.9992944980843523,526093.423973,925933.869527,1451374.0453812857
STK75uPSyBnEhGTTzb1nwmP3n427XoXmfRhXxxhyady,6TYyD5fUmDe6N65avW1Ny2RxzRNobw2RRgKwH9CTzSAU,54zDfk4cx2vGrEajPtodWpArNe5eUurytyxd4X3aZAxK,581.2718465479985,654.3291924139992,89501.63307172358,153.97551696894885,8.950163307172359,173.59453524403054,1592.689755641,279.947010059,293832.49960011983
B2izdXFYb2sNwbWWHmh75T4aQFtfXsUxem9u2p61HGzf,4DYwgJtxwuJdAjkj5RJSNH4e7U329V5cNp7d3a1nLrZv,EXNW64GEf1ACC6xY9BtKRiunrs6GoJSXBdxWN2eTPmrF,4817.281742999996,4772.455340000006,4866.826032005814,1.0102846982279605,0.48668260320058143,1.0,10222.311008,29716.016812,40043.46120390964
SRMuKizofcAMicegrfSv7xs9q76tH1w8aAF7oX9FEWu,72Hj2KWntXPfbie4UgKeTPnm1XVkomDfCnRPKbvfTtPi,6aqJQ5wedqpUt4fFEDUqUmXhrdxCu4bEJsQdVPCADLko,19.483007000000725,19.534013000000414,1.1751442631864237,0.060316370218743955,0.00047005770527456956,0.060494750265571946,16948.215891,4942.927552,1321.2760320678103
KEN5P7p3asnb23Sw6yAmJRGvijfAzso3RqfyLAQhznt,9zj4aX38Uxf3h6AUjS4EipWS8mwbEofasHAf3a1uKGds,CwQDG1MWunn9cLNwcZLd8YBacweSR7ARo32w4mLua1Yr,35060.8977150002,35060.23894500011,35044.14661291923,0.9995222283748368,3.504414661291923,1.0,1146694.299806,1143135.288295,2289281.7301018164
KwnjUuZhTMTSGAaavkLEmSyfobY16JNH4poL9oeeEvE,J63v6qEZmQpDqCD8bd4PXu2Pq5ZbyXrFcSa3Xt1HdAPQ,BnKQtTdLw9qPCDgZkWX3sURkBAoKCUYL1yahh6Mw7mRK,185.76791299999945,8465.073416,4.300199496127704,0.02314823602571084,0.0004300199496127705,1.0,275952.651595,609.780456,6997.59756704181
BUSDgu5JdqP1rndBvXvanbEufS94FNh1w5FJcAj6vawb,Bgzr8cWubt89JQFXndVjtdKmDbGzuPxNhvjH1EhWCwbo,Dxaf8xPBBQsasRKW5Aa4Sw2YrbfGofY9xZueyyF23FBW,6599.953837430006,6616.195317460002,6586.018809531858,0.9978886173689399,2.6344075238127433,1.0,8884.02343847,6197.40682429,15062.672689978084
vEnkoSUkpnbRrPgBz9DfcVxNz67zjwMYBZraAvDDNSf,DtfyjjsZ5yCjWKLKHvwsfXs5QVsmm1QkK6Sh9JZHoq1g,e5wrKCRv4GhHvEf1VD5Pq2KGaZDXP77nTL612Jyrxwy,1165.063822,1164.473246,1164.7132433137624,0.9996990905737372,0.11647132433137625,0.9992246017090737,963.768931,983.881714,1946.5977376444134
WiiQFxXqp8P9Fs1rt9SVcDyA3KUdJmUsog6wnVQAwba,3S2jpqSYxho6wiz3cafhjXruVY8cg4HYa2v3BqBHYFSj,Dfe67M6TfrG74gKRtdqys4e6E9QirPD53BkF4FujFjuv,12754.762196994,12748.67665582,12754.530485438672,0.999981833330034,1.2754530485438673,0.9999994020003576,12856.770095154,13960.500592242,26817.02877432249
daob129AwBGn9Y5r91uLoWZeYiGzbPmksauMhFZKTze,6VW5GQNyj4LStgmxEHLr5zUfW92vQnmbw8jTnCH7a38F,4VPCCUifPeBA1c7HWK358CHn2nyjm8pdTRk6Ps3KmnMQ,11.941528403999854,10.695766187000025,2055.675227670435,172.14506871514706,0.8222700910681742,154.08341860566526,48.45917324,223.914609956,42843.536285053626
RoBgmK8CvjdHvPrqdDyVw54VwjZv2TqJ493xnqJAQHx,ExiHJxM7qPAcy27NDHAF6G7vnW7muNHi2sVJpnaNynGQ,6rkPHSqZb7StM4HwS9EuVrmfkV7tRdc7dnsFhyB6cefE,2.8276209999999473,49.508772000000434,0.0,0.0,0.0,0.953285211495857,6235.720863,19.483804,18.573622216883823
ALBpShJ9NLpE739pcHDF2LNVk5J4VYPvvKuV6jMPitZi,D6d156U1bPiJpDYRLextvDRccgFk7QzkQbJg42ceKEu5,GNcM8U5g8RwTZffwwm3kSQqUNPSwv5d2fbN9sLxPJqt2,6670.736026999992,6677.205369999996,6661.529792826305,0.9986199072881278,2.664611917130522,0.999449303433808,53893.59992,46422.446807,100216.103880483
GokA1R67GqSavkd15zR62QD68Tuc5AEfvjssntVDEbM8,3YB7hfpBdbQEuZqLGWVDpRPmeZWCUsrrWyqGXegnQ6Cg,4DPCj6Z1DsG6HUtwSogBGqXEUxdEV5a8YVrrFtcnz7UW,6121.193098999995,6121.806733000005,6120.838090390753,0.999942003363805,0.6120838090390753,1.0,16370.174216,16048.854598,32418.079398961545
Lid8SLUxQ9RmF7XMqUA8c24RitTwzja8VSKngJxRcUa,4PgzyzLtds9bKZ2to9PMnKqJzKEUpjvNUaeN23phegax,AtymwxoVN9peZo7EXTcDz9jKVc4vRmisJKKrNfe3ewBa,91.32788979200984,77.23017575799838,16575.250488804206,181.49166181932688,1.6575250488804207,153.9983041706745,968.008124243,7674.998170454,1357622.1058864167
Sid7E679i9ABqptiAVhkmQ27YHN8vaYT4fppPwmxFsJ,GP7KB8o1bv527HG8kTzzzf4wJ5aEGHvcMQvVhLziUfmT,9gYxhAZ1M9wu5pxr8SBoa5NDm21gi3s9vMHaYTME77sa,885.837129999989,1824.9885599999743,8.320939460629488,0.009393306262325662,0.003328375784251795,0.023031233715478314,130992.197787,10509.757335,1472.5025092637763
MATgk4zXLXtYkwBH678J1xZbRDZ45LicNzkRBHkxTuY,y8dALFo1bJrSzPYjMX14HJX448pXqYmrfXHD1K8MXih,GN7Yuet3UyiWS5YVkEHv6oQKi4HGBJc3XDPt9zQhAqZz,672.8068670000002,672.1986549999997,673.4998983954491,1.0010300599316697,0.2693999593581797,1.0,3657.344888,4407.061662,8068.173834425426
AURHmCnNwiW4uA2Qj1XvEh4iKgRUZYXtiY7FKAapUV5Y,BKWm4TRnTeKwfWXRyuzjRHU7iZDkPuXBX5b5V5jSVfGJ,A5Ww74HVrkj9nPeC7pHKLfgeDMEhBCpW1efQdz3TGLEg,0.015594278999969902,0.01393815699998413,2.6251355344590266,168.3396542067827,0.0010500542137836107,153.38712517555155,289.942123379,1795.272017173,324180.3704118811
BSCuChvaSj9b5HUSqgDVRzcnr2sSn7cXaamt1jbKH6hn,GnKpRj5kBVPMJfiwZtEuD9GYApLzPdW5JFuZTcyX4BTc,3dmwD9okkomV9nDwyuh4UMhKdUR13QpuKxRo89ycZB5t,2.861450596000168,2.8549935540002025,2.868162785276784,1.0023457295701692,0.0011472651141107135,0.9994722786368796,1304.258617512,1809.020487692,3115.383884452568
BUSDTd9WiT6uBHJRgNvFXBsA7JrifsAtWzKfioN7ERcy,DyBxrn7gSc1EwnpWhDyhzvMHPtxpmBqRqotapLcKcfTM,Cds99GeBgoCpqBsoRWu1C6fF9LiUMd4pXQQD24s9LPff,592.20460609,593.23221186,591.0448932631326,0.998041702453947,0.059104489326313264,0.9994692818113581,96.18295618,77.5794407,173.53286921269643
MiMUFdSLMyCLpqpH6zkqdDrGYs7XBomwENbivdYjv9V,,,0.012163421999999993,0.017581999999999987,0.0,0.0,0.0,0.9994692818113581,96.18295618,77.5794407,77.53826787975585
heyk4SZTeCUV6a65WiVA5bzic3KcxgVf1qxobfeV4tQ,9ZDpBKPqMABtGfq66FbVribaArMvtk63xxy91onZAtDt,DaTP4s6N7xxSPinbNZ3FB52EpRDRt87QShTuN3VPCW52,82.32379061000302,71.38608042099975,14574.596226855223,177.03990691949855,5.829838490742089,153.38712517555155,623.899876602,4494.845880206,799906.6637526746
BerKDkt6v49dT1bHRedgnpsJS263C1DSJtEGvY9Mg35V,78XKqNb8wbfsMMrvo8WPUpdx7GEkfQutpNVH943aCGFa,DKYQwn4nDvFHCszi5tXbqfVMAP7DaXXp1KGTXEnYnKVH,0.07210667200001808,0.07202401100016687,0.07224890039058908,1.0019724719866556,2.8899560156235635e-05,0.9999994020003576,1338.388229411,1686.819933395,3027.847087378066
KysFMBBoavfov2tLpvefWW6tPFt6rAeZWDJVy1mMQae,B8ka2V21TH3x64dFV8ETcjuQcwmrciJ2qzy1mJUttRew,7fSf7EYxBANyxzk2s5pymFgshA91tFYQNKKs5UnLWcYS,38.40694100000019,51.444599000009475,0.0,0.0,0.0,0.02308094253429257,134544.081283,2580.886114,59.569284084787654
AUSejoEUCh2DBs9mof6BNC8Pubs22w4cJa1ccV9h44R,4xkyD7AfGQDwsQMy9MosRRNGoVJ1zosNinesxg1TzHG7,Cbm5gsQe3nSiCsFrvepVzMCD9xLK3ri9g3ypS2hdmVJ7,675.7109429999982,674.6226590000006,676.8521156670128,1.0016888473967107,0.06768521156670128,1.0,13830.068624,15047.880773,28901.306272391972
FrnkTEL6yZ5Aycq2TrEgu29dCrwKG4LPUZydfiwqspkc,DjvZuMZ46fxKBoBpGMPcRcos4xdTtHFxwMh69DpA2ZFY,9rvDPJLAng4uVVqnnSoEXgNDFhBZQTny9AoQioYDZbQX,50.67296302199955,42.24220383699995,9330.293328595033,184.12764464837605,3.732117331438013,153.43803228612387,172.559162429,1439.149110229,252593.11978041206
MAR3XM1n9xWPQ3HJjAcC85o8DopWFP5p2WxGTaZ3fPB,6qG7GUhER8Cg9gDEgnebph9LdS6eu2eoWcA4R7z9uizK,4QV4CwRXVMY227KkFF9voNAfwWHVvVajXSXDKbUHkWZR,0.3040820000000011,0.006998999999999991,0.289651283409268,0.9525433383405363,0.0001158605133637072,0.02308977964384246,0.115505,24.125989,0.6670872879947908
Dg3mAgpwDfVNnbGWcsxL8sUcSkEbjSJQhKAWNigG44Ju,EATxwd8YA2wV93VJcKMmH2Kn2Y9XfJVUB9hHVu3udwEy,GiGvrRi7NMHfHKanG2B8xyCEqe8jaafWins8bhrLVEaa,0.00045585000000000764,0.0004610159999999808,0.0838729370541763,183.99240332165164,3.354917482167053e-05,181.9636865988476,0.198226173,0.261388851,84.03538893532036
SEQV6QiTpvTzrceiaYg9Avnwf7oc8ZALpnQMz6TyT4A,3dFMPj4r9mMmPHF32mz1gNDX7f8ftidWof7S8YiYTs1j,Fc1ED3YPeQfXQosHbd8DTaBd2AV5gHQtwiSAL5C5pUhi,601.4944499700005,599.9999999999999,599.7952223078644,0.9971749902892356,0.23991808892314573,0.9986288825442666,4159.510217876,1470.150089824,5615.893902491771
TETFuZgEmET6d9vYmz9iMFCxK1jKdKYxf3oPz8hSzJK,Eu1Ze6Z84LWNkq7SNoAHBJbXx5t1P95EwyqYohrfCRFV,ASMbv7WNu3qe4pkhREmvyEdwFNDZQ6B6iSrjkj4u8bdC,138.01294391199997,138.0998196980001,137.7162121605898,0.9978499715823803,0.05508648486423593,0.9990129751805217,219.856999394,132.897270441,352.1503981341241
ALLwa5WNZbvQsRKAqe1jdRGemdYQnW8E5k4msbRFcYtu,CGoM82Hbz7QVqTgvQatYtjvDWBvoUJp5qm21P8iMs9yb,3dxNNww8TivyN5FMy5dCNdi3Zcxv6e4kUfSPxfFwpdNq,2.8174789350000005,2.813536865,8531.35180923543,3028.0090840272524,3.412540723694172,3029.9633071443504,2.937653245,5.718699848,26222.691415594112
ionytDfEj1mXodptgrsKEZro7DGsfpzANUfarJdm6Qb,3gkSjY95an9xNFSjCfsay6JZez7uv7yfW3Ad4ubc4fMK,9wXqANaSuEqkKL9yHzCPEDGHwbkStVAqV5rB3QDs3Jr6,0.02031090300000002,0.07565330600000042,15.261028627244736,751.3712525358779,0.006104411450897894,3031.7729808391946,3.17013297,0.079600045,2623.2760460787667
parEAJhzYzHW87y9VoZAQ22dzQ2MD2ekEtTReaxbMcz,3oyc6hpjYSJEquK6dSvG72NXyz3pqLZz5D8AC71pwgQb,Di2vordgFJVZ1aj1aBpvzXtLfZgJsuLLXawGtVFwX6Rz,4.429256083999974,5.219770194000375,664.1299664235623,149.941650206822,0.26565198656942496,176.99055525300003,1102.493808635,140.614440769,190197.16895783154
BkwbeSfcX1h4thMDd7obGkHrPevf3QwgzJ4pCEqG18Lu,35yX27bmurdebhfAb8EPmjLETDiUaEUCn9zHaDPbakH2,2CxECn1ZJFoESyUnQysQU8rRgT3iJ5GRs2Mdd6gZjx5g,1.829999995095477e-06,1.1200000000766153e-06,0.003982069795229083,2175.9944294542606,1.5928279180916332e-06,1336.8983957219252,0.80136202,22.09433868,31281.645227325094
Lee1XZJfJ9Hm2K1qTyeCz1LXNc1YBZaKZszvNY4KCDw,9DgFSWkPDGijNKcLGbr3p5xoJbHsPgXUTr6QvGBJ5vGN,2hNHZg7XBhuhHVZ3JDEi4buq2fPQwuWBdQ9xkH7t1GQX,1248.5536593659917,1052.0207917889902,227588.5345816701,182.2817408562466,22.758853458167014,153.51746115279025,6710.010714368,53862.541010289,9491952.98131668
NorjjEePhxfwLF4vZjUHCrVVKLzQjEEGQFd3wgjEJmh,34M8pFVqgbV7aqHxvRT5tCv3vu2P1JJYT8J3VaxBK2oG,3AZWBSze3ucsY3xSeuLne3b2pauVqiaJ1SZSV5T9WGWw,1.2049870000000737,2.0832120000050054,0.6975294456115511,0.5788688555241744,0.00027901177824462046,1.0,38235.101644,2193.762303,24326.871832512763
ercAoEmXjQzEvAFbdjAo81KtMxRGn9AW1ju882upmPH,CMRhskR2Eg6V42RTSdRTXGdozyPbWB8U9dVpijPWb9T4,7TKLLgrWswt6ZJ1pXhVR3FyufHGjJFqiEXxvWJfDcgRm,24.315994330000024,24.747682392999934,3725.071167167284,153.1942768456502,1.4900284668669137,149.9532745596472,277.232947764,788.095439359,160647.99274789984
ZUCKWFa4LTL833dPhhpeeRWZcaAEoMeYJPi2iKn4F8N,7eEYpq6ShaJ9opZWMxitRFrdCHh6vfyHhGfoSvFht3N2,H8VggnHmuwd1wvwpT8eg9cUJFEfZ7HAaeYjgXrSm7A2u,0.0011523939999733557,0.0011523939999733557,0.001153743119105994,1.0011707099591542,4.614972476423977e-07,0.9999994020003576,1849.447104349,1997.706962338,3849.3180382029414
HDSBGqAuMRr6X2AfmmbXQPpRgU6VEhtfNVVZ3wUTZXg,DCZ1d8kNLgDcdSd99y4udLgwq46mfDXNS9KXj96kQf5L,Fq8GGYQM5Pz3q7LmVMbrXHJgsxA5ev86kTq8yGgGuYsa,1.519565689000956,1.5269172379994416,1.5112955232320866,0.9945575463905699,0.0006045182092928347,0.9999994020003576,13523.369623677,12879.734392416,26329.4960021964
DFWzVTzNBrQZLjoQ4yQwkj9HuoXmfkuZP9V5vbymZe23,DhgiEgiNdqZdRdo195UUHnoEJUtefK8buko8nU97XJUZ,2K2kkXsouBHtWVjtcgkyiXd8eP3oVBvq1bTJzcVdLLr2,1827.7339336159966,1829.4377201560055,1807.5136114274621,0.9889369443677557,0.7230054445709849,0.9999994020003576,42741.041133397,25238.142373444,67506.32189860207
BkMBnJpvHKtWhUvrgRrLesXfi9RUV3ELgdBaJcdH7hcY,5uerVwBnZQsuVhZ15igs7ZgmcqhHnYWbwoRtLyRqLvR,9YWiQh5d4jCtgMdzcGLv9bWgnLaFtzvDDh2nnhJdzhBX,0.0011618900000485155,0.0011618900000485155,0.0011683000406150557,1.0055169082841513,4.6732001624602234e-07,0.9999994020003576,986.482241645,1887.575048349,2879.4984932758957
SoN9GaFpSXfpyR5dth3x7PHPVhvJMpQqqDJfCSmPv1t,9kZ9iS68ViMPtoeqtnhAKuF2iqVyfHPdZHoUNdwCELr,BBhm5fJLjw3HRzjtKB8uMEYjGhY6EDm9co3cqpjrSzB9,0.34111848000000045,0.3352955909999997,62.776572779889115,184.03157981909698,0.02511062911195565,175.72793098812693,1.511739425,2.47142934,712.5069591591154
RajgMbScQbqqrdJfR2rxfHJiTiY5b6bJ2tTXiF4aPxy,725ZA3fhyBAKb5iopNRrcbSuQa3LXA1656Q3mBvYPxeg,GLA6i1dSZpUfk2f9Nj8uiG7xyDdAR2reff8oEiZH3617,2106.484819459991,2108.964273320016,2103.3278295542214,0.9985012994745536,0.8413311318216885,1.0,129509.96083544,54414.00527999,183729.86946907538
HEDSDjj84KS7LKhZY7ejkCACTdPen62rKhCby1wXtgxc,EnnjMSFttpCTywBrYNt1J5QQeoSVkvzPipJDa8Y7kJow,6bjVT6JN2rSvpyn9PdfLYC8wJn4LWh49jpY47fnLDXZk,52.41922008800066,54.004757319999044,50.59928596897233,0.9652811675569944,0.020239714387588936,0.9999994020003576,39032.996080085,9133.55362297,46811.36419054024
BSCNHw8CmxbZ8hCWWzMf5FaG2ajPT6JxfznKUNuRVrn4,7n9kgNL633yGzCYksgnzHyjG73ZLBAwvEae5sbAekbzW,SscdxE99omdG9AiMVwmaEMQySQnCgeAh1sPj2Leutm2,31.730192722000083,31.90494365199993,31.926068827857847,1.0061731773132898,0.01277042753114314,0.9997631251230014,3859.7070645,7845.378568905,11727.053916407998
KZMu9QBEdL97EFgamLbN5DE1AoKBG4HdrKKJo4Vuon3,DD4ACBWyVqdaKWh7v5btsgqQCCMwbKnuL2xd9pv7Gyuw,GcYqiJ1MAuYbNTNYXm1F1gQYTfTgkErACAhNU5dpVj9T,31.717886620000286,32.770017269999926,30.488631053746133,0.9612440897786985,0.012195452421498453,1.0,2379.04022943,720.50133563,3007.3396955153466
MiMuMS9C4vBqcrYeeQPph1E7oAW9aNKvW9k6Zw9XffM,Afy2q2hh6Y474pshJa5fnQ6PfEchGyTbKrQpCZw2hr3m,5pXz9ksgjeL8Wgb37bksUaBFMLdFfsNNY3FQnikkCPtS,0.801911466999627,0.012163422000000423,0.0,0.0,0.0,0.02309745724943607,26.015093477,7673.149676041,177.23024661088124
wrmcMSHFi3sWpAEy4rGDvQb3ezh3PhXoV2xNjgLBkKU,8p4mGnARWPBu6P2Gcw4adodLkNDorrXniZMhaY7eJXUn,AyY89zccbsgp9LKFgH4CFZMJmpSgqmPSdTfukhP227rc,0.004652710000000018,0.043426750000001846,1.5753688109676671,338.59166184173546,0.0006301475243870669,3027.8257183516516,27.03273054,0.10108039,9459.110962121451
Cob4usZcpHEY7Qt4ZCwj6WVg9S44zvzYV2v9qYF65dTf,NhFM9UXE48PyNAyeyPYA3iXztqKVJwA4bTdLj4ysM8w,6TuFuynuBoeskxyR2cz4wxyidk8dpDK7kAWw3UkjQGx,16.31399399999998,1806.3285419999884,0.15261137723006524,0.00935462997167128,6.10445508920261e-05,1.0,70471.487081,192.497638,851.732323196168
JSoLLrxK5bYdHwTEWYaGgmeycBCNXKDiBCTw5hXGBg7,xG4wXczA7Dk4hccJ61CHKpDHW4NrNfQwgmWgkb9BuF2,BVR6WgfhsRr9Lob4QDnkEAiNGgAbv7ZieKcY9kSg3QYR,3.380630863000121,2.8814763990000216,602.3028731256146,178.16286294893033,0.24092114925024588,153.23883298821394,17.14394485,164.578003422,28274.15547663213
C98Sspw7XqnMsgxea3SLQVdbMDL8pKUc3RE82UvX9eq2,CSqgQJurPCzGxb4Cgwx5R61hWQUiaoUHcShNc8r1cKEL,6S2CR5EnukPhC914XkAns8m5GixjMAoUuZMsS5ubHuWc,15.980191999999988,15.979248000000098,0.0,0.0,0.0,1.0,875.873797,887.855165,887.855165
KEVpg4SYCVrqFxKijQH6hm4QxsRdoE51ud64bEEFUC9,2bPenuBYfqzD8p5dFjCcggwkHDsc2RQDnx9AoyYGUBjA,AE6n6iLuX8oYu61vt5hoDYkjswpnxFxrhSehxrnQTnbx,917.058552984,916.0509600199998,918.1958441294765,1.0012401510697173,0.36727833765179063,0.9997960016238286,2273.129911762,5371.975342498,7646.828404504977
KEnkcdADoLR5jS2CLLLesy8TtFsyWL37BhXNfDMzWzP,3qsjFRuw1qeLMPo4DLwaQevenGAGBj9dA3Q6rb8ax2YR,77iEv8zPQAEyCcEbvBRSB6AFcUdfkhiqnAKtPxk76rNN,1.8378119999999996,0.016936000000000007,0.017206700558907956,0.009362601048914666,6.882680223563182e-06,0.999284512289201,116.271322,0.324539,1.4129087976497199
SAMyS8Jr2HJrkFwYVKbpUwsNStnQmvz3f8Tup8bWUWF,6jPzm5TFfquvgm25sTyN3MMGBfufRaFHMxobDWv6hMFW,Cj9ECoDmxsHTDzCY5ZA6RWrPbg9uFzEC1Qc2kso2vJG6,1435.3616804000048,32.912178930000096,1379.7329319793257,0.9612440897786985,0.5518931727917303,0.0231012974335475,512.15926562,107569.67931486,2977.3092237865267
SoNcU2iwHMw6dGzsYNQkYFkUjwN1UdAjrWVRnStrZu2,8ivTTid27jZnYNc4w3CTA1Z6QS2twsFb8WMwUabeDJgc,CyXm53PMvHCbeXJBykU46Rcbo28xk5srhMZFg7gv6EYB,3.6093114290000017,3.5762082370000012,657.0912265773292,182.05445540048157,0.26283649063093173,180.04973333734245,15.173582347,19.516362033,6276.334050414131
SERgf3DMJpQxUifu7VoFKmfne73d2fDJxSrxUMrcNJB,AJfM2GZ2tTB8UtN2krcyR9xufRJEx2mhSCbJyMgPo3GU,F4yRYkufQvERZcEKnKjJwRLU1btiMBUuEwq46hfm11QD,1.6145711239999976,1.6150301580000033,245.42284501025387,152.00497603489546,0.09816913800410154,153.55909284044552,29.284858487,27.960780594,8745.076315627113
MATSnbbiTCv7Dc3trJrkrqjx7ckKdr6fwPoVwv9q3sD,631WX9JizSHJm4w6VanZeJAst9T8DeUUnPLesdGkCVtK,211maUSfpnXbPuW1iBu8b4dtJv5EbN1j7JJiEX5TZKEP,934.5176680000004,934.3308709999947,933.6512396496056,0.9990728603855622,0.37346049585984226,0.9989620784005419,21063.056608,24492.292448,45510.39958246555
C2ypsDADXcCRz8HbV2zX1AXPSja7a1P3xZtRC91xGhJh,J9bYNuDpY1d1T86gLaw7DGk5D3CsUAf2tzUwxMvb6FTv,A2NGvvPrMGzsJ4jb52KEnSBVmsA7C34dV1GC7PerdgvG,1070.476923972003,1077.0743308369974,164451.1888167713,153.6242259259316,65.78047552670853,154.2825836716879,3531.795520526,2063.753475817,860970.5712799524
MARpDPs5A7XiyCWPNH8GsMWPLxmwNn9SBmKvPa9LzgA,6YjT74rmcfCpw8LSjPNx5JTmZoYLGrTKnf9arfSgZ4SR,F8GSmi3vA8M8TsybLya1LQ4n1aFHCRbZ6k437PeTdXtg,20061.421556999994,21055.559987000073,19074.742358996198,0.950817084661704,7.62989694359848,1.0,296457.655311,15685.997139,297563.00068744936
