0,1,2,3,4,5,6,7,8,9,10,11
RoBgmK8CvjdHvPrqdDyVw54VwjZv2TqJ493xnqJAQHx,ExiHJxM7qPAcy27NDHAF6G7vnW7muNHi2sVJpnaNynGQ,6rkPHSqZb7StM4HwS9EuVrmfkV7tRdc7dnsFhyB6cefE,15.158738000000255,186.91361499999996,0.0,0.0,0.0,0.9447143703337014,6196.77369,20.208502,19.091262242317345
B2izdXFYb2sNwbWWHmh75T4aQFtfXsUxem9u2p61HGzf,4DYwgJtxwuJdAjkj5RJSNH4e7U329V5cNp7d3a1nLrZv,EXNW64GEf1ACC6xY9BtKRiunrs6GoJSXBdxWN2eTPmrF,1901.7500559999844,1885.4360139999953,1917.9277767972694,1.008506754473988,0.19179277767972694,1.0,11327.747416,28393.68628,39817.796062011264
JSoLLrxK5bYdHwTEWYaGgmeycBCNXKDiBCTw5hXGBg7,xG4wXczA7Dk4hccJ61CHKpDHW4NrNfQwgmWgkb9BuF2,BVR6WgfhsRr9Lob4QDnkEAiNGgAbv7ZieKcY9kSg3QYR,2.5697225389998835,2.184115487000007,437.61701158411876,170.29737839106784,0.1750468046336475,145.19842599098288,17.062603959,164.675416433,26816.327988223995
wrmcMSHFi3sWpAEy4rGDvQb3ezh3PhXoV2xNjgLBkKU,8p4mGnARWPBu6P2Gcw4adodLkNDorrXniZMhaY7eJXUn,AyY89zccbsgp9LKFgH4CFZMJmpSgqmPSdTfukhP227rc,0.003297819999999979,0.03006408000000249,1.0370503144654022,314.4654088050314,0.0004148201257861609,2927.486167627858,27.05093072,0.09908869,8796.662756764748
heyk4SZTeCUV6a65WiVA5bzic3KcxgVf1qxobfeV4tQ,9ZDpBKPqMABtGfq66FbVribaArMvtk63xxy91onZAtDt,DaTP4s6N7xxSPinbNZ3FB52EpRDRt87QShTuN3VPCW52,21.488217979000183,18.58156710500009,3604.624296041896,167.74887054685462,1.4418497184167582,145.18600941153787,620.835117955,4498.426170151,757252.9341094259
BUSDTd9WiT6uBHJRgNvFXBsA7JrifsAtWzKfioN7ERcy,DyBxrn7gSc1EwnpWhDyhzvMHPtxpmBqRqotapLcKcfTM,Cds99GeBgoCpqBsoRWu1C6fF9LiUMd4pXQQD24s9LPff,530.33101406,533.2772096099999,528.2972597967959,0.9961651228962934,0.05282972597967959,0.9995092409626873,107.39814599,66.49775078,173.45140370680616
RajgMbScQbqqrdJfR2rxfHJiTiY5b6bJ2tTXiF4aPxy,725ZA3fhyBAKb5iopNRrcbSuQa3LXA1656Q3mBvYPxeg,GLA6i1dSZpUfk2f9Nj8uiG7xyDdAR2reff8oEiZH3617,4695.256040069995,4704.371238089996,4686.692655850005,0.9981761624612356,1.874677062340002,1.0,133294.0310849,50639.06386121,183689.98828852415
BSCuChvaSj9b5HUSqgDVRzcnr2sSn7cXaamt1jbKH6hn,GnKpRj5kBVPMJfiwZtEuD9GYApLzPdW5JFuZTcyX4BTc,3dmwD9okkomV9nDwyuh4UMhKdUR13QpuKxRo89ycZB5t,115.37547119199985,115.16600370100014,115.52824204237294,1.0013241189725575,0.046211296816949174,0.9994982518775575,1320.32107964,1681.365715435,3002.59143517556
KysFMBBoavfov2tLpvefWW6tPFt6rAeZWDJVy1mMQae,B8ka2V21TH3x64dFV8ETcjuQcwmrciJ2qzy1mJUttRew,7fSf7EYxBANyxzk2s5pymFgshA91tFYQNKKs5UnLWcYS,149.39080699999977,198.4361950000166,0.0,0.0,0.0,0.02323998968237418,134179.061563,2859.592955,66.45691076998989
MiMuMS9C4vBqcrYeeQPph1E7oAW9aNKvW9k6Zw9XffM,Afy2q2hh6Y474pshJa5fnQ6PfEchGyTbKrQpCZw2hr3m,5pXz9ksgjeL8Wgb37bksUaBFMLdFfsNNY3FQnikkCPtS,0.7926694390007469,0.012026306999999292,0.0,0.0,0.0,0.023256394281652656,26.019090237,7672.886734602,178.44367917836647
MAR3XM1n9xWPQ3HJjAcC85o8DopWFP5p2WxGTaZ3fPB,6qG7GUhER8Cg9gDEgnebph9LdS6eu2eoWcA4R7z9uizK,4QV4CwRXVMY227KkFF9voNAfwWHVvVajXSXDKbUHkWZR,0.20823000000000036,0.0049949999999999994,0.1980104810619139,0.9509219663925158,7.920419242476557e-05,0.02323900080662572,0.117321,24.052142,0.6705108633582127
SAMyS8Jr2HJrkFwYVKbpUwsNStnQmvz3f8Tup8bWUWF,6jPzm5TFfquvgm25sTyN3MMGBfufRaFHMxobDWv6hMFW,Cj9ECoDmxsHTDzCY5ZA6RWrPbg9uFzEC1Qc2kso2vJG6,1526.2263675099966,36.07166932999996,1466.3459600397525,0.9607657102871721,0.586538384015901,0.023256394281652656,514.40680474,107477.44615235,2993.7622832367247
SQDY9uoDoCbNq7F3HAHYYQZbrUzpKxDtdWLvYcqBLak,GiehZ4X2uQjhEKuxSm3ACmEFrabxh3RTvjbLfLjw1xGX,rxDQYV77NKRKYxCjq4cECX3QQsiSyLv1T1FT2X3zNA2,20.94158567400001,21.0,21.01565893658402,1.0035371372415212,0.008406263574633609,0.9999859481974559,148.810775491,257.869638935,407.2031550286804
FrnkTEL6yZ5Aycq2TrEgu29dCrwKG4LPUZydfiwqspkc,DjvZuMZ46fxKBoBpGMPcRcos4xdTtHFxwMh69DpA2ZFY,9rvDPJLAng4uVVqnnSoEXgNDFhBZQTny9AoQioYDZbQX,18.66829349100135,15.547841458999784,3253.7807073779118,174.29449076030045,1.3015122829511647,145.08159606585136,172.346618587,1439.419425119,238872.3337253356
daob129AwBGn9Y5r91uLoWZeYiGzbPmksauMhFZKTze,6VW5GQNyj4LStgmxEHLr5zUfW92vQnmbw8jTnCH7a38F,4VPCCUifPeBA1c7HWK358CHn2nyjm8pdTRk6Ps3KmnMQ,9.278376285000036,8.322130746000028,1503.1752495497033,162.00843804748726,0.6012700998198813,145.21257378250874,48.26755579,224.136013789,40367.118761560414
Lid8SLUxQ9RmF7XMqUA8c24RitTwzja8VSKngJxRcUa,4PgzyzLtds9bKZ2to9PMnKqJzKEUpjvNUaeN23phegax,AtymwxoVN9peZo7EXTcDz9jKVc4vRmisJKKrNfe3ewBa,28.960667645998114,24.51691036800071,4978.614908716572,171.9095350139324,0.49786149087165726,145.25015999305123,966.697092964,7676.564924528,1281206.7312354986
C2ypsDADXcCRz8HbV2zX1AXPSja7a1P3xZtRC91xGhJh,J9bYNuDpY1d1T86gLaw7DGk5D3CsUAf2tzUwxMvb6FTv,A2NGvvPrMGzsJ4jb52KEnSBVmsA7C34dV1GC7PerdgvG,19.426125415999877,19.557197180000003,2821.647824719061,145.25015999305123,1.1286591298876245,144.89181724911003,2938.641619971,1660.786343251,667472.5167991687
Sid7E679i9ABqptiAVhkmQ27YHN8vaYT4fppPwmxFsJ,GP7KB8o1bv527HG8kTzzzf4wJ5aEGHvcMQvVhLziUfmT,9gYxhAZ1M9wu5pxr8SBoa5NDm21gi3s9vMHaYTME77sa,1616.218281999998,4106.333594000011,13.87530011693425,0.008585040938754996,0.005550120046773701,0.023205689125310514,133187.401678,9663.156353,1367.659498229023
moFiBS1R4Lf3E3zzmBPnw3NF4RhWPkhREFviuzUaCAU,44ALBrpqi9PfZkBRTvbtRNtFJGsatfY4QydjtMbFWq8S,2ho8qEEie1UjVwWNBo9y4oAJZMyMLx8zPj9bxyUz6uWs,1522.4657052850016,1520.4985664369997,1524.0602960434253,1.001047373844211,0.6096241184173701,0.9999859481974559,27776.083768312,36645.629995887,64450.29077067574
NorjjEePhxfwLF4vZjUHCrVVKLzQjEEGQFd3wgjEJmh,34M8pFVqgbV7aqHxvRT5tCv3vu2P1JJYT8J3VaxBK2oG,3AZWBSze3ucsY3xSeuLne3b2pauVqiaJ1SZSV5T9WGWw,56.3172669999999,98.4310850000038,31.90619113257173,0.5665436700359019,0.012762476453028693,1.0,38235.101644,2131.798662,23793.65347158751
parEAJhzYzHW87y9VoZAQ22dzQ2MD2ekEtTReaxbMcz,3oyc6hpjYSJEquK6dSvG72NXyz3pqLZz5D8AC71pwgQb,Di2vordgFJVZ1aj1aBpvzXtLfZgJsuLLXawGtVFwX6Rz,2.37227936199983,2.792368257000305,337.39050670453804,142.22208063223974,0.1349562026818152,168.06027851621596,1103.680696168,139.611852424,180430.97176519406
MiMUFdSLMyCLpqpH6zkqdDrGYs7XBomwENbivdYjv9V,,,0.008960880000000004,0.013226000000000071,0.0,0.0,0.0,168.06027851621596,1103.680696168,139.611852424,23463.20680254228
ercAoEmXjQzEvAFbdjAo81KtMxRGn9AW1ju882upmPH,CMRhskR2Eg6V42RTSdRTXGdozyPbWB8U9dVpijPWb9T4,7TKLLgrWswt6ZJ1pXhVR3FyufHGjJFqiEXxvWJfDcgRm,30.357583753000036,30.683018552999968,4406.124907182444,145.1408301474921,1.7624499628729775,131.80714716347066,51.808086678,379.198729825,57500.57149504307
GokA1R67GqSavkd15zR62QD68Tuc5AEfvjssntVDEbM8,3YB7hfpBdbQEuZqLGWVDpRPmeZWCUsrrWyqGXegnQ6Cg,4DPCj6Z1DsG6HUtwSogBGqXEUxdEV5a8YVrrFtcnz7UW,7028.7066650000015,7029.300932999999,7028.671521642394,0.9999950000249999,0.7028671521642393,1.0,17080.672528,15340.115324,32420.702449064374
MATSnbbiTCv7Dc3trJrkrqjx7ckKdr6fwPoVwv9q3sD,631WX9JizSHJm4w6VanZeJAst9T8DeUUnPLesdGkCVtK,211maUSfpnXbPuW1iBu8b4dtJv5EbN1j7JJiEX5TZKEP,2414.4789100000016,2412.794587000004,2415.6674183698397,1.0004922421831541,0.9662669673479358,0.9985501052471811,20192.986375,25364.4263,45530.576766097
BUSDgu5JdqP1rndBvXvanbEufS94FNh1w5FJcAj6vawb,Bgzr8cWubt89JQFXndVjtdKmDbGzuPxNhvjH1EhWCwbo,Dxaf8xPBBQsasRKW5Aa4Sw2YrbfGofY9xZueyyF23FBW,9864.69945126,9902.824345260002,9842.48378426087,0.9977479631174884,3.9369935137043477,1.0,8954.52353423,6134.37450515,15068.732122115594
Cob4usZcpHEY7Qt4ZCwj6WVg9S44zvzYV2v9qYF65dTf,NhFM9UXE48PyNAyeyPYA3iXztqKVJwA4bTdLj4ysM8w,6TuFuynuBoeskxyR2cz4wxyidk8dpDK7kAWw3UkjQGx,224.95200900000333,7595.438304999971,1.931222206520211,0.008585040938754996,0.0007724888826080844,1.0,71611.738675,182.306725,797.0964332202994
TETFuZgEmET6d9vYmz9iMFCxK1jKdKYxf3oPz8hSzJK,Eu1Ze6Z84LWNkq7SNoAHBJbXx5t1P95EwyqYohrfCRFV,ASMbv7WNu3qe4pkhREmvyEdwFNDZQ6B6iSrjkj4u8bdC,128.50374531,128.34349207,128.26107241099373,0.9981115499908517,0.0513044289643975,0.9994842661186828,37.487461682,214.148030455,251.4542555447207
AURHmCnNwiW4uA2Qj1XvEh4iKgRUZYXtiY7FKAapUV5Y,BKWm4TRnTeKwfWXRyuzjRHU7iZDkPuXBX5b5V5jSVfGJ,A5Ww74HVrkj9nPeC7pHKLfgeDMEhBCpW1efQdz3TGLEg,0.001055755999914254,0.000943207999966944,0.17179172337389934,162.71915422488894,6.871668934955975e-05,144.6879413886512,289.931973439,1795.283382565,306933.34233333124
SoN9GaFpSXfpyR5dth3x7PHPVhvJMpQqqDJfCSmPv1t,9kZ9iS68ViMPtoeqtnhAKuF2iqVyfHPdZHoUNdwCELr,BBhm5fJLjw3HRzjtKB8uMEYjGhY6EDm9co3cqpjrSzB9,1.074072391000001,1.0692299879999998,187.4120611599154,174.48736484644937,0.07496482446396616,169.41692454746197,0.847318588,1.373925151,380.61256124636157
ACUSESXyNnwRLAg1dpSGMLSzUDdLjUMybY8rkXiAKhCP,AhFPQdu8GKBsxuhiH46UmCu1YpaLgNpoP325HnYtsgas,A8wxWpT3aFEr2XqZp1kDmbxbFfcBE95UUmdsNTDBJYbT,456.0780002649999,456.2596428070001,456.0715915469955,0.9999859481974559,0.1824286366187982,0.9879012348269508,1045.180416672,1840.979146512,2863.8713021330327
ALLwa5WNZbvQsRKAqe1jdRGemdYQnW8E5k4msbRFcYtu,CGoM82Hbz7QVqTgvQatYtjvDWBvoUJp5qm21P8iMs9yb,3dxNNww8TivyN5FMy5dCNdi3Zcxv6e4kUfSPxfFwpdNq,2.779155010000002,2.7623829309999994,8142.135206398506,2929.7161105088917,3.2568540825594026,2880.615760424949,0.813359319,7.854687892,25009.24963542106
KwnjUuZhTMTSGAaavkLEmSyfobY16JNH4poL9oeeEvE,J63v6qEZmQpDqCD8bd4PXu2Pq5ZbyXrFcSa3Xt1HdAPQ,BnKQtTdLw9qPCDgZkWX3sURkBAoKCUYL1yahh6Mw7mRK,298.7758470000467,10961.095896000159,6.948448899667816,0.023256394281652656,0.0006948448899667816,1.0,275900.394784,611.03269,7027.481053560328
HEDSDjj84KS7LKhZY7ejkCACTdPen62rKhCby1wXtgxc,EnnjMSFttpCTywBrYNt1J5QQeoSVkvzPipJDa8Y7kJow,6bjVT6JN2rSvpyn9PdfLYC8wJn4LWh49jpY47fnLDXZk,14.51536205499906,14.985414157010382,14.063173113199637,0.9688475602547103,0.005625269245279855,0.9999859481974559,38851.912726328,9036.812146485,46678.266019116905
YAkoNb6HKmSxQN9L8hiBE5tPJRsniSSMzND1boHmZxe,CfWX7o2TswwbxusJ4hCaPobu2jLCb1hfXuXJQjVq3jQF,EnTrdMMpdhugeH6Ban6gYZWXughWxKtVGfCwFn78ZmY3,2179591.238067001,2178662.945882995,2179591.238067001,1.0,217.95912380670012,0.9995741813987241,353835.457136,1094654.232481,1448023.5654828444
vEnkoSUkpnbRrPgBz9DfcVxNz67zjwMYBZraAvDDNSf,DtfyjjsZ5yCjWKLKHvwsfXs5QVsmm1QkK6Sh9JZHoq1g,e5wrKCRv4GhHvEf1VD5Pq2KGaZDXP77nTL612Jyrxwy,429.2888270000003,429.2189329999999,428.16062375640223,0.9973719249776839,0.04281606237564022,0.9997020887775444,850.269233,1097.699473,1945.4071176746183
KEN5P7p3asnb23Sw6yAmJRGvijfAzso3RqfyLAQhznt,9zj4aX38Uxf3h6AUjS4EipWS8mwbEofasHAf3a1uKGds,CwQDG1MWunn9cLNwcZLd8YBacweSR7ARo32w4mLua1Yr,28887.407972000772,28888.139522999525,28518.68983117353,0.9872360254272511,2.8518689831173534,1.0,1153976.487461,1148636.28214,2287883.443057498
MiMy69CnJDY4V6cQWkU3HHfTyb8pqXJmhX4MisFYDnM,,,0.003065426999999999,0.004398999999999986,0.0,0.0,0.0,1.0,1153976.487461,1148636.28214,1148636.28214
TSMFNX73aQNb3yqszDKgyR8AVoigfbaD4cfLjjCYXZf,C5uYkVHiFduEFq8S3fr4pgUS24oYj1sjZ8WW2cb4j8SU,3F5DPU5ScgHiFzePYUHZovvgh3uqmM5keNvbavx2ERqV,79.15751300000011,126.895795000004,0.0,0.0,0.0,0.05500538860289449,2998.681215,82215.148803,4522.276208953811
WiiQFxXqp8P9Fs1rt9SVcDyA3KUdJmUsog6wnVQAwba,3S2jpqSYxho6wiz3cafhjXruVY8cg4HYa2v3BqBHYFSj,Dfe67M6TfrG74gKRtdqys4e6E9QirPD53BkF4FujFjuv,6281.334652415,6269.234591164,6304.909503467061,1.0037531595364046,0.6304909503467061,0.9999859481974559,4836.988255653,21991.760416915,26846.593637292208
KEVpg4SYCVrqFxKijQH6hm4QxsRdoE51ud64bEEFUC9,2bPenuBYfqzD8p5dFjCcggwkHDsc2RQDnx9AoyYGUBjA,AE6n6iLuX8oYu61vt5hoDYkjswpnxFxrhSehxrnQTnbx,290.3019157970007,290.57672587299976,291.0263969094671,1.0024956125779516,0.11641055876378685,0.9999859481974559,1751.024845852,5774.284789348,7529.598375719921
C98Sspw7XqnMsgxea3SLQVdbMDL8pKUc3RE82UvX9eq2,CSqgQJurPCzGxb4Cgwx5R61hWQUiaoUHcShNc8r1cKEL,6S2CR5EnukPhC914XkAns8m5GixjMAoUuZMsS5ubHuWc,21.014859,21.00151500000004,0.0,0.0,0.0,1.0,849.589882,914.194899,914.194899
MATgk4zXLXtYkwBH678J1xZbRDZ45LicNzkRBHkxTuY,y8dALFo1bJrSzPYjMX14HJX448pXqYmrfXHD1K8MXih,GN7Yuet3UyiWS5YVkEHv6oQKi4HGBJc3XDPt9zQhAqZz,2877.2768089999995,2880.180497000001,2877.173230763692,0.9999640012959534,1.1508692923054769,1.0,4295.684054,3770.081473,8065.610887941063
KEnkcdADoLR5jS2CLLLesy8TtFsyWL37BhXNfDMzWzP,3qsjFRuw1qeLMPo4DLwaQevenGAGBj9dA3Q6rb8ax2YR,77iEv8zPQAEyCcEbvBRSB6AFcUdfkhiqnAKtPxk76rNN,1.7844709999999955,2.7051589999999934,0.015306573782345661,0.008577653423533192,6.122629512938264e-06,0.9982660119372648,119.371175,0.296798,1.3202079237208861
SEQV6QiTpvTzrceiaYg9Avnwf7oc8ZALpnQMz6TyT4A,3dFMPj4r9mMmPHF32mz1gNDX7f8ftidWof7S8YiYTs1j,Fc1ED3YPeQfXQosHbd8DTaBd2AV5gHQtwiSAL5C5pUhi,789.7011385960004,789.9891617599997,788.4442677620967,0.9984084221581113,0.31537770710483876,0.9981504272582903,3206.787240457,2340.169119223,5537.524195150531
MARpDPs5A7XiyCWPNH8GsMWPLxmwNn9SBmKvPa9LzgA,6YjT74rmcfCpw8LSjPNx5JTmZoYLGrTKnf9arfSgZ4SR,F8GSmi3vA8M8TsybLya1LQ4n1aFHCRbZ6k437PeTdXtg,10619.310252999976,11181.123726000307,10044.303982891392,0.9458527666666351,4.017721593156557,1.0,296714.184789,15454.522394,296102.4549859109
STK75uPSyBnEhGTTzb1nwmP3n427XoXmfRhXxxhyady,6TYyD5fUmDe6N65avW1Ny2RxzRNobw2RRgKwH9CTzSAU,54zDfk4cx2vGrEajPtodWpArNe5eUurytyxd4X3aZAxK,367.5043955719996,415.42979360799404,53318.38727837039,145.08231172414514,5.33183872783704,163.66518358732807,1600.416398105,280.400641834,278083.93328206945
Lee1XZJfJ9Hm2K1qTyeCz1LXNc1YBZaKZszvNY4KCDw,9DgFSWkPDGijNKcLGbr3p5xoJbHsPgXUTr6QvGBJ5vGN,2hNHZg7XBhuhHVZ3JDEi4buq2fPQwuWBdQ9xkH7t1GQX,998.293383894872,840.8390241750021,171835.39837741968,172.12915676852293,17.183539837741968,145.12084139902876,6696.908150016,53880.896242049,8971974.150798421
KZMu9QBEdL97EFgamLbN5DE1AoKBG4HdrKKJo4Vuon3,DD4ACBWyVqdaKWh7v5btsgqQCCMwbKnuL2xd9pv7Gyuw,GcYqiJ1MAuYbNTNYXm1F1gQYTfTgkErACAhNU5dpVj9T,34.67980403999968,36.008945470000754,33.31916656111023,0.9607657102871721,0.013327666624444094,1.0,2383.26823924,716.46359246,3006.2259951382766
CZgvH45CRmoaNJ7395Ao5CQZXkGznvqU7cErD6n7FaRg,4ZjU6MKvtqVQKCiowhvZ5yUsPxXX5SCzd5eFsPeXyey5,BsyWeshjDbCvjDojry3vKDCesmFRM37WtwcR4Kfgzqr,46.50035693999993,45.446550249999916,47.5014786279565,1.0215293334037916,0.019000591451182602,1.0,246.30186366,558.11661098,809.7211895807113
AUSejoEUCh2DBs9mof6BNC8Pubs22w4cJa1ccV9h44R,4xkyD7AfGQDwsQMy9MosRRNGoVJ1zosNinesxg1TzHG7,Cbm5gsQe3nSiCsFrvepVzMCD9xLK3ri9g3ypS2hdmVJ7,371.2591160000011,370.31558699999914,372.3788592297048,1.0030160693204466,0.03723788592297048,1.0,13378.937407,15500.149114,28919.438323653427
DA1mL7dfBow33EH5yjUuZE6SH2KeUK5zEXzsyhE5r5j5,B4UtLRZND3D83CitRCBUyeiNr7H8m7YFRqBmiPmXjhW4,AAmpYbuixWiSqDaJBCqYEs1pb5SrbdPr9mgXrB58Q2e,5.798613044000376,4.423362916000002,7.558848771385621,1.303561509283069,0.0030235395085542486,0.9999864751829232,134.965989112,2907.263393381,3083.160541644131
ALBpShJ9NLpE739pcHDF2LNVk5J4VYPvvKuV6jMPitZi,D6d156U1bPiJpDYRLextvDRccgFk7QzkQbJg42ceKEu5,GNcM8U5g8RwTZffwwm3kSQqUNPSwv5d2fbN9sLxPJqt2,2023.4021710000015,2023.2216800000024,2015.4853445665442,0.9960873688152936,0.8061941378266178,0.9992026362962355,50992.69229,49322.754476,100076.60299376516
SoNcU2iwHMw6dGzsYNQkYFkUjwN1UdAjrWVRnStrZu2,8ivTTid27jZnYNc4w3CTA1Z6QS2twsFb8WMwUabeDJgc,CyXm53PMvHCbeXJBykU46Rcbo28xk5srhMZFg7gv6EYB,2.563398242000005,2.540318049000007,441.63117345552683,172.28348144257092,0.17665246938221071,170.39592344792743,15.245815244,19.44495214,5939.942703962592
BUSD5rCfUDpCxKGMvYU2yThChxgHoioK74PTPociGnv2,CcFHbafgYDZ8yA8Me1PdtDiVb2eeaS61LbqyKKK5CsNZ,26R9s4nmF3CFDTkiePDwRmtscn8i7r2eygbSijditJ58,57.74391324999999,58.62054714,57.518279393230635,0.9960925083862522,0.005751827939323064,1.0,104.52536887,43.49967897,147.61661583771658
BSC8REUo9LpiiWUuqMuLXs2D2yJsJfGd4HdiF3wCLxk5,AZjEH1zWVx1UJ6udMyRijGTzPteuLnaY18yNNmprJEsh,Caf8ypkSVR8xYnXNhjvfvdGCC7mrM3C11rz8Xi6NA6aK,56.557151037000494,56.45613852899987,56.63727454327683,1.0014166821490693,0.022654909817310734,0.9999865111819506,2696.67336728,3513.437713513,6213.884017692251
