0,1,2,3,4,5,6,7,8,9,10,11
wrmcMSHFi3sWpAEy4rGDvQb3ezh3PhXoV2xNjgLBkKU,8p4mGnARWPBu6P2Gcw4adodLkNDorrXniZMhaY7eJXUn,AyY89zccbsgp9LKFgH4CFZMJmpSgqmPSdTfukhP227rc,0.008811360000001808,0.07170146999999906,2.9489156626512076,334.67202141900935,0.001179566265060483,2947.8524894614275,27.02533823,0.10192357,9345.08022452583
AUSejoEUCh2DBs9mof6BNC8Pubs22w4cJa1ccV9h44R,4xkyD7AfGQDwsQMy9MosRRNGoVJ1zosNinesxg1TzHG7,Cbm5gsQe3nSiCsFrvepVzMCD9xLK3ri9g3ypS2hdmVJ7,696.6691380000029,694.110646000001,699.0178379354661,1.0033713276609408,0.06990178379354663,1.0,13206.288236,15673.677568,28924.488528828384
CZgvH45CRmoaNJ7395Ao5CQZXkGznvqU7cErD6n7FaRg,4ZjU6MKvtqVQKCiowhvZ5yUsPxXX5SCzd5eFsPeXyey5,BsyWeshjDbCvjDojry3vKDCesmFRM37WtwcR4Kfgzqr,4.8730704799999955,4.986014000000068,4.989609802388502,1.023914967548039,0.001995843920955401,1.0,236.51912528,568.12026098,810.2957334655619
GokA1R67GqSavkd15zR62QD68Tuc5AEfvjssntVDEbM8,3YB7hfpBdbQEuZqLGWVDpRPmeZWCUsrrWyqGXegnQ6Cg,4DPCj6Z1DsG6HUtwSogBGqXEUxdEV5a8YVrrFtcnz7UW,7243.667425000003,7242.616441999999,7244.645452136041,1.0001350182274606,0.7244645452136041,1.0,14091.852464,18332.07437,32425.829490941323
KEVpg4SYCVrqFxKijQH6hm4QxsRdoE51ud64bEEFUC9,2bPenuBYfqzD8p5dFjCcggwkHDsc2RQDnx9AoyYGUBjA,AE6n6iLuX8oYu61vt5hoDYkjswpnxFxrhSehxrnQTnbx,104.68321157100013,104.99862600000051,104.98422854515428,1.0028755038141908,0.04199369141806171,0.9990111797333111,1533.892907235,5992.252185788,7524.630547523897
daob129AwBGn9Y5r91uLoWZeYiGzbPmksauMhFZKTze,6VW5GQNyj4LStgmxEHLr5zUfW92vQnmbw8jTnCH7a38F,4VPCCUifPeBA1c7HWK358CHn2nyjm8pdTRk6Ps3KmnMQ,15.350184332999845,13.715882887,2758.7723112806457,179.72242231318575,1.1035089245122582,160.74190748885295,48.318459772,224.102333392,44706.547174799
MARpDPs5A7XiyCWPNH8GsMWPLxmwNn9SBmKvPa9LzgA,6YjT74rmcfCpw8LSjPNx5JTmZoYLGrTKnf9arfSgZ4SR,F8GSmi3vA8M8TsybLya1LQ4n1aFHCRbZ6k437PeTdXtg,20678.407297,21740.845038000145,19635.50663319131,0.9495657161197326,7.854202653276525,1.0,296915.015897,15296.568856,297236.8885529366
SoN9GaFpSXfpyR5dth3x7PHPVhvJMpQqqDJfCSmPv1t,9kZ9iS68ViMPtoeqtnhAKuF2iqVyfHPdZHoUNdwCELr,BBhm5fJLjw3HRzjtKB8uMEYjGhY6EDm9co3cqpjrSzB9,3.4642483259999994,3.099527089000001,670.003484387272,193.40515498231986,0.26800139375490883,188.82977467887136,0.844332404,1.377973444,423.500654396203
C98Sspw7XqnMsgxea3SLQVdbMDL8pKUc3RE82UvX9eq2,CSqgQJurPCzGxb4Cgwx5R61hWQUiaoUHcShNc8r1cKEL,6S2CR5EnukPhC914XkAns8m5GixjMAoUuZMsS5ubHuWc,51.3685049999998,51.37354099999993,0.0,0.0,0.0,1.0,896.835998,867.045955,867.045955
FrnkTEL6yZ5Aycq2TrEgu29dCrwKG4LPUZydfiwqspkc,DjvZuMZ46fxKBoBpGMPcRcos4xdTtHFxwMh69DpA2ZFY,9rvDPJLAng4uVVqnnSoEXgNDFhBZQTny9AoQioYDZbQX,81.91029200300144,68.17889893899994,15844.318088978449,193.43500922201406,6.33772723559138,161.02631733617383,171.85922993,1440.099643193,265137.5338669045
BkwbeSfcX1h4thMDd7obGkHrPevf3QwgzJ4pCEqG18Lu,35yX27bmurdebhfAb8EPmjLETDiUaEUCn9zHaDPbakH2,2CxECn1ZJFoESyUnQysQU8rRgT3iJ5GRs2Mdd6gZjx5g,0.007244960000000078,0.011600000000001387,16.011669024045435,2210.04243281471,0.006404667609618174,1375.515818431912,0.81391717,22.07407933,32162.036778232366
heyk4SZTeCUV6a65WiVA5bzic3KcxgVf1qxobfeV4tQ,9ZDpBKPqMABtGfq66FbVribaArMvtk63xxy91onZAtDt,DaTP4s6N7xxSPinbNZ3FB52EpRDRt87QShTuN3VPCW52,67.74603039100202,58.650497840000185,12451.325402431492,183.7941696445917,4.980530160972597,160.90042451968003,622.492573725,4496.653565316,837923.9732749882
STK75uPSyBnEhGTTzb1nwmP3n427XoXmfRhXxxhyady,6TYyD5fUmDe6N65avW1Ny2RxzRNobw2RRgKwH9CTzSAU,54zDfk4cx2vGrEajPtodWpArNe5eUurytyxd4X3aZAxK,773.1908862950038,872.9448133789991,124398.77554492741,160.89012137872538,12.43987755449274,181.6119696816978,1677.045292097,291.717187923,322799.3536918083
Sid7E679i9ABqptiAVhkmQ27YHN8vaYT4fppPwmxFsJ,GP7KB8o1bv527HG8kTzzzf4wJ5aEGHvcMQvVhLziUfmT,9gYxhAZ1M9wu5pxr8SBoa5NDm21gi3s9vMHaYTME77sa,697.9577020000088,1831.9410910000315,5.045638848614973,0.007229147030194832,0.0020182555394459892,0.02176473617374458,135717.102947,8784.239892,1172.3055554522139
7dwD9TF6uikvHXxPFK9AsSim54yJoujQjY9vU6gNFumk,CquVr6atkvwueDYficKjn6SSEWq4F4rH4VSiBbW4GBWU,8BCa6ge3b7ho3TfZuM64Vk1hgbrJ3J7EPiAb9uP86CGd,0.0008629410000000003,0.0008583410000000003,0.16438295885554213,190.4915386515904,6.575318354221686e-05,191.1540409104055,0.003913983,0.003595309,1.432838487597717
moFiBS1R4Lf3E3zzmBPnw3NF4RhWPkhREFviuzUaCAU,44ALBrpqi9PfZkBRTvbtRNtFJGsatfY4QydjtMbFWq8S,2ho8qEEie1UjVwWNBo9y4oAJZMyMLx8zPj9bxyUz6uWs,205.52456905299914,205.32499539499986,205.70740632130043,1.0008896127073457,0.08228296252852017,0.9999083144070188,28027.863964111,36393.60305909,64443.06419806603
ACUSESXyNnwRLAg1dpSGMLSzUDdLjUMybY8rkXiAKhCP,AhFPQdu8GKBsxuhiH46UmCu1YpaLgNpoP325HnYtsgas,A8wxWpT3aFEr2XqZp1kDmbxbFfcBE95UUmdsNTDBJYbT,410.158327567,410.3216573709999,410.12072195752086,0.9999083144070188,0.16404828878300834,0.9878309266202598,1045.343746476,1840.979146512,2863.824039702259
HEDSDjj84KS7LKhZY7ejkCACTdPen62rKhCby1wXtgxc,EnnjMSFttpCTywBrYNt1J5QQeoSVkvzPipJDa8Y7kJow,6bjVT6JN2rSvpyn9PdfLYC8wJn4LWh49jpY47fnLDXZk,28.132159453996792,28.786723630008055,27.254673940579487,0.9688084551471345,0.010901869576231796,0.9998093623496433,38847.09660378,9041.557937685,46675.229923983796
MATgk4zXLXtYkwBH678J1xZbRDZ45LicNzkRBHkxTuY,y8dALFo1bJrSzPYjMX14HJX448pXqYmrfXHD1K8MXih,GN7Yuet3UyiWS5YVkEHv6oQKi4HGBJc3XDPt9zQhAqZz,5385.788863999998,5378.809710000001,5395.3494231778695,1.0017751455579287,2.158139769271148,1.0,3262.774895,4810.866341,8079.43313636138
KZMu9QBEdL97EFgamLbN5DE1AoKBG4HdrKKJo4Vuon3,DD4ACBWyVqdaKWh7v5btsgqQCCMwbKnuL2xd9pv7Gyuw,GcYqiJ1MAuYbNTNYXm1F1gQYTfTgkErACAhNU5dpVj9T,23.03908404999993,23.32563571000003,22.133773322973784,0.9607054375485841,0.008853509329189515,1.0,2383.83494011,715.9706168,3006.13380598198
SUiuyGR7SFq3xeRVJonq84fjjeFwRSsFekcevJ53tzy,49GjCCPsv7fBqo6t3iKDrP1xxGDS8uWZbVCdfnp2gjMf,CEwj5xEbbJEjYqM8D6Ai8ByGz1mrh8mkAVsE5fzDSSSx,0.14810299999999987,18.44389799999999,0.0010706583626129442,0.007229147030194832,4.2826334504517773e-07,0.9482843639287801,665.005897,1.506777,6.236278474387116
B2izdXFYb2sNwbWWHmh75T4aQFtfXsUxem9u2p61HGzf,4DYwgJtxwuJdAjkj5RJSNH4e7U329V5cNp7d3a1nLrZv,EXNW64GEf1ACC6xY9BtKRiunrs6GoJSXBdxWN2eTPmrF,4888.377432000008,4829.360735000002,4889.991129072602,1.0003301089359489,0.4889991129072602,1.0,9661.819589,30080.956765,39745.965806983855
parEAJhzYzHW87y9VoZAQ22dzQ2MD2ekEtTReaxbMcz,3oyc6hpjYSJEquK6dSvG72NXyz3pqLZz5D8AC71pwgQb,Di2vordgFJVZ1aj1aBpvzXtLfZgJsuLLXawGtVFwX6Rz,2.752983349999994,3.1491369850002684,432.34876417862716,157.04735888745137,0.1729395056714509,185.55547143707517,1103.082235943,140.12585099,199237.2701314834
ALLwa5WNZbvQsRKAqe1jdRGemdYQnW8E5k4msbRFcYtu,CGoM82Hbz7QVqTgvQatYtjvDWBvoUJp5qm21P8iMs9yb,3dxNNww8TivyN5FMy5dCNdi3Zcxv6e4kUfSPxfFwpdNq,27.156247689999994,26.72975252400001,79993.65997996935,2945.6816307293507,31.997463991987736,2937.6253998842576,1.532324048,7.147259652,25509.71029380156
BUSDgu5JdqP1rndBvXvanbEufS94FNh1w5FJcAj6vawb,Bgzr8cWubt89JQFXndVjtdKmDbGzuPxNhvjH1EhWCwbo,Dxaf8xPBBQsasRKW5Aa4Sw2YrbfGofY9xZueyyF23FBW,11352.105157659997,11294.125549359997,11322.543468594147,0.9973959288911359,4.529017387437659,1.0,8826.92396538,6285.11089639,15089.048924091614
AURHmCnNwiW4uA2Qj1XvEh4iKgRUZYXtiY7FKAapUV5Y,BKWm4TRnTeKwfWXRyuzjRHU7iZDkPuXBX5b5V5jSVfGJ,A5Ww74HVrkj9nPeC7pHKLfgeDMEhBCpW1efQdz3TGLEg,0.014969343000302615,0.01338088800002879,2.683081380928533,179.23841954014233,0.0010732325523714133,159.5242349217693,290.117410807,1795.076096333,338358.32708800293
Lid8SLUxQ9RmF7XMqUA8c24RitTwzja8VSKngJxRcUa,4PgzyzLtds9bKZ2to9PMnKqJzKEUpjvNUaeN23phegax,AtymwxoVN9peZo7EXTcDz9jKVc4vRmisJKKrNfe3ewBa,71.71777222299806,60.57651954999949,13615.588819036533,189.84957838205634,1.3615588819036535,159.5242349217693,961.551500654,7657.829032167,1404159.4645099493
KEN5P7p3asnb23Sw6yAmJRGvijfAzso3RqfyLAQhznt,9zj4aX38Uxf3h6AUjS4EipWS8mwbEofasHAf3a1uKGds,CwQDG1MWunn9cLNwcZLd8YBacweSR7ARo32w4mLua1Yr,108965.91051000007,108972.31217499962,108759.48500745594,0.99810559557959,10.875948500745594,1.0,1124972.133989,1120835.269363,2243676.251168533
vEnkoSUkpnbRrPgBz9DfcVxNz67zjwMYBZraAvDDNSf,DtfyjjsZ5yCjWKLKHvwsfXs5QVsmm1QkK6Sh9JZHoq1g,e5wrKCRv4GhHvEf1VD5Pq2KGaZDXP77nTL612Jyrxwy,1298.807193,1299.0232539999997,1296.6573351383408,0.9983447444137621,0.1296657335138341,0.9982301379653874,1140.634226,808.251032,1945.566724009586
DFWzVTzNBrQZLjoQ4yQwkj9HuoXmfkuZP9V5vbymZe23,DhgiEgiNdqZdRdo195UUHnoEJUtefK8buko8nU97XJUZ,2K2kkXsouBHtWVjtcgkyiXd8eP3oVBvq1bTJzcVdLLr2,2005.1539940099974,2011.9143984620023,1997.4475099403608,0.996156662235091,0.7989790039761443,0.999908316406652,37512.631821968,30430.400479846,67796.0686188085
MATSnbbiTCv7Dc3trJrkrqjx7ckKdr6fwPoVwv9q3sD,631WX9JizSHJm4w6VanZeJAst9T8DeUUnPLesdGkCVtK,211maUSfpnXbPuW1iBu8b4dtJv5EbN1j7JJiEX5TZKEP,1643.3122619999958,1641.104119000007,1646.0001802944166,1.001635671050826,0.6584000721177667,0.9992545561011487,18002.17696,27564.115297,45575.19039512994
YAkoNb6HKmSxQN9L8hiBE5tPJRsniSSMzND1boHmZxe,CfWX7o2TswwbxusJ4hCaPobu2jLCb1hfXuXJQjVq3jQF,EnTrdMMpdhugeH6Ban6gYZWXughWxKtVGfCwFn78ZmY3,6654673.759504011,6655927.632201994,6654673.759504011,1.0,665.4673759504011,0.9996351331763906,859962.888676,616008.406782,1475746.5344273006
SAMyS8Jr2HJrkFwYVKbpUwsNStnQmvz3f8Tup8bWUWF,6jPzm5TFfquvgm25sTyN3MMGBfufRaFHMxobDWv6hMFW,Cj9ECoDmxsHTDzCY5ZA6RWrPbg9uFzEC1Qc2kso2vJG6,1050.3507210899988,24.477289319999954,1009.0776490842381,0.9607054375485841,0.4036310596336953,0.021795374440914863,493.86734424,108356.15438746,2836.124000891317
C2ypsDADXcCRz8HbV2zX1AXPSja7a1P3xZtRC91xGhJh,J9bYNuDpY1d1T86gLaw7DGk5D3CsUAf2tzUwxMvb6FTv,A2NGvvPrMGzsJ4jb52KEnSBVmsA7C34dV1GC7PerdgvG,120.58634348099963,121.52387865700439,19351.016561916967,160.47436221470667,7.740406624766788,161.001273359071,3925.318924389,2026.259329431,956143.3830747316
SoNcU2iwHMw6dGzsYNQkYFkUjwN1UdAjrWVRnStrZu2,8ivTTid27jZnYNc4w3CTA1Z6QS2twsFb8WMwUabeDJgc,CyXm53PMvHCbeXJBykU46Rcbo28xk5srhMZFg7gv6EYB,9.575066662999998,9.460789671999999,1826.1186091538348,190.7160204127171,0.7304474436615339,186.01280437740212,15.060880155,19.639687814,6525.584534453296
ercAoEmXjQzEvAFbdjAo81KtMxRGn9AW1ju882upmPH,CMRhskR2Eg6V42RTSdRTXGdozyPbWB8U9dVpijPWb9T4,7TKLLgrWswt6ZJ1pXhVR3FyufHGjJFqiEXxvWJfDcgRm,26.525115808999992,20.06702358999996,4259.328258933911,160.57717861079865,1.7037313035735644,138.84241524711868,37.536611796,346.575839536,54146.94984428659
KwnjUuZhTMTSGAaavkLEmSyfobY16JNH4poL9oeeEvE,J63v6qEZmQpDqCD8bd4PXu2Pq5ZbyXrFcSa3Xt1HdAPQ,BnKQtTdLw9qPCDgZkWX3sURkBAoKCUYL1yahh6Mw7mRK,373.54988499995466,10541.912309999678,8.120556464046556,0.021738880910236506,0.0008120556464046557,1.0,276702.820871,593.000555,6608.210225441173
WiiQFxXqp8P9Fs1rt9SVcDyA3KUdJmUsog6wnVQAwba,3S2jpqSYxho6wiz3cafhjXruVY8cg4HYa2v3BqBHYFSj,Dfe67M6TfrG74gKRtdqys4e6E9QirPD53BkF4FujFjuv,761.0267787140001,759.7954609040003,765.5515982296424,1.0059456771327921,0.07655515982296425,0.9999066607130357,3839.201088877,22995.419037798,26855.300400780896
BSC8REUo9LpiiWUuqMuLXs2D2yJsJfGd4HdiF3wCLxk5,AZjEH1zWVx1UJ6udMyRijGTzPteuLnaY18yNNmprJEsh,Caf8ypkSVR8xYnXNhjvfvdGCC7mrM3C11rz8Xi6NA6aK,618.4296434819998,619.2284527729998,618.3361869140373,0.999848880840452,0.24733447476561493,0.999908316406652,3217.241314922,2993.732450025,6210.213101994885
HDSBGqAuMRr6X2AfmmbXQPpRgU6VEhtfNVVZ3wUTZXg,DCZ1d8kNLgDcdSd99y4udLgwq46mfDXNS9KXj96kQf5L,Fq8GGYQM5Pz3q7LmVMbrXHJgsxA5ev86kTq8yGgGuYsa,25.036791459000142,25.134190798999953,24.888660300391308,0.9940834607800519,0.009955464120156523,0.9999083174064687,1870.477192725,1775.608124234,3634.855772930299
RajgMbScQbqqrdJfR2rxfHJiTiY5b6bJ2tTXiF4aPxy,725ZA3fhyBAKb5iopNRrcbSuQa3LXA1656Q3mBvYPxeg,GLA6i1dSZpUfk2f9Nj8uiG7xyDdAR2reff8oEiZH3617,8021.300952589983,8021.985944460015,8022.872954316652,1.0001959784000076,3.209149181726661,1.0,98937.22681344,84999.33060098,183955.9469738321
MAR3XM1n9xWPQ3HJjAcC85o8DopWFP5p2WxGTaZ3fPB,6qG7GUhER8Cg9gDEgnebph9LdS6eu2eoWcA4R7z9uizK,4QV4CwRXVMY227KkFF9voNAfwWHVvVajXSXDKbUHkWZR,0.3492810000000013,0.008387999999999993,0.33114046314783646,0.948063201685277,0.0001324561852591346,0.02172559397285096,0.11914,23.980107,0.6339343179563051
Cob4usZcpHEY7Qt4ZCwj6WVg9S44zvzYV2v9qYF65dTf,NhFM9UXE48PyNAyeyPYA3iXztqKVJwA4bTdLj4ysM8w,6TuFuynuBoeskxyR2cz4wxyidk8dpDK7kAWw3UkjQGx,13.558742999999936,1885.4508260000002,0.09801814669162451,0.007229147030194832,3.92072586766498e-05,1.0,74094.061674,162.820041,698.4569069056697
JSoLLrxK5bYdHwTEWYaGgmeycBCNXKDiBCTw5hXGBg7,xG4wXczA7Dk4hccJ61CHKpDHW4NrNfQwgmWgkb9BuF2,BVR6WgfhsRr9Lob4QDnkEAiNGgAbv7ZieKcY9kSg3QYR,3.1617352860000096,2.6904094019999825,596.309115787391,188.60184735509483,0.23852364631495637,160.5269650788035,17.071878351,164.667942832,29653.432903410925
BUSDTd9WiT6uBHJRgNvFXBsA7JrifsAtWzKfioN7ERcy,DyBxrn7gSc1EwnpWhDyhzvMHPtxpmBqRqotapLcKcfTM,Cds99GeBgoCpqBsoRWu1C6fF9LiUMd4pXQQD24s9LPff,618.9641155100002,619.7318273400001,617.4539096904448,0.9975601076351396,0.06174539096904448,0.9981417395606252,89.70417998,84.37693369,173.70545080829885
BSCNHw8CmxbZ8hCWWzMf5FaG2ajPT6JxfznKUNuRVrn4,7n9kgNL633yGzCYksgnzHyjG73ZLBAwvEae5sbAekbzW,SscdxE99omdG9AiMVwmaEMQySQnCgeAh1sPj2Leutm2,175.45667210800002,175.17036295199978,175.93975217275755,1.0027532726966357,0.07037590086910302,0.999908316406652,4843.24508185,6861.799461756,11717.750203621486
BUSD5rCfUDpCxKGMvYU2yThChxgHoioK74PTPociGnv2,CcFHbafgYDZ8yA8Me1PdtDiVb2eeaS61LbqyKKK5CsNZ,26R9s4nmF3CFDTkiePDwRmtscn8i7r2eygbSijditJ58,150.25054099,150.70893259999997,149.72713535113894,0.9965164475587753,0.014972713535113896,1.0,83.87875302,64.11630287,147.7028598551503
Lee1XZJfJ9Hm2K1qTyeCz1LXNc1YBZaKZszvNY4KCDw,9DgFSWkPDGijNKcLGbr3p5xoJbHsPgXUTr6QvGBJ5vGN,2hNHZg7XBhuhHVZ3JDEi4buq2fPQwuWBdQ9xkH7t1GQX,3270.6306393612977,2753.564333856968,624464.6800352645,190.93096986250106,62.44646800352645,160.7162803181218,6689.303843283,53912.822820277,9941863.61562785
ionytDfEj1mXodptgrsKEZro7DGsfpzANUfarJdm6Qb,3gkSjY95an9xNFSjCfsay6JZez7uv7yfW3Ad4ubc4fMK,9wXqANaSuEqkKL9yHzCPEDGHwbkStVAqV5rB3QDs3Jr6,0.004746517000000006,0.018736505999999764,3.4862025023595082,734.4759330598635,0.0013944810009438033,2948.721729130422,3.169047114,0.079872706,2563.1112197124635
