0,1,2,3,4,5,6,7,8,9,10,11
YAkoNb6HKmSxQN9L8hiBE5tPJRsniSSMzND1boHmZxe,CfWX7o2TswwbxusJ4hCaPobu2jLCb1hfXuXJQjVq3jQF,EnTrdMMpdhugeH6Ban6gYZWXughWxKtVGfCwFn78ZmY3,4829905.399204003,4827582.558373988,4829905.399204003,1.0,482.9905399204003,0.9952080731278892,316557.975896,1130533.369528,1441673.9121907407
ercAoEmXjQzEvAFbdjAo81KtMxRGn9AW1ju882upmPH,CMRhskR2Eg6V42RTSdRTXGdozyPbWB8U9dVpijPWb9T4,7TKLLgrWswt6ZJ1pXhVR3FyufHGjJFqiEXxvWJfDcgRm,8.678185551000013,7.538385999999996,1245.6126108475373,143.53376100652764,0.49824504433901495,128.63415609883478,47.737396509,369.713678375,54409.73507756079
STK75uPSyBnEhGTTzb1nwmP3n427XoXmfRhXxxhyady,6TYyD5fUmDe6N65avW1Ny2RxzRNobw2RRgKwH9CTzSAU,54zDfk4cx2vGrEajPtodWpArNe5eUurytyxd4X3aZAxK,229.34778071799974,258.8261171679969,32803.937929228305,143.03141642152275,3.2803937929228306,161.61430713279896,1513.991296346,264.619574012,259314.62867395158
C98Sspw7XqnMsgxea3SLQVdbMDL8pKUc3RE82UvX9eq2,CSqgQJurPCzGxb4Cgwx5R61hWQUiaoUHcShNc8r1cKEL,6S2CR5EnukPhC914XkAns8m5GixjMAoUuZMsS5ubHuWc,30.304035999999655,30.29997000000003,0.0,0.0,0.0,1.0,872.800636,891.016522,891.016522
SAMyS8Jr2HJrkFwYVKbpUwsNStnQmvz3f8Tup8bWUWF,6jPzm5TFfquvgm25sTyN3MMGBfufRaFHMxobDWv6hMFW,Cj9ECoDmxsHTDzCY5ZA6RWrPbg9uFzEC1Qc2kso2vJG6,611.3693716300068,128.77955316999248,585.6710400398792,0.9579659486022146,0.23426841601595172,0.021768044180182147,494.34433971,108334.5746002,2831.796850464818
RajgMbScQbqqrdJfR2rxfHJiTiY5b6bJ2tTXiF4aPxy,725ZA3fhyBAKb5iopNRrcbSuQa3LXA1656Q3mBvYPxeg,GLA6i1dSZpUfk2f9Nj8uiG7xyDdAR2reff8oEiZH3617,16073.788769480001,16079.903857320009,16060.793018201393,0.9991914942105447,6.424317207280558,1.0,100809.15280556,83123.25873676,183850.90675864663
WiiQFxXqp8P9Fs1rt9SVcDyA3KUdJmUsog6wnVQAwba,3S2jpqSYxho6wiz3cafhjXruVY8cg4HYa2v3BqBHYFSj,Dfe67M6TfrG74gKRtdqys4e6E9QirPD53BkF4FujFjuv,4630.275857568,4615.115436709999,4653.4949546074895,1.0050146249929233,0.465349495460749,1.0,4155.658794291,22677.013096626,26853.510961368913
KEVpg4SYCVrqFxKijQH6hm4QxsRdoE51ud64bEEFUC9,2bPenuBYfqzD8p5dFjCcggwkHDsc2RQDnx9AoyYGUBjA,AE6n6iLuX8oYu61vt5hoDYkjswpnxFxrhSehxrnQTnbx,167.8015558469997,167.4279876170001,168.23817749127753,1.002602011894788,0.06729527099651102,0.999993835038007,1654.593194717,5871.190642531,7530.052912754523
BUSD5rCfUDpCxKGMvYU2yThChxgHoioK74PTPociGnv2,CcFHbafgYDZ8yA8Me1PdtDiVb2eeaS61LbqyKKK5CsNZ,26R9s4nmF3CFDTkiePDwRmtscn8i7r2eygbSijditJ58,310.35900755,311.89302061,309.3869508767792,0.9968679604922884,0.030938695087677926,1.0,107.80198672,40.28921726,147.75356389858317
HEDSDjj84KS7LKhZY7ejkCACTdPen62rKhCby1wXtgxc,EnnjMSFttpCTywBrYNt1J5QQeoSVkvzPipJDa8Y7kJow,6bjVT6JN2rSvpyn9PdfLYC8wJn4LWh49jpY47fnLDXZk,79.47617190000165,82.0505265920001,76.97973547522378,0.9685888692787201,0.030791894190089517,1.0,38812.36703539,9075.158450093,46668.38515093207
BSCuChvaSj9b5HUSqgDVRzcnr2sSn7cXaamt1jbKH6hn,GnKpRj5kBVPMJfiwZtEuD9GYApLzPdW5JFuZTcyX4BTc,3dmwD9okkomV9nDwyuh4UMhKdUR13QpuKxRo89ycZB5t,830.8338536680001,831.0472068720001,828.6230583465247,0.9973390644691292,0.3314492233386099,0.9976286367304915,1756.106648155,1246.110157497,2994.5889392186764
JSoLLrxK5bYdHwTEWYaGgmeycBCNXKDiBCTw5hXGBg7,xG4wXczA7Dk4hccJ61CHKpDHW4NrNfQwgmWgkb9BuF2,BVR6WgfhsRr9Lob4QDnkEAiNGgAbv7ZieKcY9kSg3QYR,1.8911652510000465,1.6070320679999845,312.45744580841284,165.2195362849363,0.12498297832336515,143.58299592525816,17.110759092,164.619968306,26463.659921160026
AUSejoEUCh2DBs9mof6BNC8Pubs22w4cJa1ccV9h44R,4xkyD7AfGQDwsQMy9MosRRNGoVJ1zosNinesxg1TzHG7,Cbm5gsQe3nSiCsFrvepVzMCD9xLK3ri9g3ypS2hdmVJ7,860.2370599999995,858.1107009999996,862.8757339945548,1.0030673800481873,0.08628757339945547,1.0,13269.493373,15610.167911,28920.363863221894
Lee1XZJfJ9Hm2K1qTyeCz1LXNc1YBZaKZszvNY4KCDw,9DgFSWkPDGijNKcLGbr3p5xoJbHsPgXUTr6QvGBJ5vGN,2hNHZg7XBhuhHVZ3JDEi4buq2fPQwuWBdQ9xkH7t1GQX,2806.3538488958875,2363.4075994810237,479365.76067186915,170.81443983283415,47.93657606718692,143.77432032487246,6699.689296801,53888.350284149,8892164.609819267
BSCrK1Nx9PXU9mF7STWWBqeHLxmtJDr9h7jheEy4tAWX,FfSySSbVJPvEo5a5AvrP3nySoXpRE2QPn1uUMpJJ1x7v,HL7Vcj6838ZmvBHDbQxXfjBNckNi83WvPiZQoMQLFeRM,0.04421604400000001,0.04416793800000007,128.46965642478395,2905.4986562068716,0.051387862569913574,2898.5507246376815,0.840058405,0.964251245,5235.719711790324
SoNcU2iwHMw6dGzsYNQkYFkUjwN1UdAjrWVRnStrZu2,8ivTTid27jZnYNc4w3CTA1Z6QS2twsFb8WMwUabeDJgc,CyXm53PMvHCbeXJBykU46Rcbo28xk5srhMZFg7gv6EYB,6.074462509,6.026487357000004,1037.315321725986,170.76660201443116,0.41492612869039436,168.48790863372483,15.192726724,19.501767201,5880.22228834958
KysFMBBoavfov2tLpvefWW6tPFt6rAeZWDJVy1mMQae,B8ka2V21TH3x64dFV8ETcjuQcwmrciJ2qzy1mJUttRew,7fSf7EYxBANyxzk2s5pymFgshA91tFYQNKKs5UnLWcYS,57.21823899999754,68.71689000000424,0.0,0.0,0.0,0.02090851687526397,134145.943161,2885.542939,60.33242323438029
CZgvH45CRmoaNJ7395Ao5CQZXkGznvqU7cErD6n7FaRg,4ZjU6MKvtqVQKCiowhvZ5yUsPxXX5SCzd5eFsPeXyey5,BsyWeshjDbCvjDojry3vKDCesmFRM37WtwcR4Kfgzqr,4.9096679000000165,5.017635999999925,5.021089850442314,1.0226943965888806,0.0020084359401769253,1.0,241.39219576,563.13424698,810.0046929640381
B2izdXFYb2sNwbWWHmh75T4aQFtfXsUxem9u2p61HGzf,4DYwgJtxwuJdAjkj5RJSNH4e7U329V5cNp7d3a1nLrZv,EXNW64GEf1ACC6xY9BtKRiunrs6GoJSXBdxWN2eTPmrF,9676.185779000014,9598.384815000003,9693.750855550272,1.0018152893042194,0.9693750855550274,1.0,11538.61251,28183.517526,39743.075955874934
BSC8REUo9LpiiWUuqMuLXs2D2yJsJfGd4HdiF3wCLxk5,AZjEH1zWVx1UJ6udMyRijGTzPteuLnaY18yNNmprJEsh,Caf8ypkSVR8xYnXNhjvfvdGCC7mrM3C11rz8Xi6NA6aK,1983.360725212,1985.924390229,1980.363848521488,0.9984889906044743,0.7921455394085952,1.0,3537.427998324,2673.60103197,6205.6839433525365
heyk4SZTeCUV6a65WiVA5bzic3KcxgVf1qxobfeV4tQ,9ZDpBKPqMABtGfq66FbVribaArMvtk63xxy91onZAtDt,DaTP4s6N7xxSPinbNZ3FB52EpRDRt87QShTuN3VPCW52,62.79417424500298,54.16008287999989,10418.29074821433,165.91174059500264,4.167316299285733,143.93882254588627,617.877013573,4501.928152793,750515.2882947397
KZMu9QBEdL97EFgamLbN5DE1AoKBG4HdrKKJo4Vuon3,DD4ACBWyVqdaKWh7v5btsgqQCCMwbKnuL2xd9pv7Gyuw,GcYqiJ1MAuYbNTNYXm1F1gQYTfTgkErACAhNU5dpVj9T,26.55580150000003,26.837548800000036,25.439553574839643,0.9579659486022146,0.010175821429935858,1.0,2406.7569457,693.96993688,2999.561137422469
RoBgmK8CvjdHvPrqdDyVw54VwjZv2TqJ493xnqJAQHx,ExiHJxM7qPAcy27NDHAF6G7vnW7muNHi2sVJpnaNynGQ,6rkPHSqZb7StM4HwS9EuVrmfkV7tRdc7dnsFhyB6cefE,1.2901909999999965,70.59652899999946,0.0,0.0,0.0,0.9440802392676959,6229.892092,19.590011,18.494542272136794
MARpDPs5A7XiyCWPNH8GsMWPLxmwNn9SBmKvPa9LzgA,6YjT74rmcfCpw8LSjPNx5JTmZoYLGrTKnf9arfSgZ4SR,F8GSmi3vA8M8TsybLya1LQ4n1aFHCRbZ6k437PeTdXtg,13352.684086000043,14060.22452700027,12669.265876807418,0.9488179152003475,5.067706350722968,1.0,297106.566714,15099.584187,296999.6174089105
daob129AwBGn9Y5r91uLoWZeYiGzbPmksauMhFZKTze,6VW5GQNyj4LStgmxEHLr5zUfW92vQnmbw8jTnCH7a38F,4VPCCUifPeBA1c7HWK358CHn2nyjm8pdTRk6Ps3KmnMQ,12.68419766000008,11.327090882999954,2038.041836085774,160.67566043320087,0.8152167344343096,143.8462502231415,47.963242449,224.488687591,39998.38158449044
SoN9GaFpSXfpyR5dth3x7PHPVhvJMpQqqDJfCSmPv1t,9kZ9iS68ViMPtoeqtnhAKuF2iqVyfHPdZHoUNdwCELr,BBhm5fJLjw3HRzjtKB8uMEYjGhY6EDm9co3cqpjrSzB9,0.20100332599999993,0.19785168300000022,34.72222695350321,172.74453932918115,0.013888890781401285,164.43222457232412,0.839700514,1.381956508,372.29186133804745
Cob4usZcpHEY7Qt4ZCwj6WVg9S44zvzYV2v9qYF65dTf,NhFM9UXE48PyNAyeyPYA3iXztqKVJwA4bTdLj4ysM8w,6TuFuynuBoeskxyR2cz4wxyidk8dpDK7kAWw3UkjQGx,25.00644800000083,1488.7070600000052,0.20859238589037538,0.008341543984590232,8.343695435615016e-05,1.0,72075.224611,178.402567,779.6212232918768
ALLwa5WNZbvQsRKAqe1jdRGemdYQnW8E5k4msbRFcYtu,CGoM82Hbz7QVqTgvQatYtjvDWBvoUJp5qm21P8iMs9yb,3dxNNww8TivyN5FMy5dCNdi3Zcxv6e4kUfSPxfFwpdNq,9.887928714000001,9.549895650000002,28660.66293913044,2898.5507246376815,11.464265175652177,2871.896198183813,1.046397909,7.624244888,24929.077325260874
KwnjUuZhTMTSGAaavkLEmSyfobY16JNH4poL9oeeEvE,J63v6qEZmQpDqCD8bd4PXu2Pq5ZbyXrFcSa3Xt1HdAPQ,BnKQtTdLw9qPCDgZkWX3sURkBAoKCUYL1yahh6Mw7mRK,223.89146999998047,8078.759877999837,4.699106371798236,0.020988322475164623,0.00046991063717982364,1.0,276614.512198,594.881308,6400.555891321982
FrnkTEL6yZ5Aycq2TrEgu29dCrwKG4LPUZydfiwqspkc,DjvZuMZ46fxKBoBpGMPcRcos4xdTtHFxwMh69DpA2ZFY,9rvDPJLAng4uVVqnnSoEXgNDFhBZQTny9AoQioYDZbQX,35.7871505759997,29.81792279000021,6163.4302911164805,172.2246725965918,2.4653721164465923,143.60099601650836,172.075487368,1439.78876893,236390.74574558318
wrmcMSHFi3sWpAEy4rGDvQb3ezh3PhXoV2xNjgLBkKU,8p4mGnARWPBu6P2Gcw4adodLkNDorrXniZMhaY7eJXUn,AyY89zccbsgp9LKFgH4CFZMJmpSgqmPSdTfukhP227rc,0.0021169199999999944,0.02038841999999974,0.6279798279442286,296.6478789676654,0.00025119193117769143,2896.6196448744313,27.07968626,0.09607708,8311.430249489003
GokA1R67GqSavkd15zR62QD68Tuc5AEfvjssntVDEbM8,3YB7hfpBdbQEuZqLGWVDpRPmeZWCUsrrWyqGXegnQ6Cg,4DPCj6Z1DsG6HUtwSogBGqXEUxdEV5a8YVrrFtcnz7UW,4017.966010999997,4017.763409000003,4018.428130234974,1.000115013226521,0.4018428130234974,1.0,14701.469226,17720.96697,32424.127059410283
MATSnbbiTCv7Dc3trJrkrqjx7ckKdr6fwPoVwv9q3sD,631WX9JizSHJm4w6VanZeJAst9T8DeUUnPLesdGkCVtK,211maUSfpnXbPuW1iBu8b4dtJv5EbN1j7JJiEX5TZKEP,2838.853156999994,2834.534900999999,2839.003624192076,1.0000530028091488,1.1356014496768305,0.9973440727343085,18390.576471,27172.415788,45491.799051248774
KEN5P7p3asnb23Sw6yAmJRGvijfAzso3RqfyLAQhznt,9zj4aX38Uxf3h6AUjS4EipWS8mwbEofasHAf3a1uKGds,CwQDG1MWunn9cLNwcZLd8YBacweSR7ARo32w4mLua1Yr,87956.4808409987,87959.27811100031,87870.6312342828,0.9990239535973354,8.78706312342828,1.0,1143626.123696,1139772.796527,2282282.6880589733
vEnkoSUkpnbRrPgBz9DfcVxNz67zjwMYBZraAvDDNSf,DtfyjjsZ5yCjWKLKHvwsfXs5QVsmm1QkK6Sh9JZHoq1g,e5wrKCRv4GhHvEf1VD5Pq2KGaZDXP77nTL612Jyrxwy,1536.8808950000002,1536.5610590000006,1532.3971010822336,0.9970825364982062,0.15323971010822338,0.9956470311796823,1041.709742,906.587852,1941.312095195617
MATgk4zXLXtYkwBH678J1xZbRDZ45LicNzkRBHkxTuY,y8dALFo1bJrSzPYjMX14HJX448pXqYmrfXHD1K8MXih,GN7Yuet3UyiWS5YVkEHv6oQKi4HGBJc3XDPt9zQhAqZz,2085.4077449999995,2081.183487,2090.4876299407556,1.0024359192838599,0.8361950519763024,1.0,2967.28237,5103.046768,8077.557198345741
AURHmCnNwiW4uA2Qj1XvEh4iKgRUZYXtiY7FKAapUV5Y,BKWm4TRnTeKwfWXRyuzjRHU7iZDkPuXBX5b5V5jSVfGJ,A5Ww74HVrkj9nPeC7pHKLfgeDMEhBCpW1efQdz3TGLEg,0.004839590000074168,0.004322502000036366,0.7512109257789107,155.22201793279973,0.0003004843703115643,143.3296392507644,289.929623773,1795.286181719,302321.182038209
DFWzVTzNBrQZLjoQ4yQwkj9HuoXmfkuZP9V5vbymZe23,DhgiEgiNdqZdRdo195UUHnoEJUtefK8buko8nU97XJUZ,2K2kkXsouBHtWVjtcgkyiXd8eP3oVBvq1bTJzcVdLLr2,33.22984351400373,33.28850127599435,33.18416209690864,0.9986252894306938,0.013273664838763457,1.0,35500.717423506,32435.554473856,67887.46868590196
SQDY9uoDoCbNq7F3HAHYYQZbrUzpKxDtdWLvYcqBLak,GiehZ4X2uQjhEKuxSm3ACmEFrabxh3RTvjbLfLjw1xGX,rxDQYV77NKRKYxCjq4cECX3QQsiSyLv1T1FT2X3zNA2,59.31418524399999,59.100887009999994,59.44275528715118,1.0021676103721613,0.023777102114860473,1.0,169.752361165,236.93512352,407.0554416637601
BSCNHw8CmxbZ8hCWWzMf5FaG2ajPT6JxfznKUNuRVrn4,7n9kgNL633yGzCYksgnzHyjG73ZLBAwvEae5sbAekbzW,SscdxE99omdG9AiMVwmaEMQySQnCgeAh1sPj2Leutm2,8544.968266804,8391.188893772996,8567.15284913677,1.0025962158828552,3.4268611396547084,1.0,4921.163029866,6783.611005768,11717.550437254258
Lid8SLUxQ9RmF7XMqUA8c24RitTwzja8VSKngJxRcUa,4PgzyzLtds9bKZ2to9PMnKqJzKEUpjvNUaeN23phegax,AtymwxoVN9peZo7EXTcDz9jKVc4vRmisJKKrNfe3ewBa,60.43205000499984,51.076268068999866,10254.300747606974,169.683152346455,1.0254300747606975,143.34143212424834,966.034783436,7677.363733643,1264404.1398488996
BUSDTd9WiT6uBHJRgNvFXBsA7JrifsAtWzKfioN7ERcy,DyBxrn7gSc1EwnpWhDyhzvMHPtxpmBqRqotapLcKcfTM,Cds99GeBgoCpqBsoRWu1C6fF9LiUMd4pXQQD24s9LPff,507.3616300300001,506.5923419200001,505.69491017555254,0.9967149272712069,0.05056949101755526,0.9991916539519529,105.26470393,68.70898817,173.57234925276254
NorjjEePhxfwLF4vZjUHCrVVKLzQjEEGQFd3wgjEJmh,34M8pFVqgbV7aqHxvRT5tCv3vu2P1JJYT8J3VaxBK2oG,3AZWBSze3ucsY3xSeuLne3b2pauVqiaJ1SZSV5T9WGWw,19.738017000000127,34.79285399999935,11.182473931850378,0.5665449539257316,0.0044729895727401514,1.0,38235.101644,2131.806553,23793.710452245643
C2ypsDADXcCRz8HbV2zX1AXPSja7a1P3xZtRC91xGhJh,J9bYNuDpY1d1T86gLaw7DGk5D3CsUAf2tzUwxMvb6FTv,A2NGvvPrMGzsJ4jb52KEnSBVmsA7C34dV1GC7PerdgvG,519.0696139290005,522.7620238120016,74433.0210475237,143.39699155979648,29.77320841900948,143.02511563938162,3781.317552776,2040.995867281,834143.2311376955
BUSDgu5JdqP1rndBvXvanbEufS94FNh1w5FJcAj6vawb,Bgzr8cWubt89JQFXndVjtdKmDbGzuPxNhvjH1EhWCwbo,Dxaf8xPBBQsasRKW5Aa4Sw2YrbfGofY9xZueyyF23FBW,30747.70378466,30828.995751859984,30666.985824610758,0.9973748296583529,12.266794329844306,1.0,8837.29429665,6266.40315547,15080.498049232026
BkwbeSfcX1h4thMDd7obGkHrPevf3QwgzJ4pCEqG18Lu,35yX27bmurdebhfAb8EPmjLETDiUaEUCn9zHaDPbakH2,2CxECn1ZJFoESyUnQysQU8rRgT3iJ5GRs2Mdd6gZjx5g,0.0012019400000014002,0.0007404599999999428,2.5191566063074284,2095.908786049631,0.0010076626425229713,1283.697047496791,0.80210248,22.09313674,30042.02803822507
Sid7E679i9ABqptiAVhkmQ27YHN8vaYT4fppPwmxFsJ,GP7KB8o1bv527HG8kTzzzf4wJ5aEGHvcMQvVhLziUfmT,9gYxhAZ1M9wu5pxr8SBoa5NDm21gi3s9vMHaYTME77sa,562.6784690000022,1501.2069900000643,4.680907916587524,0.00831897464444744,0.0018723631666350093,0.022016544155973653,132723.915742,9835.912005,1320.6796807418305
parEAJhzYzHW87y9VoZAQ22dzQ2MD2ekEtTReaxbMcz,3oyc6hpjYSJEquK6dSvG72NXyz3pqLZz5D8AC71pwgQb,Di2vordgFJVZ1aj1aBpvzXtLfZgJsuLLXawGtVFwX6Rz,1.9539176420000217,2.313669439000023,272.9475431101409,139.69245030755388,0.10917901724405636,164.18150593844507,1104.539560368,138.889564892,177098.9355725382
