0,1,2,3,4,5,6,7,8,9,10,11
AUSejoEUCh2DBs9mof6BNC8Pubs22w4cJa1ccV9h44R,4xkyD7AfGQDwsQMy9MosRRNGoVJ1zosNinesxg1TzHG7,Cbm5gsQe3nSiCsFrvepVzMCD9xLK3ri9g3ypS2hdmVJ7,675.0114129999984,675.4677809999994,676.0830045622296,1.001587516213198,0.06760830045622296,1.0,13840.69877,15037.234199,28899.905302699364
KEnkcdADoLR5jS2CLLLesy8TtFsyWL37BhXNfDMzWzP,3qsjFRuw1qeLMPo4DLwaQevenGAGBj9dA3Q6rb8ax2YR,77iEv8zPQAEyCcEbvBRSB6AFcUdfkhiqnAKtPxk76rNN,1.8378119999999996,0.016936000000000007,0.016560122434895186,0.009010781535268672,6.624048973958074e-06,0.9986398525208665,116.271322,0.324539,1.3717930604561477
JSoLLrxK5bYdHwTEWYaGgmeycBCNXKDiBCTw5hXGBg7,xG4wXczA7Dk4hccJ61CHKpDHW4NrNfQwgmWgkb9BuF2,BVR6WgfhsRr9Lob4QDnkEAiNGgAbv7ZieKcY9kSg3QYR,1.1264609689999645,0.958880431000015,192.80814710683865,171.16274102067422,0.07712325884273546,145.95627412748433,17.108395424,164.619845939,26955.619215934323
BerKDkt6v49dT1bHRedgnpsJS263C1DSJtEGvY9Mg35V,78XKqNb8wbfsMMrvo8WPUpdx7GEkfQutpNVH943aCGFa,DKYQwn4nDvFHCszi5tXbqfVMAP7DaXXp1KGTXEnYnKVH,0.07210667200001808,0.07202401100016687,0.07223350059162587,1.0017589023052922,2.8893400236650343e-05,0.9997868614377313,1338.388229411,1686.819933395,3027.202730572677
ionytDfEj1mXodptgrsKEZro7DGsfpzANUfarJdm6Qb,3gkSjY95an9xNFSjCfsay6JZez7uv7yfW3Ad4ubc4fMK,9wXqANaSuEqkKL9yHzCPEDGHwbkStVAqV5rB3QDs3Jr6,0.02031090300000002,0.07565330600000042,14.577196135312867,717.7030058837292,0.0058308784541251475,2894.8587308939323,3.17013297,0.079600045,2505.644846867914
KEVpg4SYCVrqFxKijQH6hm4QxsRdoE51ud64bEEFUC9,2bPenuBYfqzD8p5dFjCcggwkHDsc2RQDnx9AoyYGUBjA,AE6n6iLuX8oYu61vt5hoDYkjswpnxFxrhSehxrnQTnbx,914.624106961,915.6327700000002,915.6611921525215,1.0011338922554396,0.3662644768610086,0.9997858648636776,2273.129911762,5371.975342498,7646.532409990268
iLiUBQ7Z7im6Ew3b4ewwPcehzWgEQRJ1iQz7g6D62NW,GpugBvKWM3TVhYcZjemSdtehBWgfvuGr6uAm9iPjXT6v,92fMXJ3xy8tEyMUWLHKRLyhPw2nECBo77GtDiBBbYrjX,13.674317202999873,13.941426395999997,13.413947347444147,0.9809592061021807,0.005365578938977659,0.9997833969270558,1819.781564545,1142.964478516,2927.848387733135
SRMuKizofcAMicegrfSv7xs9q76tH1w8aAF7oX9FEWu,72Hj2KWntXPfbie4UgKeTPnm1XVkomDfCnRPKbvfTtPi,6aqJQ5wedqpUt4fFEDUqUmXhrdxCu4bEJsQdVPCADLko,658.6906110000009,661.427045999998,40.420959023167356,0.06136562195990874,0.016168383609266947,0.06194102099862552,16945.392921,4946.001459,1346.224956183351
MATSnbbiTCv7Dc3trJrkrqjx7ckKdr6fwPoVwv9q3sD,631WX9JizSHJm4w6VanZeJAst9T8DeUUnPLesdGkCVtK,211maUSfpnXbPuW1iBu8b4dtJv5EbN1j7JJiEX5TZKEP,1766.415903000001,1766.213208999994,1766.3028596169854,0.9999360040957378,0.7065211438467941,0.999303485470627,21844.723203,23710.859082,45537.669354330734
BSCuChvaSj9b5HUSqgDVRzcnr2sSn7cXaamt1jbKH6hn,GnKpRj5kBVPMJfiwZtEuD9GYApLzPdW5JFuZTcyX4BTc,3dmwD9okkomV9nDwyuh4UMhKdUR13QpuKxRo89ycZB5t,12.279301065000027,12.248752386999968,12.30759373686715,1.002304094648169,0.00492303749474686,0.9994183385269773,1205.155075939,1796.741186627,3003.6279588014304
BSCNHw8CmxbZ8hCWWzMf5FaG2ajPT6JxfznKUNuRVrn4,7n9kgNL633yGzCYksgnzHyjG73ZLBAwvEae5sbAekbzW,SscdxE99omdG9AiMVwmaEMQySQnCgeAh1sPj2Leutm2,1.5248076520001632,1.5342129999999088,1.5338928981017268,1.0059582899453883,0.0006135571592406909,0.9997868784304855,3859.7070645,7845.378568905,11726.410867805514
Sid7E679i9ABqptiAVhkmQ27YHN8vaYT4fppPwmxFsJ,GP7KB8o1bv527HG8kTzzzf4wJ5aEGHvcMQvVhLziUfmT,9gYxhAZ1M9wu5pxr8SBoa5NDm21gi3s9vMHaYTME77sa,441.59407199999987,1079.8096890000015,3.981475539675922,0.009016143540250973,0.0015925902158703687,0.021063562902928844,130518.484612,10703.272551,1402.2224465630102
HEDSDjj84KS7LKhZY7ejkCACTdPen62rKhCby1wXtgxc,EnnjMSFttpCTywBrYNt1J5QQeoSVkvzPipJDa8Y7kJow,6bjVT6JN2rSvpyn9PdfLYC8wJn4LWh49jpY47fnLDXZk,52.57263266999507,54.15959338299945,49.50341476654259,0.9416194748564649,0.019801365906617036,0.9997868874266499,39037.611266879,9129.084431203,45885.71392929696
wrmcMSHFi3sWpAEy4rGDvQb3ezh3PhXoV2xNjgLBkKU,8p4mGnARWPBu6P2Gcw4adodLkNDorrXniZMhaY7eJXUn,AyY89zccbsgp9LKFgH4CFZMJmpSgqmPSdTfukhP227rc,0.00946151000000045,0.04474901000000481,3.0839341590614247,325.9452411994785,0.00123357366362457,2892.9325657418926,27.02419332,0.10204103,9103.605028637581
GokA1R67GqSavkd15zR62QD68Tuc5AEfvjssntVDEbM8,3YB7hfpBdbQEuZqLGWVDpRPmeZWCUsrrWyqGXegnQ6Cg,4DPCj6Z1DsG6HUtwSogBGqXEUxdEV5a8YVrrFtcnz7UW,15331.21952799999,15332.886149000002,15328.981496701474,0.9998540213128884,1.5328981496701473,1.0,18913.505241,13506.645514,32417.38978633624
C2ypsDADXcCRz8HbV2zX1AXPSja7a1P3xZtRC91xGhJh,J9bYNuDpY1d1T86gLaw7DGk5D3CsUAf2tzUwxMvb6FTv,A2NGvvPrMGzsJ4jb52KEnSBVmsA7C34dV1GC7PerdgvG,490.5452408770018,493.4390122269979,70940.61045193631,144.61583670673875,28.376244180774528,146.7052853659864,3009.765951602,1713.969177,686708.1586026668
Lee1XZJfJ9Hm2K1qTyeCz1LXNc1YBZaKZszvNY4KCDw,9DgFSWkPDGijNKcLGbr3p5xoJbHsPgXUTr6QvGBJ5vGN,2hNHZg7XBhuhHVZ3JDEi4buq2fPQwuWBdQ9xkH7t1GQX,1929.988096645925,1626.1976719390123,334425.40883687773,173.27848260725895,33.442540883687776,146.00761166881153,6711.724875563,53859.761431647,9026932.633801699
vEnkoSUkpnbRrPgBz9DfcVxNz67zjwMYBZraAvDDNSf,DtfyjjsZ5yCjWKLKHvwsfXs5QVsmm1QkK6Sh9JZHoq1g,e5wrKCRv4GhHvEf1VD5Pq2KGaZDXP77nTL612Jyrxwy,1737.270532,1737.3262089999994,1736.4422490472043,0.9995232274205204,0.17364422490472045,0.9994053538144805,917.829197,1029.995834,1946.7749521124356
AURHmCnNwiW4uA2Qj1XvEh4iKgRUZYXtiY7FKAapUV5Y,BKWm4TRnTeKwfWXRyuzjRHU7iZDkPuXBX5b5V5jSVfGJ,A5Ww74HVrkj9nPeC7pHKLfgeDMEhBCpW1efQdz3TGLEg,0.02630998599988743,0.023508204999984628,4.297793291859431,163.35216947199515,0.0017191173167437727,146.03731399409864,289.932553331,1795.28273288,309539.37975695386
HDSBGqAuMRr6X2AfmmbXQPpRgU6VEhtfNVVZ3wUTZXg,DCZ1d8kNLgDcdSd99y4udLgwq46mfDXNS9KXj96kQf5L,Fq8GGYQM5Pz3q7LmVMbrXHJgsxA5ev86kTq8yGgGuYsa,1.519565689000956,1.5269172379994416,1.5115854940764613,0.9947483712074723,0.0006046341976305845,0.9997869064185528,13523.369623677,12879.734392416,26329.339710075532
daob129AwBGn9Y5r91uLoWZeYiGzbPmksauMhFZKTze,6VW5GQNyj4LStgmxEHLr5zUfW92vQnmbw8jTnCH7a38F,4VPCCUifPeBA1c7HWK358CHn2nyjm8pdTRk6Ps3KmnMQ,12.271994314999823,11.011524133000002,2000.2487786121642,162.99296815736776,0.8000995114448658,145.99970303660402,48.100931028,224.317494979,40590.40117223546
SoN9GaFpSXfpyR5dth3x7PHPVhvJMpQqqDJfCSmPv1t,9kZ9iS68ViMPtoeqtnhAKuF2iqVyfHPdZHoUNdwCELr,BBhm5fJLjw3HRzjtKB8uMEYjGhY6EDm9co3cqpjrSzB9,0.3837964980000008,0.37616543499999966,67.26754024127163,175.2687702775013,0.02690701609650865,171.55539497970585,1.514935699,2.46825596,688.96354314203
WiiQFxXqp8P9Fs1rt9SVcDyA3KUdJmUsog6wnVQAwba,3S2jpqSYxho6wiz3cafhjXruVY8cg4HYa2v3BqBHYFSj,Dfe67M6TfrG74gKRtdqys4e6E9QirPD53BkF4FujFjuv,12793.083592939,12786.998511978998,12787.238776264665,0.9995431268285029,1.2787238776264667,0.9997869124159962,15596.301267271,11221.58715327,26808.37170802222
B2izdXFYb2sNwbWWHmh75T4aQFtfXsUxem9u2p61HGzf,4DYwgJtxwuJdAjkj5RJSNH4e7U329V5cNp7d3a1nLrZv,EXNW64GEf1ACC6xY9BtKRiunrs6GoJSXBdxWN2eTPmrF,5534.847368000006,5480.012929000006,5510.002765530229,0.9955112398196531,0.551000276553023,1.0,10533.534339,29194.908368,39681.16019750078
Dg3mAgpwDfVNnbGWcsxL8sUcSkEbjSJQhKAWNigG44Ju,EATxwd8YA2wV93VJcKMmH2Kn2Y9XfJVUB9hHVu3udwEy,GiGvrRi7NMHfHKanG2B8xyCEqe8jaafWins8bhrLVEaa,0.00045585000000000764,0.0004610159999999808,0.07983022789047815,175.12389577816566,3.1932091156191264e-05,173.32293164646214,0.198226173,0.261388851,80.01882161597692
MiMUFdSLMyCLpqpH6zkqdDrGYs7XBomwENbivdYjv9V,,,0.012163421999999993,0.017581999999999987,0.0,0.0,0.0,173.32293164646214,0.198226173,0.261388851,45.30468195502027
TETFuZgEmET6d9vYmz9iMFCxK1jKdKYxf3oPz8hSzJK,Eu1Ze6Z84LWNkq7SNoAHBJbXx5t1P95EwyqYohrfCRFV,ASMbv7WNu3qe4pkhREmvyEdwFNDZQ6B6iSrjkj4u8bdC,56.165912029,56.20831627,56.051541772692985,0.9979637069500811,0.022420616709077197,0.998474331221893,170.213042054,81.265248888,251.00770345448637
SUiuyGR7SFq3xeRVJonq84fjjeFwRSsFekcevJ53tzy,49GjCCPsv7fBqo6t3iKDrP1xxGDS8uWZbVCdfnp2gjMf,CEwj5xEbbJEjYqM8D6Ai8ByGz1mrh8mkAVsE5fzDSSSx,4.46777899999995,0.04265300000000005,0.0402697986438407,0.009013381960889548,1.610791945753628e-05,0.9457266396062751,632.545869,1.783374,7.387961825261005
heyk4SZTeCUV6a65WiVA5bzic3KcxgVf1qxobfeV4tQ,9ZDpBKPqMABtGfq66FbVribaArMvtk63xxy91onZAtDt,DaTP4s6N7xxSPinbNZ3FB52EpRDRt87QShTuN3VPCW52,78.3790914800004,68.10733075999985,13206.069383046397,168.4896971077564,5.282427753218559,145.9666069274,612.423144598,4508.147524762,761225.9878527628
MATgk4zXLXtYkwBH678J1xZbRDZ45LicNzkRBHkxTuY,y8dALFo1bJrSzPYjMX14HJX448pXqYmrfXHD1K8MXih,GN7Yuet3UyiWS5YVkEHv6oQKi4HGBJc3XDPt9zQhAqZz,604.0515389999991,603.5684550000001,604.6731429909939,1.001029057871492,0.2418692571963976,1.0,3657.344888,4407.064879,8068.173386545757
BUSD5rCfUDpCxKGMvYU2yThChxgHoioK74PTPociGnv2,CcFHbafgYDZ8yA8Me1PdtDiVb2eeaS61LbqyKKK5CsNZ,26R9s4nmF3CFDTkiePDwRmtscn8i7r2eygbSijditJ58,102.91501398,102.82354714,102.89334978520272,0.9997894943219705,0.010289334978520274,1.0,91.84112902,56.09876877,147.92056471086465
BSC8REUo9LpiiWUuqMuLXs2D2yJsJfGd4HdiF3wCLxk5,AZjEH1zWVx1UJ6udMyRijGTzPteuLnaY18yNNmprJEsh,Caf8ypkSVR8xYnXNhjvfvdGCC7mrM3C11rz8Xi6NA6aK,81.64543728600029,81.63874179799996,81.84949831649058,1.0024993562074447,0.032739799326596236,0.9997859338341348,2593.035721111,3617.245595786,6215.987906927003
RoBgmK8CvjdHvPrqdDyVw54VwjZv2TqJ493xnqJAQHx,ExiHJxM7qPAcy27NDHAF6G7vnW7muNHi2sVJpnaNynGQ,6rkPHSqZb7StM4HwS9EuVrmfkV7tRdc7dnsFhyB6cefE,13.9432819999999,41.02202000000137,0.0,0.0,0.0,0.937208879491808,6265.366103,18.96143,17.77082056386235
KysFMBBoavfov2tLpvefWW6tPFt6rAeZWDJVy1mMQae,B8ka2V21TH3x64dFV8ETcjuQcwmrciJ2qzy1mJUttRew,7fSf7EYxBANyxzk2s5pymFgshA91tFYQNKKs5UnLWcYS,40.27079900000035,54.01174400001764,0.0,0.0,0.0,0.02152884370970137,134514.436043,2603.001229,56.03960663530158
SAMyS8Jr2HJrkFwYVKbpUwsNStnQmvz3f8Tup8bWUWF,6jPzm5TFfquvgm25sTyN3MMGBfufRaFHMxobDWv6hMFW,Cj9ECoDmxsHTDzCY5ZA6RWrPbg9uFzEC1Qc2kso2vJG6,1347.8987491200096,31.5760295500001,1292.9707526751558,0.9592491672829921,0.5171883010700624,0.021799495607630528,494.99462614,108304.36603986,2835.803734707488
MiMuMS9C4vBqcrYeeQPph1E7oAW9aNKvW9k6Zw9XffM,Afy2q2hh6Y474pshJa5fnQ6PfEchGyTbKrQpCZw2hr3m,5pXz9ksgjeL8Wgb37bksUaBFMLdFfsNNY3FQnikkCPtS,0.801911466999627,0.012163422000000423,0.0,0.0,0.0,0.02179648836775907,26.015093477,7673.149676041,167.24771765790192
Lid8SLUxQ9RmF7XMqUA8c24RitTwzja8VSKngJxRcUa,4PgzyzLtds9bKZ2to9PMnKqJzKEUpjvNUaeN23phegax,AtymwxoVN9peZo7EXTcDz9jKVc4vRmisJKKrNfe3ewBa,126.29310433399621,106.79486520499847,21759.070406926516,172.29024911274828,2.175907040692652,146.03963866288444,967.55643862,7675.539282563,1287633.523208759
YAkoNb6HKmSxQN9L8hiBE5tPJRsniSSMzND1boHmZxe,CfWX7o2TswwbxusJ4hCaPobu2jLCb1hfXuXJQjVq3jQF,EnTrdMMpdhugeH6Ban6gYZWXughWxKtVGfCwFn78ZmY3,6136484.616055047,6135688.761559983,6136484.616055047,1.0,613.6484616055047,0.9994213350470077,372949.816799,1074349.279812,1446677.4083355004
NorjjEePhxfwLF4vZjUHCrVVKLzQjEEGQFd3wgjEJmh,34M8pFVqgbV7aqHxvRT5tCv3vu2P1JJYT8J3VaxBK2oG,3AZWBSze3ucsY3xSeuLne3b2pauVqiaJ1SZSV5T9WGWw,1.2073310000005222,2.0832120000050054,0.6988863142091594,0.5788688555241744,0.00027955452568366375,1.0,38235.101644,2193.763475,24326.873004512763
FrnkTEL6yZ5Aycq2TrEgu29dCrwKG4LPUZydfiwqspkc,DjvZuMZ46fxKBoBpGMPcRcos4xdTtHFxwMh69DpA2ZFY,9rvDPJLAng4uVVqnnSoEXgNDFhBZQTny9AoQioYDZbQX,44.68857808499979,37.242599518999754,7744.44394890823,173.29806140123614,3.097777579563292,145.91187039757483,172.490861986,1439.236518754,239894.0243874924
BkMBnJpvHKtWhUvrgRrLesXfi9RUV3ELgdBaJcdH7hcY,5uerVwBnZQsuVhZ15igs7ZgmcqhHnYWbwoRtLyRqLvR,9YWiQh5d4jCtgMdzcGLv9bWgnLaFtzvDDh2nnhJdzhBX,0.0011736749997908191,0.0011736749997908191,0.0011798993511555546,1.005303300629088,4.7195974046222186e-07,0.999778841921715,986.482241645,1887.576222024,2878.8726228318205
BUSDTd9WiT6uBHJRgNvFXBsA7JrifsAtWzKfioN7ERcy,DyBxrn7gSc1EwnpWhDyhzvMHPtxpmBqRqotapLcKcfTM,Cds99GeBgoCpqBsoRWu1C6fF9LiUMd4pXQQD24s9LPff,883.2208507299999,880.43214619,882.1735431213417,0.9988142177488307,0.08821735431213418,0.9985820135407721,94.21851993,79.57590376,173.56986348732306
SEQV6QiTpvTzrceiaYg9Avnwf7oc8ZALpnQMz6TyT4A,3dFMPj4r9mMmPHF32mz1gNDX7f8ftidWof7S8YiYTs1j,Fc1ED3YPeQfXQosHbd8DTaBd2AV5gHQtwiSAL5C5pUhi,82.23310533699987,82.4022589049996,81.96937322303155,0.996792871765118,0.032787749289212624,0.9990359303272341,4159.510218062,1387.916984487,5532.749071212313
MAR3XM1n9xWPQ3HJjAcC85o8DopWFP5p2WxGTaZ3fPB,6qG7GUhER8Cg9gDEgnebph9LdS6eu2eoWcA4R7z9uizK,4QV4CwRXVMY227KkFF9voNAfwWHVvVajXSXDKbUHkWZR,0.3040820000000011,0.006998999999999991,0.28772484269290916,0.9462080711548468,0.00011508993707716368,0.0215768467488277,0.115505,24.125989,0.6298545305756434
SoNcU2iwHMw6dGzsYNQkYFkUjwN1UdAjrWVRnStrZu2,8ivTTid27jZnYNc4w3CTA1Z6QS2twsFb8WMwUabeDJgc,CyXm53PMvHCbeXJBykU46Rcbo28xk5srhMZFg7gv6EYB,3.1224390039999985,3.093729808000001,539.8110899158722,172.88122817590596,0.21592443596634892,169.4705570327739,15.255779156,19.433587304,5930.858702823589
KEN5P7p3asnb23Sw6yAmJRGvijfAzso3RqfyLAQhznt,9zj4aX38Uxf3h6AUjS4EipWS8mwbEofasHAf3a1uKGds,CwQDG1MWunn9cLNwcZLd8YBacweSR7ARo32w4mLua1Yr,53122.51411000034,53123.05804200121,52941.50709723489,0.9965926497305712,5.294150709723489,1.0,1147627.566165,1154972.845542,2298690.0426102234
DFWzVTzNBrQZLjoQ4yQwkj9HuoXmfkuZP9V5vbymZe23,DhgiEgiNdqZdRdo195UUHnoEJUtefK8buko8nU97XJUZ,2K2kkXsouBHtWVjtcgkyiXd8eP3oVBvq1bTJzcVdLLr2,136.0120744349988,137.50155854499462,134.4789260563442,0.9887278509277697,0.05379157042253768,0.9997859658204372,42740.472969667,25238.75210937,67492.04614070436
BSCrK1Nx9PXU9mF7STWWBqeHLxmtJDr9h7jheEy4tAWX,FfSySSbVJPvEo5a5AvrP3nySoXpRE2QPn1uUMpJJ1x7v,HL7Vcj6838ZmvBHDbQxXfjBNckNi83WvPiZQoMQLFeRM,0.00012895899999998406,0.00012889199999999157,0.3731517329582807,2893.568754087166,0.00014926069318331228,2889.6723111599144,0.840296693,0.963989992,5217.071443145243
ercAoEmXjQzEvAFbdjAo81KtMxRGn9AW1ju882upmPH,CMRhskR2Eg6V42RTSdRTXGdozyPbWB8U9dVpijPWb9T4,7TKLLgrWswt6ZJ1pXhVR3FyufHGjJFqiEXxvWJfDcgRm,52.98309034300013,52.770011145999916,7701.056317920849,145.34932311546973,3.08042252716834,141.82650987084142,118.465815162,389.868374859,72512.59696138793
Cob4usZcpHEY7Qt4ZCwj6WVg9S44zvzYV2v9qYF65dTf,NhFM9UXE48PyNAyeyPYA3iXztqKVJwA4bTdLj4ysM8w,6TuFuynuBoeskxyR2cz4wxyidk8dpDK7kAWw3UkjQGx,117.41464399999714,864.6735909999989,1.058433570897669,0.00901449371934982,0.00042337342835906767,1.0,70945.200256,188.145461,827.6805231257272
BUSDgu5JdqP1rndBvXvanbEufS94FNh1w5FJcAj6vawb,Bgzr8cWubt89JQFXndVjtdKmDbGzuPxNhvjH1EhWCwbo,Dxaf8xPBBQsasRKW5Aa4Sw2YrbfGofY9xZueyyF23FBW,9181.317811570007,9203.80042269,9163.651574246082,0.9980758494927969,3.665460629698433,1.0,8700.20836702,6382.98093866,15066.448795337827
RajgMbScQbqqrdJfR2rxfHJiTiY5b6bJ2tTXiF4aPxy,725ZA3fhyBAKb5iopNRrcbSuQa3LXA1656Q3mBvYPxeg,GLA6i1dSZpUfk2f9Nj8uiG7xyDdAR2reff8oEiZH3617,2158.615433470004,2161.926211240003,2155.1646915241704,0.9984014095830461,0.8620658766096682,1.0,130911.53618232,53015.25566094,183717.51791605022
C98Sspw7XqnMsgxea3SLQVdbMDL8pKUc3RE82UvX9eq2,CSqgQJurPCzGxb4Cgwx5R61hWQUiaoUHcShNc8r1cKEL,6S2CR5EnukPhC914XkAns8m5GixjMAoUuZMsS5ubHuWc,42.148685999999884,42.129678999999896,0.0,0.0,0.0,1.0,847.376617,916.381042,916.381042
ALLwa5WNZbvQsRKAqe1jdRGemdYQnW8E5k4msbRFcYtu,CGoM82Hbz7QVqTgvQatYtjvDWBvoUJp5qm21P8iMs9yb,3dxNNww8TivyN5FMy5dCNdi3Zcxv6e4kUfSPxfFwpdNq,3.6886115319999986,3.681884462,10667.509780785467,2892.0122621319915,4.267003912314187,2881.229939436547,1.633853214,7.025853801,24968.223850957027
MARpDPs5A7XiyCWPNH8GsMWPLxmwNn9SBmKvPa9LzgA,6YjT74rmcfCpw8LSjPNx5JTmZoYLGrTKnf9arfSgZ4SR,F8GSmi3vA8M8TsybLya1LQ4n1aFHCRbZ6k437PeTdXtg,24887.977935000006,26129.50910800026,23516.229250367564,0.94488308016766,9.406491700147026,1.0,297158.6476,15023.849865,295804.02810774423
STK75uPSyBnEhGTTzb1nwmP3n427XoXmfRhXxxhyady,6TYyD5fUmDe6N65avW1Ny2RxzRNobw2RRgKwH9CTzSAU,54zDfk4cx2vGrEajPtodWpArNe5eUurytyxd4X3aZAxK,518.6460075449992,584.630990099998,75680.8052717087,145.91996115026956,7.568080527170869,164.5809866827649,1600.386452241,281.198710856,279808.2902230264
SERgf3DMJpQxUifu7VoFKmfne73d2fDJxSrxUMrcNJB,AJfM2GZ2tTB8UtN2krcyR9xufRJEx2mhSCbJyMgPo3GU,F4yRYkufQvERZcEKnKjJwRLU1btiMBUuEwq46hfm11QD,0.17456716300000252,0.1747746939999999,25.32109342136982,145.05072423826613,0.010128437368547929,145.8878589206049,29.284858487,27.960780594,8326.928347361943
KwnjUuZhTMTSGAaavkLEmSyfobY16JNH4poL9oeeEvE,J63v6qEZmQpDqCD8bd4PXu2Pq5ZbyXrFcSa3Xt1HdAPQ,BnKQtTdLw9qPCDgZkWX3sURkBAoKCUYL1yahh6Mw7mRK,150.9742989999994,6692.1618450001115,3.2779953118424103,0.02171227376814926,0.00032779953118424105,1.0,276810.883673,590.49624,6600.689928311494
KZMu9QBEdL97EFgamLbN5DE1AoKBG4HdrKKJo4Vuon3,DD4ACBWyVqdaKWh7v5btsgqQCCMwbKnuL2xd9pv7Gyuw,GcYqiJ1MAuYbNTNYXm1F1gQYTfTgkErACAhNU5dpVj9T,30.372851120000064,31.512886059999346,29.135132144870358,0.9592491672829921,0.011654052857948145,1.0,2396.20486891,704.03310041,3002.5906255513687
BkwbeSfcX1h4thMDd7obGkHrPevf3QwgzJ4pCEqG18Lu,35yX27bmurdebhfAb8EPmjLETDiUaEUCn9zHaDPbakH2,2CxECn1ZJFoESyUnQysQU8rRgT3iJ5GRs2Mdd6gZjx5g,1.4089999996969027e-05,8.67000000004392e-06,0.030866631609203093,2190.676480897301,1.2346652643681238e-05,1342.2818791946308,0.80136202,22.09433868,31412.355372851373
parEAJhzYzHW87y9VoZAQ22dzQ2MD2ekEtTReaxbMcz,3oyc6hpjYSJEquK6dSvG72NXyz3pqLZz5D8AC71pwgQb,Di2vordgFJVZ1aj1aBpvzXtLfZgJsuLLXawGtVFwX6Rz,4.724887301999956,5.528958895000102,674.44752180658,142.74362089463995,0.269779008722632,168.11189662328763,1105.175878285,138.346909147,181014.5678804866
