0,1,2,3,4,5,6,7,8,9,10,11
vEnkoSUkpnbRrPgBz9DfcVxNz67zjwMYBZraAvDDNSf,DtfyjjsZ5yCjWKLKHvwsfXs5QVsmm1QkK6Sh9JZHoq1g,e5wrKCRv4GhHvEf1VD5Pq2KGaZDXP77nTL612Jyrxwy,1441.931028,1441.228823,1441.160007396043,0.9994652860719515,0.14411600073960432,0.9992555546118143,940.817327,1006.803058,1946.3678069781643
daob129AwBGn9Y5r91uLoWZeYiGzbPmksauMhFZKTze,6VW5GQNyj4LStgmxEHLr5zUfW92vQnmbw8jTnCH7a38F,4VPCCUifPeBA1c7HWK358CHn2nyjm8pdTRk6Ps3KmnMQ,10.248379900000089,9.15851702699998,1702.6503075638848,166.13848473395,0.681060123025554,150.15901088457622,49.13288951,223.160786729,41672.466817242486
C2ypsDADXcCRz8HbV2zX1AXPSja7a1P3xZtRC91xGhJh,J9bYNuDpY1d1T86gLaw7DGk5D3CsUAf2tzUwxMvb6FTv,A2NGvvPrMGzsJ4jb52KEnSBVmsA7C34dV1GC7PerdgvG,1302.9848210309997,1310.8614300130007,195654.91192363147,150.15901088457622,78.26196476945259,150.66553486716873,3864.016334683,2186.713404798,909679.2155929432
ZUCKWFa4LTL833dPhhpeeRWZcaAEoMeYJPi2iKn4F8N,7eEYpq6ShaJ9opZWMxitRFrdCHh6vfyHhGfoSvFht3N2,H8VggnHmuwd1wvwpT8eg9cUJFEfZ7HAaeYjgXrSm7A2u,0.0011523939999733557,0.0011523939999733557,0.001153703303241105,1.0011361593932107,4.6148132129644205e-07,0.9996226304615292,1849.447104349,1997.706962338,3848.5014596324754
BkwbeSfcX1h4thMDd7obGkHrPevf3QwgzJ4pCEqG18Lu,35yX27bmurdebhfAb8EPmjLETDiUaEUCn9zHaDPbakH2,2CxECn1ZJFoESyUnQysQU8rRgT3iJ5GRs2Mdd6gZjx5g,0.05324094000000046,0.05120212000000024,116.3177051472526,2184.7417635235515,0.04652708205890104,1344.0860215053765,0.80135447,22.09435093,31447.460817242598
SoN9GaFpSXfpyR5dth3x7PHPVhvJMpQqqDJfCSmPv1t,9kZ9iS68ViMPtoeqtnhAKuF2iqVyfHPdZHoUNdwCELr,BBhm5fJLjw3HRzjtKB8uMEYjGhY6EDm9co3cqpjrSzB9,0.3838700270000006,0.37666243800000054,69.33494790351531,180.62089516438127,0.02773397916140613,157.49452667146184,1.502747065,2.48055054,662.1006532678857
BSC8REUo9LpiiWUuqMuLXs2D2yJsJfGd4HdiF3wCLxk5,AZjEH1zWVx1UJ6udMyRijGTzPteuLnaY18yNNmprJEsh,Caf8ypkSVR8xYnXNhjvfvdGCC7mrM3C11rz8Xi6NA6aK,880.7203268630005,880.0729122020007,883.1593551193083,1.0027693561530426,0.3532637420477233,0.9996238385506819,2635.853088909,3721.491606629,6363.2444298319115
MATgk4zXLXtYkwBH678J1xZbRDZ45LicNzkRBHkxTuY,y8dALFo1bJrSzPYjMX14HJX448pXqYmrfXHD1K8MXih,GN7Yuet3UyiWS5YVkEHv6oQKi4HGBJc3XDPt9zQhAqZz,70.76051600000028,70.62929599999916,70.91752740567645,1.0022189126726573,0.02836701096227058,1.0,3055.774375,5009.109167,8071.664038485469
ALLwa5WNZbvQsRKAqe1jdRGemdYQnW8E5k4msbRFcYtu,CGoM82Hbz7QVqTgvQatYtjvDWBvoUJp5qm21P8iMs9yb,3dxNNww8TivyN5FMy5dCNdi3Zcxv6e4kUfSPxfFwpdNq,1.0355470759999998,1.0340398650000018,3131.4738153557705,3023.9801626901326,1.2525895261423083,3022.545164381119,2.420032036,6.236109115,26167.05032003488
STK75uPSyBnEhGTTzb1nwmP3n427XoXmfRhXxxhyady,6TYyD5fUmDe6N65avW1Ny2RxzRNobw2RRgKwH9CTzSAU,54zDfk4cx2vGrEajPtodWpArNe5eUurytyxd4X3aZAxK,563.2184198909993,634.0765626770033,84273.29748907592,149.62809189618744,8.427329748907592,169.5497758297639,1799.534472574,316.256310077,322882.0959109633
MATSnbbiTCv7Dc3trJrkrqjx7ckKdr6fwPoVwv9q3sD,631WX9JizSHJm4w6VanZeJAst9T8DeUUnPLesdGkCVtK,211maUSfpnXbPuW1iBu8b4dtJv5EbN1j7JJiEX5TZKEP,534.3027290000027,534.1056660000031,534.4833843839245,1.0003381142826275,0.2137933537535698,0.998932141540693,20662.79812,24892.607091,45535.80981710709
SEQV6QiTpvTzrceiaYg9Avnwf7oc8ZALpnQMz6TyT4A,3dFMPj4r9mMmPHF32mz1gNDX7f8ftidWof7S8YiYTs1j,Fc1ED3YPeQfXQosHbd8DTaBd2AV5gHQtwiSAL5C5pUhi,601.4944499700005,599.9999999999999,599.8878232032437,0.9973289416604976,0.23995512928129747,0.999160176895674,4159.510217876,1470.150089824,5617.3153472320355
KZMu9QBEdL97EFgamLbN5DE1AoKBG4HdrKKJo4Vuon3,DD4ACBWyVqdaKWh7v5btsgqQCCMwbKnuL2xd9pv7Gyuw,GcYqiJ1MAuYbNTNYXm1F1gQYTfTgkErACAhNU5dpVj9T,28.188822419999838,29.271416590000513,27.05141302706704,0.9596503402665798,0.010820565210826815,0.9998787746973558,2391.84236397,708.20551563,3003.4520016498645
KwnjUuZhTMTSGAaavkLEmSyfobY16JNH4poL9oeeEvE,J63v6qEZmQpDqCD8bd4PXu2Pq5ZbyXrFcSa3Xt1HdAPQ,BnKQtTdLw9qPCDgZkWX3sURkBAoKCUYL1yahh6Mw7mRK,240.21167899998363,9100.110892999754,5.337598797716188,0.022220396693187226,0.0005337598797716188,1.0,276516.951348,596.964428,6741.280779343312
parEAJhzYzHW87y9VoZAQ22dzQ2MD2ekEtTReaxbMcz,3oyc6hpjYSJEquK6dSvG72NXyz3pqLZz5D8AC71pwgQb,Di2vordgFJVZ1aj1aBpvzXtLfZgJsuLLXawGtVFwX6Rz,5.3279933930000425,5.832385324000171,781.0227354417127,146.5885330240511,0.3124090941766851,172.41459572311803,1100.901084632,141.966043406,185856.49298104772
BSCNHw8CmxbZ8hCWWzMf5FaG2ajPT6JxfznKUNuRVrn4,7n9kgNL633yGzCYksgnzHyjG73ZLBAwvEae5sbAekbzW,SscdxE99omdG9AiMVwmaEMQySQnCgeAh1sPj2Leutm2,115.31037491699999,115.34131410900045,116.01742618232394,1.0061317228899211,0.04640697047292958,0.9999648922325987,3861.231872152,7843.844355905,11728.476852047588
SAMyS8Jr2HJrkFwYVKbpUwsNStnQmvz3f8Tup8bWUWF,6jPzm5TFfquvgm25sTyN3MMGBfufRaFHMxobDWv6hMFW,Cj9ECoDmxsHTDzCY5ZA6RWrPbg9uFzEC1Qc2kso2vJG6,1302.8053142900026,29.33551005000004,1250.2375631595094,0.9596503402665798,0.5000950252638038,0.022174800691494374,499.35713108,108113.26055081,2876.598245577278
BUSDgu5JdqP1rndBvXvanbEufS94FNh1w5FJcAj6vawb,Bgzr8cWubt89JQFXndVjtdKmDbGzuPxNhvjH1EhWCwbo,Dxaf8xPBBQsasRKW5Aa4Sw2YrbfGofY9xZueyyF23FBW,9835.741335570001,9861.763503510001,9809.221614474189,0.9973037394751418,3.9236886457896754,0.9998787746973558,8720.13577427,6359.56796843,15055.421044288774
SHRJZYZxBfNz1SL5puXfaymPnndnJTY6MJrTrzpsYMc,BKJWe131yeNE594dMwrLyT25RPsytUgcTdMpph8rbuda,EreMRai79gFEuXwrMnj6kpV4pvVAUqukjSuy87XQTT8K,0.00363,0.003712,0.0034516727776171857,0.9508740434207124,1.3806691110468744e-06,0.9999550020249088,0.01736,0.003106,0.019613033630072933
ercAoEmXjQzEvAFbdjAo81KtMxRGn9AW1ju882upmPH,CMRhskR2Eg6V42RTSdRTXGdozyPbWB8U9dVpijPWb9T4,7TKLLgrWswt6ZJ1pXhVR3FyufHGjJFqiEXxvWJfDcgRm,24.962253766000003,24.517716956999948,3744.782196068454,150.01779211014426,1.4979128784273819,147.27013451506818,277.232954021,788.095432976,157652.79608749
RajgMbScQbqqrdJfR2rxfHJiTiY5b6bJ2tTXiF4aPxy,725ZA3fhyBAKb5iopNRrcbSuQa3LXA1656Q3mBvYPxeg,GLA6i1dSZpUfk2f9Nj8uiG7xyDdAR2reff8oEiZH3617,5237.685522789972,5238.372786250024,5228.233921506673,0.9981954622433565,2.0912935686026692,0.9998787746973558,129681.84482706,54242.08721471,183683.34074298973
KEVpg4SYCVrqFxKijQH6hm4QxsRdoE51ud64bEEFUC9,2bPenuBYfqzD8p5dFjCcggwkHDsc2RQDnx9AoyYGUBjA,AE6n6iLuX8oYu61vt5hoDYkjswpnxFxrhSehxrnQTnbx,917.058552984,916.0509600199998,918.4575852345903,1.0015255648028558,0.3673830340938361,0.9999648922325987,2273.129911762,5371.975342498,7648.384463184892
JSoLLrxK5bYdHwTEWYaGgmeycBCNXKDiBCTw5hXGBg7,xG4wXczA7Dk4hccJ61CHKpDHW4NrNfQwgmWgkb9BuF2,BVR6WgfhsRr9Lob4QDnkEAiNGgAbv7ZieKcY9kSg3QYR,3.107021017000079,2.6441894509999955,548.3665981522058,176.4927224990805,0.21934663926088235,150.39511805415185,17.122574446,164.602894682,27777.481557922238
MARpDPs5A7XiyCWPNH8GsMWPLxmwNn9SBmKvPa9LzgA,6YjT74rmcfCpw8LSjPNx5JTmZoYLGrTKnf9arfSgZ4SR,F8GSmi3vA8M8TsybLya1LQ4n1aFHCRbZ6k437PeTdXtg,15155.179556999976,15946.300657999644,14410.50243325889,0.9508631936071565,5.764200973303556,1.0,296812.123115,15343.566373,297571.2896594494
C98Sspw7XqnMsgxea3SLQVdbMDL8pKUc3RE82UvX9eq2,CSqgQJurPCzGxb4Cgwx5R61hWQUiaoUHcShNc8r1cKEL,6S2CR5EnukPhC914XkAns8m5GixjMAoUuZMsS5ubHuWc,12.215007999999898,12.211772000000224,0.0,0.0,0.0,1.0,864.997397,898.727561,898.727561
AURHmCnNwiW4uA2Qj1XvEh4iKgRUZYXtiY7FKAapUV5Y,BKWm4TRnTeKwfWXRyuzjRHU7iZDkPuXBX5b5V5jSVfGJ,A5Ww74HVrkj9nPeC7pHKLfgeDMEhBCpW1efQdz3TGLEg,0.00078911499986134,0.0007428119999985938,0.13244584607996282,167.8409941557766,5.297833843198513e-05,150.3466166072572,289.928185222,1795.287611452,318577.253060173
Sid7E679i9ABqptiAVhkmQ27YHN8vaYT4fppPwmxFsJ,GP7KB8o1bv527HG8kTzzzf4wJ5aEGHvcMQvVhLziUfmT,9gYxhAZ1M9wu5pxr8SBoa5NDm21gi3s9vMHaYTME77sa,798.678742,1921.2331149999518,7.33839939855682,0.009188174184003535,0.002935359759422728,0.022210491627677444,130605.958242,10667.123897,1436.9523598019045
B2izdXFYb2sNwbWWHmh75T4aQFtfXsUxem9u2p61HGzf,4DYwgJtxwuJdAjkj5RJSNH4e7U329V5cNp7d3a1nLrZv,EXNW64GEf1ACC6xY9BtKRiunrs6GoJSXBdxWN2eTPmrF,7469.373309999999,7405.933998000019,7542.718706703989,1.0098194846689206,0.7542718706703989,1.0,10521.55176,29413.465444,40038.33342020058
HEDSDjj84KS7LKhZY7ejkCACTdPen62rKhCby1wXtgxc,EnnjMSFttpCTywBrYNt1J5QQeoSVkvzPipJDa8Y7kJow,6bjVT6JN2rSvpyn9PdfLYC8wJn4LWh49jpY47fnLDXZk,7.313765011002033,7.5503533679984685,7.077393788606526,0.9676813211745338,0.0028309575154426107,0.99961636223442,39079.496832677,9088.494514705,46901.50695085778
KEN5P7p3asnb23Sw6yAmJRGvijfAzso3RqfyLAQhznt,9zj4aX38Uxf3h6AUjS4EipWS8mwbEofasHAf3a1uKGds,CwQDG1MWunn9cLNwcZLd8YBacweSR7ARo32w4mLua1Yr,47119.21833900106,47118.56916000019,47083.52902400087,0.9992425741288103,4.708352902400088,1.0,1141832.823883,1147799.291248,2288767.2614096175
GokA1R67GqSavkd15zR62QD68Tuc5AEfvjssntVDEbM8,3YB7hfpBdbQEuZqLGWVDpRPmeZWCUsrrWyqGXegnQ6Cg,4DPCj6Z1DsG6HUtwSogBGqXEUxdEV5a8YVrrFtcnz7UW,5614.38759199999,5614.611151000014,5614.134955926973,0.9999550020249088,0.5614134955926974,1.0,17844.740654,14573.904868,32417.842544804545
SRMuKizofcAMicegrfSv7xs9q76tH1w8aAF7oX9FEWu,72Hj2KWntXPfbie4UgKeTPnm1XVkomDfCnRPKbvfTtPi,6aqJQ5wedqpUt4fFEDUqUmXhrdxCu4bEJsQdVPCADLko,19.43963900000017,19.534013000000414,0.9791008946952481,0.05036620765926978,0.0003916403578780993,0.039435302245958766,16948.215891,4942.905868,1048.5423478981452
KysFMBBoavfov2tLpvefWW6tPFt6rAeZWDJVy1mMQae,B8ka2V21TH3x64dFV8ETcjuQcwmrciJ2qzy1mJUttRew,7fSf7EYxBANyxzk2s5pymFgshA91tFYQNKKs5UnLWcYS,47.26624999999922,53.427245999992465,0.0,0.0,0.0,0.02229458549237815,134519.714779,2599.041798,57.94455956377523
TETFuZgEmET6d9vYmz9iMFCxK1jKdKYxf3oPz8hSzJK,Eu1Ze6Z84LWNkq7SNoAHBJbXx5t1P95EwyqYohrfCRFV,ASMbv7WNu3qe4pkhREmvyEdwFNDZQ6B6iSrjkj4u8bdC,134.97277891399995,135.0568135080001,134.65843213536473,0.9976710357365057,0.05386337285414589,0.9988692799750684,216.813993204,135.937435439,352.0927694206137
FrnkTEL6yZ5Aycq2TrEgu29dCrwKG4LPUZydfiwqspkc,DjvZuMZ46fxKBoBpGMPcRcos4xdTtHFxwMh69DpA2ZFY,9rvDPJLAng4uVVqnnSoEXgNDFhBZQTny9AoQioYDZbQX,38.46671546299993,32.08239438899997,6933.714458164236,180.2523135835079,2.7734857832656945,150.11897679505893,172.450109507,1439.274010581,247146.87301250658
BkMBnJpvHKtWhUvrgRrLesXfi9RUV3ELgdBaJcdH7hcY,5uerVwBnZQsuVhZ15igs7ZgmcqhHnYWbwoRtLyRqLvR,9YWiQh5d4jCtgMdzcGLv9bWgnLaFtzvDDh2nnhJdzhBX,0.0011618900000485155,0.0011618900000485155,0.0011682597235680005,1.0054822087454225,4.673038894272002e-07,0.9999648922325987,986.482241645,1887.575048349,2879.3991230206
heyk4SZTeCUV6a65WiVA5bzic3KcxgVf1qxobfeV4tQ,9ZDpBKPqMABtGfq66FbVribaArMvtk63xxy91onZAtDt,DaTP4s6N7xxSPinbNZ3FB52EpRDRt87QShTuN3VPCW52,70.48974728300163,61.019875122999565,12181.573542647522,172.81340921454924,4.8726294170590085,150.4265872374172,632.430406897,4484.995582529,783955.0339615446
SERgf3DMJpQxUifu7VoFKmfne73d2fDJxSrxUMrcNJB,AJfM2GZ2tTB8UtN2krcyR9xufRJEx2mhSCbJyMgPo3GU,F4yRYkufQvERZcEKnKjJwRLU1btiMBUuEwq46hfm11QD,1.6145711239999976,1.6150301580000033,242.39515861583337,150.12974963612302,0.09695806344633336,149.25337491731364,29.284858487,27.960780594,8569.769341759631
MAR3XM1n9xWPQ3HJjAcC85o8DopWFP5p2WxGTaZ3fPB,6qG7GUhER8Cg9gDEgnebph9LdS6eu2eoWcA4R7z9uizK,4QV4CwRXVMY227KkFF9voNAfwWHVvVajXSXDKbUHkWZR,0.003711999999999993,0.1652930000000019,0.003498121361817132,0.9423818323860826,1.399248544726853e-06,0.022218221954793827,0.108506,24.430071,0.6450468229542563
Lid8SLUxQ9RmF7XMqUA8c24RitTwzja8VSKngJxRcUa,4PgzyzLtds9bKZ2to9PMnKqJzKEUpjvNUaeN23phegax,AtymwxoVN9peZo7EXTcDz9jKVc4vRmisJKKrNfe3ewBa,57.20062079100785,48.37989826199885,10171.563389847937,177.82260488066146,1.017156338984794,150.154163279439,968.85444969,7673.991794613,1324566.0389274908
moFiBS1R4Lf3E3zzmBPnw3NF4RhWPkhREFviuzUaCAU,44ALBrpqi9PfZkBRTvbtRNtFJGsatfY4QydjtMbFWq8S,2ho8qEEie1UjVwWNBo9y4oAJZMyMLx8zPj9bxyUz6uWs,5132.834241937999,5120.886790221997,5144.84062789029,1.0023391337780194,2.0579362511561166,0.9996248427957484,26255.585201875,38168.095701172,64470.777193179514
YAkoNb6HKmSxQN9L8hiBE5tPJRsniSSMzND1boHmZxe,CfWX7o2TswwbxusJ4hCaPobu2jLCb1hfXuXJQjVq3jQF,EnTrdMMpdhugeH6Ban6gYZWXughWxKtVGfCwFn78ZmY3,4215069.073892983,4213366.069838003,4215069.073892983,1.0,421.5069073892983,0.9987206388616182,539438.008457,912590.208932,1450860.6849404247
AUSejoEUCh2DBs9mof6BNC8Pubs22w4cJa1ccV9h44R,4xkyD7AfGQDwsQMy9MosRRNGoVJ1zosNinesxg1TzHG7,Cbm5gsQe3nSiCsFrvepVzMCD9xLK3ri9g3ypS2hdmVJ7,604.7463009999992,604.0393860000004,605.9211821722313,1.001942767025262,0.06059211821722313,1.0,13655.902601,15222.360427,28904.793265273413
RoBgmK8CvjdHvPrqdDyVw54VwjZv2TqJ493xnqJAQHx,ExiHJxM7qPAcy27NDHAF6G7vnW7muNHi2sVJpnaNynGQ,6rkPHSqZb7StM4HwS9EuVrmfkV7tRdc7dnsFhyB6cefE,0.9638620000000024,57.56627899999876,0.0,0.0,0.0,0.9484894357246649,6260.087367,19.05262,18.071208792876465
BerKDkt6v49dT1bHRedgnpsJS263C1DSJtEGvY9Mg35V,78XKqNb8wbfsMMrvo8WPUpdx7GEkfQutpNVH943aCGFa,DKYQwn4nDvFHCszi5tXbqfVMAP7DaXXp1KGTXEnYnKVH,0.07210667200001808,0.07202401100016687,0.07224640717171002,1.0019378951741373,2.8898562868684008e-05,0.9999648922325987,1338.388229411,1686.819933395,3027.7425984150286
Lee1XZJfJ9Hm2K1qTyeCz1LXNc1YBZaKZszvNY4KCDw,9DgFSWkPDGijNKcLGbr3p5xoJbHsPgXUTr6QvGBJ5vGN,2hNHZg7XBhuhHVZ3JDEi4buq2fPQwuWBdQ9xkH7t1GQX,864.6390821391979,728.586274110995,153937.91240342334,178.0371898325097,15.393791240342333,149.9187665163631,6708.624906619,53864.103453028,9269624.675202562
DFWzVTzNBrQZLjoQ4yQwkj9HuoXmfkuZP9V5vbymZe23,DhgiEgiNdqZdRdo195UUHnoEJUtefK8buko8nU97XJUZ,2K2kkXsouBHtWVjtcgkyiXd8eP3oVBvq1bTJzcVdLLr2,1816.483584640002,1839.7699226940022,1796.3386117431373,0.988909906443852,0.7185354446972549,0.9999648952323881,42736.731030442,25242.396999198,67504.28755574784
BUSDTd9WiT6uBHJRgNvFXBsA7JrifsAtWzKfioN7ERcy,DyBxrn7gSc1EwnpWhDyhzvMHPtxpmBqRqotapLcKcfTM,Cds99GeBgoCpqBsoRWu1C6fF9LiUMd4pXQQD24s9LPff,269.52703834,269.40469128000007,269.13381768433413,0.9985410715819545,0.02691338176843341,0.9994443089642159,95.83099385,77.88499948,173.5329027737096
SoNcU2iwHMw6dGzsYNQkYFkUjwN1UdAjrWVRnStrZu2,8ivTTid27jZnYNc4w3CTA1Z6QS2twsFb8WMwUabeDJgc,CyXm53PMvHCbeXJBykU46Rcbo28xk5srhMZFg7gv6EYB,3.0819824949999965,3.055786391999998,547.9701511033601,177.79794401569458,0.21918806044134406,175.47969568311174,15.337716119,19.350202291,6122.582001285909
BSCuChvaSj9b5HUSqgDVRzcnr2sSn7cXaamt1jbKH6hn,GnKpRj5kBVPMJfiwZtEuD9GYApLzPdW5JFuZTcyX4BTc,3dmwD9okkomV9nDwyuh4UMhKdUR13QpuKxRo89ycZB5t,205.79747082500012,205.8506360130002,206.2762797380807,1.0023266025144095,0.08251051189523227,0.9989680659878345,1304.258617512,1809.020487692,3114.44680681299
Dg3mAgpwDfVNnbGWcsxL8sUcSkEbjSJQhKAWNigG44Ju,EATxwd8YA2wV93VJcKMmH2Kn2Y9XfJVUB9hHVu3udwEy,GiGvrRi7NMHfHKanG2B8xyCEqe8jaafWins8bhrLVEaa,0.00045585000000000764,0.0004610159999999808,0.07494697729477462,164.41148907485655,2.997879091790985e-05,178.3082646772219,0.198226173,0.261388851,79.19845270432305
wrmcMSHFi3sWpAEy4rGDvQb3ezh3PhXoV2xNjgLBkKU,8p4mGnARWPBu6P2Gcw4adodLkNDorrXniZMhaY7eJXUn,AyY89zccbsgp9LKFgH4CFZMJmpSgqmPSdTfukhP227rc,0.009497779999999331,0.04664424000000099,3.16187946095642,332.907212101843,0.0012647517843825682,3022.6091161890945,27.04113514,0.1001504,9304.904423556565
Cob4usZcpHEY7Qt4ZCwj6WVg9S44zvzYV2v9qYF65dTf,NhFM9UXE48PyNAyeyPYA3iXztqKVJwA4bTdLj4ysM8w,6TuFuynuBoeskxyR2cz4wxyidk8dpDK7kAWw3UkjQGx,21.75078299999234,1916.7260399999886,0.1992631742112379,0.009161195448058495,7.970526968449516e-05,1.0,70738.44985,190.023673,838.0724377685342
WiiQFxXqp8P9Fs1rt9SVcDyA3KUdJmUsog6wnVQAwba,3S2jpqSYxho6wiz3cafhjXruVY8cg4HYa2v3BqBHYFSj,Dfe67M6TfrG74gKRtdqys4e6E9QirPD53BkF4FujFjuv,10882.820240264002,10887.909851366,10886.009568917456,1.0002930608595053,1.0886009568917456,0.9999648952323881,10755.250841334,16062.33287287,26820.17179279695
ALBpShJ9NLpE739pcHDF2LNVk5J4VYPvvKuV6jMPitZi,D6d156U1bPiJpDYRLextvDRccgFk7QzkQbJg42ceKEu5,GNcM8U5g8RwTZffwwm3kSQqUNPSwv5d2fbN9sLxPJqt2,6672.168053999987,6678.639939999994,6647.379974076654,0.9962848537802533,2.658951989630662,0.996390078744708,53893.59165,46422.455065,99948.24273445096
