0,1,2,3,4,5,6,7,8,9,10,11
NorjjEePhxfwLF4vZjUHCrVVKLzQjEEGQFd3wgjEJmh,34M8pFVqgbV7aqHxvRT5tCv3vu2P1JJYT8J3VaxBK2oG,3AZWBSze3ucsY3xSeuLne3b2pauVqiaJ1SZSV5T9WGWw,56.3172669999999,98.4310850000038,31.90619113257173,0.5665436700359019,0.012762476453028693,1.0,38235.101644,2131.798662,23793.65347158751
daob129AwBGn9Y5r91uLoWZeYiGzbPmksauMhFZKTze,6VW5GQNyj4LStgmxEHLr5zUfW92vQnmbw8jTnCH7a38F,4VPCCUifPeBA1c7HWK358CHn2nyjm8pdTRk6Ps3KmnMQ,9.278376285000036,8.322130746000028,1332.0470348009426,143.56467057219996,0.5328188139203771,144.85042961913172,48.041545898,224.389013789,39399.91375977552
parEAJhzYzHW87y9VoZAQ22dzQ2MD2ekEtTReaxbMcz,3oyc6hpjYSJEquK6dSvG72NXyz3pqLZz5D8AC71pwgQb,Di2vordgFJVZ1aj1aBpvzXtLfZgJsuLLXawGtVFwX6Rz,2.37227936199983,2.792368257000305,334.43223800874273,140.97506531727214,0.13377289520349708,168.00623639149487,1103.680696168,139.611852424,179047.12011309722
Cob4usZcpHEY7Qt4ZCwj6WVg9S44zvzYV2v9qYF65dTf,NhFM9UXE48PyNAyeyPYA3iXztqKVJwA4bTdLj4ysM8w,6TuFuynuBoeskxyR2cz4wxyidk8dpDK7kAWw3UkjQGx,224.95200900000333,7595.438304999971,1.931222206520211,0.008585040938754996,0.0007724888826080844,1.0,71611.738675,182.306725,797.0964332202994
MiMy69CnJDY4V6cQWkU3HHfTyb8pqXJmhX4MisFYDnM,,,0.003065426999999999,0.004398999999999986,0.0,0.0,0.0,1.0,71611.738675,182.306725,182.306725
STK75uPSyBnEhGTTzb1nwmP3n427XoXmfRhXxxhyady,6TYyD5fUmDe6N65avW1Ny2RxzRNobw2RRgKwH9CTzSAU,54zDfk4cx2vGrEajPtodWpArNe5eUurytyxd4X3aZAxK,367.5043955719996,415.42979360799404,53315.13854327949,145.0734717343925,5.331513854327949,163.85580230600826,1600.512197451,280.316145943,278123.2880302764
ALLwa5WNZbvQsRKAqe1jdRGemdYQnW8E5k4msbRFcYtu,CGoM82Hbz7QVqTgvQatYtjvDWBvoUJp5qm21P8iMs9yb,3dxNNww8TivyN5FMy5dCNdi3Zcxv6e4kUfSPxfFwpdNq,2.779155010000002,2.7623829309999994,8144.282645645299,2930.488805532763,3.25771305825812,2881.470702646631,0.814133526,7.853967749,25016.78715242692
BUSD5rCfUDpCxKGMvYU2yThChxgHoioK74PTPociGnv2,CcFHbafgYDZ8yA8Me1PdtDiVb2eeaS61LbqyKKK5CsNZ,26R9s4nmF3CFDTkiePDwRmtscn8i7r2eygbSijditJ58,57.74391324999999,58.62054714,57.70823628708023,0.9993821519721863,0.005770823628708024,1.0,104.52536887,43.49967897,147.96046704698716
KEVpg4SYCVrqFxKijQH6hm4QxsRdoE51ud64bEEFUC9,2bPenuBYfqzD8p5dFjCcggwkHDsc2RQDnx9AoyYGUBjA,AE6n6iLuX8oYu61vt5hoDYkjswpnxFxrhSehxrnQTnbx,290.3019157970007,290.57672587299976,291.00353871500533,1.0024168731924432,0.11640141548600215,0.9999612525014269,1751.024845852,5774.284789348,7529.317901117605
DA1mL7dfBow33EH5yjUuZE6SH2KeUK5zEXzsyhE5r5j5,B4UtLRZND3D83CitRCBUyeiNr7H8m7YFRqBmiPmXjhW4,AAmpYbuixWiSqDaJBCqYEs1pb5SrbdPr9mgXrB58Q2e,5.798613044000376,4.423362916000002,7.558848771385621,1.303561509283069,0.0030235395085542486,0.9999612525014269,134.965989112,2907.263393381,3083.087212665534
Lee1XZJfJ9Hm2K1qTyeCz1LXNc1YBZaKZszvNY4KCDw,9DgFSWkPDGijNKcLGbr3p5xoJbHsPgXUTr6QvGBJ5vGN,2hNHZg7XBhuhHVZ3JDEi4buq2fPQwuWBdQ9xkH7t1GQX,998.293383894872,840.8390241750021,172085.66587318014,172.3798521049821,17.208566587318018,144.9878427693838,6695.496807613,53882.580055358,8966487.794540688
KEnkcdADoLR5jS2CLLLesy8TtFsyWL37BhXNfDMzWzP,3qsjFRuw1qeLMPo4DLwaQevenGAGBj9dA3Q6rb8ax2YR,77iEv8zPQAEyCcEbvBRSB6AFcUdfkhiqnAKtPxk76rNN,1.7844709999999955,2.7051589999999934,0.015311864152066156,0.008580618094699323,6.124745660826463e-06,0.9991886588090471,119.371175,0.296798,1.3208356597477269
wrmcMSHFi3sWpAEy4rGDvQb3ezh3PhXoV2xNjgLBkKU,8p4mGnARWPBu6P2Gcw4adodLkNDorrXniZMhaY7eJXUn,AyY89zccbsgp9LKFgH4CFZMJmpSgqmPSdTfukhP227rc,0.003297819999999979,0.03006408000000249,1.0386834645669225,314.96062992125985,0.00041547338582676905,2929.029612489382,27.05093072,0.09908869,8810.21188680034
C98Sspw7XqnMsgxea3SLQVdbMDL8pKUc3RE82UvX9eq2,CSqgQJurPCzGxb4Cgwx5R61hWQUiaoUHcShNc8r1cKEL,6S2CR5EnukPhC914XkAns8m5GixjMAoUuZMsS5ubHuWc,21.014859,21.00151500000004,0.0,0.0,0.0,1.0,851.591859,912.192311,912.192311
SoNcU2iwHMw6dGzsYNQkYFkUjwN1UdAjrWVRnStrZu2,8ivTTid27jZnYNc4w3CTA1Z6QS2twsFb8WMwUabeDJgc,CyXm53PMvHCbeXJBykU46Rcbo28xk5srhMZFg7gv6EYB,2.563398242000005,2.540318049000007,441.7780678081725,172.34078598083536,0.176711227123269,167.65496474132266,15.346843338,19.343018054,5887.840053029805
ercAoEmXjQzEvAFbdjAo81KtMxRGn9AW1ju882upmPH,CMRhskR2Eg6V42RTSdRTXGdozyPbWB8U9dVpijPWb9T4,7TKLLgrWswt6ZJ1pXhVR3FyufHGjJFqiEXxvWJfDcgRm,30.357583753000036,30.683018552999968,4401.509935648171,144.98880976366243,1.7606039742592687,131.79663726151892,51.808086678,379.198729825,57488.710268350114
GokA1R67GqSavkd15zR62QD68Tuc5AEfvjssntVDEbM8,3YB7hfpBdbQEuZqLGWVDpRPmeZWCUsrrWyqGXegnQ6Cg,4DPCj6Z1DsG6HUtwSogBGqXEUxdEV5a8YVrrFtcnz7UW,7028.7066650000015,7029.300932999999,7028.664493013043,0.9999940000359998,0.7028664493013044,1.0,17080.672528,15340.115324,32420.685368579732
KEN5P7p3asnb23Sw6yAmJRGvijfAzso3RqfyLAQhznt,9zj4aX38Uxf3h6AUjS4EipWS8mwbEofasHAf3a1uKGds,CwQDG1MWunn9cLNwcZLd8YBacweSR7ARo32w4mLua1Yr,28887.407972000772,28888.139522999525,28850.85394005872,0.9987346032576726,2.885085394005872,1.0,1153958.440987,1148654.330211,2301152.555945994
MAR3XM1n9xWPQ3HJjAcC85o8DopWFP5p2WxGTaZ3fPB,6qG7GUhER8Cg9gDEgnebph9LdS6eu2eoWcA4R7z9uizK,4QV4CwRXVMY227KkFF9voNAfwWHVvVajXSXDKbUHkWZR,0.20823000000000036,0.0049949999999999994,0.1980848845527469,0.9512792803762501,7.923395382109877e-05,0.022879534469196973,0.117321,24.052142,0.6619068484000422
WiiQFxXqp8P9Fs1rt9SVcDyA3KUdJmUsog6wnVQAwba,3S2jpqSYxho6wiz3cafhjXruVY8cg4HYa2v3BqBHYFSj,Dfe67M6TfrG74gKRtdqys4e6E9QirPD53BkF4FujFjuv,6281.334652415,6269.234591164,6303.394307392684,1.0035119375416819,0.6303394307392683,0.9999612525014269,4836.988255653,21991.760416915,26844.883747506326
C2ypsDADXcCRz8HbV2zX1AXPSja7a1P3xZtRC91xGhJh,J9bYNuDpY1d1T86gLaw7DGk5D3CsUAf2tzUwxMvb6FTv,A2NGvvPrMGzsJ4jb52KEnSBVmsA7C34dV1GC7PerdgvG,19.426125415999877,19.557197180000003,2815.505764676758,144.9339847439589,1.1262023058707034,145.50415443461742,3055.356273584,1696.995926647,689744.9169287444
MiMUFdSLMyCLpqpH6zkqdDrGYs7XBomwENbivdYjv9V,,,0.008960880000000004,0.013226000000000071,0.0,0.0,0.0,145.50415443461742,3055.356273584,1696.995926647,246919.95738576178
heyk4SZTeCUV6a65WiVA5bzic3KcxgVf1qxobfeV4tQ,9ZDpBKPqMABtGfq66FbVribaArMvtk63xxy91onZAtDt,DaTP4s6N7xxSPinbNZ3FB52EpRDRt87QShTuN3VPCW52,21.488217979000183,18.58156710500009,3590.539902076601,167.09342326969747,1.4362159608306402,144.94568595255984,620.835117955,4498.426170151,755764.9320846308
moFiBS1R4Lf3E3zzmBPnw3NF4RhWPkhREFviuzUaCAU,44ALBrpqi9PfZkBRTvbtRNtFJGsatfY4QydjtMbFWq8S,2ho8qEEie1UjVwWNBo9y4oAJZMyMLx8zPj9bxyUz6uWs,1522.4657052850016,1520.4985664369997,1524.0611687194757,1.0010479470433624,0.6096244674877903,0.9999612525014269,27776.083768312,36645.629995887,64449.40170256422
TETFuZgEmET6d9vYmz9iMFCxK1jKdKYxf3oPz8hSzJK,Eu1Ze6Z84LWNkq7SNoAHBJbXx5t1P95EwyqYohrfCRFV,ASMbv7WNu3qe4pkhREmvyEdwFNDZQ6B6iSrjkj4u8bdC,128.50374531,128.34349207,129.1449253267113,1.004989582328239,0.05165797013068453,0.9991197754778042,37.487461682,214.148030455,251.6340405655526
CZgvH45CRmoaNJ7395Ao5CQZXkGznvqU7cErD6n7FaRg,4ZjU6MKvtqVQKCiowhvZ5yUsPxXX5SCzd5eFsPeXyey5,BsyWeshjDbCvjDojry3vKDCesmFRM37WtwcR4Kfgzqr,46.50035693999993,45.446550249999916,47.5014786279565,1.0215293334037916,0.019000591451182602,1.0,246.30186366,558.11661098,809.7211895807113
Lid8SLUxQ9RmF7XMqUA8c24RitTwzja8VSKngJxRcUa,4PgzyzLtds9bKZ2to9PMnKqJzKEUpjvNUaeN23phegax,AtymwxoVN9peZo7EXTcDz9jKVc4vRmisJKKrNfe3ewBa,28.960667645998114,24.51691036800071,4969.45343381112,171.59319303530683,0.49694534338111196,144.98073785916802,966.597274386,7676.683065373,1278832.6878198755
HEDSDjj84KS7LKhZY7ejkCACTdPen62rKhCby1wXtgxc,EnnjMSFttpCTywBrYNt1J5QQeoSVkvzPipJDa8Y7kJow,6bjVT6JN2rSvpyn9PdfLYC8wJn4LWh49jpY47fnLDXZk,14.51536205499906,14.985414157010382,14.063173113199637,0.9688475602547103,0.005625269245279855,0.9999612525014269,38851.912726328,9036.812146485,46678.042848751065
ALBpShJ9NLpE739pcHDF2LNVk5J4VYPvvKuV6jMPitZi,D6d156U1bPiJpDYRLextvDRccgFk7QzkQbJg42ceKEu5,GNcM8U5g8RwTZffwwm3kSQqUNPSwv5d2fbN9sLxPJqt2,2023.4021710000015,2023.2216800000024,2021.8756548805666,0.9992455695949557,0.8087502619522267,0.9986219017755498,50992.69229,49322.754476,100209.00472813298
TSMFNX73aQNb3yqszDKgyR8AVoigfbaD4cfLjjCYXZf,C5uYkVHiFduEFq8S3fr4pgUS24oYj1sjZ8WW2cb4j8SU,3F5DPU5ScgHiFzePYUHZovvgh3uqmM5keNvbavx2ERqV,79.15751300000011,126.895795000004,0.0,0.0,0.0,0.05527424649041699,2998.681215,82215.148803,4544.380400183333
JSoLLrxK5bYdHwTEWYaGgmeycBCNXKDiBCTw5hXGBg7,xG4wXczA7Dk4hccJ61CHKpDHW4NrNfQwgmWgkb9BuF2,BVR6WgfhsRr9Lob4QDnkEAiNGgAbv7ZieKcY9kSg3QYR,2.5697225389998835,2.184115487000007,432.7292721768453,168.39532891565028,0.17309170887073813,145.06347542494169,17.055861535,164.683352941,26761.666935379864
Sid7E679i9ABqptiAVhkmQ27YHN8vaYT4fppPwmxFsJ,GP7KB8o1bv527HG8kTzzzf4wJ5aEGHvcMQvVhLziUfmT,9gYxhAZ1M9wu5pxr8SBoa5NDm21gi3s9vMHaYTME77sa,1616.218281999998,4106.333594000011,13.85584951136777,0.008573006298519143,0.005542339804547109,0.023214825210241583,133187.401678,9663.156353,1366.1449191830234
vEnkoSUkpnbRrPgBz9DfcVxNz67zjwMYBZraAvDDNSf,DtfyjjsZ5yCjWKLKHvwsfXs5QVsmm1QkK6Sh9JZHoq1g,e5wrKCRv4GhHvEf1VD5Pq2KGaZDXP77nTL612Jyrxwy,429.2888270000003,429.2189329999999,429.17252124674246,0.999729073421103,0.042917252124674246,0.9995322189215448,850.269233,1097.699473,1947.224862422262
KwnjUuZhTMTSGAaavkLEmSyfobY16JNH4poL9oeeEvE,J63v6qEZmQpDqCD8bd4PXu2Pq5ZbyXrFcSa3Xt1HdAPQ,BnKQtTdLw9qPCDgZkWX3sURkBAoKCUYL1yahh6Mw7mRK,298.7758470000467,10961.095896000159,6.939559424991204,0.023226641292025587,0.0006939559424991205,1.0,275900.394784,611.03269,7019.272191976215
RoBgmK8CvjdHvPrqdDyVw54VwjZv2TqJ493xnqJAQHx,ExiHJxM7qPAcy27NDHAF6G7vnW7muNHi2sVJpnaNynGQ,6rkPHSqZb7StM4HwS9EuVrmfkV7tRdc7dnsFhyB6cefE,15.158738000000255,186.91361499999996,0.0,0.0,0.0,0.9512810902442318,6196.77369,20.208502,19.22396581476274
YAkoNb6HKmSxQN9L8hiBE5tPJRsniSSMzND1boHmZxe,CfWX7o2TswwbxusJ4hCaPobu2jLCb1hfXuXJQjVq3jQF,EnTrdMMpdhugeH6Ban6gYZWXughWxKtVGfCwFn78ZmY3,2179591.238067001,2178662.945882995,2179591.238067001,1.0,217.95912380670012,0.9986428443744949,350368.94107,1098131.431296,1447010.0371164726
KysFMBBoavfov2tLpvefWW6tPFt6rAeZWDJVy1mMQae,B8ka2V21TH3x64dFV8ETcjuQcwmrciJ2qzy1mJUttRew,7fSf7EYxBANyxzk2s5pymFgshA91tFYQNKKs5UnLWcYS,149.39080699999977,198.4361950000166,0.0,0.0,0.0,0.02322263097407117,134179.061563,2859.592955,66.40727193001871
ACUSESXyNnwRLAg1dpSGMLSzUDdLjUMybY8rkXiAKhCP,AhFPQdu8GKBsxuhiH46UmCu1YpaLgNpoP325HnYtsgas,A8wxWpT3aFEr2XqZp1kDmbxbFfcBE95UUmdsNTDBJYbT,456.0780002649999,456.2596428070001,456.0603283833354,0.9999612525014269,0.18242413135333418,0.9879012348269508,1045.180416672,1840.979146512,2863.845490675167
AURHmCnNwiW4uA2Qj1XvEh4iKgRUZYXtiY7FKAapUV5Y,BKWm4TRnTeKwfWXRyuzjRHU7iZDkPuXBX5b5V5jSVfGJ,A5Ww74HVrkj9nPeC7pHKLfgeDMEhBCpW1efQdz3TGLEg,0.001055755999914254,0.000943207999966944,0.15815709196851976,149.8045874059583,6.326283678740791e-05,145.0799753364042,289.931252476,1795.28418984,303892.81763708347
SEQV6QiTpvTzrceiaYg9Avnwf7oc8ZALpnQMz6TyT4A,3dFMPj4r9mMmPHF32mz1gNDX7f8ftidWof7S8YiYTs1j,Fc1ED3YPeQfXQosHbd8DTaBd2AV5gHQtwiSAL5C5pUhi,789.7011385960004,789.9891617599997,789.1856646170711,0.9993472543551782,0.3156742658468285,0.9993094771512885,3206.787240457,2340.169119223,5543.24720302825
KZMu9QBEdL97EFgamLbN5DE1AoKBG4HdrKKJo4Vuon3,DD4ACBWyVqdaKWh7v5btsgqQCCMwbKnuL2xd9pv7Gyuw,GcYqiJ1MAuYbNTNYXm1F1gQYTfTgkErACAhNU5dpVj9T,34.67980403999968,36.008945470000754,33.31916656111023,0.9607657102871721,0.013327666624444094,1.0,2383.26823924,716.46359246,3006.2259951382766
SAMyS8Jr2HJrkFwYVKbpUwsNStnQmvz3f8Tup8bWUWF,6jPzm5TFfquvgm25sTyN3MMGBfufRaFHMxobDWv6hMFW,Cj9ECoDmxsHTDzCY5ZA6RWrPbg9uFzEC1Qc2kso2vJG6,1526.2263675099966,36.07166932999996,1466.3459600397525,0.9607657102871721,0.586538384015901,0.02321857783424536,514.40680474,107477.44615235,2989.697868046834
SoN9GaFpSXfpyR5dth3x7PHPVhvJMpQqqDJfCSmPv1t,9kZ9iS68ViMPtoeqtnhAKuF2iqVyfHPdZHoUNdwCELr,BBhm5fJLjw3HRzjtKB8uMEYjGhY6EDm9co3cqpjrSzB9,1.074072391000001,1.0692299879999998,186.783309271097,173.90197423955277,0.07471332370843882,170.07638640742715,0.847318588,1.373925151,381.02260013942896
BSCuChvaSj9b5HUSqgDVRzcnr2sSn7cXaamt1jbKH6hn,GnKpRj5kBVPMJfiwZtEuD9GYApLzPdW5JFuZTcyX4BTc,3dmwD9okkomV9nDwyuh4UMhKdUR13QpuKxRo89ycZB5t,115.37547119199985,115.16600370100014,115.52890848569804,1.0013298952724783,0.04621156339427922,0.9992405771613573,1320.32107964,1681.365715435,3002.165816312555
BUSDTd9WiT6uBHJRgNvFXBsA7JrifsAtWzKfioN7ERcy,DyBxrn7gSc1EwnpWhDyhzvMHPtxpmBqRqotapLcKcfTM,Cds99GeBgoCpqBsoRWu1C6fF9LiUMd4pXQQD24s9LPff,530.33101406,533.2772096099999,531.2784375849609,1.0017864758044372,0.053127843758496086,0.9992585501557844,70.30699153,103.58397185,173.9397627994597
MATSnbbiTCv7Dc3trJrkrqjx7ckKdr6fwPoVwv9q3sD,631WX9JizSHJm4w6VanZeJAst9T8DeUUnPLesdGkCVtK,211maUSfpnXbPuW1iBu8b4dtJv5EbN1j7JJiEX5TZKEP,2414.4789100000016,2412.794587000004,2415.522415683577,1.0004321867046564,0.9662089662734308,0.9954488080495972,20192.986375,25364.4263,45450.70144243544
MARpDPs5A7XiyCWPNH8GsMWPLxmwNn9SBmKvPa9LzgA,6YjT74rmcfCpw8LSjPNx5JTmZoYLGrTKnf9arfSgZ4SR,F8GSmi3vA8M8TsybLya1LQ4n1aFHCRbZ6k437PeTdXtg,10619.310252999976,11181.123726000307,10101.939425331617,0.9512801853093801,4.0407757701326465,1.0,296747.849174,15422.686561,297713.03551340266
FrnkTEL6yZ5Aycq2TrEgu29dCrwKG4LPUZydfiwqspkc,DjvZuMZ46fxKBoBpGMPcRcos4xdTtHFxwMh69DpA2ZFY,9rvDPJLAng4uVVqnnSoEXgNDFhBZQTny9AoQioYDZbQX,18.66829349100135,15.547841458999784,3244.196405129835,173.78109074049163,1.297678562051934,144.81464377263,172.238383057,1439.549400424,238399.60769052873
AUSejoEUCh2DBs9mof6BNC8Pubs22w4cJa1ccV9h44R,4xkyD7AfGQDwsQMy9MosRRNGoVJ1zosNinesxg1TzHG7,Cbm5gsQe3nSiCsFrvepVzMCD9xLK3ri9g3ypS2hdmVJ7,371.2591160000011,370.31558699999914,372.30790737507664,1.0028249579064223,0.037230790737507666,1.0,13447.292876,15431.668353,28916.949265330033
MATgk4zXLXtYkwBH678J1xZbRDZ45LicNzkRBHkxTuY,y8dALFo1bJrSzPYjMX14HJX448pXqYmrfXHD1K8MXih,GN7Yuet3UyiWS5YVkEHv6oQKi4HGBJc3XDPt9zQhAqZz,2877.2768089999995,2880.180497000001,2877.173230763692,0.9999640012959534,1.1508692923054769,1.0,4295.684054,3770.081473,8065.610887941063
BUSDgu5JdqP1rndBvXvanbEufS94FNh1w5FJcAj6vawb,Bgzr8cWubt89JQFXndVjtdKmDbGzuPxNhvjH1EhWCwbo,Dxaf8xPBBQsasRKW5Aa4Sw2YrbfGofY9xZueyyF23FBW,9864.69945126,9902.824345260002,9848.074621049966,0.9983147149802004,3.9392298484199864,1.0,8680.93559093,6407.98411867,15074.28985889076
SQDY9uoDoCbNq7F3HAHYYQZbrUzpKxDtdWLvYcqBLak,GiehZ4X2uQjhEKuxSm3ACmEFrabxh3RTvjbLfLjw1xGX,rxDQYV77NKRKYxCjq4cECX3QQsiSyLv1T1FT2X3zNA2,20.94158567400001,21.0,21.01565893658402,1.0035371372415212,0.008406263574633609,0.9999612525014269,148.810775491,257.869638935,407.19678675846217
MiMuMS9C4vBqcrYeeQPph1E7oAW9aNKvW9k6Zw9XffM,Afy2q2hh6Y474pshJa5fnQ6PfEchGyTbKrQpCZw2hr3m,5pXz9ksgjeL8Wgb37bksUaBFMLdFfsNNY3FQnikkCPtS,0.7926694390007469,0.012026306999999292,0.0,0.0,0.0,0.02324314913989889,26.019090237,7672.886734602,178.34205070590608
RajgMbScQbqqrdJfR2rxfHJiTiY5b6bJ2tTXiF4aPxy,725ZA3fhyBAKb5iopNRrcbSuQa3LXA1656Q3mBvYPxeg,GLA6i1dSZpUfk2f9Nj8uiG7xyDdAR2reff8oEiZH3617,4695.256040069995,4704.371238089996,4685.601498749866,0.9979437668068076,1.8742405994999465,1.0,133294.0310849,50639.06386121,183659.0113349388
BSC8REUo9LpiiWUuqMuLXs2D2yJsJfGd4HdiF3wCLxk5,AZjEH1zWVx1UJ6udMyRijGTzPteuLnaY18yNNmprJEsh,Caf8ypkSVR8xYnXNhjvfvdGCC7mrM3C11rz8Xi6NA6aK,56.557151037000494,56.45613852899987,56.63760747702676,1.0014225688273024,0.022655042990810708,0.9999612525014269,2696.67336728,3513.437713513,6213.8111473399185
B2izdXFYb2sNwbWWHmh75T4aQFtfXsUxem9u2p61HGzf,4DYwgJtxwuJdAjkj5RJSNH4e7U329V5cNp7d3a1nLrZv,EXNW64GEf1ACC6xY9BtKRiunrs6GoJSXBdxWN2eTPmrF,1901.7500559999844,1885.4360139999953,1915.2545155894054,1.0071010696420462,0.19152545155894055,1.0,11324.442675,28397.019613,39801.877944092535
