0,1,2,3,4,5,6,7,8,9,10,11
ALBpShJ9NLpE739pcHDF2LNVk5J4VYPvvKuV6jMPitZi,D6d156U1bPiJpDYRLextvDRccgFk7QzkQbJg42ceKEu5,GNcM8U5g8RwTZffwwm3kSQqUNPSwv5d2fbN9sLxPJqt2,651.7548029999962,652.3893609999941,651.091991352799,0.9989830352700951,0.2604367965411196,0.9993893730930402,52651.883375,47659.424161,100228.66030088165
KEN5P7p3asnb23Sw6yAmJRGvijfAzso3RqfyLAQhznt,9zj4aX38Uxf3h6AUjS4EipWS8mwbEofasHAf3a1uKGds,CwQDG1MWunn9cLNwcZLd8YBacweSR7ARo32w4mLua1Yr,102682.99357599905,102684.3414219995,102621.42072356491,0.9994003597841296,10.262142072356493,1.0,1133650.347571,1126004.060799,2258974.626030861
NorjjEePhxfwLF4vZjUHCrVVKLzQjEEGQFd3wgjEJmh,34M8pFVqgbV7aqHxvRT5tCv3vu2P1JJYT8J3VaxBK2oG,3AZWBSze3ucsY3xSeuLne3b2pauVqiaJ1SZSV5T9WGWw,65.80458700000054,112.4361080000017,38.0920495625222,0.5788661748233734,0.015236819825008881,1.0,38235.118654,2193.749071,24326.76595015879
ALLwa5WNZbvQsRKAqe1jdRGemdYQnW8E5k4msbRFcYtu,CGoM82Hbz7QVqTgvQatYtjvDWBvoUJp5qm21P8iMs9yb,3dxNNww8TivyN5FMy5dCNdi3Zcxv6e4kUfSPxfFwpdNq,1.739528266000005,1.7114256490000002,5328.294379269168,3063.0685821055536,2.1313177517076674,3023.5778601534766,0.877932241,7.781255901,26216.39973107681
MAR3XM1n9xWPQ3HJjAcC85o8DopWFP5p2WxGTaZ3fPB,6qG7GUhER8Cg9gDEgnebph9LdS6eu2eoWcA4R7z9uizK,4QV4CwRXVMY227KkFF9voNAfwWHVvVajXSXDKbUHkWZR,0.010242999999999988,0.4443260000000002,0.00910490507538679,0.8888904691386118,3.6419620301547162e-06,0.020844645027368186,0.107105,24.494725,0.6057884613650921
C2ypsDADXcCRz8HbV2zX1AXPSja7a1P3xZtRC91xGhJh,J9bYNuDpY1d1T86gLaw7DGk5D3CsUAf2tzUwxMvb6FTv,A2NGvvPrMGzsJ4jb52KEnSBVmsA7C34dV1GC7PerdgvG,856.2430922089993,861.2260380599969,132334.02508856973,154.5519330814858,52.9336100354279,155.42877748272215,2542.475179996,1491.57512587,624778.1522176919
BUSDgu5JdqP1rndBvXvanbEufS94FNh1w5FJcAj6vawb,Bgzr8cWubt89JQFXndVjtdKmDbGzuPxNhvjH1EhWCwbo,Dxaf8xPBBQsasRKW5Aa4Sw2YrbfGofY9xZueyyF23FBW,11530.067670100003,11519.107579369997,11543.870098383135,1.0011970812902447,4.617548039353254,1.0,6961.5078383,8108.66348545,15078.504814535121
SAMyS8Jr2HJrkFwYVKbpUwsNStnQmvz3f8Tup8bWUWF,6jPzm5TFfquvgm25sTyN3MMGBfufRaFHMxobDWv6hMFW,Cj9ECoDmxsHTDzCY5ZA6RWrPbg9uFzEC1Qc2kso2vJG6,5030.213266300028,174.06505450999202,4907.749314266265,0.975654322083278,1.9630997257065064,0.020856570042113297,476.32764555,109150.12593983,2741.2283728781613
Dg3mAgpwDfVNnbGWcsxL8sUcSkEbjSJQhKAWNigG44Ju,EATxwd8YA2wV93VJcKMmH2Kn2Y9XfJVUB9hHVu3udwEy,GiGvrRi7NMHfHKanG2B8xyCEqe8jaafWins8bhrLVEaa,0.004100716000000004,0.004138392000000046,0.7584609113110805,184.9581661619775,0.0003033843645244322,183.30481721393542,0.202204939,0.257367616,84.57617851400084
BSCrK1Nx9PXU9mF7STWWBqeHLxmtJDr9h7jheEy4tAWX,FfSySSbVJPvEo5a5AvrP3nySoXpRE2QPn1uUMpJJ1x7v,HL7Vcj6838ZmvBHDbQxXfjBNckNi83WvPiZQoMQLFeRM,0.00019893299999995673,0.0001987179999998201,0.6110317628519814,3071.5455095540424,0.00024441270514079255,3063.1624088709186,0.840167801,0.964118951,5533.866564816708
KEnkcdADoLR5jS2CLLLesy8TtFsyWL37BhXNfDMzWzP,3qsjFRuw1qeLMPo4DLwaQevenGAGBj9dA3Q6rb8ax2YR,77iEv8zPQAEyCcEbvBRSB6AFcUdfkhiqnAKtPxk76rNN,0.016187000000000007,1.761134999999996,0.00014111990180488932,0.008718101056705336,5.644796072195573e-08,0.9990159692702688,118.109134,0.307603,1.3369876751273946
Sid7E679i9ABqptiAVhkmQ27YHN8vaYT4fppPwmxFsJ,GP7KB8o1bv527HG8kTzzzf4wJ5aEGHvcMQvVhLziUfmT,9gYxhAZ1M9wu5pxr8SBoa5NDm21gi3s9vMHaYTME77sa,2968.653271999965,7030.573964999992,25.876360286679446,0.008716531678098834,0.01035054411467178,0.020622548546097956,130265.58467,10807.153328,1358.335139493925
Cob4usZcpHEY7Qt4ZCwj6WVg9S44zvzYV2v9qYF65dTf,NhFM9UXE48PyNAyeyPYA3iXztqKVJwA4bTdLj4ysM8w,6TuFuynuBoeskxyR2cz4wxyidk8dpDK7kAWw3UkjQGx,72.68060400000005,7087.268119000008,0.6345282966930484,0.008730366311939951,0.0002538113186772194,1.0,71391.828362,184.162076,807.4388892794041
SoNcU2iwHMw6dGzsYNQkYFkUjwN1UdAjrWVRnStrZu2,8ivTTid27jZnYNc4w3CTA1Z6QS2twsFb8WMwUabeDJgc,CyXm53PMvHCbeXJBykU46Rcbo28xk5srhMZFg7gv6EYB,4.9090347530000145,4.863571254,900.2421326106534,183.38475441847228,0.3600968530442614,178.26691048826237,15.953533869,18.727184207,6264.072161399814
heyk4SZTeCUV6a65WiVA5bzic3KcxgVf1qxobfeV4tQ,9ZDpBKPqMABtGfq66FbVribaArMvtk63xxy91onZAtDt,DaTP4s6N7xxSPinbNZ3FB52EpRDRt87QShTuN3VPCW52,128.73286282299455,111.79987523899979,22957.535090559166,178.33468927142076,9.183014036223668,154.76577206375669,621.235064957,4478.855740415,803961.3289011335
KEVpg4SYCVrqFxKijQH6hm4QxsRdoE51ud64bEEFUC9,2bPenuBYfqzD8p5dFjCcggwkHDsc2RQDnx9AoyYGUBjA,AE6n6iLuX8oYu61vt5hoDYkjswpnxFxrhSehxrnQTnbx,1280.792484439,1281.719287,1281.5883572167731,1.0006213908868475,0.5126353428867093,1.0,2624.170505598,5020.004841471,7645.805982706713
KysFMBBoavfov2tLpvefWW6tPFt6rAeZWDJVy1mMQae,B8ka2V21TH3x64dFV8ETcjuQcwmrciJ2qzy1mJUttRew,7fSf7EYxBANyxzk2s5pymFgshA91tFYQNKKs5UnLWcYS,91.24689800000851,102.45648099994787,0.0,0.0,0.0,0.020830226591829773,134480.330294,2628.504169,54.752337437839216
WiiQFxXqp8P9Fs1rt9SVcDyA3KUdJmUsog6wnVQAwba,3S2jpqSYxho6wiz3cafhjXruVY8cg4HYa2v3BqBHYFSj,Dfe67M6TfrG74gKRtdqys4e6E9QirPD53BkF4FujFjuv,1055.288300127998,1056.4543579240026,1054.3306695045083,0.9990925412293745,0.10543306695045083,1.0,18419.508921705,8398.206644205,26801.000620988387
RajgMbScQbqqrdJfR2rxfHJiTiY5b6bJ2tTXiF4aPxy,725ZA3fhyBAKb5iopNRrcbSuQa3LXA1656Q3mBvYPxeg,GLA6i1dSZpUfk2f9Nj8uiG7xyDdAR2reff8oEiZH3617,46166.845430889975,46216.7452376,46094.68512322327,0.998436966897062,18.43787404928931,1.0,134227.89541547,49700.42165687,183718.5144284679
parEAJhzYzHW87y9VoZAQ22dzQ2MD2ekEtTReaxbMcz,3oyc6hpjYSJEquK6dSvG72NXyz3pqLZz5D8AC71pwgQb,Di2vordgFJVZ1aj1aBpvzXtLfZgJsuLLXawGtVFwX6Rz,9.406220675999975,11.004018486000689,1423.4653616169398,151.33233746566458,0.569386144646776,178.66235494850056,1102.823363213,140.328939367,191964.33614150246
JSoLLrxK5bYdHwTEWYaGgmeycBCNXKDiBCTw5hXGBg7,xG4wXczA7Dk4hccJ61CHKpDHW4NrNfQwgmWgkb9BuF2,BVR6WgfhsRr9Lob4QDnkEAiNGgAbv7ZieKcY9kSg3QYR,3.3493815579999477,2.850260649999985,607.5660397483138,181.39648446357248,0.24302641589932547,154.71098827058643,17.013073531,164.729793541,28571.62088478143
MATSnbbiTCv7Dc3trJrkrqjx7ckKdr6fwPoVwv9q3sD,631WX9JizSHJm4w6VanZeJAst9T8DeUUnPLesdGkCVtK,211maUSfpnXbPuW1iBu8b4dtJv5EbN1j7JJiEX5TZKEP,923.916202000004,923.4067090000135,924.8632619802717,1.0010250496508424,0.3699453047921087,0.9985580821294051,20274.716265,25279.6801,45538.72773332926
7oAd7xG4m3oC2qeWB1szghTebAZyyGPAFDJ4wwwbRSNi,D9yh4KAysxt9GLacVe4Wwh2XqghhcjTCSTV9HuM7TBJd,HDYfJLpZKaMFb84jM4mRytn7XLR8UFZUnQpSfhJJaNEy,146.0883765819599,3.3127940000000535,146.0883765819599,1.0,0.05843535063278396,0.022765210018464453,955.123997978,300105.437947635,7787.087320539164
DFWzVTzNBrQZLjoQ4yQwkj9HuoXmfkuZP9V5vbymZe23,DhgiEgiNdqZdRdo195UUHnoEJUtefK8buko8nU97XJUZ,2K2kkXsouBHtWVjtcgkyiXd8eP3oVBvq1bTJzcVdLLr2,0.4553984789963579,0.4605586379948363,0.448043100580099,0.9838484782986776,0.0001792172402320396,1.0,45476.03363391,22540.05739651,67281.58388629185
KwnjUuZhTMTSGAaavkLEmSyfobY16JNH4poL9oeeEvE,J63v6qEZmQpDqCD8bd4PXu2Pq5ZbyXrFcSa3Xt1HdAPQ,BnKQtTdLw9qPCDgZkWX3sURkBAoKCUYL1yahh6Mw7mRK,924.4857709999769,40066.91644600001,19.296836883528883,0.02087304909263916,0.0019296836883528885,1.0,277508.909722,575.533981,6367.991077272076
moFiBS1R4Lf3E3zzmBPnw3NF4RhWPkhREFviuzUaCAU,44ALBrpqi9PfZkBRTvbtRNtFJGsatfY4QydjtMbFWq8S,2ho8qEEie1UjVwWNBo9y4oAJZMyMLx8zPj9bxyUz6uWs,2979.592114164996,2978.6557585080045,2979.831290323514,1.0000802714429875,1.1919325161294057,1.0,32914.313447876,31489.437169994,64406.392697305404
AURHmCnNwiW4uA2Qj1XvEh4iKgRUZYXtiY7FKAapUV5Y,BKWm4TRnTeKwfWXRyuzjRHU7iZDkPuXBX5b5V5jSVfGJ,A5Ww74HVrkj9nPeC7pHKLfgeDMEhBCpW1efQdz3TGLEg,0.013202172000148948,0.011848912999994354,2.2729627016791585,172.16581496238004,0.0009091850806716634,154.9719175388228,289.944339681,1798.335293093,328609.97228327167
SRMuKizofcAMicegrfSv7xs9q76tH1w8aAF7oX9FEWu,72Hj2KWntXPfbie4UgKeTPnm1XVkomDfCnRPKbvfTtPi,6aqJQ5wedqpUt4fFEDUqUmXhrdxCu4bEJsQdVPCADLko,29.74520300000222,29.624885000000177,1.2564639868283691,0.04224089466890763,0.0005025855947313477,0.04238228088381974,16928.681878,4962.345507,925.3981892122782
HEDSDjj84KS7LKhZY7ejkCACTdPen62rKhCby1wXtgxc,EnnjMSFttpCTywBrYNt1J5QQeoSVkvzPipJDa8Y7kJow,6bjVT6JN2rSvpyn9PdfLYC8wJn4LWh49jpY47fnLDXZk,34.25344845499785,35.261752309006624,33.18722833217256,0.9688726195195766,0.013274891332869026,1.0,39074.827116387,9093.006376398,46951.53648192646
RoBgmK8CvjdHvPrqdDyVw54VwjZv2TqJ493xnqJAQHx,ExiHJxM7qPAcy27NDHAF6G7vnW7muNHi2sVJpnaNynGQ,6rkPHSqZb7StM4HwS9EuVrmfkV7tRdc7dnsFhyB6cefE,1.9542149999999978,110.9378000000006,0.0,0.0,0.0,0.9413563250202156,6299.471852,18.388735,17.310352001370614
BUSD5rCfUDpCxKGMvYU2yThChxgHoioK74PTPociGnv2,CcFHbafgYDZ8yA8Me1PdtDiVb2eeaS61LbqyKKK5CsNZ,26R9s4nmF3CFDTkiePDwRmtscn8i7r2eygbSijditJ58,188.3956091,187.46953638000002,187.92705995776032,0.9975129508353299,0.018792705995776034,1.0,82.14287074,65.76244195,147.70101933194246
SAMGk1Nd4haC8zQA63DG37pzuEZy8j4q13tSFtCbcRE,9U9TnkHD3jXMAVZtynCVLgDruuqN4pTvLJTmVHCLWS8g,C6zoEbvqSknmi96QWq96UBiPCyNW3YSTvKhavR2BfifE,0.21427724000000126,0.07679252999999997,0.3207791134597842,1.497028398628722,0.0001283116453839137,0.0,54.29314851,0.84248377,81.27838517043669
B2izdXFYb2sNwbWWHmh75T4aQFtfXsUxem9u2p61HGzf,4DYwgJtxwuJdAjkj5RJSNH4e7U329V5cNp7d3a1nLrZv,EXNW64GEf1ACC6xY9BtKRiunrs6GoJSXBdxWN2eTPmrF,6076.442382000012,6007.653151999999,6135.8186995556125,1.0097715593801215,0.6135818699555613,1.0,9986.705089,29952.187529,40036.47829978893
SoN9GaFpSXfpyR5dth3x7PHPVhvJMpQqqDJfCSmPv1t,9kZ9iS68ViMPtoeqtnhAKuF2iqVyfHPdZHoUNdwCELr,BBhm5fJLjw3HRzjtKB8uMEYjGhY6EDm9co3cqpjrSzB9,0.5982894889999986,0.5871681020000006,110.9514282720627,185.44773109337203,0.04438057130882508,182.3126468642316,1.553280472,2.428633275,730.8228999118393
4Fss9Dy3vAUBuQ4SyEZz4vcLxeQqoFLZjdXhEUr3wqz3,,,9.681300000000006e-05,8.339999999999997e-05,0.0,0.0,0.0,182.3126468642316,1.553280472,2.428633275,442.7705606277973
BSCNHw8CmxbZ8hCWWzMf5FaG2ajPT6JxfznKUNuRVrn4,7n9kgNL633yGzCYksgnzHyjG73ZLBAwvEae5sbAekbzW,SscdxE99omdG9AiMVwmaEMQySQnCgeAh1sPj2Leutm2,407.1139384740013,405.400872740001,409.3032524549928,1.0053776443744415,0.1637213009819971,1.0,3954.620315899,7749.839021623,11725.725879216847
GokA1R67GqSavkd15zR62QD68Tuc5AEfvjssntVDEbM8,3YB7hfpBdbQEuZqLGWVDpRPmeZWCUsrrWyqGXegnQ6Cg,4DPCj6Z1DsG6HUtwSogBGqXEUxdEV5a8YVrrFtcnz7UW,88370.46430600004,88327.02075900005,88377.26935574043,1.0000770059294566,8.837726935574043,1.0,15981.957512,16434.304768,32417.49298549275
daob129AwBGn9Y5r91uLoWZeYiGzbPmksauMhFZKTze,6VW5GQNyj4LStgmxEHLr5zUfW92vQnmbw8jTnCH7a38F,4VPCCUifPeBA1c7HWK358CHn2nyjm8pdTRk6Ps3KmnMQ,21.863557511999893,19.57334989299995,3783.4013424909094,173.0460077420784,1.5133605369963639,154.75535345194197,48.228151969,224.157724435,43035.297032935145
YakoMPuYrybnr9R7VC7hVGxMz94fJvPFCdZ4gmW61Ed,,,2.288846,2.286863,0.0,0.0,0.0,154.75535345194197,48.228151969,224.157724435,34689.607873921435
wrmcMSHFi3sWpAEy4rGDvQb3ezh3PhXoV2xNjgLBkKU,8p4mGnARWPBu6P2Gcw4adodLkNDorrXniZMhaY7eJXUn,AyY89zccbsgp9LKFgH4CFZMJmpSgqmPSdTfukhP227rc,0.007822689999999244,0.0447195799999984,2.6277091031236965,335.9086328518643,0.0010510836412494786,3070.687219799791,27.04175193,0.10007687,9390.862686432129
BSCuChvaSj9b5HUSqgDVRzcnr2sSn7cXaamt1jbKH6hn,GnKpRj5kBVPMJfiwZtEuD9GYApLzPdW5JFuZTcyX4BTc,3dmwD9okkomV9nDwyuh4UMhKdUR13QpuKxRo89ycZB5t,220.13424892800003,220.13715755400017,220.3208873784369,1.0008478392224098,0.08812835495137478,0.9999000099990001,1489.248430255,1623.300394658,3113.649154335997
BSC8REUo9LpiiWUuqMuLXs2D2yJsJfGd4HdiF3wCLxk5,AZjEH1zWVx1UJ6udMyRijGTzPteuLnaY18yNNmprJEsh,Caf8ypkSVR8xYnXNhjvfvdGCC7mrM3C11rz8Xi6NA6aK,2156.751732377001,2157.6823507020003,2157.1202720612423,1.0001708771940268,0.8628481088244969,1.0,3081.214426167,3274.32560261,6356.066538052338
STK75uPSyBnEhGTTzb1nwmP3n427XoXmfRhXxxhyady,6TYyD5fUmDe6N65avW1Ny2RxzRNobw2RRgKwH9CTzSAU,54zDfk4cx2vGrEajPtodWpArNe5eUurytyxd4X3aZAxK,521.1118699219986,587.3643699259907,80727.54291343398,154.9140358777809,8.072754291343399,174.70434783216365,1852.550946877,325.857723267,343914.90487935545
SEQV6QiTpvTzrceiaYg9Avnwf7oc8ZALpnQMz6TyT4A,3dFMPj4r9mMmPHF32mz1gNDX7f8ftidWof7S8YiYTs1j,Fc1ED3YPeQfXQosHbd8DTaBd2AV5gHQtwiSAL5C5pUhi,110.97645199199997,111.34516168400023,110.54846174303793,0.9961434138388846,0.044219384697215175,0.9994183385269773,4557.795319062,1072.457719128,5612.051700500647
FrnkTEL6yZ5Aycq2TrEgu29dCrwKG4LPUZydfiwqspkc,DjvZuMZ46fxKBoBpGMPcRcos4xdTtHFxwMh69DpA2ZFY,9rvDPJLAng4uVVqnnSoEXgNDFhBZQTny9AoQioYDZbQX,17.935507224000304,14.970430463999804,3319.453264215696,185.07718921792116,1.3277813056862786,154.9028294550828,173.160538368,1438.389837101,254858.72135099198
YAkoNb6HKmSxQN9L8hiBE5tPJRsniSSMzND1boHmZxe,CfWX7o2TswwbxusJ4hCaPobu2jLCb1hfXuXJQjVq3jQF,EnTrdMMpdhugeH6Ban6gYZWXughWxKtVGfCwFn78ZmY3,6794413.326417992,6794610.5856599845,6794413.326417992,1.0,679.4413326417992,0.9990528978528356,565229.310371,894230.604883,1458612.9875280552
KZMu9QBEdL97EFgamLbN5DE1AoKBG4HdrKKJo4Vuon3,DD4ACBWyVqdaKWh7v5btsgqQCCMwbKnuL2xd9pv7Gyuw,GcYqiJ1MAuYbNTNYXm1F1gQYTfTgkErACAhNU5dpVj9T,117.67110007999997,120.5641886500016,114.80631737734593,0.975654322083278,0.04592252695093837,1.0,2213.96206556,880.28546427,3040.3471224620357
Lid8SLUxQ9RmF7XMqUA8c24RitTwzja8VSKngJxRcUa,4PgzyzLtds9bKZ2to9PMnKqJzKEUpjvNUaeN23phegax,AtymwxoVN9peZo7EXTcDz9jKVc4vRmisJKKrNfe3ewBa,98.42633188699983,83.31301634299939,17984.921537467486,182.7246956446107,1.7984921537467489,154.4944601376484,971.488196502,7670.858664241,1362620.0531522757
MARpDPs5A7XiyCWPNH8GsMWPLxmwNn9SBmKvPa9LzgA,6YjT74rmcfCpw8LSjPNx5JTmZoYLGrTKnf9arfSgZ4SR,F8GSmi3vA8M8TsybLya1LQ4n1aFHCRbZ6k437PeTdXtg,21692.761394000016,22892.903229000105,20439.05047680337,0.9422060246537628,8.17562019072135,1.0,297709.353172,14475.912533,294979.45868743316
vEnkoSUkpnbRrPgBz9DfcVxNz67zjwMYBZraAvDDNSf,DtfyjjsZ5yCjWKLKHvwsfXs5QVsmm1QkK6Sh9JZHoq1g,e5wrKCRv4GhHvEf1VD5Pq2KGaZDXP77nTL612Jyrxwy,3189.6723839999986,3188.912910999999,3182.9722274611927,0.9978994217172851,0.31829722274611927,0.9997200783780541,1010.42633,936.860545,1944.9021478716252
SQDY9uoDoCbNq7F3HAHYYQZbrUzpKxDtdWLvYcqBLak,GiehZ4X2uQjhEKuxSm3ACmEFrabxh3RTvjbLfLjw1xGX,rxDQYV77NKRKYxCjq4cECX3QQsiSyLv1T1FT2X3zNA2,15.235415498000009,15.196046696000025,15.282861523671787,1.0031141930903038,0.006113144609468715,1.0,154.686698921,251.962312397,407.13073556694167
ionytDfEj1mXodptgrsKEZro7DGsfpzANUfarJdm6Qb,3gkSjY95an9xNFSjCfsay6JZez7uv7yfW3Ad4ubc4fMK,9wXqANaSuEqkKL9yHzCPEDGHwbkStVAqV5rB3QDs3Jr6,0.0016330700000000142,0.0060867580000003585,1.340075822228069,820.5868837392503,0.0005360303288912277,3064.946210194011,3.152465045,0.08412619,2844.7137145920265
SUiuyGR7SFq3xeRVJonq84fjjeFwRSsFekcevJ53tzy,49GjCCPsv7fBqo6t3iKDrP1xxGDS8uWZbVCdfnp2gjMf,CEwj5xEbbJEjYqM8D6Ai8ByGz1mrh8mkAVsE5fzDSSSx,0.17773100000000008,17.584400999999957,0.0015486934387518288,0.00871369338355058,6.194773755007315e-07,0.9122647611280336,637.013648,1.740721,7.1387400370645695
AUSejoEUCh2DBs9mof6BNC8Pubs22w4cJa1ccV9h44R,4xkyD7AfGQDwsQMy9MosRRNGoVJ1zosNinesxg1TzHG7,Cbm5gsQe3nSiCsFrvepVzMCD9xLK3ri9g3ypS2hdmVJ7,1410.0864409999995,1407.9888180000016,1411.8781143270805,1.0012706124071447,0.14118781143270803,1.0,13974.734438,14902.888937,28895.379845963475
MATgk4zXLXtYkwBH678J1xZbRDZ45LicNzkRBHkxTuY,y8dALFo1bJrSzPYjMX14HJX448pXqYmrfXHD1K8MXih,GN7Yuet3UyiWS5YVkEHv6oQKi4HGBJc3XDPt9zQhAqZz,3835.0425560000012,3827.8483049999995,3840.696060601206,1.001474169978208,1.5362784242404826,1.0,3410.713963,4652.042226,8067.784161128509
SERgf3DMJpQxUifu7VoFKmfne73d2fDJxSrxUMrcNJB,AJfM2GZ2tTB8UtN2krcyR9xufRJEx2mhSCbJyMgPo3GU,F4yRYkufQvERZcEKnKjJwRLU1btiMBUuEwq46hfm11QD,0.6641663380000047,0.664613009,102.14687533450947,153.79712805394956,0.040858750133803794,154.23991648833962,29.1804226,28.064455105,8816.52440296652
BUSDTd9WiT6uBHJRgNvFXBsA7JrifsAtWzKfioN7ERcy,DyBxrn7gSc1EwnpWhDyhzvMHPtxpmBqRqotapLcKcfTM,Cds99GeBgoCpqBsoRWu1C6fF9LiUMd4pXQQD24s9LPff,1077.4970279200002,1080.8491579899996,1077.731305151114,1.0002174272643387,0.10777313051511139,0.9990199614178492,126.97278848,137.28339862,264.14925141870833
C98Sspw7XqnMsgxea3SLQVdbMDL8pKUc3RE82UvX9eq2,CSqgQJurPCzGxb4Cgwx5R61hWQUiaoUHcShNc8r1cKEL,6S2CR5EnukPhC914XkAns8m5GixjMAoUuZMsS5ubHuWc,53.859051000000136,53.88908500000002,0.0,0.0,0.0,1.0,914.35441,849.317671,849.317671
Lee1XZJfJ9Hm2K1qTyeCz1LXNc1YBZaKZszvNY4KCDw,9DgFSWkPDGijNKcLGbr3p5xoJbHsPgXUTr6QvGBJ5vGN,2hNHZg7XBhuhHVZ3JDEi4buq2fPQwuWBdQ9xkH7t1GQX,1677.6036109680108,1414.8600524249778,307315.8849084724,183.18742454967952,30.73158849084724,154.68205567502167,6726.83783995,53841.250289806,9560547.374204319
BerKDkt6v49dT1bHRedgnpsJS263C1DSJtEGvY9Mg35V,78XKqNb8wbfsMMrvo8WPUpdx7GEkfQutpNVH943aCGFa,DKYQwn4nDvFHCszi5tXbqfVMAP7DaXXp1KGTXEnYnKVH,0.0012420680000104767,0.0012420680000104767,0.0012445195192745588,1.0019737399756385,4.978078077098235e-07,1.0,1338.317413093,1686.889624681,3027.848528352315
