0,1,2,3,4,5,6,7,8,9,10,11
7dwD9TF6uikvHXxPFK9AsSim54yJoujQjY9vU6gNFumk,CquVr6atkvwueDYficKjn6SSEWq4F4rH4VSiBbW4GBWU,8BCa6ge3b7ho3TfZuM64Vk1hgbrJ3J7EPiAb9uP86CGd,0.00097342,0.0009797550000000006,0.16253242149631614,166.97049731494744,6.501296859852647e-05,167.49187120076095,0.003827876,0.003680437,1.2555856393464668
SAMGk1Nd4haC8zQA63DG37pzuEZy8j4q13tSFtCbcRE,9U9TnkHD3jXMAVZtynCVLgDruuqN4pTvLJTmVHCLWS8g,C6zoEbvqSknmi96QWq96UBiPCyNW3YSTvKhavR2BfifE,0.6941663500000002,1.5870620199999763,1.1312255048147046,1.629617316965457,0.00045249020192588194,0.0,53.64118392,1.13876514,87.41460221856103
RoBgmK8CvjdHvPrqdDyVw54VwjZv2TqJ493xnqJAQHx,ExiHJxM7qPAcy27NDHAF6G7vnW7muNHi2sVJpnaNynGQ,6rkPHSqZb7StM4HwS9EuVrmfkV7tRdc7dnsFhyB6cefE,15.57850500000038,14.520937000000362,0.0,0.0,0.0,0.9217269476090402,6284.471008,18.636944,17.178173505880615
Lid8SLUxQ9RmF7XMqUA8c24RitTwzja8VSKngJxRcUa,4PgzyzLtds9bKZ2to9PMnKqJzKEUpjvNUaeN23phegax,AtymwxoVN9peZo7EXTcDz9jKVc4vRmisJKKrNfe3ewBa,94.6388911959948,80.04526960899977,15804.319919653999,166.99603851997423,1.5804319919654,141.52528880004246,969.228190778,7673.544270963,1247857.8373497578
ALBpShJ9NLpE739pcHDF2LNVk5J4VYPvvKuV6jMPitZi,D6d156U1bPiJpDYRLextvDRccgFk7QzkQbJg42ceKEu5,GNcM8U5g8RwTZffwwm3kSQqUNPSwv5d2fbN9sLxPJqt2,2.9667460000055144,2.972010000004957,2.9518568341341416,0.9949813142509183,0.0011807427336536565,0.9987755012354853,55253.263588,45061.723257,99982.51005398555
CZgvH45CRmoaNJ7395Ao5CQZXkGznvqU7cErD6n7FaRg,4ZjU6MKvtqVQKCiowhvZ5yUsPxXX5SCzd5eFsPeXyey5,BsyWeshjDbCvjDojry3vKDCesmFRM37WtwcR4Kfgzqr,33.33783425000013,32.427881429999985,34.45473442577659,1.0335024815169709,0.01378189377031064,1.0,205.78600014,599.68628119,812.3666229961418
KwnjUuZhTMTSGAaavkLEmSyfobY16JNH4poL9oeeEvE,J63v6qEZmQpDqCD8bd4PXu2Pq5ZbyXrFcSa3Xt1HdAPQ,BnKQtTdLw9qPCDgZkWX3sURkBAoKCUYL1yahh6Mw7mRK,206.1358320000487,9150.654677999843,4.224497024359157,0.02049375396490096,0.0004224497024359157,1.0,277746.2528,570.645548,6262.708917556385
moFiBS1R4Lf3E3zzmBPnw3NF4RhWPkhREFviuzUaCAU,44ALBrpqi9PfZkBRTvbtRNtFJGsatfY4QydjtMbFWq8S,2ho8qEEie1UjVwWNBo9y4oAJZMyMLx8zPj9bxyUz6uWs,29495.948750307994,29368.047928130007,29595.49856652173,1.00337503353618,11.838199426608693,0.9999502184783233,22132.422870883,42300.92994311,64505.94467875824
KZMu9QBEdL97EFgamLbN5DE1AoKBG4HdrKKJo4Vuon3,DD4ACBWyVqdaKWh7v5btsgqQCCMwbKnuL2xd9pv7Gyuw,GcYqiJ1MAuYbNTNYXm1F1gQYTfTgkErACAhNU5dpVj9T,35.985687750000125,37.43941183000004,34.44015052197161,0.9570513355541327,0.013776060208788644,1.0,2411.84908856,689.02561459,2997.2890059513657
Dg3mAgpwDfVNnbGWcsxL8sUcSkEbjSJQhKAWNigG44Ju,EATxwd8YA2wV93VJcKMmH2Kn2Y9XfJVUB9hHVu3udwEy,GiGvrRi7NMHfHKanG2B8xyCEqe8jaafWins8bhrLVEaa,0.003522915999999987,0.0035602189999999756,0.5960290289807605,169.18627324090687,0.00023841161159230418,167.87824395327746,0.198682023,0.260927835,77.41837776966469
heyk4SZTeCUV6a65WiVA5bzic3KcxgVf1qxobfeV4tQ,9ZDpBKPqMABtGfq66FbVribaArMvtk63xxy91onZAtDt,DaTP4s6N7xxSPinbNZ3FB52EpRDRt87QShTuN3VPCW52,95.99233591100665,83.01364450299957,15692.050297528132,163.4719079247748,6.276820119011253,141.57221322530808,618.864639389,4500.629094886,738331.0052173235
C2ypsDADXcCRz8HbV2zX1AXPSja7a1P3xZtRC91xGhJh,J9bYNuDpY1d1T86gLaw7DGk5D3CsUAf2tzUwxMvb6FTv,A2NGvvPrMGzsJ4jb52KEnSBVmsA7C34dV1GC7PerdgvG,916.1991100450043,921.6886766159951,129838.53212947083,141.71431810612987,51.935412851788335,142.08192358464737,3820.033197826,2230.644562378,858287.6700289904
HEDSDjj84KS7LKhZY7ejkCACTdPen62rKhCby1wXtgxc,EnnjMSFttpCTywBrYNt1J5QQeoSVkvzPipJDa8Y7kJow,6bjVT6JN2rSvpyn9PdfLYC8wJn4LWh49jpY47fnLDXZk,12.891775755999333,13.315555873996345,12.108581936062626,0.93924856941665,0.004843432774425051,0.9999502184783233,39084.099249329,9084.034455842,45793.26654565446
DFWzVTzNBrQZLjoQ4yQwkj9HuoXmfkuZP9V5vbymZe23,DhgiEgiNdqZdRdo195UUHnoEJUtefK8buko8nU97XJUZ,2K2kkXsouBHtWVjtcgkyiXd8eP3oVBvq1bTJzcVdLLr2,927.7796823850076,914.082666808994,914.486654985854,0.9856722154499205,0.36579466199434163,0.9999492185788837,44548.048950716,23453.936307838,67362.51938684526
ALLwa5WNZbvQsRKAqe1jdRGemdYQnW8E5k4msbRFcYtu,CGoM82Hbz7QVqTgvQatYtjvDWBvoUJp5qm21P8iMs9yb,3dxNNww8TivyN5FMy5dCNdi3Zcxv6e4kUfSPxfFwpdNq,8.543070485000001,8.313899679999997,25329.31239622865,2964.895635673624,10.131724958491462,2966.6371980704994,2.215267955,6.440815668,25675.601638231226
FrnkTEL6yZ5Aycq2TrEgu29dCrwKG4LPUZydfiwqspkc,DjvZuMZ46fxKBoBpGMPcRcos4xdTtHFxwMh69DpA2ZFY,9rvDPJLAng4uVVqnnSoEXgNDFhBZQTny9AoQioYDZbQX,30.6641903049985,25.564764435999933,5105.438931160832,166.49514891409365,2.0421755724643327,141.7486481785795,172.583963938,1439.098135106,232724.6080236321
HDSBGqAuMRr6X2AfmmbXQPpRgU6VEhtfNVVZ3wUTZXg,DCZ1d8kNLgDcdSd99y4udLgwq46mfDXNS9KXj96kQf5L,Fq8GGYQM5Pz3q7LmVMbrXHJgsxA5ev86kTq8yGgGuYsa,821.7749513400013,827.4225432109997,816.7100066276589,0.993836579340751,0.3266840026510636,0.9999546770542624,13521.842706439,12881.253958105,26319.17204348184
ZUCKWFa4LTL833dPhhpeeRWZcaAEoMeYJPi2iKn4F8N,7eEYpq6ShaJ9opZWMxitRFrdCHh6vfyHhGfoSvFht3N2,H8VggnHmuwd1wvwpT8eg9cUJFEfZ7HAaeYjgXrSm7A2u,0.0011889080001310504,0.0011889080001310504,0.001190241315594227,1.0011214622687623,4.760965262376908e-07,0.9999502184783233,1849.447104349,1997.705809944,3849.127550603518
KEVpg4SYCVrqFxKijQH6hm4QxsRdoE51ud64bEEFUC9,2bPenuBYfqzD8p5dFjCcggwkHDsc2RQDnx9AoyYGUBjA,AE6n6iLuX8oYu61vt5hoDYkjswpnxFxrhSehxrnQTnbx,511.48993172200153,511.42388180900025,511.77974491485065,1.0005666058603997,0.20471189796594028,0.999949219578782,3189.179801707,4454.915719439,7645.676306614792
MAR3XM1n9xWPQ3HJjAcC85o8DopWFP5p2WxGTaZ3fPB,6qG7GUhER8Cg9gDEgnebph9LdS6eu2eoWcA4R7z9uizK,4QV4CwRXVMY227KkFF9voNAfwWHVvVajXSXDKbUHkWZR,0.22994699999999924,0.0051129999999999926,0.21774521157876028,0.9469365183227483,8.709808463150411e-05,0.02055250814382859,0.112218,24.264778,0.6049653696663349
C98Sspw7XqnMsgxea3SLQVdbMDL8pKUc3RE82UvX9eq2,CSqgQJurPCzGxb4Cgwx5R61hWQUiaoUHcShNc8r1cKEL,6S2CR5EnukPhC914XkAns8m5GixjMAoUuZMsS5ubHuWc,112.62295199999994,112.59915200000012,0.0,0.0,0.0,1.0,862.387371,901.333767,901.333767
BSCuChvaSj9b5HUSqgDVRzcnr2sSn7cXaamt1jbKH6hn,GnKpRj5kBVPMJfiwZtEuD9GYApLzPdW5JFuZTcyX4BTc,3dmwD9okkomV9nDwyuh4UMhKdUR13QpuKxRo89ycZB5t,43.94741416499983,43.890462396999965,44.00352543647425,1.001276782093794,0.017601410174589698,0.9992435726155301,1420.899214408,1692.098118986,3113.531562713631
parEAJhzYzHW87y9VoZAQ22dzQ2MD2ekEtTReaxbMcz,3oyc6hpjYSJEquK6dSvG72NXyz3pqLZz5D8AC71pwgQb,Di2vordgFJVZ1aj1aBpvzXtLfZgJsuLLXawGtVFwX6Rz,6.237993897999985,7.38299664599981,864.160068700652,138.53172715954685,0.34566402748026087,159.20182572653744,1104.128321852,139.228259892,175122.19659946483
wrmcMSHFi3sWpAEy4rGDvQb3ezh3PhXoV2xNjgLBkKU,8p4mGnARWPBu6P2Gcw4adodLkNDorrXniZMhaY7eJXUn,AyY89zccbsgp9LKFgH4CFZMJmpSgqmPSdTfukhP227rc,0.004806749999999985,0.04561028000000178,1.478263142679644,307.53901132358635,0.0005913052570718576,2971.9448407037567,27.07373551,0.09667865,8613.553466655376
MARpDPs5A7XiyCWPNH8GsMWPLxmwNn9SBmKvPa9LzgA,6YjT74rmcfCpw8LSjPNx5JTmZoYLGrTKnf9arfSgZ4SR,F8GSmi3vA8M8TsybLya1LQ4n1aFHCRbZ6k437PeTdXtg,14549.088604999959,15364.630153000115,13616.686029153661,0.9359133344252322,5.446674411661465,1.0,297394.499388,14784.757599,293120.23516094574
BUSDgu5JdqP1rndBvXvanbEufS94FNh1w5FJcAj6vawb,Bgzr8cWubt89JQFXndVjtdKmDbGzuPxNhvjH1EhWCwbo,Dxaf8xPBBQsasRKW5Aa4Sw2YrbfGofY9xZueyyF23FBW,7182.272451169999,7202.834770019996,7168.936294050265,0.9981431841787677,2.8675745176201066,1.0,8758.94041411,6318.23925932,15060.91593429185
STK75uPSyBnEhGTTzb1nwmP3n427XoXmfRhXxxhyady,6TYyD5fUmDe6N65avW1Ny2RxzRNobw2RRgKwH9CTzSAU,54zDfk4cx2vGrEajPtodWpArNe5eUurytyxd4X3aZAxK,565.544408090002,635.8841676719992,80315.29523245823,142.01412671324067,8.031529523245823,160.02365789758358,1742.804908601,306.443952408,296541.1993314414
B2izdXFYb2sNwbWWHmh75T4aQFtfXsUxem9u2p61HGzf,4DYwgJtxwuJdAjkj5RJSNH4e7U329V5cNp7d3a1nLrZv,EXNW64GEf1ACC6xY9BtKRiunrs6GoJSXBdxWN2eTPmrF,10306.800147999995,10213.741020999996,9866.922859979259,0.9573216437978481,0.9866922859979259,1.0,11380.209942,28546.133635,39440.65492344005
JSoLLrxK5bYdHwTEWYaGgmeycBCNXKDiBCTw5hXGBg7,xG4wXczA7Dk4hccJ61CHKpDHW4NrNfQwgmWgkb9BuF2,BVR6WgfhsRr9Lob4QDnkEAiNGgAbv7ZieKcY9kSg3QYR,0.902252426000075,0.7673986710000129,149.63865839871974,165.8501036811923,0.059855463359487895,141.9407329308462,17.085339209,164.645398788,26203.493856901165
BUSDTd9WiT6uBHJRgNvFXBsA7JrifsAtWzKfioN7ERcy,DyBxrn7gSc1EwnpWhDyhzvMHPtxpmBqRqotapLcKcfTM,Cds99GeBgoCpqBsoRWu1C6fF9LiUMd4pXQQD24s9LPff,608.1496959699998,609.6197926900003,607.9388870815154,0.9996533602008167,0.06079388870815154,0.9991826685771039,87.05216812,86.63090295,173.58208916474953
Lee1XZJfJ9Hm2K1qTyeCz1LXNc1YBZaKZszvNY4KCDw,9DgFSWkPDGijNKcLGbr3p5xoJbHsPgXUTr6QvGBJ5vGN,2hNHZg7XBhuhHVZ3JDEi4buq2fPQwuWBdQ9xkH7t1GQX,1267.3481813428734,1068.6007279429832,213333.39079176006,168.3305297883597,21.33333907917601,141.8950135821907,6722.957443143,53845.921729571,8772146.78331191
Sid7E679i9ABqptiAVhkmQ27YHN8vaYT4fppPwmxFsJ,GP7KB8o1bv527HG8kTzzzf4wJ5aEGHvcMQvVhLziUfmT,9gYxhAZ1M9wu5pxr8SBoa5NDm21gi3s9vMHaYTME77sa,652.086894,1556.6415699999925,5.682146451175522,0.008713787232128487,0.0022728585804702092,0.020541684634649397,129866.904351,10975.147441,1357.0805905615966
SoNcU2iwHMw6dGzsYNQkYFkUjwN1UdAjrWVRnStrZu2,8ivTTid27jZnYNc4w3CTA1Z6QS2twsFb8WMwUabeDJgc,CyXm53PMvHCbeXJBykU46Rcbo28xk5srhMZFg7gv6EYB,1.1513130510000131,1.141292575000005,193.59817475295418,168.15424317894923,0.07743926990118168,160.25977468437236,15.406563614,19.279454354,5680.400055310189
RajgMbScQbqqrdJfR2rxfHJiTiY5b6bJ2tTXiF4aPxy,725ZA3fhyBAKb5iopNRrcbSuQa3LXA1656Q3mBvYPxeg,GLA6i1dSZpUfk2f9Nj8uiG7xyDdAR2reff8oEiZH3617,1336.3057269499986,1338.9887285699951,1333.9255369181985,0.9982188282338409,0.5335702147672794,1.0,133371.7014008,50556.49909891,183690.64259077027
GokA1R67GqSavkd15zR62QD68Tuc5AEfvjssntVDEbM8,3YB7hfpBdbQEuZqLGWVDpRPmeZWCUsrrWyqGXegnQ6Cg,4DPCj6Z1DsG6HUtwSogBGqXEUxdEV5a8YVrrFtcnz7UW,11780.373210999993,11781.58271899999,11779.31307282344,0.9999100080992711,1.1779313072823439,1.0,17418.891806,14999.25181,32416.576056817787
KEN5P7p3asnb23Sw6yAmJRGvijfAzso3RqfyLAQhznt,9zj4aX38Uxf3h6AUjS4EipWS8mwbEofasHAf3a1uKGds,CwQDG1MWunn9cLNwcZLd8YBacweSR7ARo32w4mLua1Yr,45595.89884899999,45595.10799199995,45464.325092183215,0.9971143510680093,4.546432509218322,1.0,1147290.396011,1141882.594078,2285862.3127830676
SAMyS8Jr2HJrkFwYVKbpUwsNStnQmvz3f8Tup8bWUWF,6jPzm5TFfquvgm25sTyN3MMGBfufRaFHMxobDWv6hMFW,Cj9ECoDmxsHTDzCY5ZA6RWrPbg9uFzEC1Qc2kso2vJG6,1698.9537890900247,37.49077410999996,1626.442120051757,0.9573198108718981,0.6505768480207028,0.02052359466327431,479.35040649,109010.1950731,2696.172698327141
AUSejoEUCh2DBs9mof6BNC8Pubs22w4cJa1ccV9h44R,4xkyD7AfGQDwsQMy9MosRRNGoVJ1zosNinesxg1TzHG7,Cbm5gsQe3nSiCsFrvepVzMCD9xLK3ri9g3ypS2hdmVJ7,329.88882999999987,329.6558729999997,330.1420489515457,1.000767588740564,0.033014204895154574,1.0,14159.227965,14718.255381,28888.351809961016
vEnkoSUkpnbRrPgBz9DfcVxNz67zjwMYBZraAvDDNSf,DtfyjjsZ5yCjWKLKHvwsfXs5QVsmm1QkK6Sh9JZHoq1g,e5wrKCRv4GhHvEf1VD5Pq2KGaZDXP77nTL612Jyrxwy,1113.7796819999999,1113.7050030000005,1110.0565523235068,0.9966572117119181,0.11100565523235068,0.9994832671508829,846.006214,1101.48588,1944.0949003991614
MATSnbbiTCv7Dc3trJrkrqjx7ckKdr6fwPoVwv9q3sD,631WX9JizSHJm4w6VanZeJAst9T8DeUUnPLesdGkCVtK,211maUSfpnXbPuW1iBu8b4dtJv5EbN1j7JJiEX5TZKEP,1640.9899540000079,1639.8898879999942,1641.7747223172755,1.0004782285932676,0.6567098889269102,0.998942120294608,20357.03681,25198.361006,45538.476298359354
NorjjEePhxfwLF4vZjUHCrVVKLzQjEEGQFd3wgjEJmh,34M8pFVqgbV7aqHxvRT5tCv3vu2P1JJYT8J3VaxBK2oG,3AZWBSze3ucsY3xSeuLne3b2pauVqiaJ1SZSV5T9WGWw,1.2169880000001285,2.10141300000123,0.7047910045311667,0.579127324617081,0.0002819164018124667,1.0,38233.018432,2194.96729,24336.752966559707
SoN9GaFpSXfpyR5dth3x7PHPVhvJMpQqqDJfCSmPv1t,9kZ9iS68ViMPtoeqtnhAKuF2iqVyfHPdZHoUNdwCELr,BBhm5fJLjw3HRzjtKB8uMEYjGhY6EDm9co3cqpjrSzB9,0.35280687900000185,0.3457962759999993,59.88120381276997,169.7279939169487,0.02395248152510799,166.0739763241618,1.52052727,2.462247197,666.9912259319264
daob129AwBGn9Y5r91uLoWZeYiGzbPmksauMhFZKTze,6VW5GQNyj4LStgmxEHLr5zUfW92vQnmbw8jTnCH7a38F,4VPCCUifPeBA1c7HWK358CHn2nyjm8pdTRk6Ps3KmnMQ,8.999270529999905,8.031229226000022,1425.4384616054597,158.39488954728364,0.5701753846421839,140.85564451528543,47.878682484,224.558173739,39214.024916904935
Cob4usZcpHEY7Qt4ZCwj6WVg9S44zvzYV2v9qYF65dTf,NhFM9UXE48PyNAyeyPYA3iXztqKVJwA4bTdLj4ysM8w,6TuFuynuBoeskxyR2cz4wxyidk8dpDK7kAWw3UkjQGx,179.1058989999993,1391.3132309999933,1.5606906959050884,0.008713787232128487,0.0006242762783620355,1.0,71477.503741,183.425907,806.2656664827418
MATgk4zXLXtYkwBH678J1xZbRDZ45LicNzkRBHkxTuY,y8dALFo1bJrSzPYjMX14HJX448pXqYmrfXHD1K8MXih,GN7Yuet3UyiWS5YVkEHv6oQKi4HGBJc3XDPt9zQhAqZz,412.48696500000005,411.7175270000007,413.4018232348187,1.002217908230915,0.1653607292939275,1.0,3055.774375,5009.079703,8071.631505138132
SQDY9uoDoCbNq7F3HAHYYQZbrUzpKxDtdWLvYcqBLak,GiehZ4X2uQjhEKuxSm3ACmEFrabxh3RTvjbLfLjw1xGX,rxDQYV77NKRKYxCjq4cECX3QQsiSyLv1T1FT2X3zNA2,15.092673461999993,15.06566224400001,15.124609195312772,1.0021159759000409,0.006049843678125109,0.9999411104681811,169.752361165,236.869638935,406.9672428630612
WiiQFxXqp8P9Fs1rt9SVcDyA3KUdJmUsog6wnVQAwba,3S2jpqSYxho6wiz3cafhjXruVY8cg4HYa2v3BqBHYFSj,Dfe67M6TfrG74gKRtdqys4e6E9QirPD53BkF4FujFjuv,2384.240500312001,2389.3947768369944,2376.865746668766,0.9969068751066554,0.2376865746668766,0.9999553209963025,21643.843595964,5180.19553587,26756.860574444167
BkwbeSfcX1h4thMDd7obGkHrPevf3QwgzJ4pCEqG18Lu,35yX27bmurdebhfAb8EPmjLETDiUaEUCn9zHaDPbakH2,2CxECn1ZJFoESyUnQysQU8rRgT3iJ5GRs2Mdd6gZjx5g,0.001328639999999992,0.0020820000000014716,2.8118174892067898,2116.3125370354696,0.001124726995682716,1349.527665317139,0.84158953,22.03014293,31511.353828302566
YAkoNb6HKmSxQN9L8hiBE5tPJRsniSSMzND1boHmZxe,CfWX7o2TswwbxusJ4hCaPobu2jLCb1hfXuXJQjVq3jQF,EnTrdMMpdhugeH6Ban6gYZWXughWxKtVGfCwFn78ZmY3,6610126.5138530275,6608812.622127006,6610126.5138530275,1.0,661.0126513853028,0.998466355677679,351358.732129,1099859.833889,1449531.7722284072
ACUSESXyNnwRLAg1dpSGMLSzUDdLjUMybY8rkXiAKhCP,AhFPQdu8GKBsxuhiH46UmCu1YpaLgNpoP325HnYtsgas,A8wxWpT3aFEr2XqZp1kDmbxbFfcBE95UUmdsNTDBJYbT,0.0,0.002270671999667684,0.0,0.9999491825825412,0.0,0.9878544451755368,1044.99877413,1840.979146512,2863.5651033483955
KysFMBBoavfov2tLpvefWW6tPFt6rAeZWDJVy1mMQae,B8ka2V21TH3x64dFV8ETcjuQcwmrciJ2qzy1mJUttRew,7fSf7EYxBANyxzk2s5pymFgshA91tFYQNKKs5UnLWcYS,22.15784799999983,29.599084999994375,0.0,0.0,0.0,0.019759415677721087,134478.739819,2629.716729,51.96166596296802
BSCNHw8CmxbZ8hCWWzMf5FaG2ajPT6JxfznKUNuRVrn4,7n9kgNL633yGzCYksgnzHyjG73ZLBAwvEae5sbAekbzW,SscdxE99omdG9AiMVwmaEMQySQnCgeAh1sPj2Leutm2,2.891234446999988,2.891580203000103,2.908093397263461,1.0058310561016475,0.0011632373589053843,0.9996581179233284,3927.172895582,7777.486536153,11724.900013961742
AURHmCnNwiW4uA2Qj1XvEh4iKgRUZYXtiY7FKAapUV5Y,BKWm4TRnTeKwfWXRyuzjRHU7iZDkPuXBX5b5V5jSVfGJ,A5Ww74HVrkj9nPeC7pHKLfgeDMEhBCpW1efQdz3TGLEg,0.01732263700017711,0.015868031999900722,2.737370192265785,158.02271861020915,0.001094948076906314,141.46358508051472,289.92868159,1795.287055557,299783.06159565994
