0,1,2,3,4,5,6,7,8,9,10,11
daob129AwBGn9Y5r91uLoWZeYiGzbPmksauMhFZKTze,6VW5GQNyj4LStgmxEHLr5zUfW92vQnmbw8jTnCH7a38F,4VPCCUifPeBA1c7HWK358CHn2nyjm8pdTRk6Ps3KmnMQ,11.182693578999888,10.023522399000036,1909.2826973407584,170.73549264787357,0.7637130789363034,153.21002581895354,48.416764682,223.96205661,42579.692646081465
HEDSDjj84KS7LKhZY7ejkCACTdPen62rKhCby1wXtgxc,EnnjMSFttpCTywBrYNt1J5QQeoSVkvzPipJDa8Y7kJow,6bjVT6JN2rSvpyn9PdfLYC8wJn4LWh49jpY47fnLDXZk,52.41922008800066,54.004757319999044,50.53080512302791,0.963974760368382,0.020212322049211168,0.9999994030003563,39032.996080085,9133.55362297,46760.37121300167
vEnkoSUkpnbRrPgBz9DfcVxNz67zjwMYBZraAvDDNSf,DtfyjjsZ5yCjWKLKHvwsfXs5QVsmm1QkK6Sh9JZHoq1g,e5wrKCRv4GhHvEf1VD5Pq2KGaZDXP77nTL612Jyrxwy,1181.629555,1181.036137,1179.8845058158984,0.9985231842105526,0.11798845058158984,0.9980448301776819,963.768931,983.881714,1944.3036799893769
SERgf3DMJpQxUifu7VoFKmfne73d2fDJxSrxUMrcNJB,AJfM2GZ2tTB8UtN2krcyR9xufRJEx2mhSCbJyMgPo3GU,F4yRYkufQvERZcEKnKjJwRLU1btiMBUuEwq46hfm11QD,1.6145711239999976,1.6150301580000033,247.26846981175612,153.14808133020748,0.09890738792470245,152.9796067475633,29.284858487,27.960780594,8762.349108935712
BkMBnJpvHKtWhUvrgRrLesXfi9RUV3ELgdBaJcdH7hcY,5uerVwBnZQsuVhZ15igs7ZgmcqhHnYWbwoRtLyRqLvR,9YWiQh5d4jCtgMdzcGLv9bWgnLaFtzvDDh2nnhJdzhBX,0.0011618900000485155,0.0011618900000485155,0.001168300041789801,1.0055169092952154,4.6732001671592044e-07,0.9998733090526299,986.482241645,1887.575048349,2879.260484371389
DFWzVTzNBrQZLjoQ4yQwkj9HuoXmfkuZP9V5vbymZe23,DhgiEgiNdqZdRdo195UUHnoEJUtefK8buko8nU97XJUZ,2K2kkXsouBHtWVjtcgkyiXd8eP3oVBvq1bTJzcVdLLr2,18.794126875000075,18.933394814994244,18.586206422203077,0.9889369453457519,0.00743448256888123,0.9999994030003563,42741.041133397,25238.142373444,67506.32196564076
ionytDfEj1mXodptgrsKEZro7DGsfpzANUfarJdm6Qb,3gkSjY95an9xNFSjCfsay6JZez7uv7yfW3Ad4ubc4fMK,9wXqANaSuEqkKL9yHzCPEDGHwbkStVAqV5rB3QDs3Jr6,0.02031090300000002,0.07565330600000042,15.261028627244736,751.3712525358779,0.006104411450897894,3030.0275732509167,3.17013297,0.079600045,2623.1371115561965
Sid7E679i9ABqptiAVhkmQ27YHN8vaYT4fppPwmxFsJ,GP7KB8o1bv527HG8kTzzzf4wJ5aEGHvcMQvVhLziUfmT,9gYxhAZ1M9wu5pxr8SBoa5NDm21gi3s9vMHaYTME77sa,704.1857290000007,1706.4274829999777,6.586692469589252,0.009353629587101793,0.0026346769878357007,0.023037203747895033,130992.197787,10509.757335,1467.3679179673027
BUSDTd9WiT6uBHJRgNvFXBsA7JrifsAtWzKfioN7ERcy,DyBxrn7gSc1EwnpWhDyhzvMHPtxpmBqRqotapLcKcfTM,Cds99GeBgoCpqBsoRWu1C6fF9LiUMd4pXQQD24s9LPff,668.73936499,670.0235429200001,667.9023897892595,0.9987484283944418,0.06679023897892596,0.9989630763267727,95.94194813,77.82241983,173.56359383250899
YAkoNb6HKmSxQN9L8hiBE5tPJRsniSSMzND1boHmZxe,CfWX7o2TswwbxusJ4hCaPobu2jLCb1hfXuXJQjVq3jQF,EnTrdMMpdhugeH6Ban6gYZWXughWxKtVGfCwFn78ZmY3,4944427.6905700015,4943328.901620998,4944427.6905700015,1.0,494.4427690570002,0.9995082419449631,533999.781925,918048.544143,1451596.868301503
Dg3mAgpwDfVNnbGWcsxL8sUcSkEbjSJQhKAWNigG44Ju,EATxwd8YA2wV93VJcKMmH2Kn2Y9XfJVUB9hHVu3udwEy,GiGvrRi7NMHfHKanG2B8xyCEqe8jaafWins8bhrLVEaa,0.00045585000000000764,0.0004610159999999808,0.08387429509069182,183.995382451882,3.354971803627673e-05,181.95292623064316,0.198226173,0.261388851,84.0331668366235
KEnkcdADoLR5jS2CLLLesy8TtFsyWL37BhXNfDMzWzP,3qsjFRuw1qeLMPo4DLwaQevenGAGBj9dA3Q6rb8ax2YR,77iEv8zPQAEyCcEbvBRSB6AFcUdfkhiqnAKtPxk76rNN,1.8378119999999996,0.016936000000000007,0.017199967947510282,0.00935893766473953,6.879987179004113e-06,0.9993094771512885,116.271322,0.324539,1.41249095320006
STK75uPSyBnEhGTTzb1nwmP3n427XoXmfRhXxxhyady,6TYyD5fUmDe6N65avW1Ny2RxzRNobw2RRgKwH9CTzSAU,54zDfk4cx2vGrEajPtodWpArNe5eUurytyxd4X3aZAxK,575.4228677109991,647.7192190120004,88032.16575932667,152.98690875723074,8.803216575932668,172.8427709807358,1592.65569552,279.977376351,292047.53711262526
KEN5P7p3asnb23Sw6yAmJRGvijfAzso3RqfyLAQhznt,9zj4aX38Uxf3h6AUjS4EipWS8mwbEofasHAf3a1uKGds,CwQDG1MWunn9cLNwcZLd8YBacweSR7ARo32w4mLua1Yr,45395.403849000344,45394.7716100004,45376.07364162901,0.9995741813987241,4.537607364162901,1.0,1147678.337989,1139133.640467,2286323.275671403
B2izdXFYb2sNwbWWHmh75T4aQFtfXsUxem9u2p61HGzf,4DYwgJtxwuJdAjkj5RJSNH4e7U329V5cNp7d3a1nLrZv,EXNW64GEf1ACC6xY9BtKRiunrs6GoJSXBdxWN2eTPmrF,4770.797851999994,4726.334874000007,4770.807393614781,1.000002000004,0.47708073936147816,1.0,10234.011734,29704.187387,39938.21958906441
ZUCKWFa4LTL833dPhhpeeRWZcaAEoMeYJPi2iKn4F8N,7eEYpq6ShaJ9opZWMxitRFrdCHh6vfyHhGfoSvFht3N2,H8VggnHmuwd1wvwpT8eg9cUJFEfZ7HAaeYjgXrSm7A2u,0.0011523939999733557,0.0011523939999733557,0.001153743120261088,1.0011707109614971,4.6149724810443526e-07,0.9997631511106861,1849.447104349,1997.706962338,3848.8460800095663
Cob4usZcpHEY7Qt4ZCwj6WVg9S44zvzYV2v9qYF65dTf,NhFM9UXE48PyNAyeyPYA3iXztqKVJwA4bTdLj4ysM8w,6TuFuynuBoeskxyR2cz4wxyidk8dpDK7kAWw3UkjQGx,173.36756699999506,1440.9140350000062,1.6222459025434244,0.009357262898795082,0.0006488983610173698,1.0,70471.487081,192.497638,851.9178694859581
JSoLLrxK5bYdHwTEWYaGgmeycBCNXKDiBCTw5hXGBg7,xG4wXczA7Dk4hccJ61CHKpDHW4NrNfQwgmWgkb9BuF2,BVR6WgfhsRr9Lob4QDnkEAiNGgAbv7ZieKcY9kSg3QYR,3.3695894690001182,2.868453223000003,606.987341961431,180.1368824142089,0.2427949367845724,153.23434803075475,17.14394485,164.578003422,28307.259832133623
BSCuChvaSj9b5HUSqgDVRzcnr2sSn7cXaamt1jbKH6hn,GnKpRj5kBVPMJfiwZtEuD9GYApLzPdW5JFuZTcyX4BTc,3dmwD9okkomV9nDwyuh4UMhKdUR13QpuKxRo89ycZB5t,1.4370753660000446,1.440898000000061,1.4404463561806327,1.0023457295701692,0.0005761785424722531,0.9997680538115157,1304.258617512,1809.020487692,3115.918947803236
KysFMBBoavfov2tLpvefWW6tPFt6rAeZWDJVy1mMQae,B8ka2V21TH3x64dFV8ETcjuQcwmrciJ2qzy1mJUttRew,7fSf7EYxBANyxzk2s5pymFgshA91tFYQNKKs5UnLWcYS,38.40694100000019,51.444599000009475,0.0,0.0,0.0,0.02295192881468459,134544.081283,2580.886114,59.236314367335936
ercAoEmXjQzEvAFbdjAo81KtMxRGn9AW1ju882upmPH,CMRhskR2Eg6V42RTSdRTXGdozyPbWB8U9dVpijPWb9T4,7TKLLgrWswt6ZJ1pXhVR3FyufHGjJFqiEXxvWJfDcgRm,24.31600071300005,24.74768864999993,3725.6560214174738,153.21828887040738,1.4902624085669895,147.95784148447876,277.232947764,788.095439359,159082.05796621868
Lid8SLUxQ9RmF7XMqUA8c24RitTwzja8VSKngJxRcUa,4PgzyzLtds9bKZ2to9PMnKqJzKEUpjvNUaeN23phegax,AtymwxoVN9peZo7EXTcDz9jKVc4vRmisJKKrNfe3ewBa,91.51101383600837,77.39116750499909,16600.345324718706,181.40270366217592,1.660034532471871,153.39990173202295,968.041007563,7674.959396452,1352943.2732407881
SEQV6QiTpvTzrceiaYg9Avnwf7oc8ZALpnQMz6TyT4A,3dFMPj4r9mMmPHF32mz1gNDX7f8ftidWof7S8YiYTs1j,Fc1ED3YPeQfXQosHbd8DTaBd2AV5gHQtwiSAL5C5pUhi,601.4944499700005,599.9999999999999,599.885129135791,0.997324462704037,0.23995405165431638,0.9985331547956053,4159.510217876,1470.150089824,5616.374900370134
SAMyS8Jr2HJrkFwYVKbpUwsNStnQmvz3f8Tup8bWUWF,6jPzm5TFfquvgm25sTyN3MMGBfufRaFHMxobDWv6hMFW,Cj9ECoDmxsHTDzCY5ZA6RWrPbg9uFzEC1Qc2kso2vJG6,1416.2837911000097,32.7136948700001,1361.394423644253,0.9612440897786985,0.5445577694577013,0.023065507425017496,512.15926562,107569.67931486,2973.459304046278
MiMuMS9C4vBqcrYeeQPph1E7oAW9aNKvW9k6Zw9XffM,Afy2q2hh6Y474pshJa5fnQ6PfEchGyTbKrQpCZw2hr3m,5pXz9ksgjeL8Wgb37bksUaBFMLdFfsNNY3FQnikkCPtS,0.801911466999627,0.012163422000000423,0.0,0.0,0.0,0.023088394634598795,26.015093477,7673.149676041,177.16070781077852
BSCrK1Nx9PXU9mF7STWWBqeHLxmtJDr9h7jheEy4tAWX,FfSySSbVJPvEo5a5AvrP3nySoXpRE2QPn1uUMpJJ1x7v,HL7Vcj6838ZmvBHDbQxXfjBNckNi83WvPiZQoMQLFeRM,0.00012895899999998406,0.00012889199999999157,0.39126503739432955,3034.0266084133555,0.00015650601495773183,3031.4053595246755,0.840296693,0.963989992,5471.726953800698
FrnkTEL6yZ5Aycq2TrEgu29dCrwKG4LPUZydfiwqspkc,DjvZuMZ46fxKBoBpGMPcRcos4xdTtHFxwMh69DpA2ZFY,9rvDPJLAng4uVVqnnSoEXgNDFhBZQTny9AoQioYDZbQX,51.280389143998946,42.747073626999935,9432.780935625979,183.94519021956066,3.773112374250392,153.02719936046873,172.321719199,1439.434193426,251970.33470069777
MARpDPs5A7XiyCWPNH8GsMWPLxmwNn9SBmKvPa9LzgA,6YjT74rmcfCpw8LSjPNx5JTmZoYLGrTKnf9arfSgZ4SR,F8GSmi3vA8M8TsybLya1LQ4n1aFHCRbZ6k437PeTdXtg,19949.779066999996,20937.17267600028,18995.01369846057,0.9521415567895309,7.59800547938423,1.0,296452.414722,15691.079767,297955.7434344207
NorjjEePhxfwLF4vZjUHCrVVKLzQjEEGQFd3wgjEJmh,34M8pFVqgbV7aqHxvRT5tCv3vu2P1JJYT8J3VaxBK2oG,3AZWBSze3ucsY3xSeuLne3b2pauVqiaJ1SZSV5T9WGWw,1.2049870000000737,2.0832120000050054,0.6975294456115511,0.5788688555241744,0.00027901177824462046,1.0,38235.101644,2193.762303,24326.871832512763
SoN9GaFpSXfpyR5dth3x7PHPVhvJMpQqqDJfCSmPv1t,9kZ9iS68ViMPtoeqtnhAKuF2iqVyfHPdZHoUNdwCELr,BBhm5fJLjw3HRzjtKB8uMEYjGhY6EDm9co3cqpjrSzB9,0.34111848000000045,0.3352955909999997,62.64928768074294,183.6584393807772,0.02505971507229718,179.40080489965126,1.511739425,2.47142934,721.0201163945073
C98Sspw7XqnMsgxea3SLQVdbMDL8pKUc3RE82UvX9eq2,CSqgQJurPCzGxb4Cgwx5R61hWQUiaoUHcShNc8r1cKEL,6S2CR5EnukPhC914XkAns8m5GixjMAoUuZMsS5ubHuWc,17.470191,17.46960899999999,0.0,0.0,0.0,1.0,874.341646,889.388163,889.388163
WiiQFxXqp8P9Fs1rt9SVcDyA3KUdJmUsog6wnVQAwba,3S2jpqSYxho6wiz3cafhjXruVY8cg4HYa2v3BqBHYFSj,Dfe67M6TfrG74gKRtdqys4e6E9QirPD53BkF4FujFjuv,12754.762196994,12748.67665582,12754.53049819297,0.9999818343299975,1.275453049819297,0.9999994030003563,12856.770095154,13960.500592242,26817.028801139273
wrmcMSHFi3sWpAEy4rGDvQb3ezh3PhXoV2xNjgLBkKU,8p4mGnARWPBu6P2Gcw4adodLkNDorrXniZMhaY7eJXUn,AyY89zccbsgp9LKFgH4CFZMJmpSgqmPSdTfukhP227rc,0.009293560000000728,0.0377950699999999,3.1460934326339633,338.52403520649966,0.0012584373730535855,3021.9697198634067,27.03003197,0.10138216,9456.689311899438
MATgk4zXLXtYkwBH678J1xZbRDZ45LicNzkRBHkxTuY,y8dALFo1bJrSzPYjMX14HJX448pXqYmrfXHD1K8MXih,GN7Yuet3UyiWS5YVkEHv6oQKi4HGBJc3XDPt9zQhAqZz,672.8068670000002,672.1986549999997,673.4998983954491,1.0010300599316697,0.2693999593581797,1.0,3657.344888,4407.061662,8068.173834425426
BUSDgu5JdqP1rndBvXvanbEufS94FNh1w5FJcAj6vawb,Bgzr8cWubt89JQFXndVjtdKmDbGzuPxNhvjH1EhWCwbo,Dxaf8xPBBQsasRKW5Aa4Sw2YrbfGofY9xZueyyF23FBW,6701.614831340007,6718.102897950002,6688.089641419956,0.9979818013627401,2.675235856567982,1.0,8839.53723655,6241.80112929,15063.498423835186
C2ypsDADXcCRz8HbV2zX1AXPSja7a1P3xZtRC91xGhJh,J9bYNuDpY1d1T86gLaw7DGk5D3CsUAf2tzUwxMvb6FTv,A2NGvvPrMGzsJ4jb52KEnSBVmsA7C34dV1GC7PerdgvG,953.367391379003,959.2224158279987,146240.36230609383,153.3935014229548,58.49614492243753,154.38607758703208,3521.062499416,2074.43163145,860371.4683165143
SRMuKizofcAMicegrfSv7xs9q76tH1w8aAF7oX9FEWu,72Hj2KWntXPfbie4UgKeTPnm1XVkomDfCnRPKbvfTtPi,6aqJQ5wedqpUt4fFEDUqUmXhrdxCu4bEJsQdVPCADLko,19.483007000000725,19.534013000000414,1.1299936502766736,0.057998934675567874,0.0004519974601106695,0.05817828771176242,16948.215891,4942.927552,1270.549527588184
BSC8REUo9LpiiWUuqMuLXs2D2yJsJfGd4HdiF3wCLxk5,AZjEH1zWVx1UJ6udMyRijGTzPteuLnaY18yNNmprJEsh,Caf8ypkSVR8xYnXNhjvfvdGCC7mrM3C11rz8Xi6NA6aK,41.73322639300022,41.628290966999884,41.850244867078935,1.0028039642316833,0.016740097946831577,0.9999994030003563,2635.853088909,3721.491606629,6364.733311590109
ALBpShJ9NLpE739pcHDF2LNVk5J4VYPvvKuV6jMPitZi,D6d156U1bPiJpDYRLextvDRccgFk7QzkQbJg42ceKEu5,GNcM8U5g8RwTZffwwm3kSQqUNPSwv5d2fbN9sLxPJqt2,1393.499999000007,1393.6892829999924,1391.2364572840058,0.998375642829117,0.5564945829136023,0.9986797453766121,53893.59992,46422.446807,100167.21482147933
SoNcU2iwHMw6dGzsYNQkYFkUjwN1UdAjrWVRnStrZu2,8ivTTid27jZnYNc4w3CTA1Z6QS2twsFb8WMwUabeDJgc,CyXm53PMvHCbeXJBykU46Rcbo28xk5srhMZFg7gv6EYB,3.6093114290000017,3.5762082370000012,658.4499955942937,182.43091751623226,0.2633799982377175,176.75954850662043,15.172147236,19.517812033,6217.828383745011
MATSnbbiTCv7Dc3trJrkrqjx7ckKdr6fwPoVwv9q3sD,631WX9JizSHJm4w6VanZeJAst9T8DeUUnPLesdGkCVtK,211maUSfpnXbPuW1iBu8b4dtJv5EbN1j7JJiEX5TZKEP,1465.6482729999989,1465.4475859999948,1465.774329592344,1.0000860073966362,0.5863097318369376,0.9968906979132086,22125.287698,23430.117239,45484.45656296974
AURHmCnNwiW4uA2Qj1XvEh4iKgRUZYXtiY7FKAapUV5Y,BKWm4TRnTeKwfWXRyuzjRHU7iZDkPuXBX5b5V5jSVfGJ,A5Ww74HVrkj9nPeC7pHKLfgeDMEhBCpW1efQdz3TGLEg,0.015594278999969902,0.01393815699998413,2.6461367078246463,169.68637715342618,0.0010584546831298586,153.72842152579148,289.942123379,1795.272017173,325183.5619097831
MAR3XM1n9xWPQ3HJjAcC85o8DopWFP5p2WxGTaZ3fPB,6qG7GUhER8Cg9gDEgnebph9LdS6eu2eoWcA4R7z9uizK,4QV4CwRXVMY227KkFF9voNAfwWHVvVajXSXDKbUHkWZR,0.3040820000000011,0.006998999999999991,0.28963307479757444,0.9524834577435476,0.0001158532299190298,0.022958885617936457,0.115505,24.125989,0.6639224236572617
MiMUFdSLMyCLpqpH6zkqdDrGYs7XBomwENbivdYjv9V,,,0.012163421999999993,0.017581999999999987,0.0,0.0,0.0,0.022958885617936457,0.115505,24.125989,0.5539058218705932
BUSD5rCfUDpCxKGMvYU2yThChxgHoioK74PTPociGnv2,CcFHbafgYDZ8yA8Me1PdtDiVb2eeaS61LbqyKKK5CsNZ,26R9s4nmF3CFDTkiePDwRmtscn8i7r2eygbSijditJ58,9.489995429999993,9.514575579999999,9.455396903528385,0.9963542104180331,0.0009455396903528386,1.0,91.65744632,56.27244652,147.59572907709685
KEVpg4SYCVrqFxKijQH6hm4QxsRdoE51ud64bEEFUC9,2bPenuBYfqzD8p5dFjCcggwkHDsc2RQDnx9AoyYGUBjA,AE6n6iLuX8oYu61vt5hoDYkjswpnxFxrhSehxrnQTnbx,917.058552984,916.0509600199998,918.195845048811,1.001240152072199,0.36727833801952436,0.9999994030003563,2273.129911762,5371.975342498,7647.9210739630835
RoBgmK8CvjdHvPrqdDyVw54VwjZv2TqJ493xnqJAQHx,ExiHJxM7qPAcy27NDHAF6G7vnW7muNHi2sVJpnaNynGQ,6rkPHSqZb7StM4HwS9EuVrmfkV7tRdc7dnsFhyB6cefE,2.8276209999999473,49.508772000000434,0.0,0.0,0.0,0.9525324503992539,6235.720863,19.483804,18.558955567218785
parEAJhzYzHW87y9VoZAQ22dzQ2MD2ekEtTReaxbMcz,3oyc6hpjYSJEquK6dSvG72NXyz3pqLZz5D8AC71pwgQb,Di2vordgFJVZ1aj1aBpvzXtLfZgJsuLLXawGtVFwX6Rz,4.431529471999767,5.140750310000556,666.3962110029254,150.37612075322795,0.2665584844011702,177.50553950412407,1102.493808635,140.614440769,190748.584267755
BerKDkt6v49dT1bHRedgnpsJS263C1DSJtEGvY9Mg35V,78XKqNb8wbfsMMrvo8WPUpdx7GEkfQutpNVH943aCGFa,DKYQwn4nDvFHCszi5tXbqfVMAP7DaXXp1KGTXEnYnKVH,0.07210667200001808,0.07202401100016687,0.07224890046298049,1.0019724729906045,2.88995601851922e-05,0.9997631551087915,1338.388229411,1686.819933395,3027.448582755843
ALLwa5WNZbvQsRKAqe1jdRGemdYQnW8E5k4msbRFcYtu,CGoM82Hbz7QVqTgvQatYtjvDWBvoUJp5qm21P8iMs9yb,3dxNNww8TivyN5FMy5dCNdi3Zcxv6e4kUfSPxfFwpdNq,3.932336787999999,3.925703334,11941.139922869028,3036.6523944004134,4.776455969147611,3029.2106785734845,1.849982201,6.80882078,26243.105495533837
BSCNHw8CmxbZ8hCWWzMf5FaG2ajPT6JxfznKUNuRVrn4,7n9kgNL633yGzCYksgnzHyjG73ZLBAwvEae5sbAekbzW,SscdxE99omdG9AiMVwmaEMQySQnCgeAh1sPj2Leutm2,1.5248076520001632,1.5342129999999088,1.5342205615483129,1.0061731783256742,0.0006136882246193252,0.9999994030003563,3859.7070645,7845.378568905,11728.907609710812
BkwbeSfcX1h4thMDd7obGkHrPevf3QwgzJ4pCEqG18Lu,35yX27bmurdebhfAb8EPmjLETDiUaEUCn9zHaDPbakH2,2CxECn1ZJFoESyUnQysQU8rRgT3iJ5GRs2Mdd6gZjx5g,1.4089999996969027e-05,8.67000000004392e-06,0.030659761504415153,2175.9944294542606,1.2263904601766062e-05,1338.6880856760374,0.80136202,22.09433868,31321.187243303444
SUiuyGR7SFq3xeRVJonq84fjjeFwRSsFekcevJ53tzy,49GjCCPsv7fBqo6t3iKDrP1xxGDS8uWZbVCdfnp2gjMf,CEwj5xEbbJEjYqM8D6Ai8ByGz1mrh8mkAVsE5fzDSSSx,4.46777899999995,0.04265300000000005,0.041967216459386614,0.009393306262325662,1.6786886583754648e-05,0.9510051649090505,632.545869,1.783374,7.6376949574504405
Lee1XZJfJ9Hm2K1qTyeCz1LXNc1YBZaKZszvNY4KCDw,9DgFSWkPDGijNKcLGbr3p5xoJbHsPgXUTr6QvGBJ5vGN,2hNHZg7XBhuhHVZ3JDEi4buq2fPQwuWBdQ9xkH7t1GQX,1270.4532611419882,1070.3594653559894,231900.4252014647,182.53361402135604,23.190042520146473,153.19392481916225,6712.669100864,53859.396377762,9476220.070210524
GokA1R67GqSavkd15zR62QD68Tuc5AEfvjssntVDEbM8,3YB7hfpBdbQEuZqLGWVDpRPmeZWCUsrrWyqGXegnQ6Cg,4DPCj6Z1DsG6HUtwSogBGqXEUxdEV5a8YVrrFtcnz7UW,7751.907061999995,7752.418059000007,7751.907061999995,1.0,0.7751907061999995,1.0,16978.203942,15440.903135,32419.107077
TETFuZgEmET6d9vYmz9iMFCxK1jKdKYxf3oPz8hSzJK,Eu1Ze6Z84LWNkq7SNoAHBJbXx5t1P95EwyqYohrfCRFV,ASMbv7WNu3qe4pkhREmvyEdwFNDZQ6B6iSrjkj4u8bdC,138.01294391199997,138.0998196980001,137.74441888107876,0.9980543489377892,0.0550977675524315,0.9981045993658042,219.856999394,132.897270441,352.0746112599178
AUSejoEUCh2DBs9mof6BNC8Pubs22w4cJa1ccV9h44R,4xkyD7AfGQDwsQMy9MosRRNGoVJ1zosNinesxg1TzHG7,Cbm5gsQe3nSiCsFrvepVzMCD9xLK3ri9g3ypS2hdmVJ7,675.7109429999982,674.6226590000006,676.8521156670128,1.0016888473967107,0.06768521156670128,1.0,13830.068624,15047.880773,28901.306272391972
HDSBGqAuMRr6X2AfmmbXQPpRgU6VEhtfNVVZ3wUTZXg,DCZ1d8kNLgDcdSd99y4udLgwq46mfDXNS9KXj96kQf5L,Fq8GGYQM5Pz3q7LmVMbrXHJgsxA5ev86kTq8yGgGuYsa,1.519565689000956,1.5269172379994416,1.5064884921131119,0.9913941220294058,0.0006025953968452447,0.9999994030003563,13523.369623677,12879.734392416,26286.715858163552
RajgMbScQbqqrdJfR2rxfHJiTiY5b6bJ2tTXiF4aPxy,725ZA3fhyBAKb5iopNRrcbSuQa3LXA1656Q3mBvYPxeg,GLA6i1dSZpUfk2f9Nj8uiG7xyDdAR2reff8oEiZH3617,759.8658144200017,760.3508643600071,758.7396020538811,0.9985178799404467,0.3034958408215524,1.0,129509.96083544,54414.00527999,183732.0168045638
KwnjUuZhTMTSGAaavkLEmSyfobY16JNH4poL9oeeEvE,J63v6qEZmQpDqCD8bd4PXu2Pq5ZbyXrFcSa3Xt1HdAPQ,BnKQtTdLw9qPCDgZkWX3sURkBAoKCUYL1yahh6Mw7mRK,256.2256879999768,8542.405129000166,5.749907252208034,0.02244079154237086,0.0005749907252208035,1.0,275952.651595,609.780456,6802.376386007889
heyk4SZTeCUV6a65WiVA5bzic3KcxgVf1qxobfeV4tQ,9ZDpBKPqMABtGfq66FbVribaArMvtk63xxy91onZAtDt,DaTP4s6N7xxSPinbNZ3FB52EpRDRt87QShTuN3VPCW52,80.97510507300285,70.22195518699971,13939.359444960792,172.14376483233713,5.575743777984317,153.97331211375794,623.899876602,4494.845880206,799486.7812528963
KZMu9QBEdL97EFgamLbN5DE1AoKBG4HdrKKJo4Vuon3,DD4ACBWyVqdaKWh7v5btsgqQCCMwbKnuL2xd9pv7Gyuw,GcYqiJ1MAuYbNTNYXm1F1gQYTfTgkErACAhNU5dpVj9T,31.456064769999898,32.651495060000116,30.236956347858335,0.9612440897786985,0.012094782539143334,1.0,2379.04022943,720.50133563,3007.3396955153466
