0,1,2,3,4,5,6,7,8,9,10,11
BUSD5rCfUDpCxKGMvYU2yThChxgHoioK74PTPociGnv2,CcFHbafgYDZ8yA8Me1PdtDiVb2eeaS61LbqyKKK5CsNZ,26R9s4nmF3CFDTkiePDwRmtscn8i7r2eygbSijditJ58,310.35900755,311.89302061,309.4815314690106,0.9971727062542303,0.03094815314690106,0.9995635205974607,107.80198672,40.28921726,147.7688306836866
YAkoNb6HKmSxQN9L8hiBE5tPJRsniSSMzND1boHmZxe,CfWX7o2TswwbxusJ4hCaPobu2jLCb1hfXuXJQjVq3jQF,EnTrdMMpdhugeH6Ban6gYZWXughWxKtVGfCwFn78ZmY3,5250614.3258870095,5248462.828024992,5250614.3258870095,1.0,525.061432588701,0.997099437735627,323061.778004,1123877.220085,1443679.122234633
BSC8REUo9LpiiWUuqMuLXs2D2yJsJfGd4HdiF3wCLxk5,AZjEH1zWVx1UJ6udMyRijGTzPteuLnaY18yNNmprJEsh,Caf8ypkSVR8xYnXNhjvfvdGCC7mrM3C11rz8Xi6NA6aK,88.80005773300036,88.62060465200011,88.96044950920569,1.0018062125217033,0.035584179803682274,1.0,2614.558389077,3595.821931918,6215.102769096075
FrnkTEL6yZ5Aycq2TrEgu29dCrwKG4LPUZydfiwqspkc,DjvZuMZ46fxKBoBpGMPcRcos4xdTtHFxwMh69DpA2ZFY,9rvDPJLAng4uVVqnnSoEXgNDFhBZQTny9AoQioYDZbQX,43.21524316899948,36.06839205300005,7440.998486153084,172.1845798033342,2.9763993944612337,143.56295989496934,172.270975127,1439.55128374,236328.64867887038
SQDY9uoDoCbNq7F3HAHYYQZbrUzpKxDtdWLvYcqBLak,GiehZ4X2uQjhEKuxSm3ACmEFrabxh3RTvjbLfLjw1xGX,rxDQYV77NKRKYxCjq4cECX3QQsiSyLv1T1FT2X3zNA2,59.31418524399999,59.100887009999994,59.44275528715118,1.0021676103721613,0.023777102114860473,1.0,169.752361165,236.93512352,407.0554416637601
C2ypsDADXcCRz8HbV2zX1AXPSja7a1P3xZtRC91xGhJh,J9bYNuDpY1d1T86gLaw7DGk5D3CsUAf2tzUwxMvb6FTv,A2NGvvPrMGzsJ4jb52KEnSBVmsA7C34dV1GC7PerdgvG,179.61240728099983,180.7167595990004,25784.952172074216,143.55885855777325,10.313980868829686,143.32620858750445,3542.903952845,1899.624547653,780881.2316051088
B2izdXFYb2sNwbWWHmh75T4aQFtfXsUxem9u2p61HGzf,4DYwgJtxwuJdAjkj5RJSNH4e7U329V5cNp7d3a1nLrZv,EXNW64GEf1ACC6xY9BtKRiunrs6GoJSXBdxWN2eTPmrF,10527.575429999988,10440.949951999997,10580.350216881794,1.005013004868283,1.0580350216881795,1.0,11519.15484,28203.037357,39779.93777629142
vEnkoSUkpnbRrPgBz9DfcVxNz67zjwMYBZraAvDDNSf,DtfyjjsZ5yCjWKLKHvwsfXs5QVsmm1QkK6Sh9JZHoq1g,e5wrKCRv4GhHvEf1VD5Pq2KGaZDXP77nTL612Jyrxwy,1947.2719899999997,1946.8187740000003,1944.858420699911,0.9987605381721283,0.19448584206999112,0.998731610854215,738.579851,1209.72539,1945.8553969137938
MATgk4zXLXtYkwBH678J1xZbRDZ45LicNzkRBHkxTuY,y8dALFo1bJrSzPYjMX14HJX448pXqYmrfXHD1K8MXih,GN7Yuet3UyiWS5YVkEHv6oQKi4HGBJc3XDPt9zQhAqZz,7462.687849999998,7459.591252,7474.999173638981,1.0016497170840373,2.989999669455593,1.0,3323.770698,4745.715401,8074.969380303914
RoBgmK8CvjdHvPrqdDyVw54VwjZv2TqJ493xnqJAQHx,ExiHJxM7qPAcy27NDHAF6G7vnW7muNHi2sVJpnaNynGQ,6rkPHSqZb7StM4HwS9EuVrmfkV7tRdc7dnsFhyB6cefE,0.16230699999999842,8.640639999999621,0.0,0.0,0.0,0.9415699360485701,6243.851753,19.33868,18.208719690863763
GokA1R67GqSavkd15zR62QD68Tuc5AEfvjssntVDEbM8,3YB7hfpBdbQEuZqLGWVDpRPmeZWCUsrrWyqGXegnQ6Cg,4DPCj6Z1DsG6HUtwSogBGqXEUxdEV5a8YVrrFtcnz7UW,3728.8534189999955,3728.602539999996,3729.248719364248,1.0001060112371911,0.3729248719364248,1.0,15271.513341,17150.678601,32423.81089402306
WiiQFxXqp8P9Fs1rt9SVcDyA3KUdJmUsog6wnVQAwba,3S2jpqSYxho6wiz3cafhjXruVY8cg4HYa2v3BqBHYFSj,Dfe67M6TfrG74gKRtdqys4e6E9QirPD53BkF4FujFjuv,1720.065657027997,1712.572743405999,1727.5667275731855,1.0043609210581816,0.17275667275731854,1.0,4487.425460409,22343.305099253,26850.299867849317
KwnjUuZhTMTSGAaavkLEmSyfobY16JNH4poL9oeeEvE,J63v6qEZmQpDqCD8bd4PXu2Pq5ZbyXrFcSa3Xt1HdAPQ,BnKQtTdLw9qPCDgZkWX3sURkBAoKCUYL1yahh6Mw7mRK,191.2006860000007,8477.707132999902,4.115515785389465,0.02152458692219049,0.00041155157853894653,1.0,276944.267938,587.655738,6548.766705833893
KEN5P7p3asnb23Sw6yAmJRGvijfAzso3RqfyLAQhznt,9zj4aX38Uxf3h6AUjS4EipWS8mwbEofasHAf3a1uKGds,CwQDG1MWunn9cLNwcZLd8YBacweSR7ARo32w4mLua1Yr,141816.07222499885,141823.15500200028,141812.66872094953,0.9999760005759861,14.181266872094954,1.0,1143166.535762,1140231.806369,2283370.9067925895
RajgMbScQbqqrdJfR2rxfHJiTiY5b6bJ2tTXiF4aPxy,725ZA3fhyBAKb5iopNRrcbSuQa3LXA1656Q3mBvYPxeg,GLA6i1dSZpUfk2f9Nj8uiG7xyDdAR2reff8oEiZH3617,39040.05256657998,39043.51643390002,39037.75441397763,0.999941133465473,15.615101765591053,1.0,88634.03787619,95292.52167739,183921.3419749291
C98Sspw7XqnMsgxea3SLQVdbMDL8pKUc3RE82UvX9eq2,CSqgQJurPCzGxb4Cgwx5R61hWQUiaoUHcShNc8r1cKEL,6S2CR5EnukPhC914XkAns8m5GixjMAoUuZMsS5ubHuWc,18.00515100000007,18.00015299999984,0.0,0.0,0.0,1.0,860.657763,903.155637,903.155637
KysFMBBoavfov2tLpvefWW6tPFt6rAeZWDJVy1mMQae,B8ka2V21TH3x64dFV8ETcjuQcwmrciJ2qzy1mJUttRew,7fSf7EYxBANyxzk2s5pymFgshA91tFYQNKKs5UnLWcYS,8.640639999997802,6.761000999999851,0.0,0.0,0.0,0.021564478783528775,134131.9835,2896.486238,62.461216026134075
parEAJhzYzHW87y9VoZAQ22dzQ2MD2ekEtTReaxbMcz,3oyc6hpjYSJEquK6dSvG72NXyz3pqLZz5D8AC71pwgQb,Di2vordgFJVZ1aj1aBpvzXtLfZgJsuLLXawGtVFwX6Rz,1.654091066999996,1.920989329000065,231.16937269480937,139.7561339316573,0.09246774907792375,162.73498932458472,1105.229103873,138.307271058,176969.97894517664
iLiUBQ7Z7im6Ew3b4ewwPcehzWgEQRJ1iQz7g6D62NW,GpugBvKWM3TVhYcZjemSdtehBWgfvuGr6uAm9iPjXT6v,92fMXJ3xy8tEyMUWLHKRLyhPw2nECBo77GtDiBBbYrjX,29.380715665000025,30.0,28.76784500594011,0.9791403767679492,0.011507138002376046,1.0,1849.781564545,1113.583762851,2924.779580897998
ALLwa5WNZbvQsRKAqe1jdRGemdYQnW8E5k4msbRFcYtu,CGoM82Hbz7QVqTgvQatYtjvDWBvoUJp5qm21P8iMs9yb,3dxNNww8TivyN5FMy5dCNdi3Zcxv6e4kUfSPxfFwpdNq,5.162919403999999,5.016886415,14921.732381502887,2890.173410404624,5.968692952601155,2851.9197697930363,0.891844466,7.77858602,24761.48841332344
wrmcMSHFi3sWpAEy4rGDvQb3ezh3PhXoV2xNjgLBkKU,8p4mGnARWPBu6P2Gcw4adodLkNDorrXniZMhaY7eJXUn,AyY89zccbsgp9LKFgH4CFZMJmpSgqmPSdTfukhP227rc,0.002919359999999996,0.027911410000005077,0.8598998527245937,294.5508100147275,0.0003439599410898375,2869.1111493659264,27.07763526,0.09628681,8251.996959224225
AURHmCnNwiW4uA2Qj1XvEh4iKgRUZYXtiY7FKAapUV5Y,BKWm4TRnTeKwfWXRyuzjRHU7iZDkPuXBX5b5V5jSVfGJ,A5Ww74HVrkj9nPeC7pHKLfgeDMEhBCpW1efQdz3TGLEg,0.0012212710000767402,0.0010910269999726552,0.19516862680145178,159.8077959676338,7.806745072058071e-05,143.25611112663054,289.929907772,1795.285863492,303518.7307106215
MARpDPs5A7XiyCWPNH8GsMWPLxmwNn9SBmKvPa9LzgA,6YjT74rmcfCpw8LSjPNx5JTmZoYLGrTKnf9arfSgZ4SR,F8GSmi3vA8M8TsybLya1LQ4n1aFHCRbZ6k437PeTdXtg,16982.36770699999,17871.01708100026,16068.017188867487,0.9461588316830747,6.427206875546995,1.0,297075.521335,15127.539362,296208.1675499639
Lid8SLUxQ9RmF7XMqUA8c24RitTwzja8VSKngJxRcUa,4PgzyzLtds9bKZ2to9PMnKqJzKEUpjvNUaeN23phegax,AtymwxoVN9peZo7EXTcDz9jKVc4vRmisJKKrNfe3ewBa,76.83396917399625,64.94044037699996,13045.855293740071,169.79280693148573,1.3045855293740072,143.27339299906026,966.063361218,7677.328588765,1263987.5258559186
KEVpg4SYCVrqFxKijQH6hm4QxsRdoE51ud64bEEFUC9,2bPenuBYfqzD8p5dFjCcggwkHDsc2RQDnx9AoyYGUBjA,AE6n6iLuX8oYu61vt5hoDYkjswpnxFxrhSehxrnQTnbx,72.93526840699997,72.77670394899997,73.10718228557432,1.0023570747366697,0.029242872914229733,1.0,1631.075555512,5894.697930378,7529.618052875497
DFWzVTzNBrQZLjoQ4yQwkj9HuoXmfkuZP9V5vbymZe23,DhgiEgiNdqZdRdo195UUHnoEJUtefK8buko8nU97XJUZ,2K2kkXsouBHtWVjtcgkyiXd8eP3oVBvq1bTJzcVdLLr2,33.22984351400373,33.28850127599435,33.18416209690864,0.9986252894306938,0.013273664838763457,1.0,35500.717423506,32435.554473856,67887.46868590196
MATSnbbiTCv7Dc3trJrkrqjx7ckKdr6fwPoVwv9q3sD,631WX9JizSHJm4w6VanZeJAst9T8DeUUnPLesdGkCVtK,211maUSfpnXbPuW1iBu8b4dtJv5EbN1j7JJiEX5TZKEP,4676.813893999995,4670.154887000001,4682.240610867991,1.001160344839669,1.8728962443471964,0.9980926449554901,17521.902624,28041.968838,45530.71692056979
STK75uPSyBnEhGTTzb1nwmP3n427XoXmfRhXxxhyady,6TYyD5fUmDe6N65avW1Ny2RxzRNobw2RRgKwH9CTzSAU,54zDfk4cx2vGrEajPtodWpArNe5eUurytyxd4X3aZAxK,441.04180744800095,494.87202376599373,63287.802116510975,143.49615172020316,6.328780211651098,161.98896531168296,1514.775258616,264.983832087,260288.87711646938
daob129AwBGn9Y5r91uLoWZeYiGzbPmksauMhFZKTze,6VW5GQNyj4LStgmxEHLr5zUfW92vQnmbw8jTnCH7a38F,4VPCCUifPeBA1c7HWK358CHn2nyjm8pdTRk6Ps3KmnMQ,12.791416107000153,11.469956777999897,2028.5571636139894,158.58737974318993,0.8114228654455958,143.56994713467407,48.12984536,224.301020192,39835.67167430623
BSCNHw8CmxbZ8hCWWzMf5FaG2ajPT6JxfznKUNuRVrn4,7n9kgNL633yGzCYksgnzHyjG73ZLBAwvEae5sbAekbzW,SscdxE99omdG9AiMVwmaEMQySQnCgeAh1sPj2Leutm2,64.00104457399993,64.02570670799923,64.20290273759852,1.003153982328604,0.02568116109503941,1.0,4638.373677733,7063.711472722,11716.714499068032
BUSDTd9WiT6uBHJRgNvFXBsA7JrifsAtWzKfioN7ERcy,DyBxrn7gSc1EwnpWhDyhzvMHPtxpmBqRqotapLcKcfTM,Cds99GeBgoCpqBsoRWu1C6fF9LiUMd4pXQQD24s9LPff,502.61457095000003,501.73255857000004,503.3914650658655,1.0015457055182404,0.050339146506586545,0.9987306133903808,75.79815604,98.15244655,173.94317081671153
heyk4SZTeCUV6a65WiVA5bzic3KcxgVf1qxobfeV4tQ,9ZDpBKPqMABtGfq66FbVribaArMvtk63xxy91onZAtDt,DaTP4s6N7xxSPinbNZ3FB52EpRDRt87QShTuN3VPCW52,55.542323672002794,48.03476735299898,9239.231467832351,166.34578564615524,3.6956925871329407,143.5352649639461,613.851414018,4506.585485682,748965.5375048672
CZgvH45CRmoaNJ7395Ao5CQZXkGznvqU7cErD6n7FaRg,4ZjU6MKvtqVQKCiowhvZ5yUsPxXX5SCzd5eFsPeXyey5,BsyWeshjDbCvjDojry3vKDCesmFRM37WtwcR4Kfgzqr,4.9096679000000165,5.017635999999925,5.021089850442314,1.0226943965888806,0.0020084359401769253,1.0,241.39219576,563.13424698,810.0046929640381
BUSDgu5JdqP1rndBvXvanbEufS94FNh1w5FJcAj6vawb,Bgzr8cWubt89JQFXndVjtdKmDbGzuPxNhvjH1EhWCwbo,Dxaf8xPBBQsasRKW5Aa4Sw2YrbfGofY9xZueyyF23FBW,29565.389306760007,29643.95482974998,29509.92775833244,0.9981241055934654,11.803971103332977,1.0,8616.82967467,6485.78249476,15086.447906841226
SoN9GaFpSXfpyR5dth3x7PHPVhvJMpQqqDJfCSmPv1t,9kZ9iS68ViMPtoeqtnhAKuF2iqVyfHPdZHoUNdwCELr,BBhm5fJLjw3HRzjtKB8uMEYjGhY6EDm9co3cqpjrSzB9,0.13895462599999997,0.13653893699999986,23.956401318342646,172.40448920601355,0.009582560527337058,167.58388117900623,0.845726154,1.37577082,376.36399921696034
AUSejoEUCh2DBs9mof6BNC8Pubs22w4cJa1ccV9h44R,4xkyD7AfGQDwsQMy9MosRRNGoVJ1zosNinesxg1TzHG7,Cbm5gsQe3nSiCsFrvepVzMCD9xLK3ri9g3ypS2hdmVJ7,89.91574199999923,89.66279199999735,90.17562816035738,1.0028903299308607,0.009017562816035737,1.0,13391.557588,15487.645135,28917.90874271744
BSCrK1Nx9PXU9mF7STWWBqeHLxmtJDr9h7jheEy4tAWX,FfSySSbVJPvEo5a5AvrP3nySoXpRE2QPn1uUMpJJ1x7v,HL7Vcj6838ZmvBHDbQxXfjBNckNi83WvPiZQoMQLFeRM,0.0009694530000000645,0.0009685600000000072,2.8055198638701686,2893.920451914618,0.0011222079455480676,2888.170055452865,0.840058405,0.964251245,5215.983770774417
KZMu9QBEdL97EFgamLbN5DE1AoKBG4HdrKKJo4Vuon3,DD4ACBWyVqdaKWh7v5btsgqQCCMwbKnuL2xd9pv7Gyuw,GcYqiJ1MAuYbNTNYXm1F1gQYTfTgkErACAhNU5dpVj9T,37.48257319999993,39.08441057000027,35.08338175452988,0.9359918159121996,0.014033352701811955,1.0,2399.52870479,700.89156082,2946.8307905498405
SAMyS8Jr2HJrkFwYVKbpUwsNStnQmvz3f8Tup8bWUWF,6jPzm5TFfquvgm25sTyN3MMGBfufRaFHMxobDWv6hMFW,Cj9ECoDmxsHTDzCY5ZA6RWrPbg9uFzEC1Qc2kso2vJG6,411.78015283000326,159.02394688999652,385.4228530039578,0.9359918159121996,0.15416914120158315,0.02150833616866975,501.57258062,108019.4601002,2792.786691139592
JSoLLrxK5bYdHwTEWYaGgmeycBCNXKDiBCTw5hXGBg7,xG4wXczA7Dk4hccJ61CHKpDHW4NrNfQwgmWgkb9BuF2,BVR6WgfhsRr9Lob4QDnkEAiNGgAbv7ZieKcY9kSg3QYR,0.5999080329999877,0.514980806999997,97.96256162381307,163.29596577316556,0.03918502464952523,143.34597310342167,17.071567057,164.665467591,26391.849718196012
ercAoEmXjQzEvAFbdjAo81KtMxRGn9AW1ju882upmPH,CMRhskR2Eg6V42RTSdRTXGdozyPbWB8U9dVpijPWb9T4,7TKLLgrWswt6ZJ1pXhVR3FyufHGjJFqiEXxvWJfDcgRm,8.678185551000013,7.538385999999996,1243.5857825846417,143.30020662456792,0.4974343130338567,127.05237225836864,44.747396509,369.713678375,53385.31105956244
SRMuKizofcAMicegrfSv7xs9q76tH1w8aAF7oX9FEWu,72Hj2KWntXPfbie4UgKeTPnm1XVkomDfCnRPKbvfTtPi,6aqJQ5wedqpUt4fFEDUqUmXhrdxCu4bEJsQdVPCADLko,172.37514799999917,171.70607000000018,7.850714896073665,0.045544354781779234,0.0031402859584294665,0.042742564695787064,16773.017773,5117.707529,982.6602173669996
Sid7E679i9ABqptiAVhkmQ27YHN8vaYT4fppPwmxFsJ,GP7KB8o1bv527HG8kTzzzf4wJ5aEGHvcMQvVhLziUfmT,9gYxhAZ1M9wu5pxr8SBoa5NDm21gi3s9vMHaYTME77sa,490.5765470000006,1315.22107900001,4.023951307828656,0.008202494253824676,0.0016095805231314624,0.021433561927272454,132549.910088,9901.448136,1299.46317763443
HEDSDjj84KS7LKhZY7ejkCACTdPen62rKhCby1wXtgxc,EnnjMSFttpCTywBrYNt1J5QQeoSVkvzPipJDa8Y7kJow,6bjVT6JN2rSvpyn9PdfLYC8wJn4LWh49jpY47fnLDXZk,54.20050991500466,55.51078538400179,52.50185767164366,0.9686598475544831,0.021000743068657464,1.0,38843.326422267,9045.158450093,46671.12910079518
SoNcU2iwHMw6dGzsYNQkYFkUjwN1UdAjrWVRnStrZu2,8ivTTid27jZnYNc4w3CTA1Z6QS2twsFb8WMwUabeDJgc,CyXm53PMvHCbeXJBykU46Rcbo28xk5srhMZFg7gv6EYB,0.938247963000002,0.929315575000004,159.7208386907105,170.23307802343734,0.06388833547628421,168.21794451465675,15.268641942,19.422869009,5866.503016295822
Cob4usZcpHEY7Qt4ZCwj6WVg9S44zvzYV2v9qYF65dTf,NhFM9UXE48PyNAyeyPYA3iXztqKVJwA4bTdLj4ysM8w,6TuFuynuBoeskxyR2cz4wxyidk8dpDK7kAWw3UkjQGx,127.34643900000563,1198.9228980000044,1.0449881753430514,0.008205868837392502,0.0004179952701372206,1.0,72249.230265,176.965802,769.8335091571587
Lee1XZJfJ9Hm2K1qTyeCz1LXNc1YBZaKZszvNY4KCDw,9DgFSWkPDGijNKcLGbr3p5xoJbHsPgXUTr6QvGBJ5vGN,2hNHZg7XBhuhHVZ3JDEi4buq2fPQwuWBdQ9xkH7t1GQX,2741.821710118893,2309.5834154940476,466748.7491050239,170.23307802343734,46.67487491050239,142.7341468037828,6699.924011602,53885.67232972,8831874.151948936
BkwbeSfcX1h4thMDd7obGkHrPevf3QwgzJ4pCEqG18Lu,35yX27bmurdebhfAb8EPmjLETDiUaEUCn9zHaDPbakH2,2CxECn1ZJFoESyUnQysQU8rRgT3iJ5GRs2Mdd6gZjx5g,0.0012019400000014002,0.0007404599999999428,2.5387913735956746,2112.244682424012,0.0010155165494382698,1293.6610608020699,0.80210248,22.09313674,30275.267409652693
