0,1,2,3,4,5,6,7,8,9,10,11
B2izdXFYb2sNwbWWHmh75T4aQFtfXsUxem9u2p61HGzf,4DYwgJtxwuJdAjkj5RJSNH4e7U329V5cNp7d3a1nLrZv,EXNW64GEf1ACC6xY9BtKRiunrs6GoJSXBdxWN2eTPmrF,6421.3160000000025,6358.9628470000025,6484.959391467868,1.0099112691958885,0.6484959391467868,1.0,10481.284444,29247.641755,39832.80903064316
KysFMBBoavfov2tLpvefWW6tPFt6rAeZWDJVy1mMQae,B8ka2V21TH3x64dFV8ETcjuQcwmrciJ2qzy1mJUttRew,7fSf7EYxBANyxzk2s5pymFgshA91tFYQNKKs5UnLWcYS,18.155684000000292,24.36650400000508,0.0,0.0,0.0,0.021900385832237437,134544.081283,2580.886114,56.52240168566393
BUSDgu5JdqP1rndBvXvanbEufS94FNh1w5FJcAj6vawb,Bgzr8cWubt89JQFXndVjtdKmDbGzuPxNhvjH1EhWCwbo,Dxaf8xPBBQsasRKW5Aa4Sw2YrbfGofY9xZueyyF23FBW,9413.115978890004,9435.86535872,9391.79491391234,0.9977349620438672,3.7567179655649356,0.9999537421398886,8541.94428633,6540.62936591,15062.923268694041
wrmcMSHFi3sWpAEy4rGDvQb3ezh3PhXoV2xNjgLBkKU,8p4mGnARWPBu6P2Gcw4adodLkNDorrXniZMhaY7eJXUn,AyY89zccbsgp9LKFgH4CFZMJmpSgqmPSdTfukhP227rc,0.006662470000001197,0.04063217000000109,2.1804486917252857,327.27332231513145,0.0008721794766901143,2926.972047416947,27.03316126,0.10103297,9142.95317729842
SAMyS8Jr2HJrkFwYVKbpUwsNStnQmvz3f8Tup8bWUWF,6jPzm5TFfquvgm25sTyN3MMGBfufRaFHMxobDWv6hMFW,Cj9ECoDmxsHTDzCY5ZA6RWrPbg9uFzEC1Qc2kso2vJG6,1417.8304353600038,100.63789768000464,1355.4855550005318,0.9560279714663892,0.5421942220002127,0.021900385832237437,498.05869879,108170.15941486,2845.126274195458
WiiQFxXqp8P9Fs1rt9SVcDyA3KUdJmUsog6wnVQAwba,3S2jpqSYxho6wiz3cafhjXruVY8cg4HYa2v3BqBHYFSj,Dfe67M6TfrG74gKRtdqys4e6E9QirPD53BkF4FujFjuv,12793.083592939,12786.998511978998,12793.23963208279,1.0000121971487685,1.2793239632082791,1.0,12892.057390171,13925.214311693,26817.428948205918
C98Sspw7XqnMsgxea3SLQVdbMDL8pKUc3RE82UvX9eq2,CSqgQJurPCzGxb4Cgwx5R61hWQUiaoUHcShNc8r1cKEL,6S2CR5EnukPhC914XkAns8m5GixjMAoUuZMsS5ubHuWc,28.181167999999957,28.173571999999922,0.0,0.0,0.0,1.0,865.169834,898.566142,898.566142
TETFuZgEmET6d9vYmz9iMFCxK1jKdKYxf3oPz8hSzJK,Eu1Ze6Z84LWNkq7SNoAHBJbXx5t1P95EwyqYohrfCRFV,ASMbv7WNu3qe4pkhREmvyEdwFNDZQ6B6iSrjkj4u8bdC,135.12129939300002,135.20797569600006,134.6470283947683,0.996490035247128,0.05385881135790733,0.9975967893344931,219.856999394,132.897270441,351.6631993787143
KEN5P7p3asnb23Sw6yAmJRGvijfAzso3RqfyLAQhznt,9zj4aX38Uxf3h6AUjS4EipWS8mwbEofasHAf3a1uKGds,CwQDG1MWunn9cLNwcZLd8YBacweSR7ARo32w4mLua1Yr,56549.914637001,56548.81851700181,56548.84020903703,0.9999810003609931,5.654884020903703,1.0,1142687.336468,1144126.620909,2286792.2467301097
SUiuyGR7SFq3xeRVJonq84fjjeFwRSsFekcevJ53tzy,49GjCCPsv7fBqo6t3iKDrP1xxGDS8uWZbVCdfnp2gjMf,CEwj5xEbbJEjYqM8D6Ai8ByGz1mrh8mkAVsE5fzDSSSx,4.46777899999995,0.04265300000000005,0.04045873894666956,0.009055671497330107,1.6183495578667825e-05,0.9492214011457102,632.545869,1.783374,7.420944363704034
FrnkTEL6yZ5Aycq2TrEgu29dCrwKG4LPUZydfiwqspkc,DjvZuMZ46fxKBoBpGMPcRcos4xdTtHFxwMh69DpA2ZFY,9rvDPJLAng4uVVqnnSoEXgNDFhBZQTny9AoQioYDZbQX,40.48914762299955,33.743805545000015,7183.893195490918,177.42762239356605,2.873557278196367,147.82193251751394,172.368328247,1439.38085498,243354.96226867408
MARpDPs5A7XiyCWPNH8GsMWPLxmwNn9SBmKvPa9LzgA,6YjT74rmcfCpw8LSjPNx5JTmZoYLGrTKnf9arfSgZ4SR,F8GSmi3vA8M8TsybLya1LQ4n1aFHCRbZ6k437PeTdXtg,21500.06298400004,22559.84394600056,20405.569455134966,0.9490934733689117,8.162227782053987,1.0,296851.982442,15313.248517,297053.52760932496
BSC8REUo9LpiiWUuqMuLXs2D2yJsJfGd4HdiF3wCLxk5,AZjEH1zWVx1UJ6udMyRijGTzPteuLnaY18yNNmprJEsh,Caf8ypkSVR8xYnXNhjvfvdGCC7mrM3C11rz8Xi6NA6aK,40.29964568100013,40.19870328600018,40.41266855899979,1.0028045625734359,0.016165067423599914,1.0,2635.853088909,3721.491606629,6364.73711046023
parEAJhzYzHW87y9VoZAQ22dzQ2MD2ekEtTReaxbMcz,3oyc6hpjYSJEquK6dSvG72NXyz3pqLZz5D8AC71pwgQb,Di2vordgFJVZ1aj1aBpvzXtLfZgJsuLLXawGtVFwX6Rz,5.160611522000011,5.882236143000142,745.3386501263475,144.42835833484503,0.298135460050539,171.18955168537826,1104.831966882,138.63702837,183302.27794627848
HDSBGqAuMRr6X2AfmmbXQPpRgU6VEhtfNVVZ3wUTZXg,DCZ1d8kNLgDcdSd99y4udLgwq46mfDXNS9KXj96kQf5L,Fq8GGYQM5Pz3q7LmVMbrXHJgsxA5ev86kTq8yGgGuYsa,1.519565689000956,1.5269172379994416,1.5123093354215922,0.9952247187259575,0.0006049237341686368,1.0,13523.369623677,12879.734392416,26338.526122367097
HEDSDjj84KS7LKhZY7ejkCACTdPen62rKhCby1wXtgxc,EnnjMSFttpCTywBrYNt1J5QQeoSVkvzPipJDa8Y7kJow,6bjVT6JN2rSvpyn9PdfLYC8wJn4LWh49jpY47fnLDXZk,52.57263266999507,54.15959338299945,50.91667267766635,0.9685014824590698,0.020366669071066542,1.0,39037.611266879,9129.084431203,46937.068814836195
MAR3XM1n9xWPQ3HJjAcC85o8DopWFP5p2WxGTaZ3fPB,6qG7GUhER8Cg9gDEgnebph9LdS6eu2eoWcA4R7z9uizK,4QV4CwRXVMY227KkFF9voNAfwWHVvVajXSXDKbUHkWZR,0.3040820000000011,0.006998999999999991,0.2887825873070603,0.9496865559522079,0.00011551303492282413,0.021900385832237437,0.115505,24.125989,0.638062013329576
vEnkoSUkpnbRrPgBz9DfcVxNz67zjwMYBZraAvDDNSf,DtfyjjsZ5yCjWKLKHvwsfXs5QVsmm1QkK6Sh9JZHoq1g,e5wrKCRv4GhHvEf1VD5Pq2KGaZDXP77nTL612Jyrxwy,1737.270532,1737.3262089999994,1735.4777834496963,0.9989680659878345,0.17354777834496965,0.9967078738925329,927.960392,1019.834796,1943.4801693523377
KEnkcdADoLR5jS2CLLLesy8TtFsyWL37BhXNfDMzWzP,3qsjFRuw1qeLMPo4DLwaQevenGAGBj9dA3Q6rb8ax2YR,77iEv8zPQAEyCcEbvBRSB6AFcUdfkhiqnAKtPxk76rNN,1.8378119999999996,0.016936000000000007,0.016642621745851235,0.009055671497330107,6.657048698340494e-06,0.9960347855188495,116.271322,0.324539,1.376167029849793
MATgk4zXLXtYkwBH678J1xZbRDZ45LicNzkRBHkxTuY,y8dALFo1bJrSzPYjMX14HJX448pXqYmrfXHD1K8MXih,GN7Yuet3UyiWS5YVkEHv6oQKi4HGBJc3XDPt9zQhAqZz,604.0515389999991,603.5684550000001,604.6731429909939,1.001029057871492,0.2418692571963976,1.0,3657.344888,4407.064879,8068.173386545757
STK75uPSyBnEhGTTzb1nwmP3n427XoXmfRhXxxhyady,6TYyD5fUmDe6N65avW1Ny2RxzRNobw2RRgKwH9CTzSAU,54zDfk4cx2vGrEajPtodWpArNe5eUurytyxd4X3aZAxK,532.1994743599985,599.9451590140013,78458.1548516655,147.42245836679209,7.845815485166551,166.60868684364507,1609.776814781,282.968191618,284462.21428087505
Dg3mAgpwDfVNnbGWcsxL8sUcSkEbjSJQhKAWNigG44Ju,EATxwd8YA2wV93VJcKMmH2Kn2Y9XfJVUB9hHVu3udwEy,GiGvrRi7NMHfHKanG2B8xyCEqe8jaafWins8bhrLVEaa,0.00045585000000000764,0.0004610159999999808,0.08081426600046371,177.28258418440794,3.232570640018549e-05,175.53252178797428,0.198226173,0.261388851,81.02429238571656
YAkoNb6HKmSxQN9L8hiBE5tPJRsniSSMzND1boHmZxe,CfWX7o2TswwbxusJ4hCaPobu2jLCb1hfXuXJQjVq3jQF,EnTrdMMpdhugeH6Ban6gYZWXughWxKtVGfCwFn78ZmY3,6073971.182608007,6073107.4039699575,6073971.182608007,1.0,607.3971182608008,0.99875056304563,461528.31521,985670.347851,1445967.1301035683
BSCrK1Nx9PXU9mF7STWWBqeHLxmtJDr9h7jheEy4tAWX,FfSySSbVJPvEo5a5AvrP3nySoXpRE2QPn1uUMpJJ1x7v,HL7Vcj6838ZmvBHDbQxXfjBNckNi83WvPiZQoMQLFeRM,0.00012895899999998406,0.00012889199999999157,0.3785341082540333,2935.3058588704944,0.00015141364330161332,2930.7464611236483,0.840296693,0.963989992,5291.738063765015
KZMu9QBEdL97EFgamLbN5DE1AoKBG4HdrKKJo4Vuon3,DD4ACBWyVqdaKWh7v5btsgqQCCMwbKnuL2xd9pv7Gyuw,GcYqiJ1MAuYbNTNYXm1F1gQYTfTgkErACAhNU5dpVj9T,33.31033960000002,34.70522691999986,31.84561639664455,0.9560279714663892,0.012738246558657821,0.9999537421398886,2393.14079626,706.97032799,2994.847165937372
AUSejoEUCh2DBs9mof6BNC8Pubs22w4cJa1ccV9h44R,4xkyD7AfGQDwsQMy9MosRRNGoVJ1zosNinesxg1TzHG7,Cbm5gsQe3nSiCsFrvepVzMCD9xLK3ri9g3ypS2hdmVJ7,675.0114129999984,675.4677809999994,676.1629184501188,1.0017059051564814,0.06761629184501189,1.0,13833.060871,15044.883868,28901.54262886976
BSCNHw8CmxbZ8hCWWzMf5FaG2ajPT6JxfznKUNuRVrn4,7n9kgNL633yGzCYksgnzHyjG73ZLBAwvEae5sbAekbzW,SscdxE99omdG9AiMVwmaEMQySQnCgeAh1sPj2Leutm2,1.5248076520001632,1.5342129999999088,1.5342214769579652,1.00617377867002,0.0006136885907831861,1.0,3859.7070645,7845.378568905,11728.914610552336
Sid7E679i9ABqptiAVhkmQ27YHN8vaYT4fppPwmxFsJ,GP7KB8o1bv527HG8kTzzzf4wJ5aEGHvcMQvVhLziUfmT,9gYxhAZ1M9wu5pxr8SBoa5NDm21gi3s9vMHaYTME77sa,700.7713070000009,1683.2569179999791,6.3459547509466745,0.009055671497330107,0.0025383819003786698,0.02189887702996568,130518.484612,10703.272551,1416.3221703881627
MiMUFdSLMyCLpqpH6zkqdDrGYs7XBomwENbivdYjv9V,,,0.012163421999999993,0.017581999999999987,0.0,0.0,0.0,0.02189887702996568,130518.484612,10703.272551,234.38964941255605
iLiUBQ7Z7im6Ew3b4ewwPcehzWgEQRJ1iQz7g6D62NW,GpugBvKWM3TVhYcZjemSdtehBWgfvuGr6uAm9iPjXT6v,92fMXJ3xy8tEyMUWLHKRLyhPw2nECBo77GtDiBBbYrjX,13.674317202999873,13.941426395999997,13.417188459134518,0.9811962279323939,0.005366875383653808,1.0,1819.781564545,1142.964478516,2928.5272853084643
SRMuKizofcAMicegrfSv7xs9q76tH1w8aAF7oX9FEWu,72Hj2KWntXPfbie4UgKeTPnm1XVkomDfCnRPKbvfTtPi,6aqJQ5wedqpUt4fFEDUqUmXhrdxCu4bEJsQdVPCADLko,0.021684000000277592,0.021684000000277592,0.0013121406045599848,0.060511926053458176,5.248562418239939e-07,0.060757243038024975,16948.215891,4942.927552,1325.8878373304506
BUSDTd9WiT6uBHJRgNvFXBsA7JrifsAtWzKfioN7ERcy,DyBxrn7gSc1EwnpWhDyhzvMHPtxpmBqRqotapLcKcfTM,Cds99GeBgoCpqBsoRWu1C6fF9LiUMd4pXQQD24s9LPff,829.29518051,826.5248060000001,825.8431725655395,0.9958374195032249,0.08258431725655395,0.9953130707498389,104.31666124,69.49669276,173.0534014183474
ALLwa5WNZbvQsRKAqe1jdRGemdYQnW8E5k4msbRFcYtu,CGoM82Hbz7QVqTgvQatYtjvDWBvoUJp5qm21P8iMs9yb,3dxNNww8TivyN5FMy5dCNdi3Zcxv6e4kUfSPxfFwpdNq,3.6783684959999974,3.6717774689999993,10737.880943484344,2919.196637085474,4.295152377393738,2912.692055632418,1.717491255,6.941853801,25233.177113354115
BkwbeSfcX1h4thMDd7obGkHrPevf3QwgzJ4pCEqG18Lu,35yX27bmurdebhfAb8EPmjLETDiUaEUCn9zHaDPbakH2,2CxECn1ZJFoESyUnQysQU8rRgT3iJ5GRs2Mdd6gZjx5g,1.4089999996969027e-05,8.67000000004392e-06,0.030991553750151824,2199.542495161006,1.239662150006073e-05,1353.1799729364006,0.80136202,22.09433868,31660.246434048135
JSoLLrxK5bYdHwTEWYaGgmeycBCNXKDiBCTw5hXGBg7,xG4wXczA7Dk4hccJ61CHKpDHW4NrNfQwgmWgkb9BuF2,BVR6WgfhsRr9Lob4QDnkEAiNGgAbv7ZieKcY9kSg3QYR,2.3106661740000334,1.9673800120000102,396.91072169344295,171.7732860590347,0.15876428867737719,147.35924134747057,17.108395424,164.619845939,27197.020909486353
ercAoEmXjQzEvAFbdjAo81KtMxRGn9AW1ju882upmPH,CMRhskR2Eg6V42RTSdRTXGdozyPbWB8U9dVpijPWb9T4,7TKLLgrWswt6ZJ1pXhVR3FyufHGjJFqiEXxvWJfDcgRm,39.6438547840001,39.75037540799991,5813.7557014067515,146.64960642911876,2.3255022805627004,142.62322040093954,239.471510565,788.095439359,147519.11232001774
ionytDfEj1mXodptgrsKEZro7DGsfpzANUfarJdm6Qb,3gkSjY95an9xNFSjCfsay6JZez7uv7yfW3Ad4ubc4fMK,9wXqANaSuEqkKL9yHzCPEDGHwbkStVAqV5rB3QDs3Jr6,0.02031090300000002,0.07565330600000042,14.711830436851693,724.3316772696753,0.005884732174740678,2919.452310746504,3.17013297,0.079600045,2528.616266638773
heyk4SZTeCUV6a65WiVA5bzic3KcxgVf1qxobfeV4tQ,9ZDpBKPqMABtGfq66FbVribaArMvtk63xxy91onZAtDt,DaTP4s6N7xxSPinbNZ3FB52EpRDRt87QShTuN3VPCW52,79.9684062050028,69.27059501799988,13564.954766751373,169.62892485285963,5.425981906700549,147.5103135523478,613.724880155,4506.63420586,768880.5163482875
Lee1XZJfJ9Hm2K1qTyeCz1LXNc1YBZaKZszvNY4KCDw,9DgFSWkPDGijNKcLGbr3p5xoJbHsPgXUTr6QvGBJ5vGN,2hNHZg7XBhuhHVZ3JDEi4buq2fPQwuWBdQ9xkH7t1GQX,1739.6590985249204,1465.7131794680045,304470.59139511624,175.0173879774956,30.447059139511623,147.59339377873184,6710.581358353,53861.077585608,9124007.654588886
KEVpg4SYCVrqFxKijQH6hm4QxsRdoE51ud64bEEFUC9,2bPenuBYfqzD8p5dFjCcggwkHDsc2RQDnx9AoyYGUBjA,AE6n6iLuX8oYu61vt5hoDYkjswpnxFxrhSehxrnQTnbx,914.624106961,915.6327700000002,915.7729248640106,1.0012560546942368,0.36630916994560425,1.0,2273.129911762,5371.975342498,7647.960429756278
Cob4usZcpHEY7Qt4ZCwj6WVg9S44zvzYV2v9qYF65dTf,NhFM9UXE48PyNAyeyPYA3iXztqKVJwA4bTdLj4ysM8w,6TuFuynuBoeskxyR2cz4wxyidk8dpDK7kAWw3UkjQGx,14.442849999999964,1582.908540000004,0.13078970508521381,0.009055671497330107,5.231588203408553e-05,1.0,70945.200256,188.145461,830.6018888306357
BkMBnJpvHKtWhUvrgRrLesXfi9RUV3ELgdBaJcdH7hcY,5uerVwBnZQsuVhZ15igs7ZgmcqhHnYWbwoRtLyRqLvR,9YWiQh5d4jCtgMdzcGLv9bWgnLaFtzvDDh2nnhJdzhBX,0.0011736749997908191,0.0011736749997908191,0.0011801507714903226,1.0055175169452,4.7206030859612904e-07,0.9998620960201305,986.482241645,1887.576222024,2879.241091880091
BerKDkt6v49dT1bHRedgnpsJS263C1DSJtEGvY9Mg35V,78XKqNb8wbfsMMrvo8WPUpdx7GEkfQutpNVH943aCGFa,DKYQwn4nDvFHCszi5tXbqfVMAP7DaXXp1KGTXEnYnKVH,0.07210667200001808,0.07202401100016687,0.0722489436082863,1.0019730713444686,2.8899577443314524e-05,0.9998620950204065,1338.388229411,1686.819933395,3027.616277400732
Lid8SLUxQ9RmF7XMqUA8c24RitTwzja8VSKngJxRcUa,4PgzyzLtds9bKZ2to9PMnKqJzKEUpjvNUaeN23phegax,AtymwxoVN9peZo7EXTcDz9jKVc4vRmisJKKrNfe3ewBa,127.70150101899708,107.960455247999,22110.73121752636,173.14386315817177,2.2110731217526363,147.33449069486923,967.890027625,7675.143997015,1298397.6503052502
SoN9GaFpSXfpyR5dth3x7PHPVhvJMpQqqDJfCSmPv1t,9kZ9iS68ViMPtoeqtnhAKuF2iqVyfHPdZHoUNdwCELr,BBhm5fJLjw3HRzjtKB8uMEYjGhY6EDm9co3cqpjrSzB9,0.4055918880000009,0.39723911499999986,71.65033091243662,176.65622275077763,0.028660132364974646,172.54299210598558,1.514935699,2.46825596,693.5030869174809
C2ypsDADXcCRz8HbV2zX1AXPSja7a1P3xZtRC91xGhJh,J9bYNuDpY1d1T86gLaw7DGk5D3CsUAf2tzUwxMvb6FTv,A2NGvvPrMGzsJ4jb52KEnSBVmsA7C34dV1GC7PerdgvG,532.1993773790011,535.3892132209976,78417.64404639658,147.3463656282186,31.367057618558636,145.91006074673558,2953.109980266,1770.333078038,693439.4298510954
SERgf3DMJpQxUifu7VoFKmfne73d2fDJxSrxUMrcNJB,AJfM2GZ2tTB8UtN2krcyR9xufRJEx2mhSCbJyMgPo3GU,F4yRYkufQvERZcEKnKjJwRLU1btiMBUuEwq46hfm11QD,0.17456716300000252,0.1747746939999999,24.871765634831256,142.47677058732344,0.009948706253932503,147.3185374451312,29.284858487,27.960780594,8291.553367266817
AURHmCnNwiW4uA2Qj1XvEh4iKgRUZYXtiY7FKAapUV5Y,BKWm4TRnTeKwfWXRyuzjRHU7iZDkPuXBX5b5V5jSVfGJ,A5Ww74HVrkj9nPeC7pHKLfgeDMEhBCpW1efQdz3TGLEg,0.02630998599988743,0.023508204999984628,4.326839890539186,164.4561836922946,0.0017307359562156745,147.2438961147195,289.932553331,1795.28273288,312025.62546571135
GokA1R67GqSavkd15zR62QD68Tuc5AEfvjssntVDEbM8,3YB7hfpBdbQEuZqLGWVDpRPmeZWCUsrrWyqGXegnQ6Cg,4DPCj6Z1DsG6HUtwSogBGqXEUxdEV5a8YVrrFtcnz7UW,15874.02873299999,15875.648689000005,15871.235395570371,0.9998240309705493,1.5871235395570373,1.0,18532.558831,13887.488613,32416.78628760927
MATSnbbiTCv7Dc3trJrkrqjx7ckKdr6fwPoVwv9q3sD,631WX9JizSHJm4w6VanZeJAst9T8DeUUnPLesdGkCVtK,211maUSfpnXbPuW1iBu8b4dtJv5EbN1j7JJiEX5TZKEP,2225.0504379999984,2224.686326999996,2224.661122303595,0.9998250306196416,0.8898644489214382,0.9991147843011092,21844.723203,23710.859082,45530.770902623495
RajgMbScQbqqrdJfR2rxfHJiTiY5b6bJ2tTXiF4aPxy,725ZA3fhyBAKb5iopNRrcbSuQa3LXA1656Q3mBvYPxeg,GLA6i1dSZpUfk2f9Nj8uiG7xyDdAR2reff8oEiZH3617,2158.615433470004,2161.926211240003,2152.7948144903257,0.9973035405522319,0.8611179257961304,1.0,130911.53618232,53015.25566094,183573.79419469935
DFWzVTzNBrQZLjoQ4yQwkj9HuoXmfkuZP9V5vbymZe23,DhgiEgiNdqZdRdo195UUHnoEJUtefK8buko8nU97XJUZ,2K2kkXsouBHtWVjtcgkyiXd8eP3oVBvq1bTJzcVdLLr2,18.796501199001796,18.933394814994244,18.588565600594766,0.9889375370338566,0.007435426240237908,0.9998656300577078,42741.041133397,25238.143560606,67502.97226143657
daob129AwBGn9Y5r91uLoWZeYiGzbPmksauMhFZKTze,6VW5GQNyj4LStgmxEHLr5zUfW92vQnmbw8jTnCH7a38F,4VPCCUifPeBA1c7HWK358CHn2nyjm8pdTRk6Ps3KmnMQ,11.212286207999846,10.054631332000021,1839.9570657011097,164.10186393461132,0.735982826280444,147.14055145041593,48.48921337,223.882509428,40899.36619207894
NorjjEePhxfwLF4vZjUHCrVVKLzQjEEGQFd3wgjEJmh,34M8pFVqgbV7aqHxvRT5tCv3vu2P1JJYT8J3VaxBK2oG,3AZWBSze3ucsY3xSeuLne3b2pauVqiaJ1SZSV5T9WGWw,1.2049870000000737,2.0832120000050054,0.6975294456115511,0.5788688555241744,0.00027901177824462046,1.0,38235.101644,2193.762303,24326.871832512763
KwnjUuZhTMTSGAaavkLEmSyfobY16JNH4poL9oeeEvE,J63v6qEZmQpDqCD8bd4PXu2Pq5ZbyXrFcSa3Xt1HdAPQ,BnKQtTdLw9qPCDgZkWX3sURkBAoKCUYL1yahh6Mw7mRK,206.90903999999944,9279.220782000106,4.5260341355686275,0.02187451130974577,0.0004526034135568628,1.0,276795.575128,590.828502,6645.596440625021
BUSD5rCfUDpCxKGMvYU2yThChxgHoioK74PTPociGnv2,CcFHbafgYDZ8yA8Me1PdtDiVb2eeaS61LbqyKKK5CsNZ,26R9s4nmF3CFDTkiePDwRmtscn8i7r2eygbSijditJ58,102.91501398,102.82354714,102.96348197987237,1.0004709516910895,0.010296348197987238,1.0,91.84112902,56.09876877,147.98315052502352
ALBpShJ9NLpE739pcHDF2LNVk5J4VYPvvKuV6jMPitZi,D6d156U1bPiJpDYRLextvDRccgFk7QzkQbJg42ceKEu5,GNcM8U5g8RwTZffwwm3kSQqUNPSwv5d2fbN9sLxPJqt2,893.9021270000012,893.2613710000005,892.1356983173329,0.9980239126529471,0.35685427932693314,0.9992585501557844,53893.59992,46422.446807,100175.1283501578
RoBgmK8CvjdHvPrqdDyVw54VwjZv2TqJ493xnqJAQHx,ExiHJxM7qPAcy27NDHAF6G7vnW7muNHi2sVJpnaNynGQ,6rkPHSqZb7StM4HwS9EuVrmfkV7tRdc7dnsFhyB6cefE,13.420907999999901,11.376780000000629,0.0,0.0,0.0,0.9454575021580066,6235.720863,19.483804,18.421108662376177
MiMuMS9C4vBqcrYeeQPph1E7oAW9aNKvW9k6Zw9XffM,Afy2q2hh6Y474pshJa5fnQ6PfEchGyTbKrQpCZw2hr3m,5pXz9ksgjeL8Wgb37bksUaBFMLdFfsNNY3FQnikkCPtS,0.801911466999627,0.012163422000000423,0.0,0.0,0.0,0.021900385832237437,26.015093477,7673.149676041,168.0449384538056
SoNcU2iwHMw6dGzsYNQkYFkUjwN1UdAjrWVRnStrZu2,8ivTTid27jZnYNc4w3CTA1Z6QS2twsFb8WMwUabeDJgc,CyXm53PMvHCbeXJBykU46Rcbo28xk5srhMZFg7gv6EYB,3.120691232999997,3.0918780100000003,545.0675817931157,174.66245171238194,0.21802703271724624,172.54299210598558,15.320152582,19.368582173,6017.76853155997
