0,1,2,3,4,5,6,7,8,9,10,11
C98Sspw7XqnMsgxea3SLQVdbMDL8pKUc3RE82UvX9eq2,CSqgQJurPCzGxb4Cgwx5R61hWQUiaoUHcShNc8r1cKEL,6S2CR5EnukPhC914XkAns8m5GixjMAoUuZMsS5ubHuWc,51.25817099999972,51.27278500000011,0.0,0.0,0.0,1.0,898.96622,864.924947,864.924947
2jQoGQRixdcfuRPt9Zui7pk6ivnrQv79mf8h13Tyoa9K,,,0.00023028300000000018,0.0002813360000000001,0.0,0.0,0.0,1.0,898.96622,864.924947,864.924947
WiiQFxXqp8P9Fs1rt9SVcDyA3KUdJmUsog6wnVQAwba,3S2jpqSYxho6wiz3cafhjXruVY8cg4HYa2v3BqBHYFSj,Dfe67M6TfrG74gKRtdqys4e6E9QirPD53BkF4FujFjuv,486.1626878190009,484.3749893690019,488.86070663690504,1.0055496213212245,0.0488860706636905,0.9999074495663756,3964.534186646,22869.380752735,26853.800031726547
YakoMPuYrybnr9R7VC7hVGxMz94fJvPFCdZ4gmW61Ed,,,0.02116299999999982,0.02108999999999983,0.0,0.0,0.0,0.9999074495663756,3964.534186646,22869.380752735,22867.264181629613
Cob4usZcpHEY7Qt4ZCwj6WVg9S44zvzYV2v9qYF65dTf,NhFM9UXE48PyNAyeyPYA3iXztqKVJwA4bTdLj4ysM8w,6TuFuynuBoeskxyR2cz4wxyidk8dpDK7kAWw3UkjQGx,14.965839999999957,2081.827642999997,0.11033714055832398,0.007372599236549655,4.41348562233296e-05,1.0,73791.74898,165.018032,709.0550241936119
SoNcU2iwHMw6dGzsYNQkYFkUjwN1UdAjrWVRnStrZu2,8ivTTid27jZnYNc4w3CTA1Z6QS2twsFb8WMwUabeDJgc,CyXm53PMvHCbeXJBykU46Rcbo28xk5srhMZFg7gv6EYB,9.816021272999993,9.699014511000003,1923.0113934651831,195.90538161878578,0.7692045573860733,193.46584582977596,15.200698147,19.498644623,6750.2203458829135
GokA1R67GqSavkd15zR62QD68Tuc5AEfvjssntVDEbM8,3YB7hfpBdbQEuZqLGWVDpRPmeZWCUsrrWyqGXegnQ6Cg,4DPCj6Z1DsG6HUtwSogBGqXEUxdEV5a8YVrrFtcnz7UW,5925.144685000007,5924.004407999997,5926.709336264781,1.0002640697144047,0.5926709336264782,1.0,13461.081767,18964.300472,32428.93690301779
BUSDgu5JdqP1rndBvXvanbEufS94FNh1w5FJcAj6vawb,Bgzr8cWubt89JQFXndVjtdKmDbGzuPxNhvjH1EhWCwbo,Dxaf8xPBBQsasRKW5Aa4Sw2YrbfGofY9xZueyyF23FBW,7584.301827639996,7561.049103939999,7570.073647118028,0.9981239960057872,3.0280294588472114,1.0,8789.58274646,6324.15854039,15097.251994510178
heyk4SZTeCUV6a65WiVA5bzic3KcxgVf1qxobfeV4tQ,9ZDpBKPqMABtGfq66FbVribaArMvtk63xxy91onZAtDt,DaTP4s6N7xxSPinbNZ3FB52EpRDRt87QShTuN3VPCW52,80.25789077800073,69.46057267100025,15264.071144308738,190.187793329011,6.105628457723497,166.07587940499664,622.664443264,4496.471414871,865178.6208929481
MATSnbbiTCv7Dc3trJrkrqjx7ckKdr6fwPoVwv9q3sD,631WX9JizSHJm4w6VanZeJAst9T8DeUUnPLesdGkCVtK,211maUSfpnXbPuW1iBu8b4dtJv5EbN1j7JJiEX5TZKEP,2567.487747000003,2564.8953270000056,2567.367080747208,0.9999530022088963,1.0269468322988833,0.9966572117119181,20028.833927,25537.254648,45479.78162829995
KEVpg4SYCVrqFxKijQH6hm4QxsRdoE51ud64bEEFUC9,2bPenuBYfqzD8p5dFjCcggwkHDsc2RQDnx9AoyYGUBjA,AE6n6iLuX8oYu61vt5hoDYkjswpnxFxrhSehxrnQTnbx,104.68321157100013,104.99862600000051,104.9552538046224,1.0025987188350423,0.04198210152184896,0.9999067396982951,1533.892907235,5992.252185788,7529.572410165231
AURHmCnNwiW4uA2Qj1XvEh4iKgRUZYXtiY7FKAapUV5Y,BKWm4TRnTeKwfWXRyuzjRHU7iZDkPuXBX5b5V5jSVfGJ,A5Ww74HVrkj9nPeC7pHKLfgeDMEhBCpW1efQdz3TGLEg,0.014969343000302615,0.01338088800002879,2.742576214775058,183.21286476765312,0.0010970304859100233,165.99221264133615,290.125761278,1795.066754965,351121.87436218216
Lee1XZJfJ9Hm2K1qTyeCz1LXNc1YBZaKZszvNY4KCDw,9DgFSWkPDGijNKcLGbr3p5xoJbHsPgXUTr6QvGBJ5vGN,2hNHZg7XBhuhHVZ3JDEi4buq2fPQwuWBdQ9xkH7t1GQX,3186.0296916879597,2681.888372348977,629619.1534622031,197.61873378167755,62.961915346220316,165.7313617267617,6698.113394838,53902.366668048,10256985.316004785
HDSBGqAuMRr6X2AfmmbXQPpRgU6VEhtfNVVZ3wUTZXg,DCZ1d8kNLgDcdSd99y4udLgwq46mfDXNS9KXj96kQf5L,Fq8GGYQM5Pz3q7LmVMbrXHJgsxA5ev86kTq8yGgGuYsa,25.036791459000142,25.134190798999953,24.87994777065498,0.9937354717116206,0.009951979108261993,0.9999040382095491,1870.477192725,1775.608124234,3634.197269137665
RajgMbScQbqqrdJfR2rxfHJiTiY5b6bJ2tTXiF4aPxy,725ZA3fhyBAKb5iopNRrcbSuQa3LXA1656Q3mBvYPxeg,GLA6i1dSZpUfk2f9Nj8uiG7xyDdAR2reff8oEiZH3617,4321.50794642001,4322.070371659996,4323.00837616721,1.0003472005063518,1.7292033504668842,1.0,93796.4843168,90141.47127198,183970.5217756288
MATgk4zXLXtYkwBH678J1xZbRDZ45LicNzkRBHkxTuY,y8dALFo1bJrSzPYjMX14HJX448pXqYmrfXHD1K8MXih,GN7Yuet3UyiWS5YVkEHv6oQKi4HGBJc3XDPt9zQhAqZz,3219.0531739999997,3211.0762110000005,3227.5480805480015,1.0026389457050957,1.291019232219201,1.0,2889.576153,5185.735158,8082.936745578507
FrnkTEL6yZ5Aycq2TrEgu29dCrwKG4LPUZydfiwqspkc,DjvZuMZ46fxKBoBpGMPcRcos4xdTtHFxwMh69DpA2ZFY,9rvDPJLAng4uVVqnnSoEXgNDFhBZQTny9AoQioYDZbQX,69.81603638000047,58.12335711199978,13902.445248795708,199.1296838039664,5.560978099518284,166.7249926265872,172.183938514,1439.723589017,274324.8379955974
Sid7E679i9ABqptiAVhkmQ27YHN8vaYT4fppPwmxFsJ,GP7KB8o1bv527HG8kTzzzf4wJ5aEGHvcMQvVhLziUfmT,9gYxhAZ1M9wu5pxr8SBoa5NDm21gi3s9vMHaYTME77sa,782.4956579999889,2008.5224890000318,5.7759077806581125,0.007381392754844136,0.0023103631122632453,0.02160854903347121,136019.415641,8685.515111,1191.6941082876092
KwnjUuZhTMTSGAaavkLEmSyfobY16JNH4poL9oeeEvE,J63v6qEZmQpDqCD8bd4PXu2Pq5ZbyXrFcSa3Xt1HdAPQ,BnKQtTdLw9qPCDgZkWX3sURkBAoKCUYL1yahh6Mw7mRK,302.99818599997207,11877.199335999961,6.807238388848052,0.02246626779755269,0.0006807238388848052,1.0,276282.679396,602.383328,6809.423991135928
SUiuyGR7SFq3xeRVJonq84fjjeFwRSsFekcevJ53tzy,49GjCCPsv7fBqo6t3iKDrP1xxGDS8uWZbVCdfnp2gjMf,CEwj5xEbbJEjYqM8D6Ai8ByGz1mrh8mkAVsE5fzDSSSx,0.14810299999999987,18.44389799999999,0.0010899476495721927,0.007359389408534557,4.3597905982887705e-07,0.9433997864142885,665.005897,1.506777,6.315530454968785
C2ypsDADXcCRz8HbV2zX1AXPSja7a1P3xZtRC91xGhJh,J9bYNuDpY1d1T86gLaw7DGk5D3CsUAf2tzUwxMvb6FTv,A2NGvvPrMGzsJ4jb52KEnSBVmsA7C34dV1GC7PerdgvG,471.1710086579981,474.50837784100304,78475.19063016493,166.5535213078582,31.39007625206597,166.7567709085476,3831.182140943,2125.486640596,992536.1651408814
BkwbeSfcX1h4thMDd7obGkHrPevf3QwgzJ4pCEqG18Lu,35yX27bmurdebhfAb8EPmjLETDiUaEUCn9zHaDPbakH2,2CxECn1ZJFoESyUnQysQU8rRgT3iJ5GRs2Mdd6gZjx5g,0.007244960000000078,0.011600000000001387,16.773070333842842,2315.136361531694,0.006709228133537137,1432.6647564469913,0.81391717,22.07407933,33509.08472264799
CZgvH45CRmoaNJ7395Ao5CQZXkGznvqU7cErD6n7FaRg,4ZjU6MKvtqVQKCiowhvZ5yUsPxXX5SCzd5eFsPeXyey5,BsyWeshjDbCvjDojry3vKDCesmFRM37WtwcR4Kfgzqr,4.8730704799999955,4.986014000000068,4.989609802388502,1.023914967548039,0.001995843920955401,1.0,236.51912528,568.12026098,810.2957334655619
AUSejoEUCh2DBs9mof6BNC8Pubs22w4cJa1ccV9h44R,4xkyD7AfGQDwsQMy9MosRRNGoVJ1zosNinesxg1TzHG7,Cbm5gsQe3nSiCsFrvepVzMCD9xLK3ri9g3ypS2hdmVJ7,769.2549679999993,766.6252980000008,771.673392411818,1.0031438528347842,0.0771673392411818,1.0,13322.980479,15556.619145,28921.485113946677
Lid8SLUxQ9RmF7XMqUA8c24RitTwzja8VSKngJxRcUa,4PgzyzLtds9bKZ2to9PMnKqJzKEUpjvNUaeN23phegax,AtymwxoVN9peZo7EXTcDz9jKVc4vRmisJKKrNfe3ewBa,73.28853720000563,61.91267468000001,14459.975944939644,197.302013348665,1.4459975944939645,166.76110904142044,962.579524387,7656.614086201,1466744.3346867962
7dwD9TF6uikvHXxPFK9AsSim54yJoujQjY9vU6gNFumk,CquVr6atkvwueDYficKjn6SSEWq4F4rH4VSiBbW4GBWU,8BCa6ge3b7ho3TfZuM64Vk1hgbrJ3J7EPiAb9uP86CGd,0.0008629410000000003,0.0008583410000000003,0.1701240886748163,197.14451935279033,6.804963546992653e-05,197.83070716366754,0.003913983,0.003595309,1.4828828192318908
HEDSDjj84KS7LKhZY7ejkCACTdPen62rKhCby1wXtgxc,EnnjMSFttpCTywBrYNt1J5QQeoSVkvzPipJDa8Y7kJow,6bjVT6JN2rSvpyn9PdfLYC8wJn4LWh49jpY47fnLDXZk,18.50354572299875,19.11017510000238,17.864713983926507,0.9654751716975942,0.007145885593570603,0.9998789066653715,38840.255026333,9048.186754685,46546.39296990573
B2izdXFYb2sNwbWWHmh75T4aQFtfXsUxem9u2p61HGzf,4DYwgJtxwuJdAjkj5RJSNH4e7U329V5cNp7d3a1nLrZv,EXNW64GEf1ACC6xY9BtKRiunrs6GoJSXBdxWN2eTPmrF,5276.071682000003,5211.211942,5340.3859499958035,1.0121898017828712,0.5340385949995804,1.0,9227.592965,30521.1956,39861.271094176365
vEnkoSUkpnbRrPgBz9DfcVxNz67zjwMYBZraAvDDNSf,DtfyjjsZ5yCjWKLKHvwsfXs5QVsmm1QkK6Sh9JZHoq1g,e5wrKCRv4GhHvEf1VD5Pq2KGaZDXP77nTL612Jyrxwy,1079.51993,1079.8353699999998,1076.4949791087045,0.9971978739741327,0.10764949791087046,0.9972296959047766,1132.862763,816.066985,1943.49457005754
BUSD5rCfUDpCxKGMvYU2yThChxgHoioK74PTPociGnv2,CcFHbafgYDZ8yA8Me1PdtDiVb2eeaS61LbqyKKK5CsNZ,26R9s4nmF3CFDTkiePDwRmtscn8i7r2eygbSijditJ58,34.68062882999999,34.419253,34.633876214159734,0.9986519098004413,0.0034633876214159734,1.0,83.87875302,64.11630287,147.88197976510253
ionytDfEj1mXodptgrsKEZro7DGsfpzANUfarJdm6Qb,3gkSjY95an9xNFSjCfsay6JZez7uv7yfW3Ad4ubc4fMK,9wXqANaSuEqkKL9yHzCPEDGHwbkStVAqV5rB3QDs3Jr6,0.004746517000000006,0.018736505999999764,3.620134020366951,762.692732453491,0.0014480536081467805,3062.8809458176356,3.169047114,0.079872706,2661.649791948804
ALLwa5WNZbvQsRKAqe1jdRGemdYQnW8E5k4msbRFcYtu,CGoM82Hbz7QVqTgvQatYtjvDWBvoUJp5qm21P8iMs9yb,3dxNNww8TivyN5FMy5dCNdi3Zcxv6e4kUfSPxfFwpdNq,27.265009344999992,26.827058317000002,83402.18820164568,3058.945887247254,33.36087528065827,3031.1664534746265,1.029738225,7.65716112,26360.043424099236
SoN9GaFpSXfpyR5dth3x7PHPVhvJMpQqqDJfCSmPv1t,9kZ9iS68ViMPtoeqtnhAKuF2iqVyfHPdZHoUNdwCELr,BBhm5fJLjw3HRzjtKB8uMEYjGhY6EDm9co3cqpjrSzB9,3.4874312389999997,3.122496724000001,697.0494765979637,199.87475847633874,0.2788197906391855,195.51916987252932,0.855627804,1.366478936,438.1912278851573
STK75uPSyBnEhGTTzb1nwmP3n427XoXmfRhXxxhyady,6TYyD5fUmDe6N65avW1Ny2RxzRNobw2RRgKwH9CTzSAU,54zDfk4cx2vGrEajPtodWpArNe5eUurytyxd4X3aZAxK,804.5300927300043,908.4216152989995,133342.45332815856,165.7395472625379,13.334245332815856,188.08167785407832,1714.630264692,299.553660143,340522.59879972343
BUSDTd9WiT6uBHJRgNvFXBsA7JrifsAtWzKfioN7ERcy,DyBxrn7gSc1EwnpWhDyhzvMHPtxpmBqRqotapLcKcfTM,Cds99GeBgoCpqBsoRWu1C6fF9LiUMd4pXQQD24s9LPff,211.70680500999998,212.22479260999995,211.422771202256,0.9986583624096044,0.0211422771202256,0.9981977041352985,82.20469124,91.90909467,173.83784962487334
MARpDPs5A7XiyCWPNH8GsMWPLxmwNn9SBmKvPa9LzgA,6YjT74rmcfCpw8LSjPNx5JTmZoYLGrTKnf9arfSgZ4SR,F8GSmi3vA8M8TsybLya1LQ4n1aFHCRbZ6k437PeTdXtg,19309.557251,20303.62171000021,12985.300417879373,0.6724804846163365,5.194120167151749,1.0,297019.777661,15201.184515,214941.18853710577
KZMu9QBEdL97EFgamLbN5DE1AoKBG4HdrKKJo4Vuon3,DD4ACBWyVqdaKWh7v5btsgqQCCMwbKnuL2xd9pv7Gyuw,GcYqiJ1MAuYbNTNYXm1F1gQYTfTgkErACAhNU5dpVj9T,23.03908404999993,23.32563571000003,22.16208960760309,0.9619344918186172,0.008864835843041237,1.0,2372.91728807,726.4653768,3009.0563624272263
BSCNHw8CmxbZ8hCWWzMf5FaG2ajPT6JxfznKUNuRVrn4,7n9kgNL633yGzCYksgnzHyjG73ZLBAwvEae5sbAekbzW,SscdxE99omdG9AiMVwmaEMQySQnCgeAh1sPj2Leutm2,209.0774120269998,208.7246189409998,209.67541806113357,1.0028602134890428,0.08387016722445344,0.9999067466969895,4798.099999677,6907.101929837,11718.281409785664
DFWzVTzNBrQZLjoQ4yQwkj9HuoXmfkuZP9V5vbymZe23,DhgiEgiNdqZdRdo195UUHnoEJUtefK8buko8nU97XJUZ,2K2kkXsouBHtWVjtcgkyiXd8eP3oVBvq1bTJzcVdLLr2,4011.5295451289967,4030.0521311990015,3985.7555452941965,0.9935750193174829,1.5943022181176785,0.9998976194828435,39530.54271195,28424.262173931,67697.91182192616
SAMyS8Jr2HJrkFwYVKbpUwsNStnQmvz3f8Tup8bWUWF,6jPzm5TFfquvgm25sTyN3MMGBfufRaFHMxobDWv6hMFW,Cj9ECoDmxsHTDzCY5ZA6RWrPbg9uFzEC1Qc2kso2vJG6,1050.3507210899988,24.477289319999954,1010.3685871230261,0.9619344918186172,0.4041474348492105,0.022623300849163062,504.78499628,107882.70079058,2926.232895279797
daob129AwBGn9Y5r91uLoWZeYiGzbPmksauMhFZKTze,6VW5GQNyj4LStgmxEHLr5zUfW92vQnmbw8jTnCH7a38F,4VPCCUifPeBA1c7HWK358CHn2nyjm8pdTRk6Ps3KmnMQ,12.820961106999988,11.458110062999992,2386.1176898752237,186.11067220010918,0.9544470759500895,166.88890706123655,48.039706455,224.416803164,46393.37706685258
KEN5P7p3asnb23Sw6yAmJRGvijfAzso3RqfyLAQhznt,9zj4aX38Uxf3h6AUjS4EipWS8mwbEofasHAf3a1uKGds,CwQDG1MWunn9cLNwcZLd8YBacweSR7ARo32w4mLua1Yr,125509.20436999947,125515.84566899878,125429.93265256305,0.9993683991717235,12.542993265256305,1.0,1125805.681964,1114903.582237,2239998.2043997934
ercAoEmXjQzEvAFbdjAo81KtMxRGn9AW1ju882upmPH,CMRhskR2Eg6V42RTSdRTXGdozyPbWB8U9dVpijPWb9T4,7TKLLgrWswt6ZJ1pXhVR3FyufHGjJFqiEXxvWJfDcgRm,49.38873701299996,38.86265427899996,8232.442689882331,166.68664128251368,3.2929770759529324,146.62163232103802,39.737516891,323.712218332,54086.927077570035
parEAJhzYzHW87y9VoZAQ22dzQ2MD2ekEtTReaxbMcz,3oyc6hpjYSJEquK6dSvG72NXyz3pqLZz5D8AC71pwgQb,Di2vordgFJVZ1aj1aBpvzXtLfZgJsuLLXawGtVFwX6Rz,3.0368412580000097,3.5843014980005137,494.3448933391495,162.78259261556303,0.19773795733565983,192.7605312788659,1102.677450427,140.469492129,206573.66813048456
JSoLLrxK5bYdHwTEWYaGgmeycBCNXKDiBCTw5hXGBg7,xG4wXczA7Dk4hccJ61CHKpDHW4NrNfQwgmWgkb9BuF2,BVR6WgfhsRr9Lob4QDnkEAiNGgAbv7ZieKcY9kSg3QYR,3.039970756000031,2.5868723399999887,595.1566228452346,195.77708820736711,0.23806264913809383,166.95563905192571,17.055812819,164.686935338,30834.549903572668
wrmcMSHFi3sWpAEy4rGDvQb3ezh3PhXoV2xNjgLBkKU,8p4mGnARWPBu6P2Gcw4adodLkNDorrXniZMhaY7eJXUn,AyY89zccbsgp9LKFgH4CFZMJmpSgqmPSdTfukhP227rc,0.006151770000000001,0.05408978000000886,2.1684067677123724,352.4850193866761,0.0008673627070849492,3061.099546957267,27.0156727,0.10302936,9838.003042622891
BSC8REUo9LpiiWUuqMuLXs2D2yJsJfGd4HdiF3wCLxk5,AZjEH1zWVx1UJ6udMyRijGTzPteuLnaY18yNNmprJEsh,Caf8ypkSVR8xYnXNhjvfvdGCC7mrM3C11rz8Xi6NA6aK,723.4611091050001,724.3760591869996,723.5394995449993,1.0001083547394776,0.28941579981799975,0.99990694665973,2992.448903758,3218.699610402,6211.173249431293
YAkoNb6HKmSxQN9L8hiBE5tPJRsniSSMzND1boHmZxe,CfWX7o2TswwbxusJ4hCaPobu2jLCb1hfXuXJQjVq3jQF,EnTrdMMpdhugeH6Ban6gYZWXughWxKtVGfCwFn78ZmY3,6199579.032725018,6200479.70439602,6199579.032725018,1.0,619.9579032725019,0.9980398497351202,922302.211403,553817.086992,1475033.7336852378
