0,1,2,3,4,5,6,7,8,9,10,11
BUSDgu5JdqP1rndBvXvanbEufS94FNh1w5FJcAj6vawb,Bgzr8cWubt89JQFXndVjtdKmDbGzuPxNhvjH1EhWCwbo,Dxaf8xPBBQsasRKW5Aa4Sw2YrbfGofY9xZueyyF23FBW,6884.701565840001,6901.774734570003,6870.265077831952,0.9979031062029357,2.7481060311327807,1.0,8873.46073295,6201.69587731,15056.549905490581
BUSDTd9WiT6uBHJRgNvFXBsA7JrifsAtWzKfioN7ERcy,DyBxrn7gSc1EwnpWhDyhzvMHPtxpmBqRqotapLcKcfTM,Cds99GeBgoCpqBsoRWu1C6fF9LiUMd4pXQQD24s9LPff,510.2298742999999,511.97083850999985,509.38425059942233,0.9983426613313505,0.050938425059942234,0.9990059890409042,143.82624798,120.5122487,263.9803373817429
AUSejoEUCh2DBs9mof6BNC8Pubs22w4cJa1ccV9h44R,4xkyD7AfGQDwsQMy9MosRRNGoVJ1zosNinesxg1TzHG7,Cbm5gsQe3nSiCsFrvepVzMCD9xLK3ri9g3ypS2hdmVJ7,229.37789200000043,229.2169300000005,229.47174594409157,1.000409167349446,0.022947174594409158,1.0,14262.729725,14614.679189,28883.244757317443
KEVpg4SYCVrqFxKijQH6hm4QxsRdoE51ud64bEEFUC9,2bPenuBYfqzD8p5dFjCcggwkHDsc2RQDnx9AoyYGUBjA,AE6n6iLuX8oYu61vt5hoDYkjswpnxFxrhSehxrnQTnbx,510.12174695200156,510.056227261,510.0711121926942,0.9999007398535548,0.2040284448770777,1.0,3189.190906749,4454.903453728,7643.777800920555
TETFuZgEmET6d9vYmz9iMFCxK1jKdKYxf3oPz8hSzJK,Eu1Ze6Z84LWNkq7SNoAHBJbXx5t1P95EwyqYohrfCRFV,ASMbv7WNu3qe4pkhREmvyEdwFNDZQ6B6iSrjkj4u8bdC,1.5559869960000015,1.5615817610000136,1.5502215268138684,0.9962946546462441,0.0006200886107255474,0.9988962196772567,285.843713171,66.954091834,351.664752721408
wrmcMSHFi3sWpAEy4rGDvQb3ezh3PhXoV2xNjgLBkKU,8p4mGnARWPBu6P2Gcw4adodLkNDorrXniZMhaY7eJXUn,AyY89zccbsgp9LKFgH4CFZMJmpSgqmPSdTfukhP227rc,0.006207529999999989,0.05767752000000925,1.942280976220272,312.89111389236547,0.0007769123904881089,2986.9470414289553,27.06657545,0.09742196,8759.885176994463
Lid8SLUxQ9RmF7XMqUA8c24RitTwzja8VSKngJxRcUa,4PgzyzLtds9bKZ2to9PMnKqJzKEUpjvNUaeN23phegax,AtymwxoVN9peZo7EXTcDz9jKVc4vRmisJKKrNfe3ewBa,75.0750637169931,63.500333835999754,12833.822476973175,170.9465412557254,1.2833822476973173,145.2016516978284,969.616871178,7673.080407447,1279896.5992426279
Lee1XZJfJ9Hm2K1qTyeCz1LXNc1YBZaKZszvNY4KCDw,9DgFSWkPDGijNKcLGbr3p5xoJbHsPgXUTr6QvGBJ5vGN,2hNHZg7XBhuhHVZ3JDEi4buq2fPQwuWBdQ9xkH7t1GQX,839.1365794499316,707.4687559059912,144464.88765334958,172.1589681480085,14.446488765334959,145.2038865853099,6726.533552609,53841.719905286,8976060.066315295
KZMu9QBEdL97EFgamLbN5DE1AoKBG4HdrKKJo4Vuon3,DD4ACBWyVqdaKWh7v5btsgqQCCMwbKnuL2xd9pv7Gyuw,GcYqiJ1MAuYbNTNYXm1F1gQYTfTgkErACAhNU5dpVj9T,36.47043990000009,38.083209809999516,34.93414886999841,0.9578757197825388,0.013973659547999364,1.0,2407.42298626,693.25917971,2999.2712054948265
NorjjEePhxfwLF4vZjUHCrVVKLzQjEEGQFd3wgjEJmh,34M8pFVqgbV7aqHxvRT5tCv3vu2P1JJYT8J3VaxBK2oG,3AZWBSze3ucsY3xSeuLne3b2pauVqiaJ1SZSV5T9WGWw,1.2194100000001526,2.1014530000006744,0.7061936509114032,0.579127324617081,0.0002824774603645613,1.0,38233.018432,2194.96729,24336.752966559707
MARpDPs5A7XiyCWPNH8GsMWPLxmwNn9SBmKvPa9LzgA,6YjT74rmcfCpw8LSjPNx5JTmZoYLGrTKnf9arfSgZ4SR,F8GSmi3vA8M8TsybLya1LQ4n1aFHCRbZ6k437PeTdXtg,14956.371158000009,15809.755794000113,13117.667679381153,0.8770621924800688,5.247067071752462,1.0,297623.318309,14565.370382,275599.53047128493
FrnkTEL6yZ5Aycq2TrEgu29dCrwKG4LPUZydfiwqspkc,DjvZuMZ46fxKBoBpGMPcRcos4xdTtHFxwMh69DpA2ZFY,9rvDPJLAng4uVVqnnSoEXgNDFhBZQTny9AoQioYDZbQX,20.366758954997835,17.014704504000008,3544.43922729681,174.03059736350608,1.417775690918724,145.33747215697377,172.744948629,1438.899205499,239188.8798173356
4Fss9Dy3vAUBuQ4SyEZz4vcLxeQqoFLZjdXhEUr3wqz3,,,8.0386e-05,9.327399999999996e-05,0.0,0.0,0.0,145.33747215697377,172.744948629,1438.899205499,209125.97321590257
RoBgmK8CvjdHvPrqdDyVw54VwjZv2TqJ493xnqJAQHx,ExiHJxM7qPAcy27NDHAF6G7vnW7muNHi2sVJpnaNynGQ,6rkPHSqZb7StM4HwS9EuVrmfkV7tRdc7dnsFhyB6cefE,15.337341000000379,0.2591929999999998,0.0,0.0,0.0,0.9454521388491011,6270.209264,18.878108,17.848347586024328
WiiQFxXqp8P9Fs1rt9SVcDyA3KUdJmUsog6wnVQAwba,3S2jpqSYxho6wiz3cafhjXruVY8cg4HYa2v3BqBHYFSj,Dfe67M6TfrG74gKRtdqys4e6E9QirPD53BkF4FujFjuv,2195.5629821210014,2200.1169938159946,2188.31202554255,0.9966974499763853,0.21883120255425503,1.0,21833.121378985,4991.518017679,26752.534421138254
MATSnbbiTCv7Dc3trJrkrqjx7ckKdr6fwPoVwv9q3sD,631WX9JizSHJm4w6VanZeJAst9T8DeUUnPLesdGkCVtK,211maUSfpnXbPuW1iBu8b4dtJv5EbN1j7JJiEX5TZKEP,2538.210471000002,2536.1341029999967,2539.998630035547,1.0007044959651594,1.015999452014219,0.9993923694393809,20376.987119,25178.388355,45554.431820975806
daob129AwBGn9Y5r91uLoWZeYiGzbPmksauMhFZKTze,6VW5GQNyj4LStgmxEHLr5zUfW92vQnmbw8jTnCH7a38F,4VPCCUifPeBA1c7HWK358CHn2nyjm8pdTRk6Ps3KmnMQ,11.808610650999995,10.55510699300001,1834.3706515562599,155.34178454777987,0.7337482606225039,139.49396332898996,47.881258114,224.553154126,38761.7695288829
B2izdXFYb2sNwbWWHmh75T4aQFtfXsUxem9u2p61HGzf,4DYwgJtxwuJdAjkj5RJSNH4e7U329V5cNp7d3a1nLrZv,EXNW64GEf1ACC6xY9BtKRiunrs6GoJSXBdxWN2eTPmrF,5560.443176999997,5502.470396999988,5600.1707885741425,1.0071446843910703,0.5600170788574143,1.0,11139.981786,28787.685757,40007.25919698324
BSCuChvaSj9b5HUSqgDVRzcnr2sSn7cXaamt1jbKH6hn,GnKpRj5kBVPMJfiwZtEuD9GYApLzPdW5JFuZTcyX4BTc,3dmwD9okkomV9nDwyuh4UMhKdUR13QpuKxRo89ycZB5t,933.4869466719997,933.1241533240002,934.566824619345,1.0011568216901106,0.37382672984773796,0.9992226048134552,1457.418206456,1655.527594986,3113.3447752512557
ercAoEmXjQzEvAFbdjAo81KtMxRGn9AW1ju882upmPH,CMRhskR2Eg6V42RTSdRTXGdozyPbWB8U9dVpijPWb9T4,7TKLLgrWswt6ZJ1pXhVR3FyufHGjJFqiEXxvWJfDcgRm,0.11535952799999905,0.1173917139999503,16.76430061292531,145.32220184643484,0.006705720245170125,142.2414608539409,301.232149044,787.885470619,155845.6994924488
AURHmCnNwiW4uA2Qj1XvEh4iKgRUZYXtiY7FKAapUV5Y,BKWm4TRnTeKwfWXRyuzjRHU7iZDkPuXBX5b5V5jSVfGJ,A5Ww74HVrkj9nPeC7pHKLfgeDMEhBCpW1efQdz3TGLEg,0.008914308000100846,0.008358697999881315,1.446111653044613,162.22365808184477,0.0005784446612178452,145.4157749650166,289.936190924,1795.278647228,308096.3452668137
7dwD9TF6uikvHXxPFK9AsSim54yJoujQjY9vU6gNFumk,CquVr6atkvwueDYficKjn6SSEWq4F4rH4VSiBbW4GBWU,8BCa6ge3b7ho3TfZuM64Vk1hgbrJ3J7EPiAb9uP86CGd,0.00097342,0.0009797550000000006,0.1672707351994045,171.8381944067355,6.690829407976181e-05,172.43082808008447,0.003827876,0.003680437,1.292396099859459
Dg3mAgpwDfVNnbGWcsxL8sUcSkEbjSJQhKAWNigG44Ju,EATxwd8YA2wV93VJcKMmH2Kn2Y9XfJVUB9hHVu3udwEy,GiGvrRi7NMHfHKanG2B8xyCEqe8jaafWins8bhrLVEaa,0.003522915999999987,0.0035602189999999756,0.6120293120907921,173.72804576969602,0.0002448117248363169,172.40856139537834,0.198682023,0.260927835,79.50283224572044
RajgMbScQbqqrdJfR2rxfHJiTiY5b6bJ2tTXiF4aPxy,725ZA3fhyBAKb5iopNRrcbSuQa3LXA1656Q3mBvYPxeg,GLA6i1dSZpUfk2f9Nj8uiG7xyDdAR2reff8oEiZH3617,2141.3497624500014,2145.51662948,2137.2672613906557,0.9980934917167971,0.8549069045562624,1.0,133371.7014008,50556.49909891,183673.9262462445
ionytDfEj1mXodptgrsKEZro7DGsfpzANUfarJdm6Qb,3gkSjY95an9xNFSjCfsay6JZez7uv7yfW3Ad4ubc4fMK,9wXqANaSuEqkKL9yHzCPEDGHwbkStVAqV5rB3QDs3Jr6,0.004534002000000009,0.01766792500000003,3.3638847732717503,741.9239720828847,0.0013455539093087002,2984.3619434164975,3.17013297,0.079592188,2589.5295419937634
BSC8REUo9LpiiWUuqMuLXs2D2yJsJfGd4HdiF3wCLxk5,AZjEH1zWVx1UJ6udMyRijGTzPteuLnaY18yNNmprJEsh,Caf8ypkSVR8xYnXNhjvfvdGCC7mrM3C11rz8Xi6NA6aK,2249.4819856510003,2244.421190644001,2254.0565731797597,1.0020336182098544,0.9016226292719038,1.0,2770.648807754,3586.063508265,6362.34675788756
JSoLLrxK5bYdHwTEWYaGgmeycBCNXKDiBCTw5hXGBg7,xG4wXczA7Dk4hccJ61CHKpDHW4NrNfQwgmWgkb9BuF2,BVR6WgfhsRr9Lob4QDnkEAiNGgAbv7ZieKcY9kSg3QYR,0.7024118240001087,0.5991579610000066,119.58260245431477,170.24571393646735,0.04783304098172591,145.51031559004795,17.07304928,164.659705675,26866.29920147975
MAR3XM1n9xWPQ3HJjAcC85o8DopWFP5p2WxGTaZ3fPB,6qG7GUhER8Cg9gDEgnebph9LdS6eu2eoWcA4R7z9uizK,4QV4CwRXVMY227KkFF9voNAfwWHVvVajXSXDKbUHkWZR,0.22994699999999924,0.0051129999999999926,0.21756329712750183,0.9461454036256292,8.702531885100073e-05,0.0209294435181189,0.112218,24.264778,0.614022845534755
YAkoNb6HKmSxQN9L8hiBE5tPJRsniSSMzND1boHmZxe,CfWX7o2TswwbxusJ4hCaPobu2jLCb1hfXuXJQjVq3jQF,EnTrdMMpdhugeH6Ban6gYZWXughWxKtVGfCwFn78ZmY3,6417765.6383739915,6416740.008668012,6417765.6383739915,1.0,641.7765638373992,0.9985830107078055,512222.464374,937663.38871,1448557.194102515
HEDSDjj84KS7LKhZY7ejkCACTdPen62rKhCby1wXtgxc,EnnjMSFttpCTywBrYNt1J5QQeoSVkvzPipJDa8Y7kJow,6bjVT6JN2rSvpyn9PdfLYC8wJn4LWh49jpY47fnLDXZk,10.142466676999902,10.47529129999748,9.822302318950303,0.9684332846983232,0.003928920927580121,1.0,39079.884045812,9088.113607923,46934.37408003832
C2ypsDADXcCRz8HbV2zX1AXPSja7a1P3xZtRC91xGhJh,J9bYNuDpY1d1T86gLaw7DGk5D3CsUAf2tzUwxMvb6FTv,A2NGvvPrMGzsJ4jb52KEnSBVmsA7C34dV1GC7PerdgvG,1346.1088155110044,1354.1480993919981,195834.47701669627,145.48190663349484,78.33379080667852,145.93669908115336,3800.965434601,2178.228882897,870855.2314869802
STK75uPSyBnEhGTTzb1nwmP3n427XoXmfRhXxxhyady,6TYyD5fUmDe6N65avW1Ny2RxzRNobw2RRgKwH9CTzSAU,54zDfk4cx2vGrEajPtodWpArNe5eUurytyxd4X3aZAxK,484.5640915559997,544.6165730370012,69872.82974870878,144.19729188833998,6.98728297487088,162.50063781500344,1741.452382458,306.648411066,300943.27988612367
ALBpShJ9NLpE739pcHDF2LNVk5J4VYPvvKuV6jMPitZi,D6d156U1bPiJpDYRLextvDRccgFk7QzkQbJg42ceKEu5,GNcM8U5g8RwTZffwwm3kSQqUNPSwv5d2fbN9sLxPJqt2,502.53716999999597,503.39346099999966,501.5165837520605,0.997969132814722,0.20060663350082422,0.9993753903810118,55250.291578,45064.690003,100174.62773800461
KysFMBBoavfov2tLpvefWW6tPFt6rAeZWDJVy1mMQae,B8ka2V21TH3x64dFV8ETcjuQcwmrciJ2qzy1mJUttRew,7fSf7EYxBANyxzk2s5pymFgshA91tFYQNKKs5UnLWcYS,11.477511999999933,15.337341000005836,0.0,0.0,0.0,0.020953870034165913,134509.592882,2606.584107,54.61802461120042
heyk4SZTeCUV6a65WiVA5bzic3KcxgVf1qxobfeV4tQ,9ZDpBKPqMABtGfq66FbVribaArMvtk63xxy91onZAtDt,DaTP4s6N7xxSPinbNZ3FB52EpRDRt87QShTuN3VPCW52,61.89605730200208,53.61280418899992,10361.414997756348,167.4002424290311,4.144565999102539,145.21373355980867,617.653123215,4502.007628415,757148.6188001211
parEAJhzYzHW87y9VoZAQ22dzQ2MD2ekEtTReaxbMcz,3oyc6hpjYSJEquK6dSvG72NXyz3pqLZz5D8AC71pwgQb,Di2vordgFJVZ1aj1aBpvzXtLfZgJsuLLXawGtVFwX6Rz,5.0329348149999475,5.94713433199945,710.9395011323829,141.25744267808292,0.2843758004529532,166.1274722675104,1104.214032479,139.154399092,179095.81897329545
ALLwa5WNZbvQsRKAqe1jdRGemdYQnW8E5k4msbRFcYtu,CGoM82Hbz7QVqTgvQatYtjvDWBvoUJp5qm21P8iMs9yb,3dxNNww8TivyN5FMy5dCNdi3Zcxv6e4kUfSPxfFwpdNq,5.317099969000001,5.0701380799999995,15907.554133133885,2991.7726252804787,6.363021653253555,2990.6452616216475,2.362890077,6.291194743,25883.961597007452
SAMGk1Nd4haC8zQA63DG37pzuEZy8j4q13tSFtCbcRE,9U9TnkHD3jXMAVZtynCVLgDruuqN4pTvLJTmVHCLWS8g,C6zoEbvqSknmi96QWq96UBiPCyNW3YSTvKhavR2BfifE,0.05737049999999999,0.14405800000000113,0.09400808164228408,1.6386136018037858,3.760323265691363e-05,0.0,54.28924394,0.84402319,88.95909355172775
C98Sspw7XqnMsgxea3SLQVdbMDL8pKUc3RE82UvX9eq2,CSqgQJurPCzGxb4Cgwx5R61hWQUiaoUHcShNc8r1cKEL,6S2CR5EnukPhC914XkAns8m5GixjMAoUuZMsS5ubHuWc,91.98954999999967,91.98196100000018,0.0,0.0,0.0,1.0,877.326875,886.376506,886.376506
Cob4usZcpHEY7Qt4ZCwj6WVg9S44zvzYV2v9qYF65dTf,NhFM9UXE48PyNAyeyPYA3iXztqKVJwA4bTdLj4ysM8w,6TuFuynuBoeskxyR2cz4wxyidk8dpDK7kAWw3UkjQGx,17.483208999999903,1990.716322999986,0.15424653690755688,0.008822552936795399,6.169861476302276e-05,1.0,71310.630851,184.880865,814.0226806392226
SERgf3DMJpQxUifu7VoFKmfne73d2fDJxSrxUMrcNJB,AJfM2GZ2tTB8UtN2krcyR9xufRJEx2mhSCbJyMgPo3GU,F4yRYkufQvERZcEKnKjJwRLU1btiMBUuEwq46hfm11QD,0.0703267409999988,0.07032860099999994,10.023980130703878,142.53440424182386,0.004009592052281552,145.2099801657688,29.110083793,28.13477164,8234.638082677662
GokA1R67GqSavkd15zR62QD68Tuc5AEfvjssntVDEbM8,3YB7hfpBdbQEuZqLGWVDpRPmeZWCUsrrWyqGXegnQ6Cg,4DPCj6Z1DsG6HUtwSogBGqXEUxdEV5a8YVrrFtcnz7UW,8443.948507000001,8444.087081999995,8444.34539123339,1.000047002209104,0.844434539123339,1.0,16513.847906,15903.608155,32418.232248332388
moFiBS1R4Lf3E3zzmBPnw3NF4RhWPkhREFviuzUaCAU,44ALBrpqi9PfZkBRTvbtRNtFJGsatfY4QydjtMbFWq8S,2ho8qEEie1UjVwWNBo9y4oAJZMyMLx8zPj9bxyUz6uWs,2127.1943608639995,2129.223763674003,2124.8389895930695,0.9988927333983844,0.8499355958372279,0.9994424690142001,35043.653033198,29362.127136971,64350.607207878886
BSCNHw8CmxbZ8hCWWzMf5FaG2ajPT6JxfznKUNuRVrn4,7n9kgNL633yGzCYksgnzHyjG73ZLBAwvEae5sbAekbzW,SscdxE99omdG9AiMVwmaEMQySQnCgeAh1sPj2Leutm2,126.88074508000045,126.17124809700044,127.62631735049867,1.0058761656075406,0.05105052694019947,0.9989294992000414,3928.584187354,7776.066950153,11719.411862904386
KwnjUuZhTMTSGAaavkLEmSyfobY16JNH4poL9oeeEvE,J63v6qEZmQpDqCD8bd4PXu2Pq5ZbyXrFcSa3Xt1HdAPQ,BnKQtTdLw9qPCDgZkWX3sURkBAoKCUYL1yahh6Mw7mRK,227.88563600002203,8780.477194000112,4.689591826895166,0.020578707413110988,0.0004689591826895166,1.0,277464.449251,576.484047,6286.343765676312
MATgk4zXLXtYkwBH678J1xZbRDZ45LicNzkRBHkxTuY,y8dALFo1bJrSzPYjMX14HJX448pXqYmrfXHD1K8MXih,GN7Yuet3UyiWS5YVkEHv6oQKi4HGBJc3XDPt9zQhAqZz,3054.8135900000007,3055.8471600000003,3060.208738005104,1.0017661136583798,1.2240834952020414,1.0,3263.808992,4800.601898,8070.175147639115
Sid7E679i9ABqptiAVhkmQ27YHN8vaYT4fppPwmxFsJ,GP7KB8o1bv527HG8kTzzzf4wJ5aEGHvcMQvVhLziUfmT,9gYxhAZ1M9wu5pxr8SBoa5NDm21gi3s9vMHaYTME77sa,1084.3752680000052,2233.3102009999857,9.566958205281743,0.008822552936795399,0.003826783282112698,0.02093998153177389,130033.777241,10904.638571,1375.5728135675924
KEN5P7p3asnb23Sw6yAmJRGvijfAzso3RqfyLAQhznt,9zj4aX38Uxf3h6AUjS4EipWS8mwbEofasHAf3a1uKGds,CwQDG1MWunn9cLNwcZLd8YBacweSR7ARo32w4mLua1Yr,68894.98103000014,68894.42296100059,68864.8182396112,0.9995621917600092,6.88648182396112,1.0,1127425.78913,1132746.730404,2259678.9232335407
DFWzVTzNBrQZLjoQ4yQwkj9HuoXmfkuZP9V5vbymZe23,DhgiEgiNdqZdRdo195UUHnoEJUtefK8buko8nU97XJUZ,2K2kkXsouBHtWVjtcgkyiXd8eP3oVBvq1bTJzcVdLLr2,0.0012453279996407218,0.0012453279996407218,0.0012252140598401104,0.9838484802345933,4.900856239360441e-07,0.999422780374926,45476.03363391,22540.058641838,67268.57465545922
CZgvH45CRmoaNJ7395Ao5CQZXkGznvqU7cErD6n7FaRg,4ZjU6MKvtqVQKCiowhvZ5yUsPxXX5SCzd5eFsPeXyey5,BsyWeshjDbCvjDojry3vKDCesmFRM37WtwcR4Kfgzqr,62.012155080000184,60.32808412999998,64.08971615939542,1.0335024815169709,0.025635886463758167,1.0,205.78600014,599.68628119,812.3666229961418
SoN9GaFpSXfpyR5dth3x7PHPVhvJMpQqqDJfCSmPv1t,9kZ9iS68ViMPtoeqtnhAKuF2iqVyfHPdZHoUNdwCELr,BBhm5fJLjw3HRzjtKB8uMEYjGhY6EDm9co3cqpjrSzB9,0.2421994000000003,0.2380713679999995,41.19013597540427,170.06704383001866,0.01647605439016171,170.39621379612944,1.522868617,2.459761479,678.1238066978665
vEnkoSUkpnbRrPgBz9DfcVxNz67zjwMYBZraAvDDNSf,DtfyjjsZ5yCjWKLKHvwsfXs5QVsmm1QkK6Sh9JZHoq1g,e5wrKCRv4GhHvEf1VD5Pq2KGaZDXP77nTL612Jyrxwy,1203.7022419999998,1203.6646080000005,1203.743169267755,1.0000340011560394,0.1203743169267755,0.9991836669441067,817.234803,1130.220071,1946.560024923666
SoNcU2iwHMw6dGzsYNQkYFkUjwN1UdAjrWVRnStrZu2,8ivTTid27jZnYNc4w3CTA1Z6QS2twsFb8WMwUabeDJgc,CyXm53PMvHCbeXJBykU46Rcbo28xk5srhMZFg7gv6EYB,1.110847456000016,1.100666088000004,191.1570506284727,172.0821788770158,0.07646282025138909,170.55620082651535,15.396871276,19.289040745,5939.392664118076
SAMyS8Jr2HJrkFwYVKbpUwsNStnQmvz3f8Tup8bWUWF,6jPzm5TFfquvgm25sTyN3MMGBfufRaFHMxobDWv6hMFW,Cj9ECoDmxsHTDzCY5ZA6RWrPbg9uFzEC1Qc2kso2vJG6,1657.693447850042,110.61373347000927,1587.8643045381575,0.9578757197825388,0.6351457218152631,0.02096016459933419,483.77650879,108806.25302672,2743.99474444796
