0,1,2,3,4,5,6,7,8,9,10,11
AURHmCnNwiW4uA2Qj1XvEh4iKgRUZYXtiY7FKAapUV5Y,BKWm4TRnTeKwfWXRyuzjRHU7iZDkPuXBX5b5V5jSVfGJ,A5Ww74HVrkj9nPeC7pHKLfgeDMEhBCpW1efQdz3TGLEg,0.2094903570000497,0.18725466199998664,37.89940383936819,180.91240275732213,0.015159761535747275,162.5744509698216,290.116878435,1795.076691362,344319.3491050309
MAR3XM1n9xWPQ3HJjAcC85o8DopWFP5p2WxGTaZ3fPB,6qG7GUhER8Cg9gDEgnebph9LdS6eu2eoWcA4R7z9uizK,4QV4CwRXVMY227KkFF9voNAfwWHVvVajXSXDKbUHkWZR,0.3492810000000013,0.008387999999999993,0.3320253124848511,0.9505965468629839,0.00013281012499394046,0.021805331420976695,0.11914,23.980107,0.6361482532387391
parEAJhzYzHW87y9VoZAQ22dzQ2MD2ekEtTReaxbMcz,3oyc6hpjYSJEquK6dSvG72NXyz3pqLZz5D8AC71pwgQb,Di2vordgFJVZ1aj1aBpvzXtLfZgJsuLLXawGtVFwX6Rz,4.387234367999952,5.170324736000566,693.3980820119438,158.04901763842844,0.27735923280477753,187.40735049110097,1102.411836259,140.693395539,200602.08424327144
GokA1R67GqSavkd15zR62QD68Tuc5AEfvjssntVDEbM8,3YB7hfpBdbQEuZqLGWVDpRPmeZWCUsrrWyqGXegnQ6Cg,4DPCj6Z1DsG6HUtwSogBGqXEUxdEV5a8YVrrFtcnz7UW,4589.558300000004,4588.457408999995,4591.036613789644,1.000322103717397,0.4591036613789645,1.0,11890.850412,20533.146465,32427.82696412072
Lee1XZJfJ9Hm2K1qTyeCz1LXNc1YBZaKZszvNY4KCDw,9DgFSWkPDGijNKcLGbr3p5xoJbHsPgXUTr6QvGBJ5vGN,2hNHZg7XBhuhHVZ3JDEi4buq2fPQwuWBdQ9xkH7t1GQX,3675.2219166164796,3095.401837652963,708037.4284740392,192.6516124843639,70.80374284740392,162.6783890544774,6694.479211132,53906.301564193,10059092.513115406
B2izdXFYb2sNwbWWHmh75T4aQFtfXsUxem9u2p61HGzf,4DYwgJtxwuJdAjkj5RJSNH4e7U329V5cNp7d3a1nLrZv,EXNW64GEf1ACC6xY9BtKRiunrs6GoJSXBdxWN2eTPmrF,6172.350472,6102.39614500001,6228.594681978264,1.0091122839238322,0.6228594681978263,1.0,9490.503325,30254.179331,39831.16281687748
YakoMPuYrybnr9R7VC7hVGxMz94fJvPFCdZ4gmW61Ed,,,1.094166,1.087037,0.0,0.0,0.0,1.0,9490.503325,30254.179331,30254.179331
KEVpg4SYCVrqFxKijQH6hm4QxsRdoE51ud64bEEFUC9,2bPenuBYfqzD8p5dFjCcggwkHDsc2RQDnx9AoyYGUBjA,AE6n6iLuX8oYu61vt5hoDYkjswpnxFxrhSehxrnQTnbx,123.34750354700122,123.0779304640007,123.70214820454038,1.0028751668849465,0.049480859281816156,0.9999525892478859,1533.892907235,5992.252185788,7530.271193931951
BSCNHw8CmxbZ8hCWWzMf5FaG2ajPT6JxfznKUNuRVrn4,7n9kgNL633yGzCYksgnzHyjG73ZLBAwvEae5sbAekbzW,SscdxE99omdG9AiMVwmaEMQySQnCgeAh1sPj2Leutm2,25.370072314000026,25.437407999999778,25.440434041808555,1.002773414554664,0.010176173616723422,0.9948231245023678,4845.991172144,6859.027413998,11682.950197633483
C98Sspw7XqnMsgxea3SLQVdbMDL8pKUc3RE82UvX9eq2,CSqgQJurPCzGxb4Cgwx5R61hWQUiaoUHcShNc8r1cKEL,6S2CR5EnukPhC914XkAns8m5GixjMAoUuZMsS5ubHuWc,51.32681099999979,51.31987700000002,0.0,0.0,0.0,1.0,874.425895,889.445232,889.445232
C2ypsDADXcCRz8HbV2zX1AXPSja7a1P3xZtRC91xGhJh,J9bYNuDpY1d1T86gLaw7DGk5D3CsUAf2tzUwxMvb6FTv,A2NGvvPrMGzsJ4jb52KEnSBVmsA7C34dV1GC7PerdgvG,149.34615028000098,150.50136008400432,24113.477913519426,161.4603246773377,9.645391165407771,162.92073873476406,3929.782437181,2097.20726596,976182.5052686617
ACUSESXyNnwRLAg1dpSGMLSzUDdLjUMybY8rkXiAKhCP,AhFPQdu8GKBsxuhiH46UmCu1YpaLgNpoP325HnYtsgas,A8wxWpT3aFEr2XqZp1kDmbxbFfcBE95UUmdsNTDBJYbT,410.158327567,410.3216573709999,410.13847194329634,0.9999515903436084,0.16405538877731854,0.9878586833380859,1045.343746476,1840.979146512,2863.9203774706393
STK75uPSyBnEhGTTzb1nwmP3n427XoXmfRhXxxhyady,6TYyD5fUmDe6N65avW1Ny2RxzRNobw2RRgKwH9CTzSAU,54zDfk4cx2vGrEajPtodWpArNe5eUurytyxd4X3aZAxK,501.62186284100045,566.0417568199969,81667.59105938413,162.8070806101814,8.166759105938413,183.86736690714682,1542.042715209,269.150471973,300543.46122286597
KwnjUuZhTMTSGAaavkLEmSyfobY16JNH4poL9oeeEvE,J63v6qEZmQpDqCD8bd4PXu2Pq5ZbyXrFcSa3Xt1HdAPQ,BnKQtTdLw9qPCDgZkWX3sURkBAoKCUYL1yahh6Mw7mRK,342.38230399999975,15004.54229499976,7.47397244485095,0.021829318739706113,0.000747397244485095,1.0,276778.007439,591.326176,6633.201520526682
Sid7E679i9ABqptiAVhkmQ27YHN8vaYT4fppPwmxFsJ,GP7KB8o1bv527HG8kTzzzf4wJ5aEGHvcMQvVhLziUfmT,9gYxhAZ1M9wu5pxr8SBoa5NDm21gi3s9vMHaYTME77sa,3252.5209389999964,8515.866013000043,23.366888872555094,0.007184239336438941,0.009346755549022038,0.021829318739706113,135645.675101,8807.557428,1166.7739732924986
SoNcU2iwHMw6dGzsYNQkYFkUjwN1UdAjrWVRnStrZu2,8ivTTid27jZnYNc4w3CTA1Z6QS2twsFb8WMwUabeDJgc,CyXm53PMvHCbeXJBykU46Rcbo28xk5srhMZFg7gv6EYB,3.0235491629999913,2.9973619849999995,585.0549128043366,193.49938805818527,0.23402196512173468,190.5756891359851,15.597762194,19.094927899,6657.186482969971
BSC8REUo9LpiiWUuqMuLXs2D2yJsJfGd4HdiF3wCLxk5,AZjEH1zWVx1UJ6udMyRijGTzPteuLnaY18yNNmprJEsh,Caf8ypkSVR8xYnXNhjvfvdGCC7mrM3C11rz8Xi6NA6aK,190.1011766239999,189.89718300000004,190.02215837972574,0.9995843358485337,0.07600886335189029,0.9999523902667947,3284.982071459,2926.006854025,6209.484169793008
ercAoEmXjQzEvAFbdjAo81KtMxRGn9AW1ju882upmPH,CMRhskR2Eg6V42RTSdRTXGdozyPbWB8U9dVpijPWb9T4,7TKLLgrWswt6ZJ1pXhVR3FyufHGjJFqiEXxvWJfDcgRm,26.039467760000072,23.658574290999994,4242.589127149292,162.92917989923157,1.697035650859717,133.34608121869783,35.6254699,372.975839536,55539.29518571123
YAkoNb6HKmSxQN9L8hiBE5tPJRsniSSMzND1boHmZxe,CfWX7o2TswwbxusJ4hCaPobu2jLCb1hfXuXJQjVq3jQF,EnTrdMMpdhugeH6Ban6gYZWXughWxKtVGfCwFn78ZmY3,8429650.741015976,8431388.47822397,8429650.741015976,1.0,842.9650741015977,0.9970397888668543,1002427.891413,468100.957844,1469143.171590154
BUSDTd9WiT6uBHJRgNvFXBsA7JrifsAtWzKfioN7ERcy,DyBxrn7gSc1EwnpWhDyhzvMHPtxpmBqRqotapLcKcfTM,Cds99GeBgoCpqBsoRWu1C6fF9LiUMd4pXQQD24s9LPff,937.40598681,936.1084412200001,934.3095075830632,0.9966967575730191,0.09343095075830633,0.9995512015105219,108.13029651,65.96713605,173.7106460259117
ALLwa5WNZbvQsRKAqe1jdRGemdYQnW8E5k4msbRFcYtu,CGoM82Hbz7QVqTgvQatYtjvDWBvoUJp5qm21P8iMs9yb,3dxNNww8TivyN5FMy5dCNdi3Zcxv6e4kUfSPxfFwpdNq,6.034013399000002,6.006403511,17976.028239044306,2979.116394077517,7.190411295617723,2953.2674951566414,1.154803722,7.519449032,25647.239107844605
BUSDgu5JdqP1rndBvXvanbEufS94FNh1w5FJcAj6vawb,Bgzr8cWubt89JQFXndVjtdKmDbGzuPxNhvjH1EhWCwbo,Dxaf8xPBBQsasRKW5Aa4Sw2YrbfGofY9xZueyyF23FBW,11926.623158199998,11863.121124509998,12031.058156978743,1.0087564600133225,4.812423262791497,1.0,4313.35390926,10805.69746421,15156.821084499745
MATSnbbiTCv7Dc3trJrkrqjx7ckKdr6fwPoVwv9q3sD,631WX9JizSHJm4w6VanZeJAst9T8DeUUnPLesdGkCVtK,211maUSfpnXbPuW1iBu8b4dtJv5EbN1j7JJiEX5TZKEP,1927.996729999999,1925.9380010000023,1931.8062519288023,1.0019758964678345,0.7727225007715209,0.9976734255715671,18029.672225,27536.484753,45537.71606239033
MATgk4zXLXtYkwBH678J1xZbRDZ45LicNzkRBHkxTuY,y8dALFo1bJrSzPYjMX14HJX448pXqYmrfXHD1K8MXih,GN7Yuet3UyiWS5YVkEHv6oQKi4HGBJc3XDPt9zQhAqZz,5604.207236999999,5597.479923000001,5614.155520582471,1.0017751455579287,2.2456622082329885,1.0,3262.774895,4810.866341,8079.43313636138
WiiQFxXqp8P9Fs1rt9SVcDyA3KUdJmUsog6wnVQAwba,3S2jpqSYxho6wiz3cafhjXruVY8cg4HYa2v3BqBHYFSj,Dfe67M6TfrG74gKRtdqys4e6E9QirPD53BkF4FujFjuv,1214.6090528269992,1209.2768299149993,1221.8704382296094,1.0059783725353515,0.12218704382296094,0.9957322576886497,3839.201088877,22995.419037798,26759.433778227594
vEnkoSUkpnbRrPgBz9DfcVxNz67zjwMYBZraAvDDNSf,DtfyjjsZ5yCjWKLKHvwsfXs5QVsmm1QkK6Sh9JZHoq1g,e5wrKCRv4GhHvEf1VD5Pq2KGaZDXP77nTL612Jyrxwy,2410.4047900000005,2410.1100879999995,2407.383523677785,0.9987465730508213,0.24073835236777852,0.9954359262780152,1013.101698,935.668029,1943.229420165808
RajgMbScQbqqrdJfR2rxfHJiTiY5b6bJ2tTXiF4aPxy,725ZA3fhyBAKb5iopNRrcbSuQa3LXA1656Q3mBvYPxeg,GLA6i1dSZpUfk2f9Nj8uiG7xyDdAR2reff8oEiZH3617,3829.3652764799917,3830.605653270002,3828.269625713113,0.999713881887004,1.5313078502852453,1.0,103258.73475986,80677.26022932,183906.45079484017
ionytDfEj1mXodptgrsKEZro7DGsfpzANUfarJdm6Qb,3gkSjY95an9xNFSjCfsay6JZez7uv7yfW3Ad4ubc4fMK,9wXqANaSuEqkKL9yHzCPEDGHwbkStVAqV5rB3QDs3Jr6,0.004746517000000006,0.018736505999999764,3.525179711852037,742.6876827475879,0.0014100718847408148,2980.714775403142,3.169047114,0.079872706,2591.6900125402226
Lid8SLUxQ9RmF7XMqUA8c24RitTwzja8VSKngJxRcUa,4PgzyzLtds9bKZ2to9PMnKqJzKEUpjvNUaeN23phegax,AtymwxoVN9peZo7EXTcDz9jKVc4vRmisJKKrNfe3ewBa,87.3038118869938,73.8363268349998,16836.35906335957,192.8479261037603,1.683635906335957,162.77231197397077,961.966444802,7657.333350032,1431915.0868015727
wrmcMSHFi3sWpAEy4rGDvQb3ezh3PhXoV2xNjgLBkKU,8p4mGnARWPBu6P2Gcw4adodLkNDorrXniZMhaY7eJXUn,AyY89zccbsgp9LKFgH4CFZMJmpSgqmPSdTfukhP227rc,0.011253840000000806,0.09060671000000031,3.7625677031095974,334.33634236041456,0.001505027081243839,2981.4257177782415,27.02978676,0.1014218,9339.421602983723
Cob4usZcpHEY7Qt4ZCwj6WVg9S44zvzYV2v9qYF65dTf,NhFM9UXE48PyNAyeyPYA3iXztqKVJwA4bTdLj4ysM8w,6TuFuynuBoeskxyR2cz4wxyidk8dpDK7kAWw3UkjQGx,29.239334999999983,3822.428536999985,0.21006238067831579,0.007184239336438941,8.402495227132632e-05,1.0,74183.933418,162.171108,695.1262405933629
KEnkcdADoLR5jS2CLLLesy8TtFsyWL37BhXNfDMzWzP,3qsjFRuw1qeLMPo4DLwaQevenGAGBj9dA3Q6rb8ax2YR,77iEv8zPQAEyCcEbvBRSB6AFcUdfkhiqnAKtPxk76rNN,0.026922,3.4760960000000125,0.00019341409141560917,0.007184239336438941,7.736563656624368e-08,0.9969791531659072,122.847271,0.269876,1.1516249426321772
CZgvH45CRmoaNJ7395Ao5CQZXkGznvqU7cErD6n7FaRg,4ZjU6MKvtqVQKCiowhvZ5yUsPxXX5SCzd5eFsPeXyey5,BsyWeshjDbCvjDojry3vKDCesmFRM37WtwcR4Kfgzqr,4.8730704799999955,4.986014000000068,4.989609802388502,1.023914967548039,0.001995843920955401,1.0,236.51912528,568.12026098,810.2957334655619
heyk4SZTeCUV6a65WiVA5bzic3KcxgVf1qxobfeV4tQ,9ZDpBKPqMABtGfq66FbVribaArMvtk63xxy91onZAtDt,DaTP4s6N7xxSPinbNZ3FB52EpRDRt87QShTuN3VPCW52,92.35880707099511,80.80093444899978,17304.879542729162,187.36577584233095,6.9219518170916645,162.7130910980156,624.777665875,4494.000326052,848294.6365430409
SoN9GaFpSXfpyR5dth3x7PHPVhvJMpQqqDJfCSmPv1t,9kZ9iS68ViMPtoeqtnhAKuF2iqVyfHPdZHoUNdwCELr,BBhm5fJLjw3HRzjtKB8uMEYjGhY6EDm9co3cqpjrSzB9,0.09595217500000053,0.09401663700000018,18.75399576143905,195.45149196919138,0.00750159830457562,190.36969223122227,0.854240421,1.367217236,427.23928921538254
daob129AwBGn9Y5r91uLoWZeYiGzbPmksauMhFZKTze,6VW5GQNyj4LStgmxEHLr5zUfW92vQnmbw8jTnCH7a38F,4VPCCUifPeBA1c7HWK358CHn2nyjm8pdTRk6Ps3KmnMQ,16.25438597599984,14.527019404999947,2894.217040825019,178.05760519643314,1.1576868163300076,162.73255295480007,47.97274402,224.487279161,45073.29995864913
BUSD5rCfUDpCxKGMvYU2yThChxgHoioK74PTPociGnv2,CcFHbafgYDZ8yA8Me1PdtDiVb2eeaS61LbqyKKK5CsNZ,26R9s4nmF3CFDTkiePDwRmtscn8i7r2eygbSijditJ58,231.78527172,232.16951072999996,231.62944069747635,0.999327692301727,0.023162944069747636,1.0,83.87875302,64.11630287,147.93866355862312
JSoLLrxK5bYdHwTEWYaGgmeycBCNXKDiBCTw5hXGBg7,xG4wXczA7Dk4hccJ61CHKpDHW4NrNfQwgmWgkb9BuF2,BVR6WgfhsRr9Lob4QDnkEAiNGgAbv7ZieKcY9kSg3QYR,1.9455987160000063,1.6574968120000122,367.74458896633314,189.01358535144712,0.14709783558653325,162.8889727586111,17.037031149,165.160786623,30123.1012142414
HEDSDjj84KS7LKhZY7ejkCACTdPen62rKhCby1wXtgxc,EnnjMSFttpCTywBrYNt1J5QQeoSVkvzPipJDa8Y7kJow,6bjVT6JN2rSvpyn9PdfLYC8wJn4LWh49jpY47fnLDXZk,28.9413950879989,29.609477497004264,28.04204261511504,0.968925047664451,0.011216817046046016,0.9999515983428339,38834.23143155,9054.010905408,46681.03221710308
AUSejoEUCh2DBs9mof6BNC8Pubs22w4cJa1ccV9h44R,4xkyD7AfGQDwsQMy9MosRRNGoVJ1zosNinesxg1TzHG7,Cbm5gsQe3nSiCsFrvepVzMCD9xLK3ri9g3ypS2hdmVJ7,773.9353600000013,771.6935319999993,776.5250711121603,1.003346159441738,0.07765250711121603,1.0,13157.369555,15722.761266,28924.157477364897
moFiBS1R4Lf3E3zzmBPnw3NF4RhWPkhREFviuzUaCAU,44ALBrpqi9PfZkBRTvbtRNtFJGsatfY4QydjtMbFWq8S,2ho8qEEie1UjVwWNBo9y4oAJZMyMLx8zPj9bxyUz6uWs,218.05062799500593,217.83842244699918,218.24429667440901,1.0008881821675264,0.08729771866976362,0.9999518163217789,28027.863964111,36393.60305909,64444.60729450867
MARpDPs5A7XiyCWPNH8GsMWPLxmwNn9SBmKvPa9LzgA,6YjT74rmcfCpw8LSjPNx5JTmZoYLGrTKnf9arfSgZ4SR,F8GSmi3vA8M8TsybLya1LQ4n1aFHCRbZ6k437PeTdXtg,20166.729721999996,21183.853368000175,19164.86712801584,0.950321018440029,7.6659468512063365,1.0,296565.888526,15624.869773,297457.6669916005
KEN5P7p3asnb23Sw6yAmJRGvijfAzso3RqfyLAQhznt,9zj4aX38Uxf3h6AUjS4EipWS8mwbEofasHAf3a1uKGds,CwQDG1MWunn9cLNwcZLd8YBacweSR7ARo32w4mLua1Yr,99970.38375200005,99979.10409400077,99725.9554352283,0.9975549927128607,9.97259554352283,1.0,1129222.669733,1083915.226208,2210376.9382847
KZMu9QBEdL97EFgamLbN5DE1AoKBG4HdrKKJo4Vuon3,DD4ACBWyVqdaKWh7v5btsgqQCCMwbKnuL2xd9pv7Gyuw,GcYqiJ1MAuYbNTNYXm1F1gQYTfTgkErACAhNU5dpVj9T,20.681403910000085,20.498404970000024,19.091625717617156,0.9231300641242144,0.007636650287046864,1.0,2368.4874394,730.71561288,2917.137574690718
7dwD9TF6uikvHXxPFK9AsSim54yJoujQjY9vU6gNFumk,CquVr6atkvwueDYficKjn6SSEWq4F4rH4VSiBbW4GBWU,8BCa6ge3b7ho3TfZuM64Vk1hgbrJ3J7EPiAb9uP86CGd,0.0017823700000000006,0.0017828460000000007,0.3422787421812649,192.03574015567185,0.00013691149687250598,193.40575347303547,0.003913983,0.003595309,1.4469780684751026
SAMyS8Jr2HJrkFwYVKbpUwsNStnQmvz3f8Tup8bWUWF,6jPzm5TFfquvgm25sTyN3MMGBfufRaFHMxobDWv6hMFW,Cj9ECoDmxsHTDzCY5ZA6RWrPbg9uFzEC1Qc2kso2vJG6,389.04593008999655,9.129788609999991,359.13999439124314,0.9231300641242144,0.14365599775649726,0.02193243673385749,509.21484495,107694.84959646,2832.082007808352
FrnkTEL6yZ5Aycq2TrEgu29dCrwKG4LPUZydfiwqspkc,DjvZuMZ46fxKBoBpGMPcRcos4xdTtHFxwMh69DpA2ZFY,9rvDPJLAng4uVVqnnSoEXgNDFhBZQTny9AoQioYDZbQX,55.59497855400167,46.27896957200008,10884.116477221884,195.77517179271322,4.353646590888754,162.95036629612838,172.11783799,1439.763699453,268306.4215068179
BSCrK1Nx9PXU9mF7STWWBqeHLxmtJDr9h7jheEy4tAWX,FfSySSbVJPvEo5a5AvrP3nySoXpRE2QPn1uUMpJJ1x7v,HL7Vcj6838ZmvBHDbQxXfjBNckNi83WvPiZQoMQLFeRM,0.013419618000000022,0.013406565000000037,40.157095918941465,2992.417214777753,0.016062838367576587,2986.233463732194,0.840001184,0.964313887,5393.300402336361
