0,1,2,3,4,5,6,7,8,9,10,11
C2ypsDADXcCRz8HbV2zX1AXPSja7a1P3xZtRC91xGhJh,J9bYNuDpY1d1T86gLaw7DGk5D3CsUAf2tzUwxMvb6FTv,A2NGvvPrMGzsJ4jb52KEnSBVmsA7C34dV1GC7PerdgvG,1350.552351623004,1358.6297603929959,196119.1480558679,145.21402877880666,78.44765922234717,146.05576409072984,3744.920205496,2233.917304046,870091.4492531725
ercAoEmXjQzEvAFbdjAo81KtMxRGn9AW1ju882upmPH,CMRhskR2Eg6V42RTSdRTXGdozyPbWB8U9dVpijPWb9T4,7TKLLgrWswt6ZJ1pXhVR3FyufHGjJFqiEXxvWJfDcgRm,0.11535952799999905,0.1173917139999503,16.749630333448962,145.19503177448075,0.006699852133379585,142.8006346060202,301.232149044,787.885470619,156247.9566531948
SoN9GaFpSXfpyR5dth3x7PHPVhvJMpQqqDJfCSmPv1t,9kZ9iS68ViMPtoeqtnhAKuF2iqVyfHPdZHoUNdwCELr,BBhm5fJLjw3HRzjtKB8uMEYjGhY6EDm9co3cqpjrSzB9,0.2421994000000003,0.2380713679999995,42.18170887199183,174.16107914384503,0.016872683548796733,170.3654714165923,1.522868617,2.459761479,684.2828656732241
SERgf3DMJpQxUifu7VoFKmfne73d2fDJxSrxUMrcNJB,AJfM2GZ2tTB8UtN2krcyR9xufRJEx2mhSCbJyMgPo3GU,F4yRYkufQvERZcEKnKjJwRLU1btiMBUuEwq46hfm11QD,0.0703267409999988,0.07032860099999994,10.209943026080884,145.17867429803206,0.004083977210432354,144.8450375365915,29.110083793,28.13477164,8301.345428051598
KEN5P7p3asnb23Sw6yAmJRGvijfAzso3RqfyLAQhznt,9zj4aX38Uxf3h6AUjS4EipWS8mwbEofasHAf3a1uKGds,CwQDG1MWunn9cLNwcZLd8YBacweSR7ARo32w4mLua1Yr,69268.5198710002,69267.89736700081,69088.13076158172,0.9973957995673298,6.9088130761581725,1.0,1126878.143879,1133294.321009,2257237.848338144
HEDSDjj84KS7LKhZY7ejkCACTdPen62rKhCby1wXtgxc,EnnjMSFttpCTywBrYNt1J5QQeoSVkvzPipJDa8Y7kJow,6bjVT6JN2rSvpyn9PdfLYC8wJn4LWh49jpY47fnLDXZk,10.142465748000177,10.475290340997162,9.81569021134624,0.9677814503126748,0.003926276084538496,1.0,39079.884046771,9088.113606994,46908.90046782921
moFiBS1R4Lf3E3zzmBPnw3NF4RhWPkhREFviuzUaCAU,44ALBrpqi9PfZkBRTvbtRNtFJGsatfY4QydjtMbFWq8S,2ho8qEEie1UjVwWNBo9y4oAJZMyMLx8zPj9bxyUz6uWs,2127.1943608639995,2129.223763674003,2124.841099346473,0.9988937251993417,0.8499364397385893,1.0,35043.53721155,29362.24280913,64367.01223853693
BUSDTd9WiT6uBHJRgNvFXBsA7JrifsAtWzKfioN7ERcy,DyBxrn7gSc1EwnpWhDyhzvMHPtxpmBqRqotapLcKcfTM,Cds99GeBgoCpqBsoRWu1C6fF9LiUMd4pXQQD24s9LPff,535.97613418,537.79197284,534.9583705304821,0.998101102671157,0.05349583705304821,0.9993094771512885,145.49992255,118.8405387,263.9821097283974
ALBpShJ9NLpE739pcHDF2LNVk5J4VYPvvKuV6jMPitZi,D6d156U1bPiJpDYRLextvDRccgFk7QzkQbJg42ceKEu5,GNcM8U5g8RwTZffwwm3kSQqUNPSwv5d2fbN9sLxPJqt2,502.53716999999597,503.39346099999966,501.8060386017532,0.9985451197605089,0.2007224154407013,0.9996251405722854,55250.291578,45064.690003,100217.70609965238
SAMGk1Nd4haC8zQA63DG37pzuEZy8j4q13tSFtCbcRE,9U9TnkHD3jXMAVZtynCVLgDruuqN4pTvLJTmVHCLWS8g,C6zoEbvqSknmi96QWq96UBiPCyNW3YSTvKhavR2BfifE,0.05737049999999999,0.14405800000000113,0.08103155075833117,1.4124253886288456,3.241262030333247e-05,0.0,54.28924394,0.84402319,76.6795064703207
AURHmCnNwiW4uA2Qj1XvEh4iKgRUZYXtiY7FKAapUV5Y,BKWm4TRnTeKwfWXRyuzjRHU7iZDkPuXBX5b5V5jSVfGJ,A5Ww74HVrkj9nPeC7pHKLfgeDMEhBCpW1efQdz3TGLEg,0.008914308000100846,0.008358697999881315,1.4488618522200345,162.5321732436936,0.0005795447408880138,145.18889728887322,289.936190924,1795.278647228,307778.48633016954
MATSnbbiTCv7Dc3trJrkrqjx7ckKdr6fwPoVwv9q3sD,631WX9JizSHJm4w6VanZeJAst9T8DeUUnPLesdGkCVtK,211maUSfpnXbPuW1iBu8b4dtJv5EbN1j7JJiEX5TZKEP,2013.4710970000015,2011.6131109999951,2015.6701931807618,1.001092191581015,0.8062680772723048,0.9999570018489204,20320.987119,25234.405379,45576.5018762744
wrmcMSHFi3sWpAEy4rGDvQb3ezh3PhXoV2xNjgLBkKU,8p4mGnARWPBu6P2Gcw4adodLkNDorrXniZMhaY7eJXUn,AyY89zccbsgp9LKFgH4CFZMJmpSgqmPSdTfukhP227rc,0.008036410000001465,0.05788001000000925,2.514521276596203,312.89111389236547,0.0010058085106384813,2988.643156007173,27.06657545,0.09742196,8760.050415801057
KysFMBBoavfov2tLpvefWW6tPFt6rAeZWDJVy1mMQae,B8ka2V21TH3x64dFV8ETcjuQcwmrciJ2qzy1mJUttRew,7fSf7EYxBANyxzk2s5pymFgshA91tFYQNKKs5UnLWcYS,11.477511999999933,15.337341000005836,0.0,0.0,0.0,0.02075997321050017,134509.592882,2606.584107,54.11261623223551
MATgk4zXLXtYkwBH678J1xZbRDZ45LicNzkRBHkxTuY,y8dALFo1bJrSzPYjMX14HJX448pXqYmrfXHD1K8MXih,GN7Yuet3UyiWS5YVkEHv6oQKi4HGBJc3XDPt9zQhAqZz,3264.5430670000005,3254.5455709999997,3270.308621098998,1.0017661136583798,1.3081234484395994,1.0,3263.808992,4800.601898,8070.175147639115
YAkoNb6HKmSxQN9L8hiBE5tPJRsniSSMzND1boHmZxe,CfWX7o2TswwbxusJ4hCaPobu2jLCb1hfXuXJQjVq3jQF,EnTrdMMpdhugeH6Ban6gYZWXughWxKtVGfCwFn78ZmY3,6252159.682391997,6251182.904259017,6252159.682391997,1.0,625.2159682391998,0.9994113467167839,521690.650087,928166.943109,1449311.2246775662
MARpDPs5A7XiyCWPNH8GsMWPLxmwNn9SBmKvPa9LzgA,6YjT74rmcfCpw8LSjPNx5JTmZoYLGrTKnf9arfSgZ4SR,F8GSmi3vA8M8TsybLya1LQ4n1aFHCRbZ6k437PeTdXtg,15318.713057000008,16194.507065000129,14483.315423379481,0.9454655472354588,5.793326169351793,1.0,297608.904527,14578.865727,295957.83150776546
STK75uPSyBnEhGTTzb1nwmP3n427XoXmfRhXxxhyady,6TYyD5fUmDe6N65avW1Ny2RxzRNobw2RRgKwH9CTzSAU,54zDfk4cx2vGrEajPtodWpArNe5eUurytyxd4X3aZAxK,506.429393212,569.2708012129995,73501.58761065055,145.1368909384798,7.350158761065055,163.68147127381997,1741.670880776,306.451485795,302941.12674288615
Sid7E679i9ABqptiAVhkmQ27YHN8vaYT4fppPwmxFsJ,GP7KB8o1bv527HG8kTzzzf4wJ5aEGHvcMQvVhLziUfmT,9gYxhAZ1M9wu5pxr8SBoa5NDm21gi3s9vMHaYTME77sa,1004.4206200000026,2042.9224489999906,8.861554090758878,0.008822552936795399,0.0035446216363035515,0.020864238486591597,130033.777241,10904.638571,1374.7468630356127
SAMyS8Jr2HJrkFwYVKbpUwsNStnQmvz3f8Tup8bWUWF,6jPzm5TFfquvgm25sTyN3MMGBfufRaFHMxobDWv6hMFW,Cj9ECoDmxsHTDzCY5ZA6RWrPbg9uFzEC1Qc2kso2vJG6,1565.3757623500435,108.92401677999584,1499.365736012378,0.9578311943206741,0.5997462944049512,0.02096714038146273,485.29200704,108737.14703072,2744.73484917026
parEAJhzYzHW87y9VoZAQ22dzQ2MD2ekEtTReaxbMcz,3oyc6hpjYSJEquK6dSvG72NXyz3pqLZz5D8AC71pwgQb,Di2vordgFJVZ1aj1aBpvzXtLfZgJsuLLXawGtVFwX6Rz,5.229112350999969,6.178477005999412,742.5617405023253,142.00531383884385,0.2970246962009301,168.0989255452877,1104.224470392,139.145573759,180195.96390981757
KEVpg4SYCVrqFxKijQH6hm4QxsRdoE51ud64bEEFUC9,2bPenuBYfqzD8p5dFjCcggwkHDsc2RQDnx9AoyYGUBjA,AE6n6iLuX8oYu61vt5hoDYkjswpnxFxrhSehxrnQTnbx,123.7611093150017,123.72564101999978,123.74817045379538,0.9998954529312323,0.049499268181518154,1.0,3189.190906749,4454.903453728,7643.760939915959
RoBgmK8CvjdHvPrqdDyVw54VwjZv2TqJ493xnqJAQHx,ExiHJxM7qPAcy27NDHAF6G7vnW7muNHi2sVJpnaNynGQ,6rkPHSqZb7StM4HwS9EuVrmfkV7tRdc7dnsFhyB6cefE,15.337341000000379,0.2591929999999998,0.0,0.0,0.0,0.8382749642475729,6270.209264,18.878108,15.82504530876182
MAR3XM1n9xWPQ3HJjAcC85o8DopWFP5p2WxGTaZ3fPB,6qG7GUhER8Cg9gDEgnebph9LdS6eu2eoWcA4R7z9uizK,4QV4CwRXVMY227KkFF9voNAfwWHVvVajXSXDKbUHkWZR,0.22994699999999924,0.0051129999999999926,0.21737264462630157,0.9453162886504382,8.694905785052064e-05,0.020944011525908423,0.112218,24.264778,0.614283293385384
GokA1R67GqSavkd15zR62QD68Tuc5AEfvjssntVDEbM8,3YB7hfpBdbQEuZqLGWVDpRPmeZWCUsrrWyqGXegnQ6Cg,4DPCj6Z1DsG6HUtwSogBGqXEUxdEV5a8YVrrFtcnz7UW,8259.111455000002,8259.261030999993,8259.74745555408,1.0000770059294566,0.825974745555408,1.0,16593.835832,15823.581935,32418.695590751493
Dg3mAgpwDfVNnbGWcsxL8sUcSkEbjSJQhKAWNigG44Ju,EATxwd8YA2wV93VJcKMmH2Kn2Y9XfJVUB9hHVu3udwEy,GiGvrRi7NMHfHKanG2B8xyCEqe8jaafWins8bhrLVEaa,0.003522915999999987,0.0035602189999999756,0.5765250990777812,163.64997038753785,0.00023061003963111245,172.23923754512236,0.198682023,0.260927835,77.4563185351856
KZMu9QBEdL97EFgamLbN5DE1AoKBG4HdrKKJo4Vuon3,DD4ACBWyVqdaKWh7v5btsgqQCCMwbKnuL2xd9pv7Gyuw,GcYqiJ1MAuYbNTNYXm1F1gQYTfTgkErACAhNU5dpVj9T,34.503369560000124,36.02950561999978,33.04840367374251,0.9578311943206741,0.013219361469497004,1.0,2405.90748801,694.70972193,2999.1629645956714
RajgMbScQbqqrdJfR2rxfHJiTiY5b6bJ2tTXiF4aPxy,725ZA3fhyBAKb5iopNRrcbSuQa3LXA1656Q3mBvYPxeg,GLA6i1dSZpUfk2f9Nj8uiG7xyDdAR2reff8oEiZH3617,2141.3497624500014,2145.51662948,2138.125319798972,0.9984942008505233,0.8552501279195889,1.0,133371.7014008,50556.49909891,183727.3695051764
ALLwa5WNZbvQsRKAqe1jdRGemdYQnW8E5k4msbRFcYtu,CGoM82Hbz7QVqTgvQatYtjvDWBvoUJp5qm21P8iMs9yb,3dxNNww8TivyN5FMy5dCNdi3Zcxv6e4kUfSPxfFwpdNq,5.332759136,5.08498238,15952.493750934816,2991.414639983248,6.380997500373927,2988.5717018122696,2.360903093,6.293178711,25870.055886123948
BSC8REUo9LpiiWUuqMuLXs2D2yJsJfGd4HdiF3wCLxk5,AZjEH1zWVx1UJ6udMyRijGTzPteuLnaY18yNNmprJEsh,Caf8ypkSVR8xYnXNhjvfvdGCC7mrM3C11rz8Xi6NA6aK,2249.4819856510003,2244.421190644001,2254.0565731797597,1.0020336182098544,0.9016226292719038,1.0,2770.648807754,3586.063508265,6362.34675788756
KwnjUuZhTMTSGAaavkLEmSyfobY16JNH4poL9oeeEvE,J63v6qEZmQpDqCD8bd4PXu2Pq5ZbyXrFcSa3Xt1HdAPQ,BnKQtTdLw9qPCDgZkWX3sURkBAoKCUYL1yahh6Mw7mRK,163.76563499999975,7782.09761700005,3.431915751798288,0.02095626320991149,0.00034319157517982886,1.0,277418.906164,577.438369,6391.101985978521
Lee1XZJfJ9Hm2K1qTyeCz1LXNc1YBZaKZszvNY4KCDw,9DgFSWkPDGijNKcLGbr3p5xoJbHsPgXUTr6QvGBJ5vGN,2hNHZg7XBhuhHVZ3JDEi4buq2fPQwuWBdQ9xkH7t1GQX,832.1615721089329,701.4478665739862,143475.61364155973,172.4131688488714,14.347561364155972,145.4392928392528,6725.023913704,53843.508222978,8990444.44348056
B2izdXFYb2sNwbWWHmh75T4aQFtfXsUxem9u2p61HGzf,4DYwgJtxwuJdAjkj5RJSNH4e7U329V5cNp7d3a1nLrZv,EXNW64GEf1ACC6xY9BtKRiunrs6GoJSXBdxWN2eTPmrF,5638.428679999999,5579.423949999988,5683.137926064347,1.007929380435889,0.5683137926064348,1.0,11005.843748,28923.037741,40016.15101109584
CZgvH45CRmoaNJ7395Ao5CQZXkGznvqU7cErD6n7FaRg,4ZjU6MKvtqVQKCiowhvZ5yUsPxXX5SCzd5eFsPeXyey5,BsyWeshjDbCvjDojry3vKDCesmFRM37WtwcR4Kfgzqr,33.023473080000144,32.14609059999998,34.12984137648903,1.0335024815169709,0.013651936550595614,1.0,205.78600014,599.68628119,812.3666229961418
daob129AwBGn9Y5r91uLoWZeYiGzbPmksauMhFZKTze,6VW5GQNyj4LStgmxEHLr5zUfW92vQnmbw8jTnCH7a38F,4VPCCUifPeBA1c7HWK358CHn2nyjm8pdTRk6Ps3KmnMQ,13.613227980999987,12.169695766000032,2215.693576484254,162.76033719384577,0.8862774305937017,145.56578947751487,47.890527997,224.542714524,40480.41599629333
4Fss9Dy3vAUBuQ4SyEZz4vcLxeQqoFLZjdXhEUr3wqz3,,,8.0386e-05,9.327399999999996e-05,0.0,0.0,0.0,145.56578947751487,47.890527997,224.542714524,32685.737511110303
JSoLLrxK5bYdHwTEWYaGgmeycBCNXKDiBCTw5hXGBg7,xG4wXczA7Dk4hccJ61CHKpDHW4NrNfQwgmWgkb9BuF2,BVR6WgfhsRr9Lob4QDnkEAiNGgAbv7ZieKcY9kSg3QYR,0.6762500290000766,0.5769136609999954,115.56637158010311,170.8929635847602,0.046226548632041245,145.4699282382297,17.07304928,164.659705675,26870.69955715813
WiiQFxXqp8P9Fs1rt9SVcDyA3KUdJmUsog6wnVQAwba,3S2jpqSYxho6wiz3cafhjXruVY8cg4HYa2v3BqBHYFSj,Dfe67M6TfrG74gKRtdqys4e6E9QirPD53BkF4FujFjuv,1332.959275434001,1334.9405204619943,1328.5542862999334,0.9966953310463043,0.13285542862999336,1.0,21834.587020957,4990.057218679,26752.48815779107
AUSejoEUCh2DBs9mof6BNC8Pubs22w4cJa1ccV9h44R,4xkyD7AfGQDwsQMy9MosRRNGoVJ1zosNinesxg1TzHG7,Cbm5gsQe3nSiCsFrvepVzMCD9xLK3ri9g3ypS2hdmVJ7,105.44778799999949,105.34987600000204,105.49061719057886,1.0004061649029505,0.010549061719057886,1.0,14262.729725,14614.679189,28883.201934234567
heyk4SZTeCUV6a65WiVA5bzic3KcxgVf1qxobfeV4tQ,9ZDpBKPqMABtGfq66FbVribaArMvtk63xxy91onZAtDt,DaTP4s6N7xxSPinbNZ3FB52EpRDRt87QShTuN3VPCW52,63.41791474300226,54.82966013300029,10666.611959882375,168.19556434657707,4.26664478395295,145.68202130890927,618.312822344,4501.243458694,759747.7195629217
BSCNHw8CmxbZ8hCWWzMf5FaG2ajPT6JxfznKUNuRVrn4,7n9kgNL633yGzCYksgnzHyjG73ZLBAwvEae5sbAekbzW,SscdxE99omdG9AiMVwmaEMQySQnCgeAh1sPj2Leutm2,126.88074508000045,126.17124809700044,127.62631735049867,1.0058761656075406,0.05105052694019947,1.0,3928.584187354,7776.066950153,11727.736148795057
NorjjEePhxfwLF4vZjUHCrVVKLzQjEEGQFd3wgjEJmh,34M8pFVqgbV7aqHxvRT5tCv3vu2P1JJYT8J3VaxBK2oG,3AZWBSze3ucsY3xSeuLne3b2pauVqiaJ1SZSV5T9WGWw,1.2194100000001526,2.1014530000006744,0.7061936509114032,0.579127324617081,0.0002824774603645613,1.0,38233.018432,2194.96729,24336.752966559707
vEnkoSUkpnbRrPgBz9DfcVxNz67zjwMYBZraAvDDNSf,DtfyjjsZ5yCjWKLKHvwsfXs5QVsmm1QkK6Sh9JZHoq1g,e5wrKCRv4GhHvEf1VD5Pq2KGaZDXP77nTL612Jyrxwy,1205.2583640000003,1205.2207250000006,1200.9158522781622,0.9963970283455026,0.12009158522781624,0.9981195427813998,817.234803,1130.220071,1942.3850696786035
Cob4usZcpHEY7Qt4ZCwj6WVg9S44zvzYV2v9qYF65dTf,NhFM9UXE48PyNAyeyPYA3iXztqKVJwA4bTdLj4ysM8w,6TuFuynuBoeskxyR2cz4wxyidk8dpDK7kAWw3UkjQGx,15.805541999999917,1800.328570999991,0.1394452309897423,0.008822552936795399,5.577809239589692e-05,1.0,71310.630851,184.880865,814.0226806392226
FrnkTEL6yZ5Aycq2TrEgu29dCrwKG4LPUZydfiwqspkc,DjvZuMZ46fxKBoBpGMPcRcos4xdTtHFxwMh69DpA2ZFY,9rvDPJLAng4uVVqnnSoEXgNDFhBZQTny9AoQioYDZbQX,10.70016437399795,8.921640328999985,1867.4941413067388,174.52948160729784,0.7469976565226956,145.8431777478313,173.051217003,1440.922583128,240351.26760704673
BUSDgu5JdqP1rndBvXvanbEufS94FNh1w5FJcAj6vawb,Bgzr8cWubt89JQFXndVjtdKmDbGzuPxNhvjH1EhWCwbo,Dxaf8xPBBQsasRKW5Aa4Sw2YrbfGofY9xZueyyF23FBW,7025.747027520001,7042.392268930003,7011.014782158251,0.9979031062029357,2.8044059128633005,1.0,8873.46073295,6201.69587731,15056.549905490581
C98Sspw7XqnMsgxea3SLQVdbMDL8pKUc3RE82UvX9eq2,CSqgQJurPCzGxb4Cgwx5R61hWQUiaoUHcShNc8r1cKEL,6S2CR5EnukPhC914XkAns8m5GixjMAoUuZMsS5ubHuWc,81.92804999999976,81.91687900000011,0.0,0.0,0.0,1.0,884.581772,879.118562,879.118562
Lid8SLUxQ9RmF7XMqUA8c24RitTwzja8VSKngJxRcUa,4PgzyzLtds9bKZ2to9PMnKqJzKEUpjvNUaeN23phegax,AtymwxoVN9peZo7EXTcDz9jKVc4vRmisJKKrNfe3ewBa,79.21908117599469,67.0069046379997,13639.735855065655,172.1774054001377,1.3639735855065653,145.82967240093242,969.660031802,7673.029200561,1285908.8830364824
SoNcU2iwHMw6dGzsYNQkYFkUjwN1UdAjrWVRnStrZu2,8ivTTid27jZnYNc4w3CTA1Z6QS2twsFb8WMwUabeDJgc,CyXm53PMvHCbeXJBykU46Rcbo28xk5srhMZFg7gv6EYB,1.1432946470000154,1.1328061970000043,197.50203531870747,172.74815012643438,0.07900081412748299,170.45511686658494,15.396871276,19.289040745,5947.6967250971275
DFWzVTzNBrQZLjoQ4yQwkj9HuoXmfkuZP9V5vbymZe23,DhgiEgiNdqZdRdo195UUHnoEJUtefK8buko8nU97XJUZ,2K2kkXsouBHtWVjtcgkyiXd8eP3oVBvq1bTJzcVdLLr2,0.0012453279996407218,0.0012453279996407218,0.0012252140598401104,0.9838484802345933,4.900856239360441e-07,1.0,45476.03363391,22540.058641838,67281.5852196576
ionytDfEj1mXodptgrsKEZro7DGsfpzANUfarJdm6Qb,3gkSjY95an9xNFSjCfsay6JZez7uv7yfW3Ad4ubc4fMK,9wXqANaSuEqkKL9yHzCPEDGHwbkStVAqV5rB3QDs3Jr6,0.004534002000000009,0.01766792500000003,3.3692166388995055,743.099945456464,0.0013476866555598023,2993.8327046284658,3.17013297,0.079592188,2594.011332564075
BSCuChvaSj9b5HUSqgDVRzcnr2sSn7cXaamt1jbKH6hn,GnKpRj5kBVPMJfiwZtEuD9GYApLzPdW5JFuZTcyX4BTc,3dmwD9okkomV9nDwyuh4UMhKdUR13QpuKxRo89ycZB5t,933.4869466719997,933.1241533240002,934.611085670511,1.0012042364411404,0.3738444342682044,0.9993644042389039,1458.867216529,1654.076781986,3113.6494953887714
7dwD9TF6uikvHXxPFK9AsSim54yJoujQjY9vU6gNFumk,CquVr6atkvwueDYficKjn6SSEWq4F4rH4VSiBbW4GBWU,8BCa6ge3b7ho3TfZuM64Vk1hgbrJ3J7EPiAb9uP86CGd,0.00097342,0.0009797550000000006,0.16796862395386292,172.55513956345968,6.718744958154517e-05,173.1801750955478,0.003827876,0.003680437,1.2978984014997503
TETFuZgEmET6d9vYmz9iMFCxK1jKdKYxf3oPz8hSzJK,Eu1Ze6Z84LWNkq7SNoAHBJbXx5t1P95EwyqYohrfCRFV,ASMbv7WNu3qe4pkhREmvyEdwFNDZQ6B6iSrjkj4u8bdC,3.119419721,3.1303971109999793,3.1076655231079764,0.9962319280688988,0.0012430662092431904,0.9981364791933459,285.843713171,66.954091834,351.5959549894953
