0,1,2,3,4,5,6,7,8,9,10,11
RajgMbScQbqqrdJfR2rxfHJiTiY5b6bJ2tTXiF4aPxy,725ZA3fhyBAKb5iopNRrcbSuQa3LXA1656Q3mBvYPxeg,GLA6i1dSZpUfk2f9Nj8uiG7xyDdAR2reff8oEiZH3617,17918.31088264,17939.819613740023,17904.347997810426,0.9992207477076928,7.161739199124171,0.9999474327634595,119369.00163306,64555.14777462,183827.73735380406
B2izdXFYb2sNwbWWHmh75T4aQFtfXsUxem9u2p61HGzf,4DYwgJtxwuJdAjkj5RJSNH4e7U329V5cNp7d3a1nLrZv,EXNW64GEf1ACC6xY9BtKRiunrs6GoJSXBdxWN2eTPmrF,9399.575076000003,9323.37271900001,9449.420770564731,1.0053029731835432,0.9449420770564733,1.0,10820.088887,28907.258126,39784.72565421132
HEDSDjj84KS7LKhZY7ejkCACTdPen62rKhCby1wXtgxc,EnnjMSFttpCTywBrYNt1J5QQeoSVkvzPipJDa8Y7kJow,6bjVT6JN2rSvpyn9PdfLYC8wJn4LWh49jpY47fnLDXZk,17.487118095998085,18.017537534993608,16.9433986390293,0.9689074292296788,0.00677735945561172,1.0,38843.326662321,9045.134621039,46680.72240015707
ionytDfEj1mXodptgrsKEZro7DGsfpzANUfarJdm6Qb,3gkSjY95an9xNFSjCfsay6JZez7uv7yfW3Ad4ubc4fMK,9wXqANaSuEqkKL9yHzCPEDGHwbkStVAqV5rB3QDs3Jr6,0.004832802000000025,0.019115724000000167,3.5550103940316515,735.6002571658498,0.0014220041576126607,2941.262978322892,3.169047114,0.079870823,2566.072966767175
ercAoEmXjQzEvAFbdjAo81KtMxRGn9AW1ju882upmPH,CMRhskR2Eg6V42RTSdRTXGdozyPbWB8U9dVpijPWb9T4,7TKLLgrWswt6ZJ1pXhVR3FyufHGjJFqiEXxvWJfDcgRm,1.167909610000038,1.0624445870000017,172.8033792185543,147.95954904296806,0.06912135168742173,133.94573322564096,52.27230251,378.174690441,58389.07250531675
Lid8SLUxQ9RmF7XMqUA8c24RitTwzja8VSKngJxRcUa,4PgzyzLtds9bKZ2to9PMnKqJzKEUpjvNUaeN23phegax,AtymwxoVN9peZo7EXTcDz9jKVc4vRmisJKKrNfe3ewBa,53.25055999999313,44.9998465069998,9327.252087310766,175.15782157618568,0.9327252087310767,147.8689496646702,967.578614012,7675.528022366,1304451.2290230507
GokA1R67GqSavkd15zR62QD68Tuc5AEfvjssntVDEbM8,3YB7hfpBdbQEuZqLGWVDpRPmeZWCUsrrWyqGXegnQ6Cg,4DPCj6Z1DsG6HUtwSogBGqXEUxdEV5a8YVrrFtcnz7UW,6671.536180000003,6671.133171999989,6671.823068391944,1.0000430018490796,0.6671823068391944,1.0,15262.031073,17159.788516,32422.47588455685
AUSejoEUCh2DBs9mof6BNC8Pubs22w4cJa1ccV9h44R,4xkyD7AfGQDwsQMy9MosRRNGoVJ1zosNinesxg1TzHG7,Cbm5gsQe3nSiCsFrvepVzMCD9xLK3ri9g3ypS2hdmVJ7,693.9640670000008,691.7383860000009,695.9119244766109,1.0028068563910386,0.06959119244766108,1.0,13449.482028,15429.550774,28916.78356658645
C98Sspw7XqnMsgxea3SLQVdbMDL8pKUc3RE82UvX9eq2,CSqgQJurPCzGxb4Cgwx5R61hWQUiaoUHcShNc8r1cKEL,6S2CR5EnukPhC914XkAns8m5GixjMAoUuZMsS5ubHuWc,61.07831599999997,61.03986099999986,0.0,0.0,0.0,1.0,854.222498,909.588128,909.588128
Cob4usZcpHEY7Qt4ZCwj6WVg9S44zvzYV2v9qYF65dTf,NhFM9UXE48PyNAyeyPYA3iXztqKVJwA4bTdLj4ysM8w,6TuFuynuBoeskxyR2cz4wxyidk8dpDK7kAWw3UkjQGx,6.517256000000003,770.6451919999963,0.05513332651095442,0.008459591967993032,2.205333060438177e-05,1.0,71659.289897,181.902451,788.1108042447454
AURHmCnNwiW4uA2Qj1XvEh4iKgRUZYXtiY7FKAapUV5Y,BKWm4TRnTeKwfWXRyuzjRHU7iZDkPuXBX5b5V5jSVfGJ,A5Ww74HVrkj9nPeC7pHKLfgeDMEhBCpW1efQdz3TGLEg,0.016351847000123598,0.014610317000006035,2.7064994663954622,165.51643776846765,0.001082599786558185,147.15256837149784,289.933381778,1795.281973216,312169.0938518447
BUSD5rCfUDpCxKGMvYU2yThChxgHoioK74PTPociGnv2,CcFHbafgYDZ8yA8Me1PdtDiVb2eeaS61LbqyKKK5CsNZ,26R9s4nmF3CFDTkiePDwRmtscn8i7r2eygbSijditJ58,67.17150520999999,67.07970105,67.01580404167976,0.9976820354429536,0.006701580404167976,0.9999474327634595,78.23014407,69.70309961,147.74824487942828
BSCuChvaSj9b5HUSqgDVRzcnr2sSn7cXaamt1jbKH6hn,GnKpRj5kBVPMJfiwZtEuD9GYApLzPdW5JFuZTcyX4BTc,3dmwD9okkomV9nDwyuh4UMhKdUR13QpuKxRo89ycZB5t,20.029277451000098,19.99299434699992,20.081192454198277,1.0025919558668646,0.00803247698167931,0.9974137062596686,1200.607906013,1801.395546435,3000.4564371281886
wrmcMSHFi3sWpAEy4rGDvQb3ezh3PhXoV2xNjgLBkKU,8p4mGnARWPBu6P2Gcw4adodLkNDorrXniZMhaY7eJXUn,AyY89zccbsgp9LKFgH4CFZMJmpSgqmPSdTfukhP227rc,0.009643469999999987,0.04737009999999495,3.010761785825784,312.2073056509522,0.0012043047143303137,2951.0712388597058,27.05947367,0.09817864,8737.897527617944
ALLwa5WNZbvQsRKAqe1jdRGemdYQnW8E5k4msbRFcYtu,CGoM82Hbz7QVqTgvQatYtjvDWBvoUJp5qm21P8iMs9yb,3dxNNww8TivyN5FMy5dCNdi3Zcxv6e4kUfSPxfFwpdNq,2.649148297999996,2.6108170469999994,7818.056066105934,2951.158329644385,3.127222426442374,2921.2944840117557,0.995782629,7.671179502,25348.486565145184
MATgk4zXLXtYkwBH678J1xZbRDZ45LicNzkRBHkxTuY,y8dALFo1bJrSzPYjMX14HJX448pXqYmrfXHD1K8MXih,GN7Yuet3UyiWS5YVkEHv6oQKi4HGBJc3XDPt9zQhAqZz,470.16448100000207,470.74902999999995,469.7459373698056,0.9991097931742817,0.18789837494792225,1.0,4766.433084,3300.083639,8062.273611734294
KZMu9QBEdL97EFgamLbN5DE1AoKBG4HdrKKJo4Vuon3,DD4ACBWyVqdaKWh7v5btsgqQCCMwbKnuL2xd9pv7Gyuw,GcYqiJ1MAuYbNTNYXm1F1gQYTfTgkErACAhNU5dpVj9T,22.127757350000024,23.057853090000208,21.083832296474732,0.9528228262352447,0.008433532918589892,0.9999474327634595,2381.25870688,718.40645002,2987.286336464895
Lee1XZJfJ9Hm2K1qTyeCz1LXNc1YBZaKZszvNY4KCDw,9DgFSWkPDGijNKcLGbr3p5xoJbHsPgXUTr6QvGBJ5vGN,2hNHZg7XBhuhHVZ3JDEi4buq2fPQwuWBdQ9xkH7t1GQX,2102.75979006791,1771.2271097819885,368275.1527680905,175.13895524709304,36.82751527680905,147.62415892980752,6712.72928045,53865.230301945,9127469.711919596
KEN5P7p3asnb23Sw6yAmJRGvijfAzso3RqfyLAQhznt,9zj4aX38Uxf3h6AUjS4EipWS8mwbEofasHAf3a1uKGds,CwQDG1MWunn9cLNwcZLd8YBacweSR7ARo32w4mLua1Yr,43253.42035199981,43251.21823900193,43211.980063119285,0.999041918799871,4.321198006311929,1.0,1159285.229969,1124039.244222,2282213.7848065794
YAkoNb6HKmSxQN9L8hiBE5tPJRsniSSMzND1boHmZxe,CfWX7o2TswwbxusJ4hCaPobu2jLCb1hfXuXJQjVq3jQF,EnTrdMMpdhugeH6Ban6gYZWXughWxKtVGfCwFn78ZmY3,4236027.921111022,4234498.661089016,4236027.921111022,1.0,423.60279211110225,0.993377154510876,435452.869609,1010935.455368,1439693.0556566205
MATSnbbiTCv7Dc3trJrkrqjx7ckKdr6fwPoVwv9q3sD,631WX9JizSHJm4w6VanZeJAst9T8DeUUnPLesdGkCVtK,211maUSfpnXbPuW1iBu8b4dtJv5EbN1j7JJiEX5TZKEP,412.2894639999977,412.07779299999675,412.1967197380567,0.999775050613612,0.16487868789522267,0.9939379723069002,21426.586141,24131.426664,45406.90753088402
BSCNHw8CmxbZ8hCWWzMf5FaG2ajPT6JxfznKUNuRVrn4,7n9kgNL633yGzCYksgnzHyjG73ZLBAwvEae5sbAekbzW,SscdxE99omdG9AiMVwmaEMQySQnCgeAh1sPj2Leutm2,18.621021291000034,18.572263378999196,18.68437153084081,1.0034020819186429,0.0074737486123363246,0.99993662101715,4638.044419749,7064.016068572,11717.391785226027
parEAJhzYzHW87y9VoZAQ22dzQ2MD2ekEtTReaxbMcz,3oyc6hpjYSJEquK6dSvG72NXyz3pqLZz5D8AC71pwgQb,Di2vordgFJVZ1aj1aBpvzXtLfZgJsuLLXawGtVFwX6Rz,5.324059009000024,6.291734533000181,766.6448957193097,143.99631830213366,0.3066579582877239,170.4163954205706,1103.519263657,139.751324532,182718.62812408333
BSCrK1Nx9PXU9mF7STWWBqeHLxmtJDr9h7jheEy4tAWX,FfSySSbVJPvEo5a5AvrP3nySoXpRE2QPn1uUMpJJ1x7v,HL7Vcj6838ZmvBHDbQxXfjBNckNi83WvPiZQoMQLFeRM,0.01167317000000001,0.011661935999999984,34.54183101884049,2959.0788979206554,0.013816732407536196,2938.410907381288,0.840246919,0.964044482,5319.11574816529
heyk4SZTeCUV6a65WiVA5bzic3KcxgVf1qxobfeV4tQ,9ZDpBKPqMABtGfq66FbVribaArMvtk63xxy91onZAtDt,DaTP4s6N7xxSPinbNZ3FB52EpRDRt87QShTuN3VPCW52,89.69246442900385,77.57475177000049,15373.205975075462,171.39908099240753,6.149282390030185,148.0865002865474,621.626274879,4497.560501099,772574.1666697557
DFWzVTzNBrQZLjoQ4yQwkj9HuoXmfkuZP9V5vbymZe23,DhgiEgiNdqZdRdo195UUHnoEJUtefK8buko8nU97XJUZ,2K2kkXsouBHtWVjtcgkyiXd8eP3oVBvq1bTJzcVdLLr2,7198.2533492229995,7237.788612549997,7188.3556735426755,0.998624989257791,2.8753422694170703,0.9999456149578938,35500.968973894,32435.29007537,67885.68084094959
Sid7E679i9ABqptiAVhkmQ27YHN8vaYT4fppPwmxFsJ,GP7KB8o1bv527HG8kTzzzf4wJ5aEGHvcMQvVhLziUfmT,9gYxhAZ1M9wu5pxr8SBoa5NDm21gi3s9vMHaYTME77sa,392.5595939999839,664.3591249999863,3.319696124363102,0.00845654054849883,0.0013278784497452408,0.02285257025371426,133139.850456,9680.824854,1347.1342740921723
JSoLLrxK5bYdHwTEWYaGgmeycBCNXKDiBCTw5hXGBg7,xG4wXczA7Dk4hccJ61CHKpDHW4NrNfQwgmWgkb9BuF2,BVR6WgfhsRr9Lob4QDnkEAiNGgAbv7ZieKcY9kSg3QYR,0.7812735750000002,0.6631429509999869,135.73328159553938,173.73335786448345,0.05429331263821575,148.14773113971975,17.064227529,164.673877381,27360.686859952297
C2ypsDADXcCRz8HbV2zX1AXPSja7a1P3xZtRC91xGhJh,J9bYNuDpY1d1T86gLaw7DGk5D3CsUAf2tzUwxMvb6FTv,A2NGvvPrMGzsJ4jb52KEnSBVmsA7C34dV1GC7PerdgvG,303.17587637199995,305.312146013001,44879.80542227307,148.0322443834716,17.95192216890923,148.15001374091378,3483.081783782,1924.696228244,800752.1864858686
BSC8REUo9LpiiWUuqMuLXs2D2yJsJfGd4HdiF3wCLxk5,AZjEH1zWVx1UJ6udMyRijGTzPteuLnaY18yNNmprJEsh,Caf8ypkSVR8xYnXNhjvfvdGCC7mrM3C11rz8Xi6NA6aK,1.037945862000015,1.036493120999694,1.040151960859729,1.0021254469433145,0.0004160607843438916,0.999943618179089,2552.461564891,3658.040291182,6215.720730731443
MARpDPs5A7XiyCWPNH8GsMWPLxmwNn9SBmKvPa9LzgA,6YjT74rmcfCpw8LSjPNx5JTmZoYLGrTKnf9arfSgZ4SR,F8GSmi3vA8M8TsybLya1LQ4n1aFHCRbZ6k437PeTdXtg,17767.109651999985,18703.63489399955,16793.490260648618,0.9452010253540722,6.717396104259448,1.0,296875.913973,15310.644632,295918.062922207
moFiBS1R4Lf3E3zzmBPnw3NF4RhWPkhREFviuzUaCAU,44ALBrpqi9PfZkBRTvbtRNtFJGsatfY4QydjtMbFWq8S,2ho8qEEie1UjVwWNBo9y4oAJZMyMLx8zPj9bxyUz6uWs,33.97630880199722,33.94177335199856,34.02248146008129,1.00135896628304,0.013608992584032517,1.0,27810.025541664,36611.653687085,64459.4721157906
WiiQFxXqp8P9Fs1rt9SVcDyA3KUdJmUsog6wnVQAwba,3S2jpqSYxho6wiz3cafhjXruVY8cg4HYa2v3BqBHYFSj,Dfe67M6TfrG74gKRtdqys4e6E9QirPD53BkF4FujFjuv,4273.585014720998,4253.372780771,4290.677081338886,1.0039994680248578,0.4290677081338886,0.9999426182928491,4684.298248582,22145.464011771,26847.226216886458
RoBgmK8CvjdHvPrqdDyVw54VwjZv2TqJ493xnqJAQHx,ExiHJxM7qPAcy27NDHAF6G7vnW7muNHi2sVJpnaNynGQ,6rkPHSqZb7StM4HwS9EuVrmfkV7tRdc7dnsFhyB6cefE,17.315924,25.780707000000334,0.0,0.0,0.0,0.9395696958706852,6205.402745,20.04423,18.832951085062064
KysFMBBoavfov2tLpvefWW6tPFt6rAeZWDJVy1mMQae,B8ka2V21TH3x64dFV8ETcjuQcwmrciJ2qzy1mJUttRew,7fSf7EYxBANyxzk2s5pymFgshA91tFYQNKKs5UnLWcYS,33.09647399999949,42.30376700000488,0.0,0.0,0.0,0.02284559630113347,134170.432508,2866.348515,65.48344103204342
SAMyS8Jr2HJrkFwYVKbpUwsNStnQmvz3f8Tup8bWUWF,6jPzm5TFfquvgm25sTyN3MMGBfufRaFHMxobDWv6hMFW,Cj9ECoDmxsHTDzCY5ZA6RWrPbg9uFzEC1Qc2kso2vJG6,914.6880655399914,84.08121011999344,871.5356677314634,0.9528228262352447,0.34861426709258536,0.022862242574292174,514.79748134,107461.8809012,2947.3303797620943
STK75uPSyBnEhGTTzb1nwmP3n427XoXmfRhXxxhyady,6TYyD5fUmDe6N65avW1Ny2RxzRNobw2RRgKwH9CTzSAU,54zDfk4cx2vGrEajPtodWpArNe5eUurytyxd4X3aZAxK,417.53352556000146,471.10430033200095,61447.8761581077,147.1687239382586,6.14478761581077,166.98162183571915,1512.720138115,265.077874111,266888.2257339102
FrnkTEL6yZ5Aycq2TrEgu29dCrwKG4LPUZydfiwqspkc,DjvZuMZ46fxKBoBpGMPcRcos4xdTtHFxwMh69DpA2ZFY,9rvDPJLAng4uVVqnnSoEXgNDFhBZQTny9AoQioYDZbQX,45.762497646999634,38.237568901,8124.515906120739,177.5365490055024,3.249806362448296,148.09014069155725,172.836815844,1438.855307871,243765.1368034536
HDSBGqAuMRr6X2AfmmbXQPpRgU6VEhtfNVVZ3wUTZXg,DCZ1d8kNLgDcdSd99y4udLgwq46mfDXNS9KXj96kQf5L,Fq8GGYQM5Pz3q7LmVMbrXHJgsxA5ev86kTq8yGgGuYsa,1.4012964999983524,1.3956648809999024,1.3940136208138272,0.9948027564583699,0.0005576054483255309,0.9999426202926198,13009.382219048,12392.836625112,25333.894819102297
KEVpg4SYCVrqFxKijQH6hm4QxsRdoE51ud64bEEFUC9,2bPenuBYfqzD8p5dFjCcggwkHDsc2RQDnx9AoyYGUBjA,AE6n6iLuX8oYu61vt5hoDYkjswpnxFxrhSehxrnQTnbx,506.7922005570008,505.29833475600026,507.93046154685715,1.0022460112618254,0.20317218461874284,1.0,1631.075555512,5894.697930378,7529.436899956568
BUSDTd9WiT6uBHJRgNvFXBsA7JrifsAtWzKfioN7ERcy,DyBxrn7gSc1EwnpWhDyhzvMHPtxpmBqRqotapLcKcfTM,Cds99GeBgoCpqBsoRWu1C6fF9LiUMd4pXQQD24s9LPff,78.01052783,77.87595599,77.79925306640276,0.9972917147278166,0.007779925306640276,0.9982480746290261,103.48577276,70.42978133,173.5118973749694
BUSDgu5JdqP1rndBvXvanbEufS94FNh1w5FJcAj6vawb,Bgzr8cWubt89JQFXndVjtdKmDbGzuPxNhvjH1EhWCwbo,Dxaf8xPBBQsasRKW5Aa4Sw2YrbfGofY9xZueyyF23FBW,1123.3875775800007,1125.3810762800013,1118.9390117509822,0.9960400435986647,0.4475756047003929,1.0,8664.43284798,6426.19650278,15056.318574439701
KwnjUuZhTMTSGAaavkLEmSyfobY16JNH4poL9oeeEvE,J63v6qEZmQpDqCD8bd4PXu2Pq5ZbyXrFcSa3Xt1HdAPQ,BnKQtTdLw9qPCDgZkWX3sURkBAoKCUYL1yahh6Mw7mRK,138.46462100000554,3342.3829679997443,3.1607615213344062,0.022827213901334985,0.00031607615213344065,1.0,276032.053299,608.003764,6909.046488280973
SoN9GaFpSXfpyR5dth3x7PHPVhvJMpQqqDJfCSmPv1t,9kZ9iS68ViMPtoeqtnhAKuF2iqVyfHPdZHoUNdwCELr,BBhm5fJLjw3HRzjtKB8uMEYjGhY6EDm9co3cqpjrSzB9,0.25869092800000026,0.25391955200000005,45.94942224612636,177.62285906727396,0.018379768898450544,173.3719721668636,0.87021508,1.35074197,388.75088974051107
vEnkoSUkpnbRrPgBz9DfcVxNz67zjwMYBZraAvDDNSf,DtfyjjsZ5yCjWKLKHvwsfXs5QVsmm1QkK6Sh9JZHoq1g,e5wrKCRv4GhHvEf1VD5Pq2KGaZDXP77nTL612Jyrxwy,607.9754220000002,607.8651290000005,605.2168436267494,0.9954626810995482,0.060521684362674945,0.9984334579045478,811.053827,1137.053167,1942.6457424905964
SoNcU2iwHMw6dGzsYNQkYFkUjwN1UdAjrWVRnStrZu2,8ivTTid27jZnYNc4w3CTA1Z6QS2twsFb8WMwUabeDJgc,CyXm53PMvHCbeXJBykU46Rcbo28xk5srhMZFg7gv6EYB,1.2260052760000058,1.2166172430000035,215.39704056984147,175.69014162206628,0.08615881622793659,172.90932738617465,15.272888227,19.418303999,6040.901779026974
SQDY9uoDoCbNq7F3HAHYYQZbrUzpKxDtdWLvYcqBLak,GiehZ4X2uQjhEKuxSm3ACmEFrabxh3RTvjbLfLjw1xGX,rxDQYV77NKRKYxCjq4cECX3QQsiSyLv1T1FT2X3zNA2,80.347238231,80.04246133600002,80.96672027549825,1.0077100602103737,0.0323866881101993,1.0,110.651474155,296.249308764,407.75391244710164
daob129AwBGn9Y5r91uLoWZeYiGzbPmksauMhFZKTze,6VW5GQNyj4LStgmxEHLr5zUfW92vQnmbw8jTnCH7a38F,4VPCCUifPeBA1c7HWK358CHn2nyjm8pdTRk6Ps3KmnMQ,8.496348937999919,7.593479821000031,1383.4439269045213,162.8280496716735,0.5533775707618086,147.8466067799201,48.605271654,223.763602471,40996.990933370995
