0,1,2,3,4,5,6,7,8,9,10,11
C2ypsDADXcCRz8HbV2zX1AXPSja7a1P3xZtRC91xGhJh,J9bYNuDpY1d1T86gLaw7DGk5D3CsUAf2tzUwxMvb6FTv,A2NGvvPrMGzsJ4jb52KEnSBVmsA7C34dV1GC7PerdgvG,345.59134512200035,348.235626116003,56183.14491436332,162.57104151300317,22.47325796574533,162.3016977569094,3948.36308449,2034.56184644,972102.3407856773
vEnkoSUkpnbRrPgBz9DfcVxNz67zjwMYBZraAvDDNSf,DtfyjjsZ5yCjWKLKHvwsfXs5QVsmm1QkK6Sh9JZHoq1g,e5wrKCRv4GhHvEf1VD5Pq2KGaZDXP77nTL612Jyrxwy,4669.0865490000015,4670.199831000001,4666.412694526038,0.9994273281409752,0.4666412694526038,0.9995452069308464,1021.881503,926.857589,1947.7323608124043
STK75uPSyBnEhGTTzb1nwmP3n427XoXmfRhXxxhyady,6TYyD5fUmDe6N65avW1Ny2RxzRNobw2RRgKwH9CTzSAU,54zDfk4cx2vGrEajPtodWpArNe5eUurytyxd4X3aZAxK,349.92778226300044,395.0005808389965,56972.19545544838,162.81129519641553,5.697219545544838,183.18759233799577,1514.833801095,264.609129721,295105.16254782863
YAkoNb6HKmSxQN9L8hiBE5tPJRsniSSMzND1boHmZxe,CfWX7o2TswwbxusJ4hCaPobu2jLCb1hfXuXJQjVq3jQF,EnTrdMMpdhugeH6Ban6gYZWXughWxKtVGfCwFn78ZmY3,8047721.097905005,8047925.756193965,8047721.097905005,1.0,804.7721097905006,0.9987525580549893,1057873.570657,401497.845587,1458870.5709905834
BUSDgu5JdqP1rndBvXvanbEufS94FNh1w5FJcAj6vawb,Bgzr8cWubt89JQFXndVjtdKmDbGzuPxNhvjH1EhWCwbo,Dxaf8xPBBQsasRKW5Aa4Sw2YrbfGofY9xZueyyF23FBW,10251.786993070004,10225.6886781,10330.520226534922,1.0076799521408453,4.132208090613969,1.0,4270.79229446,10847.13275418,15150.724529064944
SoN9GaFpSXfpyR5dth3x7PHPVhvJMpQqqDJfCSmPv1t,9kZ9iS68ViMPtoeqtnhAKuF2iqVyfHPdZHoUNdwCELr,BBhm5fJLjw3HRzjtKB8uMEYjGhY6EDm9co3cqpjrSzB9,0.21524354400000045,0.2106350760000002,42.09605816529617,195.57408033244465,0.01683842326611847,190.57038669590017,0.836368295,1.385446363,427.59700925717823
MAR3XM1n9xWPQ3HJjAcC85o8DopWFP5p2WxGTaZ3fPB,6qG7GUhER8Cg9gDEgnebph9LdS6eu2eoWcA4R7z9uizK,4QV4CwRXVMY227KkFF9voNAfwWHVvVajXSXDKbUHkWZR,0.0065689999999999915,0.27724600000000166,0.006149666538100027,0.9361647949611867,2.459866615240011e-06,0.02335091735246365,0.110752,24.329388,0.6717956517955623
BUSD5rCfUDpCxKGMvYU2yThChxgHoioK74PTPociGnv2,CcFHbafgYDZ8yA8Me1PdtDiVb2eeaS61LbqyKKK5CsNZ,26R9s4nmF3CFDTkiePDwRmtscn8i7r2eygbSijditJ58,81.53473073,81.46057812999999,81.41346374747886,0.9985126953699924,0.008141346374747886,1.0,95.69555806,52.32149332,147.8747229334262
Cob4usZcpHEY7Qt4ZCwj6WVg9S44zvzYV2v9qYF65dTf,NhFM9UXE48PyNAyeyPYA3iXztqKVJwA4bTdLj4ysM8w,6TuFuynuBoeskxyR2cz4wxyidk8dpDK7kAWw3UkjQGx,32.884359000000046,4208.201523999975,0.24653762697469483,0.007497109095989813,9.861505078987794e-05,1.0,73498.273841,167.187359,718.2119363529113
KEnkcdADoLR5jS2CLLLesy8TtFsyWL37BhXNfDMzWzP,3qsjFRuw1qeLMPo4DLwaQevenGAGBj9dA3Q6rb8ax2YR,77iEv8zPQAEyCcEbvBRSB6AFcUdfkhiqnAKtPxk76rNN,0.026922,3.4760960000000125,0.00020201481905735558,0.007503707713296025,8.080592762294224e-08,0.9996551189839505,122.847271,0.269876,1.1915929398509797
BSC8REUo9LpiiWUuqMuLXs2D2yJsJfGd4HdiF3wCLxk5,AZjEH1zWVx1UJ6udMyRijGTzPteuLnaY18yNNmprJEsh,Caf8ypkSVR8xYnXNhjvfvdGCC7mrM3C11rz8Xi6NA6aK,190.1011766239999,189.89718300000004,189.93721939734613,0.9991375265026473,0.07597488775893844,0.9999521922856868,3347.3268217,2863.49821497,6207.801158694709
wrmcMSHFi3sWpAEy4rGDvQb3ezh3PhXoV2xNjgLBkKU,8p4mGnARWPBu6P2Gcw4adodLkNDorrXniZMhaY7eJXUn,AyY89zccbsgp9LKFgH4CFZMJmpSgqmPSdTfukhP227rc,0.006953670000000009,0.06474691000000377,2.392043343653254,343.99724802201587,0.0009568173374613017,3015.8634417033595,27.02097135,0.10241685,9604.015017011152
RoBgmK8CvjdHvPrqdDyVw54VwjZv2TqJ493xnqJAQHx,ExiHJxM7qPAcy27NDHAF6G7vnW7muNHi2sVJpnaNynGQ,6rkPHSqZb7StM4HwS9EuVrmfkV7tRdc7dnsFhyB6cefE,21.887404999999497,9.488157999999999,0.0,0.0,0.0,0.9488494251870182,6229.892092,19.590011,18.587970676757365
MATgk4zXLXtYkwBH678J1xZbRDZ45LicNzkRBHkxTuY,y8dALFo1bJrSzPYjMX14HJX448pXqYmrfXHD1K8MXih,GN7Yuet3UyiWS5YVkEHv6oQKi4HGBJc3XDPt9zQhAqZz,6173.613696999999,6154.640728999999,6171.0527101252965,0.9995851721535562,2.4684210840501186,1.0,4517.577054,3554.207065,8069.910102239546
HEDSDjj84KS7LKhZY7ejkCACTdPen62rKhCby1wXtgxc,EnnjMSFttpCTywBrYNt1J5QQeoSVkvzPipJDa8Y7kJow,6bjVT6JN2rSvpyn9PdfLYC8wJn4LWh49jpY47fnLDXZk,76.77238045500053,79.2770368959973,72.906268015627,0.9496418840153119,0.02916250720625081,0.9999523602696521,38834.23143155,9054.010905408,45932.192275713685
C98Sspw7XqnMsgxea3SLQVdbMDL8pKUc3RE82UvX9eq2,CSqgQJurPCzGxb4Cgwx5R61hWQUiaoUHcShNc8r1cKEL,6S2CR5EnukPhC914XkAns8m5GixjMAoUuZMsS5ubHuWc,115.02872200000002,115.06142700000055,0.0,0.0,0.0,1.0,882.665076,881.194729,881.194729
ercAoEmXjQzEvAFbdjAo81KtMxRGn9AW1ju882upmPH,CMRhskR2Eg6V42RTSdRTXGdozyPbWB8U9dVpijPWb9T4,7TKLLgrWswt6ZJ1pXhVR3FyufHGjJFqiEXxvWJfDcgRm,26.550679628000076,23.415315431999993,4315.8454163887845,162.5512219219179,1.726338166555514,141.0387305047452,40.986754761,372.906814028,59256.75071609276
KysFMBBoavfov2tLpvefWW6tPFt6rAeZWDJVy1mMQae,B8ka2V21TH3x64dFV8ETcjuQcwmrciJ2qzy1mJUttRew,7fSf7EYxBANyxzk2s5pymFgshA91tFYQNKKs5UnLWcYS,24.154719999999998,30.814680000010412,0.0,0.0,0.0,0.02328379945598334,134145.943161,2885.542939,67.18640311330476
YakoMPuYrybnr9R7VC7hVGxMz94fJvPFCdZ4gmW61Ed,,,1.094166,1.087037,0.0,0.0,0.0,0.02328379945598334,134145.943161,2885.542939,67.18640311330476
ALLwa5WNZbvQsRKAqe1jdRGemdYQnW8E5k4msbRFcYtu,CGoM82Hbz7QVqTgvQatYtjvDWBvoUJp5qm21P8iMs9yb,3dxNNww8TivyN5FMy5dCNdi3Zcxv6e4kUfSPxfFwpdNq,3.103313471,3.0912745349999984,9322.339124034967,3003.9953137673106,3.728935649613987,3006.695911795569,1.864028192,6.803149007,26054.53226018114
KEVpg4SYCVrqFxKijQH6hm4QxsRdoE51ud64bEEFUC9,2bPenuBYfqzD8p5dFjCcggwkHDsc2RQDnx9AoyYGUBjA,AE6n6iLuX8oYu61vt5hoDYkjswpnxFxrhSehxrnQTnbx,90.35225694900123,90.49364769699991,90.598912306558,1.0027299302295902,0.0362395649226232,0.9999521982851132,1638.576118806,5887.253559788,7530.021456258081
MARpDPs5A7XiyCWPNH8GsMWPLxmwNn9SBmKvPa9LzgA,6YjT74rmcfCpw8LSjPNx5JTmZoYLGrTKnf9arfSgZ4SR,F8GSmi3vA8M8TsybLya1LQ4n1aFHCRbZ6k437PeTdXtg,18257.213772000054,19188.996077000324,17276.365402631076,0.9462761195865907,6.91054616105243,1.0,296922.778886,15281.388861,296252.3238821114
BUSDTd9WiT6uBHJRgNvFXBsA7JrifsAtWzKfioN7ERcy,DyBxrn7gSc1EwnpWhDyhzvMHPtxpmBqRqotapLcKcfTM,Cds99GeBgoCpqBsoRWu1C6fF9LiUMd4pXQQD24s9LPff,805.3185923299997,804.7780868999995,802.9467838840203,0.9970548197091575,0.08029467838840203,0.998661793197116,107.7976302,66.26502665,173.65649708467913
BSCNHw8CmxbZ8hCWWzMf5FaG2ajPT6JxfznKUNuRVrn4,7n9kgNL633yGzCYksgnzHyjG73ZLBAwvEae5sbAekbzW,SscdxE99omdG9AiMVwmaEMQySQnCgeAh1sPj2Leutm2,49.305229143999895,49.29969331400025,49.435381082817926,1.0026397187697458,0.019774152433127173,0.9999511693845455,4895.792957552,6809.048413768,11717.432397858134
Lee1XZJfJ9Hm2K1qTyeCz1LXNc1YBZaKZszvNY4KCDw,9DgFSWkPDGijNKcLGbr3p5xoJbHsPgXUTr6QvGBJ5vGN,2hNHZg7XBhuhHVZ3JDEi4buq2fPQwuWBdQ9xkH7t1GQX,3681.034622186293,3100.128096568961,709292.6721345775,192.68840011977508,70.92926721345775,162.4470767729758,6712.999573685,53883.010506556,10046654.692375658
KZMu9QBEdL97EFgamLbN5DE1AoKBG4HdrKKJo4Vuon3,DD4ACBWyVqdaKWh7v5btsgqQCCMwbKnuL2xd9pv7Gyuw,GcYqiJ1MAuYbNTNYXm1F1gQYTfTgkErACAhNU5dpVj9T,28.999178630000074,29.743780700000116,27.882818338956806,0.9615037272163158,0.011153127335582724,1.0,2376.78152737,722.73747788,3008.021775225143
BSCrK1Nx9PXU9mF7STWWBqeHLxmtJDr9h7jheEy4tAWX,FfSySSbVJPvEo5a5AvrP3nySoXpRE2QPn1uUMpJJ1x7v,HL7Vcj6838ZmvBHDbQxXfjBNckNi83WvPiZQoMQLFeRM,0.013419618000000022,0.013406565000000037,40.51193203945051,3018.8588109922684,0.016204772815780207,3014.7723846849563,0.840001184,0.964313887,5443.031852258147
JSoLLrxK5bYdHwTEWYaGgmeycBCNXKDiBCTw5hXGBg7,xG4wXczA7Dk4hccJ61CHKpDHW4NrNfQwgmWgkb9BuF2,BVR6WgfhsRr9Lob4QDnkEAiNGgAbv7ZieKcY9kSg3QYR,1.5885995040000012,1.353226207000013,302.2056307740775,190.233995423731,0.12088225230963101,162.20189724315168,17.05228143,164.689421321,29956.860221661747
Lid8SLUxQ9RmF7XMqUA8c24RitTwzja8VSKngJxRcUa,4PgzyzLtds9bKZ2to9PMnKqJzKEUpjvNUaeN23phegax,AtymwxoVN9peZo7EXTcDz9jKVc4vRmisJKKrNfe3ewBa,94.81080387299335,80.11027778999971,18190.4212392699,191.8602152518127,1.8190421239269898,161.77575421474373,966.682897531,7676.605739806,1427356.67216689
BkwbeSfcX1h4thMDd7obGkHrPevf3QwgzJ4pCEqG18Lu,35yX27bmurdebhfAb8EPmjLETDiUaEUCn9zHaDPbakH2,2CxECn1ZJFoESyUnQysQU8rRgT3iJ5GRs2Mdd6gZjx5g,0.030657409999999885,0.019059650000000095,69.90789893738287,2280.2937018287953,0.02796315957495315,1426.5335235378031,0.82116213,22.06247933,33345.357209824164
KwnjUuZhTMTSGAaavkLEmSyfobY16JNH4poL9oeeEvE,J63v6qEZmQpDqCD8bd4PXu2Pq5ZbyXrFcSa3Xt1HdAPQ,BnKQtTdLw9qPCDgZkWX3sURkBAoKCUYL1yahh6Mw7mRK,431.36605499997756,17087.347306999785,9.519940205479992,0.022069284532554346,0.0009519940205479992,1.0,275773.67388,614.063293,6700.190968445571
AURHmCnNwiW4uA2Qj1XvEh4iKgRUZYXtiY7FKAapUV5Y,BKWm4TRnTeKwfWXRyuzjRHU7iZDkPuXBX5b5V5jSVfGJ,A5Ww74HVrkj9nPeC7pHKLfgeDMEhBCpW1efQdz3TGLEg,0.19699692999989793,0.17612164100006567,35.58941138891521,180.65972596087488,0.014235764555566084,154.70088815326898,290.105188339,1795.089768752,330112.30536593235
WiiQFxXqp8P9Fs1rt9SVcDyA3KUdJmUsog6wnVQAwba,3S2jpqSYxho6wiz3cafhjXruVY8cg4HYa2v3BqBHYFSj,Dfe67M6TfrG74gKRtdqys4e6E9QirPD53BkF4FujFjuv,1868.5876989039994,1860.7527558740017,1878.5469583733845,1.0053298325121303,0.18785469583733846,0.9999516773351927,4059.018799377,22774.296441716,26853.848616764095
RajgMbScQbqqrdJfR2rxfHJiTiY5b6bJ2tTXiF4aPxy,725ZA3fhyBAKb5iopNRrcbSuQa3LXA1656Q3mBvYPxeg,GLA6i1dSZpUfk2f9Nj8uiG7xyDdAR2reff8oEiZH3617,3840.58512933999,3842.7869446000113,3840.5623548052263,0.9999940700351647,1.5362249419220906,1.0,103013.16429524,80921.49749615,183934.05092694814
GokA1R67GqSavkd15zR62QD68Tuc5AEfvjssntVDEbM8,3YB7hfpBdbQEuZqLGWVDpRPmeZWCUsrrWyqGXegnQ6Cg,4DPCj6Z1DsG6HUtwSogBGqXEUxdEV5a8YVrrFtcnz7UW,8499.958255000003,8498.254941999994,8502.832212287756,1.0003381142826275,0.8502832212287758,1.0,12463.443072,19960.105965,32427.763105113358
7dwD9TF6uikvHXxPFK9AsSim54yJoujQjY9vU6gNFumk,CquVr6atkvwueDYficKjn6SSEWq4F4rH4VSiBbW4GBWU,8BCa6ge3b7ho3TfZuM64Vk1hgbrJ3J7EPiAb9uP86CGd,0.0009194290000000003,0.0009245050000000004,0.17695861350736353,192.46577333036424,7.07834454029454e-05,193.08549265666906,0.003055642,0.00445825,1.4489298981873358
SAMGk1Nd4haC8zQA63DG37pzuEZy8j4q13tSFtCbcRE,9U9TnkHD3jXMAVZtynCVLgDruuqN4pTvLJTmVHCLWS8g,C6zoEbvqSknmi96QWq96UBiPCyNW3YSTvKhavR2BfifE,0.013138019999999972,0.025048999999995658,0.02199347127360381,1.6740324092674435,8.797388509441526e-06,0.0,53.66623292,1.12562712,89.83901319137539
AUSejoEUCh2DBs9mof6BNC8Pubs22w4cJa1ccV9h44R,4xkyD7AfGQDwsQMy9MosRRNGoVJ1zosNinesxg1TzHG7,Cbm5gsQe3nSiCsFrvepVzMCD9xLK3ri9g3ypS2hdmVJ7,339.1909659999983,338.6939509999993,340.27815470427845,1.0032052407441776,0.034027815470427845,1.0,13270.113232,15609.571444,28922.21858361106
MATSnbbiTCv7Dc3trJrkrqjx7ckKdr6fwPoVwv9q3sD,631WX9JizSHJm4w6VanZeJAst9T8DeUUnPLesdGkCVtK,211maUSfpnXbPuW1iBu8b4dtJv5EbN1j7JJiEX5TZKEP,5204.429717000006,5195.382586999996,5214.127995070838,1.001863466046847,2.085651198028335,0.9977739662812265,17699.863452,27866.25008,45537.06541428278
KEN5P7p3asnb23Sw6yAmJRGvijfAzso3RqfyLAQhznt,9zj4aX38Uxf3h6AUjS4EipWS8mwbEofasHAf3a1uKGds,CwQDG1MWunn9cLNwcZLd8YBacweSR7ARo32w4mLua1Yr,145327.13853100012,145341.05157500203,145075.28783132494,0.9982670084732904,14.507528783132496,1.0,1141020.945332,1072345.351435,2211388.9171369416
heyk4SZTeCUV6a65WiVA5bzic3KcxgVf1qxobfeV4tQ,9ZDpBKPqMABtGfq66FbVribaArMvtk63xxy91onZAtDt,DaTP4s6N7xxSPinbNZ3FB52EpRDRt87QShTuN3VPCW52,99.99221306099389,86.66486431699946,18683.456129509206,186.84911112140855,7.473382451803683,162.6957514607638,624.763372098,4494.009943911,847892.8056344703
parEAJhzYzHW87y9VoZAQ22dzQ2MD2ekEtTReaxbMcz,3oyc6hpjYSJEquK6dSvG72NXyz3pqLZz5D8AC71pwgQb,Di2vordgFJVZ1aj1aBpvzXtLfZgJsuLLXawGtVFwX6Rz,6.7504039069999635,7.9310661370002435,1073.9752712500283,159.09792747902813,0.42959010850001134,186.41653544496043,1102.107991878,140.951032925,201618.70059113041
SUiuyGR7SFq3xeRVJonq84fjjeFwRSsFekcevJ53tzy,49GjCCPsv7fBqo6t3iKDrP1xxGDS8uWZbVCdfnp2gjMf,CEwj5xEbbJEjYqM8D6Ai8ByGz1mrh8mkAVsE5fzDSSSx,0.1284940000000001,14.016129999999976,0.0009641247220565009,0.007503266472025932,3.8564988882260037e-07,0.9510277757172176,646.561999,1.65488,6.425163814661674
Sid7E679i9ABqptiAVhkmQ27YHN8vaYT4fppPwmxFsJ,GP7KB8o1bv527HG8kTzzzf4wJ5aEGHvcMQvVhLziUfmT,9gYxhAZ1M9wu5pxr8SBoa5NDm21gi3s9vMHaYTME77sa,3142.3749010000047,9162.827588000007,23.578389907402116,0.0075033662914946,0.009431355962960847,0.02335091735246365,136331.334678,8584.658709,1223.4035971103403
B2izdXFYb2sNwbWWHmh75T4aQFtfXsUxem9u2p61HGzf,4DYwgJtxwuJdAjkj5RJSNH4e7U329V5cNp7d3a1nLrZv,EXNW64GEf1ACC6xY9BtKRiunrs6GoJSXBdxWN2eTPmrF,11573.011546999991,11457.417773000012,11697.720950048459,1.0107758816745323,1.1697720950048458,1.0,9552.228166,30191.519012,39846.68085844495
daob129AwBGn9Y5r91uLoWZeYiGzbPmksauMhFZKTze,6VW5GQNyj4LStgmxEHLr5zUfW92vQnmbw8jTnCH7a38F,4VPCCUifPeBA1c7HWK358CHn2nyjm8pdTRk6Ps3KmnMQ,13.928103379000042,12.46664236899997,2529.0064388592614,181.57579463922886,1.0116025755437046,162.172067807385,48.135871425,224.300694731,45115.61657980542
SoNcU2iwHMw6dGzsYNQkYFkUjwN1UdAjrWVRnStrZu2,8ivTTid27jZnYNc4w3CTA1Z6QS2twsFb8WMwUabeDJgc,CyXm53PMvHCbeXJBykU46Rcbo28xk5srhMZFg7gv6EYB,2.1831557199999967,2.1650942069999974,420.91225983877234,192.7999253478689,0.16836490393550896,190.7847530167362,15.342985426,19.350987576,6649.999830063332
moFiBS1R4Lf3E3zzmBPnw3NF4RhWPkhREFviuzUaCAU,44ALBrpqi9PfZkBRTvbtRNtFJGsatfY4QydjtMbFWq8S,2ho8qEEie1UjVwWNBo9y4oAJZMyMLx8zPj9bxyUz6uWs,216.0505292930029,215.84019636499943,216.24233559594947,1.0008877844621544,0.0864969342383798,0.9999522022847308,28027.863964111,36393.60305909,64444.610194259076
SAMyS8Jr2HJrkFwYVKbpUwsNStnQmvz3f8Tup8bWUWF,6jPzm5TFfquvgm25sTyN3MMGBfufRaFHMxobDWv6hMFW,Cj9ECoDmxsHTDzCY5ZA6RWrPbg9uFzEC1Qc2kso2vJG6,250.679073649997,5.7407166300000085,241.02886364960546,0.9615037272163158,0.0964115454598422,0.022267606796563928,500.08505634,108083.89552655,2887.6033322222015
ACUSESXyNnwRLAg1dpSGMLSzUDdLjUMybY8rkXiAKhCP,AhFPQdu8GKBsxuhiH46UmCu1YpaLgNpoP325HnYtsgas,A8wxWpT3aFEr2XqZp1kDmbxbFfcBE95UUmdsNTDBJYbT,410.158327567,410.3216573709999,410.1383124072163,0.9999512013814215,0.16405532496288652,0.9878565842574082,1045.343746476,1840.979146512,2863.916106507695
FrnkTEL6yZ5Aycq2TrEgu29dCrwKG4LPUZydfiwqspkc,DjvZuMZ46fxKBoBpGMPcRcos4xdTtHFxwMh69DpA2ZFY,9rvDPJLAng4uVVqnnSoEXgNDFhBZQTny9AoQioYDZbQX,46.09666438900038,38.38817109100026,9016.224390945252,195.59385717932142,3.606489756378101,162.20268653065648,172.066194904,1439.818879734,267197.58116185723
