0,1,2,3,4,5,6,7,8,9,10,11
Cob4usZcpHEY7Qt4ZCwj6WVg9S44zvzYV2v9qYF65dTf,NhFM9UXE48PyNAyeyPYA3iXztqKVJwA4bTdLj4ysM8w,6TuFuynuBoeskxyR2cz4wxyidk8dpDK7kAWw3UkjQGx,122.42912900000559,602.36954900001,1.0366497277985998,0.008467345445204895,0.00041465989111943996,1.0,71766.1847,180.993165,788.6622421392782
iLiUBQ7Z7im6Ew3b4ewwPcehzWgEQRJ1iQz7g6D62NW,GpugBvKWM3TVhYcZjemSdtehBWgfvuGr6uAm9iPjXT6v,92fMXJ3xy8tEyMUWLHKRLyhPw2nECBo77GtDiBBbYrjX,29.380715665000025,30.0,28.76784500594011,0.9791403767679492,0.011507138002376046,0.9999625684011771,1849.781564545,1113.583762851,2924.737897677331
wrmcMSHFi3sWpAEy4rGDvQb3ezh3PhXoV2xNjgLBkKU,8p4mGnARWPBu6P2Gcw4adodLkNDorrXniZMhaY7eJXUn,AyY89zccbsgp9LKFgH4CFZMJmpSgqmPSdTfukhP227rc,0.004204359999999088,0.028184430000002716,1.2763691560410104,303.58227079538557,0.0005105476624164043,2892.9325657418926,27.06714468,0.09737187,8498.795499611826
AUSejoEUCh2DBs9mof6BNC8Pubs22w4cJa1ccV9h44R,4xkyD7AfGQDwsQMy9MosRRNGoVJ1zosNinesxg1TzHG7,Cbm5gsQe3nSiCsFrvepVzMCD9xLK3ri9g3ypS2hdmVJ7,167.81998799999928,167.35274199999913,168.3204045627644,1.0029818650848974,0.01683204045627644,1.0,13391.374968,15487.828263,28919.134504455847
BUSDTd9WiT6uBHJRgNvFXBsA7JrifsAtWzKfioN7ERcy,DyBxrn7gSc1EwnpWhDyhzvMHPtxpmBqRqotapLcKcfTM,Cds99GeBgoCpqBsoRWu1C6fF9LiUMd4pXQQD24s9LPff,413.46367390999995,413.79344734999995,413.4075497010525,0.9998642584282758,0.04134075497010525,0.9973715967100422,70.53848666,103.40744975,173.66456492382468
RoBgmK8CvjdHvPrqdDyVw54VwjZv2TqJ493xnqJAQHx,ExiHJxM7qPAcy27NDHAF6G7vnW7muNHi2sVJpnaNynGQ,6rkPHSqZb7StM4HwS9EuVrmfkV7tRdc7dnsFhyB6cefE,0.16230699999999842,8.640639999999621,0.0,0.0,0.0,0.9475188271990964,6214.043385,19.881923,18.838496363422742
GokA1R67GqSavkd15zR62QD68Tuc5AEfvjssntVDEbM8,3YB7hfpBdbQEuZqLGWVDpRPmeZWCUsrrWyqGXegnQ6Cg,4DPCj6Z1DsG6HUtwSogBGqXEUxdEV5a8YVrrFtcnz7UW,4661.359646000001,4661.004448999995,4661.737246716985,1.0000810065615315,0.46617372467169854,1.0,15293.520149,17128.363859,32423.122883480984
Lid8SLUxQ9RmF7XMqUA8c24RitTwzja8VSKngJxRcUa,4PgzyzLtds9bKZ2to9PMnKqJzKEUpjvNUaeN23phegax,AtymwxoVN9peZo7EXTcDz9jKVc4vRmisJKKrNfe3ewBa,63.60259602000224,53.75228401199979,11001.676652818078,172.97527681665989,1.1001676652818078,146.1443040549783,966.274487964,7677.075737885,1289102.4879270117
parEAJhzYzHW87y9VoZAQ22dzQ2MD2ekEtTReaxbMcz,3oyc6hpjYSJEquK6dSvG72NXyz3pqLZz5D8AC71pwgQb,Di2vordgFJVZ1aj1aBpvzXtLfZgJsuLLXawGtVFwX6Rz,3.2157832039999903,3.7960549069998706,459.1739172774392,142.7875849050677,0.18366956691097572,169.2110652530323,1104.428937339,138.982511726,181216.11952260465
KysFMBBoavfov2tLpvefWW6tPFt6rAeZWDJVy1mMQae,B8ka2V21TH3x64dFV8ETcjuQcwmrciJ2qzy1mJUttRew,7fSf7EYxBANyxzk2s5pymFgshA91tFYQNKKs5UnLWcYS,8.640639999997802,6.761000999999851,0.0,0.0,0.0,0.022782315318862992,134161.791868,2873.109516,65.45608693913783
MARpDPs5A7XiyCWPNH8GsMWPLxmwNn9SBmKvPa9LzgA,6YjT74rmcfCpw8LSjPNx5JTmZoYLGrTKnf9arfSgZ4SR,F8GSmi3vA8M8TsybLya1LQ4n1aFHCRbZ6k437PeTdXtg,16690.698888999985,17558.019562000292,15826.373171011532,0.9482151272552112,6.330549268404614,1.0,297205.822709,15001.179906,296816.2369070041
DFWzVTzNBrQZLjoQ4yQwkj9HuoXmfkuZP9V5vbymZe23,DhgiEgiNdqZdRdo195UUHnoEJUtefK8buko8nU97XJUZ,2K2kkXsouBHtWVjtcgkyiXd8eP3oVBvq1bTJzcVdLLr2,3599.9884072230016,3609.334681164004,3595.038384491242,0.998624989257791,1.4380153537964968,0.9999625684011771,35500.968973894,32435.29007537,67886.23073080026
B2izdXFYb2sNwbWWHmh75T4aQFtfXsUxem9u2p61HGzf,4DYwgJtxwuJdAjkj5RJSNH4e7U329V5cNp7d3a1nLrZv,EXNW64GEf1ACC6xY9BtKRiunrs6GoJSXBdxWN2eTPmrF,7822.468306999985,7751.767441000018,7840.619340773875,1.0023203716603937,0.7840619340773874,1.0,11261.711348,28461.939282,39749.78198585943
BSCNHw8CmxbZ8hCWWzMf5FaG2ajPT6JxfznKUNuRVrn4,7n9kgNL633yGzCYksgnzHyjG73ZLBAwvEae5sbAekbzW,SscdxE99omdG9AiMVwmaEMQySQnCgeAh1sPj2Leutm2,31.793422723999356,31.903025999999954,31.886418283124616,1.0029249936357139,0.012754567313249848,0.9999625684011771,4606.250997025,7095.919094572,11715.377734850972
JSoLLrxK5bYdHwTEWYaGgmeycBCNXKDiBCTw5hXGBg7,xG4wXczA7Dk4hccJ61CHKpDHW4NrNfQwgmWgkb9BuF2,BVR6WgfhsRr9Lob4QDnkEAiNGgAbv7ZieKcY9kSg3QYR,0.6237553979999895,0.5339826160000172,106.73722950367566,171.12032993368575,0.04269489180147027,145.98256705380757,17.098735344,164.63343103,26959.552118149433
KEVpg4SYCVrqFxKijQH6hm4QxsRdoE51ud64bEEFUC9,2bPenuBYfqzD8p5dFjCcggwkHDsc2RQDnx9AoyYGUBjA,AE6n6iLuX8oYu61vt5hoDYkjswpnxFxrhSehxrnQTnbx,74.3867276660003,74.22481265700003,74.57242620657411,1.002496393461581,0.029828970482629644,0.9999625684011771,1631.075555512,5894.697930378,7529.624644274013
RajgMbScQbqqrdJfR2rxfHJiTiY5b6bJ2tTXiF4aPxy,725ZA3fhyBAKb5iopNRrcbSuQa3LXA1656Q3mBvYPxeg,GLA6i1dSZpUfk2f9Nj8uiG7xyDdAR2reff8oEiZH3617,55288.585267659975,55302.04506834003,55284.641814159375,0.9999286750876061,22.11385672566375,0.9999943800315841,87784.85443963,96140.68819155,183918.74107649646
STK75uPSyBnEhGTTzb1nwmP3n427XoXmfRhXxxhyady,6TYyD5fUmDe6N65avW1Ny2RxzRNobw2RRgKwH9CTzSAU,54zDfk4cx2vGrEajPtodWpArNe5eUurytyxd4X3aZAxK,645.0170545879994,724.9674885479926,94193.79321489656,146.03302741361196,9.419379321489656,164.77097658110108,1514.861047381,264.896735521,264867.0386649433
BSC8REUo9LpiiWUuqMuLXs2D2yJsJfGd4HdiF3wCLxk5,AZjEH1zWVx1UJ6udMyRijGTzPteuLnaY18yNNmprJEsh,Caf8ypkSVR8xYnXNhjvfvdGCC7mrM3C11rz8Xi6NA6aK,261.0222797330007,260.3926806280001,261.4820876166478,1.0017615656568375,0.10459283504665912,0.9999625684011771,2614.558389077,3595.821931918,6214.851439897
KZMu9QBEdL97EFgamLbN5DE1AoKBG4HdrKKJo4Vuon3,DD4ACBWyVqdaKWh7v5btsgqQCCMwbKnuL2xd9pv7Gyuw,GcYqiJ1MAuYbNTNYXm1F1gQYTfTgkErACAhNU5dpVj9T,26.74258106000002,27.86910128999989,25.477863483576183,0.9527077220562107,0.010191145393430474,0.9999943800315841,2389.9032389,710.11853205,2986.993811873457
daob129AwBGn9Y5r91uLoWZeYiGzbPmksauMhFZKTze,6VW5GQNyj4LStgmxEHLr5zUfW92vQnmbw8jTnCH7a38F,4VPCCUifPeBA1c7HWK358CHn2nyjm8pdTRk6Ps3KmnMQ,13.232329876999984,11.826165432999964,2153.169993024174,162.72039867799438,0.8612679972096696,145.93407953319775,48.32217693,224.082778752,40564.3179514525
SRMuKizofcAMicegrfSv7xs9q76tH1w8aAF7oX9FEWu,72Hj2KWntXPfbie4UgKeTPnm1XVkomDfCnRPKbvfTtPi,6aqJQ5wedqpUt4fFEDUqUmXhrdxCu4bEJsQdVPCADLko,172.37514799999917,171.70607000000018,7.992580295282139,0.046367358566573515,0.003197032118112856,0.046352550266327855,16773.017773,5117.707529,1014.9393248105384
ercAoEmXjQzEvAFbdjAo81KtMxRGn9AW1ju882upmPH,CMRhskR2Eg6V42RTSdRTXGdozyPbWB8U9dVpijPWb9T4,7TKLLgrWswt6ZJ1pXhVR3FyufHGjJFqiEXxvWJfDcgRm,8.678185551000013,7.538385999999996,1264.837149650299,145.74903270010722,0.5059348598601195,129.50745852879786,44.747396509,369.713678375,54402.56862671452
BSCuChvaSj9b5HUSqgDVRzcnr2sSn7cXaamt1jbKH6hn,GnKpRj5kBVPMJfiwZtEuD9GYApLzPdW5JFuZTcyX4BTc,3dmwD9okkomV9nDwyuh4UMhKdUR13QpuKxRo89ycZB5t,101.44870145100003,101.17803382899979,101.67737600485985,1.0022540904968633,0.04067095040194394,0.9893300751396191,1200.607906013,1801.395546435,2985.4889761951167
KEN5P7p3asnb23Sw6yAmJRGvijfAzso3RqfyLAQhznt,9zj4aX38Uxf3h6AUjS4EipWS8mwbEofasHAf3a1uKGds,CwQDG1MWunn9cLNwcZLd8YBacweSR7ARo32w4mLua1Yr,113191.12139799958,113199.23409799999,113111.71697268475,0.9992984924582943,11.311171697268476,1.0,1156266.005933,1127156.27878,2282611.15538962
BSCrK1Nx9PXU9mF7STWWBqeHLxmtJDr9h7jheEy4tAWX,FfSySSbVJPvEo5a5AvrP3nySoXpRE2QPn1uUMpJJ1x7v,HL7Vcj6838ZmvBHDbQxXfjBNckNi83WvPiZQoMQLFeRM,0.012642623000000075,0.012630495999999991,36.79609471864417,2910.4794723882815,0.014718437887457669,2869.934565491907,0.840246919,0.964044869,5212.267101715217
SAMyS8Jr2HJrkFwYVKbpUwsNStnQmvz3f8Tup8bWUWF,6jPzm5TFfquvgm25sTyN3MMGBfufRaFHMxobDWv6hMFW,Cj9ECoDmxsHTDzCY5ZA6RWrPbg9uFzEC1Qc2kso2vJG6,416.6843195599955,109.07903626999217,396.9783689045455,0.9527077220562107,0.1587913475618182,0.022771165701742313,511.19804651,107611.2793822,2937.456600598689
YAkoNb6HKmSxQN9L8hiBE5tPJRsniSSMzND1boHmZxe,CfWX7o2TswwbxusJ4hCaPobu2jLCb1hfXuXJQjVq3jQF,EnTrdMMpdhugeH6Ban6gYZWXughWxKtVGfCwFn78ZmY3,5103154.201234015,5101594.932730981,5103154.201234015,1.0,510.3154201234015,0.9993644042389039,319877.843532,1127064.204911,1446225.6912118755
ionytDfEj1mXodptgrsKEZro7DGsfpzANUfarJdm6Qb,3gkSjY95an9xNFSjCfsay6JZez7uv7yfW3Ad4ubc4fMK,9wXqANaSuEqkKL9yHzCPEDGHwbkStVAqV5rB3QDs3Jr6,0.004832802000000025,0.019115724000000167,3.49834703026453,723.8755136801615,0.0013993388121058118,2896.8713789107765,3.169047114,0.079870823,2525.3711086821318
FrnkTEL6yZ5Aycq2TrEgu29dCrwKG4LPUZydfiwqspkc,DjvZuMZ46fxKBoBpGMPcRcos4xdTtHFxwMh69DpA2ZFY,9rvDPJLAng4uVVqnnSoEXgNDFhBZQTny9AoQioYDZbQX,54.37857467900031,45.38597472899997,9527.04041845097,175.19842097167145,3.810816167380388,145.74047236235978,172.374970846,1439.418500511,239981.35489884985
Lee1XZJfJ9Hm2K1qTyeCz1LXNc1YBZaKZszvNY4KCDw,9DgFSWkPDGijNKcLGbr3p5xoJbHsPgXUTr6QvGBJ5vGN,2hNHZg7XBhuhHVZ3JDEi4buq2fPQwuWBdQ9xkH7t1GQX,3007.4259813690296,2533.88852894103,514592.71680996846,171.10735891684936,51.45927168099685,145.64100831348006,6697.955666582,53888.223290153,8994404.680450834
C2ypsDADXcCRz8HbV2zX1AXPSja7a1P3xZtRC91xGhJh,J9bYNuDpY1d1T86gLaw7DGk5D3CsUAf2tzUwxMvb6FTv,A2NGvvPrMGzsJ4jb52KEnSBVmsA7C34dV1GC7PerdgvG,92.73384886600002,93.36522656100033,13510.506793581195,145.69121155646,5.4042027174324785,146.66965286079892,3489.742912011,1899.748256491,787060.2901738943
AURHmCnNwiW4uA2Qj1XvEh4iKgRUZYXtiY7FKAapUV5Y,BKWm4TRnTeKwfWXRyuzjRHU7iZDkPuXBX5b5V5jSVfGJ,A5Ww74HVrkj9nPeC7pHKLfgeDMEhBCpW1efQdz3TGLEg,0.0004612120001183939,0.000412230999984331,0.07522020339235495,163.09246804733138,3.0088081356941983e-05,146.08164473908138,289.933794009,1795.281512004,309543.6940784636
MATgk4zXLXtYkwBH678J1xZbRDZ45LicNzkRBHkxTuY,y8dALFo1bJrSzPYjMX14HJX448pXqYmrfXHD1K8MXih,GN7Yuet3UyiWS5YVkEHv6oQKi4HGBJc3XDPt9zQhAqZz,7873.132716999998,7848.714976000003,7886.121158548125,1.0016497170840373,3.15444846341925,1.0,3323.770698,4745.715401,8074.969380303914
SoN9GaFpSXfpyR5dth3x7PHPVhvJMpQqqDJfCSmPv1t,9kZ9iS68ViMPtoeqtnhAKuF2iqVyfHPdZHoUNdwCELr,BBhm5fJLjw3HRzjtKB8uMEYjGhY6EDm9co3cqpjrSzB9,0.3614382800000001,0.35500784200000035,63.384781687631374,175.36820307918507,0.02535391267505255,168.3987034647023,0.847764269,1.373678734,379.99661427190256
KwnjUuZhTMTSGAaavkLEmSyfobY16JNH4poL9oeeEvE,J63v6qEZmQpDqCD8bd4PXu2Pq5ZbyXrFcSa3Xt1HdAPQ,BnKQtTdLw9qPCDgZkWX3sURkBAoKCUYL1yahh6Mw7mRK,161.38049899998123,5297.52669300004,3.643286941732428,0.022575757072933897,0.0003643286941732428,1.0,276205.859824,604.034003,6839.590396507456
MATSnbbiTCv7Dc3trJrkrqjx7ckKdr6fwPoVwv9q3sD,631WX9JizSHJm4w6VanZeJAst9T8DeUUnPLesdGkCVtK,211maUSfpnXbPuW1iBu8b4dtJv5EbN1j7JJiEX5TZKEP,4229.487368000002,4225.478556000002,4227.9610740522685,0.999639130273971,1.6911844296209075,0.9984872917529943,18444.542997,27117.256439,45514.1228613705
HEDSDjj84KS7LKhZY7ejkCACTdPen62rKhCby1wXtgxc,EnnjMSFttpCTywBrYNt1J5QQeoSVkvzPipJDa8Y7kJow,6bjVT6JN2rSvpyn9PdfLYC8wJn4LWh49jpY47fnLDXZk,39.20050943800379,40.02793609700166,37.97601962360103,0.9687634208851467,0.015190407849440413,0.9999625684011771,38863.969837391,9025.158449616,46674.81299235366
BUSDgu5JdqP1rndBvXvanbEufS94FNh1w5FJcAj6vawb,Bgzr8cWubt89JQFXndVjtdKmDbGzuPxNhvjH1EhWCwbo,Dxaf8xPBBQsasRKW5Aa4Sw2YrbfGofY9xZueyyF23FBW,8668.798730589997,8691.04258876,8629.905644429793,0.995513439939151,3.4519622577719176,0.9978977188966233,8634.94261718,6458.33043965,15040.954642113398
WiiQFxXqp8P9Fs1rt9SVcDyA3KUdJmUsog6wnVQAwba,3S2jpqSYxho6wiz3cafhjXruVY8cg4HYa2v3BqBHYFSj,Dfe67M6TfrG74gKRtdqys4e6E9QirPD53BkF4FujFjuv,1624.2880487259945,1619.6452253440002,1631.7840731297752,1.0046149600187357,0.16317840731297753,0.9999625684011771,4374.552504817,22456.634668241,26850.534970227778
SoNcU2iwHMw6dGzsYNQkYFkUjwN1UdAjrWVRnStrZu2,8ivTTid27jZnYNc4w3CTA1Z6QS2twsFb8WMwUabeDJgc,CyXm53PMvHCbeXJBykU46Rcbo28xk5srhMZFg7gv6EYB,1.1567681819999933,1.1471513720000068,200.85943776216035,173.63845313836745,0.08034377510486415,167.69992178475647,15.102393087,19.590624002,5907.702287164227
Sid7E679i9ABqptiAVhkmQ27YHN8vaYT4fppPwmxFsJ,GP7KB8o1bv527HG8kTzzzf4wJ5aEGHvcMQvVhLziUfmT,9gYxhAZ1M9wu5pxr8SBoa5NDm21gi3s9vMHaYTME77sa,265.60780200000045,718.6677300000156,2.2489930124755872,0.008467345445204895,0.000899597204990235,0.022782315318862992,133032.955653,9720.432737,1347.8899547607068
vEnkoSUkpnbRrPgBz9DfcVxNz67zjwMYBZraAvDDNSf,DtfyjjsZ5yCjWKLKHvwsfXs5QVsmm1QkK6Sh9JZHoq1g,e5wrKCRv4GhHvEf1VD5Pq2KGaZDXP77nTL612Jyrxwy,1303.2114750000003,1302.9070240000005,1302.3805562051416,0.9993624067844716,0.13023805562051416,0.9971392076133573,746.600061,1201.597312,1944.2838254244134
heyk4SZTeCUV6a65WiVA5bzic3KcxgVf1qxobfeV4tQ,9ZDpBKPqMABtGfq66FbVribaArMvtk63xxy91onZAtDt,DaTP4s6N7xxSPinbNZ3FB52EpRDRt87QShTuN3VPCW52,83.15739151999912,72.23676515999978,12984.07909606976,156.13860486409226,5.193631638427904,146.12094196572997,617.048899203,4502.867873999,754308.4495504381
ALLwa5WNZbvQsRKAqe1jdRGemdYQnW8E5k4msbRFcYtu,CGoM82Hbz7QVqTgvQatYtjvDWBvoUJp5qm21P8iMs9yb,3dxNNww8TivyN5FMy5dCNdi3Zcxv6e4kUfSPxfFwpdNq,1.8275827069999973,1.8153187969999998,5303.797977247656,2902.0836960937954,2.1215191908990625,2867.030014937226,0.859725979,7.809818267,24885.980129458207
C98Sspw7XqnMsgxea3SLQVdbMDL8pKUc3RE82UvX9eq2,CSqgQJurPCzGxb4Cgwx5R61hWQUiaoUHcShNc8r1cKEL,6S2CR5EnukPhC914XkAns8m5GixjMAoUuZMsS5ubHuWc,22.843074,22.82868499999995,0.0,0.0,0.0,1.0,860.657763,903.155637,903.155637
BUSD5rCfUDpCxKGMvYU2yThChxgHoioK74PTPociGnv2,CcFHbafgYDZ8yA8Me1PdtDiVb2eeaS61LbqyKKK5CsNZ,26R9s4nmF3CFDTkiePDwRmtscn8i7r2eygbSijditJ58,94.64038320999998,95.18367687000001,94.46944641487904,0.998193828159575,0.009446944641487905,1.0,71.28852575,76.65249139,147.81225781224492
