0,1,2,3,4,5,6,7,8,9,10,11
daob129AwBGn9Y5r91uLoWZeYiGzbPmksauMhFZKTze,6VW5GQNyj4LStgmxEHLr5zUfW92vQnmbw8jTnCH7a38F,4VPCCUifPeBA1c7HWK358CHn2nyjm8pdTRk6Ps3KmnMQ,9.956407922999986,8.895233748000017,1628.5479369845139,163.5678197979872,0.6514191747938055,146.5699051238347,48.241192565,224.154879647,40745.0661352173
ALLwa5WNZbvQsRKAqe1jdRGemdYQnW8E5k4msbRFcYtu,CGoM82Hbz7QVqTgvQatYtjvDWBvoUJp5qm21P8iMs9yb,3dxNNww8TivyN5FMy5dCNdi3Zcxv6e4kUfSPxfFwpdNq,5.172396178000001,5.167921654000001,15581.383835401859,3012.4111338715506,6.232553534160743,3009.9086191743218,2.55748619,6.098352703,26059.684237003457
vEnkoSUkpnbRrPgBz9DfcVxNz67zjwMYBZraAvDDNSf,DtfyjjsZ5yCjWKLKHvwsfXs5QVsmm1QkK6Sh9JZHoq1g,e5wrKCRv4GhHvEf1VD5Pq2KGaZDXP77nTL612Jyrxwy,1853.3652470000002,1852.610366,1823.7691216931637,0.9840311426176016,0.18237691216931637,0.9976465517843407,940.817327,1006.803058,1930.2271484218772
SoN9GaFpSXfpyR5dth3x7PHPVhvJMpQqqDJfCSmPv1t,9kZ9iS68ViMPtoeqtnhAKuF2iqVyfHPdZHoUNdwCELr,BBhm5fJLjw3HRzjtKB8uMEYjGhY6EDm9co3cqpjrSzB9,0.5056072980000019,0.4957747650000004,89.04200358522768,176.1090157073392,0.03561680143409107,169.83923527506568,1.489002965,2.494578683,685.9041824056601
parEAJhzYzHW87y9VoZAQ22dzQ2MD2ekEtTReaxbMcz,3oyc6hpjYSJEquK6dSvG72NXyz3pqLZz5D8AC71pwgQb,Di2vordgFJVZ1aj1aBpvzXtLfZgJsuLLXawGtVFwX6Rz,4.833578250999977,5.7182573719999255,689.4701772423861,142.64177415556426,0.27578807089695445,168.03147431151623,1102.168439993,140.88916341,180889.07554117052
KysFMBBoavfov2tLpvefWW6tPFt6rAeZWDJVy1mMQae,B8ka2V21TH3x64dFV8ETcjuQcwmrciJ2qzy1mJUttRew,7fSf7EYxBANyxzk2s5pymFgshA91tFYQNKKs5UnLWcYS,38.61269599998877,43.13719999997784,0.0,0.0,0.0,0.02215282971385633,134519.714779,2599.041798,57.576130370288986
SEQV6QiTpvTzrceiaYg9Avnwf7oc8ZALpnQMz6TyT4A,3dFMPj4r9mMmPHF32mz1gNDX7f8ftidWof7S8YiYTs1j,Fc1ED3YPeQfXQosHbd8DTaBd2AV5gHQtwiSAL5C5pUhi,601.4944499700005,599.9999999999999,598.6504228480134,0.9952717317306436,0.23946016913920534,0.9984523987818882,4159.510217876,1470.150089824,5607.717821450935
Cob4usZcpHEY7Qt4ZCwj6WVg9S44zvzYV2v9qYF65dTf,NhFM9UXE48PyNAyeyPYA3iXztqKVJwA4bTdLj4ysM8w,6TuFuynuBoeskxyR2cz4wxyidk8dpDK7kAWw3UkjQGx,10.199956000000014,1152.5576639999636,0.0934229732460273,0.009159154534198693,3.736918929841092e-05,1.0,70812.570337,189.342515,837.9257896803974
ACUSESXyNnwRLAg1dpSGMLSzUDdLjUMybY8rkXiAKhCP,AhFPQdu8GKBsxuhiH46UmCu1YpaLgNpoP325HnYtsgas,A8wxWpT3aFEr2XqZp1kDmbxbFfcBE95UUmdsNTDBJYbT,0.0,0.002270671999667684,0.0,0.9999739136805139,0.0,0.987868993457072,1044.99877413,1840.979146512,2863.617730398384
BUSDTd9WiT6uBHJRgNvFXBsA7JrifsAtWzKfioN7ERcy,DyBxrn7gSc1EwnpWhDyhzvMHPtxpmBqRqotapLcKcfTM,Cds99GeBgoCpqBsoRWu1C6fF9LiUMd4pXQQD24s9LPff,273.70160447999996,274.28953743999995,273.1787021989728,0.9980895169320596,0.02731787021989728,0.9975260456294948,82.01310571,91.68923945,173.3188255155262
KZMu9QBEdL97EFgamLbN5DE1AoKBG4HdrKKJo4Vuon3,DD4ACBWyVqdaKWh7v5btsgqQCCMwbKnuL2xd9pv7Gyuw,GcYqiJ1MAuYbNTNYXm1F1gQYTfTgkErACAhNU5dpVj9T,20.476263119999885,21.37761357999989,19.651206243314032,0.9597066675764685,0.007860482497325613,0.9999507024303702,2391.85860078,708.18635259,3003.634087792661
BkwbeSfcX1h4thMDd7obGkHrPevf3QwgzJ4pCEqG18Lu,35yX27bmurdebhfAb8EPmjLETDiUaEUCn9zHaDPbakH2,2CxECn1ZJFoESyUnQysQU8rRgT3iJ5GRs2Mdd6gZjx5g,0.0655366400000007,0.04231706000000146,138.3475966308516,2110.996179096916,0.05533903865234064,1298.7012987012988,0.80135447,22.09435093,30385.618471025486
TETFuZgEmET6d9vYmz9iMFCxK1jKdKYxf3oPz8hSzJK,Eu1Ze6Z84LWNkq7SNoAHBJbXx5t1P95EwyqYohrfCRFV,ASMbv7WNu3qe4pkhREmvyEdwFNDZQ6B6iSrjkj4u8bdC,2.8916445189999536,2.8918440020000133,2.8826298177849154,0.9968825001981378,0.001153051927113966,0.9983357742643013,282.94803065,69.841897834,351.791605370706
GokA1R67GqSavkd15zR62QD68Tuc5AEfvjssntVDEbM8,3YB7hfpBdbQEuZqLGWVDpRPmeZWCUsrrWyqGXegnQ6Cg,4DPCj6Z1DsG6HUtwSogBGqXEUxdEV5a8YVrrFtcnz7UW,8092.511359999995,8093.591761000014,8092.956472605989,1.0000550030251665,0.809295647260599,1.0,16949.748651,15468.547875,32419.228813451617
MATgk4zXLXtYkwBH678J1xZbRDZ45LicNzkRBHkxTuY,y8dALFo1bJrSzPYjMX14HJX448pXqYmrfXHD1K8MXih,GN7Yuet3UyiWS5YVkEHv6oQKi4HGBJc3XDPt9zQhAqZz,208.50897900000018,208.03576199999952,208.97143278074398,1.002217908230915,0.0835885731122976,1.0,3055.774375,5009.080857,8071.632659138131
DFWzVTzNBrQZLjoQ4yQwkj9HuoXmfkuZP9V5vbymZe23,DhgiEgiNdqZdRdo195UUHnoEJUtefK8buko8nU97XJUZ,2K2kkXsouBHtWVjtcgkyiXd8eP3oVBvq1bTJzcVdLLr2,1827.325757448998,1850.3679549170047,1807.063036737771,0.9889112706759442,0.7228252146951084,0.9999726257493702,42740.270170219,25238.896999198,67504.54098637035
SAMyS8Jr2HJrkFwYVKbpUwsNStnQmvz3f8Tup8bWUWF,6jPzm5TFfquvgm25sTyN3MMGBfufRaFHMxobDWv6hMFW,Cj9ECoDmxsHTDzCY5ZA6RWrPbg9uFzEC1Qc2kso2vJG6,903.5406396900073,88.29239979998948,867.1434135224077,0.9597171122484464,0.3468573654089631,0.02217360709127636,499.34089427,108113.80208435,2876.4989696387534
BSC8REUo9LpiiWUuqMuLXs2D2yJsJfGd4HdiF3wCLxk5,AZjEH1zWVx1UJ6udMyRijGTzPteuLnaY18yNNmprJEsh,Caf8ypkSVR8xYnXNhjvfvdGCC7mrM3C11rz8Xi6NA6aK,840.4168248630003,839.8780652350006,842.5856724020186,1.0025806807703688,0.33703426896080746,0.9999732477157038,2676.047935876,3681.188104629,6364.043585762978
ZUCKWFa4LTL833dPhhpeeRWZcaAEoMeYJPi2iKn4F8N,7eEYpq6ShaJ9opZWMxitRFrdCHh6vfyHhGfoSvFht3N2,H8VggnHmuwd1wvwpT8eg9cUJFEfZ7HAaeYjgXrSm7A2u,0.0034936960000777617,0.0011889080001310504,0.003497697688021045,1.0011454024457749,1.3990790752084178e-06,0.9999722357708738,1849.447104349,1997.706962338,3849.2169631298234
B2izdXFYb2sNwbWWHmh75T4aQFtfXsUxem9u2p61HGzf,4DYwgJtxwuJdAjkj5RJSNH4e7U329V5cNp7d3a1nLrZv,EXNW64GEf1ACC6xY9BtKRiunrs6GoJSXBdxWN2eTPmrF,9792.96768300001,9707.91341700001,9855.689289639273,1.0064047598919523,0.9855689289639273,1.0,11502.920415,28422.70841,39999.30226831431
KEVpg4SYCVrqFxKijQH6hm4QxsRdoE51ud64bEEFUC9,2bPenuBYfqzD8p5dFjCcggwkHDsc2RQDnx9AoyYGUBjA,AE6n6iLuX8oYu61vt5hoDYkjswpnxFxrhSehxrnQTnbx,4.318241183999817,4.316154168000139,4.3213653972196795,1.000723492062333,0.001728546158887872,0.9987972593270881,3187.754018723,4456.342572498,7641.043081485843
ALBpShJ9NLpE739pcHDF2LNVk5J4VYPvvKuV6jMPitZi,D6d156U1bPiJpDYRLextvDRccgFk7QzkQbJg42ceKEu5,GNcM8U5g8RwTZffwwm3kSQqUNPSwv5d2fbN9sLxPJqt2,5780.403935999988,5786.236618000003,5764.787127671127,0.9972983188542238,2.3059148510684504,0.9961002674529219,54787.495013,45529.19493,99991.11991738828
Sid7E679i9ABqptiAVhkmQ27YHN8vaYT4fppPwmxFsJ,GP7KB8o1bv527HG8kTzzzf4wJ5aEGHvcMQvVhLziUfmT,9gYxhAZ1M9wu5pxr8SBoa5NDm21gi3s9vMHaYTME77sa,578.1161580000007,1057.2728279999756,5.295055229839234,0.009159154534198693,0.002118022091935694,0.02196748675761455,130531.837755,10697.470528,1430.5578157948082
HDSBGqAuMRr6X2AfmmbXQPpRgU6VEhtfNVVZ3wUTZXg,DCZ1d8kNLgDcdSd99y4udLgwq46mfDXNS9KXj96kQf5L,Fq8GGYQM5Pz3q7LmVMbrXHJgsxA5ev86kTq8yGgGuYsa,821.773803166001,827.423691385,816.4151439882385,0.9934791555083435,0.3265660575952954,0.999166384494586,13521.842706439,12881.253958105,26304.184817986017
wrmcMSHFi3sWpAEy4rGDvQb3ezh3PhXoV2xNjgLBkKU,8p4mGnARWPBu6P2Gcw4adodLkNDorrXniZMhaY7eJXUn,AyY89zccbsgp9LKFgH4CFZMJmpSgqmPSdTfukhP227rc,0.0031439500000000065,0.030236219999999037,0.9871114599686048,313.9717425431711,0.00039484458398744194,2982.848620432513,27.06621291,0.09746163,8788.739319987779
SAMGk1Nd4haC8zQA63DG37pzuEZy8j4q13tSFtCbcRE,9U9TnkHD3jXMAVZtynCVLgDruuqN4pTvLJTmVHCLWS8g,C6zoEbvqSknmi96QWq96UBiPCyNW3YSTvKhavR2BfifE,0.3639268299999969,0.17699848000000007,0.6773151153528273,1.8611299292026176,0.00027092604614113096,0.0,53.64118392,1.13876514,99.8332128313742
STK75uPSyBnEhGTTzb1nwmP3n427XoXmfRhXxxhyady,6TYyD5fUmDe6N65avW1Ny2RxzRNobw2RRgKwH9CTzSAU,54zDfk4cx2vGrEajPtodWpArNe5eUurytyxd4X3aZAxK,469.6435054030004,528.5403626289996,68510.53790275942,145.8777500691096,6.851053790275942,164.40259631156198,1799.339202907,316.389524894,314498.8138695734
ercAoEmXjQzEvAFbdjAo81KtMxRGn9AW1ju882upmPH,CMRhskR2Eg6V42RTSdRTXGdozyPbWB8U9dVpijPWb9T4,7TKLLgrWswt6ZJ1pXhVR3FyufHGjJFqiEXxvWJfDcgRm,0.20633164299999862,0.20996235699999488,30.08871426273592,145.82695036619333,0.012035485705094369,143.34619913252615,301.025897385,788.095432976,156868.17346771332
JSoLLrxK5bYdHwTEWYaGgmeycBCNXKDiBCTw5hXGBg7,xG4wXczA7Dk4hccJ61CHKpDHW4NrNfQwgmWgkb9BuF2,BVR6WgfhsRr9Lob4QDnkEAiNGgAbv7ZieKcY9kSg3QYR,0.7827427079999758,0.6722836260000093,132.9404229438499,169.83923527506568,0.05317616917753997,145.8937971939079,17.174786973,164.540777418,26922.43149625611
moFiBS1R4Lf3E3zzmBPnw3NF4RhWPkhREFviuzUaCAU,44ALBrpqi9PfZkBRTvbtRNtFJGsatfY4QydjtMbFWq8S,2ho8qEEie1UjVwWNBo9y4oAJZMyMLx8zPj9bxyUz6uWs,18604.458365578997,18495.635550586998,18648.113954661025,1.0023465122297135,7.459245581864409,0.9998374544253591,26255.585201875,38168.095701172,64479.08589977279
YAkoNb6HKmSxQN9L8hiBE5tPJRsniSSMzND1boHmZxe,CfWX7o2TswwbxusJ4hCaPobu2jLCb1hfXuXJQjVq3jQF,EnTrdMMpdhugeH6Ban6gYZWXughWxKtVGfCwFn78ZmY3,4226564.022785983,4225132.538191994,4226564.022785983,1.0,422.6564022785983,0.9984444235880499,323436.613165,1128074.210664,1449756.0181959616
HEDSDjj84KS7LKhZY7ejkCACTdPen62rKhCby1wXtgxc,EnnjMSFttpCTywBrYNt1J5QQeoSVkvzPipJDa8Y7kJow,6bjVT6JN2rSvpyn9PdfLYC8wJn4LWh49jpY47fnLDXZk,10.121702828999332,10.453398436002317,9.78603333269477,0.9668366576281169,0.0039144133330779075,0.9999722547698192,39082.589024005,9085.498719398,46871.726383567046
BSCuChvaSj9b5HUSqgDVRzcnr2sSn7cXaamt1jbKH6hn,GnKpRj5kBVPMJfiwZtEuD9GYApLzPdW5JFuZTcyX4BTc,3dmwD9okkomV9nDwyuh4UMhKdUR13QpuKxRo89ycZB5t,242.57808947500007,242.1595334110002,243.1062679873799,1.0021773545728014,0.09724250719495196,0.9952665124667084,1304.258617512,1809.020487692,3107.5559627429966
Lee1XZJfJ9Hm2K1qTyeCz1LXNc1YBZaKZszvNY4KCDw,9DgFSWkPDGijNKcLGbr3p5xoJbHsPgXUTr6QvGBJ5vGN,2hNHZg7XBhuhHVZ3JDEi4buq2fPQwuWBdQ9xkH7t1GQX,865.190198240085,729.3690102539986,150032.03706521474,173.40931204537497,15.003203706521473,145.93870107550984,6710.7586065,53861.534084267,9024190.35544797
heyk4SZTeCUV6a65WiVA5bzic3KcxgVf1qxobfeV4tQ,9ZDpBKPqMABtGfq66FbVribaArMvtk63xxy91onZAtDt,DaTP4s6N7xxSPinbNZ3FB52EpRDRt87QShTuN3VPCW52,83.21049429600237,72.13336612299918,13864.106289628702,166.61487720900087,5.5456425158514815,145.81506392094957,627.43147364,4490.747832162,759358.1001371589
Lid8SLUxQ9RmF7XMqUA8c24RitTwzja8VSKngJxRcUa,4PgzyzLtds9bKZ2to9PMnKqJzKEUpjvNUaeN23phegax,AtymwxoVN9peZo7EXTcDz9jKVc4vRmisJKKrNfe3ewBa,70.19125348300349,59.36524647999897,12116.938100280242,172.62746423547352,1.2116938100280243,145.2250792674789,969.055649463,7673.752010146,1281706.863422286
BSCNHw8CmxbZ8hCWWzMf5FaG2ajPT6JxfznKUNuRVrn4,7n9kgNL633yGzCYksgnzHyjG73ZLBAwvEae5sbAekbzW,SscdxE99omdG9AiMVwmaEMQySQnCgeAh1sPj2Leutm2,117.07505601999992,116.40751077800041,117.7851133283953,1.006064975175191,0.04711404533135813,0.9929684222110391,3861.231872152,7843.844355905,11673.33990175421
AURHmCnNwiW4uA2Qj1XvEh4iKgRUZYXtiY7FKAapUV5Y,BKWm4TRnTeKwfWXRyuzjRHU7iZDkPuXBX5b5V5jSVfGJ,A5Ww74HVrkj9nPeC7pHKLfgeDMEhBCpW1efQdz3TGLEg,0.008318510999856699,0.009131079000098907,1.3524743247850488,162.58610763492982,0.0005409897299140196,145.79144562861117,289.928185222,1795.287611452,308875.8713216274
SHRJZYZxBfNz1SL5puXfaymPnndnJTY6MJrTrzpsYMc,BKJWe131yeNE594dMwrLyT25RPsytUgcTdMpph8rbuda,EreMRai79gFEuXwrMnj6kpV4pvVAUqukjSuy87XQTT8K,0.00363,0.003712,0.0034325754244620647,0.9456130645901004,1.3730301697848259e-06,1.0000550030251665,0.01736,0.003106,0.01952201364068031
C2ypsDADXcCRz8HbV2zX1AXPSja7a1P3xZtRC91xGhJh,J9bYNuDpY1d1T86gLaw7DGk5D3CsUAf2tzUwxMvb6FTv,A2NGvvPrMGzsJ4jb52KEnSBVmsA7C34dV1GC7PerdgvG,1104.6013648149938,1111.2323710060045,161332.33599542466,146.05480414415902,64.53293439816987,146.53283529753273,3887.359226092,2223.598968247,893597.751786758
RoBgmK8CvjdHvPrqdDyVw54VwjZv2TqJ493xnqJAQHx,ExiHJxM7qPAcy27NDHAF6G7vnW7muNHi2sVJpnaNynGQ,6rkPHSqZb7StM4HwS9EuVrmfkV7tRdc7dnsFhyB6cefE,0.777269000000004,46.71860799999922,0.0,0.0,0.0,0.9457812010853786,6260.087367,19.05262,18.019609827423306
SRMuKizofcAMicegrfSv7xs9q76tH1w8aAF7oX9FEWu,72Hj2KWntXPfbie4UgKeTPnm1XVkomDfCnRPKbvfTtPi,6aqJQ5wedqpUt4fFEDUqUmXhrdxCu4bEJsQdVPCADLko,19.43963900000017,19.534013000000414,0.8348169359330593,0.04294405549059074,0.0003339267743732237,0.0425158969064328,16948.215891,4942.905868,937.9771999917056
AUSejoEUCh2DBs9mof6BNC8Pubs22w4cJa1ccV9h44R,4xkyD7AfGQDwsQMy9MosRRNGoVJ1zosNinesxg1TzHG7,Cbm5gsQe3nSiCsFrvepVzMCD9xLK3ri9g3ypS2hdmVJ7,106.44783599999937,106.37260099999912,106.54116606146921,1.0008767680488106,0.010654116606146923,1.0,14153.437455,14724.050916,28889.897652741383
SERgf3DMJpQxUifu7VoFKmfne73d2fDJxSrxUMrcNJB,AJfM2GZ2tTB8UtN2krcyR9xufRJEx2mhSCbJyMgPo3GU,F4yRYkufQvERZcEKnKjJwRLU1btiMBUuEwq46hfm11QD,1.440003960999995,1.4402554640000034,207.47453199493344,144.0791397899038,0.08298981279797339,144.17739586787584,29.110083793,28.135347757,8250.637003548802
KwnjUuZhTMTSGAaavkLEmSyfobY16JNH4poL9oeeEvE,J63v6qEZmQpDqCD8bd4PXu2Pq5ZbyXrFcSa3Xt1HdAPQ,BnKQtTdLw9qPCDgZkWX3sURkBAoKCUYL1yahh6Mw7mRK,133.17643799999985,6280.62779599987,2.9588102074439564,0.0222172198917346,0.00029588102074439563,1.0,276513.456929,597.033431,6740.393706615277
BUSDgu5JdqP1rndBvXvanbEufS94FNh1w5FJcAj6vawb,Bgzr8cWubt89JQFXndVjtdKmDbGzuPxNhvjH1EhWCwbo,Dxaf8xPBBQsasRKW5Aa4Sw2YrbfGofY9xZueyyF23FBW,9789.35184398,9816.467394640002,9764.255851233716,0.9974363989418038,3.905702340493487,0.9999507024303702,8689.57015509,6389.5255064,15056.504082166586
C98Sspw7XqnMsgxea3SLQVdbMDL8pKUc3RE82UvX9eq2,CSqgQJurPCzGxb4Cgwx5R61hWQUiaoUHcShNc8r1cKEL,6S2CR5EnukPhC914XkAns8m5GixjMAoUuZMsS5ubHuWc,40.087927000000036,40.07082400000013,0.0,0.0,0.0,1.0,865.484938,898.239642,898.239642
MAR3XM1n9xWPQ3HJjAcC85o8DopWFP5p2WxGTaZ3fPB,6qG7GUhER8Cg9gDEgnebph9LdS6eu2eoWcA4R7z9uizK,4QV4CwRXVMY227KkFF9voNAfwWHVvVajXSXDKbUHkWZR,0.003711999999999993,0.1652930000000019,0.0035149251752727975,0.9469087217868546,1.405970070109119e-06,0.022069156438274732,0.108506,24.430071,0.6418963364633633
MATSnbbiTCv7Dc3trJrkrqjx7ckKdr6fwPoVwv9q3sD,631WX9JizSHJm4w6VanZeJAst9T8DeUUnPLesdGkCVtK,211maUSfpnXbPuW1iBu8b4dtJv5EbN1j7JJiEX5TZKEP,23.22744000000239,23.248891000002914,23.20500076426335,0.9990339341856426,0.009282000305705338,0.9977311593436524,20289.506508,25265.970447,45478.55149540021
RajgMbScQbqqrdJfR2rxfHJiTiY5b6bJ2tTXiF4aPxy,725ZA3fhyBAKb5iopNRrcbSuQa3LXA1656Q3mBvYPxeg,GLA6i1dSZpUfk2f9Nj8uiG7xyDdAR2reff8oEiZH3617,5237.685522789972,5238.372786250024,5226.187179329243,0.9978046899893668,2.090474871731697,0.9999507024303702,129681.84482706,54242.08721471,183636.56618655243
FrnkTEL6yZ5Aycq2TrEgu29dCrwKG4LPUZydfiwqspkc,DjvZuMZ46fxKBoBpGMPcRcos4xdTtHFxwMh69DpA2ZFY,9rvDPJLAng4uVVqnnSoEXgNDFhBZQTny9AoQioYDZbQX,29.591008706000224,24.679648571999934,5188.639582271804,175.34514060751482,2.075455832908722,145.62052107682297,172.557462242,1439.136830443,239824.96762965652
MARpDPs5A7XiyCWPNH8GsMWPLxmwNn9SBmKvPa9LzgA,6YjT74rmcfCpw8LSjPNx5JTmZoYLGrTKnf9arfSgZ4SR,F8GSmi3vA8M8TsybLya1LQ4n1aFHCRbZ6k437PeTdXtg,14928.656004999984,15730.214299999876,14138.578121019304,0.9470764224377557,5.655431248407722,1.0,297092.967874,15075.164342,296444.909487523
WiiQFxXqp8P9Fs1rt9SVcDyA3KUdJmUsog6wnVQAwba,3S2jpqSYxho6wiz3cafhjXruVY8cg4HYa2v3BqBHYFSj,Dfe67M6TfrG74gKRtdqys4e6E9QirPD53BkF4FujFjuv,422.183693793002,423.4522738549995,421.0084298157919,0.9972162260303062,0.04210084298157919,0.9988742966361713,21408.1807577,5415.17547087,26757.664810994935
SoNcU2iwHMw6dGzsYNQkYFkUjwN1UdAjrWVRnStrZu2,8ivTTid27jZnYNc4w3CTA1Z6QS2twsFb8WMwUabeDJgc,CyXm53PMvHCbeXJBykU46Rcbo28xk5srhMZFg7gv6EYB,1.4504683359999966,1.4389861669999995,251.5433420113773,173.4221532233282,0.10061733680455093,170.16868140713163,15.157608272,19.531432613,5952.303197992428
KEN5P7p3asnb23Sw6yAmJRGvijfAzso3RqfyLAQhznt,9zj4aX38Uxf3h6AUjS4EipWS8mwbEofasHAf3a1uKGds,CwQDG1MWunn9cLNwcZLd8YBacweSR7ARo32w4mLua1Yr,24244.300284001045,24245.058035999537,24210.599130012066,0.998609934970521,2.4210599130012067,1.0,1149706.450434,1139922.961431,2288031.2451340854
