0,1,2,3,4,5,6,7,8,9,10,11
SoN9GaFpSXfpyR5dth3x7PHPVhvJMpQqqDJfCSmPv1t,9kZ9iS68ViMPtoeqtnhAKuF2iqVyfHPdZHoUNdwCELr,BBhm5fJLjw3HRzjtKB8uMEYjGhY6EDm9co3cqpjrSzB9,0.3700106779999994,0.3629439540000001,63.97854083338453,172.90998513665767,0.025591416333353812,168.9186621168988,1.544411312,2.438250313,678.9101177808757
NorjjEePhxfwLF4vZjUHCrVVKLzQjEEGQFd3wgjEJmh,34M8pFVqgbV7aqHxvRT5tCv3vu2P1JJYT8J3VaxBK2oG,3AZWBSze3ucsY3xSeuLne3b2pauVqiaJ1SZSV5T9WGWw,0.001172000000224216,0.001172000000224216,0.000678434298804124,0.5788688555241744,2.7137371952164965e-07,1.0,38235.101644,2193.763475,24326.873004512763
KEVpg4SYCVrqFxKijQH6hm4QxsRdoE51ud64bEEFUC9,2bPenuBYfqzD8p5dFjCcggwkHDsc2RQDnx9AoyYGUBjA,AE6n6iLuX8oYu61vt5hoDYkjswpnxFxrhSehxrnQTnbx,204.0379559840003,204.06556999299983,204.35106329623596,1.0015345542486234,0.08174042531849439,1.0,2069.252314785,5576.201271498,7648.628966214128
BUSDTd9WiT6uBHJRgNvFXBsA7JrifsAtWzKfioN7ERcy,DyBxrn7gSc1EwnpWhDyhzvMHPtxpmBqRqotapLcKcfTM,Cds99GeBgoCpqBsoRWu1C6fF9LiUMd4pXQQD24s9LPff,499.78060434000014,496.87871171999996,497.89733257440406,0.9962318030166795,0.049789733257440405,0.9990311695427125,102.92520303,70.90421303,173.37287945930123
RajgMbScQbqqrdJfR2rxfHJiTiY5b6bJ2tTXiF4aPxy,725ZA3fhyBAKb5iopNRrcbSuQa3LXA1656Q3mBvYPxeg,GLA6i1dSZpUfk2f9Nj8uiG7xyDdAR2reff8oEiZH3617,1910.657096050003,1914.1243943699956,1907.1949079178128,0.9981879594515689,0.7628779631671251,1.0,130398.98713483,53527.16313794,183689.86202060734
YAkoNb6HKmSxQN9L8hiBE5tPJRsniSSMzND1boHmZxe,CfWX7o2TswwbxusJ4hCaPobu2jLCb1hfXuXJQjVq3jQF,EnTrdMMpdhugeH6Ban6gYZWXughWxKtVGfCwFn78ZmY3,4891837.838854019,4890774.860973012,4891837.838854019,1.0,489.1837838854019,0.9985540936723625,344007.381839,1103531.31821,1445943.097133254
MATgk4zXLXtYkwBH678J1xZbRDZ45LicNzkRBHkxTuY,y8dALFo1bJrSzPYjMX14HJX448pXqYmrfXHD1K8MXih,GN7Yuet3UyiWS5YVkEHv6oQKi4HGBJc3XDPt9zQhAqZz,583.5132050000016,583.5697730000006,583.5709785268757,1.0000990098019704,0.2334283914107503,1.0,4215.099691,3849.482866,8064.999893185692
SEQV6QiTpvTzrceiaYg9Avnwf7oc8ZALpnQMz6TyT4A,3dFMPj4r9mMmPHF32mz1gNDX7f8ftidWof7S8YiYTs1j,Fc1ED3YPeQfXQosHbd8DTaBd2AV5gHQtwiSAL5C5pUhi,244.7817633369998,245.13841288999947,244.30941258699113,0.9980703188686554,0.09772376503479646,0.9984344547749129,3996.774064077,1550.465642487,5537.099882983046
AURHmCnNwiW4uA2Qj1XvEh4iKgRUZYXtiY7FKAapUV5Y,BKWm4TRnTeKwfWXRyuzjRHU7iZDkPuXBX5b5V5jSVfGJ,A5Ww74HVrkj9nPeC7pHKLfgeDMEhBCpW1efQdz3TGLEg,0.011108584000055544,0.01016100799989772,1.7751742121809007,159.8020244679272,0.0007100696848723602,144.2184413274673,289.932089195,1795.283252581,305244.68724011426
ALBpShJ9NLpE739pcHDF2LNVk5J4VYPvvKuV6jMPitZi,D6d156U1bPiJpDYRLextvDRccgFk7QzkQbJg42ceKEu5,GNcM8U5g8RwTZffwwm3kSQqUNPSwv5d2fbN9sLxPJqt2,877.1849159999983,877.4065320000009,875.9839420154951,0.9986308770675404,0.35039357680619804,0.9983726525763006,53016.094461,47299.532796,100166.06893344625
daob129AwBGn9Y5r91uLoWZeYiGzbPmksauMhFZKTze,6VW5GQNyj4LStgmxEHLr5zUfW92vQnmbw8jTnCH7a38F,4VPCCUifPeBA1c7HWK358CHn2nyjm8pdTRk6Ps3KmnMQ,8.634936309999908,7.732104879999987,1391.122672470262,161.10398762979142,0.5564490689881049,144.29951962689915,47.894333017,224.550107413,40118.44066577239
Lee1XZJfJ9Hm2K1qTyeCz1LXNc1YBZaKZszvNY4KCDw,9DgFSWkPDGijNKcLGbr3p5xoJbHsPgXUTr6QvGBJ5vGN,2hNHZg7XBhuhHVZ3JDEi4buq2fPQwuWBdQ9xkH7t1GQX,1790.3426365117666,1508.53344581301,306505.63588719507,171.1994283308689,30.650563588719507,144.29951962689915,6712.435697451,53858.118849468,8920865.832098003
KEN5P7p3asnb23Sw6yAmJRGvijfAzso3RqfyLAQhznt,9zj4aX38Uxf3h6AUjS4EipWS8mwbEofasHAf3a1uKGds,CwQDG1MWunn9cLNwcZLd8YBacweSR7ARo32w4mLua1Yr,48060.17683000071,48060.728219001554,48003.29292788117,0.9988164025629629,4.800329292788118,1.0,1148687.179698,1153937.80776,2301265.404256152
MiMUFdSLMyCLpqpH6zkqdDrGYs7XBomwENbivdYjv9V,,,0.011789876000000032,0.008029546999999998,0.0,0.0,0.0,1.0,1148687.179698,1153937.80776,1153937.80776
MARpDPs5A7XiyCWPNH8GsMWPLxmwNn9SBmKvPa9LzgA,6YjT74rmcfCpw8LSjPNx5JTmZoYLGrTKnf9arfSgZ4SR,F8GSmi3vA8M8TsybLya1LQ4n1aFHCRbZ6k437PeTdXtg,20002.81934900002,21045.41518399975,18970.753449108186,0.9484039783650084,7.5883013796432754,1.0,297220.60575,14969.224032,296854.4289773577
wrmcMSHFi3sWpAEy4rGDvQb3ezh3PhXoV2xNjgLBkKU,8p4mGnARWPBu6P2Gcw4adodLkNDorrXniZMhaY7eJXUn,AyY89zccbsgp9LKFgH4CFZMJmpSgqmPSdTfukhP227rc,0.0037872299999999887,0.03387317000000678,1.215581739456982,320.968554710695,0.0004862326957827928,2907.145764288621,27.0404868,0.10022377,8970.511075306164
BUSD5rCfUDpCxKGMvYU2yThChxgHoioK74PTPociGnv2,CcFHbafgYDZ8yA8Me1PdtDiVb2eeaS61LbqyKKK5CsNZ,26R9s4nmF3CFDTkiePDwRmtscn8i7r2eygbSijditJ58,187.41080572,187.18015029,187.35459934019795,0.9997000899730081,0.0187354599340198,1.0,92.17174931,55.7787556,147.92286167817653
FrnkTEL6yZ5Aycq2TrEgu29dCrwKG4LPUZydfiwqspkc,DjvZuMZ46fxKBoBpGMPcRcos4xdTtHFxwMh69DpA2ZFY,9rvDPJLAng4uVVqnnSoEXgNDFhBZQTny9AoQioYDZbQX,18.29020285500036,15.278894274999686,3171.1454374503023,173.37945689231887,1.268458174980121,144.45059803992095,172.505289882,1439.222052177,237805.35962000315
STK75uPSyBnEhGTTzb1nwmP3n427XoXmfRhXxxhyady,6TYyD5fUmDe6N65avW1Ny2RxzRNobw2RRgKwH9CTzSAU,54zDfk4cx2vGrEajPtodWpArNe5eUurytyxd4X3aZAxK,370.93741240099956,418.12189242999887,53572.75185405989,144.42531290466167,5.35727518540599,162.9007011083275,1599.576515577,281.109890341,276812.3370021906
SAMyS8Jr2HJrkFwYVKbpUwsNStnQmvz3f8Tup8bWUWF,6jPzm5TFfquvgm25sTyN3MMGBfufRaFHMxobDWv6hMFW,Cj9ECoDmxsHTDzCY5ZA6RWrPbg9uFzEC1Qc2kso2vJG6,735.7889798800068,84.13627108999884,705.2288942260401,0.9584662362584576,0.28209155769041605,0.021826935579748564,494.9939938,108304.50043138,2838.39038412061
BUSDgu5JdqP1rndBvXvanbEufS94FNh1w5FJcAj6vawb,Bgzr8cWubt89JQFXndVjtdKmDbGzuPxNhvjH1EhWCwbo,Dxaf8xPBBQsasRKW5Aa4Sw2YrbfGofY9xZueyyF23FBW,8284.77769491,8304.486178369994,8267.265477140394,0.997886217540832,3.3069061908561577,1.0,8820.52992169,6264.07867931,15065.963919570964
RoBgmK8CvjdHvPrqdDyVw54VwjZv2TqJ493xnqJAQHx,ExiHJxM7qPAcy27NDHAF6G7vnW7muNHi2sVJpnaNynGQ,6rkPHSqZb7StM4HwS9EuVrmfkV7tRdc7dnsFhyB6cefE,0.5223739999999992,29.64524000000074,0.0,0.0,0.0,0.9479814157723252,6265.366103,18.96143,17.97508325646784
BSCNHw8CmxbZ8hCWWzMf5FaG2ajPT6JxfznKUNuRVrn4,7n9kgNL633yGzCYksgnzHyjG73ZLBAwvEae5sbAekbzW,SscdxE99omdG9AiMVwmaEMQySQnCgeAh1sPj2Leutm2,762.7414790419998,759.7650918700006,765.0394648043268,1.0030127976850207,0.30601578592173073,1.0,4619.47215637,7082.637089863,11716.02678125173
TETFuZgEmET6d9vYmz9iMFCxK1jKdKYxf3oPz8hSzJK,Eu1Ze6Z84LWNkq7SNoAHBJbXx5t1P95EwyqYohrfCRFV,ASMbv7WNu3qe4pkhREmvyEdwFNDZQ6B6iSrjkj4u8bdC,56.01158855299998,56.05179887299998,55.903362047919785,0.9980677836876954,0.022361344819167916,0.9978476426348367,164.392015752,87.083753888,250.97069334648444
heyk4SZTeCUV6a65WiVA5bzic3KcxgVf1qxobfeV4tQ,9ZDpBKPqMABtGfq66FbVribaArMvtk63xxy91onZAtDt,DaTP4s6N7xxSPinbNZ3FB52EpRDRt87QShTuN3VPCW52,74.55450512100094,64.37402341699999,12422.748689233593,166.62639862033342,4.9690994756934375,144.53868527322797,618.289731168,4501.362990372,753644.4797743928
KysFMBBoavfov2tLpvefWW6tPFt6rAeZWDJVy1mMQae,B8ka2V21TH3x64dFV8ETcjuQcwmrciJ2qzy1mJUttRew,7fSf7EYxBANyxzk2s5pymFgshA91tFYQNKKs5UnLWcYS,29.645240000012564,22.11511500000006,0.0,0.0,0.0,0.02188036773283791,134514.436043,2603.001229,56.95462409954902
KEnkcdADoLR5jS2CLLLesy8TtFsyWL37BhXNfDMzWzP,3qsjFRuw1qeLMPo4DLwaQevenGAGBj9dA3Q6rb8ax2YR,77iEv8zPQAEyCcEbvBRSB6AFcUdfkhiqnAKtPxk76rNN,0.01984400000000003,2.1712679999999978,0.0001797412287883569,0.009057711589818416,7.189649151534276e-08,0.9990918255305926,118.44259,0.304695,1.3772371039511548
WiiQFxXqp8P9Fs1rt9SVcDyA3KUdJmUsog6wnVQAwba,3S2jpqSYxho6wiz3cafhjXruVY8cg4HYa2v3BqBHYFSj,Dfe67M6TfrG74gKRtdqys4e6E9QirPD53BkF4FujFjuv,16126.543354308002,16114.729452760996,16141.706615235049,1.0009402672720311,1.614170661523505,1.0,8950.313062489,17870.355788721,26829.084537657094
BSCuChvaSj9b5HUSqgDVRzcnr2sSn7cXaamt1jbKH6hn,GnKpRj5kBVPMJfiwZtEuD9GYApLzPdW5JFuZTcyX4BTc,3dmwD9okkomV9nDwyuh4UMhKdUR13QpuKxRo89ycZB5t,12.279301065000027,12.248752386999968,12.302897370102322,1.00192163258946,0.004921158948040929,0.9986797453766121,1205.155075939,1796.741186627,3001.8399719766016
C98Sspw7XqnMsgxea3SLQVdbMDL8pKUc3RE82UvX9eq2,CSqgQJurPCzGxb4Cgwx5R61hWQUiaoUHcShNc8r1cKEL,6S2CR5EnukPhC914XkAns8m5GixjMAoUuZMsS5ubHuWc,90.23258400000009,90.16950899999983,0.0,0.0,0.0,1.0,848.946709,914.831294,914.831294
parEAJhzYzHW87y9VoZAQ22dzQ2MD2ekEtTReaxbMcz,3oyc6hpjYSJEquK6dSvG72NXyz3pqLZz5D8AC71pwgQb,Di2vordgFJVZ1aj1aBpvzXtLfZgJsuLLXawGtVFwX6Rz,4.271457021000032,5.052523679999922,603.9473685996569,141.3914188134008,0.24157894743986277,167.27210806179633,1104.108297232,139.249519101,179403.99927589617
SRMuKizofcAMicegrfSv7xs9q76tH1w8aAF7oX9FEWu,72Hj2KWntXPfbie4UgKeTPnm1XVkomDfCnRPKbvfTtPi,6aqJQ5wedqpUt4fFEDUqUmXhrdxCu4bEJsQdVPCADLko,658.6689270000006,661.4053619999977,37.20961219280994,0.056492132340728904,0.014883844877123978,0.056720744602709185,16945.392921,4946.001459,1237.8222650193486
B2izdXFYb2sNwbWWHmh75T4aQFtfXsUxem9u2p61HGzf,4DYwgJtxwuJdAjkj5RJSNH4e7U329V5cNp7d3a1nLrZv,EXNW64GEf1ACC6xY9BtKRiunrs6GoJSXBdxWN2eTPmrF,6154.024294999996,6096.23648400001,6176.537775190565,1.0036583346297254,0.6176537775190566,1.0,11641.581071,28077.085493,39761.255363176795
SoNcU2iwHMw6dGzsYNQkYFkUjwN1UdAjrWVRnStrZu2,8ivTTid27jZnYNc4w3CTA1Z6QS2twsFb8WMwUabeDJgc,CyXm53PMvHCbeXJBykU46Rcbo28xk5srhMZFg7gv6EYB,1.2589916299999935,1.247751036999997,216.09505739773365,171.64137731220245,0.08643802295909347,170.1370658229683,15.699712277,18.98617168,5924.971779475911
KZMu9QBEdL97EFgamLbN5DE1AoKBG4HdrKKJo4Vuon3,DD4ACBWyVqdaKWh7v5btsgqQCCMwbKnuL2xd9pv7Gyuw,GcYqiJ1MAuYbNTNYXm1F1gQYTfTgkErACAhNU5dpVj9T,24.105884169999968,25.137658109999848,23.1046760721022,0.9584662362584576,0.009241870428840882,1.0,2402.67026739,697.84136934,3000.719697495395
BSC8REUo9LpiiWUuqMuLXs2D2yJsJfGd4HdiF3wCLxk5,AZjEH1zWVx1UJ6udMyRijGTzPteuLnaY18yNNmprJEsh,Caf8ypkSVR8xYnXNhjvfvdGCC7mrM3C11rz8Xi6NA6aK,42.81736779799985,42.92886200000021,42.90625385229289,1.0020759345766508,0.01716250154091716,1.0,2593.035721111,3617.245595786,6215.6642894089455
Cob4usZcpHEY7Qt4ZCwj6WVg9S44zvzYV2v9qYF65dTf,NhFM9UXE48PyNAyeyPYA3iXztqKVJwA4bTdLj4ysM8w,6TuFuynuBoeskxyR2cz4wxyidk8dpDK7kAWw3UkjQGx,9.800418000000008,1080.9078090000112,0.08876935970366509,0.009057711589818416,3.550774388146604e-05,1.0,70936.358083,188.228488,830.7495607478983
MAR3XM1n9xWPQ3HJjAcC85o8DopWFP5p2WxGTaZ3fPB,6qG7GUhER8Cg9gDEgnebph9LdS6eu2eoWcA4R7z9uizK,4QV4CwRXVMY227KkFF9voNAfwWHVvVajXSXDKbUHkWZR,0.0031790000000000013,0.1343829999999997,0.0030148390015278105,0.948360805765275,1.2059356006111245e-06,0.02191111794445843,0.112326,24.260372,0.6380974481368271
oKQqupM9E7SSLAFDLxr7mdsXP7znck9qRbVWc6Yyj7Q,CMR2J7CwfW98RpvnJmFBgRFTLAd3x8CJ1SWs8Bt3uunG,FmRb5jHfSNj1YWP3b45d9vvYuhwjp4om8bALmtqZpr1v,1.999200159999873,1.9757761399996525,2.0237112289826373,1.0122604376856221,0.0008094844915930549,1.0,2176.16186239,3720.11176741,5922.954326707661
BkMBnJpvHKtWhUvrgRrLesXfi9RUV3ELgdBaJcdH7hcY,5uerVwBnZQsuVhZ15igs7ZgmcqhHnYWbwoRtLyRqLvR,9YWiQh5d4jCtgMdzcGLv9bWgnLaFtzvDDh2nnhJdzhBX,69.6615666749999,69.23865293899985,70.13204836302786,1.0067538200830732,0.028052819345211144,1.0,917.244762381,1957.236615024,2880.676283502263
DA1mL7dfBow33EH5yjUuZE6SH2KeUK5zEXzsyhE5r5j5,B4UtLRZND3D83CitRCBUyeiNr7H8m7YFRqBmiPmXjhW4,AAmpYbuixWiSqDaJBCqYEs1pb5SrbdPr9mgXrB58Q2e,0.0011612919997787685,0.0011612919997787685,0.0015377643247166848,1.3241840338258044,6.15105729886674e-07,1.0,134.965989112,3011.769461819,3190.4892697106175
ALLwa5WNZbvQsRKAqe1jdRGemdYQnW8E5k4msbRFcYtu,CGoM82Hbz7QVqTgvQatYtjvDWBvoUJp5qm21P8iMs9yb,3dxNNww8TivyN5FMy5dCNdi3Zcxv6e4kUfSPxfFwpdNq,0.5731788120000001,0.5709700750000009,1671.5138432824945,2916.2170831996737,0.6686055373129978,2906.723250879284,1.634516966,7.025295642,25187.196485931207
GokA1R67GqSavkd15zR62QD68Tuc5AEfvjssntVDEbM8,3YB7hfpBdbQEuZqLGWVDpRPmeZWCUsrrWyqGXegnQ6Cg,4DPCj6Z1DsG6HUtwSogBGqXEUxdEV5a8YVrrFtcnz7UW,10079.660915999995,10081.206472000002,10078.310422403392,0.9998660179535941,1.0078310422403391,1.0,19672.300642,12748.13395,32417.79885690247
HEDSDjj84KS7LKhZY7ejkCACTdPen62rKhCby1wXtgxc,EnnjMSFttpCTywBrYNt1J5QQeoSVkvzPipJDa8Y7kJow,6bjVT6JN2rSvpyn9PdfLYC8wJn4LWh49jpY47fnLDXZk,52.160080126999674,53.87317195298965,50.5164061486043,0.9684878939144006,0.020206562459441718,1.0,39087.751705456,9080.539792179,46936.5541192451
Lid8SLUxQ9RmF7XMqUA8c24RitTwzja8VSKngJxRcUa,4PgzyzLtds9bKZ2to9PMnKqJzKEUpjvNUaeN23phegax,AtymwxoVN9peZo7EXTcDz9jKVc4vRmisJKKrNfe3ewBa,126.02028598099332,106.5259594859998,21588.39409419373,171.30888036113282,2.158839409419373,144.80300564702762,967.692746552,7675.385075667,1277193.1894003327
KwnjUuZhTMTSGAaavkLEmSyfobY16JNH4poL9oeeEvE,J63v6qEZmQpDqCD8bd4PXu2Pq5ZbyXrFcSa3Xt1HdAPQ,BnKQtTdLw9qPCDgZkWX3sURkBAoKCUYL1yahh6Mw7mRK,140.44609700000012,6367.0135729998,3.077330996205852,0.02191111794445843,0.0003077330996205852,1.0,276788.596843,590.991504,6655.739095108126
iLiUBQ7Z7im6Ew3b4ewwPcehzWgEQRJ1iQz7g6D62NW,GpugBvKWM3TVhYcZjemSdtehBWgfvuGr6uAm9iPjXT6v,92fMXJ3xy8tEyMUWLHKRLyhPw2nECBo77GtDiBBbYrjX,13.674317202999873,13.941426395999997,13.417188459134518,0.9811962279323939,0.005366875383653808,1.0,1819.781564545,1142.964478516,2928.5272853084643
MATSnbbiTCv7Dc3trJrkrqjx7ckKdr6fwPoVwv9q3sD,631WX9JizSHJm4w6VanZeJAst9T8DeUUnPLesdGkCVtK,211maUSfpnXbPuW1iBu8b4dtJv5EbN1j7JJiEX5TZKEP,1352.916064000001,1352.787854000002,1353.2476096643686,1.0002450600397097,0.5412990438657475,0.9996980911764647,21834.730934,23720.858094,45553.77831166933
MiMuMS9C4vBqcrYeeQPph1E7oAW9aNKvW9k6Zw9XffM,Afy2q2hh6Y474pshJa5fnQ6PfEchGyTbKrQpCZw2hr3m,5pXz9ksgjeL8Wgb37bksUaBFMLdFfsNNY3FQnikkCPtS,0.008029546999999582,0.5297280000004321,0.0,0.0,0.0,0.02191111794445843,26.00706393,7673.679404041,168.13889448990383
Sid7E679i9ABqptiAVhkmQ27YHN8vaYT4fppPwmxFsJ,GP7KB8o1bv527HG8kTzzzf4wJ5aEGHvcMQvVhLziUfmT,9gYxhAZ1M9wu5pxr8SBoa5NDm21gi3s9vMHaYTME77sa,542.2301430000007,980.366682000018,4.911364250600003,0.009057711589818416,0.0019645457002400012,0.02191111794445843,130525.155517,10700.667,1416.7227906105563
C2ypsDADXcCRz8HbV2zX1AXPSja7a1P3xZtRC91xGhJh,J9bYNuDpY1d1T86gLaw7DGk5D3CsUAf2tzUwxMvb6FTv,A2NGvvPrMGzsJ4jb52KEnSBVmsA7C34dV1GC7PerdgvG,965.8256651309982,971.980163235004,139692.9794110919,144.6358120874173,55.87719176443675,145.53418175880387,2811.017048189,1590.754322127,638082.8622064244
AUSejoEUCh2DBs9mof6BNC8Pubs22w4cJa1ccV9h44R,4xkyD7AfGQDwsQMy9MosRRNGoVJ1zosNinesxg1TzHG7,Cbm5gsQe3nSiCsFrvepVzMCD9xLK3ri9g3ypS2hdmVJ7,631.9966770000028,630.800894,633.2676451638467,1.0020110361495522,0.06332676451638466,1.0,13670.785148,15207.533396,28905.81098712539
4vezWG46exH6pf9nry3n1VJ7hZHvjBJNgNeF4qEFCML5,,,0.002703000000000344,0.0026729999999997034,0.0,0.0,0.0,1.0,13670.785148,15207.533396,15207.533396
7oAd7xG4m3oC2qeWB1szghTebAZyyGPAFDJ4wwwbRSNi,D9yh4KAysxt9GLacVe4Wwh2XqghhcjTCSTV9HuM7TBJd,HDYfJLpZKaMFb84jM4mRytn7XLR8UFZUnQpSfhJJaNEy,12.338486858992837,0.2807060000000092,12.338486858992837,1.0,0.004935394743597135,0.02277674421689311,955.404703978,300093.099460776,7790.548471650759
JSoLLrxK5bYdHwTEWYaGgmeycBCNXKDiBCTw5hXGBg7,xG4wXczA7Dk4hccJ61CHKpDHW4NrNfQwgmWgkb9BuF2,BVR6WgfhsRr9Lob4QDnkEAiNGgAbv7ZieKcY9kSg3QYR,0.8336281070000631,0.7181359409999963,141.8310401125462,170.1370658229683,0.056732416045018476,144.4859954059233,17.024593391,164.718726534,26696.0635316349
vEnkoSUkpnbRrPgBz9DfcVxNz67zjwMYBZraAvDDNSf,DtfyjjsZ5yCjWKLKHvwsfXs5QVsmm1QkK6Sh9JZHoq1g,e5wrKCRv4GhHvEf1VD5Pq2KGaZDXP77nTL612Jyrxwy,2589.5498119999984,2589.5154229999994,2583.1874213811366,0.9975430514642435,0.2583187421381136,0.998989023108614,940.659317,1007.267455,1944.597296348001
DFWzVTzNBrQZLjoQ4yQwkj9HuoXmfkuZP9V5vbymZe23,DhgiEgiNdqZdRdo195UUHnoEJUtefK8buko8nU97XJUZ,2K2kkXsouBHtWVjtcgkyiXd8eP3oVBvq1bTJzcVdLLr2,117.21676039799786,118.56935089200124,115.9201696527176,0.9889385209002722,0.04636806786108705,1.0,42740.472969667,25238.75210937,67506.45223057055
ercAoEmXjQzEvAFbdjAo81KtMxRGn9AW1ju882upmPH,CMRhskR2Eg6V42RTSdRTXGdozyPbWB8U9dVpijPWb9T4,7TKLLgrWswt6ZJ1pXhVR3FyufHGjJFqiEXxvWJfDcgRm,265.7469784190001,234.51763317500004,38394.50881039385,144.47768715495116,15.357803524157541,132.7902213281014,58.692374489,392.80107218,60639.879832500716
