0,1,2,3,4,5,6,7,8,9,10,11
SAMyS8Jr2HJrkFwYVKbpUwsNStnQmvz3f8Tup8bWUWF,6jPzm5TFfquvgm25sTyN3MMGBfufRaFHMxobDWv6hMFW,Cj9ECoDmxsHTDzCY5ZA6RWrPbg9uFzEC1Qc2kso2vJG6,1526.2263675099966,36.07166932999996,1462.7434481352705,0.9584053055784267,0.5850973792541082,0.023157038950185827,514.40680474,107477.44615235,2981.8696177049305
C2ypsDADXcCRz8HbV2zX1AXPSja7a1P3xZtRC91xGhJh,J9bYNuDpY1d1T86gLaw7DGk5D3CsUAf2tzUwxMvb6FTv,A2NGvvPrMGzsJ4jb52KEnSBVmsA7C34dV1GC7PerdgvG,35.57618243800016,35.81331068199961,5139.853167330165,144.4745561524923,2.055941266932066,145.24408413583112,2938.641619971,1660.786343251,665778.3351073387
Lid8SLUxQ9RmF7XMqUA8c24RitTwzja8VSKngJxRcUa,4PgzyzLtds9bKZ2to9PMnKqJzKEUpjvNUaeN23phegax,AtymwxoVN9peZo7EXTcDz9jKVc4vRmisJKKrNfe3ewBa,32.744543776001365,27.684402033000197,5601.566266622764,171.06869177783992,0.5601566266622764,144.2624237356697,966.453176228,7676.853411758,1272811.3603655163
ACUSESXyNnwRLAg1dpSGMLSzUDdLjUMybY8rkXiAKhCP,AhFPQdu8GKBsxuhiH46UmCu1YpaLgNpoP325HnYtsgas,A8wxWpT3aFEr2XqZp1kDmbxbFfcBE95UUmdsNTDBJYbT,456.0780002649999,456.2596428070001,456.07634790039145,0.999996377013126,0.18243053916015659,0.9878976560354834,1045.180416672,1840.979146512,2863.875613646479
ALBpShJ9NLpE739pcHDF2LNVk5J4VYPvvKuV6jMPitZi,D6d156U1bPiJpDYRLextvDRccgFk7QzkQbJg42ceKEu5,GNcM8U5g8RwTZffwwm3kSQqUNPSwv5d2fbN9sLxPJqt2,2043.6367790000004,2043.809874999999,2041.1180393394554,0.998767520879235,0.8164472157357823,0.9981245240193677,50992.69229,49322.754476,100160.09569612262
Lee1XZJfJ9Hm2K1qTyeCz1LXNc1YBZaKZszvNY4KCDw,9DgFSWkPDGijNKcLGbr3p5xoJbHsPgXUTr6QvGBJ5vGN,2hNHZg7XBhuhHVZ3JDEi4buq2fPQwuWBdQ9xkH7t1GQX,1019.7277309279016,858.9470922469936,174701.5841488796,171.32179389679814,17.470158414887962,144.6407492622237,6695.845155507,53882.144953475,8940698.021623014
BUSDgu5JdqP1rndBvXvanbEufS94FNh1w5FJcAj6vawb,Bgzr8cWubt89JQFXndVjtdKmDbGzuPxNhvjH1EhWCwbo,Dxaf8xPBBQsasRKW5Aa4Sw2YrbfGofY9xZueyyF23FBW,6479.45843048,6497.774176529998,6462.061140237032,0.9973150085875805,2.5848244560948133,1.0,8893.22782675,6193.76383704,15063.113423446486
Sid7E679i9ABqptiAVhkmQ27YHN8vaYT4fppPwmxFsJ,GP7KB8o1bv527HG8kTzzzf4wJ5aEGHvcMQvVhLziUfmT,9gYxhAZ1M9wu5pxr8SBoa5NDm21gi3s9vMHaYTME77sa,1686.270231999999,4262.902806000013,14.427181683680361,0.008555675958632691,0.005770872673472144,0.023157038950185827,133070.520206,9706.268611,1363.276690815113
B2izdXFYb2sNwbWWHmh75T4aQFtfXsUxem9u2p61HGzf,4DYwgJtxwuJdAjkj5RJSNH4e7U329V5cNp7d3a1nLrZv,EXNW64GEf1ACC6xY9BtKRiunrs6GoJSXBdxWN2eTPmrF,2136.9784649999856,2118.8074149999957,2153.615141971717,1.0077851402081077,0.21536151419717173,1.0,11290.298659,28431.447643,39809.642860051725
YAkoNb6HKmSxQN9L8hiBE5tPJRsniSSMzND1boHmZxe,CfWX7o2TswwbxusJ4hCaPobu2jLCb1hfXuXJQjVq3jQF,EnTrdMMpdhugeH6Ban6gYZWXughWxKtVGfCwFn78ZmY3,2395405.3982350063,2394399.992681998,2395405.3982350063,1.0,239.54053982350064,0.9991018074750799,351391.599305,1097075.578414,1447481.7926351961
CZgvH45CRmoaNJ7395Ao5CQZXkGznvqU7cErD6n7FaRg,4ZjU6MKvtqVQKCiowhvZ5yUsPxXX5SCzd5eFsPeXyey5,BsyWeshjDbCvjDojry3vKDCesmFRM37WtwcR4Kfgzqr,46.50035693999993,45.446550249999916,47.5014786279565,1.0215293334037916,0.019000591451182602,1.0,246.30186366,558.11661098,809.7211895807113
KEVpg4SYCVrqFxKijQH6hm4QxsRdoE51ud64bEEFUC9,2bPenuBYfqzD8p5dFjCcggwkHDsc2RQDnx9AoyYGUBjA,AE6n6iLuX8oYu61vt5hoDYkjswpnxFxrhSehxrnQTnbx,218.30191579700067,218.74926754299963,218.84360032148322,1.0024813548818612,0.08753744012859328,0.999996377013126,1779.126328115,5866.953926498,7650.47364251565
KZMu9QBEdL97EFgamLbN5DE1AoKBG4HdrKKJo4Vuon3,DD4ACBWyVqdaKWh7v5btsgqQCCMwbKnuL2xd9pv7Gyuw,GcYqiJ1MAuYbNTNYXm1F1gQYTfTgkErACAhNU5dpVj9T,40.80932719999987,42.53643547000047,39.11187570556588,0.9584053055784267,0.015644750282226352,1.0,2383.25745645,716.47394328,3000.600534101026
wrmcMSHFi3sWpAEy4rGDvQb3ezh3PhXoV2xNjgLBkKU,8p4mGnARWPBu6P2Gcw4adodLkNDorrXniZMhaY7eJXUn,AyY89zccbsgp9LKFgH4CFZMJmpSgqmPSdTfukhP227rc,0.0049009899999999385,0.03254359000000309,1.5344364433312268,313.08703819661866,0.0006137745773324908,2910.869185538802,27.05093072,0.09908869,8757.729993943132
TSMFNX73aQNb3yqszDKgyR8AVoigfbaD4cfLjjCYXZf,C5uYkVHiFduEFq8S3fr4pgUS24oYj1sjZ8WW2cb4j8SU,3F5DPU5ScgHiFzePYUHZovvgh3uqmM5keNvbavx2ERqV,79.15751300000011,126.895795000004,0.0,0.0,0.0,0.05582094694431113,2998.681215,82215.148803,4589.327459350908
parEAJhzYzHW87y9VoZAQ22dzQ2MD2ekEtTReaxbMcz,3oyc6hpjYSJEquK6dSvG72NXyz3pqLZz5D8AC71pwgQb,Di2vordgFJVZ1aj1aBpvzXtLfZgJsuLLXawGtVFwX6Rz,2.4841791659999615,2.9358407650001936,350.5645836202696,141.1188808030906,0.14022583344810785,167.1759123583623,1103.680696168,139.611852424,179089.92341222728
SEQV6QiTpvTzrceiaYg9Avnwf7oc8ZALpnQMz6TyT4A,3dFMPj4r9mMmPHF32mz1gNDX7f8ftidWof7S8YiYTs1j,Fc1ED3YPeQfXQosHbd8DTaBd2AV5gHQtwiSAL5C5pUhi,789.7011385960004,789.9891617599997,788.7198622440279,0.9987574079559806,0.3154879448976112,0.9991527184947165,3206.787240457,2340.169119223,5540.988849354192
STK75uPSyBnEhGTTzb1nwmP3n427XoXmfRhXxxhyady,6TYyD5fUmDe6N65avW1Ny2RxzRNobw2RRgKwH9CTzSAU,54zDfk4cx2vGrEajPtodWpArNe5eUurytyxd4X3aZAxK,371.18136873299926,419.566905345994,53653.91354738242,144.54904816620018,5.365391354738242,163.0873877673369,1600.504089829,280.321156457,277068.1879133836
RajgMbScQbqqrdJfR2rxfHJiTiY5b6bJ2tTXiF4aPxy,725ZA3fhyBAKb5iopNRrcbSuQa3LXA1656Q3mBvYPxeg,GLA6i1dSZpUfk2f9Nj8uiG7xyDdAR2reff8oEiZH3617,4855.953809089995,4863.631087119997,4845.276805574001,0.9978012551322033,1.9381107222296003,1.0,132941.38345693,50990.91513968,183639.99441201627
JSoLLrxK5bYdHwTEWYaGgmeycBCNXKDiBCTw5hXGBg7,xG4wXczA7Dk4hccJ61CHKpDHW4NrNfQwgmWgkb9BuF2,BVR6WgfhsRr9Lob4QDnkEAiNGgAbv7ZieKcY9kSg3QYR,2.543154386999891,2.164503007000011,432.4800497313177,170.05654550194487,0.17299201989252708,144.5189246809275,17.026393033,164.718017242,26700.32030893868
BUSDTd9WiT6uBHJRgNvFXBsA7JrifsAtWzKfioN7ERcy,DyBxrn7gSc1EwnpWhDyhzvMHPtxpmBqRqotapLcKcfTM,Cds99GeBgoCpqBsoRWu1C6fF9LiUMd4pXQQD24s9LPff,462.53681765999994,464.26298145,460.69990578166914,0.9960286147865508,0.04606999057816692,0.9980179363783526,106.7402955,67.1405459,173.32385773520616
C98Sspw7XqnMsgxea3SLQVdbMDL8pKUc3RE82UvX9eq2,CSqgQJurPCzGxb4Cgwx5R61hWQUiaoUHcShNc8r1cKEL,6S2CR5EnukPhC914XkAns8m5GixjMAoUuZMsS5ubHuWc,17.720955999999887,17.710274000000027,0.0,0.0,0.0,1.0,848.569848,915.214119,915.214119
MATSnbbiTCv7Dc3trJrkrqjx7ckKdr6fwPoVwv9q3sD,631WX9JizSHJm4w6VanZeJAst9T8DeUUnPLesdGkCVtK,211maUSfpnXbPuW1iBu8b4dtJv5EbN1j7JJiEX5TZKEP,2414.4789100000016,2412.794587000004,2412.5247649404,0.9991906555689891,0.96500990597616,0.9993024868641687,20192.986375,25364.4263,45523.37757340484
vEnkoSUkpnbRrPgBz9DfcVxNz67zjwMYBZraAvDDNSf,DtfyjjsZ5yCjWKLKHvwsfXs5QVsmm1QkK6Sh9JZHoq1g,e5wrKCRv4GhHvEf1VD5Pq2KGaZDXP77nTL612Jyrxwy,442.20789500000024,442.162681,441.43362042976645,0.9982490711292393,0.04414336204297664,0.9993024868641687,911.130182,1036.820549,1945.6322109068874
moFiBS1R4Lf3E3zzmBPnw3NF4RhWPkhREFviuzUaCAU,44ALBrpqi9PfZkBRTvbtRNtFJGsatfY4QydjtMbFWq8S,2ho8qEEie1UjVwWNBo9y4oAJZMyMLx8zPj9bxyUz6uWs,1522.4657052850016,1520.4985664369997,1524.0586315539397,1.0010462805588385,0.6096234526215758,0.999996377013126,27776.083768312,36645.629995887,64450.642574009995
SoNcU2iwHMw6dGzsYNQkYFkUjwN1UdAjrWVRnStrZu2,8ivTTid27jZnYNc4w3CTA1Z6QS2twsFb8WMwUabeDJgc,CyXm53PMvHCbeXJBykU46Rcbo28xk5srhMZFg7gv6EYB,2.6044971120000024,2.581618216000008,446.9385170136275,171.60261570435065,0.17877540680545104,170.03809703564085,15.245815244,19.44495214,5922.604433250375
WiiQFxXqp8P9Fs1rt9SVcDyA3KUdJmUsog6wnVQAwba,3S2jpqSYxho6wiz3cafhjXruVY8cg4HYa2v3BqBHYFSj,Dfe67M6TfrG74gKRtdqys4e6E9QirPD53BkF4FujFjuv,7521.258021769001,7507.217912764,7548.0593387544395,1.00356340879516,0.754805933875444,0.999996377013126,4836.988255653,21991.760416915,26845.905163200954
RoBgmK8CvjdHvPrqdDyVw54VwjZv2TqJ493xnqJAQHx,ExiHJxM7qPAcy27NDHAF6G7vnW7muNHi2sVJpnaNynGQ,6rkPHSqZb7StM4HwS9EuVrmfkV7tRdc7dnsFhyB6cefE,15.158738000000255,186.91361499999996,0.0,0.0,0.0,0.9494827692614449,6196.77369,20.208502,19.18762444158545
FrnkTEL6yZ5Aycq2TrEgu29dCrwKG4LPUZydfiwqspkc,DjvZuMZ46fxKBoBpGMPcRcos4xdTtHFxwMh69DpA2ZFY,9rvDPJLAng4uVVqnnSoEXgNDFhBZQTny9AoQioYDZbQX,16.44463399400101,13.716676137999713,2850.6101419150095,173.34591593555137,1.1402440567660037,144.37802092961542,172.294030123,1439.481058785,237695.89289494458
MATgk4zXLXtYkwBH678J1xZbRDZ45LicNzkRBHkxTuY,y8dALFo1bJrSzPYjMX14HJX448pXqYmrfXHD1K8MXih,GN7Yuet3UyiWS5YVkEHv6oQKi4HGBJc3XDPt9zQhAqZz,2134.9602270000005,2137.7677380000005,2134.8833711986376,0.9999640012959534,0.853953348479455,1.0,4295.684054,3769.783984,8065.3133989410635
AUSejoEUCh2DBs9mof6BNC8Pubs22w4cJa1ccV9h44R,4xkyD7AfGQDwsQMy9MosRRNGoVJ1zosNinesxg1TzHG7,Cbm5gsQe3nSiCsFrvepVzMCD9xLK3ri9g3ypS2hdmVJ7,372.7067530000022,371.76007599999866,373.8042422552637,1.0029446454791269,0.03738042422552637,1.0,13378.937407,15500.149114,28918.482748551043
TETFuZgEmET6d9vYmz9iMFCxK1jKdKYxf3oPz8hSzJK,Eu1Ze6Z84LWNkq7SNoAHBJbXx5t1P95EwyqYohrfCRFV,ASMbv7WNu3qe4pkhREmvyEdwFNDZQ6B6iSrjkj4u8bdC,129.95426548899997,129.794478813,130.55089115573693,1.0045910433527667,0.052220356462294774,0.9993024868641687,37.487461682,214.148030455,251.65822763451246
MiMy69CnJDY4V6cQWkU3HHfTyb8pqXJmhX4MisFYDnM,,,0.003065426999999999,0.004398999999999986,0.0,0.0,0.0,0.9993024868641687,37.487461682,214.148030455,213.99865939074522
BSC8REUo9LpiiWUuqMuLXs2D2yJsJfGd4HdiF3wCLxk5,AZjEH1zWVx1UJ6udMyRijGTzPteuLnaY18yNNmprJEsh,Caf8ypkSVR8xYnXNhjvfvdGCC7mrM3C11rz8Xi6NA6aK,56.557151037000494,56.45613852899987,56.649795148940555,1.0016380618585163,0.022659918059576224,0.999996377013126,2646.59832218,3563.589049373,6214.509752483027
KEnkcdADoLR5jS2CLLLesy8TtFsyWL37BhXNfDMzWzP,3qsjFRuw1qeLMPo4DLwaQevenGAGBj9dA3Q6rb8ax2YR,77iEv8zPQAEyCcEbvBRSB6AFcUdfkhiqnAKtPxk76rNN,1.7844709999999955,2.7051589999999934,0.015267355633577197,0.008555675958632691,6.1069422534308795e-06,0.9991217719624449,119.371175,0.296798,1.3178384357761455
AURHmCnNwiW4uA2Qj1XvEh4iKgRUZYXtiY7FKAapUV5Y,BKWm4TRnTeKwfWXRyuzjRHU7iZDkPuXBX5b5V5jSVfGJ,A5Ww74HVrkj9nPeC7pHKLfgeDMEhBCpW1efQdz3TGLEg,0.0006986099999721773,0.0006242469999619971,0.11281949252176658,161.49137934793333,4.512779700870664e-05,144.45132835274782,289.9322924,1795.283025419,306152.5836080988
MiMUFdSLMyCLpqpH6zkqdDrGYs7XBomwENbivdYjv9V,,,0.008960880000000004,0.013226000000000071,0.0,0.0,0.0,144.45132835274782,289.9322924,1795.283025419,259331.01779091448
heyk4SZTeCUV6a65WiVA5bzic3KcxgVf1qxobfeV4tQ,9ZDpBKPqMABtGfq66FbVribaArMvtk63xxy91onZAtDt,DaTP4s6N7xxSPinbNZ3FB52EpRDRt87QShTuN3VPCW52,22.081574114001114,19.13193736399944,3687.725078651016,167.00462836627054,1.4750900314604063,144.49250907485202,618.806237499,4500.772575197,753671.4278897482
ALLwa5WNZbvQsRKAqe1jdRGemdYQnW8E5k4msbRFcYtu,CGoM82Hbz7QVqTgvQatYtjvDWBvoUJp5qm21P8iMs9yb,3dxNNww8TivyN5FMy5dCNdi3Zcxv6e4kUfSPxfFwpdNq,2.8290994900000017,2.809941444999999,8232.502517095889,2909.937436345119,3.2930010068383555,2861.0011215124396,0.811918961,7.85601955,24838.714123065984
BSCuChvaSj9b5HUSqgDVRzcnr2sSn7cXaamt1jbKH6hn,GnKpRj5kBVPMJfiwZtEuD9GYApLzPdW5JFuZTcyX4BTc,3dmwD9okkomV9nDwyuh4UMhKdUR13QpuKxRo89ycZB5t,115.37547119199985,115.16600370100014,115.53096454824725,1.0013477158935165,0.04621238581929891,0.9992305924438183,1320.32107964,1681.365715435,3002.172557292415
HEDSDjj84KS7LKhZY7ejkCACTdPen62rKhCby1wXtgxc,EnnjMSFttpCTywBrYNt1J5QQeoSVkvzPipJDa8Y7kJow,6bjVT6JN2rSvpyn9PdfLYC8wJn4LWh49jpY47fnLDXZk,14.51536205499906,14.985414157010382,14.063122169243863,0.9688440505967645,0.005625248867697546,0.999996377013126,38851.912726328,9036.812146485,46678.22390544081
MARpDPs5A7XiyCWPNH8GsMWPLxmwNn9SBmKvPa9LzgA,6YjT74rmcfCpw8LSjPNx5JTmZoYLGrTKnf9arfSgZ4SR,F8GSmi3vA8M8TsybLya1LQ4n1aFHCRbZ6k437PeTdXtg,12543.537386000013,13208.997192000039,11916.96709032491,0.9500483574613948,4.766786836129965,1.0,297001.408519,15180.715241,297346.4155681967
ercAoEmXjQzEvAFbdjAo81KtMxRGn9AW1ju882upmPH,CMRhskR2Eg6V42RTSdRTXGdozyPbWB8U9dVpijPWb9T4,7TKLLgrWswt6ZJ1pXhVR3FyufHGjJFqiEXxvWJfDcgRm,30.357583753000036,30.683018552999968,4378.539547517791,144.2321491441192,1.7514158190071165,130.87292239235703,51.808086678,379.198729825,57099.23762428034
KwnjUuZhTMTSGAaavkLEmSyfobY16JNH4poL9oeeEvE,J63v6qEZmQpDqCD8bd4PXu2Pq5ZbyXrFcSa3Xt1HdAPQ,BnKQtTdLw9qPCDgZkWX3sURkBAoKCUYL1yahh6Mw7mRK,306.6599159999746,12250.712934000154,7.072316520313568,0.023062409370496775,0.0007072316520313569,1.0,275963.468964,609.57089,6973.953382550149
SoN9GaFpSXfpyR5dth3x7PHPVhvJMpQqqDJfCSmPv1t,9kZ9iS68ViMPtoeqtnhAKuF2iqVyfHPdZHoUNdwCELr,BBhm5fJLjw3HRzjtKB8uMEYjGhY6EDm9co3cqpjrSzB9,1.0846149140000003,1.0793142169999999,187.29323109881392,172.68177735827618,0.07491729243952558,169.5636618290154,0.847318588,1.373925151,379.28425944708783
daob129AwBGn9Y5r91uLoWZeYiGzbPmksauMhFZKTze,6VW5GQNyj4LStgmxEHLr5zUfW92vQnmbw8jTnCH7a38F,4VPCCUifPeBA1c7HWK358CHn2nyjm8pdTRk6Ps3KmnMQ,9.475345392999998,8.511955349000047,1526.6056959086523,161.11346157750057,0.610642278363461,144.0342110057981,48.193852302,224.218391706,40059.79751349271
GokA1R67GqSavkd15zR62QD68Tuc5AEfvjssntVDEbM8,3YB7hfpBdbQEuZqLGWVDpRPmeZWCUsrrWyqGXegnQ6Cg,4DPCj6Z1DsG6HUtwSogBGqXEUxdEV5a8YVrrFtcnz7UW,5762.708757000002,5763.185957999996,5762.397587530276,0.9999460029158426,0.5762397587530276,1.0,16867.842421,15552.854114,32419.78572069324
KEN5P7p3asnb23Sw6yAmJRGvijfAzso3RqfyLAQhznt,9zj4aX38Uxf3h6AUjS4EipWS8mwbEofasHAf3a1uKGds,CwQDG1MWunn9cLNwcZLd8YBacweSR7ARo32w4mLua1Yr,31426.00656700111,31426.96334899962,31237.208876551234,0.9939923104754862,3.1237208876551237,1.0,1154147.629998,1148465.124531,2295678.9939025184
BUSD5rCfUDpCxKGMvYU2yThChxgHoioK74PTPociGnv2,CcFHbafgYDZ8yA8Me1PdtDiVb2eeaS61LbqyKKK5CsNZ,26R9s4nmF3CFDTkiePDwRmtscn8i7r2eygbSijditJ58,47.67378117000001,47.62361712999999,47.49960486890622,0.9963464970300405,0.0047499604868906226,1.0,91.64903169,56.2996366,147.61382828052666
MAR3XM1n9xWPQ3HJjAcC85o8DopWFP5p2WxGTaZ3fPB,6qG7GUhER8Cg9gDEgnebph9LdS6eu2eoWcA4R7z9uizK,4QV4CwRXVMY227KkFF9voNAfwWHVvVajXSXDKbUHkWZR,0.20823000000000036,0.0049949999999999994,0.19719963823530837,0.947027989412227,7.887985529412336e-05,0.023061230264516234,0.117321,24.052142,0.6657782557626739
KysFMBBoavfov2tLpvefWW6tPFt6rAeZWDJVy1mMQae,B8ka2V21TH3x64dFV8ETcjuQcwmrciJ2qzy1mJUttRew,7fSf7EYxBANyxzk2s5pymFgshA91tFYQNKKs5UnLWcYS,149.39080699999977,198.4361950000166,0.0,0.0,0.0,0.023064246612150476,134179.061563,2859.592955,65.95435712448813
SQDY9uoDoCbNq7F3HAHYYQZbrUzpKxDtdWLvYcqBLak,GiehZ4X2uQjhEKuxSm3ACmEFrabxh3RTvjbLfLjw1xGX,rxDQYV77NKRKYxCjq4cECX3QQsiSyLv1T1FT2X3zNA2,20.94158567400001,21.0,21.015582823070595,1.0035335026784746,0.008406233129228238,0.999996377013126,148.810775491,257.869638935,407.2053034414663
MiMuMS9C4vBqcrYeeQPph1E7oAW9aNKvW9k6Zw9XffM,Afy2q2hh6Y474pshJa5fnQ6PfEchGyTbKrQpCZw2hr3m,5pXz9ksgjeL8Wgb37bksUaBFMLdFfsNNY3FQnikkCPtS,0.7926694390007469,0.012026306999999292,0.0,0.0,0.0,0.023149952987075475,26.019090237,7672.886734602,177.62696718119136
Cob4usZcpHEY7Qt4ZCwj6WVg9S44zvzYV2v9qYF65dTf,NhFM9UXE48PyNAyeyPYA3iXztqKVJwA4bTdLj4ysM8w,6TuFuynuBoeskxyR2cz4wxyidk8dpDK7kAWw3UkjQGx,177.74153300000586,7800.671228999985,1.5206989607386692,0.008555675958632691,0.0006082795842954678,1.0,71728.620147,181.306725,794.9935559375843
