0,1,2,3,4,5,6,7,8,9,10,11
ALLwa5WNZbvQsRKAqe1jdRGemdYQnW8E5k4msbRFcYtu,CGoM82Hbz7QVqTgvQatYtjvDWBvoUJp5qm21P8iMs9yb,3dxNNww8TivyN5FMy5dCNdi3Zcxv6e4kUfSPxfFwpdNq,27.265009344999992,26.827058317000002,83967.26107911671,3079.671091127467,33.58690443164669,3054.1811740272433,1.029738225,7.65716112,26557.612382158768
B2izdXFYb2sNwbWWHmh75T4aQFtfXsUxem9u2p61HGzf,4DYwgJtxwuJdAjkj5RJSNH4e7U329V5cNp7d3a1nLrZv,EXNW64GEf1ACC6xY9BtKRiunrs6GoJSXBdxWN2eTPmrF,5276.071682000003,5211.211942,5290.642110371968,1.0027616054614408,0.5290642110371968,1.0,9131.634243,30618.517429,39775.36964299735
BUSD5rCfUDpCxKGMvYU2yThChxgHoioK74PTPociGnv2,CcFHbafgYDZ8yA8Me1PdtDiVb2eeaS61LbqyKKK5CsNZ,26R9s4nmF3CFDTkiePDwRmtscn8i7r2eygbSijditJ58,34.68062882999999,34.419253,34.59133786365915,0.9974253360059145,0.0034591337863659147,1.0,83.87875302,64.11630287,147.77909628473063
2jQoGQRixdcfuRPt9Zui7pk6ivnrQv79mf8h13Tyoa9K,,,0.00023028300000000018,0.0002813360000000001,0.0,0.0,0.0,1.0,83.87875302,64.11630287,64.11630287
WiiQFxXqp8P9Fs1rt9SVcDyA3KUdJmUsog6wnVQAwba,3S2jpqSYxho6wiz3cafhjXruVY8cg4HYa2v3BqBHYFSj,Dfe67M6TfrG74gKRtdqys4e6E9QirPD53BkF4FujFjuv,486.1626878190009,484.3749893690019,488.86006562564285,1.0055483028093801,0.04888600656256428,0.9997449230808352,3964.534186646,22869.380752735,26850.077924361038
STK75uPSyBnEhGTTzb1nwmP3n427XoXmfRhXxxhyady,6TYyD5fUmDe6N65avW1Ny2RxzRNobw2RRgKwH9CTzSAU,54zDfk4cx2vGrEajPtodWpArNe5eUurytyxd4X3aZAxK,804.5300927300043,908.4216152989995,135111.38971267347,167.93826723647,13.511138971267346,189.4975888326797,1714.785718446,299.41940164,344717.39689817023
SoNcU2iwHMw6dGzsYNQkYFkUjwN1UdAjrWVRnStrZu2,8ivTTid27jZnYNc4w3CTA1Z6QS2twsFb8WMwUabeDJgc,CyXm53PMvHCbeXJBykU46Rcbo28xk5srhMZFg7gv6EYB,9.816021272999993,9.699014511000003,1957.237810857381,199.39217290013124,0.7828951243429524,195.5200108865542,15.193989158,19.505422551,6843.2629427530155
HDSBGqAuMRr6X2AfmmbXQPpRgU6VEhtfNVVZ3wUTZXg,DCZ1d8kNLgDcdSd99y4udLgwq46mfDXNS9KXj96kQf5L,Fq8GGYQM5Pz3q7LmVMbrXHJgsxA5ev86kTq8yGgGuYsa,25.036791459000142,25.134190798999953,24.867426059710215,0.9932353392978778,0.009946970423884085,0.999906789688972,1870.477192725,1775.608124234,3633.2666684136334
AURHmCnNwiW4uA2Qj1XvEh4iKgRUZYXtiY7FKAapUV5Y,BKWm4TRnTeKwfWXRyuzjRHU7iZDkPuXBX5b5V5jSVfGJ,A5Ww74HVrkj9nPeC7pHKLfgeDMEhBCpW1efQdz3TGLEg,0.014969343000302615,0.01338088800002879,2.802459495531896,187.21325949143144,0.0011209837982127586,167.68456788860647,290.125761278,1795.066754965,355320.38256879634
RajgMbScQbqqrdJfR2rxfHJiTiY5b6bJ2tTXiF4aPxy,725ZA3fhyBAKb5iopNRrcbSuQa3LXA1656Q3mBvYPxeg,GLA6i1dSZpUfk2f9Nj8uiG7xyDdAR2reff8oEiZH3617,4321.50794642001,4322.070371659996,4323.00837616721,1.0003472005063518,1.7292033504668842,1.0,93796.4843168,90141.47127198,183970.5217756288
heyk4SZTeCUV6a65WiVA5bzic3KcxgVf1qxobfeV4tQ,9ZDpBKPqMABtGfq66FbVribaArMvtk63xxy91onZAtDt,DaTP4s6N7xxSPinbNZ3FB52EpRDRt87QShTuN3VPCW52,80.25789077800073,69.46057267100025,15476.82460629108,192.83866615808685,6.190729842516433,166.28128208189486,623.746764945,4495.221896202,867753.7543154906
ionytDfEj1mXodptgrsKEZro7DGsfpzANUfarJdm6Qb,3gkSjY95an9xNFSjCfsay6JZez7uv7yfW3Ad4ubc4fMK,9wXqANaSuEqkKL9yHzCPEDGHwbkStVAqV5rB3QDs3Jr6,0.004746517000000006,0.018736505999999764,3.6441757121338028,767.7578553144966,0.0014576702848535213,3079.4814153296584,3.169047114,0.079872706,2679.0273293543246
Lid8SLUxQ9RmF7XMqUA8c24RitTwzja8VSKngJxRcUa,4PgzyzLtds9bKZ2to9PMnKqJzKEUpjvNUaeN23phegax,AtymwxoVN9peZo7EXTcDz9jKVc4vRmisJKKrNfe3ewBa,73.28853720000563,61.91267468000001,14495.425354981962,197.7857098637909,1.4495425354981963,165.62153954495815,962.750540482,7656.411660562,1458484.9856832288
KZMu9QBEdL97EFgamLbN5DE1AoKBG4HdrKKJo4Vuon3,DD4ACBWyVqdaKWh7v5btsgqQCCMwbKnuL2xd9pv7Gyuw,GcYqiJ1MAuYbNTNYXm1F1gQYTfTgkErACAhNU5dpVj9T,23.03908404999993,23.32563571000003,22.16208960760309,0.9619344918186172,0.008864835843041237,1.0,2372.91728807,726.4653768,3009.0563624272263
KEVpg4SYCVrqFxKijQH6hm4QxsRdoE51ud64bEEFUC9,2bPenuBYfqzD8p5dFjCcggwkHDsc2RQDnx9AoyYGUBjA,AE6n6iLuX8oYu61vt5hoDYkjswpnxFxrhSehxrnQTnbx,104.68321157100013,104.99862600000051,104.9552538046224,1.0025987188350423,0.04198210152184896,0.9999078724882605,1533.892907235,5992.252185788,7529.579198128377
JSoLLrxK5bYdHwTEWYaGgmeycBCNXKDiBCTw5hXGBg7,xG4wXczA7Dk4hccJ61CHKpDHW4NrNfQwgmWgkb9BuF2,BVR6WgfhsRr9Lob4QDnkEAiNGgAbv7ZieKcY9kSg3QYR,3.039970756000031,2.5868723399999887,598.2856502955306,196.80638345440863,0.23931426011821225,167.54639694824291,17.072260147,164.667592191,30949.391542668574
C2ypsDADXcCRz8HbV2zX1AXPSja7a1P3xZtRC91xGhJh,J9bYNuDpY1d1T86gLaw7DGk5D3CsUAf2tzUwxMvb6FTv,A2NGvvPrMGzsJ4jb52KEnSBVmsA7C34dV1GC7PerdgvG,471.1710086579981,474.50837784100304,78862.65565880196,167.37586610734115,31.545062263520787,167.35723841812597,3826.677280259,2121.531700431,995547.1106972778
vEnkoSUkpnbRrPgBz9DfcVxNz67zjwMYBZraAvDDNSf,DtfyjjsZ5yCjWKLKHvwsfXs5QVsmm1QkK6Sh9JZHoq1g,e5wrKCRv4GhHvEf1VD5Pq2KGaZDXP77nTL612Jyrxwy,1079.51993,1079.8353699999998,1077.6706471694572,0.9982869396116264,0.1077670647169457,0.9989131824574863,1132.862763,816.066985,1946.1021697600772
YAkoNb6HKmSxQN9L8hiBE5tPJRsniSSMzND1boHmZxe,CfWX7o2TswwbxusJ4hCaPobu2jLCb1hfXuXJQjVq3jQF,EnTrdMMpdhugeH6Ban6gYZWXughWxKtVGfCwFn78ZmY3,6199579.032725018,6200479.70439602,6199579.032725018,1.0,619.9579032725019,0.9985082287063126,935365.556646,540783.727125,1475342.5581307816
MATSnbbiTCv7Dc3trJrkrqjx7ckKdr6fwPoVwv9q3sD,631WX9JizSHJm4w6VanZeJAst9T8DeUUnPLesdGkCVtK,211maUSfpnXbPuW1iBu8b4dtJv5EbN1j7JJiEX5TZKEP,2567.487747000003,2564.8953270000056,2563.7728401546187,0.9985530965630801,1.0255091360618476,0.9988563095255932,20028.833927,25537.254648,45507.902071470104
C98Sspw7XqnMsgxea3SLQVdbMDL8pKUc3RE82UvX9eq2,CSqgQJurPCzGxb4Cgwx5R61hWQUiaoUHcShNc8r1cKEL,6S2CR5EnukPhC914XkAns8m5GixjMAoUuZMsS5ubHuWc,51.25817099999972,51.27278500000011,0.0,0.0,0.0,1.0,896.003409,867.887909,867.887909
FrnkTEL6yZ5Aycq2TrEgu29dCrwKG4LPUZydfiwqspkc,DjvZuMZ46fxKBoBpGMPcRcos4xdTtHFxwMh69DpA2ZFY,9rvDPJLAng4uVVqnnSoEXgNDFhBZQTny9AoQioYDZbQX,69.81603638000047,58.12335711199978,14060.636236610817,201.39550976627245,5.624254494644327,162.40887441067912,172.178412122,1439.730800744,268501.0178832763
BSC8REUo9LpiiWUuqMuLXs2D2yJsJfGd4HdiF3wCLxk5,AZjEH1zWVx1UJ6udMyRijGTzPteuLnaY18yNNmprJEsh,Caf8ypkSVR8xYnXNhjvfvdGCC7mrM3C11rz8Xi6NA6aK,723.4611091050001,724.3760591869996,723.5394995449993,1.0001083547394776,0.28941579981799975,0.9685681775668059,2992.448903758,3218.699610402,6110.3031655614195
ercAoEmXjQzEvAFbdjAo81KtMxRGn9AW1ju882upmPH,CMRhskR2Eg6V42RTSdRTXGdozyPbWB8U9dVpijPWb9T4,7TKLLgrWswt6ZJ1pXhVR3FyufHGjJFqiEXxvWJfDcgRm,49.38873701299996,38.86265427899996,8042.994072231803,162.85077446128557,3.2171976288927215,149.3751934408755,39.737516891,323.712218332,54825.8606333852
KEN5P7p3asnb23Sw6yAmJRGvijfAzso3RqfyLAQhznt,9zj4aX38Uxf3h6AUjS4EipWS8mwbEofasHAf3a1uKGds,CwQDG1MWunn9cLNwcZLd8YBacweSR7ARo32w4mLua1Yr,125509.20436999947,125515.84566899878,125308.21000115763,0.998398568695812,12.530821000115763,1.0,1125602.169882,1115107.109825,2238906.705156089
Lee1XZJfJ9Hm2K1qTyeCz1LXNc1YBZaKZszvNY4KCDw,9DgFSWkPDGijNKcLGbr3p5xoJbHsPgXUTr6QvGBJ5vGN,2hNHZg7XBhuhHVZ3JDEi4buq2fPQwuWBdQ9xkH7t1GQX,3186.0296916879597,2681.888372348977,634742.7556002097,199.22688016881688,63.47427556002098,167.09289278735173,6698.044292895,53902.457658384,10341148.046193143
SoN9GaFpSXfpyR5dth3x7PHPVhvJMpQqqDJfCSmPv1t,9kZ9iS68ViMPtoeqtnhAKuF2iqVyfHPdZHoUNdwCELr,BBhm5fJLjw3HRzjtKB8uMEYjGhY6EDm9co3cqpjrSzB9,3.4874312389999997,3.122496724000001,699.488042680543,200.5740026808721,0.2797952170722173,196.85012245061867,0.855627804,1.366478936,440.60823933111584
MATgk4zXLXtYkwBH678J1xZbRDZ45LicNzkRBHkxTuY,y8dALFo1bJrSzPYjMX14HJX448pXqYmrfXHD1K8MXih,GN7Yuet3UyiWS5YVkEHv6oQKi4HGBJc3XDPt9zQhAqZz,3219.0531739999997,3211.0762110000005,3227.5480805480015,1.0026389457050957,1.291019232219201,1.0,2889.576153,5185.735158,8082.936745578507
7dwD9TF6uikvHXxPFK9AsSim54yJoujQjY9vU6gNFumk,CquVr6atkvwueDYficKjn6SSEWq4F4rH4VSiBbW4GBWU,8BCa6ge3b7ho3TfZuM64Vk1hgbrJ3J7EPiAb9uP86CGd,0.0008629410000000003,0.0008583410000000003,0.1712652444923941,198.4669224111429,6.850609779695765e-05,199.33927005547412,0.003913983,0.003595309,1.493482432063409
MARpDPs5A7XiyCWPNH8GsMWPLxmwNn9SBmKvPa9LzgA,6YjT74rmcfCpw8LSjPNx5JTmZoYLGrTKnf9arfSgZ4SR,F8GSmi3vA8M8TsybLya1LQ4n1aFHCRbZ6k437PeTdXtg,19309.557251,20303.62171000021,18237.639962220488,0.9444877334655616,7.295055984888196,1.0,296983.53802,15236.318249,295733.6269500932
KwnjUuZhTMTSGAaavkLEmSyfobY16JNH4poL9oeeEvE,J63v6qEZmQpDqCD8bd4PXu2Pq5ZbyXrFcSa3Xt1HdAPQ,BnKQtTdLw9qPCDgZkWX3sURkBAoKCUYL1yahh6Mw7mRK,302.99818599997207,11877.199335999961,6.900642968410468,0.02277453558223977,0.0006900642968410468,1.0,276153.862527,605.31557,6894.591538294111
SAMyS8Jr2HJrkFwYVKbpUwsNStnQmvz3f8Tup8bWUWF,6jPzm5TFfquvgm25sTyN3MMGBfufRaFHMxobDWv6hMFW,Cj9ECoDmxsHTDzCY5ZA6RWrPbg9uFzEC1Qc2kso2vJG6,1050.3507210899988,24.477289319999954,1010.3685871230261,0.9619344918186172,0.4041474348492105,0.022623300849163062,504.78499628,107882.70079058,2926.232895279797
Sid7E679i9ABqptiAVhkmQ27YHN8vaYT4fppPwmxFsJ,GP7KB8o1bv527HG8kTzzzf4wJ5aEGHvcMQvVhLziUfmT,9gYxhAZ1M9wu5pxr8SBoa5NDm21gi3s9vMHaYTME77sa,782.4956579999889,2008.5224890000318,5.776608474180237,0.007382288214793287,0.0023106433896720948,0.02276566650643432,136019.415641,8685.515111,1201.8660695232459
DFWzVTzNBrQZLjoQ4yQwkj9HuoXmfkuZP9V5vbymZe23,DhgiEgiNdqZdRdo195UUHnoEJUtefK8buko8nU97XJUZ,2K2kkXsouBHtWVjtcgkyiXd8eP3oVBvq1bTJzcVdLLr2,4011.5295451289967,4030.0521311990015,3985.7597272139674,0.9935760617926097,1.594303890885587,0.9999077945026378,39530.54271195,28424.262173931,67698.24224896393
GokA1R67GqSavkd15zR62QD68Tuc5AEfvjssntVDEbM8,3YB7hfpBdbQEuZqLGWVDpRPmeZWCUsrrWyqGXegnQ6Cg,4DPCj6Z1DsG6HUtwSogBGqXEUxdEV5a8YVrrFtcnz7UW,5925.144685000007,5924.004407999997,5926.715264545111,1.0002650702436144,0.592671526454511,1.0,13461.081767,18964.300472,32428.95037122329
BUSDTd9WiT6uBHJRgNvFXBsA7JrifsAtWzKfioN7ERcy,DyBxrn7gSc1EwnpWhDyhzvMHPtxpmBqRqotapLcKcfTM,Cds99GeBgoCpqBsoRWu1C6fF9LiUMd4pXQQD24s9LPff,211.70680500999998,212.22479260999995,211.2897633879225,0.998030098172528,0.021128976338792252,0.9974660770764381,82.20469124,91.90909467,173.7189601766314
wrmcMSHFi3sWpAEy4rGDvQb3ezh3PhXoV2xNjgLBkKU,8p4mGnARWPBu6P2Gcw4adodLkNDorrXniZMhaY7eJXUn,AyY89zccbsgp9LKFgH4CFZMJmpSgqmPSdTfukhP227rc,0.006151770000000001,0.05408978000000886,2.204935483870968,358.4229390681004,0.0008819741935483874,3084.2303303210683,27.0105119,0.10362768,10000.798694648707
Cob4usZcpHEY7Qt4ZCwj6WVg9S44zvzYV2v9qYF65dTf,NhFM9UXE48PyNAyeyPYA3iXztqKVJwA4bTdLj4ysM8w,6TuFuynuBoeskxyR2cz4wxyidk8dpDK7kAWw3UkjQGx,14.965839999999957,2081.827642999997,0.11048214425648166,0.007382288214793287,4.4192857702592665e-05,1.0,73791.74898,165.018032,709.7699908440386
CZgvH45CRmoaNJ7395Ao5CQZXkGznvqU7cErD6n7FaRg,4ZjU6MKvtqVQKCiowhvZ5yUsPxXX5SCzd5eFsPeXyey5,BsyWeshjDbCvjDojry3vKDCesmFRM37WtwcR4Kfgzqr,4.8730704799999955,4.986014000000068,4.989610415460916,1.0239150933562777,0.0019958441661843667,1.0,236.51912528,568.12209075,810.2975929916163
BUSDgu5JdqP1rndBvXvanbEufS94FNh1w5FJcAj6vawb,Bgzr8cWubt89JQFXndVjtdKmDbGzuPxNhvjH1EhWCwbo,Dxaf8xPBBQsasRKW5Aa4Sw2YrbfGofY9xZueyyF23FBW,7584.301827639996,7561.049103939999,7566.103004422428,0.9976004616336279,3.0264412017689715,1.0,8789.58274646,6324.15854039,15092.650345825467
SUiuyGR7SFq3xeRVJonq84fjjeFwRSsFekcevJ53tzy,49GjCCPsv7fBqo6t3iKDrP1xxGDS8uWZbVCdfnp2gjMf,CEwj5xEbbJEjYqM8D6Ai8ByGz1mrh8mkAVsE5fzDSSSx,0.14810299999999987,18.44389799999999,0.0010933390314755292,0.007382288214793287,4.373356125902117e-07,0.9487702040614956,665.005897,1.506777,6.3388503179563065
YakoMPuYrybnr9R7VC7hVGxMz94fJvPFCdZ4gmW61Ed,,,0.02116299999999982,0.02108999999999983,0.0,0.0,0.0,0.9487702040614956,665.005897,1.506777,1.4295851217651683
daob129AwBGn9Y5r91uLoWZeYiGzbPmksauMhFZKTze,6VW5GQNyj4LStgmxEHLr5zUfW92vQnmbw8jTnCH7a38F,4VPCCUifPeBA1c7HWK358CHn2nyjm8pdTRk6Ps3KmnMQ,12.820961106999988,11.458110062999992,2335.672797682135,182.1761081863749,0.9342691190728539,167.71752879626112,48.141293111,224.303140185,46389.76179509105
AUSejoEUCh2DBs9mof6BNC8Pubs22w4cJa1ccV9h44R,4xkyD7AfGQDwsQMy9MosRRNGoVJ1zosNinesxg1TzHG7,Cbm5gsQe3nSiCsFrvepVzMCD9xLK3ri9g3ypS2hdmVJ7,769.2549679999993,766.6252980000008,771.673392411818,1.0031438528347842,0.0771673392411818,1.0,13322.980479,15556.619145,28921.485113946677
parEAJhzYzHW87y9VoZAQ22dzQ2MD2ekEtTReaxbMcz,3oyc6hpjYSJEquK6dSvG72NXyz3pqLZz5D8AC71pwgQb,Di2vordgFJVZ1aj1aBpvzXtLfZgJsuLLXawGtVFwX6Rz,3.0368412580000097,3.5843014980005137,498.49553144420565,164.14935424464787,0.19939821257768228,166.68800273101624,1102.717844488,140.435545869,204419.3427400989
HEDSDjj84KS7LKhZY7ejkCACTdPen62rKhCby1wXtgxc,EnnjMSFttpCTywBrYNt1J5QQeoSVkvzPipJDa8Y7kJow,6bjVT6JN2rSvpyn9PdfLYC8wJn4LWh49jpY47fnLDXZk,18.50354572299875,19.11017510000238,17.92728980792097,0.9688570005065824,0.007170915923168389,0.9999032543606244,38840.255026333,9048.186754685,46677.964365795924
BkwbeSfcX1h4thMDd7obGkHrPevf3QwgzJ4pCEqG18Lu,35yX27bmurdebhfAb8EPmjLETDiUaEUCn9zHaDPbakH2,2CxECn1ZJFoESyUnQysQU8rRgT3iJ5GRs2Mdd6gZjx5g,0.007244960000000078,0.011600000000001387,16.87032250553051,2328.5597857724997,0.006748129002212205,1447.178002894356,0.81391717,22.07407933,33840.37683153275
BSCNHw8CmxbZ8hCWWzMf5FaG2ajPT6JxfznKUNuRVrn4,7n9kgNL633yGzCYksgnzHyjG73ZLBAwvEae5sbAekbzW,SscdxE99omdG9AiMVwmaEMQySQnCgeAh1sPj2Leutm2,209.0774120269998,208.7246189409998,209.67595047912613,1.002862760000344,0.08387038019165045,0.9999007328549444,4798.099999677,6907.101929837,11718.252089981543
