0,1,2,3,4,5,6,7,8,9,10,11
SoN9GaFpSXfpyR5dth3x7PHPVhvJMpQqqDJfCSmPv1t,9kZ9iS68ViMPtoeqtnhAKuF2iqVyfHPdZHoUNdwCELr,BBhm5fJLjw3HRzjtKB8uMEYjGhY6EDm9co3cqpjrSzB9,0.15308966899999898,0.15048408300000027,26.874928178007764,175.55024028439138,0.010749971271203106,171.54521237039972,1.537744209,2.445049248,689.3878578901275
BkMBnJpvHKtWhUvrgRrLesXfi9RUV3ELgdBaJcdH7hcY,5uerVwBnZQsuVhZ15igs7ZgmcqhHnYWbwoRtLyRqLvR,9YWiQh5d4jCtgMdzcGLv9bWgnLaFtzvDDh2nnhJdzhBX,69.23747926400006,69.66039300000011,69.69898060925716,1.0066654845058327,0.02787959224370287,0.9997859898101653,917.244762381,1957.236615024,2880.176389577174
MATgk4zXLXtYkwBH678J1xZbRDZ45LicNzkRBHkxTuY,y8dALFo1bJrSzPYjMX14HJX448pXqYmrfXHD1K8MXih,GN7Yuet3UyiWS5YVkEHv6oQKi4HGBJc3XDPt9zQhAqZz,608.5127590000025,608.5673430000011,608.6003974572363,1.0001440207389865,0.24344015898289456,1.0,4188.102935,3876.484038,8065.19014667965
ALBpShJ9NLpE739pcHDF2LNVk5J4VYPvvKuV6jMPitZi,D6d156U1bPiJpDYRLextvDRccgFk7QzkQbJg42ceKEu5,GNcM8U5g8RwTZffwwm3kSQqUNPSwv5d2fbN9sLxPJqt2,2900.4065960000007,2900.8087030000024,2897.6393504203493,0.9990459111548471,1.1590557401681396,0.9992925009093563,50992.69229,49322.754476,100231.89940316198
YAkoNb6HKmSxQN9L8hiBE5tPJRsniSSMzND1boHmZxe,CfWX7o2TswwbxusJ4hCaPobu2jLCb1hfXuXJQjVq3jQF,EnTrdMMpdhugeH6Ban6gYZWXughWxKtVGfCwFn78ZmY3,3323445.1832170123,3322302.952879994,3323445.1832170123,1.0,332.34451832170123,0.9981295053070547,316928.433802,1130943.350836,1445756.3611022395
BUSDgu5JdqP1rndBvXvanbEufS94FNh1w5FJcAj6vawb,Bgzr8cWubt89JQFXndVjtdKmDbGzuPxNhvjH1EhWCwbo,Dxaf8xPBBQsasRKW5Aa4Sw2YrbfGofY9xZueyyF23FBW,3606.161081699999,3614.482301979997,3597.3529629701666,0.9975574805089737,1.4389411851880667,1.0,8757.22747666,6327.5296261,15063.367403960909
BUSDTd9WiT6uBHJRgNvFXBsA7JrifsAtWzKfioN7ERcy,DyBxrn7gSc1EwnpWhDyhzvMHPtxpmBqRqotapLcKcfTM,Cds99GeBgoCpqBsoRWu1C6fF9LiUMd4pXQQD24s9LPff,246.50868756999995,247.27585076000008,246.4979599787817,0.9999564818939081,0.02464979599787817,0.9988900932617732,78.86629545,94.95372211,173.71119567219793
HEDSDjj84KS7LKhZY7ejkCACTdPen62rKhCby1wXtgxc,EnnjMSFttpCTywBrYNt1J5QQeoSVkvzPipJDa8Y7kJow,6bjVT6JN2rSvpyn9PdfLYC8wJn4LWh49jpY47fnLDXZk,49.12783502399907,50.74241904099472,47.590045463921506,0.9686982021632675,0.0190360181855686,0.9997859898101653,38861.119799347,9027.890561876,46670.65538498184
Lid8SLUxQ9RmF7XMqUA8c24RitTwzja8VSKngJxRcUa,4PgzyzLtds9bKZ2to9PMnKqJzKEUpjvNUaeN23phegax,AtymwxoVN9peZo7EXTcDz9jKVc4vRmisJKKrNfe3ewBa,83.92117414399479,70.95436844899996,14533.43832821988,173.17963525251582,1.453343832821988,146.3590122171722,967.950755797,7675.080814645,1290946.6055497332
DA1mL7dfBow33EH5yjUuZE6SH2KeUK5zEXzsyhE5r5j5,B4UtLRZND3D83CitRCBUyeiNr7H8m7YFRqBmiPmXjhW4,AAmpYbuixWiSqDaJBCqYEs1pb5SrbdPr9mgXrB58Q2e,0.0011612919997787685,0.0011612919997787685,0.0015376295814264313,1.3240680050489944,6.150518325705725e-07,0.9997859898101653,134.965989112,3011.769461819,3189.8290604177278
Sid7E679i9ABqptiAVhkmQ27YHN8vaYT4fppPwmxFsJ,GP7KB8o1bv527HG8kTzzzf4wJ5aEGHvcMQvVhLziUfmT,9gYxhAZ1M9wu5pxr8SBoa5NDm21gi3s9vMHaYTME77sa,771.8079800000032,1552.198380000049,7.250829120637059,0.00939460242512267,0.002900331648254824,0.023284672868741085,130980.319824,10514.905757,1475.3441710592806
moFiBS1R4Lf3E3zzmBPnw3NF4RhWPkhREFviuzUaCAU,44ALBrpqi9PfZkBRTvbtRNtFJGsatfY4QydjtMbFWq8S,2ho8qEEie1UjVwWNBo9y4oAJZMyMLx8zPj9bxyUz6uWs,1522.4657052850016,1520.4985664369997,1524.0567458488872,1.0010450419726122,0.6096226983395548,0.9997859898101653,27776.083768312,36645.629995887,64442.89839933965
MAR3XM1n9xWPQ3HJjAcC85o8DopWFP5p2WxGTaZ3fPB,6qG7GUhER8Cg9gDEgnebph9LdS6eu2eoWcA4R7z9uizK,4QV4CwRXVMY227KkFF9voNAfwWHVvVajXSXDKbUHkWZR,0.0031790000000000013,0.1343829999999997,0.003016672834761486,0.9489376642848332,1.2066691339045945e-06,0.023286391693501905,0.112326,24.260372,0.6715268971005244
ALLwa5WNZbvQsRKAqe1jdRGemdYQnW8E5k4msbRFcYtu,CGoM82Hbz7QVqTgvQatYtjvDWBvoUJp5qm21P8iMs9yb,3dxNNww8TivyN5FMy5dCNdi3Zcxv6e4kUfSPxfFwpdNq,1.4974491910000012,1.4928049760000002,4404.003267454858,2941.0034703840947,1.7616013069819434,2931.6743965148257,1.714904575,6.945103122,25404.32131037514
C2ypsDADXcCRz8HbV2zX1AXPSja7a1P3xZtRC91xGhJh,J9bYNuDpY1d1T86gLaw7DGk5D3CsUAf2tzUwxMvb6FTv,A2NGvvPrMGzsJ4jb52KEnSBVmsA7C34dV1GC7PerdgvG,680.3957100479995,684.925032865006,99495.21070963601,146.23139041046713,39.79808428385441,147.14507651102542,2835.417048189,1606.860577219,651068.5999276602
MiMuMS9C4vBqcrYeeQPph1E7oAW9aNKvW9k6Zw9XffM,Afy2q2hh6Y474pshJa5fnQ6PfEchGyTbKrQpCZw2hr3m,5pXz9ksgjeL8Wgb37bksUaBFMLdFfsNNY3FQnikkCPtS,0.008029546999999582,0.5297280000004321,0.0,0.0,0.0,0.023286391693501905,26.00706393,7673.679404041,178.692304332857
STK75uPSyBnEhGTTzb1nwmP3n427XoXmfRhXxxhyady,6TYyD5fUmDe6N65avW1Ny2RxzRNobw2RRgKwH9CTzSAU,54zDfk4cx2vGrEajPtodWpArNe5eUurytyxd4X3aZAxK,283.24873919599884,319.38406969799917,41464.683964653166,146.38965060303752,4.146468396465317,165.1359936191452,1599.873622186,280.858817767,280584.8404994766
RajgMbScQbqqrdJfR2rxfHJiTiY5b6bJ2tTXiF4aPxy,725ZA3fhyBAKb5iopNRrcbSuQa3LXA1656Q3mBvYPxeg,GLA6i1dSZpUfk2f9Nj8uiG7xyDdAR2reff8oEiZH3617,550.7769039499981,550.2131658800063,549.7701593365194,0.9981721372006368,0.21990806373460778,1.0,130437.29282371,53488.93528148,183687.8066299879
RoBgmK8CvjdHvPrqdDyVw54VwjZv2TqJ493xnqJAQHx,ExiHJxM7qPAcy27NDHAF6G7vnW7muNHi2sVJpnaNynGQ,6rkPHSqZb7StM4HwS9EuVrmfkV7tRdc7dnsFhyB6cefE,12.081519000000252,20.14118999999986,0.0,0.0,0.0,0.9502424543622305,6233.702333,19.520369,18.5490833486164
BSCNHw8CmxbZ8hCWWzMf5FaG2ajPT6JxfznKUNuRVrn4,7n9kgNL633yGzCYksgnzHyjG73ZLBAwvEae5sbAekbzW,SscdxE99omdG9AiMVwmaEMQySQnCgeAh1sPj2Leutm2,762.7414790419998,759.7650918700006,764.8876950178675,1.0028138183576476,0.305955078007147,0.9997859898101653,4619.47215637,7082.637089863,11713.591845281106
AUSejoEUCh2DBs9mof6BNC8Pubs22w4cJa1ccV9h44R,4xkyD7AfGQDwsQMy9MosRRNGoVJ1zosNinesxg1TzHG7,Cbm5gsQe3nSiCsFrvepVzMCD9xLK3ri9g3ypS2hdmVJ7,695.9311830000024,694.6008099999999,697.8544699190994,1.0027636165271487,0.06978544699190994,1.0,13468.739268,15410.081235,28916.042933440902
B2izdXFYb2sNwbWWHmh75T4aQFtfXsUxem9u2p61HGzf,4DYwgJtxwuJdAjkj5RJSNH4e7U329V5cNp7d3a1nLrZv,EXNW64GEf1ACC6xY9BtKRiunrs6GoJSXBdxWN2eTPmrF,3077.1035449999945,3049.6214990000008,3092.8741100873294,1.0051251330534394,0.30928741100873297,1.0,11477.761381,28242.271728,39778.85816323325
GokA1R67GqSavkd15zR62QD68Tuc5AEfvjssntVDEbM8,3YB7hfpBdbQEuZqLGWVDpRPmeZWCUsrrWyqGXegnQ6Cg,4DPCj6Z1DsG6HUtwSogBGqXEUxdEV5a8YVrrFtcnz7UW,3790.241306,3791.033319,3789.7865316162065,0.9998800143982723,0.37897865316162066,1.0,19512.176138,12908.46612,32418.301077805067
BSC8REUo9LpiiWUuqMuLXs2D2yJsJfGd4HdiF3wCLxk5,AZjEH1zWVx1UJ6udMyRijGTzPteuLnaY18yNNmprJEsh,Caf8ypkSVR8xYnXNhjvfvdGCC7mrM3C11rz8Xi6NA6aK,77.91849935400023,77.96618256500005,78.05701550892861,1.0017777056293022,0.03122280620357145,0.9997859898101653,2628.073041676,3582.14446423,6214.1228307296
KZMu9QBEdL97EFgamLbN5DE1AoKBG4HdrKKJo4Vuon3,DD4ACBWyVqdaKWh7v5btsgqQCCMwbKnuL2xd9pv7Gyuw,GcYqiJ1MAuYbNTNYXm1F1gQYTfTgkErACAhNU5dpVj9T,30.562713659999986,31.875131440000132,29.36353479435652,0.9607633380012021,0.011745413917742609,1.0,2383.2853136,716.44251334,3006.2156666435776
JSoLLrxK5bYdHwTEWYaGgmeycBCNXKDiBCTw5hXGBg7,xG4wXczA7Dk4hccJ61CHKpDHW4NrNfQwgmWgkb9BuF2,BVR6WgfhsRr9Lob4QDnkEAiNGgAbv7ZieKcY9kSg3QYR,0.8095428310000727,0.6883494599999942,139.18392349984137,171.92904213344687,0.05567356939993655,146.37945066719752,17.029163374,164.713390534,27038.46337112429
parEAJhzYzHW87y9VoZAQ22dzQ2MD2ekEtTReaxbMcz,3oyc6hpjYSJEquK6dSvG72NXyz3pqLZz5D8AC71pwgQb,Di2vordgFJVZ1aj1aBpvzXtLfZgJsuLLXawGtVFwX6Rz,3.581407504000026,4.235510297000019,508.16879614023327,141.89080566025126,0.2032675184560933,168.62795025138212,1103.079377476,140.120505845,180145.0552661072
ercAoEmXjQzEvAFbdjAo81KtMxRGn9AW1ju882upmPH,CMRhskR2Eg6V42RTSdRTXGdozyPbWB8U9dVpijPWb9T4,7TKLLgrWswt6ZJ1pXhVR3FyufHGjJFqiEXxvWJfDcgRm,266.04184730900005,238.57395446499999,38943.94305549152,146.38277191880735,15.577577222196611,127.3195229846752,51.808086678,379.198729825,55863.2127334492
MATSnbbiTCv7Dc3trJrkrqjx7ckKdr6fwPoVwv9q3sD,631WX9JizSHJm4w6VanZeJAst9T8DeUUnPLesdGkCVtK,211maUSfpnXbPuW1iBu8b4dtJv5EbN1j7JJiEX5TZKEP,2368.195440000003,2366.5833930000044,2369.0269684659347,1.0003511232442588,0.9476107873863739,0.9989900210886793,20249.196581,25308.150561,45538.896407246015
ACUSESXyNnwRLAg1dpSGMLSzUDdLjUMybY8rkXiAKhCP,AhFPQdu8GKBsxuhiH46UmCu1YpaLgNpoP325HnYtsgas,A8wxWpT3aFEr2XqZp1kDmbxbFfcBE95UUmdsNTDBJYbT,456.0780002649999,456.2596428070001,455.98039492558377,0.9997859898101653,0.18239215797023353,0.9878145557282156,1045.180416672,1840.979146512,2863.5027351292774
wrmcMSHFi3sWpAEy4rGDvQb3ezh3PhXoV2xNjgLBkKU,8p4mGnARWPBu6P2Gcw4adodLkNDorrXniZMhaY7eJXUn,AyY89zccbsgp9LKFgH4CFZMJmpSgqmPSdTfukhP227rc,0.007352760000000652,0.026655000000004314,2.373389283408861,322.78889606197544,0.0009493557133635445,2941.955223441499,27.04135832,0.10012841,9023.223498943507
4vezWG46exH6pf9nry3n1VJ7hZHvjBJNgNeF4qEFCML5,,,0.002703000000000344,0.0026729999999997034,0.0,0.0,0.0,2941.955223441499,27.04135832,0.10012841,294.57329881439205
vEnkoSUkpnbRrPgBz9DfcVxNz67zjwMYBZraAvDDNSf,DtfyjjsZ5yCjWKLKHvwsfXs5QVsmm1QkK6Sh9JZHoq1g,e5wrKCRv4GhHvEf1VD5Pq2KGaZDXP77nTL612Jyrxwy,1459.6732239999997,1459.5292629999994,1455.468375862134,0.9971193222779391,0.1455468375862134,0.9989141802860291,850.408001,1097.547208,1944.3137192213967
TSMFNX73aQNb3yqszDKgyR8AVoigfbaD4cfLjjCYXZf,C5uYkVHiFduEFq8S3fr4pgUS24oYj1sjZ8WW2cb4j8SU,3F5DPU5ScgHiFzePYUHZovvgh3uqmM5keNvbavx2ERqV,79.15751300000011,126.895795000004,0.0,0.0,0.0,0.05744183038162743,2998.681215,82215.148803,4722.5886323421855
C98Sspw7XqnMsgxea3SLQVdbMDL8pKUc3RE82UvX9eq2,CSqgQJurPCzGxb4Cgwx5R61hWQUiaoUHcShNc8r1cKEL,6S2CR5EnukPhC914XkAns8m5GixjMAoUuZMsS5ubHuWc,85.30309899999997,85.2500980000001,0.0,0.0,0.0,1.0,850.962013,912.815694,912.815694
SRMuKizofcAMicegrfSv7xs9q76tH1w8aAF7oX9FEWu,72Hj2KWntXPfbie4UgKeTPnm1XVkomDfCnRPKbvfTtPi,6aqJQ5wedqpUt4fFEDUqUmXhrdxCu4bEJsQdVPCADLko,658.6689270000006,661.4053619999977,37.76994871485518,0.057342842764548915,0.015107979485942075,0.05757491244583064,16945.392921,4946.001459,1256.4626028112789
BUSD5rCfUDpCxKGMvYU2yThChxgHoioK74PTPociGnv2,CcFHbafgYDZ8yA8Me1PdtDiVb2eeaS61LbqyKKK5CsNZ,26R9s4nmF3CFDTkiePDwRmtscn8i7r2eygbSijditJ58,94.44406039,94.45650413,94.12186336853549,0.9965884882528977,0.009412186336853548,1.0,91.64903169,56.2996366,147.636006541779
oKQqupM9E7SSLAFDLxr7mdsXP7znck9qRbVWc6Yyj7Q,CMR2J7CwfW98RpvnJmFBgRFTLAd3x8CJ1SWs8Bt3uunG,FmRb5jHfSNj1YWP3b45d9vvYuhwjp4om8bALmtqZpr1v,1.999200159999873,1.9757761399996525,2.0237112289826373,1.0122604376856221,0.0008094844915930549,1.0,2176.16186239,3720.11176741,5922.954326707661
DFWzVTzNBrQZLjoQ4yQwkj9HuoXmfkuZP9V5vbymZe23,DhgiEgiNdqZdRdo195UUHnoEJUtefK8buko8nU97XJUZ,2K2kkXsouBHtWVjtcgkyiXd8eP3oVBvq1bTJzcVdLLr2,117.215573235997,118.56816373000038,115.90882456600463,0.9888517486719839,0.04636352982640185,0.9997859898101653,42740.472969667,25238.75210937,67497.34219436276
7oAd7xG4m3oC2qeWB1szghTebAZyyGPAFDJ4wwwbRSNi,D9yh4KAysxt9GLacVe4Wwh2XqghhcjTCSTV9HuM7TBJd,HDYfJLpZKaMFb84jM4mRytn7XLR8UFZUnQpSfhJJaNEy,12.338486858992837,0.2807060000000092,12.335846297077872,0.9997859898101653,0.004934338518831149,0.022774747511975606,955.404703978,300093.099460776,7789.74480794129
SoNcU2iwHMw6dGzsYNQkYFkUjwN1UdAjrWVRnStrZu2,8ivTTid27jZnYNc4w3CTA1Z6QS2twsFb8WMwUabeDJgc,CyXm53PMvHCbeXJBykU46Rcbo28xk5srhMZFg7gv6EYB,1.0180039480000005,1.0097976340000017,176.66861348476107,173.5441339219256,0.07066744539390443,171.84604931088015,15.464938512,19.222937944,5987.235302045487
WiiQFxXqp8P9Fs1rt9SVcDyA3KUdJmUsog6wnVQAwba,3S2jpqSYxho6wiz3cafhjXruVY8cg4HYa2v3BqBHYFSj,Dfe67M6TfrG74gKRtdqys4e6E9QirPD53BkF4FujFjuv,17680.697501696,17667.345195693,17741.085887197027,1.0034154979177283,1.7741085887197026,0.9997859898101653,4788.129097018,22040.795036826,26840.56102407474
AURHmCnNwiW4uA2Qj1XvEh4iKgRUZYXtiY7FKAapUV5Y,BKWm4TRnTeKwfWXRyuzjRHU7iZDkPuXBX5b5V5jSVfGJ,A5Ww74HVrkj9nPeC7pHKLfgeDMEhBCpW1efQdz3TGLEg,0.0006681699999262491,0.000645671000143011,0.10886183602642148,162.92535737677142,4.354473441056859e-05,146.1260664645646,289.932034423,1795.28331405,309574.96919493575
SEQV6QiTpvTzrceiaYg9Avnwf7oc8ZALpnQMz6TyT4A,3dFMPj4r9mMmPHF32mz1gNDX7f8ftidWof7S8YiYTs1j,Fc1ED3YPeQfXQosHbd8DTaBd2AV5gHQtwiSAL5C5pUhi,1034.4852400729999,1035.1252365099995,1032.8250718883214,0.9983951746043652,0.41313002875532856,0.9991197754778042,3206.787240457,2340.169119223,5539.750151833292
TETFuZgEmET6d9vYmz9iMFCxK1jKdKYxf3oPz8hSzJK,Eu1Ze6Z84LWNkq7SNoAHBJbXx5t1P95EwyqYohrfCRFV,ASMbv7WNu3qe4pkhREmvyEdwFNDZQ6B6iSrjkj4u8bdC,182.51480311999995,182.40688667700002,183.4054216817407,1.0048797059006507,0.07336216867269629,0.9988074239358207,39.476396691,212.148030455,251.56405768868606
FrnkTEL6yZ5Aycq2TrEgu29dCrwKG4LPUZydfiwqspkc,DjvZuMZ46fxKBoBpGMPcRcos4xdTtHFxwMh69DpA2ZFY,9rvDPJLAng4uVVqnnSoEXgNDFhBZQTny9AoQioYDZbQX,17.682550047999598,14.748294954000016,3099.50302008963,175.2859746855501,1.239801208035852,146.13492842530408,172.37211898,1439.384548727,240558.77288873168
KysFMBBoavfov2tLpvefWW6tPFt6rAeZWDJVy1mMQae,B8ka2V21TH3x64dFV8ETcjuQcwmrciJ2qzy1mJUttRew,7fSf7EYxBANyxzk2s5pymFgshA91tFYQNKKs5UnLWcYS,23.598589000000175,31.663770000013756,0.0,0.0,0.0,0.023286391693501905,134546.099813,2579.40264,60.06498021029288
KEN5P7p3asnb23Sw6yAmJRGvijfAzso3RqfyLAQhznt,9zj4aX38Uxf3h6AUjS4EipWS8mwbEofasHAf3a1uKGds,CwQDG1MWunn9cLNwcZLd8YBacweSR7ARo32w4mLua1Yr,28574.27172600059,28574.961400000146,28563.389074763105,0.9996191451057148,2.856338907476311,1.0,1142987.716171,1126476.470612,2269028.8743171883
KEnkcdADoLR5jS2CLLLesy8TtFsyWL37BhXNfDMzWzP,3qsjFRuw1qeLMPo4DLwaQevenGAGBj9dA3Q6rb8ax2YR,77iEv8zPQAEyCcEbvBRSB6AFcUdfkhiqnAKtPxk76rNN,0.01984400000000003,2.1712679999999978,0.00018642649052413453,0.00939460242512267,7.457059620965381e-08,0.9993434313655929,116.681967,0.320646,1.4166161640399353
Cob4usZcpHEY7Qt4ZCwj6WVg9S44zvzYV2v9qYF65dTf,NhFM9UXE48PyNAyeyPYA3iXztqKVJwA4bTdLj4ysM8w,6TuFuynuBoeskxyR2cz4wxyidk8dpDK7kAWw3UkjQGx,17.86860500000003,1956.6441820000182,0.16786843986655936,0.00939460242512267,6.714737594662374e-05,1.0,70479.881282,192.428186,854.558649614235
KEVpg4SYCVrqFxKijQH6hm4QxsRdoE51ud64bEEFUC9,2bPenuBYfqzD8p5dFjCcggwkHDsc2RQDnx9AoyYGUBjA,AE6n6iLuX8oYu61vt5hoDYkjswpnxFxrhSehxrnQTnbx,204.0379559840003,204.06556999299983,204.49158416396608,1.0022232538930225,0.08179663366558643,0.9997859898101653,1852.419104988,5793.485220498,7648.78285860083
daob129AwBGn9Y5r91uLoWZeYiGzbPmksauMhFZKTze,6VW5GQNyj4LStgmxEHLr5zUfW92vQnmbw8jTnCH7a38F,4VPCCUifPeBA1c7HWK358CHn2nyjm8pdTRk6Ps3KmnMQ,6.34194352099999,5.689268464000037,1021.2758881733185,161.0351597726441,0.40851035526932744,146.0624200673406,48.397578246,223.987715755,40509.899573984556
KwnjUuZhTMTSGAaavkLEmSyfobY16JNH4poL9oeeEvE,J63v6qEZmQpDqCD8bd4PXu2Pq5ZbyXrFcSa3Xt1HdAPQ,BnKQtTdLw9qPCDgZkWX3sURkBAoKCUYL1yahh6Mw7mRK,244.8146800000152,7944.729017000011,5.700850530799681,0.023286391693501905,0.0005700850530799681,1.0,275810.014228,613.12244,7035.742464303542
MARpDPs5A7XiyCWPNH8GsMWPLxmwNn9SBmKvPa9LzgA,6YjT74rmcfCpw8LSjPNx5JTmZoYLGrTKnf9arfSgZ4SR,F8GSmi3vA8M8TsybLya1LQ4n1aFHCRbZ6k437PeTdXtg,16096.90894600001,16956.841332999837,15161.776082556193,0.9419060599410178,6.064710433022476,1.0,296677.187191,15488.291771,294930.33223245863
Lee1XZJfJ9Hm2K1qTyeCz1LXNc1YBZaKZszvNY4KCDw,9DgFSWkPDGijNKcLGbr3p5xoJbHsPgXUTr6QvGBJ5vGN,2hNHZg7XBhuhHVZ3JDEi4buq2fPQwuWBdQ9xkH7t1GQX,1243.0255414437197,1047.2739538939932,215499.36338734458,173.3668023724207,21.54993633873446,146.06521490502038,6707.209128156,53867.925977421,9031037.583771246
MiMUFdSLMyCLpqpH6zkqdDrGYs7XBomwENbivdYjv9V,,,0.011789876000000032,0.008029546999999998,0.0,0.0,0.0,146.06521490502038,6707.209128156,53867.925977421,7868230.1843797285
BSCuChvaSj9b5HUSqgDVRzcnr2sSn7cXaamt1jbKH6hn,GnKpRj5kBVPMJfiwZtEuD9GYApLzPdW5JFuZTcyX4BTc,3dmwD9okkomV9nDwyuh4UMhKdUR13QpuKxRo89ycZB5t,127.65477225699988,127.4147560880001,127.86514712131167,1.0016479984303936,0.051146058848524675,0.9983975718971051,1320.32107964,1681.365715435,3001.1684144682054
SAMyS8Jr2HJrkFwYVKbpUwsNStnQmvz3f8Tup8bWUWF,6jPzm5TFfquvgm25sTyN3MMGBfufRaFHMxobDWv6hMFW,Cj9ECoDmxsHTDzCY5ZA6RWrPbg9uFzEC1Qc2kso2vJG6,1030.827417039987,91.01707401000402,990.3811900984952,0.9607633380012021,0.39615247603939807,0.023286391693501905,514.37894759,107478.39612261,2996.9804653845663
CZgvH45CRmoaNJ7395Ao5CQZXkGznvqU7cErD6n7FaRg,4ZjU6MKvtqVQKCiowhvZ5yUsPxXX5SCzd5eFsPeXyey5,BsyWeshjDbCvjDojry3vKDCesmFRM37WtwcR4Kfgzqr,2.424394729999989,2.5062919999999167,2.507877897362204,1.0344346431417195,0.0010031511589448816,1.0,203.36160541,602.19257319,812.5568629110205
heyk4SZTeCUV6a65WiVA5bzic3KcxgVf1qxobfeV4tQ,9ZDpBKPqMABtGfq66FbVribaArMvtk63xxy91onZAtDt,DaTP4s6N7xxSPinbNZ3FB52EpRDRt87QShTuN3VPCW52,53.827535854001326,46.49980081700005,9081.160723320878,168.70846081366403,3.632464289328351,146.04514138484092,621.486090776,4497.668561636,761712.6027782037
