0,1,2,3,4,5,6,7,8,9,10,11
KwnjUuZhTMTSGAaavkLEmSyfobY16JNH4poL9oeeEvE,J63v6qEZmQpDqCD8bd4PXu2Pq5ZbyXrFcSa3Xt1HdAPQ,BnKQtTdLw9qPCDgZkWX3sURkBAoKCUYL1yahh6Mw7mRK,182.6172209999877,6616.3301979998405,4.0766093889343145,0.022323247318140876,0.00040766093889343154,1.0,276446.92835,598.519169,6769.712320897421
JSoLLrxK5bYdHwTEWYaGgmeycBCNXKDiBCTw5hXGBg7,xG4wXczA7Dk4hccJ61CHKpDHW4NrNfQwgmWgkb9BuF2,BVR6WgfhsRr9Lob4QDnkEAiNGgAbv7ZieKcY9kSg3QYR,1.6250981999999965,1.382074816999996,276.3380030216791,170.04387982318838,0.11053520120867166,146.60353332107726,17.211900873,164.497332033,27042.668501505268
heyk4SZTeCUV6a65WiVA5bzic3KcxgVf1qxobfeV4tQ,9ZDpBKPqMABtGfq66FbVribaArMvtk63xxy91onZAtDt,DaTP4s6N7xxSPinbNZ3FB52EpRDRt87QShTuN3VPCW52,89.41309661800278,77.28100143799884,15074.377382507513,168.59249878023326,6.029750953003005,146.6038342180386,628.663619795,4489.328712682,764140.7728977781
SRMuKizofcAMicegrfSv7xs9q76tH1w8aAF7oX9FEWu,72Hj2KWntXPfbie4UgKeTPnm1XVkomDfCnRPKbvfTtPi,6aqJQ5wedqpUt4fFEDUqUmXhrdxCu4bEJsQdVPCADLko,19.43963900000017,19.534013000000414,0.8360711084801407,0.04300857173737297,0.0003344284433920563,0.04315552695207229,16948.215891,4942.905868,942.2322663765883
SEQV6QiTpvTzrceiaYg9Avnwf7oc8ZALpnQMz6TyT4A,3dFMPj4r9mMmPHF32mz1gNDX7f8ftidWof7S8YiYTs1j,Fc1ED3YPeQfXQosHbd8DTaBd2AV5gHQtwiSAL5C5pUhi,601.4944499700005,599.9999999999999,598.48330331994,0.994993891215105,0.23939332132797603,0.9790905423769969,4159.510217876,1470.150089824,5578.097306054801
KEN5P7p3asnb23Sw6yAmJRGvijfAzso3RqfyLAQhznt,9zj4aX38Uxf3h6AUjS4EipWS8mwbEofasHAf3a1uKGds,CwQDG1MWunn9cLNwcZLd8YBacweSR7ARo32w4mLua1Yr,29843.720426000888,29844.352161999792,29710.557706360974,0.9955379986898719,2.9710557706360974,1.0,1151162.939165,1138467.265057,2284493.713679275
parEAJhzYzHW87y9VoZAQ22dzQ2MD2ekEtTReaxbMcz,3oyc6hpjYSJEquK6dSvG72NXyz3pqLZz5D8AC71pwgQb,Di2vordgFJVZ1aj1aBpvzXtLfZgJsuLLXawGtVFwX6Rz,5.822482633999982,6.884664376000046,835.6257989776104,143.5170959717478,0.3342503195910442,169.0684816957163,1102.168439993,140.88916341,181999.9307246153
MATSnbbiTCv7Dc3trJrkrqjx7ckKdr6fwPoVwv9q3sD,631WX9JizSHJm4w6VanZeJAst9T8DeUUnPLesdGkCVtK,211maUSfpnXbPuW1iBu8b4dtJv5EbN1j7JJiEX5TZKEP,74.0592510000024,74.02301400000579,74.03889030516848,0.9997250756042089,0.029615556122067396,0.9791854547875803,20304.073731,25251.399544,45024.29479231195
YAkoNb6HKmSxQN9L8hiBE5tPJRsniSSMzND1boHmZxe,CfWX7o2TswwbxusJ4hCaPobu2jLCb1hfXuXJQjVq3jQF,EnTrdMMpdhugeH6Ban6gYZWXughWxKtVGfCwFn78ZmY3,4252150.394411985,4250603.817582991,4252150.394411985,1.0,425.2150394411985,0.9967029067843572,332403.825744,1119139.569847,1447853.4881079001
BSCuChvaSj9b5HUSqgDVRzcnr2sSn7cXaamt1jbKH6hn,GnKpRj5kBVPMJfiwZtEuD9GYApLzPdW5JFuZTcyX4BTc,3dmwD9okkomV9nDwyuh4UMhKdUR13QpuKxRo89ycZB5t,242.57808947500007,242.1595334110002,243.05663785591526,1.001972760120054,0.09722265514236611,0.9975131995934136,1304.258617512,1809.020487692,3111.353421706549
C2ypsDADXcCRz8HbV2zX1AXPSja7a1P3xZtRC91xGhJh,J9bYNuDpY1d1T86gLaw7DGk5D3CsUAf2tzUwxMvb6FTv,A2NGvvPrMGzsJ4jb52KEnSBVmsA7C34dV1GC7PerdgvG,1214.3929758059949,1221.7046064140018,177392.95641971423,146.07541376956516,70.9571825678857,146.95476658807036,3865.400973535,2229.630199858,892294.8321922502
BSCNHw8CmxbZ8hCWWzMf5FaG2ajPT6JxfznKUNuRVrn4,7n9kgNL633yGzCYksgnzHyjG73ZLBAwvEae5sbAekbzW,SscdxE99omdG9AiMVwmaEMQySQnCgeAh1sPj2Leutm2,117.07505601999992,116.40751077800041,117.78510195244658,1.0060648780071937,0.04711404078097864,1.0,3861.231872152,7843.844355905,11728.49412831909
SHRJZYZxBfNz1SL5puXfaymPnndnJTY6MJrTrzpsYMc,BKJWe131yeNE594dMwrLyT25RPsytUgcTdMpph8rbuda,EreMRai79gFEuXwrMnj6kpV4pvVAUqukjSuy87XQTT8K,0.00363,0.003712,0.003431975040181526,0.9454476694714947,1.3727900160726104e-06,1.000032001024033,0.01736,0.003106,0.019519070937205795
TETFuZgEmET6d9vYmz9iMFCxK1jKdKYxf3oPz8hSzJK,Eu1Ze6Z84LWNkq7SNoAHBJbXx5t1P95EwyqYohrfCRFV,ASMbv7WNu3qe4pkhREmvyEdwFNDZQ6B6iSrjkj4u8bdC,2.8916445189999536,2.8918440020000133,2.8794144480028754,0.9957705482410723,0.0011517657792011501,0.994629992669577,282.94803065,69.841897834,351.21816193474297
KysFMBBoavfov2tLpvefWW6tPFt6rAeZWDJVy1mMQae,B8ka2V21TH3x64dFV8ETcjuQcwmrciJ2qzy1mJUttRew,7fSf7EYxBANyxzk2s5pymFgshA91tFYQNKKs5UnLWcYS,57.38896099998874,68.24661499999138,0.0,0.0,0.0,0.022299092645460438,134519.714779,2599.041798,57.956273843026075
Lee1XZJfJ9Hm2K1qTyeCz1LXNc1YBZaKZszvNY4KCDw,9DgFSWkPDGijNKcLGbr3p5xoJbHsPgXUTr6QvGBJ5vGN,2hNHZg7XBhuhHVZ3JDEi4buq2fPQwuWBdQ9xkH7t1GQX,912.6330622251808,769.3232963249966,158746.2634360521,173.94314320478065,15.874626343605211,145.95603979228704,6705.698253868,53867.553589298,9028705.026853342
RajgMbScQbqqrdJfR2rxfHJiTiY5b6bJ2tTXiF4aPxy,725ZA3fhyBAKb5iopNRrcbSuQa3LXA1656Q3mBvYPxeg,GLA6i1dSZpUfk2f9Nj8uiG7xyDdAR2reff8oEiZH3617,5237.685522789972,5238.372786250024,5229.836740704625,0.998501478935458,2.09193469628185,0.9999616614698993,129681.84482706,54242.08721471,183727.5215037146
vEnkoSUkpnbRrPgBz9DfcVxNz67zjwMYBZraAvDDNSf,DtfyjjsZ5yCjWKLKHvwsfXs5QVsmm1QkK6Sh9JZHoq1g,e5wrKCRv4GhHvEf1VD5Pq2KGaZDXP77nTL612Jyrxwy,1901.7090890000002,1900.953326,1879.3077407304927,0.9882204126808444,0.18793077407304928,0.9926405628669047,940.817327,1006.803058,1929.1284413344697
HDSBGqAuMRr6X2AfmmbXQPpRgU6VEhtfNVVZ3wUTZXg,DCZ1d8kNLgDcdSd99y4udLgwq46mfDXNS9KXj96kQf5L,Fq8GGYQM5Pz3q7LmVMbrXHJgsxA5ev86kTq8yGgGuYsa,0.0011481740002636798,0.0011481740002636798,0.0011408276973479924,0.9936017512032145,4.5633107893919696e-07,0.9520551727016421,13521.842706439,12881.253958105,25698.99105430957
MARpDPs5A7XiyCWPNH8GsMWPLxmwNn9SBmKvPa9LzgA,6YjT74rmcfCpw8LSjPNx5JTmZoYLGrTKnf9arfSgZ4SR,F8GSmi3vA8M8TsybLya1LQ4n1aFHCRbZ6k437PeTdXtg,15716.704804999954,16550.78446099983,14817.81188275631,0.9428065276152747,5.927124753102524,1.0,297195.331953,14978.360531,295176.05947307684
BkwbeSfcX1h4thMDd7obGkHrPevf3QwgzJ4pCEqG18Lu,35yX27bmurdebhfAb8EPmjLETDiUaEUCn9zHaDPbakH2,2CxECn1ZJFoESyUnQysQU8rRgT3iJ5GRs2Mdd6gZjx5g,0.0655366400000007,0.04231706000000146,139.61492085809996,2130.3338233101126,0.05584596834323999,1300.3901170351105,0.80135447,22.09435093,30438.42812357925
B2izdXFYb2sNwbWWHmh75T4aQFtfXsUxem9u2p61HGzf,4DYwgJtxwuJdAjkj5RJSNH4e7U329V5cNp7d3a1nLrZv,EXNW64GEf1ACC6xY9BtKRiunrs6GoJSXBdxWN2eTPmrF,10056.05293700001,9969.490368000015,10111.58576602703,1.0055223286288295,1.0111585766027031,1.0,11329.172775,28597.968764,39989.70495415634
STK75uPSyBnEhGTTzb1nwmP3n427XoXmfRhXxxhyady,6TYyD5fUmDe6N65avW1Ny2RxzRNobw2RRgKwH9CTzSAU,54zDfk4cx2vGrEajPtodWpArNe5eUurytyxd4X3aZAxK,527.4246505820005,593.7067827239985,77020.37243786715,146.03104415555285,7.702037243786715,164.9907456690754,1799.741717983,316.038100383,314961.52412939526
ALLwa5WNZbvQsRKAqe1jdRGemdYQnW8E5k4msbRFcYtu,CGoM82Hbz7QVqTgvQatYtjvDWBvoUJp5qm21P8iMs9yb,3dxNNww8TivyN5FMy5dCNdi3Zcxv6e4kUfSPxfFwpdNq,5.161921525000001,5.1581536140000015,15504.059365050764,3003.544182134919,6.201623746020305,3000.3270356468856,2.55748619,6.098352703,25978.57525458606
Lid8SLUxQ9RmF7XMqUA8c24RitTwzja8VSKngJxRcUa,4PgzyzLtds9bKZ2to9PMnKqJzKEUpjvNUaeN23phegax,AtymwxoVN9peZo7EXTcDz9jKVc4vRmisJKKrNfe3ewBa,76.54183789900526,64.73569351899903,13258.178535431738,173.21479205824036,1.3258178535431737,145.8310759898029,968.676275256,7674.201162303,1286926.0724510616
C98Sspw7XqnMsgxea3SLQVdbMDL8pKUc3RE82UvX9eq2,CSqgQJurPCzGxb4Cgwx5R61hWQUiaoUHcShNc8r1cKEL,6S2CR5EnukPhC914XkAns8m5GixjMAoUuZMsS5ubHuWc,39.13864100000001,39.121180000000095,0.0,0.0,0.0,1.0,865.484938,898.239642,898.239642
DFWzVTzNBrQZLjoQ4yQwkj9HuoXmfkuZP9V5vbymZe23,DhgiEgiNdqZdRdo195UUHnoEJUtefK8buko8nU97XJUZ,2K2kkXsouBHtWVjtcgkyiXd8eP3oVBvq1bTJzcVdLLr2,1827.325757448998,1850.3679549170047,1807.1133357435467,0.9889387966961793,0.7228453342974187,1.0,42740.270170219,25238.896999198,67506.40835180398
SoNcU2iwHMw6dGzsYNQkYFkUjwN1UdAjrWVRnStrZu2,8ivTTid27jZnYNc4w3CTA1Z6QS2twsFb8WMwUabeDJgc,CyXm53PMvHCbeXJBykU46Rcbo28xk5srhMZFg7gv6EYB,1.9386333060000034,1.9222029989999978,336.389283480232,173.51877863602093,0.1345557133920928,170.89603010231033,15.117184689,19.572282556,5967.940812511535
ACUSESXyNnwRLAg1dpSGMLSzUDdLjUMybY8rkXiAKhCP,AhFPQdu8GKBsxuhiH46UmCu1YpaLgNpoP325HnYtsgas,A8wxWpT3aFEr2XqZp1kDmbxbFfcBE95UUmdsNTDBJYbT,0.0,0.002270671999667684,0.0,1.0,0.0,0.9878964712435848,1044.99877413,1840.979146512,2863.695576602231
KEVpg4SYCVrqFxKijQH6hm4QxsRdoE51ud64bEEFUC9,2bPenuBYfqzD8p5dFjCcggwkHDsc2RQDnx9AoyYGUBjA,AE6n6iLuX8oYu61vt5hoDYkjswpnxFxrhSehxrnQTnbx,4.318241183999817,4.316154168000139,4.321381743860786,1.000727277548231,0.0017285526975443146,0.9956689783421995,3187.754018723,4456.342572498,7627.114456952033
RoBgmK8CvjdHvPrqdDyVw54VwjZv2TqJ493xnqJAQHx,ExiHJxM7qPAcy27NDHAF6G7vnW7muNHi2sVJpnaNynGQ,6rkPHSqZb7StM4HwS9EuVrmfkV7tRdc7dnsFhyB6cefE,1.2050260000000037,71.82802299999912,0.0,0.0,0.0,0.9438236182422228,6260.087367,19.05262,17.98231274539414
SERgf3DMJpQxUifu7VoFKmfne73d2fDJxSrxUMrcNJB,AJfM2GZ2tTB8UtN2krcyR9xufRJEx2mhSCbJyMgPo3GU,F4yRYkufQvERZcEKnKjJwRLU1btiMBUuEwq46hfm11QD,1.440003960999995,1.4402554640000034,209.4230151479315,145.43224936860588,0.0837692060591726,145.71401177194358,29.110083793,28.135347757,8333.259359595813
MAR3XM1n9xWPQ3HJjAcC85o8DopWFP5p2WxGTaZ3fPB,6qG7GUhER8Cg9gDEgnebph9LdS6eu2eoWcA4R7z9uizK,4QV4CwRXVMY227KkFF9voNAfwWHVvVajXSXDKbUHkWZR,0.003711999999999993,0.1652930000000019,0.0034953873505020315,0.9416452991654197,1.3981549402008125e-06,0.022207278697639037,0.108506,24.430071,0.6446995601313523
ALBpShJ9NLpE739pcHDF2LNVk5J4VYPvvKuV6jMPitZi,D6d156U1bPiJpDYRLextvDRccgFk7QzkQbJg42ceKEu5,GNcM8U5g8RwTZffwwm3kSQqUNPSwv5d2fbN9sLxPJqt2,5781.874664999988,5787.708587000001,5741.300891599059,0.9929825920221793,2.2965203566396233,0.99633448542811,54786.028666,45530.660041,99765.33949451803
AURHmCnNwiW4uA2Qj1XvEh4iKgRUZYXtiY7FKAapUV5Y,BKWm4TRnTeKwfWXRyuzjRHU7iZDkPuXBX5b5V5jSVfGJ,A5Ww74HVrkj9nPeC7pHKLfgeDMEhBCpW1efQdz3TGLEg,0.008318510999856699,0.009131079000098907,1.3569332451805074,163.1221314973176,0.000542773298072203,145.61299357162318,289.928185222,1795.287611452,308710.9069801366
Sid7E679i9ABqptiAVhkmQ27YHN8vaYT4fppPwmxFsJ,GP7KB8o1bv527HG8kTzzzf4wJ5aEGHvcMQvVhLziUfmT,9gYxhAZ1M9wu5pxr8SBoa5NDm21gi3s9vMHaYTME77sa,623.5755590000008,1167.3652489999695,5.690813477911343,0.009126100912353647,0.0022763253911645374,0.02215003427607054,130630.301253,10656.991885,1428.1980469785906
KZMu9QBEdL97EFgamLbN5DE1AoKBG4HdrKKJo4Vuon3,DD4ACBWyVqdaKWh7v5btsgqQCCMwbKnuL2xd9pv7Gyuw,GcYqiJ1MAuYbNTNYXm1F1gQYTfTgkErACAhNU5dpVj9T,24.873879119999856,25.96118277000005,23.875713378471573,0.959870925772663,0.00955028535138863,0.9999218261116346,2390.31610406,709.66683159,3004.006285867708
WiiQFxXqp8P9Fs1rt9SVcDyA3KUdJmUsog6wnVQAwba,3S2jpqSYxho6wiz3cafhjXruVY8cg4HYa2v3BqBHYFSj,Dfe67M6TfrG74gKRtdqys4e6E9QirPD53BkF4FujFjuv,421.3061863999983,421.39856826400046,420.1445987630264,0.9972428896739032,0.04201445987630264,0.999440855817127,21408.1807577,5415.17547087,26761.303648476227
BSC8REUo9LpiiWUuqMuLXs2D2yJsJfGd4HdiF3wCLxk5,AZjEH1zWVx1UJ6udMyRijGTzPteuLnaY18yNNmprJEsh,Caf8ypkSVR8xYnXNhjvfvdGCC7mrM3C11rz8Xi6NA6aK,840.4168248630003,839.8780652350006,842.6082137392444,1.0026075023862133,0.3370432854956978,0.9982388491245213,2676.047935876,3681.188104629,6357.730714230149
BUSDTd9WiT6uBHJRgNvFXBsA7JrifsAtWzKfioN7ERcy,DyBxrn7gSc1EwnpWhDyhzvMHPtxpmBqRqotapLcKcfTM,Cds99GeBgoCpqBsoRWu1C6fF9LiUMd4pXQQD24s9LPff,230.01259882,230.27349458999996,229.5731155262922,0.9980893077337398,0.02295731155262922,0.9904363466368742,84.96024074,88.74088152,172.69010235508298
MATgk4zXLXtYkwBH678J1xZbRDZ45LicNzkRBHkxTuY,y8dALFo1bJrSzPYjMX14HJX448pXqYmrfXHD1K8MXih,GN7Yuet3UyiWS5YVkEHv6oQKi4HGBJc3XDPt9zQhAqZz,208.50897900000018,208.03576199999952,208.97164221586613,1.0022189126726573,0.08358865688634645,1.0,3055.774375,5009.109167,8071.664038485469
HEDSDjj84KS7LKhZY7ejkCACTdPen62rKhCby1wXtgxc,EnnjMSFttpCTywBrYNt1J5QQeoSVkvzPipJDa8Y7kJow,6bjVT6JN2rSvpyn9PdfLYC8wJn4LWh49jpY47fnLDXZk,10.157789764998597,10.392363297010888,9.791946553588348,0.9639839748730712,0.003916778621435339,0.9987611486563405,39082.589024005,9085.498719398,46749.23265279266
SoN9GaFpSXfpyR5dth3x7PHPVhvJMpQqqDJfCSmPv1t,9kZ9iS68ViMPtoeqtnhAKuF2iqVyfHPdZHoUNdwCELr,BBhm5fJLjw3HRzjtKB8uMEYjGhY6EDm9co3cqpjrSzB9,0.4725936620000015,0.46392948800000045,82.66677966593873,174.92147337756398,0.0330667118663755,168.45297003642796,1.489002965,2.494578683,680.6777806422722
wrmcMSHFi3sWpAEy4rGDvQb3ezh3PhXoV2xNjgLBkKU,8p4mGnARWPBu6P2Gcw4adodLkNDorrXniZMhaY7eJXUn,AyY89zccbsgp9LKFgH4CFZMJmpSgqmPSdTfukhP227rc,0.003802730000000004,0.03656459999999839,1.205665731361267,317.0526783025,0.0004822662925445069,2997.3323741869735,27.06170081,0.09793611,8873.531794336372
BkMBnJpvHKtWhUvrgRrLesXfi9RUV3ELgdBaJcdH7hcY,5uerVwBnZQsuVhZ15igs7ZgmcqhHnYWbwoRtLyRqLvR,9YWiQh5d4jCtgMdzcGLv9bWgnLaFtzvDDh2nnhJdzhBX,0.0011618900000485155,0.0011618900000485155,0.0011683007395890135,1.0055175098677416,4.673202958356054e-07,1.0,986.482241645,1887.575048349,2879.5002154966282
BUSDgu5JdqP1rndBvXvanbEufS94FNh1w5FJcAj6vawb,Bgzr8cWubt89JQFXndVjtdKmDbGzuPxNhvjH1EhWCwbo,Dxaf8xPBBQsasRKW5Aa4Sw2YrbfGofY9xZueyyF23FBW,9519.485647549998,9545.95503956,9494.807124663857,0.9974075781192556,3.7979228498655435,0.9999218161131981,8689.57015509,6389.5255064,15056.06907174677
moFiBS1R4Lf3E3zzmBPnw3NF4RhWPkhREFviuzUaCAU,44ALBrpqi9PfZkBRTvbtRNtFJGsatfY4QydjtMbFWq8S,2ho8qEEie1UjVwWNBo9y4oAJZMyMLx8zPj9bxyUz6uWs,12906.31837506,12844.402819435,12936.932811531724,1.002372050307614,5.174773124612689,0.9998079748807285,26255.585201875,38168.095701172,64478.63123887231
ercAoEmXjQzEvAFbdjAo81KtMxRGn9AW1ju882upmPH,CMRhskR2Eg6V42RTSdRTXGdozyPbWB8U9dVpijPWb9T4,7TKLLgrWswt6ZJ1pXhVR3FyufHGjJFqiEXxvWJfDcgRm,0.20633164299999862,0.20996235699999488,30.1465768281575,146.10738512927801,0.012058630731262999,143.7183648931677,301.125897385,788.095432976,157260.50446871336
ZUCKWFa4LTL833dPhhpeeRWZcaAEoMeYJPi2iKn4F8N,7eEYpq6ShaJ9opZWMxitRFrdCHh6vfyHhGfoSvFht3N2,H8VggnHmuwd1wvwpT8eg9cUJFEfZ7HAaeYjgXrSm7A2u,0.0034936960000777617,0.0011889080001310504,0.003497788195403516,1.001171308358158,1.3991152781614064e-06,0.9998079758803445,1849.447104349,1997.706962338,3848.936731617522
FrnkTEL6yZ5Aycq2TrEgu29dCrwKG4LPUZydfiwqspkc,DjvZuMZ46fxKBoBpGMPcRcos4xdTtHFxwMh69DpA2ZFY,9rvDPJLAng4uVVqnnSoEXgNDFhBZQTny9AoQioYDZbQX,28.657691570999845,23.886569844999855,5029.9816268017885,175.51942780666533,2.0119926507207158,146.3150481954453,172.634731954,1439.04436063,240854.59435308538
GokA1R67GqSavkd15zR62QD68Tuc5AEfvjssntVDEbM8,3YB7hfpBdbQEuZqLGWVDpRPmeZWCUsrrWyqGXegnQ6Cg,4DPCj6Z1DsG6HUtwSogBGqXEUxdEV5a8YVrrFtcnz7UW,7875.465056999996,7876.474663000012,7875.717079946555,1.000032001024033,0.7875717079946556,1.0,17305.24522,15113.125647,32418.92465256818
AUSejoEUCh2DBs9mof6BNC8Pubs22w4cJa1ccV9h44R,4xkyD7AfGQDwsQMy9MosRRNGoVJ1zosNinesxg1TzHG7,Cbm5gsQe3nSiCsFrvepVzMCD9xLK3ri9g3ypS2hdmVJ7,109.3708889999998,109.29310799999985,109.46678190094502,1.0008767680488106,0.010946678190094504,1.0,14153.437455,14724.050916,28889.897652741383
SAMyS8Jr2HJrkFwYVKbpUwsNStnQmvz3f8Tup8bWUWF,6jPzm5TFfquvgm25sTyN3MMGBfufRaFHMxobDWv6hMFW,Cj9ECoDmxsHTDzCY5ZA6RWrPbg9uFzEC1Qc2kso2vJG6,1103.7930795300056,92.87596898998947,1059.4988749401036,0.9598709165591413,0.42379954997604147,0.022290726215772893,500.88339099,108047.09152898,2889.23153528187
daob129AwBGn9Y5r91uLoWZeYiGzbPmksauMhFZKTze,6VW5GQNyj4LStgmxEHLr5zUfW92vQnmbw8jTnCH7a38F,4VPCCUifPeBA1c7HWK358CHn2nyjm8pdTRk6Ps3KmnMQ,10.603854600999973,9.474897119999994,1725.0191067519017,162.67849491157938,0.6900076427007608,146.5365714984903,48.094261412,224.31962415,40694.93070315916
Cob4usZcpHEY7Qt4ZCwj6WVg9S44zvzYV2v9qYF65dTf,NhFM9UXE48PyNAyeyPYA3iXztqKVJwA4bTdLj4ysM8w,6TuFuynuBoeskxyR2cz4wxyidk8dpDK7kAWw3UkjQGx,11.199956000000014,1262.650084999972,0.10285646379190305,0.009183648917183507,4.114258551676122e-05,1.0,70714.106839,190.244068,839.6575987015812
