0,1,2,3,4,5,6,7,8,9,10,11
heyk4SZTeCUV6a65WiVA5bzic3KcxgVf1qxobfeV4tQ,9ZDpBKPqMABtGfq66FbVribaArMvtk63xxy91onZAtDt,DaTP4s6N7xxSPinbNZ3FB52EpRDRt87QShTuN3VPCW52,61.04129956300471,52.78779072599946,10371.835215539735,169.91504587536323,4.148734086215894,147.32713223611944,621.702043989,4497.332235565,768215.5923040455
SAMGk1Nd4haC8zQA63DG37pzuEZy8j4q13tSFtCbcRE,9U9TnkHD3jXMAVZtynCVLgDruuqN4pTvLJTmVHCLWS8g,C6zoEbvqSknmi96QWq96UBiPCyNW3YSTvKhavR2BfifE,0.6941663500000002,1.5870620199999763,1.4206670828046337,2.046580164545045,0.0005682668331218536,0.0,53.64118392,1.13876514,109.78098301338464
MAR3XM1n9xWPQ3HJjAcC85o8DopWFP5p2WxGTaZ3fPB,6qG7GUhER8Cg9gDEgnebph9LdS6eu2eoWcA4R7z9uizK,4QV4CwRXVMY227KkFF9voNAfwWHVvVajXSXDKbUHkWZR,0.22994699999999924,0.0051129999999999926,0.21726132830178624,0.9448321930783483,8.69045313207145e-05,0.021116779910678132,0.112218,24.264778,0.6184211556503307
SQDY9uoDoCbNq7F3HAHYYQZbrUzpKxDtdWLvYcqBLak,GiehZ4X2uQjhEKuxSm3ACmEFrabxh3RTvjbLfLjw1xGX,rxDQYV77NKRKYxCjq4cECX3QQsiSyLv1T1FT2X3zNA2,15.092673461999993,15.06566224400001,15.124595584686992,1.002115074096539,0.006049838233874796,0.9999501494851978,169.752361165,236.869638935,406.9692308484845
STK75uPSyBnEhGTTzb1nwmP3n427XoXmfRhXxxhyady,6TYyD5fUmDe6N65avW1Ny2RxzRNobw2RRgKwH9CTzSAU,54zDfk4cx2vGrEajPtodWpArNe5eUurytyxd4X3aZAxK,510.83972488700016,574.2078930000025,75015.1692558936,146.84678109653134,7.501516925589361,165.47442344574011,1742.642238635,306.578516337,306632.3065781187
SoNcU2iwHMw6dGzsYNQkYFkUjwN1UdAjrWVRnStrZu2,8ivTTid27jZnYNc4w3CTA1Z6QS2twsFb8WMwUabeDJgc,CyXm53PMvHCbeXJBykU46Rcbo28xk5srhMZFg7gv6EYB,1.0720623880000133,1.0623005080000034,186.84072772319996,174.28158082456451,0.07473629108927998,172.38897503549057,15.242865382,19.444596937,6008.584811018659
Lee1XZJfJ9Hm2K1qTyeCz1LXNc1YBZaKZszvNY4KCDw,9DgFSWkPDGijNKcLGbr3p5xoJbHsPgXUTr6QvGBJ5vGN,2hNHZg7XBhuhHVZ3JDEi4buq2fPQwuWBdQ9xkH7t1GQX,980.9537180118641,826.995771945989,170754.74162890026,174.07013041856382,17.075474162890025,146.53249174838905,6724.379468985,53844.203612667,9060438.932721838
Lid8SLUxQ9RmF7XMqUA8c24RitTwzja8VSKngJxRcUa,4PgzyzLtds9bKZ2to9PMnKqJzKEUpjvNUaeN23phegax,AtymwxoVN9peZo7EXTcDz9jKVc4vRmisJKKrNfe3ewBa,70.33527412199555,59.4936607389991,12199.24543481777,173.4442011793165,1.2199245434817771,146.73075083299048,969.481728427,7673.241938764,1294051.5349429974
MATSnbbiTCv7Dc3trJrkrqjx7ckKdr6fwPoVwv9q3sD,631WX9JizSHJm4w6VanZeJAst9T8DeUUnPLesdGkCVtK,211maUSfpnXbPuW1iBu8b4dtJv5EbN1j7JJiEX5TZKEP,1642.5983450000094,1641.4982639999944,1637.4844809659528,0.9968867227648055,0.6549937923863811,0.9981384717501859,20357.03681,25198.361006,45445.113255861725
RoBgmK8CvjdHvPrqdDyVw54VwjZv2TqJ493xnqJAQHx,ExiHJxM7qPAcy27NDHAF6G7vnW7muNHi2sVJpnaNynGQ,6rkPHSqZb7StM4HwS9EuVrmfkV7tRdc7dnsFhyB6cefE,15.57850500000038,14.520937000000362,0.0,0.0,0.0,0.9385221092345883,6284.471008,18.636944,17.491183992566906
ercAoEmXjQzEvAFbdjAo81KtMxRGn9AW1ju882upmPH,CMRhskR2Eg6V42RTSdRTXGdozyPbWB8U9dVpijPWb9T4,7TKLLgrWswt6ZJ1pXhVR3FyufHGjJFqiEXxvWJfDcgRm,0.11535952799999905,0.1173917139999503,16.905083342431045,146.54258417589213,0.006762033336972418,140.86183496486552,301.232149044,787.885470619,155126.33069131424
7dwD9TF6uikvHXxPFK9AsSim54yJoujQjY9vU6gNFumk,CquVr6atkvwueDYficKjn6SSEWq4F4rH4VSiBbW4GBWU,8BCa6ge3b7ho3TfZuM64Vk1hgbrJ3J7EPiAb9uP86CGd,0.00097342,0.0009797550000000006,0.16893678398802367,173.54973597010917,6.757471359520948e-05,174.14303342536212,0.003827876,0.003680437,1.3052493326372572
KwnjUuZhTMTSGAaavkLEmSyfobY16JNH4poL9oeeEvE,J63v6qEZmQpDqCD8bd4PXu2Pq5ZbyXrFcSa3Xt1HdAPQ,BnKQtTdLw9qPCDgZkWX3sURkBAoKCUYL1yahh6Mw7mRK,174.53041799999994,8264.34938300011,3.6865343913779265,0.021122589595688288,0.0003686534391377927,1.0,277305.223101,579.83589,6437.240310303202
BSCuChvaSj9b5HUSqgDVRzcnr2sSn7cXaamt1jbKH6hn,GnKpRj5kBVPMJfiwZtEuD9GYApLzPdW5JFuZTcyX4BTc,3dmwD9okkomV9nDwyuh4UMhKdUR13QpuKxRo89ycZB5t,8.901546446999873,8.894363514000133,8.91195087337406,1.0011688335769673,0.0035647803493496243,0.9986568065951297,1457.418206456,1655.527594986,3112.425587030223
vEnkoSUkpnbRrPgBz9DfcVxNz67zjwMYBZraAvDDNSf,DtfyjjsZ5yCjWKLKHvwsfXs5QVsmm1QkK6Sh9JZHoq1g,e5wrKCRv4GhHvEf1VD5Pq2KGaZDXP77nTL612Jyrxwy,654.001621,653.9805000000002,653.2627807949209,0.9988702777159033,0.0653262780794921,0.9991147843011092,919.341088,1028.101251,1945.4936475187665
KEVpg4SYCVrqFxKijQH6hm4QxsRdoE51ud64bEEFUC9,2bPenuBYfqzD8p5dFjCcggwkHDsc2RQDnx9AoyYGUBjA,AE6n6iLuX8oYu61vt5hoDYkjswpnxFxrhSehxrnQTnbx,510.12174695200156,510.056227261,510.0738836590545,0.9999061728043687,0.2040295534636218,0.9999491505857944,3189.190906749,4454.903453728,7643.568598406922
C2ypsDADXcCRz8HbV2zX1AXPSja7a1P3xZtRC91xGhJh,J9bYNuDpY1d1T86gLaw7DGk5D3CsUAf2tzUwxMvb6FTv,A2NGvvPrMGzsJ4jb52KEnSBVmsA7C34dV1GC7PerdgvG,1207.567074111006,1214.834772836997,177385.89492654664,146.89527292480682,70.95435797061866,147.52617778261663,3831.900504159,2218.823358444,890222.5996251733
C98Sspw7XqnMsgxea3SLQVdbMDL8pKUc3RE82UvX9eq2,CSqgQJurPCzGxb4Cgwx5R61hWQUiaoUHcShNc8r1cKEL,6S2CR5EnukPhC914XkAns8m5GixjMAoUuZMsS5ubHuWc,102.66496799999993,102.651477,0.0,0.0,0.0,1.0,859.608056,904.112101,904.112101
AUSejoEUCh2DBs9mof6BNC8Pubs22w4cJa1ccV9h44R,4xkyD7AfGQDwsQMy9MosRRNGoVJ1zosNinesxg1TzHG7,Cbm5gsQe3nSiCsFrvepVzMCD9xLK3ri9g3ypS2hdmVJ7,227.81714199999988,227.6574240000009,227.91879378202668,1.0004461990047562,0.02279187937820267,1.0,14262.729725,14614.679189,28883.7729298084
KysFMBBoavfov2tLpvefWW6tPFt6rAeZWDJVy1mMQae,B8ka2V21TH3x64dFV8ETcjuQcwmrciJ2qzy1mJUttRew,7fSf7EYxBANyxzk2s5pymFgshA91tFYQNKKs5UnLWcYS,22.15784799999983,29.599084999994375,0.0,0.0,0.0,0.021178224244865002,134495.331138,2617.264443,55.429013281965695
wrmcMSHFi3sWpAEy4rGDvQb3ezh3PhXoV2xNjgLBkKU,8p4mGnARWPBu6P2Gcw4adodLkNDorrXniZMhaY7eJXUn,AyY89zccbsgp9LKFgH4CFZMJmpSgqmPSdTfukhP227rc,0.005274409999999993,0.04937392000000784,1.6770779014308406,317.9650238473768,0.0006708311605723362,3013.5912967483346,27.06287551,0.0978105,8899.808728446344
HDSBGqAuMRr6X2AfmmbXQPpRgU6VEhtfNVVZ3wUTZXg,DCZ1d8kNLgDcdSd99y4udLgwq46mfDXNS9KXj96kQf5L,Fq8GGYQM5Pz3q7LmVMbrXHJgsxA5ev86kTq8yGgGuYsa,821.7726549920008,827.4225432109997,816.9086444989106,0.9940810752663247,0.3267634577995643,0.9999501504850979,13521.842706439,12881.252809931,26322.41862292609
KZMu9QBEdL97EFgamLbN5DE1AoKBG4HdrKKJo4Vuon3,DD4ACBWyVqdaKWh7v5btsgqQCCMwbKnuL2xd9pv7Gyuw,GcYqiJ1MAuYbNTNYXm1F1gQYTfTgkErACAhNU5dpVj9T,34.76315722000004,36.297192059999816,33.30546207395147,0.9580678148183295,0.013322184829580589,1.0,2405.87839357,694.73875571,2999.7334109562426
CZgvH45CRmoaNJ7395Ao5CQZXkGznvqU7cErD6n7FaRg,4ZjU6MKvtqVQKCiowhvZ5yUsPxXX5SCzd5eFsPeXyey5,BsyWeshjDbCvjDojry3vKDCesmFRM37WtwcR4Kfgzqr,62.012155080000184,60.32808412999998,64.08971615939542,1.0335024815169709,0.025635886463758167,1.0,205.78600014,599.68628119,812.3666229961418
parEAJhzYzHW87y9VoZAQ22dzQ2MD2ekEtTReaxbMcz,3oyc6hpjYSJEquK6dSvG72NXyz3pqLZz5D8AC71pwgQb,Di2vordgFJVZ1aj1aBpvzXtLfZgJsuLLXawGtVFwX6Rz,4.248841277999986,5.024198372999763,609.9341992932864,143.55306762139028,0.24397367971731457,165.89112565423312,1103.705966104,139.584367123,181596.1849720276
AURHmCnNwiW4uA2Qj1XvEh4iKgRUZYXtiY7FKAapUV5Y,BKWm4TRnTeKwfWXRyuzjRHU7iZDkPuXBX5b5V5jSVfGJ,A5Ww74HVrkj9nPeC7pHKLfgeDMEhBCpW1efQdz3TGLEg,0.008914308000100846,0.008358697999881315,1.4625965425735339,164.0729199122341,0.0005850386170294136,146.7397508887293,289.936190924,1795.278647228,311009.4189032233
BSCNHw8CmxbZ8hCWWzMf5FaG2ajPT6JxfznKUNuRVrn4,7n9kgNL633yGzCYksgnzHyjG73ZLBAwvEae5sbAekbzW,SscdxE99omdG9AiMVwmaEMQySQnCgeAh1sPj2Leutm2,1.4716484470000069,1.48028843100019,1.4802223046098857,1.005826022938669,0.0005920889218439543,0.9999491505857944,3928.584187354,7776.066950153,11727.143750649779
MATgk4zXLXtYkwBH678J1xZbRDZ45LicNzkRBHkxTuY,y8dALFo1bJrSzPYjMX14HJX448pXqYmrfXHD1K8MXih,GN7Yuet3UyiWS5YVkEHv6oQKi4HGBJc3XDPt9zQhAqZz,3054.8135900000007,3055.8471600000003,3060.208738005104,1.0017661136583798,1.2240834952020414,1.0,3263.808992,4800.601898,8070.175147639115
BSC8REUo9LpiiWUuqMuLXs2D2yJsJfGd4HdiF3wCLxk5,AZjEH1zWVx1UJ6udMyRijGTzPteuLnaY18yNNmprJEsh,Caf8ypkSVR8xYnXNhjvfvdGCC7mrM3C11rz8Xi6NA6aK,1.5228681810003764,1.5261493010002596,1.5258091262136428,1.0019311882997874,0.0006103236504854572,0.9999501504850979,2770.648807754,3586.063508265,6361.884197053059
Dg3mAgpwDfVNnbGWcsxL8sUcSkEbjSJQhKAWNigG44Ju,EATxwd8YA2wV93VJcKMmH2Kn2Y9XfJVUB9hHVu3udwEy,GiGvrRi7NMHfHKanG2B8xyCEqe8jaafWins8bhrLVEaa,0.003522915999999987,0.0035602189999999756,0.6141219337405358,174.32204847931033,0.0002456487734962143,173.9285306796014,0.198682023,0.260927835,80.01745220033293
KEN5P7p3asnb23Sw6yAmJRGvijfAzso3RqfyLAQhznt,9zj4aX38Uxf3h6AUjS4EipWS8mwbEofasHAf3a1uKGds,CwQDG1MWunn9cLNwcZLd8YBacweSR7ARo32w4mLua1Yr,53423.47290799976,53422.16366800037,53396.56104123498,0.9994962538880404,5.339656104123498,1.0,1143900.769549,1145271.810307,2288596.344290872
Sid7E679i9ABqptiAVhkmQ27YHN8vaYT4fppPwmxFsJ,GP7KB8o1bv527HG8kTzzzf4wJ5aEGHvcMQvVhLziUfmT,9gYxhAZ1M9wu5pxr8SBoa5NDm21gi3s9vMHaYTME77sa,804.031253000001,1914.1884040000004,7.144152790215026,0.008885416783935658,0.0028576611160860107,0.021100514198430502,130147.123118,10857.084835,1385.5015048480996
RajgMbScQbqqrdJfR2rxfHJiTiY5b6bJ2tTXiF4aPxy,725ZA3fhyBAKb5iopNRrcbSuQa3LXA1656Q3mBvYPxeg,GLA6i1dSZpUfk2f9Nj8uiG7xyDdAR2reff8oEiZH3617,1759.2601244100078,1761.3259794199985,1756.1318214285877,0.9982218076008121,0.702452728571435,1.0,133371.7014008,50556.49909891,183691.03995401232
DFWzVTzNBrQZLjoQ4yQwkj9HuoXmfkuZP9V5vbymZe23,DhgiEgiNdqZdRdo195UUHnoEJUtefK8buko8nU97XJUZ,2K2kkXsouBHtWVjtcgkyiXd8eP3oVBvq1bTJzcVdLLr2,913.6425103850052,899.7404939999979,900.5257530417998,0.9856434467594136,0.36021030121671993,0.9999501514849983,44562.391123525,23439.799135838,67361.25947949142
SAMyS8Jr2HJrkFwYVKbpUwsNStnQmvz3f8Tup8bWUWF,6jPzm5TFfquvgm25sTyN3MMGBfufRaFHMxobDWv6hMFW,Cj9ECoDmxsHTDzCY5ZA6RWrPbg9uFzEC1Qc2kso2vJG6,1573.7326660800322,108.64141447000691,1507.7426164995202,0.9580678148183295,0.6030970465998082,0.021109618661071774,485.32110148,108735.8801961,2760.3434928958254
HEDSDjj84KS7LKhZY7ejkCACTdPen62rKhCby1wXtgxc,EnnjMSFttpCTywBrYNt1J5QQeoSVkvzPipJDa8Y7kJow,6bjVT6JN2rSvpyn9PdfLYC8wJn4LWh49jpY47fnLDXZk,8.625888982998731,8.91000734399131,8.308964367764041,0.9632589039971028,0.0033235857471056165,0.9995392953466067,39079.650292194,9088.341247824,46727.97531576835
daob129AwBGn9Y5r91uLoWZeYiGzbPmksauMhFZKTze,6VW5GQNyj4LStgmxEHLr5zUfW92vQnmbw8jTnCH7a38F,4VPCCUifPeBA1c7HWK358CHn2nyjm8pdTRk6Ps3KmnMQ,7.233149172999958,6.457328772000039,1183.7554030126892,163.65698739235665,0.4735021612050757,146.14767872180408,47.786708437,224.660102966,40654.181290078726
MARpDPs5A7XiyCWPNH8GsMWPLxmwNn9SBmKvPa9LzgA,6YjT74rmcfCpw8LSjPNx5JTmZoYLGrTKnf9arfSgZ4SR,F8GSmi3vA8M8TsybLya1LQ4n1aFHCRbZ6k437PeTdXtg,13761.67555100004,14522.925134000416,12965.85716964177,0.9421714035904268,5.186342867856708,1.0,297626.163555,14563.918524,294978.77878584823
WiiQFxXqp8P9Fs1rt9SVcDyA3KUdJmUsog6wnVQAwba,3S2jpqSYxho6wiz3cafhjXruVY8cg4HYa2v3BqBHYFSj,Dfe67M6TfrG74gKRtdqys4e6E9QirPD53BkF4FujFjuv,2198.5047703120017,2203.0685254369964,2191.14423259185,0.9966520255859591,0.21911442325918504,0.999949152585591,21830.169847364,4994.45980587,26751.28884776336
B2izdXFYb2sNwbWWHmh75T4aQFtfXsUxem9u2p61HGzf,4DYwgJtxwuJdAjkj5RJSNH4e7U329V5cNp7d3a1nLrZv,EXNW64GEf1ACC6xY9BtKRiunrs6GoJSXBdxWN2eTPmrF,5414.382734999988,5361.5584169999875,5364.588623397612,0.9908033631829359,0.5364588623397611,1.0,10534.650853,29399.112678,39836.88017311039
JSoLLrxK5bYdHwTEWYaGgmeycBCNXKDiBCTw5hXGBg7,xG4wXczA7Dk4hccJ61CHKpDHW4NrNfQwgmWgkb9BuF2,BVR6WgfhsRr9Lob4QDnkEAiNGgAbv7ZieKcY9kSg3QYR,0.7720136370001001,0.6585526320000064,132.59441938497886,171.7513953512737,0.05303776775399155,146.37872215474164,17.073844037,164.658900968,27035.01605246477
BUSDgu5JdqP1rndBvXvanbEufS94FNh1w5FJcAj6vawb,Bgzr8cWubt89JQFXndVjtdKmDbGzuPxNhvjH1EhWCwbo,Dxaf8xPBBQsasRKW5Aa4Sw2YrbfGofY9xZueyyF23FBW,5955.897150349998,5973.395882609999,5944.502074877644,0.9980867575136545,2.377800829951058,1.0,8770.48408303,6305.10356284,15058.80758309653
YAkoNb6HKmSxQN9L8hiBE5tPJRsniSSMzND1boHmZxe,CfWX7o2TswwbxusJ4hCaPobu2jLCb1hfXuXJQjVq3jQF,EnTrdMMpdhugeH6Ban6gYZWXughWxKtVGfCwFn78ZmY3,6496564.007692011,6495395.723911985,6496564.007692011,1.0,649.6564007692011,0.9996051559633945,471190.356528,978679.126145,1449483.0570562915
moFiBS1R4Lf3E3zzmBPnw3NF4RhWPkhREFviuzUaCAU,44ALBrpqi9PfZkBRTvbtRNtFJGsatfY4QydjtMbFWq8S,2ho8qEEie1UjVwWNBo9y4oAJZMyMLx8zPj9bxyUz6uWs,29495.948750307994,29368.047928130007,29595.49660662649,1.0033749670899281,11.838198642650598,0.999949152585591,22132.422870883,42300.92994311,64505.898119887905
Cob4usZcpHEY7Qt4ZCwj6WVg9S44zvzYV2v9qYF65dTf,NhFM9UXE48PyNAyeyPYA3iXztqKVJwA4bTdLj4ysM8w,6TuFuynuBoeskxyR2cz4wxyidk8dpDK7kAWw3UkjQGx,188.01301500000017,1393.7720209999957,1.6694143057588107,0.008879248629456897,0.0006677657223035242,1.0,71197.284974,185.880865,818.0592600264416
FrnkTEL6yZ5Aycq2TrEgu29dCrwKG4LPUZydfiwqspkc,DjvZuMZ46fxKBoBpGMPcRcos4xdTtHFxwMh69DpA2ZFY,9rvDPJLAng4uVVqnnSoEXgNDFhBZQTny9AoQioYDZbQX,23.59961237399864,19.689359147999966,4134.559047115413,175.19605752807826,1.6538236188461652,146.5067301529164,172.679968656,1438.98232575,241073.4450160746
ALLwa5WNZbvQsRKAqe1jdRGemdYQnW8E5k4msbRFcYtu,CGoM82Hbz7QVqTgvQatYtjvDWBvoUJp5qm21P8iMs9yb,3dxNNww8TivyN5FMy5dCNdi3Zcxv6e4kUfSPxfFwpdNq,9.572262754,9.322158067999997,28787.894361071852,3007.4283480196086,11.51515774442874,3002.3268032725364,2.215267955,6.440815668,25999.693161300533
BUSDTd9WiT6uBHJRgNvFXBsA7JrifsAtWzKfioN7ERcy,DyBxrn7gSc1EwnpWhDyhzvMHPtxpmBqRqotapLcKcfTM,Cds99GeBgoCpqBsoRWu1C6fF9LiUMd4pXQQD24s9LPff,640.12126285,641.5551066600001,639.544598276626,0.9990991322943928,0.0639544598276626,0.998771511041419,82.84347859,71.25929116,153.94059748313174
SoN9GaFpSXfpyR5dth3x7PHPVhvJMpQqqDJfCSmPv1t,9kZ9iS68ViMPtoeqtnhAKuF2iqVyfHPdZHoUNdwCELr,BBhm5fJLjw3HRzjtKB8uMEYjGhY6EDm9co3cqpjrSzB9,0.27243086700000063,0.2673850639999995,46.170528745185294,169.47612894828538,0.01846821149807412,171.7189530844931,1.516118873,2.466720539,680.5286261305737
ionytDfEj1mXodptgrsKEZro7DGsfpzANUfarJdm6Qb,3gkSjY95an9xNFSjCfsay6JZez7uv7yfW3Ad4ubc4fMK,9wXqANaSuEqkKL9yHzCPEDGHwbkStVAqV5rB3QDs3Jr6,0.004534002000000009,0.01766792500000003,3.3788128999949394,745.2164555716854,0.001351525159997976,3002.5521693439423,3.17013297,0.079592188,2601.414952336571
GokA1R67GqSavkd15zR62QD68Tuc5AEfvjssntVDEbM8,3YB7hfpBdbQEuZqLGWVDpRPmeZWCUsrrWyqGXegnQ6Cg,4DPCj6Z1DsG6HUtwSogBGqXEUxdEV5a8YVrrFtcnz7UW,9076.409837000003,9076.635620999996,9076.745676590037,1.0000370013690507,0.9076745676590038,1.0,16942.830059,15474.692676,32418.149642907774
ALBpShJ9NLpE739pcHDF2LNVk5J4VYPvvKuV6jMPitZi,D6d156U1bPiJpDYRLextvDRccgFk7QzkQbJg42ceKEu5,GNcM8U5g8RwTZffwwm3kSQqUNPSwv5d2fbN9sLxPJqt2,502.53716999999597,503.39346099999966,501.2689595323791,0.9974763847465912,0.20050758381295164,0.9986737612450666,55253.263588,45061.723257,100115.78626246119
NorjjEePhxfwLF4vZjUHCrVVKLzQjEEGQFd3wgjEJmh,34M8pFVqgbV7aqHxvRT5tCv3vu2P1JJYT8J3VaxBK2oG,3AZWBSze3ucsY3xSeuLne3b2pauVqiaJ1SZSV5T9WGWw,1.2169880000001285,2.10141300000123,0.7047910045311667,0.579127324617081,0.0002819164018124667,1.0,38233.018432,2194.96729,24336.752966559707
