0,1,2,3,4,5,6,7,8,9,10,11
BkwbeSfcX1h4thMDd7obGkHrPevf3QwgzJ4pCEqG18Lu,35yX27bmurdebhfAb8EPmjLETDiUaEUCn9zHaDPbakH2,2CxECn1ZJFoESyUnQysQU8rRgT3iJ5GRs2Mdd6gZjx5g,0.007244960000000078,0.011600000000001387,15.709273835078985,2168.303735987337,0.006283709534031594,1344.0860215053765,0.81391717,22.07407933,31434.281105549006
SoN9GaFpSXfpyR5dth3x7PHPVhvJMpQqqDJfCSmPv1t,9kZ9iS68ViMPtoeqtnhAKuF2iqVyfHPdZHoUNdwCELr,BBhm5fJLjw3HRzjtKB8uMEYjGhY6EDm9co3cqpjrSzB9,3.4644432179999995,3.0999981250000004,659.7676479074005,190.4397348698011,0.2639070591629602,186.00062570610487,3.592781357,5.889026862,1779.5710102043033
ionytDfEj1mXodptgrsKEZro7DGsfpzANUfarJdm6Qb,3gkSjY95an9xNFSjCfsay6JZez7uv7yfW3Ad4ubc4fMK,9wXqANaSuEqkKL9yHzCPEDGHwbkStVAqV5rB3QDs3Jr6,0.004746517000000006,0.018736505999999764,3.472417551868438,731.5717086588827,0.0013889670207473752,2927.486167627858,3.169047114,0.079872706,2552.211453995488
DFWzVTzNBrQZLjoQ4yQwkj9HuoXmfkuZP9V5vbymZe23,DhgiEgiNdqZdRdo195UUHnoEJUtefK8buko8nU97XJUZ,2K2kkXsouBHtWVjtcgkyiXd8eP3oVBvq1bTJzcVdLLr2,2005.1539940099974,2011.9143984620023,1997.5042339429397,0.9961849513354536,0.7990016935771759,0.9999518943142682,37512.631821968,30430.400479846,67798.4559105958
MAR3XM1n9xWPQ3HJjAcC85o8DopWFP5p2WxGTaZ3fPB,6qG7GUhER8Cg9gDEgnebph9LdS6eu2eoWcA4R7z9uizK,4QV4CwRXVMY227KkFF9voNAfwWHVvVajXSXDKbUHkWZR,0.3492810000000013,0.008387999999999993,0.3292283591037124,0.9425888012909697,0.00013169134364148497,0.02149122910703298,0.11914,23.980107,0.6276620033339715
BSC8REUo9LpiiWUuqMuLXs2D2yJsJfGd4HdiF3wCLxk5,AZjEH1zWVx1UJ6udMyRijGTzPteuLnaY18yNNmprJEsh,Caf8ypkSVR8xYnXNhjvfvdGCC7mrM3C11rz8Xi6NA6aK,618.4296434819998,619.2284527729998,618.353125992777,0.999876271310683,0.24734125039711083,0.9999518933143646,3217.241314922,2993.732450025,6210.431681350039
MARpDPs5A7XiyCWPNH8GsMWPLxmwNn9SBmKvPa9LzgA,6YjT74rmcfCpw8LSjPNx5JTmZoYLGrTKnf9arfSgZ4SR,F8GSmi3vA8M8TsybLya1LQ4n1aFHCRbZ6k437PeTdXtg,20863.248883000015,21931.473530000127,19394.304840105575,0.9295917883579783,7.7577219360422305,1.0,297086.876374,15132.603369,291302.12407519226
Cob4usZcpHEY7Qt4ZCwj6WVg9S44zvzYV2v9qYF65dTf,NhFM9UXE48PyNAyeyPYA3iXztqKVJwA4bTdLj4ysM8w,6TuFuynuBoeskxyR2cz4wxyidk8dpDK7kAWw3UkjQGx,148.79830500000241,1880.752760999996,1.0631457540847442,0.007144878122668984,0.0004252583016338977,1.0,74233.728814,161.820041,692.2109859672908
Sid7E679i9ABqptiAVhkmQ27YHN8vaYT4fppPwmxFsJ,GP7KB8o1bv527HG8kTzzzf4wJ5aEGHvcMQvVhLziUfmT,9gYxhAZ1M9wu5pxr8SBoa5NDm21gi3s9vMHaYTME77sa,660.439405000001,2014.9923230000422,4.720165726251446,0.007147008023016797,0.0018880662905005788,0.021491836025200124,135577.435807,8830.308458,1158.7525628839476
FrnkTEL6yZ5Aycq2TrEgu29dCrwKG4LPUZydfiwqspkc,DjvZuMZ46fxKBoBpGMPcRcos4xdTtHFxwMh69DpA2ZFY,9rvDPJLAng4uVVqnnSoEXgNDFhBZQTny9AoQioYDZbQX,93.8846798920008,78.14963073300001,17832.393334725104,189.93933147813254,7.132957333890042,158.01812404675567,171.835753599,1440.126719659,260204.49079275836
GokA1R67GqSavkd15zR62QD68Tuc5AEfvjssntVDEbM8,3YB7hfpBdbQEuZqLGWVDpRPmeZWCUsrrWyqGXegnQ6Cg,4DPCj6Z1DsG6HUtwSogBGqXEUxdEV5a8YVrrFtcnz7UW,7268.848363000006,7267.414570999996,7270.1206341109755,1.0001750306303603,0.7270120634110976,1.0,14192.319962,18231.573671,32426.37772370922
BSCNHw8CmxbZ8hCWWzMf5FaG2ajPT6JxfznKUNuRVrn4,7n9kgNL633yGzCYksgnzHyjG73ZLBAwvEae5sbAekbzW,SscdxE99omdG9AiMVwmaEMQySQnCgeAh1sPj2Leutm2,200.89938008399895,200.53513529000065,201.4584324720281,1.0027827481986027,0.08058337298881124,0.9999528952189648,4843.24508185,6861.799461756,11718.198851571757
moFiBS1R4Lf3E3zzmBPnw3NF4RhWPkhREFviuzUaCAU,44ALBrpqi9PfZkBRTvbtRNtFJGsatfY4QydjtMbFWq8S,2ho8qEEie1UjVwWNBo9y4oAJZMyMLx8zPj9bxyUz6uWs,218.05062799500593,217.83842244699918,218.2445797706023,1.0008894804724011,0.08729783190824092,0.9999528962188707,28027.863964111,36393.60305909,64444.68298456719
BUSD5rCfUDpCxKGMvYU2yThChxgHoioK74PTPociGnv2,CcFHbafgYDZ8yA8Me1PdtDiVb2eeaS61LbqyKKK5CsNZ,26R9s4nmF3CFDTkiePDwRmtscn8i7r2eygbSijditJ58,150.25054099,150.70893259999997,150.28175601354155,1.0002077531524072,0.015028175601354155,1.0,83.87875302,64.11630287,148.01248196535988
vEnkoSUkpnbRrPgBz9DfcVxNz67zjwMYBZraAvDDNSf,DtfyjjsZ5yCjWKLKHvwsfXs5QVsmm1QkK6Sh9JZHoq1g,e5wrKCRv4GhHvEf1VD5Pq2KGaZDXP77nTL612Jyrxwy,1977.0273389999998,1976.7729580000005,1961.725877158166,0.9922603691208572,0.1961725877158166,0.9993624067844716,1111.2768,837.570264,1939.7121626455903
BUSDgu5JdqP1rndBvXvanbEufS94FNh1w5FJcAj6vawb,Bgzr8cWubt89JQFXndVjtdKmDbGzuPxNhvjH1EhWCwbo,Dxaf8xPBBQsasRKW5Aa4Sw2YrbfGofY9xZueyyF23FBW,7038.951504759998,6978.329140249998,7098.735493363295,1.0084933087780004,2.839494197345318,1.0,4260.7671535,10859.37896639,15156.334130955838
CZgvH45CRmoaNJ7395Ao5CQZXkGznvqU7cErD6n7FaRg,4ZjU6MKvtqVQKCiowhvZ5yUsPxXX5SCzd5eFsPeXyey5,BsyWeshjDbCvjDojry3vKDCesmFRM37WtwcR4Kfgzqr,4.8730704799999955,4.986014000000068,4.989609802388502,1.023914967548039,0.001995843920955401,1.0,236.51912528,568.12026098,810.2957334655619
Lee1XZJfJ9Hm2K1qTyeCz1LXNc1YBZaKZszvNY4KCDw,9DgFSWkPDGijNKcLGbr3p5xoJbHsPgXUTr6QvGBJ5vGN,2hNHZg7XBhuhHVZ3JDEi4buq2fPQwuWBdQ9xkH7t1GQX,3625.2696908993858,3052.4082277229663,679428.41754234,187.41458580252052,67.942841754234,157.7701150585895,6689.603065953,53912.431637531,9759499.730330462
HEDSDjj84KS7LKhZY7ejkCACTdPen62rKhCby1wXtgxc,EnnjMSFttpCTywBrYNt1J5QQeoSVkvzPipJDa8Y7kJow,6bjVT6JN2rSvpyn9PdfLYC8wJn4LWh49jpY47fnLDXZk,30.65643157899831,31.293754128006185,29.625868401959607,0.9663834593930787,0.011850347360783844,0.999951896314076,38850.219105215,9038.532648685,46582.306999026005
B2izdXFYb2sNwbWWHmh75T4aQFtfXsUxem9u2p61HGzf,4DYwgJtxwuJdAjkj5RJSNH4e7U329V5cNp7d3a1nLrZv,EXNW64GEf1ACC6xY9BtKRiunrs6GoJSXBdxWN2eTPmrF,5549.565873000007,5481.957015,5588.996241483674,1.0071051266686473,0.5588996241483675,1.0,9932.475969,29806.929557,39809.97702589304
MATgk4zXLXtYkwBH678J1xZbRDZ45LicNzkRBHkxTuY,y8dALFo1bJrSzPYjMX14HJX448pXqYmrfXHD1K8MXih,GN7Yuet3UyiWS5YVkEHv6oQKi4HGBJc3XDPt9zQhAqZz,5385.788863999998,5378.809710000001,5395.3494231778695,1.0017751455579287,2.158139769271148,1.0,3262.774895,4810.866341,8079.43313636138
BUSDTd9WiT6uBHJRgNvFXBsA7JrifsAtWzKfioN7ERcy,DyBxrn7gSc1EwnpWhDyhzvMHPtxpmBqRqotapLcKcfTM,Cds99GeBgoCpqBsoRWu1C6fF9LiUMd4pXQQD24s9LPff,841.3658491199999,841.9823457699999,839.578219175731,0.9978753238604364,0.0839578219175731,0.9975098164941041,83.48228266,90.59863327,173.6779358937303
SoNcU2iwHMw6dGzsYNQkYFkUjwN1UdAjrWVRnStrZu2,8ivTTid27jZnYNc4w3CTA1Z6QS2twsFb8WMwUabeDJgc,CyXm53PMvHCbeXJBykU46Rcbo28xk5srhMZFg7gv6EYB,8.524749976999995,8.418854482999999,1598.4060053453006,187.5018047048703,0.6393624021381203,179.29424049525372,15.365343652,19.331673,6347.087292698125
daob129AwBGn9Y5r91uLoWZeYiGzbPmksauMhFZKTze,6VW5GQNyj4LStgmxEHLr5zUfW92vQnmbw8jTnCH7a38F,4VPCCUifPeBA1c7HWK358CHn2nyjm8pdTRk6Ps3KmnMQ,16.265889248999947,14.55014694199999,2805.0735252957493,172.45128639174828,1.1220294101183,157.85705885463653,48.047647003,224.404888015,43709.774148415956
heyk4SZTeCUV6a65WiVA5bzic3KcxgVf1qxobfeV4tQ,9ZDpBKPqMABtGfq66FbVribaArMvtk63xxy91onZAtDt,DaTP4s6N7xxSPinbNZ3FB52EpRDRt87QShTuN3VPCW52,82.26573126899984,71.26177350600005,14781.866983426244,179.68438079145218,5.912746793370498,157.60600264525917,619.256613433,4500.39138337,820559.437407834
KZMu9QBEdL97EFgamLbN5DE1AoKBG4HdrKKJo4Vuon3,DD4ACBWyVqdaKWh7v5btsgqQCCMwbKnuL2xd9pv7Gyuw,GcYqiJ1MAuYbNTNYXm1F1gQYTfTgkErACAhNU5dpVj9T,23.03908404999993,23.32563571000003,22.00560805225608,0.9551424876309763,0.008802243220902433,1.0,2383.83494011,715.9706168,2992.8726515983044
STK75uPSyBnEhGTTzb1nwmP3n427XoXmfRhXxxhyady,6TYyD5fUmDe6N65avW1Ny2RxzRNobw2RRgKwH9CTzSAU,54zDfk4cx2vGrEajPtodWpArNe5eUurytyxd4X3aZAxK,726.1511523350019,819.6100022110015,114418.04572665103,157.56780851855692,11.441804572665104,178.2050580654451,1667.836708828,291.279452041,314704.8468410679
RajgMbScQbqqrdJfR2rxfHJiTiY5b6bJ2tTXiF4aPxy,725ZA3fhyBAKb5iopNRrcbSuQa3LXA1656Q3mBvYPxeg,GLA6i1dSZpUfk2f9Nj8uiG7xyDdAR2reff8oEiZH3617,3723.4165083400003,3724.6619243000023,3722.44428034286,0.9997388881971806,1.4889777121371441,1.0,103258.73475986,80677.26022932,183909.03291479
YAkoNb6HKmSxQN9L8hiBE5tPJRsniSSMzND1boHmZxe,CfWX7o2TswwbxusJ4hCaPobu2jLCb1hfXuXJQjVq3jQF,EnTrdMMpdhugeH6Ban6gYZWXughWxKtVGfCwFn78ZmY3,6985140.573086989,6986884.8775559785,6985140.573086989,1.0,698.514057308699,0.9994323224408537,866874.154815,609026.121776,1475554.546128734
WiiQFxXqp8P9Fs1rt9SVcDyA3KUdJmUsog6wnVQAwba,3S2jpqSYxho6wiz3cafhjXruVY8cg4HYa2v3BqBHYFSj,Dfe67M6TfrG74gKRtdqys4e6E9QirPD53BkF4FujFjuv,1034.0574795739994,1027.8707365,1040.2385185981527,1.0059774617429387,0.10402385185981526,0.9999518993137874,3839.201088877,22995.419037798,26856.462708871746
JSoLLrxK5bYdHwTEWYaGgmeycBCNXKDiBCTw5hXGBg7,xG4wXczA7Dk4hccJ61CHKpDHW4NrNfQwgmWgkb9BuF2,BVR6WgfhsRr9Lob4QDnkEAiNGgAbv7ZieKcY9kSg3QYR,2.425259054999998,2.0641154139999927,430.5710528796619,177.5361077374319,0.17222842115186476,157.80185799063636,17.079025818,165.111644892,29087.06810752259
C98Sspw7XqnMsgxea3SLQVdbMDL8pKUc3RE82UvX9eq2,CSqgQJurPCzGxb4Cgwx5R61hWQUiaoUHcShNc8r1cKEL,6S2CR5EnukPhC914XkAns8m5GixjMAoUuZMsS5ubHuWc,52.67524499999979,52.678988000000004,0.0,0.0,0.0,1.0,892.426991,871.451942,871.451942
MATSnbbiTCv7Dc3trJrkrqjx7ckKdr6fwPoVwv9q3sD,631WX9JizSHJm4w6VanZeJAst9T8DeUUnPLesdGkCVtK,211maUSfpnXbPuW1iBu8b4dtJv5EbN1j7JJiEX5TZKEP,1645.5618279999908,1643.6880910000073,1647.6048580239403,1.001241539508991,0.6590419432095762,0.9995472051160824,18092.01556,27474.102549,45576.139928040604
ALLwa5WNZbvQsRKAqe1jdRGemdYQnW8E5k4msbRFcYtu,CGoM82Hbz7QVqTgvQatYtjvDWBvoUJp5qm21P8iMs9yb,3dxNNww8TivyN5FMy5dCNdi3Zcxv6e4kUfSPxfFwpdNq,21.102549287000006,20.793495908000008,61813.61283868891,2929.2012068308973,24.725445135475564,2814.0477262494373,0.532894973,8.160406336,24524.72949311802
Lid8SLUxQ9RmF7XMqUA8c24RitTwzja8VSKngJxRcUa,4PgzyzLtds9bKZ2to9PMnKqJzKEUpjvNUaeN23phegax,AtymwxoVN9peZo7EXTcDz9jKVc4vRmisJKKrNfe3ewBa,86.07284102399308,72.71428866699841,16118.225825986035,187.26262121977626,1.6118225825986034,157.90955540722584,961.165615148,7658.285503222,1389306.851514322
C2ypsDADXcCRz8HbV2zX1AXPSja7a1P3xZtRC91xGhJh,J9bYNuDpY1d1T86gLaw7DGk5D3CsUAf2tzUwxMvb6FTv,A2NGvvPrMGzsJ4jb52KEnSBVmsA7C34dV1GC7PerdgvG,150.09305352199954,151.23475209100434,23723.341975709955,158.05756108648134,9.489336790283982,158.13569402514327,3911.592951849,2022.875006913,938145.5850766269
ACUSESXyNnwRLAg1dpSGMLSzUDdLjUMybY8rkXiAKhCP,AhFPQdu8GKBsxuhiH46UmCu1YpaLgNpoP325HnYtsgas,A8wxWpT3aFEr2XqZp1kDmbxbFfcBE95UUmdsNTDBJYbT,410.158327567,410.3216573709999,410.13900919938874,0.999952900218494,0.16405560367975552,0.9878589878079906,1045.343746476,1840.979146512,2863.922307262905
parEAJhzYzHW87y9VoZAQ22dzQ2MD2ekEtTReaxbMcz,3oyc6hpjYSJEquK6dSvG72NXyz3pqLZz5D8AC71pwgQb,Di2vordgFJVZ1aj1aBpvzXtLfZgJsuLLXawGtVFwX6Rz,3.6376756019999448,4.289504185000396,563.3191410088067,154.85689287387294,0.22532765640352267,182.54660916935268,1103.667625298,139.630105893,196399.54158785893
AUSejoEUCh2DBs9mof6BNC8Pubs22w4cJa1ccV9h44R,4xkyD7AfGQDwsQMy9MosRRNGoVJ1zosNinesxg1TzHG7,Cbm5gsQe3nSiCsFrvepVzMCD9xLK3ri9g3ypS2hdmVJ7,709.7507310000037,707.1859079999995,712.143533271797,1.0033713276609408,0.07121435332717971,1.0,13206.288236,15673.677568,28924.488528828384
KwnjUuZhTMTSGAaavkLEmSyfobY16JNH4poL9oeeEvE,J63v6qEZmQpDqCD8bd4PXu2Pq5ZbyXrFcSa3Xt1HdAPQ,BnKQtTdLw9qPCDgZkWX3sURkBAoKCUYL1yahh6Mw7mRK,309.58672200000694,11795.815167999655,6.651812792341435,0.021486104925201817,0.0006651812792341436,1.0,277027.333771,585.93277,6538.1711305526105
ercAoEmXjQzEvAFbdjAo81KtMxRGn9AW1ju882upmPH,CMRhskR2Eg6V42RTSdRTXGdozyPbWB8U9dVpijPWb9T4,7TKLLgrWswt6ZJ1pXhVR3FyufHGjJFqiEXxvWJfDcgRm,4.305918151999997,4.890616874999978,674.3204091351632,156.60316460542973,0.2697281636540653,131.58031511117022,35.6254699,372.975839536,54655.33982189563
AURHmCnNwiW4uA2Qj1XvEh4iKgRUZYXtiY7FKAapUV5Y,BKWm4TRnTeKwfWXRyuzjRHU7iZDkPuXBX5b5V5jSVfGJ,A5Ww74HVrkj9nPeC7pHKLfgeDMEhBCpW1efQdz3TGLEg,0.013077390000034939,0.011690095999995265,2.2899188615141974,175.10519006530197,0.000915967544605679,158.15565204807615,290.116878435,1795.076691362,334702.495738173
SAMyS8Jr2HJrkFwYVKbpUwsNStnQmvz3f8Tup8bWUWF,6jPzm5TFfquvgm25sTyN3MMGBfufRaFHMxobDWv6hMFW,Cj9ECoDmxsHTDzCY5ZA6RWrPbg9uFzEC1Qc2kso2vJG6,1050.3507210899988,24.477289319999954,1003.2346006268913,0.9551424876309763,0.40129384025075654,0.021499776230328994,493.86734424,108356.15438746,2801.3467562464684
YakoMPuYrybnr9R7VC7hVGxMz94fJvPFCdZ4gmW61Ed,,,0.17486000000000002,0.17431800000000008,0.0,0.0,0.0,0.021499776230328994,493.86734424,108356.15438746,2329.6330725093712
KEVpg4SYCVrqFxKijQH6hm4QxsRdoE51ud64bEEFUC9,2bPenuBYfqzD8p5dFjCcggwkHDsc2RQDnx9AoyYGUBjA,AE6n6iLuX8oYu61vt5hoDYkjswpnxFxrhSehxrnQTnbx,104.68321157100013,104.99862600000051,104.98433530537952,1.002876523655134,0.0419937341221518,0.9999519013135949,1533.892907235,5992.252185788,7530.26915279636
KEN5P7p3asnb23Sw6yAmJRGvijfAzso3RqfyLAQhznt,9zj4aX38Uxf3h6AUjS4EipWS8mwbEofasHAf3a1uKGds,CwQDG1MWunn9cLNwcZLd8YBacweSR7ARo32w4mLua1Yr,106675.95282000094,106682.96752999956,106587.59170647628,0.9991716866717492,10.658759170647627,1.0,1124013.84077,1117793.708107,2240876.5132315517
wrmcMSHFi3sWpAEy4rGDvQb3ezh3PhXoV2xNjgLBkKU,8p4mGnARWPBu6P2Gcw4adodLkNDorrXniZMhaY7eJXUn,AyY89zccbsgp9LKFgH4CFZMJmpSgqmPSdTfukhP227rc,0.010154180000000387,0.07439949999999834,3.316192031352184,326.5839320705421,0.0013264768125408738,2929.029612489382,27.03278576,0.10108657,9124.559025276338
7dwD9TF6uikvHXxPFK9AsSim54yJoujQjY9vU6gNFumk,CquVr6atkvwueDYficKjn6SSEWq4F4rH4VSiBbW4GBWU,8BCa6ge3b7ho3TfZuM64Vk1hgbrJ3J7EPiAb9uP86CGd,0.0017823700000000006,0.0017828460000000007,0.3336105357118459,187.1724365377816,0.00013344421428473837,184.7698635918005,0.003913983,0.003595309,1.396894488177829
