0,1,2,3,4,5,6,7,8,9,10,11
YAkoNb6HKmSxQN9L8hiBE5tPJRsniSSMzND1boHmZxe,CfWX7o2TswwbxusJ4hCaPobu2jLCb1hfXuXJQjVq3jQF,EnTrdMMpdhugeH6Ban6gYZWXughWxKtVGfCwFn78ZmY3,5298743.920424011,5297953.411433004,5298743.920424011,1.0,529.874392042401,0.9978356943788921,388232.414583,1059133.351809,1445073.4781251769
ALBpShJ9NLpE739pcHDF2LNVk5J4VYPvvKuV6jMPitZi,D6d156U1bPiJpDYRLextvDRccgFk7QzkQbJg42ceKEu5,GNcM8U5g8RwTZffwwm3kSQqUNPSwv5d2fbN9sLxPJqt2,855.3215049999999,855.5351940000037,853.5018390790832,0.9978725357537729,0.34140073563163326,0.9978675570306255,53037.965799,47277.669385,100101.98187438154
SoN9GaFpSXfpyR5dth3x7PHPVhvJMpQqqDJfCSmPv1t,9kZ9iS68ViMPtoeqtnhAKuF2iqVyfHPdZHoUNdwCELr,BBhm5fJLjw3HRzjtKB8uMEYjGhY6EDm9co3cqpjrSzB9,0.3337587680000007,0.3274878450000003,57.56135758797442,172.46395632660742,0.02302454303518977,163.13559667660164,1.504531025,2.478883853,663.8715694387741
BkMBnJpvHKtWhUvrgRrLesXfi9RUV3ELgdBaJcdH7hcY,5uerVwBnZQsuVhZ15igs7ZgmcqhHnYWbwoRtLyRqLvR,9YWiQh5d4jCtgMdzcGLv9bWgnLaFtzvDDh2nnhJdzhBX,0.0011736749997908191,0.0011736749997908191,0.0011801507714903226,1.0055175169452,4.7206030859612904e-07,1.0,986.482241645,1887.576222024,2879.501396153415
AURHmCnNwiW4uA2Qj1XvEh4iKgRUZYXtiY7FKAapUV5Y,BKWm4TRnTeKwfWXRyuzjRHU7iZDkPuXBX5b5V5jSVfGJ,A5Ww74HVrkj9nPeC7pHKLfgeDMEhBCpW1efQdz3TGLEg,0.02630998599988743,0.023508204999984628,4.301470282871675,163.49192595123688,0.00172058811314867,145.99390533842774,289.932553331,1795.28273288,309501.9688998415
MiMuMS9C4vBqcrYeeQPph1E7oAW9aNKvW9k6Zw9XffM,Afy2q2hh6Y474pshJa5fnQ6PfEchGyTbKrQpCZw2hr3m,5pXz9ksgjeL8Wgb37bksUaBFMLdFfsNNY3FQnikkCPtS,0.801911466999627,0.012163422000000423,0.0,0.0,0.0,0.02178998779259514,26.015093477,7673.149676041,167.19783777168874
ALLwa5WNZbvQsRKAqe1jdRGemdYQnW8E5k4msbRFcYtu,CGoM82Hbz7QVqTgvQatYtjvDWBvoUJp5qm21P8iMs9yb,3dxNNww8TivyN5FMy5dCNdi3Zcxv6e4kUfSPxfFwpdNq,2.7217589459999996,2.7163208379999997,7930.301990035255,2913.6680166661813,3.1721207960141022,2902.816602949842,1.633899921,7.025810918,25155.282524207774
BUSD5rCfUDpCxKGMvYU2yThChxgHoioK74PTPociGnv2,CcFHbafgYDZ8yA8Me1PdtDiVb2eeaS61LbqyKKK5CsNZ,26R9s4nmF3CFDTkiePDwRmtscn8i7r2eygbSijditJ58,102.91501398,102.82354714,102.88534596163849,0.9997117231275189,0.010288534596163851,1.0,91.84112902,56.09876877,147.91342211656098
iLiUBQ7Z7im6Ew3b4ewwPcehzWgEQRJ1iQz7g6D62NW,GpugBvKWM3TVhYcZjemSdtehBWgfvuGr6uAm9iPjXT6v,92fMXJ3xy8tEyMUWLHKRLyhPw2nECBo77GtDiBBbYrjX,13.674317202999873,13.941426395999997,13.417188459134518,0.9811962279323939,0.005366875383653808,1.0,1819.781564545,1142.964478516,2928.5272853084643
Cob4usZcpHEY7Qt4ZCwj6WVg9S44zvzYV2v9qYF65dTf,NhFM9UXE48PyNAyeyPYA3iXztqKVJwA4bTdLj4ysM8w,6TuFuynuBoeskxyR2cz4wxyidk8dpDK7kAWw3UkjQGx,171.47501500000945,588.7562509999862,1.5450116338308013,0.009010126832942491,0.0006180046535323206,1.0,70945.200256,188.145461,827.3707134950641
SoNcU2iwHMw6dGzsYNQkYFkUjwN1UdAjrWVRnStrZu2,8ivTTid27jZnYNc4w3CTA1Z6QS2twsFb8WMwUabeDJgc,CyXm53PMvHCbeXJBykU46Rcbo28xk5srhMZFg7gv6EYB,1.5680569959999975,1.5531001640000017,272.49515087480233,173.7788559790353,0.10899806034992092,169.2352344373394,15.191946737,19.498066078,5939.798907835363
KEN5P7p3asnb23Sw6yAmJRGvijfAzso3RqfyLAQhznt,9zj4aX38Uxf3h6AUjS4EipWS8mwbEofasHAf3a1uKGds,CwQDG1MWunn9cLNwcZLd8YBacweSR7ARo32w4mLua1Yr,51324.57223700057,51325.26327000116,51308.2562115253,0.9996821010918527,5.13082562115253,1.0,1150114.777556,1152485.916227,2302235.073550971
SRMuKizofcAMicegrfSv7xs9q76tH1w8aAF7oX9FEWu,72Hj2KWntXPfbie4UgKeTPnm1XVkomDfCnRPKbvfTtPi,6aqJQ5wedqpUt4fFEDUqUmXhrdxCu4bEJsQdVPCADLko,658.6906110000009,661.427045999998,40.37717929231109,0.061299157173368354,0.016150871716924437,0.05917968318866762,16945.392921,4946.001459,1331.4411034231703
JSoLLrxK5bYdHwTEWYaGgmeycBCNXKDiBCTw5hXGBg7,xG4wXczA7Dk4hccJ61CHKpDHW4NrNfQwgmWgkb9BuF2,BVR6WgfhsRr9Lob4QDnkEAiNGgAbv7ZieKcY9kSg3QYR,0.811857764999985,0.690993918000018,136.34894735118186,167.94684146573925,0.05453957894047275,146.24973985827523,17.07283898,164.661812701,26949.076653657445
SAMyS8Jr2HJrkFwYVKbpUwsNStnQmvz3f8Tup8bWUWF,6jPzm5TFfquvgm25sTyN3MMGBfufRaFHMxobDWv6hMFW,Cj9ECoDmxsHTDzCY5ZA6RWrPbg9uFzEC1Qc2kso2vJG6,1141.4343266200158,26.794225500000096,1094.919927318473,0.9592491672829921,0.4379679709273892,0.02178998779259514,494.99462614,108304.36603986,2834.773996827656
MAR3XM1n9xWPQ3HJjAcC85o8DopWFP5p2WxGTaZ3fPB,6qG7GUhER8Cg9gDEgnebph9LdS6eu2eoWcA4R7z9uizK,4QV4CwRXVMY227KkFF9voNAfwWHVvVajXSXDKbUHkWZR,0.3040820000000011,0.006998999999999991,0.2869036442976776,0.9435074890906947,0.00011476145771907107,0.02162041789024719,0.115505,24.125989,0.6305937967229277
daob129AwBGn9Y5r91uLoWZeYiGzbPmksauMhFZKTze,6VW5GQNyj4LStgmxEHLr5zUfW92vQnmbw8jTnCH7a38F,4VPCCUifPeBA1c7HWK358CHn2nyjm8pdTRk6Ps3KmnMQ,10.458051802999826,9.372693233000007,1710.4793085039457,163.55620919885916,0.6841917234015783,146.36588866854316,47.998324968,224.432659419,40699.70972176745
7oAd7xG4m3oC2qeWB1szghTebAZyyGPAFDJ4wwwbRSNi,D9yh4KAysxt9GLacVe4Wwh2XqghhcjTCSTV9HuM7TBJd,HDYfJLpZKaMFb84jM4mRytn7XLR8UFZUnQpSfhJJaNEy,12.338486858992837,0.2807060000000092,12.338486858992837,1.0,0.004935394743597135,0.02277674421689311,955.404703978,300093.099460776,7790.548471650759
TETFuZgEmET6d9vYmz9iMFCxK1jKdKYxf3oPz8hSzJK,Eu1Ze6Z84LWNkq7SNoAHBJbXx5t1P95EwyqYohrfCRFV,ASMbv7WNu3qe4pkhREmvyEdwFNDZQ6B6iSrjkj4u8bdC,53.153367341000006,53.19302712700001,53.0923372745642,0.9988518118514623,0.02123693490982568,0.9986089377497147,170.213042054,81.265248888,251.16980932439893
GokA1R67GqSavkd15zR62QD68Tuc5AEfvjssntVDEbM8,3YB7hfpBdbQEuZqLGWVDpRPmeZWCUsrrWyqGXegnQ6Cg,4DPCj6Z1DsG6HUtwSogBGqXEUxdEV5a8YVrrFtcnz7UW,12577.90438899999,12579.368268999999,12576.546122018812,0.9998920116627404,1.2576546122018815,1.0,18805.497418,13614.645514,32418.11215760249
KwnjUuZhTMTSGAaavkLEmSyfobY16JNH4poL9oeeEvE,J63v6qEZmQpDqCD8bd4PXu2Pq5ZbyXrFcSa3Xt1HdAPQ,BnKQtTdLw9qPCDgZkWX3sURkBAoKCUYL1yahh6Mw7mRK,168.66284800002074,6390.580142000066,3.6751613989847813,0.02178998779259514,0.00036751613989847813,1.0,276872.2132,589.159481,6622.201626736798
parEAJhzYzHW87y9VoZAQ22dzQ2MD2ekEtTReaxbMcz,3oyc6hpjYSJEquK6dSvG72NXyz3pqLZz5D8AC71pwgQb,Di2vordgFJVZ1aj1aBpvzXtLfZgJsuLLXawGtVFwX6Rz,4.745507272999959,5.523827006999994,662.8476484972648,139.67898695859202,0.2651390593989059,169.02918762206022,1103.811232185,139.500140934,177758.83020035294
Lee1XZJfJ9Hm2K1qTyeCz1LXNc1YBZaKZszvNY4KCDw,9DgFSWkPDGijNKcLGbr3p5xoJbHsPgXUTr6QvGBJ5vGN,2hNHZg7XBhuhHVZ3JDEi4buq2fPQwuWBdQ9xkH7t1GQX,1884.0226404638088,1587.3427374100056,327530.4536144583,173.84634694932691,32.75304536144583,146.4566068845443,6710.080475281,53861.738824163,9054930.487452043
BSC8REUo9LpiiWUuqMuLXs2D2yJsJfGd4HdiF3wCLxk5,AZjEH1zWVx1UJ6udMyRijGTzPteuLnaY18yNNmprJEsh,Caf8ypkSVR8xYnXNhjvfvdGCC7mrM3C11rz8Xi6NA6aK,42.81736779799985,42.92886200000021,42.92833948734993,1.0025917447768768,0.017171335794939974,1.0,2593.035721111,3617.245595786,6217.001803683444
WiiQFxXqp8P9Fs1rt9SVcDyA3KUdJmUsog6wnVQAwba,3S2jpqSYxho6wiz3cafhjXruVY8cg4HYa2v3BqBHYFSj,Dfe67M6TfrG74gKRtdqys4e6E9QirPD53BkF4FujFjuv,4828.280403549999,4828.589619803997,4827.103092414172,0.9997561634707541,0.4827103092414172,1.0,15596.301267271,11221.58715327,26814.085472570914
RajgMbScQbqqrdJfR2rxfHJiTiY5b6bJ2tTXiF4aPxy,725ZA3fhyBAKb5iopNRrcbSuQa3LXA1656Q3mBvYPxeg,GLA6i1dSZpUfk2f9Nj8uiG7xyDdAR2reff8oEiZH3617,2158.615433470004,2161.926211240003,2155.3006242159727,0.998464381750156,0.862120249686389,1.0,130911.53618232,53015.25566094,183725.7616991833
C98Sspw7XqnMsgxea3SLQVdbMDL8pKUc3RE82UvX9eq2,CSqgQJurPCzGxb4Cgwx5R61hWQUiaoUHcShNc8r1cKEL,6S2CR5EnukPhC914XkAns8m5GixjMAoUuZMsS5ubHuWc,61.4012859999998,61.36852899999997,0.0,0.0,0.0,1.0,861.615619,902.140158,902.140158
SEQV6QiTpvTzrceiaYg9Avnwf7oc8ZALpnQMz6TyT4A,3dFMPj4r9mMmPHF32mz1gNDX7f8ftidWof7S8YiYTs1j,Fc1ED3YPeQfXQosHbd8DTaBd2AV5gHQtwiSAL5C5pUhi,244.7817633369998,245.13841288999947,243.74813668846923,0.9957773543484629,0.0974992546753877,0.9965449785593347,3996.774064077,1550.465642487,5525.005853904342
BUSDTd9WiT6uBHJRgNvFXBsA7JrifsAtWzKfioN7ERcy,DyBxrn7gSc1EwnpWhDyhzvMHPtxpmBqRqotapLcKcfTM,Cds99GeBgoCpqBsoRWu1C6fF9LiUMd4pXQQD24s9LPff,733.8631440099999,731.7251950999996,732.4263359425181,0.9980421307716439,0.07324263359425182,0.9991417372477043,95.45398626,78.34645297,173.546310965219
MATgk4zXLXtYkwBH678J1xZbRDZ45LicNzkRBHkxTuY,y8dALFo1bJrSzPYjMX14HJX448pXqYmrfXHD1K8MXih,GN7Yuet3UyiWS5YVkEHv6oQKi4HGBJc3XDPt9zQhAqZz,604.0515389999991,603.5684550000001,604.6731429909939,1.001029057871492,0.2418692571963976,1.0,3657.344888,4407.064879,8068.173386545757
SUiuyGR7SFq3xeRVJonq84fjjeFwRSsFekcevJ53tzy,49GjCCPsv7fBqo6t3iKDrP1xxGDS8uWZbVCdfnp2gjMf,CEwj5xEbbJEjYqM8D6Ai8ByGz1mrh8mkAVsE5fzDSSSx,4.46777899999995,0.04265300000000005,0.040255255451556525,0.009010126832942491,1.6102102180622612e-05,0.9474811214386553,632.545869,1.783374,7.3890317048083665
BUSDgu5JdqP1rndBvXvanbEufS94FNh1w5FJcAj6vawb,Bgzr8cWubt89JQFXndVjtdKmDbGzuPxNhvjH1EhWCwbo,Dxaf8xPBBQsasRKW5Aa4Sw2YrbfGofY9xZueyyF23FBW,8735.304541960006,8756.37075171,8718.697254616385,0.9980988313270766,3.487478901846554,1.0,8784.40234802,6299.3464593,15067.048176765587
DFWzVTzNBrQZLjoQ4yQwkj9HuoXmfkuZP9V5vbymZe23,DhgiEgiNdqZdRdo195UUHnoEJUtefK8buko8nU97XJUZ,2K2kkXsouBHtWVjtcgkyiXd8eP3oVBvq1bTJzcVdLLr2,117.97977200699825,119.3391269079948,116.67474122475218,0.9889385209002722,0.04666989648990088,1.0,42740.472969667,25238.75210937,67506.45223057055
heyk4SZTeCUV6a65WiVA5bzic3KcxgVf1qxobfeV4tQ,9ZDpBKPqMABtGfq66FbVribaArMvtk63xxy91onZAtDt,DaTP4s6N7xxSPinbNZ3FB52EpRDRt87QShTuN3VPCW52,74.11924671700035,64.08182467600011,12505.902774729037,168.72679268420873,5.0023611098916145,145.96221797180243,619.574217086,4499.86773887,761349.4462239752
KEnkcdADoLR5jS2CLLLesy8TtFsyWL37BhXNfDMzWzP,3qsjFRuw1qeLMPo4DLwaQevenGAGBj9dA3Q6rb8ax2YR,77iEv8zPQAEyCcEbvBRSB6AFcUdfkhiqnAKtPxk76rNN,1.8378119999999996,0.016936000000000007,0.0165589192151037,0.009010126832942491,6.62356768604148e-06,0.9983527180152749,116.271322,0.324539,1.371623751005856
KysFMBBoavfov2tLpvefWW6tPFt6rAeZWDJVy1mMQae,B8ka2V21TH3x64dFV8ETcjuQcwmrciJ2qzy1mJUttRew,7fSf7EYxBANyxzk2s5pymFgshA91tFYQNKKs5UnLWcYS,40.27079900000035,54.01174400001764,0.0,0.0,0.0,0.020890049382196636,134514.436043,2603.001229,54.37682421572853
MiMUFdSLMyCLpqpH6zkqdDrGYs7XBomwENbivdYjv9V,,,0.012163421999999993,0.017581999999999987,0.0,0.0,0.0,0.020890049382196636,134514.436043,2603.001229,54.37682421572853
B2izdXFYb2sNwbWWHmh75T4aQFtfXsUxem9u2p61HGzf,4DYwgJtxwuJdAjkj5RJSNH4e7U329V5cNp7d3a1nLrZv,EXNW64GEf1ACC6xY9BtKRiunrs6GoJSXBdxWN2eTPmrF,4509.317300000001,4465.607970000005,4407.202419930218,0.977354691791198,0.44072024199302184,1.0,10519.533591,29209.094837,39490.41034761896
HEDSDjj84KS7LKhZY7ejkCACTdPen62rKhCby1wXtgxc,EnnjMSFttpCTywBrYNt1J5QQeoSVkvzPipJDa8Y7kJow,6bjVT6JN2rSvpyn9PdfLYC8wJn4LWh49jpY47fnLDXZk,62.124926361995676,63.82976777999829,60.145680399443535,0.968140872296262,0.024058272159777416,0.9999515893437051,39085.069707058,9083.135771049,46922.549530436445
BkwbeSfcX1h4thMDd7obGkHrPevf3QwgzJ4pCEqG18Lu,35yX27bmurdebhfAb8EPmjLETDiUaEUCn9zHaDPbakH2,2CxECn1ZJFoESyUnQysQU8rRgT3iJ5GRs2Mdd6gZjx5g,1.4089999996969027e-05,8.67000000004392e-06,0.030783011441424948,2184.7417635235515,1.2313204576569981e-05,1344.0860215053765,0.80136202,22.09433868,31447.460846989146
FrnkTEL6yZ5Aycq2TrEgu29dCrwKG4LPUZydfiwqspkc,DjvZuMZ46fxKBoBpGMPcRcos4xdTtHFxwMh69DpA2ZFY,9rvDPJLAng4uVVqnnSoEXgNDFhBZQTny9AoQioYDZbQX,25.262044633999125,21.081866586999837,4420.065514206425,174.96863687184072,1.76802620568257,145.50279947386187,172.430561383,1439.309327851,239593.47679139272
AUSejoEUCh2DBs9mof6BNC8Pubs22w4cJa1ccV9h44R,4xkyD7AfGQDwsQMy9MosRRNGoVJ1zosNinesxg1TzHG7,Cbm5gsQe3nSiCsFrvepVzMCD9xLK3ri9g3ypS2hdmVJ7,189.0529630000001,188.71693200000118,189.35289799041692,1.0015865130366501,0.01893528979904169,1.0,13894.005674,14983.863964,28899.912659133093
BSCNHw8CmxbZ8hCWWzMf5FaG2ajPT6JxfznKUNuRVrn4,7n9kgNL633yGzCYksgnzHyjG73ZLBAwvEae5sbAekbzW,SscdxE99omdG9AiMVwmaEMQySQnCgeAh1sPj2Leutm2,764.266286694,761.2993048700005,766.746271536808,1.0032449224648332,0.3066985086147232,0.9999520562987086,4619.47215637,7082.637089863,11716.759507371886
KZMu9QBEdL97EFgamLbN5DE1AoKBG4HdrKKJo4Vuon3,DD4ACBWyVqdaKWh7v5btsgqQCCMwbKnuL2xd9pv7Gyuw,GcYqiJ1MAuYbNTNYXm1F1gQYTfTgkErACAhNU5dpVj9T,25.7825899999998,26.730386719999956,24.731927987898608,0.9592491672829921,0.009892771195159444,1.0,2396.20486891,704.03310041,3002.5906255513687
Sid7E679i9ABqptiAVhkmQ27YHN8vaYT4fppPwmxFsJ,GP7KB8o1bv527HG8kTzzzf4wJ5aEGHvcMQvVhLziUfmT,9gYxhAZ1M9wu5pxr8SBoa5NDm21gi3s9vMHaYTME77sa,350.88177799999903,859.9527200000011,3.1614893231483614,0.009010126832942491,0.0012645957292593446,0.020746005185546982,130518.484612,10703.272551,1398.0382482429416
wrmcMSHFi3sWpAEy4rGDvQb3ezh3PhXoV2xNjgLBkKU,8p4mGnARWPBu6P2Gcw4adodLkNDorrXniZMhaY7eJXUn,AyY89zccbsgp9LKFgH4CFZMJmpSgqmPSdTfukhP227rc,0.004738760000000633,0.027458490000005165,1.5506413612567516,327.22513089005236,0.0006202565445027007,2910.360884749709,27.02897532,0.10150179,9139.966826259075
ercAoEmXjQzEvAFbdjAo81KtMxRGn9AW1ju882upmPH,CMRhskR2Eg6V42RTSdRTXGdozyPbWB8U9dVpijPWb9T4,7TKLLgrWswt6ZJ1pXhVR3FyufHGjJFqiEXxvWJfDcgRm,88.66709588700007,85.03802174200001,12973.829652148934,146.32067874065888,5.1895318608595735,114.90332953079914,35.167188991,419.711017295,53371.88029051847
RoBgmK8CvjdHvPrqdDyVw54VwjZv2TqJ493xnqJAQHx,ExiHJxM7qPAcy27NDHAF6G7vnW7muNHi2sVJpnaNynGQ,6rkPHSqZb7StM4HwS9EuVrmfkV7tRdc7dnsFhyB6cefE,13.9432819999999,41.02202000000137,0.0,0.0,0.0,0.9025042688451916,6265.366103,18.96143,17.112771518409282
C2ypsDADXcCRz8HbV2zX1AXPSja7a1P3xZtRC91xGhJh,J9bYNuDpY1d1T86gLaw7DGk5D3CsUAf2tzUwxMvb6FTv,A2NGvvPrMGzsJ4jb52KEnSBVmsA7C34dV1GC7PerdgvG,791.2550867669972,796.0667945750001,115766.15734278945,146.30699919516522,46.306462937115775,143.73152331267815,2995.691266215,1720.780100541,685620.9448119828
NorjjEePhxfwLF4vZjUHCrVVKLzQjEEGQFd3wgjEJmh,34M8pFVqgbV7aqHxvRT5tCv3vu2P1JJYT8J3VaxBK2oG,3AZWBSze3ucsY3xSeuLne3b2pauVqiaJ1SZSV5T9WGWw,1.2073310000005222,2.0832120000050054,0.6988863142091594,0.5788688555241744,0.00027955452568366375,1.0,38235.101644,2193.763475,24326.873004512763
MATSnbbiTCv7Dc3trJrkrqjx7ckKdr6fwPoVwv9q3sD,631WX9JizSHJm4w6VanZeJAst9T8DeUUnPLesdGkCVtK,211maUSfpnXbPuW1iBu8b4dtJv5EbN1j7JJiEX5TZKEP,1766.4044100000028,1766.2222699999984,1766.609336683058,1.000116013457561,0.7066437346732233,0.9988064263205468,21844.723203,23710.859082,45529.81590955074
BSCrK1Nx9PXU9mF7STWWBqeHLxmtJDr9h7jheEy4tAWX,FfSySSbVJPvEo5a5AvrP3nySoXpRE2QPn1uUMpJJ1x7v,HL7Vcj6838ZmvBHDbQxXfjBNckNi83WvPiZQoMQLFeRM,0.00012895899999998406,0.00012889199999999157,0.3759770493619013,2915.4773948460193,0.00015039081974476054,2911.8015316076057,0.840296693,0.963989992,5256.813548565369
Lid8SLUxQ9RmF7XMqUA8c24RitTwzja8VSKngJxRcUa,4PgzyzLtds9bKZ2to9PMnKqJzKEUpjvNUaeN23phegax,AtymwxoVN9peZo7EXTcDz9jKVc4vRmisJKKrNfe3ewBa,109.39960178999377,92.49358302399946,18898.32419104751,172.74582248777477,1.889832419104751,145.91312653455012,967.826247837,7675.220457945,1287103.3550685558
ionytDfEj1mXodptgrsKEZro7DGsfpzANUfarJdm6Qb,3gkSjY95an9xNFSjCfsay6JZez7uv7yfW3Ad4ubc4fMK,9wXqANaSuEqkKL9yHzCPEDGHwbkStVAqV5rB3QDs3Jr6,0.02031090300000002,0.07565330600000042,14.662709860179858,721.9132433540667,0.005865083944071943,2912.564804566902,3.17013297,0.079600045,2520.401263745302
BSCuChvaSj9b5HUSqgDVRzcnr2sSn7cXaamt1jbKH6hn,GnKpRj5kBVPMJfiwZtEuD9GYApLzPdW5JFuZTcyX4BTc,3dmwD9okkomV9nDwyuh4UMhKdUR13QpuKxRo89ycZB5t,12.279301065000027,12.248752386999968,12.30583803866185,1.0021611143436708,0.004922335215464741,0.9994283269969577,1205.155075939,1796.741186627,3003.47359205711
STK75uPSyBnEhGTTzb1nwmP3n427XoXmfRhXxxhyady,6TYyD5fUmDe6N65avW1Ny2RxzRNobw2RRgKwH9CTzSAU,54zDfk4cx2vGrEajPtodWpArNe5eUurytyxd4X3aZAxK,435.8535784109998,491.3051785909976,63811.84209974591,146.4066036405759,6.381184209974592,165.18135591428543,1600.341812954,281.242976245,280756.7056561152
vEnkoSUkpnbRrPgBz9DfcVxNz67zjwMYBZraAvDDNSf,DtfyjjsZ5yCjWKLKHvwsfXs5QVsmm1QkK6Sh9JZHoq1g,e5wrKCRv4GhHvEf1VD5Pq2KGaZDXP77nTL612Jyrxwy,1985.840291,1985.8277829999997,1984.2290969732578,0.9991886588090471,0.1984229096973258,0.9990968164779039,918.161367,1029.663659,1946.1501086129015
MARpDPs5A7XiyCWPNH8GsMWPLxmwNn9SBmKvPa9LzgA,6YjT74rmcfCpw8LSjPNx5JTmZoYLGrTKnf9arfSgZ4SR,F8GSmi3vA8M8TsybLya1LQ4n1aFHCRbZ6k437PeTdXtg,23384.833302000006,24552.357263000216,21037.093650593746,0.8996041741633681,8.414837460237498,1.0,297088.947911,15090.467157,282352.924795539
