0,1,2,3,4,5,6,7,8,9,10,11
B2izdXFYb2sNwbWWHmh75T4aQFtfXsUxem9u2p61HGzf,4DYwgJtxwuJdAjkj5RJSNH4e7U329V5cNp7d3a1nLrZv,EXNW64GEf1ACC6xY9BtKRiunrs6GoJSXBdxWN2eTPmrF,11665.637985999994,11549.035284000009,11730.873372826281,1.0055920976550599,1.1730873372826283,1.0,9563.805699,30179.808491,39797.09592542282
KEN5P7p3asnb23Sw6yAmJRGvijfAzso3RqfyLAQhznt,9zj4aX38Uxf3h6AUjS4EipWS8mwbEofasHAf3a1uKGds,CwQDG1MWunn9cLNwcZLd8YBacweSR7ARo32w4mLua1Yr,147434.92405700032,147449.12935600197,147250.86048139856,0.9987515605493134,14.725086048139858,1.0,1139749.26609,1073617.126151,2211943.484293322
BUSDgu5JdqP1rndBvXvanbEufS94FNh1w5FJcAj6vawb,Bgzr8cWubt89JQFXndVjtdKmDbGzuPxNhvjH1EhWCwbo,Dxaf8xPBBQsasRKW5Aa4Sw2YrbfGofY9xZueyyF23FBW,13542.207713920003,13485.802736599999,13662.336126913026,1.008870666846259,5.4649344507652104,1.0,4328.28098162,10790.55723087,15157.23295109495
GokA1R67GqSavkd15zR62QD68Tuc5AEfvjssntVDEbM8,3YB7hfpBdbQEuZqLGWVDpRPmeZWCUsrrWyqGXegnQ6Cg,4DPCj6Z1DsG6HUtwSogBGqXEUxdEV5a8YVrrFtcnz7UW,8118.172556999998,8116.594070999994,8119.731545456726,1.0001920368710793,0.8119731545456726,1.0,13431.609491,18991.824302,32426.01315726021
parEAJhzYzHW87y9VoZAQ22dzQ2MD2ekEtTReaxbMcz,3oyc6hpjYSJEquK6dSvG72NXyz3pqLZz5D8AC71pwgQb,Di2vordgFJVZ1aj1aBpvzXtLfZgJsuLLXawGtVFwX6Rz,7.522203763999812,8.857327541000359,1168.4325121130817,155.33114347487262,0.4673730048452327,183.22787042491458,1102.391085454,140.710986123,197017.84219278282
7dwD9TF6uikvHXxPFK9AsSim54yJoujQjY9vU6gNFumk,CquVr6atkvwueDYficKjn6SSEWq4F4rH4VSiBbW4GBWU,8BCa6ge3b7ho3TfZuM64Vk1hgbrJ3J7EPiAb9uP86CGd,0.0009194290000000003,0.0009245050000000004,0.1770499032360559,192.5650629206343,7.081996129442236e-05,193.1763170471532,0.003055642,0.00445825,1.4496382094684035
Sid7E679i9ABqptiAVhkmQ27YHN8vaYT4fppPwmxFsJ,GP7KB8o1bv527HG8kTzzzf4wJ5aEGHvcMQvVhLziUfmT,9gYxhAZ1M9wu5pxr8SBoa5NDm21gi3s9vMHaYTME77sa,2991.405573000002,8880.669496000008,22.373003045479553,0.007479093857220523,0.008949201218191823,0.023322509279035238,136225.398801,8618.640953,1219.8508769689906
C2ypsDADXcCRz8HbV2zX1AXPSja7a1P3xZtRC91xGhJh,J9bYNuDpY1d1T86gLaw7DGk5D3CsUAf2tzUwxMvb6FTv,A2NGvvPrMGzsJ4jb52KEnSBVmsA7C34dV1GC7PerdgvG,237.0457800070003,238.89369818800287,38526.03166146942,162.52570140810644,15.410412664587769,157.87136357127758,3971.282817103,2055.67398716,969967.5807505802
WiiQFxXqp8P9Fs1rt9SVcDyA3KUdJmUsog6wnVQAwba,3S2jpqSYxho6wiz3cafhjXruVY8cg4HYa2v3BqBHYFSj,Dfe67M6TfrG74gKRtdqys4e6E9QirPD53BkF4FujFjuv,1451.474108451997,1449.4377350350005,1460.5397487785735,1.006245816080209,0.14605397487785735,0.9999515423482579,3659.384525115,23176.318112716,26857.43541058986
heyk4SZTeCUV6a65WiVA5bzic3KcxgVf1qxobfeV4tQ,9ZDpBKPqMABtGfq66FbVribaArMvtk63xxy91onZAtDt,DaTP4s6N7xxSPinbNZ3FB52EpRDRt87QShTuN3VPCW52,109.8635976269934,95.22974591399941,20390.3546029344,185.59700431587274,8.15614184117376,162.63047639833343,625.492336588,4493.169632333,846815.8217381088
daob129AwBGn9Y5r91uLoWZeYiGzbPmksauMhFZKTze,6VW5GQNyj4LStgmxEHLr5zUfW92vQnmbw8jTnCH7a38F,4VPCCUifPeBA1c7HWK358CHn2nyjm8pdTRk6Ps3KmnMQ,18.273600628999986,16.356431879,3259.4231527911606,178.36786624407753,1.3037692611164642,162.42124599834654,48.261428361,224.16239166,45017.02295802954
BSCNHw8CmxbZ8hCWWzMf5FaG2ajPT6JxfznKUNuRVrn4,7n9kgNL633yGzCYksgnzHyjG73ZLBAwvEae5sbAekbzW,SscdxE99omdG9AiMVwmaEMQySQnCgeAh1sPj2Leutm2,25.370072314000026,25.437407999999778,25.437056528943504,1.0026402847463116,0.010174822611577402,0.9999513513668047,4895.792957552,6809.048413768,11717.436407888235
JSoLLrxK5bYdHwTEWYaGgmeycBCNXKDiBCTw5hXGBg7,xG4wXczA7Dk4hccJ61CHKpDHW4NrNfQwgmWgkb9BuF2,BVR6WgfhsRr9Lob4QDnkEAiNGgAbv7ZieKcY9kSg3QYR,1.716054095000004,1.4611527260000017,325.7174469340257,189.80604858731155,0.13028697877361028,162.0730044882877,17.091651695,164.643140344,29928.307295997467
SAMGk1Nd4haC8zQA63DG37pzuEZy8j4q13tSFtCbcRE,9U9TnkHD3jXMAVZtynCVLgDruuqN4pTvLJTmVHCLWS8g,C6zoEbvqSknmi96QWq96UBiPCyNW3YSTvKhavR2BfifE,0.013138019999999972,0.025048999999995658,0.0220727300219248,1.680065186529237,8.829092008769921e-06,0.0,53.66623292,1.12562712,90.16276962106129
KEVpg4SYCVrqFxKijQH6hm4QxsRdoE51ud64bEEFUC9,2bPenuBYfqzD8p5dFjCcggwkHDsc2RQDnx9AoyYGUBjA,AE6n6iLuX8oYu61vt5hoDYkjswpnxFxrhSehxrnQTnbx,18.34887754700071,18.394718893000572,18.399934937661307,1.0027825893180558,0.007359973975064524,0.9999513503669019,1638.576118806,5887.253559788,7530.1027502733705
MAR3XM1n9xWPQ3HJjAcC85o8DopWFP5p2WxGTaZ3fPB,6qG7GUhER8Cg9gDEgnebph9LdS6eu2eoWcA4R7z9uizK,4QV4CwRXVMY227KkFF9voNAfwWHVvVajXSXDKbUHkWZR,0.3558500000000013,0.28563400000000166,0.3386183874970513,0.9515761908024452,0.00013544735499882053,0.02330550834312728,0.11914,23.980107,0.6722393711297882
BSCrK1Nx9PXU9mF7STWWBqeHLxmtJDr9h7jheEy4tAWX,FfSySSbVJPvEo5a5AvrP3nySoXpRE2QPn1uUMpJJ1x7v,HL7Vcj6838ZmvBHDbQxXfjBNckNi83WvPiZQoMQLFeRM,0.013419618000000022,0.013406565000000037,40.54363247450096,3021.2210567022767,0.016217452989800384,3015.8634417033595,0.840001184,0.964313887,5446.0682628858085
SoN9GaFpSXfpyR5dth3x7PHPVhvJMpQqqDJfCSmPv1t,9kZ9iS68ViMPtoeqtnhAKuF2iqVyfHPdZHoUNdwCELr,BBhm5fJLjw3HRzjtKB8uMEYjGhY6EDm9co3cqpjrSzB9,0.2299817040000005,0.22507733900000026,44.82481730484753,194.90601437081025,0.017929926921939014,190.98833023104623,0.850810558,1.370708203,427.617365769353
AURHmCnNwiW4uA2Qj1XvEh4iKgRUZYXtiY7FKAapUV5Y,BKWm4TRnTeKwfWXRyuzjRHU7iZDkPuXBX5b5V5jSVfGJ,A5Ww74HVrkj9nPeC7pHKLfgeDMEhBCpW1efQdz3TGLEg,0.19641296700001476,0.17556456599999137,35.56589350963752,181.0771154922518,0.014226357403855005,162.58275055546397,290.105188339,1795.089768752,344382.04279143445
BSC8REUo9LpiiWUuqMuLXs2D2yJsJfGd4HdiF3wCLxk5,AZjEH1zWVx1UJ6udMyRijGTzPteuLnaY18yNNmprJEsh,Caf8ypkSVR8xYnXNhjvfvdGCC7mrM3C11rz8Xi6NA6aK,190.1011766239999,189.89718300000004,189.9515356534851,0.9992128351166876,0.07598061426139405,0.999952353270319,3347.3268217,2863.49821497,6208.053702217597
ALLwa5WNZbvQsRKAqe1jdRGemdYQnW8E5k4msbRFcYtu,CGoM82Hbz7QVqTgvQatYtjvDWBvoUJp5qm21P8iMs9yb,3dxNNww8TivyN5FMy5dCNdi3Zcxv6e4kUfSPxfFwpdNq,4.29142001,4.276829806999999,12952.884036099122,3018.3212097431406,5.1811536144396495,3006.95810104582,1.661758091,7.006726285,26084.652056019004
ercAoEmXjQzEvAFbdjAo81KtMxRGn9AW1ju882upmPH,CMRhskR2Eg6V42RTSdRTXGdozyPbWB8U9dVpijPWb9T4,7TKLLgrWswt6ZJ1pXhVR3FyufHGjJFqiEXxvWJfDcgRm,26.550679628000076,23.415315431999993,4318.8402881690845,162.6640202315002,1.7275361152676338,141.38344264158562,40.986754761,372.906814028,59389.91945745101
AUSejoEUCh2DBs9mof6BNC8Pubs22w4cJa1ccV9h44R,4xkyD7AfGQDwsQMy9MosRRNGoVJ1zosNinesxg1TzHG7,Cbm5gsQe3nSiCsFrvepVzMCD9xLK3ri9g3ypS2hdmVJ7,193.2238019999986,192.61513999999988,193.8760008669149,1.0033753546931878,0.019387600086691492,1.0,13197.960379,15681.971444,28924.479620505765
SoNcU2iwHMw6dGzsYNQkYFkUjwN1UdAjrWVRnStrZu2,8ivTTid27jZnYNc4w3CTA1Z6QS2twsFb8WMwUabeDJgc,CyXm53PMvHCbeXJBykU46Rcbo28xk5srhMZFg7gv6EYB,2.2704403819999968,2.252018236999996,438.5056890388655,193.13684363409376,0.17540227561554622,180.1575549881393,15.342985426,19.350987576,6449.522385399563
BkwbeSfcX1h4thMDd7obGkHrPevf3QwgzJ4pCEqG18Lu,35yX27bmurdebhfAb8EPmjLETDiUaEUCn9zHaDPbakH2,2CxECn1ZJFoESyUnQysQU8rRgT3iJ5GRs2Mdd6gZjx5g,0.030657409999999885,0.019059650000000095,70.00847206046879,2283.5742504167524,0.028003388824187517,1430.615164520744,0.82116213,22.06247933,33438.10219190884
Cob4usZcpHEY7Qt4ZCwj6WVg9S44zvzYV2v9qYF65dTf,NhFM9UXE48PyNAyeyPYA3iXztqKVJwA4bTdLj4ysM8w,6TuFuynuBoeskxyR2cz4wxyidk8dpDK7kAWw3UkjQGx,30.216402000000016,3897.537766999958,0.22599130658550604,0.007479093857220523,9.039652263420242e-05,1.0,73604.209718,166.396465,716.889257767465
MARpDPs5A7XiyCWPNH8GsMWPLxmwNn9SBmKvPa9LzgA,6YjT74rmcfCpw8LSjPNx5JTmZoYLGrTKnf9arfSgZ4SR,F8GSmi3vA8M8TsybLya1LQ4n1aFHCRbZ6k437PeTdXtg,19864.13335000003,20876.65841300023,18651.73337702655,0.9389653728349806,7.460693350810621,1.0,296556.141068,15631.290218,294087.23778241774
ACUSESXyNnwRLAg1dpSGMLSzUDdLjUMybY8rkXiAKhCP,AhFPQdu8GKBsxuhiH46UmCu1YpaLgNpoP325HnYtsgas,A8wxWpT3aFEr2XqZp1kDmbxbFfcBE95UUmdsNTDBJYbT,410.158327567,410.3216573709999,410.13840919515746,0.9999514373584447,0.164055363678063,0.9878574615568946,1045.343746476,1840.979146512,2863.9179682748604
MATgk4zXLXtYkwBH678J1xZbRDZ45LicNzkRBHkxTuY,y8dALFo1bJrSzPYjMX14HJX448pXqYmrfXHD1K8MXih,GN7Yuet3UyiWS5YVkEHv6oQKi4HGBJc3XDPt9zQhAqZz,6821.988223999998,6804.805728,6855.401450670567,1.0048978722292454,2.742160580268227,1.0,2261.268991,5814.675933,8087.020330593873
BUSDTd9WiT6uBHJRgNvFXBsA7JrifsAtWzKfioN7ERcy,DyBxrn7gSc1EwnpWhDyhzvMHPtxpmBqRqotapLcKcfTM,Cds99GeBgoCpqBsoRWu1C6fF9LiUMd4pXQQD24s9LPff,1111.1603445399994,1110.47454899,1107.2791649748876,0.9965070931624017,0.11072791649748877,0.99942347257561,103.68999565,70.39195477,173.67918803282225
KwnjUuZhTMTSGAaavkLEmSyfobY16JNH4poL9oeeEvE,J63v6qEZmQpDqCD8bd4PXu2Pq5ZbyXrFcSa3Xt1HdAPQ,BnKQtTdLw9qPCDgZkWX3sURkBAoKCUYL1yahh6Mw7mRK,375.4203269999599,15934.566078999726,8.76089021320271,0.023336216989666748,0.0008760890213202711,1.0,275827.211696,612.812776,7049.576439792602
vEnkoSUkpnbRrPgBz9DfcVxNz67zjwMYBZraAvDDNSf,DtfyjjsZ5yCjWKLKHvwsfXs5QVsmm1QkK6Sh9JZHoq1g,e5wrKCRv4GhHvEf1VD5Pq2KGaZDXP77nTL612Jyrxwy,4462.409573000001,4463.498829000001,4461.780461954865,0.9998590198781973,0.4461780461954866,0.9966343657468728,1047.883325,900.861619,1945.5652425589724
BUSD5rCfUDpCxKGMvYU2yThChxgHoioK74PTPociGnv2,CcFHbafgYDZ8yA8Me1PdtDiVb2eeaS61LbqyKKK5CsNZ,26R9s4nmF3CFDTkiePDwRmtscn8i7r2eygbSijditJ58,197.36601872,197.48888189999997,197.29238525597478,0.9996269192412008,0.01972923852559748,1.0,83.87875302,64.11630287,147.96376234117616
MATSnbbiTCv7Dc3trJrkrqjx7ckKdr6fwPoVwv9q3sD,631WX9JizSHJm4w6VanZeJAst9T8DeUUnPLesdGkCVtK,211maUSfpnXbPuW1iBu8b4dtJv5EbN1j7JJiEX5TZKEP,6079.1146080000035,6077.537175999998,6083.884373348709,1.0007846151382684,2.4335537493394837,0.9972953350513407,18548.987869,27016.223836,45506.69568802722
moFiBS1R4Lf3E3zzmBPnw3NF4RhWPkhREFviuzUaCAU,44ALBrpqi9PfZkBRTvbtRNtFJGsatfY4QydjtMbFWq8S,2ho8qEEie1UjVwWNBo9y4oAJZMyMLx8zPj9bxyUz6uWs,218.05062799500593,217.83842244699918,218.24431655228133,1.0008882733292557,0.08729772662091255,0.9999520333009146,28027.863964111,36393.60305909,64444.61774622975
C98Sspw7XqnMsgxea3SLQVdbMDL8pKUc3RE82UvX9eq2,CSqgQJurPCzGxb4Cgwx5R61hWQUiaoUHcShNc8r1cKEL,6S2CR5EnukPhC914XkAns8m5GixjMAoUuZMsS5ubHuWc,114.87153599999988,114.89813800000059,0.0,0.0,0.0,1.0,874.558403,889.306215,889.306215
SAMyS8Jr2HJrkFwYVKbpUwsNStnQmvz3f8Tup8bWUWF,6jPzm5TFfquvgm25sTyN3MMGBfufRaFHMxobDWv6hMFW,Cj9ECoDmxsHTDzCY5ZA6RWrPbg9uFzEC1Qc2kso2vJG6,250.679073649997,5.7407166300000085,241.02886364960546,0.9615037272163158,0.0964115454598422,0.022267606796563928,500.08505634,108083.89552655,2887.6033322222015
STK75uPSyBnEhGTTzb1nwmP3n427XoXmfRhXxxhyady,6TYyD5fUmDe6N65avW1Ny2RxzRNobw2RRgKwH9CTzSAU,54zDfk4cx2vGrEajPtodWpArNe5eUurytyxd4X3aZAxK,417.7548117790003,471.5969503259988,68028.76989914276,162.8437733833481,6.802876989914276,183.9001995684966,1514.892008499,264.566497343,295344.562592772
wrmcMSHFi3sWpAEy4rGDvQb3ezh3PhXoV2xNjgLBkKU,8p4mGnARWPBu6P2Gcw4adodLkNDorrXniZMhaY7eJXUn,AyY89zccbsgp9LKFgH4CFZMJmpSgqmPSdTfukhP227rc,0.009971009999999988,0.09083945999999798,3.4730094043887108,348.31069313827936,0.0013892037617554845,3021.330593993595,27.0177028,0.10279199,9721.123373476516
YakoMPuYrybnr9R7VC7hVGxMz94fJvPFCdZ4gmW61Ed,,,1.094166,1.087037,0.0,0.0,0.0,3021.330593993595,27.0177028,0.10279199,310.56858420448367
SUiuyGR7SFq3xeRVJonq84fjjeFwRSsFekcevJ53tzy,49GjCCPsv7fBqo6t3iKDrP1xxGDS8uWZbVCdfnp2gjMf,CEwj5xEbbJEjYqM8D6Ai8ByGz1mrh8mkAVsE5fzDSSSx,0.1284940000000001,14.016129999999976,0.0009610186860896947,0.007479093857220523,3.844074744358779e-07,0.9457579446031742,646.561999,1.65488,6.400813782398023
Lee1XZJfJ9Hm2K1qTyeCz1LXNc1YBZaKZszvNY4KCDw,9DgFSWkPDGijNKcLGbr3p5xoJbHsPgXUTr6QvGBJ5vGN,2hNHZg7XBhuhHVZ3JDEi4buq2fPQwuWBdQ9xkH7t1GQX,3757.798712663476,3164.8346275079475,726100.7619565186,193.22502812873347,72.61007619565187,162.72087528209698,6703.526263554,53895.473257039,10065207.63296516
FrnkTEL6yZ5Aycq2TrEgu29dCrwKG4LPUZydfiwqspkc,DjvZuMZ46fxKBoBpGMPcRcos4xdTtHFxwMh69DpA2ZFY,9rvDPJLAng4uVVqnnSoEXgNDFhBZQTny9AoQioYDZbQX,56.918959371001165,47.377285173000246,11130.216601455904,195.54497700684388,4.452086640582362,162.71722138865806,172.097884747,1439.785322806,267930.74403894297
RajgMbScQbqqrdJfR2rxfHJiTiY5b6bJ2tTXiF4aPxy,725ZA3fhyBAKb5iopNRrcbSuQa3LXA1656Q3mBvYPxeg,GLA6i1dSZpUfk2f9Nj8uiG7xyDdAR2reff8oEiZH3617,7127.521562869981,7130.733985110011,7125.7089962725995,0.9997456946876424,2.85028359850904,1.0,103258.73475986,80677.26022932,183909.73574438324
Lid8SLUxQ9RmF7XMqUA8c24RitTwzja8VSKngJxRcUa,4PgzyzLtds9bKZ2to9PMnKqJzKEUpjvNUaeN23phegax,AtymwxoVN9peZo7EXTcDz9jKVc4vRmisJKKrNfe3ewBa,98.45976263299599,83.19441329899962,18930.772660982806,192.2691275576841,1.8930772660982806,162.62605959009127,963.276209113,7655.780852198,1430237.7494014613
HEDSDjj84KS7LKhZY7ejkCACTdPen62rKhCby1wXtgxc,EnnjMSFttpCTywBrYNt1J5QQeoSVkvzPipJDa8Y7kJow,6bjVT6JN2rSvpyn9PdfLYC8wJn4LWh49jpY47fnLDXZk,78.77247915700173,81.34120685800008,75.88597020775097,0.9633563780124573,0.030354388083100387,0.9999523592697472,38834.23143155,9054.010905408,46464.784100512275
KZMu9QBEdL97EFgamLbN5DE1AoKBG4HdrKKJo4Vuon3,DD4ACBWyVqdaKWh7v5btsgqQCCMwbKnuL2xd9pv7Gyuw,GcYqiJ1MAuYbNTNYXm1F1gQYTfTgkErACAhNU5dpVj9T,28.999178630000074,29.743780700000116,27.882818338956806,0.9615037272163158,0.011153127335582724,1.0,2376.78152737,722.73747788,3008.021775225143
KEnkcdADoLR5jS2CLLLesy8TtFsyWL37BhXNfDMzWzP,3qsjFRuw1qeLMPo4DLwaQevenGAGBj9dA3Q6rb8ax2YR,77iEv8zPQAEyCcEbvBRSB6AFcUdfkhiqnAKtPxk76rNN,0.026922,3.4760960000000125,0.00020135216482409092,0.007479093857220523,8.054086592963637e-08,0.9989790434176271,122.847271,0.269876,1.1883867382337805
YAkoNb6HKmSxQN9L8hiBE5tPJRsniSSMzND1boHmZxe,CfWX7o2TswwbxusJ4hCaPobu2jLCb1hfXuXJQjVq3jQF,EnTrdMMpdhugeH6Ban6gYZWXughWxKtVGfCwFn78ZmY3,8771986.47141699,8772709.36030998,8771986.47141699,1.0,877.198647141699,0.9987725085869468,1024232.734424,434682.037843,1458381.2037981392
