0,1,2,3,4,5,6,7,8,9,10,11
KEN5P7p3asnb23Sw6yAmJRGvijfAzso3RqfyLAQhznt,9zj4aX38Uxf3h6AUjS4EipWS8mwbEofasHAf3a1uKGds,CwQDG1MWunn9cLNwcZLd8YBacweSR7ARo32w4mLua1Yr,23056.205268001184,23056.08163299947,23052.724306630884,0.9998490227975576,2.3052724306630883,1.0,1143851.87187,1158759.908552,2302439.0848663766
parEAJhzYzHW87y9VoZAQ22dzQ2MD2ekEtTReaxbMcz,3oyc6hpjYSJEquK6dSvG72NXyz3pqLZz5D8AC71pwgQb,Di2vordgFJVZ1aj1aBpvzXtLfZgJsuLLXawGtVFwX6Rz,2.2772954219999804,2.5716001149999954,327.4338315040175,143.78188632920387,0.13097353260160702,169.78401435965282,1103.088076268,140.113303452,182393.0835183385
SoN9GaFpSXfpyR5dth3x7PHPVhvJMpQqqDJfCSmPv1t,9kZ9iS68ViMPtoeqtnhAKuF2iqVyfHPdZHoUNdwCELr,BBhm5fJLjw3HRzjtKB8uMEYjGhY6EDm9co3cqpjrSzB9,0.07319771899999994,0.07179758200000008,12.94164867244072,176.80398855653866,0.0051766594689762885,172.88765431735916,0.847318588,1.373925151,387.34400250050794
heyk4SZTeCUV6a65WiVA5bzic3KcxgVf1qxobfeV4tQ,9ZDpBKPqMABtGfq66FbVribaArMvtk63xxy91onZAtDt,DaTP4s6N7xxSPinbNZ3FB52EpRDRt87QShTuN3VPCW52,19.169165317001898,16.574237249999896,3258.1089256868795,169.96613424775114,1.3032435702747518,147.28102294329048,623.054679294,4495.857696621,768052.7158303802
MiMuMS9C4vBqcrYeeQPph1E7oAW9aNKvW9k6Zw9XffM,Afy2q2hh6Y474pshJa5fnQ6PfEchGyTbKrQpCZw2hr3m,5pXz9ksgjeL8Wgb37bksUaBFMLdFfsNNY3FQnikkCPtS,0.7926694390007469,0.012026306999999292,0.0,0.0,0.0,0.02351420609585571,26.019090237,7672.886734602,180.42184002758876
moFiBS1R4Lf3E3zzmBPnw3NF4RhWPkhREFviuzUaCAU,44ALBrpqi9PfZkBRTvbtRNtFJGsatfY4QydjtMbFWq8S,2ho8qEEie1UjVwWNBo9y4oAJZMyMLx8zPj9bxyUz6uWs,1522.4657052850016,1520.4985664369997,1524.0574857892293,1.0010455279870687,0.6096229943156918,1.0,27776.083768312,36645.629995887,64450.75443714994
vEnkoSUkpnbRrPgBz9DfcVxNz67zjwMYBZraAvDDNSf,DtfyjjsZ5yCjWKLKHvwsfXs5QVsmm1QkK6Sh9JZHoq1g,e5wrKCRv4GhHvEf1VD5Pq2KGaZDXP77nTL612Jyrxwy,656.290775,656.1921439999999,655.9824632422761,0.9995302207962258,0.06559824632422762,0.9993024868641687,880.108001,1067.843383,1946.7930927774019
AURHmCnNwiW4uA2Qj1XvEh4iKgRUZYXtiY7FKAapUV5Y,BKWm4TRnTeKwfWXRyuzjRHU7iZDkPuXBX5b5V5jSVfGJ,A5Ww74HVrkj9nPeC7pHKLfgeDMEhBCpW1efQdz3TGLEg,0.00119252499985123,0.0011141690001181814,0.19624320216299576,164.56108021842522,7.849728086519832e-05,147.02200316597182,289.9322924,1795.283025419,311657.677874516
wrmcMSHFi3sWpAEy4rGDvQb3ezh3PhXoV2xNjgLBkKU,8p4mGnARWPBu6P2Gcw4adodLkNDorrXniZMhaY7eJXUn,AyY89zccbsgp9LKFgH4CFZMJmpSgqmPSdTfukhP227rc,0.0026896399999999654,0.024382600000002697,0.8554834605597854,318.06615776081424,0.00034219338422391415,2926.115581565472,27.04616872,0.09960376,8893.923081039626
ercAoEmXjQzEvAFbdjAo81KtMxRGn9AW1ju882upmPH,CMRhskR2Eg6V42RTSdRTXGdozyPbWB8U9dVpijPWb9T4,7TKLLgrWswt6ZJ1pXhVR3FyufHGjJFqiEXxvWJfDcgRm,134.566581333,128.980227334,19817.489689400783,147.26902841025736,7.926995875760314,133.39855633414365,51.808086678,379.198729825,58214.28971125944
RajgMbScQbqqrdJfR2rxfHJiTiY5b6bJ2tTXiF4aPxy,725ZA3fhyBAKb5iopNRrcbSuQa3LXA1656Q3mBvYPxeg,GLA6i1dSZpUfk2f9Nj8uiG7xyDdAR2reff8oEiZH3617,1738.5503436199942,1739.6342272699985,1735.3570610312788,0.9981632498590369,0.6941428244125115,1.0,129817.38659708,54108.31860515,183687.26309909835
Lee1XZJfJ9Hm2K1qTyeCz1LXNc1YBZaKZszvNY4KCDw,9DgFSWkPDGijNKcLGbr3p5xoJbHsPgXUTr6QvGBJ5vGN,2hNHZg7XBhuhHVZ3JDEi4buq2fPQwuWBdQ9xkH7t1GQX,1064.5399981019218,896.7368327580007,185869.71766183487,174.60097130520336,18.58697176618349,147.01694532013454,6694.314386469,53883.959179152,9090688.874373635
Sid7E679i9ABqptiAVhkmQ27YHN8vaYT4fppPwmxFsJ,GP7KB8o1bv527HG8kTzzzf4wJ5aEGHvcMQvVhLziUfmT,9gYxhAZ1M9wu5pxr8SBoa5NDm21gi3s9vMHaYTME77sa,1710.261038999999,4308.347904000009,14.75966041910519,0.008630062945090103,0.005903864167642076,0.023464669704387164,133187.845969,9662.958283,1376.1576187113021
Lid8SLUxQ9RmF7XMqUA8c24RitTwzja8VSKngJxRcUa,4PgzyzLtds9bKZ2to9PMnKqJzKEUpjvNUaeN23phegax,AtymwxoVN9peZo7EXTcDz9jKVc4vRmisJKKrNfe3ewBa,30.115785201999643,25.455218930999877,5250.536407593429,174.34499457264033,0.525053640759343,147.195888877702,966.863417374,7676.367598814,1298497.5493139722
KEVpg4SYCVrqFxKijQH6hm4QxsRdoE51ud64bEEFUC9,2bPenuBYfqzD8p5dFjCcggwkHDsc2RQDnx9AoyYGUBjA,AE6n6iLuX8oYu61vt5hoDYkjswpnxFxrhSehxrnQTnbx,216.8332097970001,217.28394899999967,217.33510958963942,1.0023146813770325,0.08693404383585576,1.0,1850.953786445,5794.953926498,7650.192081202233
FrnkTEL6yZ5Aycq2TrEgu29dCrwKG4LPUZydfiwqspkc,DjvZuMZ46fxKBoBpGMPcRcos4xdTtHFxwMh69DpA2ZFY,9rvDPJLAng4uVVqnnSoEXgNDFhBZQTny9AoQioYDZbQX,14.552254839000426,12.140145435999756,2572.716116037582,176.7915793463591,1.0290864464150329,147.31721358918796,172.400197702,1439.353414933,242520.43768937298
MATgk4zXLXtYkwBH678J1xZbRDZ45LicNzkRBHkxTuY,y8dALFo1bJrSzPYjMX14HJX448pXqYmrfXHD1K8MXih,GN7Yuet3UyiWS5YVkEHv6oQKi4HGBJc3XDPt9zQhAqZz,2130.8803640000006,2133.6844730000003,2130.818570261463,0.9999710008409756,0.8523274281045852,1.0,4291.600789,3773.863847,8065.34018318625
BSC8REUo9LpiiWUuqMuLXs2D2yJsJfGd4HdiF3wCLxk5,AZjEH1zWVx1UJ6udMyRijGTzPteuLnaY18yNNmprJEsh,Caf8ypkSVR8xYnXNhjvfvdGCC7mrM3C11rz8Xi6NA6aK,55.10684872500042,55.00936979900007,55.19711715203987,1.0016380618585163,0.02207884686081595,1.0,2648.04509091,3562.138747061,6214.521499634051
AUSejoEUCh2DBs9mof6BNC8Pubs22w4cJa1ccV9h44R,4xkyD7AfGQDwsQMy9MosRRNGoVJ1zosNinesxg1TzHG7,Cbm5gsQe3nSiCsFrvepVzMCD9xLK3ri9g3ypS2hdmVJ7,377.2658539999975,376.32740000000194,378.3392023169707,1.002845071467754,0.03783392023169707,1.0,13378.937407,15500.143352,28917.14479208552
MARpDPs5A7XiyCWPNH8GsMWPLxmwNn9SBmKvPa9LzgA,6YjT74rmcfCpw8LSjPNx5JTmZoYLGrTKnf9arfSgZ4SR,F8GSmi3vA8M8TsybLya1LQ4n1aFHCRbZ6k437PeTdXtg,13106.515211999982,13804.387018000258,12476.786827254778,0.9519530268298441,4.990714730901912,1.0,296503.227599,15654.660037,297911.8050146862
STK75uPSyBnEhGTTzb1nwmP3n427XoXmfRhXxxhyady,6TYyD5fUmDe6N65avW1Ny2RxzRNobw2RRgKwH9CTzSAU,54zDfk4cx2vGrEajPtodWpArNe5eUurytyxd4X3aZAxK,291.46130607899937,328.7152556249951,42928.14819305935,147.2859254306088,4.292814819305935,166.14629646613471,1600.46712841,280.345653062,282304.67411576706
KEnkcdADoLR5jS2CLLLesy8TtFsyWL37BhXNfDMzWzP,3qsjFRuw1qeLMPo4DLwaQevenGAGBj9dA3Q6rb8ax2YR,77iEv8zPQAEyCcEbvBRSB6AFcUdfkhiqnAKtPxk76rNN,1.7844709999999955,2.7051589999999934,0.015400097053687842,0.008630062945090103,6.160038821475137e-06,0.9994243315850071,119.371175,0.296798,1.326807896845133
MATSnbbiTCv7Dc3trJrkrqjx7ckKdr6fwPoVwv9q3sD,631WX9JizSHJm4w6VanZeJAst9T8DeUUnPLesdGkCVtK,211maUSfpnXbPuW1iBu8b4dtJv5EbN1j7JJiEX5TZKEP,2424.4711790000038,2422.793599000004,2426.54344710383,1.0008547299393682,0.9706173788415322,0.9963136395337252,20192.986375,25364.4263,45481.16980665791
BUSDgu5JdqP1rndBvXvanbEufS94FNh1w5FJcAj6vawb,Bgzr8cWubt89JQFXndVjtdKmDbGzuPxNhvjH1EhWCwbo,Dxaf8xPBBQsasRKW5Aa4Sw2YrbfGofY9xZueyyF23FBW,7227.62275868,7247.444019579996,7212.249632221431,0.9978730037563034,2.8848998528885725,1.0,8894.69759321,6192.29719604,15068.075800880426
BUSDTd9WiT6uBHJRgNvFXBsA7JrifsAtWzKfioN7ERcy,DyBxrn7gSc1EwnpWhDyhzvMHPtxpmBqRqotapLcKcfTM,Cds99GeBgoCpqBsoRWu1C6fF9LiUMd4pXQQD24s9LPff,485.4552861999999,486.95595339000005,483.5923819543876,0.9961625626528973,0.04835923819543876,0.9993044840790809,106.7402955,67.1405459,173.4245348849949
HEDSDjj84KS7LKhZY7ejkCACTdPen62rKhCby1wXtgxc,EnnjMSFttpCTywBrYNt1J5QQeoSVkvzPipJDa8Y7kJow,6bjVT6JN2rSvpyn9PdfLYC8wJn4LWh49jpY47fnLDXZk,13.172583612997187,13.591450890011401,12.759213213428803,0.968618882087754,0.005103685285371521,1.0,38850.414595061,9038.262448797,46669.507602510756
SEQV6QiTpvTzrceiaYg9Avnwf7oc8ZALpnQMz6TyT4A,3dFMPj4r9mMmPHF32mz1gNDX7f8ftidWof7S8YiYTs1j,Fc1ED3YPeQfXQosHbd8DTaBd2AV5gHQtwiSAL5C5pUhi,789.7011385960004,789.9891617599997,789.1708236941861,0.9993284612673129,0.3156683294776745,0.9995352161245021,3206.787240457,2340.169119223,5543.7152049679935
TSMFNX73aQNb3yqszDKgyR8AVoigfbaD4cfLjjCYXZf,C5uYkVHiFduEFq8S3fr4pgUS24oYj1sjZ8WW2cb4j8SU,3F5DPU5ScgHiFzePYUHZovvgh3uqmM5keNvbavx2ERqV,79.15751300000011,126.895795000004,0.0,0.0,0.0,0.05613346202116614,2998.681215,82215.148803,4615.0209328977235
KwnjUuZhTMTSGAaavkLEmSyfobY16JNH4poL9oeeEvE,J63v6qEZmQpDqCD8bd4PXu2Pq5ZbyXrFcSa3Xt1HdAPQ,BnKQtTdLw9qPCDgZkWX3sURkBAoKCUYL1yahh6Mw7mRK,261.19052299999987,11445.425408000243,6.113681215664885,0.02340697949314527,0.0006113681215664885,1.0,275707.788038,615.532016,7069.018556705909
KysFMBBoavfov2tLpvefWW6tPFt6rAeZWDJVy1mMQae,B8ka2V21TH3x64dFV8ETcjuQcwmrciJ2qzy1mJUttRew,7fSf7EYxBANyxzk2s5pymFgshA91tFYQNKKs5UnLWcYS,149.39080699999977,198.4361950000166,0.0,0.0,0.0,0.023473149111677447,134179.061563,2859.592955,67.12365183141733
KZMu9QBEdL97EFgamLbN5DE1AoKBG4HdrKKJo4Vuon3,DD4ACBWyVqdaKWh7v5btsgqQCCMwbKnuL2xd9pv7Gyuw,GcYqiJ1MAuYbNTNYXm1F1gQYTfTgkErACAhNU5dpVj9T,34.96686866999994,36.45368966000024,33.60099849739055,0.9609381616209389,0.01344039939895622,1.0,2381.75641613,717.91380781,3006.6344397548382
daob129AwBGn9Y5r91uLoWZeYiGzbPmksauMhFZKTze,6VW5GQNyj4LStgmxEHLr5zUfW92vQnmbw8jTnCH7a38F,4VPCCUifPeBA1c7HWK358CHn2nyjm8pdTRk6Ps3KmnMQ,6.880188409000027,6.165980884000014,1119.706971758936,162.74364962073406,0.44788278870357445,146.78550029342423,50.523314061,221.624482201,40753.60901836657
GokA1R67GqSavkd15zR62QD68Tuc5AEfvjssntVDEbM8,3YB7hfpBdbQEuZqLGWVDpRPmeZWCUsrrWyqGXegnQ6Cg,4DPCj6Z1DsG6HUtwSogBGqXEUxdEV5a8YVrrFtcnz7UW,4782.974860000002,4783.655110999996,4782.7118108504055,0.9999450030248337,0.4782711810850406,1.0,17647.445128,14773.104265,32419.578836898545
WiiQFxXqp8P9Fs1rt9SVcDyA3KUdJmUsog6wnVQAwba,3S2jpqSYxho6wiz3cafhjXruVY8cg4HYa2v3BqBHYFSj,Dfe67M6TfrG74gKRtdqys4e6E9QirPD53BkF4FujFjuv,7521.258021769001,7507.217912764,7547.30812937295,1.0034635306392297,0.754730812937295,1.0,4836.988255653,21991.760416915,26845.50172959305
ACUSESXyNnwRLAg1dpSGMLSzUDdLjUMybY8rkXiAKhCP,AhFPQdu8GKBsxuhiH46UmCu1YpaLgNpoP325HnYtsgas,A8wxWpT3aFEr2XqZp1kDmbxbFfcBE95UUmdsNTDBJYbT,456.0780002649999,456.2596428070001,456.0780002649999,1.0,0.18243120010599997,0.9879012348269508,1045.180416672,1840.979146512,2863.8859888018706
BkMBnJpvHKtWhUvrgRrLesXfi9RUV3ELgdBaJcdH7hcY,5uerVwBnZQsuVhZ15igs7ZgmcqhHnYWbwoRtLyRqLvR,9YWiQh5d4jCtgMdzcGLv9bWgnLaFtzvDDh2nnhJdzhBX,69.23747926400006,69.66039300000011,69.70509674195463,1.0067538200830732,0.027882038696781852,1.0,917.244762381,1957.236615024,2880.676283502263
CZgvH45CRmoaNJ7395Ao5CQZXkGznvqU7cErD6n7FaRg,4ZjU6MKvtqVQKCiowhvZ5yUsPxXX5SCzd5eFsPeXyey5,BsyWeshjDbCvjDojry3vKDCesmFRM37WtwcR4Kfgzqr,46.50035693999993,45.446550249999916,47.5014786279565,1.0215293334037916,0.019000591451182602,1.0,246.30186366,558.11661098,809.7211895807113
ALLwa5WNZbvQsRKAqe1jdRGemdYQnW8E5k4msbRFcYtu,CGoM82Hbz7QVqTgvQatYtjvDWBvoUJp5qm21P8iMs9yb,3dxNNww8TivyN5FMy5dCNdi3Zcxv6e4kUfSPxfFwpdNq,2.3547187569999997,2.3428691289999994,6880.716372508911,2922.0968967330955,2.7522865490035646,2878.907397064666,0.836740197,7.830585194,24988.565571377192
SAMyS8Jr2HJrkFwYVKbpUwsNStnQmvz3f8Tup8bWUWF,6jPzm5TFfquvgm25sTyN3MMGBfufRaFHMxobDWv6hMFW,Cj9ECoDmxsHTDzCY5ZA6RWrPbg9uFzEC1Qc2kso2vJG6,1276.2069597899826,29.98892352000007,1226.3559697884334,0.9609381616209389,0.4905423879153734,0.02342690662369837,515.90784506,107415.52508468,3012.169012292105
BSCuChvaSj9b5HUSqgDVRzcnr2sSn7cXaamt1jbKH6hn,GnKpRj5kBVPMJfiwZtEuD9GYApLzPdW5JFuZTcyX4BTc,3dmwD9okkomV9nDwyuh4UMhKdUR13QpuKxRo89ycZB5t,115.37547119199985,115.16600370100014,115.56538371628388,1.0016460389918407,0.04622615348651355,0.9990918255305926,1320.32107964,1681.365715435,3002.3331216373417
MiMUFdSLMyCLpqpH6zkqdDrGYs7XBomwENbivdYjv9V,,,0.008960880000000004,0.013226000000000071,0.0,0.0,0.0,0.9990918255305926,1320.32107964,1681.365715435,1679.8387420185052
RoBgmK8CvjdHvPrqdDyVw54VwjZv2TqJ493xnqJAQHx,ExiHJxM7qPAcy27NDHAF6G7vnW7muNHi2sVJpnaNynGQ,6rkPHSqZb7StM4HwS9EuVrmfkV7tRdc7dnsFhyB6cefE,15.158738000000255,186.91361499999996,0.0,0.0,0.0,0.940203083866115,6196.77369,20.208502,19.000095900714552
MiMy69CnJDY4V6cQWkU3HHfTyb8pqXJmhX4MisFYDnM,,,0.003065426999999999,0.004398999999999986,0.0,0.0,0.0,0.940203083866115,6196.77369,20.208502,19.000095900714552
ALBpShJ9NLpE739pcHDF2LNVk5J4VYPvvKuV6jMPitZi,D6d156U1bPiJpDYRLextvDRccgFk7QzkQbJg42ceKEu5,GNcM8U5g8RwTZffwwm3kSQqUNPSwv5d2fbN9sLxPJqt2,2043.6367790000004,2043.809874999999,2040.5046044321969,0.9984673526137379,0.8162018417728788,0.9993104757717174,50992.69229,49322.754476,100203.28371522643
Cob4usZcpHEY7Qt4ZCwj6WVg9S44zvzYV2v9qYF65dTf,NhFM9UXE48PyNAyeyPYA3iXztqKVJwA4bTdLj4ysM8w,6TuFuynuBoeskxyR2cz4wxyidk8dpDK7kAWw3UkjQGx,228.97162599999726,7795.34528099999,1.9760395450196058,0.008630062945090103,0.0007904158180078423,1.0,71611.294384,182.309735,800.3197131132972
4vezWG46exH6pf9nry3n1VJ7hZHvjBJNgNeF4qEFCML5,,,0.002703000000000344,0.0026729999999997034,0.0,0.0,0.0,1.0,71611.294384,182.309735,182.309735
B2izdXFYb2sNwbWWHmh75T4aQFtfXsUxem9u2p61HGzf,4DYwgJtxwuJdAjkj5RJSNH4e7U329V5cNp7d3a1nLrZv,EXNW64GEf1ACC6xY9BtKRiunrs6GoJSXBdxWN2eTPmrF,1947.5203409999813,1931.099661999995,1964.739316368636,1.0088414867902296,0.1964739316368636,1.0,11054.864259,28668.941967,39821.54766231373
TETFuZgEmET6d9vYmz9iMFCxK1jKdKYxf3oPz8hSzJK,Eu1Ze6Z84LWNkq7SNoAHBJbXx5t1P95EwyqYohrfCRFV,ASMbv7WNu3qe4pkhREmvyEdwFNDZQ6B6iSrjkj4u8bdC,131.40906928200002,131.24981273499998,132.00980272700514,1.00457147629374,0.05280392109080206,0.9991317545053349,37.487461682,214.148030455,251.62093211675779
C98Sspw7XqnMsgxea3SLQVdbMDL8pKUc3RE82UvX9eq2,CSqgQJurPCzGxb4Cgwx5R61hWQUiaoUHcShNc8r1cKEL,6S2CR5EnukPhC914XkAns8m5GixjMAoUuZMsS5ubHuWc,20.52330900000004,20.515453000000093,0.0,0.0,0.0,1.0,851.006541,912.774688,912.774688
YAkoNb6HKmSxQN9L8hiBE5tPJRsniSSMzND1boHmZxe,CfWX7o2TswwbxusJ4hCaPobu2jLCb1hfXuXJQjVq3jQF,EnTrdMMpdhugeH6Ban6gYZWXughWxKtVGfCwFn78ZmY3,2462813.916823996,2461817.8548269896,2462813.916823996,1.0,246.28139168239963,0.9989520992478889,338504.303614,1109947.702332,1447288.8909139223
C2ypsDADXcCRz8HbV2zX1AXPSja7a1P3xZtRC91xGhJh,J9bYNuDpY1d1T86gLaw7DGk5D3CsUAf2tzUwxMvb6FTv,A2NGvvPrMGzsJ4jb52KEnSBVmsA7C34dV1GC7PerdgvG,104.29063004300042,104.96908989899885,15321.184688574513,146.90854472983224,6.128473875429806,147.68106030275501,2930.43356605,1668.938877879,676976.3936815191
BUSD5rCfUDpCxKGMvYU2yThChxgHoioK74PTPociGnv2,CcFHbafgYDZ8yA8Me1PdtDiVb2eeaS61LbqyKKK5CsNZ,26R9s4nmF3CFDTkiePDwRmtscn8i7r2eygbSijditJ58,94.44406039,94.45650413,94.26201781072322,0.9980724824988988,0.009426201781072322,1.0,91.64903169,56.2996366,147.77201317745855
MAR3XM1n9xWPQ3HJjAcC85o8DopWFP5p2WxGTaZ3fPB,6qG7GUhER8Cg9gDEgnebph9LdS6eu2eoWcA4R7z9uizK,4QV4CwRXVMY227KkFF9voNAfwWHVvVajXSXDKbUHkWZR,0.0031790000000000013,0.1343829999999997,0.0030263710298515005,0.9519883705100659,1.2105484119406005e-06,0.023398231369807572,0.112326,24.260372,0.674582842879515
SoNcU2iwHMw6dGzsYNQkYFkUjwN1UdAjrWVRnStrZu2,8ivTTid27jZnYNc4w3CTA1Z6QS2twsFb8WMwUabeDJgc,CyXm53PMvHCbeXJBykU46Rcbo28xk5srhMZFg7gv6EYB,0.5583917690000035,0.5538757650000008,97.42809233192683,174.4798146047282,0.038971236932770735,171.9955177968062,15.123774,19.568154224,6004.428101728449
JSoLLrxK5bYdHwTEWYaGgmeycBCNXKDiBCTw5hXGBg7,xG4wXczA7Dk4hccJ61CHKpDHW4NrNfQwgmWgkb9BuF2,BVR6WgfhsRr9Lob4QDnkEAiNGgAbv7ZieKcY9kSg3QYR,0.2509513339999785,0.2131201200000028,43.23475459690563,172.28342207939542,0.017293901838762255,146.72881316638723,17.102304868,164.628669376,27102.212878806182
