0,1,2,3,4,5,6,7,8,9,10,11
HEDSDjj84KS7LKhZY7ejkCACTdPen62rKhCby1wXtgxc,EnnjMSFttpCTywBrYNt1J5QQeoSVkvzPipJDa8Y7kJow,6bjVT6JN2rSvpyn9PdfLYC8wJn4LWh49jpY47fnLDXZk,62.124926361995676,63.82976777999829,60.144851106460294,0.9681275235000251,0.02405794044258412,1.0,39085.069707058,9083.135771049,46922.46751236891
BUSDTd9WiT6uBHJRgNvFXBsA7JrifsAtWzKfioN7ERcy,DyBxrn7gSc1EwnpWhDyhzvMHPtxpmBqRqotapLcKcfTM,Cds99GeBgoCpqBsoRWu1C6fF9LiUMd4pXQQD24s9LPff,733.8631440099999,731.7251950999996,732.4197570705435,0.9980331660593154,0.07324197570705435,0.9981424568877321,95.45398626,78.34645297,173.46716517596514
RajgMbScQbqqrdJfR2rxfHJiTiY5b6bJ2tTXiF4aPxy,725ZA3fhyBAKb5iopNRrcbSuQa3LXA1656Q3mBvYPxeg,GLA6i1dSZpUfk2f9Nj8uiG7xyDdAR2reff8oEiZH3617,2158.615433470004,2161.926211240003,2155.3006672557913,0.9984644016887787,0.8621202669023166,1.0,130911.53618232,53015.25566094,183725.76430937904
vEnkoSUkpnbRrPgBz9DfcVxNz67zjwMYBZraAvDDNSf,DtfyjjsZ5yCjWKLKHvwsfXs5QVsmm1QkK6Sh9JZHoq1g,e5wrKCRv4GhHvEf1VD5Pq2KGaZDXP77nTL612Jyrxwy,1985.840291,1985.8277829999997,1977.4046826239262,0.9957521214498947,0.1977404682623926,0.9994513012356218,918.239098,1029.615037,1943.3886183331506
iLiUBQ7Z7im6Ew3b4ewwPcehzWgEQRJ1iQz7g6D62NW,GpugBvKWM3TVhYcZjemSdtehBWgfvuGr6uAm9iPjXT6v,92fMXJ3xy8tEyMUWLHKRLyhPw2nECBo77GtDiBBbYrjX,13.674317202999873,13.941426395999997,13.417188459134518,0.9811962279323939,0.005366875383653808,1.0,1819.781564545,1142.964478516,2928.5272853084643
parEAJhzYzHW87y9VoZAQ22dzQ2MD2ekEtTReaxbMcz,3oyc6hpjYSJEquK6dSvG72NXyz3pqLZz5D8AC71pwgQb,Di2vordgFJVZ1aj1aBpvzXtLfZgJsuLLXawGtVFwX6Rz,4.745507272999959,5.523827006999994,675.5261847669055,142.35067947538082,0.2702104739067623,168.97537724597848,1103.811232185,139.500140934,180700.3678542819
SoNcU2iwHMw6dGzsYNQkYFkUjwN1UdAjrWVRnStrZu2,8ivTTid27jZnYNc4w3CTA1Z6QS2twsFb8WMwUabeDJgc,CyXm53PMvHCbeXJBykU46Rcbo28xk5srhMZFg7gv6EYB,1.5680569959999975,1.5531001640000017,271.7087949009317,173.2773716733777,0.10868351796037268,171.19500274939176,15.205266302,19.484620759,5970.3982848122
NorjjEePhxfwLF4vZjUHCrVVKLzQjEEGQFd3wgjEJmh,34M8pFVqgbV7aqHxvRT5tCv3vu2P1JJYT8J3VaxBK2oG,3AZWBSze3ucsY3xSeuLne3b2pauVqiaJ1SZSV5T9WGWw,1.2073310000005222,2.0832120000050054,0.6988863142091594,0.5788688555241744,0.00027955452568366375,1.0,38235.101644,2193.763475,24326.873004512763
KysFMBBoavfov2tLpvefWW6tPFt6rAeZWDJVy1mMQae,B8ka2V21TH3x64dFV8ETcjuQcwmrciJ2qzy1mJUttRew,7fSf7EYxBANyxzk2s5pymFgshA91tFYQNKKs5UnLWcYS,40.27079900000035,54.01174400001764,0.0,0.0,0.0,0.0217687610311836,134514.436043,2603.001229,56.664111717978216
STK75uPSyBnEhGTTzb1nwmP3n427XoXmfRhXxxhyady,6TYyD5fUmDe6N65avW1Ny2RxzRNobw2RRgKwH9CTzSAU,54zDfk4cx2vGrEajPtodWpArNe5eUurytyxd4X3aZAxK,457.6907909699998,515.9271076519967,66836.49801392158,146.02980731220896,6.683649801392158,164.51305369952843,1600.306575287,281.274589803,279965.8025261954
BSCNHw8CmxbZ8hCWWzMf5FaG2ajPT6JxfznKUNuRVrn4,7n9kgNL633yGzCYksgnzHyjG73ZLBAwvEae5sbAekbzW,SscdxE99omdG9AiMVwmaEMQySQnCgeAh1sPj2Leutm2,764.266286694,761.2993048700005,766.7462723060422,1.0032449234713334,0.3066985089224169,1.0,4619.47215637,7082.637089863,11717.099079858377
daob129AwBGn9Y5r91uLoWZeYiGzbPmksauMhFZKTze,6VW5GQNyj4LStgmxEHLr5zUfW92vQnmbw8jTnCH7a38F,4VPCCUifPeBA1c7HWK358CHn2nyjm8pdTRk6Ps3KmnMQ,10.618712611999833,9.516052792000004,1722.0555097780393,162.17177851032574,0.6888222039112157,145.8096210437111,47.997043493,224.434143044,40508.42325301296
FrnkTEL6yZ5Aycq2TrEgu29dCrwKG4LPUZydfiwqspkc,DjvZuMZ46fxKBoBpGMPcRcos4xdTtHFxwMh69DpA2ZFY,9rvDPJLAng4uVVqnnSoEXgNDFhBZQTny9AoQioYDZbQX,25.26236872799913,21.082136749999847,4420.792071459469,174.99515263427205,1.7683168285837878,146.04226200186264,172.45162967,1439.284070051,240374.50050962597
DFWzVTzNBrQZLjoQ4yQwkj9HuoXmfkuZP9V5vbymZe23,DhgiEgiNdqZdRdo195UUHnoEJUtefK8buko8nU97XJUZ,2K2kkXsouBHtWVjtcgkyiXd8eP3oVBvq1bTJzcVdLLr2,117.97977200699825,119.3391269079948,116.67474122475218,0.9889385209002722,0.04666989648990088,1.0,42740.472969667,25238.75210937,67506.45223057055
7oAd7xG4m3oC2qeWB1szghTebAZyyGPAFDJ4wwwbRSNi,D9yh4KAysxt9GLacVe4Wwh2XqghhcjTCSTV9HuM7TBJd,HDYfJLpZKaMFb84jM4mRytn7XLR8UFZUnQpSfhJJaNEy,12.338486858992837,0.2807060000000092,12.338486858992837,1.0,0.004935394743597135,0.02277674421689311,955.404703978,300093.099460776,7790.548471650759
BSC8REUo9LpiiWUuqMuLXs2D2yJsJfGd4HdiF3wCLxk5,AZjEH1zWVx1UJ6udMyRijGTzPteuLnaY18yNNmprJEsh,Caf8ypkSVR8xYnXNhjvfvdGCC7mrM3C11rz8Xi6NA6aK,42.81736779799985,42.92886200000021,42.92833953038953,1.002591745782067,0.017171335812155814,1.0,2593.035721111,3617.245595786,6217.001806289938
MiMUFdSLMyCLpqpH6zkqdDrGYs7XBomwENbivdYjv9V,,,0.012163421999999993,0.017581999999999987,0.0,0.0,0.0,1.0,2593.035721111,3617.245595786,3617.245595786
ALBpShJ9NLpE739pcHDF2LNVk5J4VYPvvKuV6jMPitZi,D6d156U1bPiJpDYRLextvDRccgFk7QzkQbJg42ceKEu5,GNcM8U5g8RwTZffwwm3kSQqUNPSwv5d2fbN9sLxPJqt2,855.3215049999999,855.5351940000037,832.1964305868526,0.9729632959326243,0.332878572234741,0.9982201734307729,53037.965799,47277.669385,98797.51734625429
BUSD5rCfUDpCxKGMvYU2yThChxgHoioK74PTPociGnv2,CcFHbafgYDZ8yA8Me1PdtDiVb2eeaS61LbqyKKK5CsNZ,26R9s4nmF3CFDTkiePDwRmtscn8i7r2eygbSijditJ58,102.91501398,102.82354714,102.79963064656599,0.9988788483917765,0.010279963064656599,1.0,91.84112902,56.09876877,147.83692996049817
ALLwa5WNZbvQsRKAqe1jdRGemdYQnW8E5k4msbRFcYtu,CGoM82Hbz7QVqTgvQatYtjvDWBvoUJp5qm21P8iMs9yb,3dxNNww8TivyN5FMy5dCNdi3Zcxv6e4kUfSPxfFwpdNq,2.7217589459999996,2.7163208379999997,7939.323685899305,2916.982673122922,3.175729474359722,2907.390878351858,1.633899921,7.025810918,25192.836335192005
ercAoEmXjQzEvAFbdjAo81KtMxRGn9AW1ju882upmPH,CMRhskR2Eg6V42RTSdRTXGdozyPbWB8U9dVpijPWb9T4,7TKLLgrWswt6ZJ1pXhVR3FyufHGjJFqiEXxvWJfDcgRm,88.66709588700007,85.03802174200001,12970.419232688351,146.28221554947768,5.18816769307534,117.6400696193932,35.167188991,419.711017295,54519.167614860824
JSoLLrxK5bYdHwTEWYaGgmeycBCNXKDiBCTw5hXGBg7,xG4wXczA7Dk4hccJ61CHKpDHW4NrNfQwgmWgkb9BuF2,BVR6WgfhsRr9Lob4QDnkEAiNGgAbv7ZieKcY9kSg3QYR,0.8221091229999615,0.6997180580000162,141.40531049223353,172.00309123955574,0.05656212419689342,146.2955052168977,17.081470161,164.651664274,27025.864080376094
TETFuZgEmET6d9vYmz9iMFCxK1jKdKYxf3oPz8hSzJK,Eu1Ze6Z84LWNkq7SNoAHBJbXx5t1P95EwyqYohrfCRFV,ASMbv7WNu3qe4pkhREmvyEdwFNDZQ6B6iSrjkj4u8bdC,53.153367341000006,53.19302712700001,53.11272558960429,0.9992353870802768,0.021245090235841715,0.9994073514405957,170.213042054,81.265248888,251.299982118257
B2izdXFYb2sNwbWWHmh75T4aQFtfXsUxem9u2p61HGzf,4DYwgJtxwuJdAjkj5RJSNH4e7U329V5cNp7d3a1nLrZv,EXNW64GEf1ACC6xY9BtKRiunrs6GoJSXBdxWN2eTPmrF,4695.947159000005,4650.405394000007,4741.551400368751,1.0097114042864268,0.47415514003687514,1.0,10614.075698,29113.60307,39830.75634823002
BSCuChvaSj9b5HUSqgDVRzcnr2sSn7cXaamt1jbKH6hn,GnKpRj5kBVPMJfiwZtEuD9GYApLzPdW5JFuZTcyX4BTc,3dmwD9okkomV9nDwyuh4UMhKdUR13QpuKxRo89ycZB5t,12.279301065000027,12.248752386999968,12.30583803866185,1.0021611143436708,0.004922335215464741,0.9992355847776452,1205.155075939,1796.741186627,3003.12728417327
BkMBnJpvHKtWhUvrgRrLesXfi9RUV3ELgdBaJcdH7hcY,5uerVwBnZQsuVhZ15igs7ZgmcqhHnYWbwoRtLyRqLvR,9YWiQh5d4jCtgMdzcGLv9bWgnLaFtzvDDh2nnhJdzhBX,0.0011736749997908191,0.0011736749997908191,0.0011801507714903226,1.0055175169452,4.7206030859612904e-07,1.0,986.482241645,1887.576222024,2879.501396153415
MATSnbbiTCv7Dc3trJrkrqjx7ckKdr6fwPoVwv9q3sD,631WX9JizSHJm4w6VanZeJAst9T8DeUUnPLesdGkCVtK,211maUSfpnXbPuW1iBu8b4dtJv5EbN1j7JJiEX5TZKEP,1766.4044100000028,1766.2222699999984,1764.704999085883,0.9990379264768028,0.7058819996343533,0.9989620784005419,21844.723203,23710.859082,45509.95604240191
SUiuyGR7SFq3xeRVJonq84fjjeFwRSsFekcevJ53tzy,49GjCCPsv7fBqo6t3iKDrP1xxGDS8uWZbVCdfnp2gjMf,CEwj5xEbbJEjYqM8D6Ai8ByGz1mrh8mkAVsE5fzDSSSx,4.46777899999995,0.04265300000000005,0.040262952796895145,0.009011849690169453,1.610518111875806e-05,0.9487810061632814,632.545869,1.783374,7.392439671651054
Lid8SLUxQ9RmF7XMqUA8c24RitTwzja8VSKngJxRcUa,4PgzyzLtds9bKZ2to9PMnKqJzKEUpjvNUaeN23phegax,AtymwxoVN9peZo7EXTcDz9jKVc4vRmisJKKrNfe3ewBa,110.7689087089932,93.65094389299941,19178.36238147037,173.13849711975453,1.9178362381470373,146.20975338947105,967.835974537,7675.209766472,1289760.1932581
SRMuKizofcAMicegrfSv7xs9q76tH1w8aAF7oX9FEWu,72Hj2KWntXPfbie4UgKeTPnm1XVkomDfCnRPKbvfTtPi,6aqJQ5wedqpUt4fFEDUqUmXhrdxCu4bEJsQdVPCADLko,658.6906110000009,661.427045999998,39.40996164249808,0.05983076270461373,0.015763984656999235,0.05906029867501764,16945.392921,4946.001459,1305.9681062084053
MARpDPs5A7XiyCWPNH8GsMWPLxmwNn9SBmKvPa9LzgA,6YjT74rmcfCpw8LSjPNx5JTmZoYLGrTKnf9arfSgZ4SR,F8GSmi3vA8M8TsybLya1LQ4n1aFHCRbZ6k437PeTdXtg,23598.234247000008,24777.58010600024,22389.556432545472,0.9487810061632814,8.95582257301819,1.0,297216.839008,14969.222359,296962.91392168024
ionytDfEj1mXodptgrsKEZro7DGsfpzANUfarJdm6Qb,3gkSjY95an9xNFSjCfsay6JZez7uv7yfW3Ad4ubc4fMK,9wXqANaSuEqkKL9yHzCPEDGHwbkStVAqV5rB3QDs3Jr6,0.02031090300000002,0.07565330600000042,14.700692443485204,723.7833021744622,0.005880276977394082,2918.4298847220193,3.17013297,0.079600045,2526.796459511953
AUSejoEUCh2DBs9mof6BNC8Pubs22w4cJa1ccV9h44R,4xkyD7AfGQDwsQMy9MosRRNGoVJ1zosNinesxg1TzHG7,Cbm5gsQe3nSiCsFrvepVzMCD9xLK3ri9g3ypS2hdmVJ7,190.51280199999928,190.17454700000053,190.81505304402103,1.0015865130366501,0.019081505304402106,1.0,13894.005674,14983.863964,28899.912659133093
MATgk4zXLXtYkwBH678J1xZbRDZ45LicNzkRBHkxTuY,y8dALFo1bJrSzPYjMX14HJX448pXqYmrfXHD1K8MXih,GN7Yuet3UyiWS5YVkEHv6oQKi4HGBJc3XDPt9zQhAqZz,604.0515389999991,603.5684550000001,604.6737482869864,1.0010300599316697,0.2418694993147946,1.0,3657.344888,4407.103701,8068.215873425426
BkwbeSfcX1h4thMDd7obGkHrPevf3QwgzJ4pCEqG18Lu,35yX27bmurdebhfAb8EPmjLETDiUaEUCn9zHaDPbakH2,2CxECn1ZJFoESyUnQysQU8rRgT3iJ5GRs2Mdd6gZjx5g,1.4089999996969027e-05,8.67000000004392e-06,0.030783011441424948,2184.7417635235515,1.2313204576569981e-05,1344.0860215053765,0.80136202,22.09433868,31447.460846989146
C2ypsDADXcCRz8HbV2zX1AXPSja7a1P3xZtRC91xGhJh,J9bYNuDpY1d1T86gLaw7DGk5D3CsUAf2tzUwxMvb6FTv,A2NGvvPrMGzsJ4jb52KEnSBVmsA7C34dV1GC7PerdgvG,902.9321683409983,908.4449837200036,132260.6431076113,146.47904653859027,52.904257243044526,146.8041183840155,2992.253244118,1724.20849819,691423.3106874186
SEQV6QiTpvTzrceiaYg9Avnwf7oc8ZALpnQMz6TyT4A,3dFMPj4r9mMmPHF32mz1gNDX7f8ftidWof7S8YiYTs1j,Fc1ED3YPeQfXQosHbd8DTaBd2AV5gHQtwiSAL5C5pUhi,244.7817633369998,245.13841288999947,244.4062402366571,0.9984658861214849,0.09776249609466285,0.9992355847776452,3996.774064077,1550.465642487,5539.923000464155
MAR3XM1n9xWPQ3HJjAcC85o8DopWFP5p2WxGTaZ3fPB,6qG7GUhER8Cg9gDEgnebph9LdS6eu2eoWcA4R7z9uizK,4QV4CwRXVMY227KkFF9voNAfwWHVvVajXSXDKbUHkWZR,0.3040820000000011,0.006998999999999991,0.288543089026649,0.9488989451090428,0.0001154172356106596,0.021794164015424777,0.115505,24.125989,0.6354083339551541
BSCrK1Nx9PXU9mF7STWWBqeHLxmtJDr9h7jheEy4tAWX,FfSySSbVJPvEo5a5AvrP3nySoXpRE2QPn1uUMpJJ1x7v,HL7Vcj6838ZmvBHDbQxXfjBNckNi83WvPiZQoMQLFeRM,0.00012895899999998406,0.00012889199999999157,0.3771403671414611,2924.498229216322,0.00015085614685658445,2918.4298847220193,0.840296693,0.963989992,5270.783391920571
C98Sspw7XqnMsgxea3SLQVdbMDL8pKUc3RE82UvX9eq2,CSqgQJurPCzGxb4Cgwx5R61hWQUiaoUHcShNc8r1cKEL,6S2CR5EnukPhC914XkAns8m5GixjMAoUuZMsS5ubHuWc,64.31477799999982,64.28111499999989,0.0,0.0,0.0,1.0,863.962098,899.794783,899.794783
GokA1R67GqSavkd15zR62QD68Tuc5AEfvjssntVDEbM8,3YB7hfpBdbQEuZqLGWVDpRPmeZWCUsrrWyqGXegnQ6Cg,4DPCj6Z1DsG6HUtwSogBGqXEUxdEV5a8YVrrFtcnz7UW,12577.90438899999,12579.368268999999,12576.533546843386,0.9998910118797052,1.2576533546843387,1.0,19236.830327,13183.458541,32418.192282022228
AURHmCnNwiW4uA2Qj1XvEh4iKgRUZYXtiY7FKAapUV5Y,BKWm4TRnTeKwfWXRyuzjRHU7iZDkPuXBX5b5V5jSVfGJ,A5Ww74HVrkj9nPeC7pHKLfgeDMEhBCpW1efQdz3TGLEg,0.02630998599988743,0.023508204999984628,4.236320469503617,161.0156869533014,0.001694528187801447,146.33245504593813,289.932553331,1795.28273288,309391.8190486272
SoN9GaFpSXfpyR5dth3x7PHPVhvJMpQqqDJfCSmPv1t,9kZ9iS68ViMPtoeqtnhAKuF2iqVyfHPdZHoUNdwCELr,BBhm5fJLjw3HRzjtKB8uMEYjGhY6EDm9co3cqpjrSzB9,0.3337587680000007,0.3274878450000003,58.60681313741478,175.59632512010788,0.023442725254965914,169.95940349688073,1.512987247,2.470252672,685.5176711464848
BUSDgu5JdqP1rndBvXvanbEufS94FNh1w5FJcAj6vawb,Bgzr8cWubt89JQFXndVjtdKmDbGzuPxNhvjH1EhWCwbo,Dxaf8xPBBQsasRKW5Aa4Sw2YrbfGofY9xZueyyF23FBW,8735.304541960006,8756.37075171,8717.862366009836,0.9980032549676561,3.4871449464039346,1.0,8779.3928447,6304.3464593,15066.20909495035
MiMuMS9C4vBqcrYeeQPph1E7oAW9aNKvW9k6Zw9XffM,Afy2q2hh6Y474pshJa5fnQ6PfEchGyTbKrQpCZw2hr3m,5pXz9ksgjeL8Wgb37bksUaBFMLdFfsNNY3FQnikkCPtS,0.801911466999627,0.012163422000000423,0.0,0.0,0.0,0.021794164015424777,26.015093477,7673.149676041,167.22988255454106
Lee1XZJfJ9Hm2K1qTyeCz1LXNc1YBZaKZszvNY4KCDw,9DgFSWkPDGijNKcLGbr3p5xoJbHsPgXUTr6QvGBJ5vGN,2hNHZg7XBhuhHVZ3JDEi4buq2fPQwuWBdQ9xkH7t1GQX,1932.567671557772,1628.241393928004,335642.6600790564,173.67705411759638,33.564266007905644,146.32140667547523,6711.860656618,53859.63040841,9046513.070868962
YAkoNb6HKmSxQN9L8hiBE5tPJRsniSSMzND1boHmZxe,CfWX7o2TswwbxusJ4hCaPobu2jLCb1hfXuXJQjVq3jQF,EnTrdMMpdhugeH6Ban6gYZWXughWxKtVGfCwFn78ZmY3,5394644.297441021,5393826.421966004,5394644.297441021,1.0,539.4644297441021,0.9959752639583443,379289.421941,1068098.96756,1443089.5730902061
WiiQFxXqp8P9Fs1rt9SVcDyA3KUdJmUsog6wnVQAwba,3S2jpqSYxho6wiz3cafhjXruVY8cg4HYa2v3BqBHYFSj,Dfe67M6TfrG74gKRtdqys4e6E9QirPD53BkF4FujFjuv,4828.280403549999,4828.589619803997,4827.120007344314,0.9997596667739446,0.48271200073443143,1.0,15576.182702131,11241.70084627,26814.14007416257
SAMyS8Jr2HJrkFwYVKbpUwsNStnQmvz3f8Tup8bWUWF,6jPzm5TFfquvgm25sTyN3MMGBfufRaFHMxobDWv6hMFW,Cj9ECoDmxsHTDzCY5ZA6RWrPbg9uFzEC1Qc2kso2vJG6,1141.4343266200158,26.794225500000096,1094.919927318473,0.9592491672829921,0.4379679709273892,0.021794164015424777,494.99462614,108304.36603986,2835.226299993661
KwnjUuZhTMTSGAaavkLEmSyfobY16JNH4poL9oeeEvE,J63v6qEZmQpDqCD8bd4PXu2Pq5ZbyXrFcSa3Xt1HdAPQ,BnKQtTdLw9qPCDgZkWX3sURkBAoKCUYL1yahh6Mw7mRK,170.2453650000208,6463.20736700007,3.71035540767631,0.021794164015424777,0.00037103554076763106,1.0,276869.307929,589.222697,6623.357804841774
Sid7E679i9ABqptiAVhkmQ27YHN8vaYT4fppPwmxFsJ,GP7KB8o1bv527HG8kTzzzf4wJ5aEGHvcMQvVhLziUfmT,9gYxhAZ1M9wu5pxr8SBoa5NDm21gi3s9vMHaYTME77sa,350.88177799999903,859.9527200000011,3.1620938423553984,0.009011849690169453,0.0012648375369421593,0.021465916910845047,130518.484612,10703.272551,1405.9685243659333
KEnkcdADoLR5jS2CLLLesy8TtFsyWL37BhXNfDMzWzP,3qsjFRuw1qeLMPo4DLwaQevenGAGBj9dA3Q6rb8ax2YR,77iEv8zPQAEyCcEbvBRSB6AFcUdfkhiqnAKtPxk76rNN,1.8378119999999996,0.016936000000000007,0.0165620855027897,0.009011849690169453,6.6248342011158796e-06,0.9914320442733894,116.271322,0.324539,1.3695780413577343
Cob4usZcpHEY7Qt4ZCwj6WVg9S44zvzYV2v9qYF65dTf,NhFM9UXE48PyNAyeyPYA3iXztqKVJwA4bTdLj4ysM8w,6TuFuynuBoeskxyR2cz4wxyidk8dpDK7kAWw3UkjQGx,171.47501500000945,588.7562509999862,1.5453070607996375,0.009011849690169453,0.000618122824319855,1.0,70945.200256,188.145461,827.4929419460434
heyk4SZTeCUV6a65WiVA5bzic3KcxgVf1qxobfeV4tQ,9ZDpBKPqMABtGfq66FbVribaArMvtk63xxy91onZAtDt,DaTP4s6N7xxSPinbNZ3FB52EpRDRt87QShTuN3VPCW52,76.40422188200046,66.05507432500008,12879.673892877117,168.57280364386972,5.151869557150847,147.02118178272298,620.823242121,4498.42427974,766017.5682590832
wrmcMSHFi3sWpAEy4rGDvQb3ezh3PhXoV2xNjgLBkKU,8p4mGnARWPBu6P2Gcw4adodLkNDorrXniZMhaY7eJXUn,AyY89zccbsgp9LKFgH4CFZMJmpSgqmPSdTfukhP227rc,0.00494026000000064,0.029250490000006957,1.617635887361048,327.43942370661426,0.0006470543549444192,2919.452310746504,27.02897532,0.10150179,9146.681737521505
RoBgmK8CvjdHvPrqdDyVw54VwjZv2TqJ493xnqJAQHx,ExiHJxM7qPAcy27NDHAF6G7vnW7muNHi2sVJpnaNynGQ,6rkPHSqZb7StM4HwS9EuVrmfkV7tRdc7dnsFhyB6cefE,13.9432819999999,41.02202000000137,0.0,0.0,0.0,0.7441461741212749,6265.366103,18.96143,14.110075590368366
KZMu9QBEdL97EFgamLbN5DE1AoKBG4HdrKKJo4Vuon3,DD4ACBWyVqdaKWh7v5btsgqQCCMwbKnuL2xd9pv7Gyuw,GcYqiJ1MAuYbNTNYXm1F1gQYTfTgkErACAhNU5dpVj9T,25.7825899999998,26.730386719999956,24.731927987898608,0.9592491672829921,0.009892771195159444,1.0,2396.20486891,704.03310041,3002.5906255513687
KEN5P7p3asnb23Sw6yAmJRGvijfAzso3RqfyLAQhznt,9zj4aX38Uxf3h6AUjS4EipWS8mwbEofasHAf3a1uKGds,CwQDG1MWunn9cLNwcZLd8YBacweSR7ARo32w4mLua1Yr,52384.0833760004,52384.838646001415,52310.43029015186,0.9985939796766152,5.231043029015186,1.0,1150487.601795,1152113.311178,2300983.304023074
