0,1,2,3,4,5,6,7,8,9,10,11
YAkoNb6HKmSxQN9L8hiBE5tPJRsniSSMzND1boHmZxe,CfWX7o2TswwbxusJ4hCaPobu2jLCb1hfXuXJQjVq3jQF,EnTrdMMpdhugeH6Ban6gYZWXughWxKtVGfCwFn78ZmY3,3394848.3841060176,3393675.4096309934,3394848.3841060176,1.0,339.48483841060175,0.9977510690902706,457116.892152,989294.887851,1444186.9241508744
DFWzVTzNBrQZLjoQ4yQwkj9HuoXmfkuZP9V5vbymZe23,DhgiEgiNdqZdRdo195UUHnoEJUtefK8buko8nU97XJUZ,2K2kkXsouBHtWVjtcgkyiXd8eP3oVBvq1bTJzcVdLLr2,7198.2533492229995,7237.788612549997,7188.3556735426755,0.998624989257791,2.8753422694170703,1.0,35500.968973894,32435.29007537,67887.44483556607
KEN5P7p3asnb23Sw6yAmJRGvijfAzso3RqfyLAQhznt,9zj4aX38Uxf3h6AUjS4EipWS8mwbEofasHAf3a1uKGds,CwQDG1MWunn9cLNwcZLd8YBacweSR7ARo32w4mLua1Yr,40801.82934199995,40799.67066100123,40773.125061956336,0.9992964952673318,4.077312506195634,1.0,1158064.352201,1125260.182947,2282509.8313954924
KwnjUuZhTMTSGAaavkLEmSyfobY16JNH4poL9oeeEvE,J63v6qEZmQpDqCD8bd4PXu2Pq5ZbyXrFcSa3Xt1HdAPQ,BnKQtTdLw9qPCDgZkWX3sURkBAoKCUYL1yahh6Mw7mRK,76.39131999999984,3365.438796999806,1.730669168356806,0.022655311733804438,0.0001730669168356806,1.0,276049.505245,607.603548,6861.591143287958
daob129AwBGn9Y5r91uLoWZeYiGzbPmksauMhFZKTze,6VW5GQNyj4LStgmxEHLr5zUfW92vQnmbw8jTnCH7a38F,4VPCCUifPeBA1c7HWK358CHn2nyjm8pdTRk6Ps3KmnMQ,7.940796464999892,7.090046387000001,1305.5961651876971,164.41627372547381,0.5222384660750788,147.44097753368104,48.504502474,223.876577472,40983.51098504966
SQDY9uoDoCbNq7F3HAHYYQZbrUzpKxDtdWLvYcqBLak,GiehZ4X2uQjhEKuxSm3ACmEFrabxh3RTvjbLfLjw1xGX,rxDQYV77NKRKYxCjq4cECX3QQsiSyLv1T1FT2X3zNA2,59.362866019999984,59.102057356,59.82055729127453,1.0077100602103737,0.02392822291650981,1.0,110.651474155,296.249308764,407.75391244710164
MATSnbbiTCv7Dc3trJrkrqjx7ckKdr6fwPoVwv9q3sD,631WX9JizSHJm4w6VanZeJAst9T8DeUUnPLesdGkCVtK,211maUSfpnXbPuW1iBu8b4dtJv5EbN1j7JJiEX5TZKEP,351.4960429999992,351.4200619999974,351.20840331768204,0.9991816702120964,0.14048336132707281,0.9867840018630482,21426.859865,24131.152941,45221.56129600048
SoN9GaFpSXfpyR5dth3x7PHPVhvJMpQqqDJfCSmPv1t,9kZ9iS68ViMPtoeqtnhAKuF2iqVyfHPdZHoUNdwCELr,BBhm5fJLjw3HRzjtKB8uMEYjGhY6EDm9co3cqpjrSzB9,0.2467829709999999,0.24245320000000048,43.476517008806525,176.17308371251653,0.01739060680352261,170.63189598143114,0.8577681,1.363429801,383.7602632694417
KEVpg4SYCVrqFxKijQH6hm4QxsRdoE51ud64bEEFUC9,2bPenuBYfqzD8p5dFjCcggwkHDsc2RQDnx9AoyYGUBjA,AE6n6iLuX8oYu61vt5hoDYkjswpnxFxrhSehxrnQTnbx,506.7922005570008,505.29833475600026,507.93046154685715,1.0022460112618254,0.20317218461874284,1.0,1631.075555512,5894.697930378,7529.436899956568
BUSDTd9WiT6uBHJRgNvFXBsA7JrifsAtWzKfioN7ERcy,DyBxrn7gSc1EwnpWhDyhzvMHPtxpmBqRqotapLcKcfTM,Cds99GeBgoCpqBsoRWu1C6fF9LiUMd4pXQQD24s9LPff,88.79076629999999,88.71993365,88.40135831661529,0.9956143189251347,0.00884013583166153,0.9992805180270204,107.01938586,66.90888128,173.4107745108769
Lid8SLUxQ9RmF7XMqUA8c24RitTwzja8VSKngJxRcUa,4PgzyzLtds9bKZ2to9PMnKqJzKEUpjvNUaeN23phegax,AtymwxoVN9peZo7EXTcDz9jKVc4vRmisJKKrNfe3ewBa,37.69517611899482,31.854856191000408,6560.199643370944,174.03286889181612,0.6560199643370944,147.21168554582928,967.23069837,7675.93998297,1298317.9963592037
HDSBGqAuMRr6X2AfmmbXQPpRgU6VEhtfNVVZ3wUTZXg,DCZ1d8kNLgDcdSd99y4udLgwq46mfDXNS9KXj96kQf5L,Fq8GGYQM5Pz3q7LmVMbrXHJgsxA5ev86kTq8yGgGuYsa,1.4012964999983524,1.3956648809999024,1.3934308476154245,0.9943868750239958,0.0005573723390461698,0.9990892861557404,13009.382219048,12392.836625112,25317.909228019744
C2ypsDADXcCRz8HbV2zX1AXPSja7a1P3xZtRC91xGhJh,J9bYNuDpY1d1T86gLaw7DGk5D3CsUAf2tzUwxMvb6FTv,A2NGvvPrMGzsJ4jb52KEnSBVmsA7C34dV1GC7PerdgvG,146.44347453000046,147.43086631999972,21549.62535973445,147.1531963366506,8.61985014389378,148.18059421011,3456.484960665,1952.763658633,797994.4893395631
Lee1XZJfJ9Hm2K1qTyeCz1LXNc1YBZaKZszvNY4KCDw,9DgFSWkPDGijNKcLGbr3p5xoJbHsPgXUTr6QvGBJ5vGN,2hNHZg7XBhuhHVZ3JDEi4buq2fPQwuWBdQ9xkH7t1GQX,1710.7219044599333,1441.1969902380042,298891.7028012737,174.71670995855544,29.889170280127377,147.22848270448122,6721.875641611,53854.400205304,9103325.626039637
JSoLLrxK5bYdHwTEWYaGgmeycBCNXKDiBCTw5hXGBg7,xG4wXczA7Dk4hccJ61CHKpDHW4NrNfQwgmWgkb9BuF2,BVR6WgfhsRr9Lob4QDnkEAiNGgAbv7ZieKcY9kSg3QYR,0.6503451350000375,0.5519815009999895,112.42288382456013,172.8664946875533,0.04496915352982406,147.31721358918796,17.068989171,164.668297041,27209.13101240742
BUSDgu5JdqP1rndBvXvanbEufS94FNh1w5FJcAj6vawb,Bgzr8cWubt89JQFXndVjtdKmDbGzuPxNhvjH1EhWCwbo,Dxaf8xPBBQsasRKW5Aa4Sw2YrbfGofY9xZueyyF23FBW,1658.2582734700009,1661.7589041299998,1654.9204313535952,0.9979871397780389,0.6619681725414381,1.0,8842.84214193,6248.50641085,15073.549147583428
SoNcU2iwHMw6dGzsYNQkYFkUjwN1UdAjrWVRnStrZu2,8ivTTid27jZnYNc4w3CTA1Z6QS2twsFb8WMwUabeDJgc,CyXm53PMvHCbeXJBykU46Rcbo28xk5srhMZFg7gv6EYB,1.1447341480000013,1.1360120310000053,200.07157899078658,174.77558378103555,0.08002863159631464,170.1910394417734,15.29323148,19.397783782,5974.212444540864
Sid7E679i9ABqptiAVhkmQ27YHN8vaYT4fppPwmxFsJ,GP7KB8o1bv527HG8kTzzzf4wJ5aEGHvcMQvVhLziUfmT,9gYxhAZ1M9wu5pxr8SBoa5NDm21gi3s9vMHaYTME77sa,267.3255810000028,719.3509479999775,2.27128013233238,0.008496306727684083,0.0009085120529329521,0.02254399262901617,133139.102984,9681.135339,1349.4421001237072
MATgk4zXLXtYkwBH678J1xZbRDZ45LicNzkRBHkxTuY,y8dALFo1bJrSzPYjMX14HJX448pXqYmrfXHD1K8MXih,GN7Yuet3UyiWS5YVkEHv6oQKi4HGBJc3XDPt9zQhAqZz,432.9483020000016,433.50281000000086,432.56288846637807,0.9991097931742817,0.17302515538655122,1.0,4766.433084,3300.083639,8062.273611734294
wrmcMSHFi3sWpAEy4rGDvQb3ezh3PhXoV2xNjgLBkKU,8p4mGnARWPBu6P2Gcw4adodLkNDorrXniZMhaY7eJXUn,AyY89zccbsgp9LKFgH4CFZMJmpSgqmPSdTfukhP227rc,0.00405229,0.038914339999994496,1.2553562577447335,309.7893432465923,0.0005021425030978934,2941.349491146538,27.05947367,0.09817864,8671.514269633215
KysFMBBoavfov2tLpvefWW6tPFt6rAeZWDJVy1mMQae,B8ka2V21TH3x64dFV8ETcjuQcwmrciJ2qzy1mJUttRew,7fSf7EYxBANyxzk2s5pymFgshA91tFYQNKKs5UnLWcYS,33.09647399999949,42.30376700000488,0.0,0.0,0.0,0.02265491344860229,134170.432508,2866.348515,64.93687752085471
vEnkoSUkpnbRrPgBz9DfcVxNz67zjwMYBZraAvDDNSf,DtfyjjsZ5yCjWKLKHvwsfXs5QVsmm1QkK6Sh9JZHoq1g,e5wrKCRv4GhHvEf1VD5Pq2KGaZDXP77nTL612Jyrxwy,895.0726010000003,894.9230400000005,887.9943976562822,0.9920920343938467,0.08879943976562822,0.9961796510382682,812.556424,1135.579825,1937.3722695405468
AURHmCnNwiW4uA2Qj1XvEh4iKgRUZYXtiY7FKAapUV5Y,BKWm4TRnTeKwfWXRyuzjRHU7iZDkPuXBX5b5V5jSVfGJ,A5Ww74HVrkj9nPeC7pHKLfgeDMEhBCpW1efQdz3TGLEg,0.016351847000123598,0.014610317000006035,2.69130543197545,164.58724399482867,0.00107652217279018,146.85374659152455,289.933381778,1795.281973216,311363.22020393616
BSCrK1Nx9PXU9mF7STWWBqeHLxmtJDr9h7jheEy4tAWX,FfSySSbVJPvEo5a5AvrP3nySoXpRE2QPn1uUMpJJ1x7v,HL7Vcj6838ZmvBHDbQxXfjBNckNi83WvPiZQoMQLFeRM,0.01167317000000001,0.011661935999999984,34.444087081221156,2950.705513688323,0.013777634832488462,2944.5540472895377,0.839762639,0.964529402,5318.001203475615
RajgMbScQbqqrdJfR2rxfHJiTiY5b6bJ2tTXiF4aPxy,725ZA3fhyBAKb5iopNRrcbSuQa3LXA1656Q3mBvYPxeg,GLA6i1dSZpUfk2f9Nj8uiG7xyDdAR2reff8oEiZH3617,16920.773860049994,16931.690846980026,16910.017397983138,0.9993643043659929,6.764006959193256,1.0,119369.00163306,64555.14777462,183848.26705450608
ionytDfEj1mXodptgrsKEZro7DGsfpzANUfarJdm6Qb,3gkSjY95an9xNFSjCfsay6JZez7uv7yfW3Ad4ubc4fMK,9wXqANaSuEqkKL9yHzCPEDGHwbkStVAqV5rB3QDs3Jr6,0.004832802000000025,0.019115724000000167,3.545717268636707,733.6773301775427,0.0014182869074546827,2943.6872626652143,3.169047114,0.079870823,2560.1727501300547
RoBgmK8CvjdHvPrqdDyVw54VwjZv2TqJ493xnqJAQHx,ExiHJxM7qPAcy27NDHAF6G7vnW7muNHi2sVJpnaNynGQ,6rkPHSqZb7StM4HwS9EuVrmfkV7tRdc7dnsFhyB6cefE,17.315924,25.780707000000334,0.0,0.0,0.0,0.9440490452359981,6205.402745,20.04423,18.922736193990747
B2izdXFYb2sNwbWWHmh75T4aQFtfXsUxem9u2p61HGzf,4DYwgJtxwuJdAjkj5RJSNH4e7U329V5cNp7d3a1nLrZv,EXNW64GEf1ACC6xY9BtKRiunrs6GoJSXBdxWN2eTPmrF,7881.533039000005,7817.39780700001,7932.084211681049,1.0064138756293861,0.793208421168105,1.0,10941.200836,28785.031353,39796.407690398235
WiiQFxXqp8P9Fs1rt9SVcDyA3KUdJmUsog6wnVQAwba,3S2jpqSYxho6wiz3cafhjXruVY8cg4HYa2v3BqBHYFSj,Dfe67M6TfrG74gKRtdqys4e6E9QirPD53BkF4FujFjuv,4252.7119695739975,4234.856181486,4269.720555115239,1.0039994680248578,0.42697205551152395,1.0,4684.298248582,22145.464011771,26848.496961417102
BSCuChvaSj9b5HUSqgDVRzcnr2sSn7cXaamt1jbKH6hn,GnKpRj5kBVPMJfiwZtEuD9GYApLzPdW5JFuZTcyX4BTc,3dmwD9okkomV9nDwyuh4UMhKdUR13QpuKxRo89ycZB5t,20.029277451000098,19.99299434699992,20.08403323366216,1.0027337872170385,0.008033613293464864,0.9953497260797554,1200.607906013,1801.395546435,2996.908676264502
BUSD5rCfUDpCxKGMvYU2yThChxgHoioK74PTPociGnv2,CcFHbafgYDZ8yA8Me1PdtDiVb2eeaS61LbqyKKK5CsNZ,26R9s4nmF3CFDTkiePDwRmtscn8i7r2eygbSijditJ58,67.17150520999999,67.07970105,67.17281239292916,1.000019460378699,0.0067172812392929165,1.0,78.23014407,69.70309961,147.93476606822927
heyk4SZTeCUV6a65WiVA5bzic3KcxgVf1qxobfeV4tQ,9ZDpBKPqMABtGfq66FbVribaArMvtk63xxy91onZAtDt,DaTP4s6N7xxSPinbNZ3FB52EpRDRt87QShTuN3VPCW52,83.05563596800403,71.8407410560003,6541.219445344124,78.75708095070193,2.6164877781376497,147.05880190311737,620.770266627,4498.55126216,710441.6130535376
MARpDPs5A7XiyCWPNH8GsMWPLxmwNn9SBmKvPa9LzgA,6YjT74rmcfCpw8LSjPNx5JTmZoYLGrTKnf9arfSgZ4SR,F8GSmi3vA8M8TsybLya1LQ4n1aFHCRbZ6k437PeTdXtg,16309.077739000006,17158.59158299955,15386.51753416878,0.9434327176805894,6.154607013667512,1.0,297216.812941,14986.981724,295391.047297291
HEDSDjj84KS7LKhZY7ejkCACTdPen62rKhCby1wXtgxc,EnnjMSFttpCTywBrYNt1J5QQeoSVkvzPipJDa8Y7kJow,6bjVT6JN2rSvpyn9PdfLYC8wJn4LWh49jpY47fnLDXZk,15.934600078997391,16.286193384999933,7.186741096327482,0.45101483944990683,0.0028746964385309923,0.9990833051005712,38840.746450815,9047.634621039,26557.093725158862
FrnkTEL6yZ5Aycq2TrEgu29dCrwKG4LPUZydfiwqspkc,DjvZuMZ46fxKBoBpGMPcRcos4xdTtHFxwMh69DpA2ZFY,9rvDPJLAng4uVVqnnSoEXgNDFhBZQTny9AoQioYDZbQX,30.095720216000615,25.14349165500016,5313.5352544937305,176.5545139427748,2.125414101797492,147.22724716996103,172.859996444,1438.828754015,242354.00925493366
STK75uPSyBnEhGTTzb1nwmP3n427XoXmfRhXxxhyady,6TYyD5fUmDe6N65avW1Ny2RxzRNobw2RRgKwH9CTzSAU,54zDfk4cx2vGrEajPtodWpArNe5eUurytyxd4X3aZAxK,469.7508383760008,528.2235791250025,69140.45626820604,147.18538131243145,6.914045626820603,166.09736793805897,1512.575811745,265.230599015,266683.1520086746
ALLwa5WNZbvQsRKAqe1jdRGemdYQnW8E5k4msbRFcYtu,CGoM82Hbz7QVqTgvQatYtjvDWBvoUJp5qm21P8iMs9yb,3dxNNww8TivyN5FMy5dCNdi3Zcxv6e4kUfSPxfFwpdNq,2.7740571929999973,2.733176337999999,8169.564121215683,2944.98763105195,3.2678256484862738,2906.115047282492,0.909265959,7.758886172,25225.992857192843
Cob4usZcpHEY7Qt4ZCwj6WVg9S44zvzYV2v9qYF65dTf,NhFM9UXE48PyNAyeyPYA3iXztqKVJwA4bTdLj4ysM8w,6TuFuynuBoeskxyR2cz4wxyidk8dpDK7kAWw3UkjQGx,13.227913999999174,712.2017670000074,0.11226531586430638,0.008487000736798969,4.490612634572256e-05,1.0,71660.037369,181.89686,790.0756499497447
KZMu9QBEdL97EFgamLbN5DE1AoKBG4HdrKKJo4Vuon3,DD4ACBWyVqdaKWh7v5btsgqQCCMwbKnuL2xd9pv7Gyuw,GcYqiJ1MAuYbNTNYXm1F1gQYTfTgkErACAhNU5dpVj9T,18.490889349999975,19.269722439999896,17.597847678320246,0.9517036928415923,0.007039139071328099,1.0,2381.25870688,718.40645002,2984.659154968891
C98Sspw7XqnMsgxea3SLQVdbMDL8pKUc3RE82UvX9eq2,CSqgQJurPCzGxb4Cgwx5R61hWQUiaoUHcShNc8r1cKEL,6S2CR5EnukPhC914XkAns8m5GixjMAoUuZMsS5ubHuWc,55.691599999999994,55.65650299999993,0.0,0.0,0.0,1.0,854.222498,909.588128,909.588128
moFiBS1R4Lf3E3zzmBPnw3NF4RhWPkhREFviuzUaCAU,44ALBrpqi9PfZkBRTvbtRNtFJGsatfY4QydjtMbFWq8S,2ho8qEEie1UjVwWNBo9y4oAJZMyMLx8zPj9bxyUz6uWs,27.293923547993472,27.266211886999372,27.33099027429932,1.001358057819744,0.010932396109719729,1.0,27810.025541664,36611.653687085,64459.44685140315
GokA1R67GqSavkd15zR62QD68Tuc5AEfvjssntVDEbM8,3YB7hfpBdbQEuZqLGWVDpRPmeZWCUsrrWyqGXegnQ6Cg,4DPCj6Z1DsG6HUtwSogBGqXEUxdEV5a8YVrrFtcnz7UW,5498.173664000002,5497.746642999993,5498.877520322603,1.0001280163860975,0.5498877520322604,1.0,15164.846422,17256.988911,32423.776681834668
parEAJhzYzHW87y9VoZAQ22dzQ2MD2ekEtTReaxbMcz,3oyc6hpjYSJEquK6dSvG72NXyz3pqLZz5D8AC71pwgQb,Di2vordgFJVZ1aj1aBpvzXtLfZgJsuLLXawGtVFwX6Rz,5.417562161000006,6.402164784000206,463.41843462941074,85.54003089534835,0.1853673738517643,125.30067463136228,1103.408833406,139.844827684,111908.27695226134
AUSejoEUCh2DBs9mof6BNC8Pubs22w4cJa1ccV9h44R,4xkyD7AfGQDwsQMy9MosRRNGoVJ1zosNinesxg1TzHG7,Cbm5gsQe3nSiCsFrvepVzMCD9xLK3ri9g3ypS2hdmVJ7,600.1171169999998,598.138785000001,601.8015595652229,1.0028068563910386,0.0601801559565223,1.0,13449.482028,15429.550774,28916.78356658645
SAMyS8Jr2HJrkFwYVKbpUwsNStnQmvz3f8Tup8bWUWF,6jPzm5TFfquvgm25sTyN3MMGBfufRaFHMxobDWv6hMFW,Cj9ECoDmxsHTDzCY5ZA6RWrPbg9uFzEC1Qc2kso2vJG6,790.4593300499865,80.86122756999919,752.2830634496632,0.9517036928415923,0.30091322537986526,0.022916961101873155,514.79748134,107461.8809012,2952.6344086037548
