0,1,2,3,4,5,6,7,8,9,10,11
GokA1R67GqSavkd15zR62QD68Tuc5AEfvjssntVDEbM8,3YB7hfpBdbQEuZqLGWVDpRPmeZWCUsrrWyqGXegnQ6Cg,4DPCj6Z1DsG6HUtwSogBGqXEUxdEV5a8YVrrFtcnz7UW,7053.166487000006,7052.511570999994,7053.737839765027,1.0000810065615315,0.7053737839765027,1.0,15246.674391,17175.207668,32423.117139667207
ALLwa5WNZbvQsRKAqe1jdRGemdYQnW8E5k4msbRFcYtu,CGoM82Hbz7QVqTgvQatYtjvDWBvoUJp5qm21P8iMs9yb,3dxNNww8TivyN5FMy5dCNdi3Zcxv6e4kUfSPxfFwpdNq,1.8557632679999965,1.8432952109999996,5407.550754705975,2913.9227227693923,2.16302030188239,2876.083924128906,0.919381429,7.748635409,24964.732170616207
BSCrK1Nx9PXU9mF7STWWBqeHLxmtJDr9h7jheEy4tAWX,FfSySSbVJPvEo5a5AvrP3nySoXpRE2QPn1uUMpJJ1x7v,HL7Vcj6838ZmvBHDbQxXfjBNckNi83WvPiZQoMQLFeRM,0.012642623000000075,0.012630495999999991,36.89047203587926,2917.944483188263,0.014756188814351706,2914.092551579438,0.840246919,0.964044869,5261.10983395326
SoNcU2iwHMw6dGzsYNQkYFkUjwN1UdAjrWVRnStrZu2,8ivTTid27jZnYNc4w3CTA1Z6QS2twsFb8WMwUabeDJgc,CyXm53PMvHCbeXJBykU46Rcbo28xk5srhMZFg7gv6EYB,1.1622949449999957,1.152982462000006,201.28462944538612,173.17861555819366,0.08051385177815444,158.6477374532247,15.213438819,19.478417422,5724.849125723475
MATgk4zXLXtYkwBH678J1xZbRDZ45LicNzkRBHkxTuY,y8dALFo1bJrSzPYjMX14HJX448pXqYmrfXHD1K8MXih,GN7Yuet3UyiWS5YVkEHv6oQKi4HGBJc3XDPt9zQhAqZz,6176.924619999998,6156.919054000002,6205.2952297906,1.0045929991923073,2.4821180919162407,1.0,2323.770698,5747.824229,8082.268003939022
B2izdXFYb2sNwbWWHmh75T4aQFtfXsUxem9u2p61HGzf,4DYwgJtxwuJdAjkj5RJSNH4e7U329V5cNp7d3a1nLrZv,EXNW64GEf1ACC6xY9BtKRiunrs6GoJSXBdxWN2eTPmrF,11407.568085999992,11306.545357000023,11496.134304683274,1.007763812410813,1.1496134304683274,1.0,11445.60861,28276.415867,39810.88603517562
DFWzVTzNBrQZLjoQ4yQwkj9HuoXmfkuZP9V5vbymZe23,DhgiEgiNdqZdRdo195UUHnoEJUtefK8buko8nU97XJUZ,2K2kkXsouBHtWVjtcgkyiXd8eP3oVBvq1bTJzcVdLLr2,7198.2533492229995,7237.788612549997,7187.624943530378,0.9985234743517649,2.875049977412151,0.9998983463345182,35500.968973894,32435.29007537,67880.54379190972
KwnjUuZhTMTSGAaavkLEmSyfobY16JNH4poL9oeeEvE,J63v6qEZmQpDqCD8bd4PXu2Pq5ZbyXrFcSa3Xt1HdAPQ,BnKQtTdLw9qPCDgZkWX3sURkBAoKCUYL1yahh6Mw7mRK,178.772163999981,6054.504101000017,4.0429920194104,0.02261533299675687,0.00040429920194104006,1.0,276310.203193,601.667415,6850.514670611248
Cob4usZcpHEY7Qt4ZCwj6WVg9S44zvzYV2v9qYF65dTf,NhFM9UXE48PyNAyeyPYA3iXztqKVJwA4bTdLj4ysM8w,6TuFuynuBoeskxyR2cz4wxyidk8dpDK7kAWw3UkjQGx,124.4134790000044,837.9743350000062,1.0514834532564055,0.008451523594612834,0.0004205933813025622,1.0,71884.408283,179.993165,787.5259376885566
Lid8SLUxQ9RmF7XMqUA8c24RitTwzja8VSKngJxRcUa,4PgzyzLtds9bKZ2to9PMnKqJzKEUpjvNUaeN23phegax,AtymwxoVN9peZo7EXTcDz9jKVc4vRmisJKKrNfe3ewBa,66.21181412300211,55.957998530999475,11424.983797018424,172.5520429903062,1.1424983797018424,145.8013724574792,966.516519051,7676.789104108,1286060.7873916978
KysFMBBoavfov2tLpvefWW6tPFt6rAeZWDJVy1mMQae,B8ka2V21TH3x64dFV8ETcjuQcwmrciJ2qzy1mJUttRew,7fSf7EYxBANyxzk2s5pymFgshA91tFYQNKKs5UnLWcYS,13.170456999999715,16.837356000003638,0.0,0.0,0.0,0.022623057555999422,134170.432508,2866.348515,64.84556743039848
Sid7E679i9ABqptiAVhkmQ27YHN8vaYT4fppPwmxFsJ,GP7KB8o1bv527HG8kTzzzf4wJ5aEGHvcMQvVhLziUfmT,9gYxhAZ1M9wu5pxr8SBoa5NDm21gi3s9vMHaYTME77sa,352.90852200000154,954.2568660000106,2.9826147004229555,0.008451523594612834,0.0011930458801691821,0.022350211453115536,132914.73207,9764.33693,1341.566989246213
MATSnbbiTCv7Dc3trJrkrqjx7ckKdr6fwPoVwv9q3sD,631WX9JizSHJm4w6VanZeJAst9T8DeUUnPLesdGkCVtK,211maUSfpnXbPuW1iBu8b4dtJv5EbN1j7JJiEX5TZKEP,4191.633522,4187.676320000002,4188.458670327892,0.9992425741288103,1.6753834681311566,0.9988792574731151,18449.214546,27112.561568,45517.41600083769
FrnkTEL6yZ5Aycq2TrEgu29dCrwKG4LPUZydfiwqspkc,DjvZuMZ46fxKBoBpGMPcRcos4xdTtHFxwMh69DpA2ZFY,9rvDPJLAng4uVVqnnSoEXgNDFhBZQTny9AoQioYDZbQX,50.52685377000003,42.17492342799994,8854.145422754385,175.2364289899933,3.541658169101755,145.63806000200688,172.360629088,1439.434721431,239840.34146858993
vEnkoSUkpnbRrPgBz9DfcVxNz67zjwMYBZraAvDDNSf,DtfyjjsZ5yCjWKLKHvwsfXs5QVsmm1QkK6Sh9JZHoq1g,e5wrKCRv4GhHvEf1VD5Pq2KGaZDXP77nTL612Jyrxwy,1571.2209450000005,1570.9093480000006,1564.2615453845845,0.9955707059293205,0.15642615453845846,0.9981464420571,745.574038,1202.62377,1942.66630849303
KEN5P7p3asnb23Sw6yAmJRGvijfAzso3RqfyLAQhznt,9zj4aX38Uxf3h6AUjS4EipWS8mwbEofasHAf3a1uKGds,CwQDG1MWunn9cLNwcZLd8YBacweSR7ARo32w4mLua1Yr,115206.37891399954,115213.28724400024,115186.33649145004,0.999826030270733,11.518633649145004,1.0,1156882.653159,1126538.779461,2283220.170058036
MARpDPs5A7XiyCWPNH8GsMWPLxmwNn9SBmKvPa9LzgA,6YjT74rmcfCpw8LSjPNx5JTmZoYLGrTKnf9arfSgZ4SR,F8GSmi3vA8M8TsybLya1LQ4n1aFHCRbZ6k437PeTdXtg,18176.62985099997,19122.828329000098,17264.60958505961,0.9498245674024007,6.905843834023844,1.0,297168.992768,15035.482204,297293.89220527274
moFiBS1R4Lf3E3zzmBPnw3NF4RhWPkhREFviuzUaCAU,44ALBrpqi9PfZkBRTvbtRNtFJGsatfY4QydjtMbFWq8S,2ho8qEEie1UjVwWNBo9y4oAJZMyMLx8zPj9bxyUz6uWs,27.293923547993472,27.266211886999372,27.33118976188976,1.001365366684301,0.010932475904755904,0.9998983463345182,27810.025541664,36611.653687085,64455.92840231651
HEDSDjj84KS7LKhZY7ejkCACTdPen62rKhCby1wXtgxc,EnnjMSFttpCTywBrYNt1J5QQeoSVkvzPipJDa8Y7kJow,6bjVT6JN2rSvpyn9PdfLYC8wJn4LWh49jpY47fnLDXZk,30.393752569001663,31.287430955000673,29.441362614971908,0.9686649434989121,0.011776545045988764,0.9998983463345182,38863.969837391,9025.158449616,46670.40615585782
BUSDTd9WiT6uBHJRgNvFXBsA7JrifsAtWzKfioN7ERcy,DyBxrn7gSc1EwnpWhDyhzvMHPtxpmBqRqotapLcKcfTM,Cds99GeBgoCpqBsoRWu1C6fF9LiUMd4pXQQD24s9LPff,226.81191416999997,227.12288013,226.6395796999919,0.9992401877536341,0.02266395796999919,0.9977234246214016,75.64227748,98.26976556,173.63085058249317
C2ypsDADXcCRz8HbV2zX1AXPSja7a1P3xZtRC91xGhJh,J9bYNuDpY1d1T86gLaw7DGk5D3CsUAf2tzUwxMvb6FTv,A2NGvvPrMGzsJ4jb52KEnSBVmsA7C34dV1GC7PerdgvG,83.90041629500001,84.46769329200015,12239.111117448643,145.87664350096944,4.895644446979458,146.8749706250059,3475.036162773,1914.346041337,788096.1300572818
BSCNHw8CmxbZ8hCWWzMf5FaG2ajPT6JxfznKUNuRVrn4,7n9kgNL633yGzCYksgnzHyjG73ZLBAwvEae5sbAekbzW,SscdxE99omdG9AiMVwmaEMQySQnCgeAh1sPj2Leutm2,31.793422723999356,31.903025999999954,31.89294475378237,1.003130271020109,0.012757177901512949,0.9998983463345182,4606.250997025,7095.919094572,11715.867579418411
wrmcMSHFi3sWpAEy4rGDvQb3ezh3PhXoV2xNjgLBkKU,8p4mGnARWPBu6P2Gcw4adodLkNDorrXniZMhaY7eJXUn,AyY89zccbsgp9LKFgH4CFZMJmpSgqmPSdTfukhP227rc,0.004801239999999082,0.03403648000000416,1.4642390972854782,304.97102775236357,0.0005856956389141913,2913.8378157871734,27.06523168,0.09757206,8538.420679997684
SoN9GaFpSXfpyR5dth3x7PHPVhvJMpQqqDJfCSmPv1t,9kZ9iS68ViMPtoeqtnhAKuF2iqVyfHPdZHoUNdwCELr,BBhm5fJLjw3HRzjtKB8uMEYjGhY6EDm9co3cqpjrSzB9,0.3684836560000001,0.3619202890000004,64.540431776249,175.1514096360599,0.025816172710499602,171.54933235573085,0.847764269,1.373678734,384.1407764433995
Lee1XZJfJ9Hm2K1qTyeCz1LXNc1YBZaKZszvNY4KCDw,9DgFSWkPDGijNKcLGbr3p5xoJbHsPgXUTr6QvGBJ5vGN,2hNHZg7XBhuhHVZ3JDEi4buq2fPQwuWBdQ9xkH7t1GQX,3146.4452601210214,2651.0822024610297,545752.657456851,173.45054890160705,54.575265745685094,145.77814112169574,6700.089503507,53885.65568838,9017484.921448952
JSoLLrxK5bYdHwTEWYaGgmeycBCNXKDiBCTw5hXGBg7,xG4wXczA7Dk4hccJ61CHKpDHW4NrNfQwgmWgkb9BuF2,BVR6WgfhsRr9Lob4QDnkEAiNGgAbv7ZieKcY9kSg3QYR,0.6677744380000412,0.5713192330000147,114.14740826919055,170.937073618837,0.04565896330767622,145.82329279202756,17.100194833,164.631704657,26930.194534113296
AUSejoEUCh2DBs9mof6BNC8Pubs22w4cJa1ccV9h44R,4xkyD7AfGQDwsQMy9MosRRNGoVJ1zosNinesxg1TzHG7,Cbm5gsQe3nSiCsFrvepVzMCD9xLK3ri9g3ypS2hdmVJ7,169.24084199999925,168.7695309999981,169.74549535769768,1.0029818650848974,0.016974549535769767,1.0,13391.374968,15487.828263,28919.134504455847
KEVpg4SYCVrqFxKijQH6hm4QxsRdoE51ud64bEEFUC9,2bPenuBYfqzD8p5dFjCcggwkHDsc2RQDnx9AoyYGUBjA,AE6n6iLuX8oYu61vt5hoDYkjswpnxFxrhSehxrnQTnbx,74.3867276660003,74.22481265700003,74.57621441667226,1.0025473193487253,0.029830485766668906,0.9998983463345182,1631.075555512,5894.697930378,7529.329138560257
SAMyS8Jr2HJrkFwYVKbpUwsNStnQmvz3f8Tup8bWUWF,6jPzm5TFfquvgm25sTyN3MMGBfufRaFHMxobDWv6hMFW,Cj9ECoDmxsHTDzCY5ZA6RWrPbg9uFzEC1Qc2kso2vJG6,831.8838454199868,19.950473499999987,787.0113542050011,0.9460591866736741,0.31480454168200045,0.022623057555999422,511.19804651,107611.2793822,2918.119775248666
AURHmCnNwiW4uA2Qj1XvEh4iKgRUZYXtiY7FKAapUV5Y,BKWm4TRnTeKwfWXRyuzjRHU7iZDkPuXBX5b5V5jSVfGJ,A5Ww74HVrkj9nPeC7pHKLfgeDMEhBCpW1efQdz3TGLEg,0.009983833000205777,0.008923504999984289,1.632504286164896,163.5147829627407,0.0006530017144659585,146.14227505817558,289.933794009,1795.281512004,309774.9859350915
ionytDfEj1mXodptgrsKEZro7DGsfpzANUfarJdm6Qb,3gkSjY95an9xNFSjCfsay6JZez7uv7yfW3Ad4ubc4fMK,9wXqANaSuEqkKL9yHzCPEDGHwbkStVAqV5rB3QDs3Jr6,0.004832802000000025,0.019115724000000167,3.509433304601246,726.1694777897435,0.0014037733218404983,2915.451895043732,3.169047114,0.079870823,2534.1248301385262
BUSD5rCfUDpCxKGMvYU2yThChxgHoioK74PTPociGnv2,CcFHbafgYDZ8yA8Me1PdtDiVb2eeaS61LbqyKKK5CsNZ,26R9s4nmF3CFDTkiePDwRmtscn8i7r2eygbSijditJ58,7.782558989999998,7.783858850000001,7.777266560105845,0.9993199627653381,0.0007777266560105846,1.0,83.43052286,64.50975251,147.8835395079479
SRMuKizofcAMicegrfSv7xs9q76tH1w8aAF7oX9FEWu,72Hj2KWntXPfbie4UgKeTPnm1XVkomDfCnRPKbvfTtPi,6aqJQ5wedqpUt4fFEDUqUmXhrdxCu4bEJsQdVPCADLko,172.37514799999917,171.70607000000018,8.010409271034058,0.046470789809178854,0.0032041637084136237,0.046591492225790204,16773.017773,5117.707529,1017.8970139459757
YAkoNb6HKmSxQN9L8hiBE5tPJRsniSSMzND1boHmZxe,CfWX7o2TswwbxusJ4hCaPobu2jLCb1hfXuXJQjVq3jQF,EnTrdMMpdhugeH6Ban6gYZWXughWxKtVGfCwFn78ZmY3,5503899.841206025,5502222.852328001,5503899.841206025,1.0,550.3899841206025,0.996245152022029,327488.452008,1119154.326973,1442440.5246193279
daob129AwBGn9Y5r91uLoWZeYiGzbPmksauMhFZKTze,6VW5GQNyj4LStgmxEHLr5zUfW92vQnmbw8jTnCH7a38F,4VPCCUifPeBA1c7HWK358CHn2nyjm8pdTRk6Ps3KmnMQ,12.963728973999963,11.587776318999992,2125.5446943481797,163.9609018833369,0.8502178777392719,146.04697571764564,47.519509412,224.981410139,40649.19616373744
heyk4SZTeCUV6a65WiVA5bzic3KcxgVf1qxobfeV4tQ,9ZDpBKPqMABtGfq66FbVribaArMvtk63xxy91onZAtDt,DaTP4s6N7xxSPinbNZ3FB52EpRDRt87QShTuN3VPCW52,93.56106397499968,81.26083400999971,15790.832910550182,168.7756876596618,6.316333164220072,145.95090590997543,616.709504637,4503.259991132,761340.4459852225
parEAJhzYzHW87y9VoZAQ22dzQ2MD2ekEtTReaxbMcz,3oyc6hpjYSJEquK6dSvG72NXyz3pqLZz5D8AC71pwgQb,Di2vordgFJVZ1aj1aBpvzXtLfZgJsuLLXawGtVFwX6Rz,5.342209701999963,6.30388843999981,762.5781125833386,142.74582150862634,0.3050312450333354,168.73379628262572,1104.428937339,138.982511726,181103.66277877727
RajgMbScQbqqrdJfR2rxfHJiTiY5b6bJ2tTXiF4aPxy,725ZA3fhyBAKb5iopNRrcbSuQa3LXA1656Q3mBvYPxeg,GLA6i1dSZpUfk2f9Nj8uiG7xyDdAR2reff8oEiZH3617,54661.24423742997,54675.03537147002,54660.56972599955,0.9999876601522737,21.864227890399825,1.0,87869.02715525,96056.03725462,183923.98011945502
WiiQFxXqp8P9Fs1rt9SVcDyA3KUdJmUsog6wnVQAwba,3S2jpqSYxho6wiz3cafhjXruVY8cg4HYa2v3BqBHYFSj,Dfe67M6TfrG74gKRtdqys4e6E9QirPD53BkF4FujFjuv,1422.2583506759956,1418.6892827770002,1429.2769739061057,1.0049348440997194,0.14292769739061056,0.9998983463345182,4114.653563617,22717.758018508,26850.407412611698
KZMu9QBEdL97EFgamLbN5DE1AoKBG4HdrKKJo4Vuon3,DD4ACBWyVqdaKWh7v5btsgqQCCMwbKnuL2xd9pv7Gyuw,GcYqiJ1MAuYbNTNYXm1F1gQYTfTgkErACAhNU5dpVj9T,34.0354242599999,35.34255782000014,32.19952579350894,0.9460591866736741,0.012879810317403578,1.0,2400.31044523,700.13469005,2970.970437628618
BUSDgu5JdqP1rndBvXvanbEufS94FNh1w5FJcAj6vawb,Bgzr8cWubt89JQFXndVjtdKmDbGzuPxNhvjH1EhWCwbo,Dxaf8xPBBQsasRKW5Aa4Sw2YrbfGofY9xZueyyF23FBW,4343.260921639998,4354.694536229999,4332.707658940962,0.9975701983165564,1.733083063576385,1.0,8721.29884368,6370.34941997,15070.457237037812
BSC8REUo9LpiiWUuqMuLXs2D2yJsJfGd4HdiF3wCLxk5,AZjEH1zWVx1UJ6udMyRijGTzPteuLnaY18yNNmprJEsh,Caf8ypkSVR8xYnXNhjvfvdGCC7mrM3C11rz8Xi6NA6aK,198.80392046900033,198.29585644200006,199.20361694870667,1.0020105060240432,0.07968144677948266,0.9998983463345182,2552.461564891,3658.040291182,6215.261742221273
SQDY9uoDoCbNq7F3HAHYYQZbrUzpKxDtdWLvYcqBLak,GiehZ4X2uQjhEKuxSm3ACmEFrabxh3RTvjbLfLjw1xGX,rxDQYV77NKRKYxCjq4cECX3QQsiSyLv1T1FT2X3zNA2,0.0011760200000026089,0.0011760200000026089,0.001184966725105802,1.0076076300600103,4.7398669004232087e-07,0.9998983463345182,110.651474155,296.249308764,407.7124635718337
RoBgmK8CvjdHvPrqdDyVw54VwjZv2TqJ493xnqJAQHx,ExiHJxM7qPAcy27NDHAF6G7vnW7muNHi2sVJpnaNynGQ,6rkPHSqZb7StM4HwS9EuVrmfkV7tRdc7dnsFhyB6cefE,16.837356,0.3142959999999988,0.0,0.0,0.0,0.9437781894747969,6205.402745,20.04423,18.917307098816405
BSCuChvaSj9b5HUSqgDVRzcnr2sSn7cXaamt1jbKH6hn,GnKpRj5kBVPMJfiwZtEuD9GYApLzPdW5JFuZTcyX4BTc,3dmwD9okkomV9nDwyuh4UMhKdUR13QpuKxRo89ycZB5t,111.65032545100007,111.35754427599977,111.95255278640735,1.002706909578512,0.04478102111456294,0.9993024868641687,1200.607906013,1801.395546435,3003.9968924323575
C98Sspw7XqnMsgxea3SLQVdbMDL8pKUc3RE82UvX9eq2,CSqgQJurPCzGxb4Cgwx5R61hWQUiaoUHcShNc8r1cKEL,6S2CR5EnukPhC914XkAns8m5GixjMAoUuZMsS5ubHuWc,24.868019000000118,24.851649999999836,0.0,0.0,0.0,1.0,854.045291,909.769115,909.769115
iLiUBQ7Z7im6Ew3b4ewwPcehzWgEQRJ1iQz7g6D62NW,GpugBvKWM3TVhYcZjemSdtehBWgfvuGr6uAm9iPjXT6v,92fMXJ3xy8tEyMUWLHKRLyhPw2nECBo77GtDiBBbYrjX,29.380715665000025,30.0,28.76492075751569,0.9790408472514539,0.011505968303006276,0.9998983463345182,1849.781564545,1113.583762851,2924.4822731619424
STK75uPSyBnEhGTTzb1nwmP3n427XoXmfRhXxxhyady,6TYyD5fUmDe6N65avW1Ny2RxzRNobw2RRgKwH9CTzSAU,54zDfk4cx2vGrEajPtodWpArNe5eUurytyxd4X3aZAxK,653.8481320549992,734.922883427995,94964.44208793674,145.2392955371305,9.496444208793676,164.4187067054717,1513.255384232,264.634589039,263295.0228529518
