0,1,2,3,4,5,6,7,8,9,10,11
KEN5P7p3asnb23Sw6yAmJRGvijfAzso3RqfyLAQhznt,9zj4aX38Uxf3h6AUjS4EipWS8mwbEofasHAf3a1uKGds,CwQDG1MWunn9cLNwcZLd8YBacweSR7ARo32w4mLua1Yr,31426.00656700111,31426.96334899962,31421.513290600553,0.9998570204460762,3.1421513290600553,1.0,1154147.629998,1148465.124531,2302447.7350157006
JSoLLrxK5bYdHwTEWYaGgmeycBCNXKDiBCTw5hXGBg7,xG4wXczA7Dk4hccJ61CHKpDHW4NrNfQwgmWgkb9BuF2,BVR6WgfhsRr9Lob4QDnkEAiNGgAbv7ZieKcY9kSg3QYR,2.543154386999891,2.164503007000011,432.3648337527892,170.01124114326439,0.17294593350111567,144.72793752847522,17.026393033,164.718017242,26733.977120947842
ALLwa5WNZbvQsRKAqe1jdRGemdYQnW8E5k4msbRFcYtu,CGoM82Hbz7QVqTgvQatYtjvDWBvoUJp5qm21P8iMs9yb,3dxNNww8TivyN5FMy5dCNdi3Zcxv6e4kUfSPxfFwpdNq,2.8290994900000017,2.809941444999999,8238.25599138057,2911.971113246557,3.295302396552229,2865.912549544463,0.812473805,7.855511588,24879.10949357067
SoN9GaFpSXfpyR5dth3x7PHPVhvJMpQqqDJfCSmPv1t,9kZ9iS68ViMPtoeqtnhAKuF2iqVyfHPdZHoUNdwCELr,BBhm5fJLjw3HRzjtKB8uMEYjGhY6EDm9co3cqpjrSzB9,1.0846149140000003,1.0793142169999999,188.38980242617583,173.69280100658452,0.07535592097047034,170.16523554867481,0.847318588,1.373925151,380.96743584082776
C2ypsDADXcCRz8HbV2zX1AXPSja7a1P3xZtRC91xGhJh,J9bYNuDpY1d1T86gLaw7DGk5D3CsUAf2tzUwxMvb6FTv,A2NGvvPrMGzsJ4jb52KEnSBVmsA7C34dV1GC7PerdgvG,35.57618243800016,35.81331068199961,5148.807895280732,144.7262618538045,2.0595231581122926,145.43146680286807,2938.641619971,1660.786343251,666829.2105315756
SoNcU2iwHMw6dGzsYNQkYFkUjwN1UdAjrWVRnStrZu2,8ivTTid27jZnYNc4w3CTA1Z6QS2twsFb8WMwUabeDJgc,CyXm53PMvHCbeXJBykU46Rcbo28xk5srhMZFg7gv6EYB,2.6044971120000024,2.581618216000008,447.7447379405339,171.91216526122741,0.17909789517621358,170.37208923544844,15.245815244,19.44495214,5933.8182309437725
SEQV6QiTpvTzrceiaYg9Avnwf7oc8ZALpnQMz6TyT4A,3dFMPj4r9mMmPHF32mz1gNDX7f8ftidWof7S8YiYTs1j,Fc1ED3YPeQfXQosHbd8DTaBd2AV5gHQtwiSAL5C5pUhi,789.7011385960004,789.9891617599997,788.8530064415369,0.998926008697453,0.3155412025766148,0.9991926523369119,3206.787240457,2340.169119223,5541.622968004995
Lid8SLUxQ9RmF7XMqUA8c24RitTwzja8VSKngJxRcUa,4PgzyzLtds9bKZ2to9PMnKqJzKEUpjvNUaeN23phegax,AtymwxoVN9peZo7EXTcDz9jKVc4vRmisJKKrNfe3ewBa,32.744543776001365,27.684402033000197,5608.823880476578,171.29033523402796,0.5608823880476578,144.37185106946336,966.642117705,7676.629892865,1273865.7200011166
HEDSDjj84KS7LKhZY7ejkCACTdPen62rKhCby1wXtgxc,EnnjMSFttpCTywBrYNt1J5QQeoSVkvzPipJDa8Y7kJow,6bjVT6JN2rSvpyn9PdfLYC8wJn4LWh49jpY47fnLDXZk,14.51536205499906,14.985414157010382,14.063122169243863,0.9688440505967645,0.005625248867697546,0.999996377013126,38851.912726328,9036.812146485,46678.22390544081
FrnkTEL6yZ5Aycq2TrEgu29dCrwKG4LPUZydfiwqspkc,DjvZuMZ46fxKBoBpGMPcRcos4xdTtHFxwMh69DpA2ZFY,9rvDPJLAng4uVVqnnSoEXgNDFhBZQTny9AoQioYDZbQX,16.44463399400101,13.716676137999713,2858.4454810440625,173.822383768883,1.143378192417625,144.77181211745858,172.46868641,1439.272383925,238344.98934871095
MiMUFdSLMyCLpqpH6zkqdDrGYs7XBomwENbivdYjv9V,,,0.008960880000000004,0.013226000000000071,0.0,0.0,0.0,144.77181211745858,172.46868641,1439.272383925,208366.0711514368
KEVpg4SYCVrqFxKijQH6hm4QxsRdoE51ud64bEEFUC9,2bPenuBYfqzD8p5dFjCcggwkHDsc2RQDnx9AoyYGUBjA,AE6n6iLuX8oYu61vt5hoDYkjswpnxFxrhSehxrnQTnbx,218.30191579700067,218.74926754299963,218.84360032148322,1.0024813548818612,0.08753744012859328,0.999996377013126,1751.024845852,5774.284789348,7529.633629091517
KwnjUuZhTMTSGAaavkLEmSyfobY16JNH4poL9oeeEvE,J63v6qEZmQpDqCD8bd4PXu2Pq5ZbyXrFcSa3Xt1HdAPQ,BnKQtTdLw9qPCDgZkWX3sURkBAoKCUYL1yahh6Mw7mRK,306.6599159999746,12250.712934000154,7.111362704293743,0.023189736686337357,0.0007111362704293743,1.0,275900.394784,611.03269,7009.090196697485
BUSDTd9WiT6uBHJRgNvFXBsA7JrifsAtWzKfioN7ERcy,DyBxrn7gSc1EwnpWhDyhzvMHPtxpmBqRqotapLcKcfTM,Cds99GeBgoCpqBsoRWu1C6fF9LiUMd4pXQQD24s9LPff,462.53681765999994,464.26298145,460.69990578166914,0.9960286147865508,0.04606999057816692,0.9991077967375134,106.7402955,67.1405459,173.39703155467498
Lee1XZJfJ9Hm2K1qTyeCz1LXNc1YBZaKZszvNY4KCDw,9DgFSWkPDGijNKcLGbr3p5xoJbHsPgXUTr6QvGBJ5vGN,2hNHZg7XBhuhHVZ3JDEi4buq2fPQwuWBdQ9xkH7t1GQX,1019.7277309279016,858.9470922469936,175300.136534739,171.9087666422728,17.5300136534739,144.7468963008628,6695.556047476,53882.491345781,8950348.169365712
CZgvH45CRmoaNJ7395Ao5CQZXkGznvqU7cErD6n7FaRg,4ZjU6MKvtqVQKCiowhvZ5yUsPxXX5SCzd5eFsPeXyey5,BsyWeshjDbCvjDojry3vKDCesmFRM37WtwcR4Kfgzqr,46.50035693999993,45.446550249999916,47.5014786279565,1.0215293334037916,0.019000591451182602,1.0,246.30186366,558.11661098,809.7211895807113
BUSDgu5JdqP1rndBvXvanbEufS94FNh1w5FJcAj6vawb,Bgzr8cWubt89JQFXndVjtdKmDbGzuPxNhvjH1EhWCwbo,Dxaf8xPBBQsasRKW5Aa4Sw2YrbfGofY9xZueyyF23FBW,6479.45843048,6497.774176529998,6462.061140237032,0.9973150085875805,2.5848244560948133,1.0,8893.22782675,6193.76383704,15063.113423446486
MATgk4zXLXtYkwBH678J1xZbRDZ45LicNzkRBHkxTuY,y8dALFo1bJrSzPYjMX14HJX448pXqYmrfXHD1K8MXih,GN7Yuet3UyiWS5YVkEHv6oQKi4HGBJc3XDPt9zQhAqZz,2134.9602270000005,2137.7677380000005,2136.199222549079,1.0005803365952253,0.8544796890196317,1.0,3923.848905,4141.72052,8067.846578113706
MATSnbbiTCv7Dc3trJrkrqjx7ckKdr6fwPoVwv9q3sD,631WX9JizSHJm4w6VanZeJAst9T8DeUUnPLesdGkCVtK,211maUSfpnXbPuW1iBu8b4dtJv5EbN1j7JJiEX5TZKEP,2414.4789100000016,2412.794587000004,2415.969563220509,1.0006173809240302,0.9663878252882036,0.9994433100762876,20192.986375,25364.4263,45555.75931904517
BSCuChvaSj9b5HUSqgDVRzcnr2sSn7cXaamt1jbKH6hn,GnKpRj5kBVPMJfiwZtEuD9GYApLzPdW5JFuZTcyX4BTc,3dmwD9okkomV9nDwyuh4UMhKdUR13QpuKxRo89ycZB5t,115.37547119199985,115.16600370100014,115.56546289317455,1.0016467252459453,0.046226185157269825,0.9993943670135896,1320.32107964,1681.365715435,3002.84271059011
parEAJhzYzHW87y9VoZAQ22dzQ2MD2ekEtTReaxbMcz,3oyc6hpjYSJEquK6dSvG72NXyz3pqLZz5D8AC71pwgQb,Di2vordgFJVZ1aj1aBpvzXtLfZgJsuLLXawGtVFwX6Rz,2.4841791659999615,2.9358407650001936,352.13827291185464,141.7523654217218,0.14085530916474187,167.580061793472,1103.680696168,139.611852424,179845.51220842166
wrmcMSHFi3sWpAEy4rGDvQb3ezh3PhXoV2xNjgLBkKU,8p4mGnARWPBu6P2Gcw4adodLkNDorrXniZMhaY7eJXUn,AyY89zccbsgp9LKFgH4CFZMJmpSgqmPSdTfukhP227rc,0.0049009899999999385,0.03254359000000309,1.5358790347853144,313.38138514572233,0.0006143516139141259,2910.360884749709,27.05093072,0.09908869,8765.64198601166
RajgMbScQbqqrdJfR2rxfHJiTiY5b6bJ2tTXiF4aPxy,725ZA3fhyBAKb5iopNRrcbSuQa3LXA1656Q3mBvYPxeg,GLA6i1dSZpUfk2f9Nj8uiG7xyDdAR2reff8oEiZH3617,4855.953809089995,4863.631087119997,4846.6294272012965,0.9980798042454102,1.9386517708805184,1.0,132941.38345693,50990.91513968,183677.0251164867
BSC8REUo9LpiiWUuqMuLXs2D2yJsJfGd4HdiF3wCLxk5,AZjEH1zWVx1UJ6udMyRijGTzPteuLnaY18yNNmprJEsh,Caf8ypkSVR8xYnXNhjvfvdGCC7mrM3C11rz8Xi6NA6aK,56.557151037000494,56.45613852899987,56.649795148940555,1.0016380618585163,0.022659918059576224,0.999996377013126,2646.59832218,3563.589049373,6214.509752483027
B2izdXFYb2sNwbWWHmh75T4aQFtfXsUxem9u2p61HGzf,4DYwgJtxwuJdAjkj5RJSNH4e7U329V5cNp7d3a1nLrZv,EXNW64GEf1ACC6xY9BtKRiunrs6GoJSXBdxWN2eTPmrF,2136.9784649999856,2118.8074149999957,2151.1480773857256,1.0066306762645547,0.21511480773857256,1.0,11317.191746,28404.326217,39796.55859769162
MiMy69CnJDY4V6cQWkU3HHfTyb8pqXJmhX4MisFYDnM,,,0.003065426999999999,0.004398999999999986,0.0,0.0,0.0,1.0,11317.191746,28404.326217,28404.326217
MARpDPs5A7XiyCWPNH8GsMWPLxmwNn9SBmKvPa9LzgA,6YjT74rmcfCpw8LSjPNx5JTmZoYLGrTKnf9arfSgZ4SR,F8GSmi3vA8M8TsybLya1LQ4n1aFHCRbZ6k437PeTdXtg,12543.537386000013,13208.997192000039,11901.589454028617,0.9488224164988832,4.760635781611447,1.0,296929.544974,15249.054111,296982.4625031445
MiMuMS9C4vBqcrYeeQPph1E7oAW9aNKvW9k6Zw9XffM,Afy2q2hh6Y474pshJa5fnQ6PfEchGyTbKrQpCZw2hr3m,5pXz9ksgjeL8Wgb37bksUaBFMLdFfsNNY3FQnikkCPtS,0.7926694390007469,0.012026306999999292,0.0,0.0,0.0,0.023168421052875456,26.019090237,7672.886734602,177.76867055828177
AURHmCnNwiW4uA2Qj1XvEh4iKgRUZYXtiY7FKAapUV5Y,BKWm4TRnTeKwfWXRyuzjRHU7iZDkPuXBX5b5V5jSVfGJ,A5Ww74HVrkj9nPeC7pHKLfgeDMEhBCpW1efQdz3TGLEg,0.0006986099999721773,0.0006242469999619971,0.11291155721527452,161.6231620214015,4.516462288610981e-05,144.6352891013549,289.9322924,1795.283025419,306521.05327003374
YAkoNb6HKmSxQN9L8hiBE5tPJRsniSSMzND1boHmZxe,CfWX7o2TswwbxusJ4hCaPobu2jLCb1hfXuXJQjVq3jQF,EnTrdMMpdhugeH6Ban6gYZWXughWxKtVGfCwFn78ZmY3,2395405.3982350063,2394399.992681998,2395405.3982350063,1.0,239.54053982350064,0.9983786330998458,350845.81656,1097617.309634,1446683.485819123
ercAoEmXjQzEvAFbdjAo81KtMxRGn9AW1ju882upmPH,CMRhskR2Eg6V42RTSdRTXGdozyPbWB8U9dVpijPWb9T4,7TKLLgrWswt6ZJ1pXhVR3FyufHGjJFqiEXxvWJfDcgRm,30.357583753000036,30.683018552999968,4388.8614888821885,144.57216109791568,1.7555445955528757,130.98738421206437,51.808086678,379.198729825,57160.25676970066
Cob4usZcpHEY7Qt4ZCwj6WVg9S44zvzYV2v9qYF65dTf,NhFM9UXE48PyNAyeyPYA3iXztqKVJwA4bTdLj4ysM8w,6TuFuynuBoeskxyR2cz4wxyidk8dpDK7kAWw3UkjQGx,177.74153300000586,7800.671228999985,1.5199756679427392,0.008551606607008893,0.0006079902671770958,1.0,71611.738675,182.306725,794.7021425925243
WiiQFxXqp8P9Fs1rt9SVcDyA3KUdJmUsog6wnVQAwba,3S2jpqSYxho6wiz3cafhjXruVY8cg4HYa2v3BqBHYFSj,Dfe67M6TfrG74gKRtdqys4e6E9QirPD53BkF4FujFjuv,7521.258021769001,7507.217912764,7549.4591472047305,1.003749522400921,0.7549459147204731,0.999996377013126,4836.988255653,21991.760416915,26846.80539252624
AUSejoEUCh2DBs9mof6BNC8Pubs22w4cJa1ccV9h44R,4xkyD7AfGQDwsQMy9MosRRNGoVJ1zosNinesxg1TzHG7,Cbm5gsQe3nSiCsFrvepVzMCD9xLK3ri9g3ypS2hdmVJ7,372.7067530000022,371.76007599999866,373.8308624032488,1.0030160693204466,0.03738308624032488,1.0,13378.937407,15500.149114,28919.438323653427
SAMyS8Jr2HJrkFwYVKbpUwsNStnQmvz3f8Tup8bWUWF,6jPzm5TFfquvgm25sTyN3MMGBfufRaFHMxobDWv6hMFW,Cj9ECoDmxsHTDzCY5ZA6RWrPbg9uFzEC1Qc2kso2vJG6,1526.2263675099966,36.07166932999996,1466.3478478541726,0.9607669472035696,0.5865391391416691,0.023165504580712128,514.40680474,107477.44615235,2983.9943265762977
SQDY9uoDoCbNq7F3HAHYYQZbrUzpKxDtdWLvYcqBLak,GiehZ4X2uQjhEKuxSm3ACmEFrabxh3RTvjbLfLjw1xGX,rxDQYV77NKRKYxCjq4cECX3QQsiSyLv1T1FT2X3zNA2,20.94158567400001,21.0,21.015582823070595,1.0035335026784746,0.008406233129228238,0.999996377013126,148.810775491,257.869638935,407.2053034414663
STK75uPSyBnEhGTTzb1nwmP3n427XoXmfRhXxxhyady,6TYyD5fUmDe6N65avW1Ny2RxzRNobw2RRgKwH9CTzSAU,54zDfk4cx2vGrEajPtodWpArNe5eUurytyxd4X3aZAxK,371.18136873299926,419.566905345994,53642.7322708879,144.5189246809275,5.36427322708879,163.1294492537725,1600.50810098,280.31824635,277031.8708396018
TSMFNX73aQNb3yqszDKgyR8AVoigfbaD4cfLjjCYXZf,C5uYkVHiFduEFq8S3fr4pgUS24oYj1sjZ8WW2cb4j8SU,3F5DPU5ScgHiFzePYUHZovvgh3uqmM5keNvbavx2ERqV,79.15751300000011,126.895795000004,0.0,0.0,0.0,0.055032156940264906,2998.681215,82215.148803,4524.476971793929
GokA1R67GqSavkd15zR62QD68Tuc5AEfvjssntVDEbM8,3YB7hfpBdbQEuZqLGWVDpRPmeZWCUsrrWyqGXegnQ6Cg,4DPCj6Z1DsG6HUtwSogBGqXEUxdEV5a8YVrrFtcnz7UW,5762.708757000002,5763.185957999996,5762.397587530276,0.9999460029158426,0.5762397587530276,1.0,17239.910023,15180.843178,32419.822296127622
TETFuZgEmET6d9vYmz9iMFCxK1jKdKYxf3oPz8hSzJK,Eu1Ze6Z84LWNkq7SNoAHBJbXx5t1P95EwyqYohrfCRFV,ASMbv7WNu3qe4pkhREmvyEdwFNDZQ6B6iSrjkj4u8bdC,129.95426548899997,129.794478813,130.4187942805194,1.0035745559391334,0.052167517712207755,0.9978755230115085,37.487461682,214.148030455,251.314540602966
ACUSESXyNnwRLAg1dpSGMLSzUDdLjUMybY8rkXiAKhCP,AhFPQdu8GKBsxuhiH46UmCu1YpaLgNpoP325HnYtsgas,A8wxWpT3aFEr2XqZp1kDmbxbFfcBE95UUmdsNTDBJYbT,456.0780002649999,456.2596428070001,456.07634790039145,0.999996377013126,0.18243053916015659,0.9878976560354834,1045.180416672,1840.979146512,2863.875613646479
KEnkcdADoLR5jS2CLLLesy8TtFsyWL37BhXNfDMzWzP,3qsjFRuw1qeLMPo4DLwaQevenGAGBj9dA3Q6rb8ax2YR,77iEv8zPQAEyCcEbvBRSB6AFcUdfkhiqnAKtPxk76rNN,1.7844709999999955,2.7051589999999934,0.01526351642697107,0.008553524505005185,6.1054065707884275e-06,0.9991826685771039,119.371175,0.296798,1.3175996882221097
C98Sspw7XqnMsgxea3SLQVdbMDL8pKUc3RE82UvX9eq2,CSqgQJurPCzGxb4Cgwx5R61hWQUiaoUHcShNc8r1cKEL,6S2CR5EnukPhC914XkAns8m5GixjMAoUuZMsS5ubHuWc,17.720955999999887,17.710274000000027,0.0,0.0,0.0,1.0,847.122846,916.662811,916.662811
moFiBS1R4Lf3E3zzmBPnw3NF4RhWPkhREFviuzUaCAU,44ALBrpqi9PfZkBRTvbtRNtFJGsatfY4QydjtMbFWq8S,2ho8qEEie1UjVwWNBo9y4oAJZMyMLx8zPj9bxyUz6uWs,1522.4657052850016,1520.4985664369997,1524.0602197606013,1.0010473237394213,0.6096240879042405,0.999996377013126,27776.083768312,36645.629995887,64450.67154948125
Sid7E679i9ABqptiAVhkmQ27YHN8vaYT4fppPwmxFsJ,GP7KB8o1bv527HG8kTzzzf4wJ5aEGHvcMQvVhLziUfmT,9gYxhAZ1M9wu5pxr8SBoa5NDm21gi3s9vMHaYTME77sa,1686.270231999999,4262.902806000013,14.424660855378061,0.00855418104503316,0.0057698643421512244,0.023167565463952624,133187.401678,9663.156353,1363.1809542677024
daob129AwBGn9Y5r91uLoWZeYiGzbPmksauMhFZKTze,6VW5GQNyj4LStgmxEHLr5zUfW92vQnmbw8jTnCH7a38F,4VPCCUifPeBA1c7HWK358CHn2nyjm8pdTRk6Ps3KmnMQ,9.475345392999998,8.511955349000047,1532.221796342077,161.70616824944665,0.6128887185368308,144.5956786713855,48.193852302,224.218391706,40214.25370827182
MAR3XM1n9xWPQ3HJjAcC85o8DopWFP5p2WxGTaZ3fPB,6qG7GUhER8Cg9gDEgnebph9LdS6eu2eoWcA4R7z9uizK,4QV4CwRXVMY227KkFF9voNAfwWHVvVajXSXDKbUHkWZR,0.20823000000000036,0.0049949999999999994,0.19770084822522152,0.949434991236715,7.908033929008861e-05,0.023158425771733698,0.117321,24.052142,0.6683984077650811
BUSD5rCfUDpCxKGMvYU2yThChxgHoioK74PTPociGnv2,CcFHbafgYDZ8yA8Me1PdtDiVb2eeaS61LbqyKKK5CsNZ,26R9s4nmF3CFDTkiePDwRmtscn8i7r2eygbSijditJ58,47.67378117000001,47.62361712999999,47.49960486890622,0.9963464970300405,0.0047499604868906226,1.0,91.64903169,56.2996366,147.61382828052666
RoBgmK8CvjdHvPrqdDyVw54VwjZv2TqJ493xnqJAQHx,ExiHJxM7qPAcy27NDHAF6G7vnW7muNHi2sVJpnaNynGQ,6rkPHSqZb7StM4HwS9EuVrmfkV7tRdc7dnsFhyB6cefE,15.158738000000255,186.91361499999996,0.0,0.0,0.0,0.949434991236715,6196.77369,20.208502,19.18665891927714
vEnkoSUkpnbRrPgBz9DfcVxNz67zjwMYBZraAvDDNSf,DtfyjjsZ5yCjWKLKHvwsfXs5QVsmm1QkK6Sh9JZHoq1g,e5wrKCRv4GhHvEf1VD5Pq2KGaZDXP77nTL612Jyrxwy,442.20789500000024,442.162681,441.3706149434525,0.9981065917953642,0.04413706149434525,0.9986707692061866,911.130182,1036.820549,1944.8474158365207
heyk4SZTeCUV6a65WiVA5bzic3KcxgVf1qxobfeV4tQ,9ZDpBKPqMABtGfq66FbVribaArMvtk63xxy91onZAtDt,DaTP4s6N7xxSPinbNZ3FB52EpRDRt87QShTuN3VPCW52,22.081574114001114,19.13193736399944,3685.9196246374004,166.92286544464665,1.4743678498549602,144.65340754246012,618.806237499,4500.772575197,754344.999894253
KZMu9QBEdL97EFgamLbN5DE1AoKBG4HdrKKJo4Vuon3,DD4ACBWyVqdaKWh7v5btsgqQCCMwbKnuL2xd9pv7Gyuw,GcYqiJ1MAuYbNTNYXm1F1gQYTfTgkErACAhNU5dpVj9T,40.80932719999987,42.53643547000047,39.20825271137547,0.9607669472035696,0.01568330108455019,1.0,2383.25745645,716.47394328,3006.228934113611
KysFMBBoavfov2tLpvefWW6tPFt6rAeZWDJVy1mMQae,B8ka2V21TH3x64dFV8ETcjuQcwmrciJ2qzy1mJUttRew,7fSf7EYxBANyxzk2s5pymFgshA91tFYQNKKs5UnLWcYS,149.39080699999977,198.4361950000166,0.0,0.0,0.0,0.023171238394482502,134179.061563,2859.592955,66.26031007148768
ALBpShJ9NLpE739pcHDF2LNVk5J4VYPvvKuV6jMPitZi,D6d156U1bPiJpDYRLextvDRccgFk7QzkQbJg42ceKEu5,GNcM8U5g8RwTZffwwm3kSQqUNPSwv5d2fbN9sLxPJqt2,2043.6367790000004,2043.809874999999,2039.8569241196064,0.9981504272582903,0.8159427696478426,0.9991487252860562,50992.69229,49322.754476,100179.14485860654
