0,1,2,3,4,5,6,7,8,9,10,11
heyk4SZTeCUV6a65WiVA5bzic3KcxgVf1qxobfeV4tQ,9ZDpBKPqMABtGfq66FbVribaArMvtk63xxy91onZAtDt,DaTP4s6N7xxSPinbNZ3FB52EpRDRt87QShTuN3VPCW52,81.41336684400017,70.64694105000024,13685.216533666775,168.09544997555054,5.47408661346671,148.26348615789854,618.265791942,4501.285780582,771303.9885230456
KEnkcdADoLR5jS2CLLLesy8TtFsyWL37BhXNfDMzWzP,3qsjFRuw1qeLMPo4DLwaQevenGAGBj9dA3Q6rb8ax2YR,77iEv8zPQAEyCcEbvBRSB6AFcUdfkhiqnAKtPxk76rNN,0.016187000000000007,1.761134999999996,0.00014038049853575265,0.008672422223744522,5.615219941430105e-08,0.9993683991717235,118.109134,0.307603,1.3317009962192394
Lid8SLUxQ9RmF7XMqUA8c24RitTwzja8VSKngJxRcUa,4PgzyzLtds9bKZ2to9PMnKqJzKEUpjvNUaeN23phegax,AtymwxoVN9peZo7EXTcDz9jKVc4vRmisJKKrNfe3ewBa,84.52072502999692,71.54452883899921,14821.86817593977,175.36371310917409,1.4821868175939772,148.30425210536424,969.628794158,7673.061466133,1307985.347774462
C2ypsDADXcCRz8HbV2zX1AXPSja7a1P3xZtRC91xGhJh,J9bYNuDpY1d1T86gLaw7DGk5D3CsUAf2tzUwxMvb6FTv,A2NGvvPrMGzsJ4jb52KEnSBVmsA7C34dV1GC7PerdgvG,848.2872868889938,853.3575570320015,125880.12596941522,148.39327184905437,50.3520503877661,148.88624897026548,3007.2491345,1771.402737428,709993.0473250069
NorjjEePhxfwLF4vZjUHCrVVKLzQjEEGQFd3wgjEJmh,34M8pFVqgbV7aqHxvRT5tCv3vu2P1JJYT8J3VaxBK2oG,3AZWBSze3ucsY3xSeuLne3b2pauVqiaJ1SZSV5T9WGWw,0.0036849999996775296,0.0012230000002091401,0.0021331243236244993,0.5788668449962461,8.532497294497998e-07,1.0,38235.118654,2193.751493,24326.793996298093
CZgvH45CRmoaNJ7395Ao5CQZXkGznvqU7cErD6n7FaRg,4ZjU6MKvtqVQKCiowhvZ5yUsPxXX5SCzd5eFsPeXyey5,BsyWeshjDbCvjDojry3vKDCesmFRM37WtwcR4Kfgzqr,28.674320830000056,27.900202699999994,29.37895539115684,1.024573714067521,0.011751582156462737,1.0,233.98611571,570.67730144,810.4133250532274
BUSDgu5JdqP1rndBvXvanbEufS94FNh1w5FJcAj6vawb,Bgzr8cWubt89JQFXndVjtdKmDbGzuPxNhvjH1EhWCwbo,Dxaf8xPBBQsasRKW5Aa4Sw2YrbfGofY9xZueyyF23FBW,6370.102135759999,6372.2020727900035,6353.791634943518,0.9974395228728095,2.5415166539774074,1.0,8788.0464427,6285.54532756,15051.09017835078
4Fss9Dy3vAUBuQ4SyEZz4vcLxeQqoFLZjdXhEUr3wqz3,,,0.00019008700000000003,0.00016378599999999997,0.0,0.0,0.0,1.0,8788.0464427,6285.54532756,6285.54532756
daob129AwBGn9Y5r91uLoWZeYiGzbPmksauMhFZKTze,6VW5GQNyj4LStgmxEHLr5zUfW92vQnmbw8jTnCH7a38F,4VPCCUifPeBA1c7HWK358CHn2nyjm8pdTRk6Ps3KmnMQ,20.508052977000105,18.337723446999995,3345.0193913737785,163.10760437010944,1.3380077565495114,148.14937723927784,47.800439842,224.642434053,41077.251936933644
SoN9GaFpSXfpyR5dth3x7PHPVhvJMpQqqDJfCSmPv1t,9kZ9iS68ViMPtoeqtnhAKuF2iqVyfHPdZHoUNdwCELr,BBhm5fJLjw3HRzjtKB8uMEYjGhY6EDm9co3cqpjrSzB9,0.4687589379999988,0.4597605230000006,83.23728682338455,177.56949270881907,0.03329491472935382,174.41183098237812,1.536422797,2.445894614,699.4147746672319
MATSnbbiTCv7Dc3trJrkrqjx7ckKdr6fwPoVwv9q3sD,631WX9JizSHJm4w6VanZeJAst9T8DeUUnPLesdGkCVtK,211maUSfpnXbPuW1iBu8b4dtJv5EbN1j7JJiEX5TZKEP,1008.3747249999942,1007.0588270000007,1008.4271632124813,1.0000520027041406,0.40337086528499255,0.9991097931742817,19274.866131,26280.842715,45533.31580559023
STK75uPSyBnEhGTTzb1nwmP3n427XoXmfRhXxxhyady,6TYyD5fUmDe6N65avW1Ny2RxzRNobw2RRgKwH9CTzSAU,54zDfk4cx2vGrEajPtodWpArNe5eUurytyxd4X3aZAxK,350.20543321499883,394.7657594540018,52020.2749983473,148.542170007999,5.20202749983473,167.45798939555536,1851.660671012,326.17954457,329671.06490624015
Lee1XZJfJ9Hm2K1qTyeCz1LXNc1YBZaKZszvNY4KCDw,9DgFSWkPDGijNKcLGbr3p5xoJbHsPgXUTr6QvGBJ5vGN,2hNHZg7XBhuhHVZ3JDEi4buq2fPQwuWBdQ9xkH7t1GQX,831.979410870169,701.4311344069829,146500.395907778,176.08656415493857,14.650039590777801,148.57313334201,6720.955136116,53848.290325824,9183879.11657607
YAkoNb6HKmSxQN9L8hiBE5tPJRsniSSMzND1boHmZxe,CfWX7o2TswwbxusJ4hCaPobu2jLCb1hfXuXJQjVq3jQF,EnTrdMMpdhugeH6Ban6gYZWXughWxKtVGfCwFn78ZmY3,5284632.440622002,5284179.86839801,5284632.440622002,1.0,528.4632440622003,0.9980926449554901,510305.36391,940827.99844,1449338.8693211593
RoBgmK8CvjdHvPrqdDyVw54VwjZv2TqJ493xnqJAQHx,ExiHJxM7qPAcy27NDHAF6G7vnW7muNHi2sVJpnaNynGQ,6rkPHSqZb7StM4HwS9EuVrmfkV7tRdc7dnsFhyB6cefE,0.6047119999999993,36.44085299999915,0.0,0.0,0.0,0.9416710140478483,6285.546605,18.618915,17.532892568520694
BUSDTd9WiT6uBHJRgNvFXBsA7JrifsAtWzKfioN7ERcy,DyBxrn7gSc1EwnpWhDyhzvMHPtxpmBqRqotapLcKcfTM,Cds99GeBgoCpqBsoRWu1C6fF9LiUMd4pXQQD24s9LPff,685.2291775699999,683.5397489199999,685.0523244619169,0.9997419066293846,0.06850523244619168,0.9993664017013213,135.66006751,128.63719939,264.18074962523815
MATgk4zXLXtYkwBH678J1xZbRDZ45LicNzkRBHkxTuY,y8dALFo1bJrSzPYjMX14HJX448pXqYmrfXHD1K8MXih,GN7Yuet3UyiWS5YVkEHv6oQKi4HGBJc3XDPt9zQhAqZz,3479.398629000001,3469.1639749999986,3485.5750680205338,1.0017751455579287,1.3942300272082135,1.0,3259.274292,4805.061193,8070.121171281515
ALBpShJ9NLpE739pcHDF2LNVk5J4VYPvvKuV6jMPitZi,D6d156U1bPiJpDYRLextvDRccgFk7QzkQbJg42ceKEu5,GNcM8U5g8RwTZffwwm3kSQqUNPSwv5d2fbN9sLxPJqt2,2594.7341579999993,2598.408202999999,2586.429134050563,0.9967992775198836,1.0345716536202252,0.9981374754707716,55250.291578,45064.690003,100054.20664018065
DFWzVTzNBrQZLjoQ4yQwkj9HuoXmfkuZP9V5vbymZe23,DhgiEgiNdqZdRdo195UUHnoEJUtefK8buko8nU97XJUZ,2K2kkXsouBHtWVjtcgkyiXd8eP3oVBvq1bTJzcVdLLr2,0.0012453279996407218,0.0012453279996407218,0.001224704618067101,0.9834393978296716,4.898818472268404e-07,0.9995846835594124,45476.03363391,22540.058641838,67253.62051752658
wrmcMSHFi3sWpAEy4rGDvQb3ezh3PhXoV2xNjgLBkKU,8p4mGnARWPBu6P2Gcw4adodLkNDorrXniZMhaY7eJXUn,AyY89zccbsgp9LKFgH4CFZMJmpSgqmPSdTfukhP227rc,0.008810590000001145,0.03838250000000666,2.855944894651911,324.14910858995137,0.0011423779578607644,3016.3182819051062,27.05155879,0.09901393,9067.396194969437
WiiQFxXqp8P9Fs1rt9SVcDyA3KUdJmUsog6wnVQAwba,3S2jpqSYxho6wiz3cafhjXruVY8cg4HYa2v3BqBHYFSj,Dfe67M6TfrG74gKRtdqys4e6E9QirPD53BkF4FujFjuv,1674.9726526879995,1677.3952714210027,1671.7115079690607,0.9980530161410663,0.1671711507969061,0.9995846855577517,19876.170480601,6943.617770517,26778.205883273306
SoNcU2iwHMw6dGzsYNQkYFkUjwN1UdAjrWVRnStrZu2,8ivTTid27jZnYNc4w3CTA1Z6QS2twsFb8WMwUabeDJgc,CyXm53PMvHCbeXJBykU46Rcbo28xk5srhMZFg7gv6EYB,3.851106720000004,3.8146420729999964,679.0510053502666,176.3261978235352,0.27162040214010663,174.8325410213962,15.412896991,19.272646518,6087.18328681794
BkwbeSfcX1h4thMDd7obGkHrPevf3QwgzJ4pCEqG18Lu,35yX27bmurdebhfAb8EPmjLETDiUaEUCn9zHaDPbakH2,2CxECn1ZJFoESyUnQysQU8rRgT3iJ5GRs2Mdd6gZjx5g,0.0002019100000012486,0.00012897999999994525,0.44610150019055833,2209.407657806942,0.00017844060007622334,1408.4507042253522,0.84291817,22.02806093,32887.787789280075
GokA1R67GqSavkd15zR62QD68Tuc5AEfvjssntVDEbM8,3YB7hfpBdbQEuZqLGWVDpRPmeZWCUsrrWyqGXegnQ6Cg,4DPCj6Z1DsG6HUtwSogBGqXEUxdEV5a8YVrrFtcnz7UW,11031.677942000008,11031.153785999999,11032.615714335727,1.0000850072256142,1.1032615714335727,1.0,16444.42314,15972.507501,32418.328535787958
KwnjUuZhTMTSGAaavkLEmSyfobY16JNH4poL9oeeEvE,J63v6qEZmQpDqCD8bd4PXu2Pq5ZbyXrFcSa3Xt1HdAPQ,BnKQtTdLw9qPCDgZkWX3sURkBAoKCUYL1yahh6Mw7mRK,401.4277119999905,13783.466664000553,8.218629610071178,0.020473498376891757,0.0008218629610071178,1.0,277807.487599,569.37195,6257.063096446503
B2izdXFYb2sNwbWWHmh75T4aQFtfXsUxem9u2p61HGzf,4DYwgJtxwuJdAjkj5RJSNH4e7U329V5cNp7d3a1nLrZv,EXNW64GEf1ACC6xY9BtKRiunrs6GoJSXBdxWN2eTPmrF,5388.888700999996,5327.696643000001,5414.330640680555,1.004721184847599,0.5414330640680555,1.0,10565.786847,29367.15409,39982.82396976501
C98Sspw7XqnMsgxea3SLQVdbMDL8pKUc3RE82UvX9eq2,CSqgQJurPCzGxb4Cgwx5R61hWQUiaoUHcShNc8r1cKEL,6S2CR5EnukPhC914XkAns8m5GixjMAoUuZMsS5ubHuWc,40.78024799999969,40.792403000000036,0.0,0.0,0.0,1.0,885.972804,877.700353,877.700353
vEnkoSUkpnbRrPgBz9DfcVxNz67zjwMYBZraAvDDNSf,DtfyjjsZ5yCjWKLKHvwsfXs5QVsmm1QkK6Sh9JZHoq1g,e5wrKCRv4GhHvEf1VD5Pq2KGaZDXP77nTL612Jyrxwy,1083.2747960000002,1083.319435,1080.6477413408006,0.9975748954292115,0.10806477413408007,0.9985112197713211,1091.07987,856.308855,1943.467886527201
KZMu9QBEdL97EFgamLbN5DE1AoKBG4HdrKKJo4Vuon3,DD4ACBWyVqdaKWh7v5btsgqQCCMwbKnuL2xd9pv7Gyuw,GcYqiJ1MAuYbNTNYXm1F1gQYTfTgkErACAhNU5dpVj9T,236.0108009600002,244.10034878999988,225.85113820271454,0.9569525516800074,0.09034045528108582,1.0,2414.72199921,686.26277846,2997.037157201858
ionytDfEj1mXodptgrsKEZro7DGsfpzANUfarJdm6Qb,3gkSjY95an9xNFSjCfsay6JZez7uv7yfW3Ad4ubc4fMK,9wXqANaSuEqkKL9yHzCPEDGHwbkStVAqV5rB3QDs3Jr6,0.004534002000000009,0.01766792500000003,3.393566746353833,748.4705005321625,0.0013574266985415333,3016.0453613222344,3.17013297,0.079592188,2612.8046602242985
TETFuZgEmET6d9vYmz9iMFCxK1jKdKYxf3oPz8hSzJK,Eu1Ze6Z84LWNkq7SNoAHBJbXx5t1P95EwyqYohrfCRFV,ASMbv7WNu3qe4pkhREmvyEdwFNDZQ6B6iSrjkj4u8bdC,7.840621657,7.866549426000006,7.800421094828845,0.994872783826361,0.0031201684379315382,0.9982201734307729,285.843713171,66.954091834,351.21305582413197
BSCNHw8CmxbZ8hCWWzMf5FaG2ajPT6JxfznKUNuRVrn4,7n9kgNL633yGzCYksgnzHyjG73ZLBAwvEae5sbAekbzW,SscdxE99omdG9AiMVwmaEMQySQnCgeAh1sPj2Leutm2,125.40045664900026,124.69959965000044,126.08386219874757,1.0054497851763027,0.05043354487949903,0.9995807338578291,3930.055835801,7774.586661722,11722.800836602357
KysFMBBoavfov2tLpvefWW6tPFt6rAeZWDJVy1mMQae,B8ka2V21TH3x64dFV8ETcjuQcwmrciJ2qzy1mJUttRew,7fSf7EYxBANyxzk2s5pymFgshA91tFYQNKKs5UnLWcYS,32.958155999971495,30.812883999977203,0.0,0.0,0.0,0.020407485653486566,134494.255541,2618.061619,53.42805492968631
JSoLLrxK5bYdHwTEWYaGgmeycBCNXKDiBCTw5hXGBg7,xG4wXczA7Dk4hccJ61CHKpDHW4NrNfQwgmWgkb9BuF2,BVR6WgfhsRr9Lob4QDnkEAiNGgAbv7ZieKcY9kSg3QYR,2.1712257310000034,1.8519956680000078,378.5696630016709,174.35757949833837,0.1514278652006684,148.43133314195586,17.041885984,164.696192267,27417.457371851586
SEQV6QiTpvTzrceiaYg9Avnwf7oc8ZALpnQMz6TyT4A,3dFMPj4r9mMmPHF32mz1gNDX7f8ftidWof7S8YiYTs1j,Fc1ED3YPeQfXQosHbd8DTaBd2AV5gHQtwiSAL5C5pUhi,202.307629304,203.2093487840002,201.09416737310298,0.9940018973329295,0.08043766694924119,0.9993853779925346,4761.004667846,870.150089824,5602.0629494788545
Cob4usZcpHEY7Qt4ZCwj6WVg9S44zvzYV2v9qYF65dTf,NhFM9UXE48PyNAyeyPYA3iXztqKVJwA4bTdLj4ysM8w,6TuFuynuBoeskxyR2cz4wxyidk8dpDK7kAWw3UkjQGx,22.239795000000044,2570.332921000023,0.19287289240952268,0.008672422223744522,7.714915696380907e-05,1.0,71541.197229,182.869373,803.3048417620696
BSC8REUo9LpiiWUuqMuLXs2D2yJsJfGd4HdiF3wCLxk5,AZjEH1zWVx1UJ6udMyRijGTzPteuLnaY18yNNmprJEsh,Caf8ypkSVR8xYnXNhjvfvdGCC7mrM3C11rz8Xi6NA6aK,2249.4819856510003,2244.421190644001,2253.4031956470353,1.0017431613238281,0.9013612782588141,0.9993460908769338,2770.648807754,3586.063508265,6359.1970442186375
MARpDPs5A7XiyCWPNH8GsMWPLxmwNn9SBmKvPa9LzgA,6YjT74rmcfCpw8LSjPNx5JTmZoYLGrTKnf9arfSgZ4SR,F8GSmi3vA8M8TsybLya1LQ4n1aFHCRbZ6k437PeTdXtg,18539.37028399999,19602.57571700029,17466.984754968686,0.9421563131539152,6.986793901987474,1.0,297673.271506,14515.169257,294969.92126355733
Sid7E679i9ABqptiAVhkmQ27YHN8vaYT4fppPwmxFsJ,GP7KB8o1bv527HG8kTzzzf4wJ5aEGHvcMQvVhLziUfmT,9gYxhAZ1M9wu5pxr8SBoa5NDm21gi3s9vMHaYTME77sa,1313.1031459999886,2777.607204999995,11.38778490543915,0.008672422223744522,0.00455511396217566,0.02021757793456779,129803.210863,11001.897205,1348.1399647718686
HEDSDjj84KS7LKhZY7ejkCACTdPen62rKhCby1wXtgxc,EnnjMSFttpCTywBrYNt1J5QQeoSVkvzPipJDa8Y7kJow,6bjVT6JN2rSvpyn9PdfLYC8wJn4LWh49jpY47fnLDXZk,32.08530725200217,31.48390539200045,30.968665018566647,0.9651977079519524,0.01238746600742666,0.9996112751657588,39074.680944527,9093.150453556,46804.4082067645
SERgf3DMJpQxUifu7VoFKmfne73d2fDJxSrxUMrcNJB,AJfM2GZ2tTB8UtN2krcyR9xufRJEx2mhSCbJyMgPo3GU,F4yRYkufQvERZcEKnKjJwRLU1btiMBUuEwq46hfm11QD,0.0703267409999988,0.07032860099999994,10.433807309967545,148.36187716942155,0.004173522923987018,148.7435188730239,29.110083793,28.13477164,8503.691612511193
BSCuChvaSj9b5HUSqgDVRzcnr2sSn7cXaamt1jbKH6hn,GnKpRj5kBVPMJfiwZtEuD9GYApLzPdW5JFuZTcyX4BTc,3dmwD9okkomV9nDwyuh4UMhKdUR13QpuKxRo89ycZB5t,927.5590896719998,927.2034728830001,928.4787283543817,1.000991461021321,0.3713914913417527,0.9984633648814475,1463.295782805,1649.642818986,3111.854503433593
moFiBS1R4Lf3E3zzmBPnw3NF4RhWPkhREFviuzUaCAU,44ALBrpqi9PfZkBRTvbtRNtFJGsatfY4QydjtMbFWq8S,2ho8qEEie1UjVwWNBo9y4oAJZMyMLx8zPj9bxyUz6uWs,1245.892788355999,1246.9080147370041,1244.6496335466622,0.9990021976040353,0.4978598534186649,0.997718094999692,34161.221462613,30243.544381638,64301.666800475025
SAMyS8Jr2HJrkFwYVKbpUwsNStnQmvz3f8Tup8bWUWF,6jPzm5TFfquvgm25sTyN3MMGBfufRaFHMxobDWv6hMFW,Cj9ECoDmxsHTDzCY5ZA6RWrPbg9uFzEC1Qc2kso2vJG6,2021.4729846300324,43.088867090000065,1934.45373079391,0.9569525516800074,0.773781492317564,0.020468953584468215,476.49128144,109142.81646219,2690.018791869985
MiMuMS9C4vBqcrYeeQPph1E7oAW9aNKvW9k6Zw9XffM,Afy2q2hh6Y474pshJa5fnQ6PfEchGyTbKrQpCZw2hr3m,5pXz9ksgjeL8Wgb37bksUaBFMLdFfsNNY3FQnikkCPtS,0.5466435340003954,0.008286185999999418,0.0,0.0,0.0,0.020477917320449773,26.002930055,7673.951587508,157.14654613012308
ALLwa5WNZbvQsRKAqe1jdRGemdYQnW8E5k4msbRFcYtu,CGoM82Hbz7QVqTgvQatYtjvDWBvoUJp5qm21P8iMs9yb,3dxNNww8TivyN5FMy5dCNdi3Zcxv6e4kUfSPxfFwpdNq,2.7690736629999986,2.716633925,8356.440423092008,3017.774692941425,3.342576169236804,2992.856052602438,1.048467725,7.609423496,25937.948533689676
parEAJhzYzHW87y9VoZAQ22dzQ2MD2ekEtTReaxbMcz,3oyc6hpjYSJEquK6dSvG72NXyz3pqLZz5D8AC71pwgQb,Di2vordgFJVZ1aj1aBpvzXtLfZgJsuLLXawGtVFwX6Rz,6.700224112000001,7.8954611909998675,974.2470212303136,145.4051394318963,0.38969880849212546,172.05103240082246,1103.492625037,139.763661751,184499.9813019531
KEN5P7p3asnb23Sw6yAmJRGvijfAzso3RqfyLAQhznt,9zj4aX38Uxf3h6AUjS4EipWS8mwbEofasHAf3a1uKGds,CwQDG1MWunn9cLNwcZLd8YBacweSR7ARo32w4mLua1Yr,47454.1124460001,47454.97676800098,47401.828229463,0.9988982152685587,4.7401828229463,1.0,1132879.058043,1127189.047828,2258819.9170222785
AUSejoEUCh2DBs9mof6BNC8Pubs22w4cJa1ccV9h44R,4xkyD7AfGQDwsQMy9MosRRNGoVJ1zosNinesxg1TzHG7,Cbm5gsQe3nSiCsFrvepVzMCD9xLK3ri9g3ypS2hdmVJ7,139.19224500000018,139.06013600000188,139.34413010181117,1.0010911893964423,0.01393441301018112,1.0,14075.174084,14802.353638,28892.886402713542
FrnkTEL6yZ5Aycq2TrEgu29dCrwKG4LPUZydfiwqspkc,DjvZuMZ46fxKBoBpGMPcRcos4xdTtHFxwMh69DpA2ZFY,9rvDPJLAng4uVVqnnSoEXgNDFhBZQTny9AoQioYDZbQX,11.69791774300029,9.75800987899973,2085.000782994824,178.23691607358333,0.8340003131979296,149.1849726573782,172.846900392,1438.769018,245450.41508936082
MiMUFdSLMyCLpqpH6zkqdDrGYs7XBomwENbivdYjv9V,,,0.008286186000000001,0.011129000000000056,0.0,0.0,0.0,149.1849726573782,172.846900392,1438.769018,214642.7166106129
SAMGk1Nd4haC8zQA63DG37pzuEZy8j4q13tSFtCbcRE,9U9TnkHD3jXMAVZtynCVLgDruuqN4pTvLJTmVHCLWS8g,C6zoEbvqSknmi96QWq96UBiPCyNW3YSTvKhavR2BfifE,0.09527633999999996,0.21516111000000826,0.13440783793696914,1.410715797195497,5.3763135174787664e-05,0.0,54.20831194,0.87570769,76.47252199305927
ercAoEmXjQzEvAFbdjAo81KtMxRGn9AW1ju882upmPH,CMRhskR2Eg6V42RTSdRTXGdozyPbWB8U9dVpijPWb9T4,7TKLLgrWswt6ZJ1pXhVR3FyufHGjJFqiEXxvWJfDcgRm,0.11535952799999905,0.1173917139999503,17.21665796079658,149.24348477567213,0.006886663184318632,146.27102499713308,300.932149044,788.19050737,160201.5960103788
MAR3XM1n9xWPQ3HJjAcC85o8DopWFP5p2WxGTaZ3fPB,6qG7GUhER8Cg9gDEgnebph9LdS6eu2eoWcA4R7z9uizK,4QV4CwRXVMY227KkFF9voNAfwWHVvVajXSXDKbUHkWZR,0.010242999999999988,0.4443260000000002,0.009678483115332018,0.944887544208926,3.871393246132807e-06,0.020463644381478265,0.107105,24.494725,0.6024535220446022
RajgMbScQbqqrdJfR2rxfHJiTiY5b6bJ2tTXiF4aPxy,725ZA3fhyBAKb5iopNRrcbSuQa3LXA1656Q3mBvYPxeg,GLA6i1dSZpUfk2f9Nj8uiG7xyDdAR2reff8oEiZH3617,36813.22522457,36863.041505329995,36741.21904865407,0.9980440133816944,14.696487619461628,1.0,132897.72968365,51029.05415986,183666.8376626456
BSCrK1Nx9PXU9mF7STWWBqeHLxmtJDr9h7jheEy4tAWX,FfSySSbVJPvEo5a5AvrP3nySoXpRE2QPn1uUMpJJ1x7v,HL7Vcj6838ZmvBHDbQxXfjBNckNi83WvPiZQoMQLFeRM,0.010365749999999951,0.010359483999999863,31.34932996222612,3024.3185454237528,0.012539731984890449,3017.956843217142,0.840167801,0.964118951,5450.604447677975
AURHmCnNwiW4uA2Qj1XvEh4iKgRUZYXtiY7FKAapUV5Y,BKWm4TRnTeKwfWXRyuzjRHU7iZDkPuXBX5b5V5jSVfGJ,A5Ww74HVrkj9nPeC7pHKLfgeDMEhBCpW1efQdz3TGLEg,0.004532203000053414,0.004049633999954949,0.7512115893651327,165.7497665828912,0.0003004846357460531,148.9113463744927,289.939855796,1795.274543625,315394.2128243158
KEVpg4SYCVrqFxKijQH6hm4QxsRdoE51ud64bEEFUC9,2bPenuBYfqzD8p5dFjCcggwkHDsc2RQDnx9AoyYGUBjA,AE6n6iLuX8oYu61vt5hoDYkjswpnxFxrhSehxrnQTnbx,56.50633025699972,56.486890526000025,56.536910959063654,1.000541190728983,0.022614764383625464,0.9995846975477862,2680.657396124,4963.498511214,7643.545301165095
