0,1,2,3,4,5,6,7,8,9,10,11
BkwbeSfcX1h4thMDd7obGkHrPevf3QwgzJ4pCEqG18Lu,35yX27bmurdebhfAb8EPmjLETDiUaEUCn9zHaDPbakH2,2CxECn1ZJFoESyUnQysQU8rRgT3iJ5GRs2Mdd6gZjx5g,0.02134811999999997,0.03435400000000044,46.76682439537323,2190.676480897301,0.01870672975814929,1347.7088948787061,0.80135447,22.09435093,31532.261665223534
BSCuChvaSj9b5HUSqgDVRzcnr2sSn7cXaamt1jbKH6hn,GnKpRj5kBVPMJfiwZtEuD9GYApLzPdW5JFuZTcyX4BTc,3dmwD9okkomV9nDwyuh4UMhKdUR13QpuKxRo89ycZB5t,46.00834829400014,45.91219569000009,46.11627143706802,1.0023457295701692,0.01844650857482721,0.9959078147890319,1304.258617512,1809.020487692,3108.9356963241744
SoNcU2iwHMw6dGzsYNQkYFkUjwN1UdAjrWVRnStrZu2,8ivTTid27jZnYNc4w3CTA1Z6QS2twsFb8WMwUabeDJgc,CyXm53PMvHCbeXJBykU46Rcbo28xk5srhMZFg7gv6EYB,2.7380991069999983,2.713726098999997,502.48676193505054,183.51664505146448,0.20099470477402023,180.82214767527816,15.07048757,19.62016253,6313.445244548817
ercAoEmXjQzEvAFbdjAo81KtMxRGn9AW1ju882upmPH,CMRhskR2Eg6V42RTSdRTXGdozyPbWB8U9dVpijPWb9T4,7TKLLgrWswt6ZJ1pXhVR3FyufHGjJFqiEXxvWJfDcgRm,24.315994330000024,24.747682392999934,3739.921631735759,153.8050050917147,1.495968652694304,151.18554412206478,277.232954021,788.095432976,161788.4527593818
ZUCKWFa4LTL833dPhhpeeRWZcaAEoMeYJPi2iKn4F8N,7eEYpq6ShaJ9opZWMxitRFrdCHh6vfyHhGfoSvFht3N2,H8VggnHmuwd1wvwpT8eg9cUJFEfZ7HAaeYjgXrSm7A2u,0.0011523939999733557,0.0011523939999733557,0.0011537438086974155,1.001171308358158,4.614975234789662e-07,1.0,1849.447104349,1997.706962338,3849.3203395382952
STK75uPSyBnEhGTTzb1nwmP3n427XoXmfRhXxxhyady,6TYyD5fUmDe6N65avW1Ny2RxzRNobw2RRgKwH9CTzSAU,54zDfk4cx2vGrEajPtodWpArNe5eUurytyxd4X3aZAxK,634.4467704569984,714.3806688919999,98215.84661143903,154.80549540932043,9.821584661143904,174.5613491497553,1799.466610817,316.337049061,333787.54223019694
HEDSDjj84KS7LKhZY7ejkCACTdPen62rKhCby1wXtgxc,EnnjMSFttpCTywBrYNt1J5QQeoSVkvzPipJDa8Y7kJow,6bjVT6JN2rSvpyn9PdfLYC8wJn4LWh49jpY47fnLDXZk,50.82538424300219,52.454360325999005,49.25797422375737,0.9691608820554932,0.019703189689502947,1.0,39032.996084062,9133.553619117,46962.80653321513
BkMBnJpvHKtWhUvrgRrLesXfi9RUV3ELgdBaJcdH7hcY,5uerVwBnZQsuVhZ15igs7ZgmcqhHnYWbwoRtLyRqLvR,9YWiQh5d4jCtgMdzcGLv9bWgnLaFtzvDDh2nnhJdzhBX,0.0011618900000485155,0.0011618900000485155,0.0011683007395890135,1.0055175098677416,4.673202958356054e-07,1.0,986.482241645,1887.575048349,2879.5002154966282
moFiBS1R4Lf3E3zzmBPnw3NF4RhWPkhREFviuzUaCAU,44ALBrpqi9PfZkBRTvbtRNtFJGsatfY4QydjtMbFWq8S,2ho8qEEie1UjVwWNBo9y4oAJZMyMLx8zPj9bxyUz6uWs,5132.834241937999,5120.886790221997,5144.730329853495,1.0023176450582212,2.057892131941398,1.0,26255.585201875,38168.095701172,64484.53203034084
BSC8REUo9LpiiWUuqMuLXs2D2yJsJfGd4HdiF3wCLxk5,AZjEH1zWVx1UJ6udMyRijGTzPteuLnaY18yNNmprJEsh,Caf8ypkSVR8xYnXNhjvfvdGCC7mrM3C11rz8Xi6NA6aK,681.2457936360006,680.0729122020007,683.1563900921427,1.0028045625734359,0.27326255603685706,1.0,2635.853088909,3721.491606629,6364.73711046023
AUSejoEUCh2DBs9mof6BNC8Pubs22w4cJa1ccV9h44R,4xkyD7AfGQDwsQMy9MosRRNGoVJ1zosNinesxg1TzHG7,Cbm5gsQe3nSiCsFrvepVzMCD9xLK3ri9g3ypS2hdmVJ7,502.77028599999903,501.9925000000003,503.7324149124819,1.0019136550812051,0.05037324149124819,1.0,13706.427345,15171.736073,28904.39279233393
C98Sspw7XqnMsgxea3SLQVdbMDL8pKUc3RE82UvX9eq2,CSqgQJurPCzGxb4Cgwx5R61hWQUiaoUHcShNc8r1cKEL,6S2CR5EnukPhC914XkAns8m5GixjMAoUuZMsS5ubHuWc,13.148120000000063,13.145432000000028,0.0,0.0,0.0,1.0,869.707506,894.020233,894.020233
wrmcMSHFi3sWpAEy4rGDvQb3ezh3PhXoV2xNjgLBkKU,8p4mGnARWPBu6P2Gcw4adodLkNDorrXniZMhaY7eJXUn,AyY89zccbsgp9LKFgH4CFZMJmpSgqmPSdTfukhP227rc,0.007113560000000713,0.04915937000000273,2.424526244035689,340.83162917518746,0.0009698104976142758,3051.2922222561256,27.03273054,0.10108039,9522.03539883166
JSoLLrxK5bYdHwTEWYaGgmeycBCNXKDiBCTw5hXGBg7,xG4wXczA7Dk4hccJ61CHKpDHW4NrNfQwgmWgkb9BuF2,BVR6WgfhsRr9Lob4QDnkEAiNGgAbv7ZieKcY9kSg3QYR,3.3788014260001376,2.878078988000002,612.685423667247,181.33217861001995,0.24507416946689883,154.86245658624608,17.155083,164.564907997,28595.69449493071
WiiQFxXqp8P9Fs1rt9SVcDyA3KUdJmUsog6wnVQAwba,3S2jpqSYxho6wiz3cafhjXruVY8cg4HYa2v3BqBHYFSj,Dfe67M6TfrG74gKRtdqys4e6E9QirPD53BkF4FujFjuv,12528.737091068,12522.651452571,12530.785623901796,1.0001635067300803,1.2530785623901797,1.0,12632.292351439,14184.978212988,26819.336029242804
BUSDTd9WiT6uBHJRgNvFXBsA7JrifsAtWzKfioN7ERcy,DyBxrn7gSc1EwnpWhDyhzvMHPtxpmBqRqotapLcKcfTM,Cds99GeBgoCpqBsoRWu1C6fF9LiUMd4pXQQD24s9LPff,409.23966133000005,409.08943626999996,408.51008682553487,0.9982172438954374,0.04085100868255349,0.9989062775385973,90.22286131,83.51539651,173.48606979819255
heyk4SZTeCUV6a65WiVA5bzic3KcxgVf1qxobfeV4tQ,9ZDpBKPqMABtGfq66FbVribaArMvtk63xxy91onZAtDt,DaTP4s6N7xxSPinbNZ3FB52EpRDRt87QShTuN3VPCW52,75.033537393002,65.04151907299945,13346.097894340459,177.86843534295613,5.338439157736183,155.02784765227378,631.91535897,4485.599491277,807790.6307319839
KZMu9QBEdL97EFgamLbN5DE1AoKBG4HdrKKJo4Vuon3,DD4ACBWyVqdaKWh7v5btsgqQCCMwbKnuL2xd9pv7Gyuw,GcYqiJ1MAuYbNTNYXm1F1gQYTfTgkErACAhNU5dpVj9T,28.625701620000427,29.551735580000013,27.50061911623105,0.9606967710798991,0.01100024764649242,1.0,2383.84975441,715.87980563,3006.036567431298
C2ypsDADXcCRz8HbV2zX1AXPSja7a1P3xZtRC91xGhJh,J9bYNuDpY1d1T86gLaw7DGk5D3CsUAf2tzUwxMvb6FTv,A2NGvvPrMGzsJ4jb52KEnSBVmsA7C34dV1GC7PerdgvG,1226.0210692660044,1233.4309010309976,190151.06812595608,155.09608512665767,76.06042725038243,155.46043104513717,3552.418623559,2043.140240702,868593.683750229
MATgk4zXLXtYkwBH678J1xZbRDZ45LicNzkRBHkxTuY,y8dALFo1bJrSzPYjMX14HJX448pXqYmrfXHD1K8MXih,GN7Yuet3UyiWS5YVkEHv6oQKi4HGBJc3XDPt9zQhAqZz,671.1671310000002,670.559295999999,671.8604910267397,1.0010330661242401,0.2687441964106959,1.0,3655.704375,4408.702552,8068.183511350048
MARpDPs5A7XiyCWPNH8GsMWPLxmwNn9SBmKvPa9LzgA,6YjT74rmcfCpw8LSjPNx5JTmZoYLGrTKnf9arfSgZ4SR,F8GSmi3vA8M8TsybLya1LQ4n1aFHCRbZ6k437PeTdXtg,20248.88415799999,21262.04271300017,19342.40246641161,0.9552330052107961,7.736960986564645,1.0,295956.488731,16163.708603,298871.1147451482
SoN9GaFpSXfpyR5dth3x7PHPVhvJMpQqqDJfCSmPv1t,9kZ9iS68ViMPtoeqtnhAKuF2iqVyfHPdZHoUNdwCELr,BBhm5fJLjw3HRzjtKB8uMEYjGhY6EDm9co3cqpjrSzB9,0.33881843000000034,0.3321026239999998,62.64754886307731,184.90006244075107,0.025059019545230925,181.67753037739146,1.495106685,2.488411068,728.5336968100914
NorjjEePhxfwLF4vZjUHCrVVKLzQjEEGQFd3wgjEJmh,34M8pFVqgbV7aqHxvRT5tCv3vu2P1JJYT8J3VaxBK2oG,3AZWBSze3ucsY3xSeuLne3b2pauVqiaJ1SZSV5T9WGWw,1.2049870000000737,2.0832120000050054,0.6975294456115511,0.5788688555241744,0.00027901177824462046,1.0,38235.101644,2193.762303,24326.871832512763
BSCNHw8CmxbZ8hCWWzMf5FaG2ajPT6JxfznKUNuRVrn4,7n9kgNL633yGzCYksgnzHyjG73ZLBAwvEae5sbAekbzW,SscdxE99omdG9AiMVwmaEMQySQnCgeAh1sPj2Leutm2,56.567321247999644,56.244238048000625,56.91655536934071,1.00617377867002,0.02276662214773629,1.0,3859.7070645,7845.378568905,11728.914610552336
DFWzVTzNBrQZLjoQ4yQwkj9HuoXmfkuZP9V5vbymZe23,DhgiEgiNdqZdRdo195UUHnoEJUtefK8buko8nU97XJUZ,2K2kkXsouBHtWVjtcgkyiXd8eP3oVBvq1bTJzcVdLLr2,1827.7339336159966,1829.4377201560055,1807.5170095036442,0.988938803542179,0.7230068038014577,1.0,42740.270170219,25238.904197891,67506.41584309687
BUSDgu5JdqP1rndBvXvanbEufS94FNh1w5FJcAj6vawb,Bgzr8cWubt89JQFXndVjtdKmDbGzuPxNhvjH1EhWCwbo,Dxaf8xPBBQsasRKW5Aa4Sw2YrbfGofY9xZueyyF23FBW,4958.261747050002,4970.130627670003,4946.991856491971,0.9977270480799575,1.9787967425967885,1.0,8745.59370631,6334.74337547,15060.458767773329
Dg3mAgpwDfVNnbGWcsxL8sUcSkEbjSJQhKAWNigG44Ju,EATxwd8YA2wV93VJcKMmH2Kn2Y9XfJVUB9hHVu3udwEy,GiGvrRi7NMHfHKanG2B8xyCEqe8jaafWins8bhrLVEaa,0.00045585000000000764,0.0004610159999999808,0.08468640856060185,185.77691907557406,3.387456342424074e-05,183.7704589354802,0.198226173,0.261388851,84.8613968089696
daob129AwBGn9Y5r91uLoWZeYiGzbPmksauMhFZKTze,6VW5GQNyj4LStgmxEHLr5zUfW92vQnmbw8jTnCH7a38F,4VPCCUifPeBA1c7HWK358CHn2nyjm8pdTRk6Ps3KmnMQ,12.34633195099989,11.099644769000022,2132.3304576027886,172.70963279341424,0.8529321830411155,154.7658199686599,48.596820426,223.760700831,43023.64735157367
SAMyS8Jr2HJrkFwYVKbpUwsNStnQmvz3f8Tup8bWUWF,6jPzm5TFfquvgm25sTyN3MMGBfufRaFHMxobDWv6hMFW,Cj9ECoDmxsHTDzCY5ZA6RWrPbg9uFzEC1Qc2kso2vJG6,1300.1295098199917,29.69389724000007,1249.030222069758,0.9606967710798991,0.4996120888279032,0.022784450165148497,507.34974064,107771.23910983,2942.9176843752966
Lee1XZJfJ9Hm2K1qTyeCz1LXNc1YBZaKZszvNY4KCDw,9DgFSWkPDGijNKcLGbr3p5xoJbHsPgXUTr6QvGBJ5vGN,2hNHZg7XBhuhHVZ3JDEi4buq2fPQwuWBdQ9xkH7t1GQX,1137.9159193859668,958.7052497850009,208423.17488691877,183.16219268589407,20.842317488691876,154.3335868005274,6711.351237322,53860.935897599,9541817.234022824
HDSBGqAuMRr6X2AfmmbXQPpRgU6VEhtfNVVZ3wUTZXg,DCZ1d8kNLgDcdSd99y4udLgwq46mfDXNS9KXj96kQf5L,Fq8GGYQM5Pz3q7LmVMbrXHJgsxA5ev86kTq8yGgGuYsa,1.519565689000956,1.5269172379994416,1.5079510249644905,0.9923565897015604,0.0006031804099857962,1.0,13523.369623677,12879.734392416,26299.73935344178
SERgf3DMJpQxUifu7VoFKmfne73d2fDJxSrxUMrcNJB,AJfM2GZ2tTB8UtN2krcyR9xufRJEx2mhSCbJyMgPo3GU,F4yRYkufQvERZcEKnKjJwRLU1btiMBUuEwq46hfm11QD,1.6145711239999976,1.6150301580000033,248.7674074046679,154.07646260163654,0.09950696296186716,153.61629659988762,29.284858487,27.960780594,8807.33896835876
Lid8SLUxQ9RmF7XMqUA8c24RitTwzja8VSKngJxRcUa,4PgzyzLtds9bKZ2to9PMnKqJzKEUpjvNUaeN23phegax,AtymwxoVN9peZo7EXTcDz9jKVc4vRmisJKKrNfe3ewBa,90.92187107900907,76.93190038099851,16578.51312086258,182.33801091110658,1.6578513120862581,153.8459881658589,968.135351308,7674.846971044,1357272.2905322395
RajgMbScQbqqrdJfR2rxfHJiTiY5b6bJ2tTXiF4aPxy,725ZA3fhyBAKb5iopNRrcbSuQa3LXA1656Q3mBvYPxeg,GLA6i1dSZpUfk2f9Nj8uiG7xyDdAR2reff8oEiZH3617,5507.407280789972,5508.40951995003,5499.407073344096,0.9985473731943193,2.1997628293376383,1.0,129411.80809336,54511.80897271,183735.63000466197
KysFMBBoavfov2tLpvefWW6tPFt6rAeZWDJVy1mMQae,B8ka2V21TH3x64dFV8ETcjuQcwmrciJ2qzy1mJUttRew,7fSf7EYxBANyxzk2s5pymFgshA91tFYQNKKs5UnLWcYS,20.251256999999896,27.078095000004396,0.0,0.0,0.0,0.022761322631323612,134519.714779,2599.041798,59.157628896573414
KEN5P7p3asnb23Sw6yAmJRGvijfAzso3RqfyLAQhznt,9zj4aX38Uxf3h6AUjS4EipWS8mwbEofasHAf3a1uKGds,CwQDG1MWunn9cLNwcZLd8YBacweSR7ARo32w4mLua1Yr,35050.84038299997,35050.11931800004,35006.801826302486,0.9987435805756358,3.5006801826302487,1.0,1145769.908592,1144127.935814,2288458.276836993
MATSnbbiTCv7Dc3trJrkrqjx7ckKdr6fwPoVwv9q3sD,631WX9JizSHJm4w6VanZeJAst9T8DeUUnPLesdGkCVtK,211maUSfpnXbPuW1iBu8b4dtJv5EbN1j7JJiEX5TZKEP,528.4696609999992,528.2351339999987,528.6076275908003,1.0002610681387842,0.21144305103632016,0.9980428379946923,20653.783459,24901.634304,45512.073275276634
Cob4usZcpHEY7Qt4ZCwj6WVg9S44zvzYV2v9qYF65dTf,NhFM9UXE48PyNAyeyPYA3iXztqKVJwA4bTdLj4ysM8w,6TuFuynuBoeskxyR2cz4wxyidk8dpDK7kAWw3UkjQGx,16.296800999999988,1804.4907299999904,0.15193978013261247,0.009323288670740509,6.077591205304499e-05,1.0,70572.386011,191.556637,849.5233639634822
YAkoNb6HKmSxQN9L8hiBE5tPJRsniSSMzND1boHmZxe,CfWX7o2TswwbxusJ4hCaPobu2jLCb1hfXuXJQjVq3jQF,EnTrdMMpdhugeH6Ban6gYZWXughWxKtVGfCwFn78ZmY3,4833291.640924999,4831956.438348991,4833291.640924999,1.0,483.32916409249987,0.9990728603855622,553315.785619,898659.075257,1451141.6784474552
GokA1R67GqSavkd15zR62QD68Tuc5AEfvjssntVDEbM8,3YB7hfpBdbQEuZqLGWVDpRPmeZWCUsrrWyqGXegnQ6Cg,4DPCj6Z1DsG6HUtwSogBGqXEUxdEV5a8YVrrFtcnz7UW,5358.378635999996,5358.757944000012,5358.587620917212,1.0000390015210594,0.5358587620917212,1.0,17194.250646,15224.485082,32419.40632992867
vEnkoSUkpnbRrPgBz9DfcVxNz67zjwMYBZraAvDDNSf,DtfyjjsZ5yCjWKLKHvwsfXs5QVsmm1QkK6Sh9JZHoq1g,e5wrKCRv4GhHvEf1VD5Pq2KGaZDXP77nTL612Jyrxwy,1418.8678730000001,1418.1894469999997,1418.235340038343,0.9995541988273231,0.14182353400383432,0.999206629935831,939.234466,1008.41176,1946.4274704708987
SRMuKizofcAMicegrfSv7xs9q76tH1w8aAF7oX9FEWu,72Hj2KWntXPfbie4UgKeTPnm1XVkomDfCnRPKbvfTtPi,6aqJQ5wedqpUt4fFEDUqUmXhrdxCu4bEJsQdVPCADLko,19.483007000000725,19.534013000000414,1.20447417824794,0.061821780295407955,0.00048178967129917607,0.06199024645462283,16948.215891,4942.927552,1354.1821763683693
B2izdXFYb2sNwbWWHmh75T4aQFtfXsUxem9u2p61HGzf,4DYwgJtxwuJdAjkj5RJSNH4e7U329V5cNp7d3a1nLrZv,EXNW64GEf1ACC6xY9BtKRiunrs6GoJSXBdxWN2eTPmrF,5524.563692,5474.178554000007,5583.999785719196,1.0107585136189603,0.5583999785719195,1.0,10137.171923,29802.102303,40048.335128191335
TETFuZgEmET6d9vYmz9iMFCxK1jKdKYxf3oPz8hSzJK,Eu1Ze6Z84LWNkq7SNoAHBJbXx5t1P95EwyqYohrfCRFV,ASMbv7WNu3qe4pkhREmvyEdwFNDZQ6B6iSrjkj4u8bdC,138.01294391199997,138.0998196980001,137.7492359482053,0.9980892519475361,0.055099694379282124,0.9985032436377871,219.856999394,132.897270441,352.13526366653406
RoBgmK8CvjdHvPrqdDyVw54VwjZv2TqJ493xnqJAQHx,ExiHJxM7qPAcy27NDHAF6G7vnW7muNHi2sVJpnaNynGQ,6rkPHSqZb7StM4HwS9EuVrmfkV7tRdc7dnsFhyB6cefE,2.396436999999949,25.142267999999902,0.0,0.0,0.0,0.9147716409814035,6260.087367,19.05262,17.42879646239511
KEVpg4SYCVrqFxKijQH6hm4QxsRdoE51ud64bEEFUC9,2bPenuBYfqzD8p5dFjCcggwkHDsc2RQDnx9AoyYGUBjA,AE6n6iLuX8oYu61vt5hoDYkjswpnxFxrhSehxrnQTnbx,917.058552984,916.0509600199998,918.4544356490247,1.0015221303595967,0.36738177425960994,1.0,2273.129911762,5371.975342498,7648.5652543100005
BerKDkt6v49dT1bHRedgnpsJS263C1DSJtEGvY9Mg35V,78XKqNb8wbfsMMrvo8WPUpdx7GEkfQutpNVH943aCGFa,DKYQwn4nDvFHCszi5tXbqfVMAP7DaXXp1KGTXEnYnKVH,0.07210667200001808,0.07202401100016687,0.0722489436082863,1.0019730713444686,2.8899577443314524e-05,0.999763145113528,1338.388229411,1686.819933395,3027.449366725402
SEQV6QiTpvTzrceiaYg9Avnwf7oc8ZALpnQMz6TyT4A,3dFMPj4r9mMmPHF32mz1gNDX7f8ftidWof7S8YiYTs1j,Fc1ED3YPeQfXQosHbd8DTaBd2AV5gHQtwiSAL5C5pUhi,601.4944499700005,599.9999999999999,599.595125681472,0.996842324499215,0.2398380502725888,0.9963086763541079,4159.510217876,1470.150089824,5611.09912440017
FrnkTEL6yZ5Aycq2TrEgu29dCrwKG4LPUZydfiwqspkc,DjvZuMZ46fxKBoBpGMPcRcos4xdTtHFxwMh69DpA2ZFY,9rvDPJLAng4uVVqnnSoEXgNDFhBZQTny9AoQioYDZbQX,51.56310159799972,42.98444972600004,9529.011581229146,184.8029169292408,3.811604632491658,154.0363294683051,172.570207498,1439.135613276,253570.645196868
parEAJhzYzHW87y9VoZAQ22dzQ2MD2ekEtTReaxbMcz,3oyc6hpjYSJEquK6dSvG72NXyz3pqLZz5D8AC71pwgQb,Di2vordgFJVZ1aj1aBpvzXtLfZgJsuLLXawGtVFwX6Rz,4.3355552119999174,5.093323351000407,653.7312132134679,150.7837361646498,0.2614924852853872,177.80809208183226,1102.102723704,140.946022487,191240.5096622624
KwnjUuZhTMTSGAaavkLEmSyfobY16JNH4poL9oeeEvE,J63v6qEZmQpDqCD8bd4PXu2Pq5ZbyXrFcSa3Xt1HdAPQ,BnKQtTdLw9qPCDgZkWX3sURkBAoKCUYL1yahh6Mw7mRK,185.64120099999934,8523.214168999868,4.222972050448024,0.022748032374817692,0.0004222972050448024,1.0,276176.201407,604.643285,6887.108455760608
AURHmCnNwiW4uA2Qj1XvEh4iKgRUZYXtiY7FKAapUV5Y,BKWm4TRnTeKwfWXRyuzjRHU7iZDkPuXBX5b5V5jSVfGJ,A5Ww74HVrkj9nPeC7pHKLfgeDMEhBCpW1efQdz3TGLEg,0.0001266409999516327,0.00011319100002538107,0.02168442694964518,171.22754051157995,8.673770779858074e-06,154.18804805178004,289.928185222,1795.287611452,326455.58258187526
Sid7E679i9ABqptiAVhkmQ27YHN8vaYT4fppPwmxFsJ,GP7KB8o1bv527HG8kTzzzf4wJ5aEGHvcMQvVhLziUfmT,9gYxhAZ1M9wu5pxr8SBoa5NDm21gi3s9vMHaYTME77sa,840.0711859999901,1712.0173749999722,7.827626290843144,0.009317813086905751,0.0031310505163372575,0.022739566563850476,130772.022081,10599.153337,1459.529411574639
ionytDfEj1mXodptgrsKEZro7DGsfpzANUfarJdm6Qb,3gkSjY95an9xNFSjCfsay6JZez7uv7yfW3Ad4ubc4fMK,9wXqANaSuEqkKL9yHzCPEDGHwbkStVAqV5rB3QDs3Jr6,0.02031090300000002,0.07565330600000042,15.31054141577392,753.8089968611393,0.006124216566309569,3041.9176248707186,3.17013297,0.079600045,2631.8115338581265
ALBpShJ9NLpE739pcHDF2LNVk5J4VYPvvKuV6jMPitZi,D6d156U1bPiJpDYRLextvDRccgFk7QzkQbJg42ceKEu5,GNcM8U5g8RwTZffwwm3kSQqUNPSwv5d2fbN9sLxPJqt2,6672.168053999987,6678.639939999994,6662.633824996417,0.9985710448348414,2.665053529998567,0.9984523987818882,53893.59165,46422.455065,100167.19174083645
ALLwa5WNZbvQsRKAqe1jdRGemdYQnW8E5k4msbRFcYtu,CGoM82Hbz7QVqTgvQatYtjvDWBvoUJp5qm21P8iMs9yb,3dxNNww8TivyN5FMy5dCNdi3Zcxv6e4kUfSPxfFwpdNq,2.102364013,2.099079850000001,6395.801810106172,3042.195248091022,2.558320724042469,3040.6781928641362,2.420038826,6.236662754,26325.91504898876
