0,1,2,3,4,5,6,7,8,9,10,11
Lee1XZJfJ9Hm2K1qTyeCz1LXNc1YBZaKZszvNY4KCDw,9DgFSWkPDGijNKcLGbr3p5xoJbHsPgXUTr6QvGBJ5vGN,2hNHZg7XBhuhHVZ3JDEi4buq2fPQwuWBdQ9xkH7t1GQX,2829.0064214419253,2383.1396950640483,478782.14978314814,169.24038989601024,47.87821497831481,142.51315681463714,6700.456106782,53885.003778624,8813309.797453245
KEN5P7p3asnb23Sw6yAmJRGvijfAzso3RqfyLAQhznt,9zj4aX38Uxf3h6AUjS4EipWS8mwbEofasHAf3a1uKGds,CwQDG1MWunn9cLNwcZLd8YBacweSR7ARo32w4mLua1Yr,152135.2517379988,152143.71837100014,152073.81391717625,0.9995961631500873,15.207381391717625,1.0,1142573.650411,1140824.613509,2282936.8505762247
KysFMBBoavfov2tLpvefWW6tPFt6rAeZWDJVy1mMQae,B8ka2V21TH3x64dFV8ETcjuQcwmrciJ2qzy1mJUttRew,7fSf7EYxBANyxzk2s5pymFgshA91tFYQNKKs5UnLWcYS,8.640639999997802,6.761000999999851,0.0,0.0,0.0,0.021337954622193588,134161.791868,2873.109516,61.306280477000584
STK75uPSyBnEhGTTzb1nwmP3n427XoXmfRhXxxhyady,6TYyD5fUmDe6N65avW1Ny2RxzRNobw2RRgKwH9CTzSAU,54zDfk4cx2vGrEajPtodWpArNe5eUurytyxd4X3aZAxK,437.950277436001,491.3830997019935,62350.942607841076,142.36991233999757,6.235094260784107,160.66112696390152,1514.730952279,265.022724925,258230.96255213683
BUSDTd9WiT6uBHJRgNvFXBsA7JrifsAtWzKfioN7ERcy,DyBxrn7gSc1EwnpWhDyhzvMHPtxpmBqRqotapLcKcfTM,Cds99GeBgoCpqBsoRWu1C6fF9LiUMd4pXQQD24s9LPff,502.61457095000003,501.73255857000004,503.3874418249315,1.00153770089369,0.05033874418249315,0.9990558921818882,75.79815604,98.15244655,173.9744909901281
parEAJhzYzHW87y9VoZAQ22dzQ2MD2ekEtTReaxbMcz,3oyc6hpjYSJEquK6dSvG72NXyz3pqLZz5D8AC71pwgQb,Di2vordgFJVZ1aj1aBpvzXtLfZgJsuLLXawGtVFwX6Rz,2.130808566000013,2.484214935999887,295.80816553862786,138.8243741172505,0.11832326621545115,163.38545111376595,1105.229103873,138.307271058,176030.13447546412
BSC8REUo9LpiiWUuqMuLXs2D2yJsJfGd4HdiF3wCLxk5,AZjEH1zWVx1UJ6udMyRijGTzPteuLnaY18yNNmprJEsh,Caf8ypkSVR8xYnXNhjvfvdGCC7mrM3C11rz8Xi6NA6aK,88.80005773300036,88.62060465200011,88.96044950920569,1.0018062125217033,0.035584179803682274,1.0,2614.558389077,3595.821931918,6215.102769096075
AUSejoEUCh2DBs9mof6BNC8Pubs22w4cJa1ccV9h44R,4xkyD7AfGQDwsQMy9MosRRNGoVJ1zosNinesxg1TzHG7,Cbm5gsQe3nSiCsFrvepVzMCD9xLK3ri9g3ypS2hdmVJ7,153.30168299999787,152.87565699999868,153.74477544282408,1.0028903299308607,0.015374477544282408,1.0,13391.557588,15487.645135,28917.90874271744
BSCNHw8CmxbZ8hCWWzMf5FaG2ajPT6JxfznKUNuRVrn4,7n9kgNL633yGzCYksgnzHyjG73ZLBAwvEae5sbAekbzW,SscdxE99omdG9AiMVwmaEMQySQnCgeAh1sPj2Leutm2,64.00104457399993,64.02570670799923,64.20290273759852,1.003153982328604,0.02568116109503941,1.0,4638.373677733,7063.711472722,11716.714499068032
heyk4SZTeCUV6a65WiVA5bzic3KcxgVf1qxobfeV4tQ,9ZDpBKPqMABtGfq66FbVribaArMvtk63xxy91onZAtDt,DaTP4s6N7xxSPinbNZ3FB52EpRDRt87QShTuN3VPCW52,58.99372627600246,51.020992673998876,9199.2332755751,155.93578938439043,3.67969331023004,142.61512499003476,610.779076874,4510.150603301,738458.0095054692
DFWzVTzNBrQZLjoQ4yQwkj9HuoXmfkuZP9V5vbymZe23,DhgiEgiNdqZdRdo195UUHnoEJUtefK8buko8nU97XJUZ,2K2kkXsouBHtWVjtcgkyiXd8eP3oVBvq1bTJzcVdLLr2,33.22984351400373,33.28850127599435,33.18416209690864,0.9986252894306938,0.013273664838763457,1.0,35500.717423506,32435.554473856,67887.46868590196
BkwbeSfcX1h4thMDd7obGkHrPevf3QwgzJ4pCEqG18Lu,35yX27bmurdebhfAb8EPmjLETDiUaEUCn9zHaDPbakH2,2CxECn1ZJFoESyUnQysQU8rRgT3iJ5GRs2Mdd6gZjx5g,0.0012019400000014002,0.0007404599999999428,2.5257207699449444,2101.370093300832,0.0010102883079779778,1293.6610608020699,0.80210248,22.09313674,30266.544874748008
WiiQFxXqp8P9Fs1rt9SVcDyA3KUdJmUsog6wnVQAwba,3S2jpqSYxho6wiz3cafhjXruVY8cg4HYa2v3BqBHYFSj,Dfe67M6TfrG74gKRtdqys4e6E9QirPD53BkF4FujFjuv,1720.065657027997,1712.572743405999,1727.5667275731855,1.0043609210581816,0.17275667275731854,1.0,4487.425460409,22343.305099253,26850.299867849317
KZMu9QBEdL97EFgamLbN5DE1AoKBG4HdrKKJo4Vuon3,DD4ACBWyVqdaKWh7v5btsgqQCCMwbKnuL2xd9pv7Gyuw,GcYqiJ1MAuYbNTNYXm1F1gQYTfTgkErACAhNU5dpVj9T,39.79696629,41.494471070000145,37.653339459121916,0.946135923646604,0.015061335783648766,0.9996983610135315,2399.52870479,700.89156082,2970.9604520229964
C2ypsDADXcCRz8HbV2zX1AXPSja7a1P3xZtRC91xGhJh,J9bYNuDpY1d1T86gLaw7DGk5D3CsUAf2tzUwxMvb6FTv,A2NGvvPrMGzsJ4jb52KEnSBVmsA7C34dV1GC7PerdgvG,178.22135696700002,179.31638786300027,25453.1469668826,142.81760278368645,10.18125878675304,142.93557364834047,3542.903952845,1899.624547653,777512.9738734206
SAMyS8Jr2HJrkFwYVKbpUwsNStnQmvz3f8Tup8bWUWF,6jPzm5TFfquvgm25sTyN3MMGBfufRaFHMxobDWv6hMFW,Cj9ECoDmxsHTDzCY5ZA6RWrPbg9uFzEC1Qc2kso2vJG6,559.9892594999998,112.2971997199922,529.8259552692101,0.946135923646604,0.21193038210768406,0.021923668145381544,501.57258062,108019.4601002,2842.738633320782
B2izdXFYb2sNwbWWHmh75T4aQFtfXsUxem9u2p61HGzf,4DYwgJtxwuJdAjkj5RJSNH4e7U329V5cNp7d3a1nLrZv,EXNW64GEf1ACC6xY9BtKRiunrs6GoJSXBdxWN2eTPmrF,11334.270042999999,11239.923059000002,11323.399579403771,0.9990409207161125,1.132339957940377,1.0,11491.310825,28231.092995,39711.38274184303
CZgvH45CRmoaNJ7395Ao5CQZXkGznvqU7cErD6n7FaRg,4ZjU6MKvtqVQKCiowhvZ5yUsPxXX5SCzd5eFsPeXyey5,BsyWeshjDbCvjDojry3vKDCesmFRM37WtwcR4Kfgzqr,4.9096679000000165,5.017635999999925,5.019575419069367,1.022385937563995,0.0020078301676277467,0.9996983610135315,241.39219576,563.13424698,809.7603701192141
YAkoNb6HKmSxQN9L8hiBE5tPJRsniSSMzND1boHmZxe,CfWX7o2TswwbxusJ4hCaPobu2jLCb1hfXuXJQjVq3jQF,EnTrdMMpdhugeH6Ban6gYZWXughWxKtVGfCwFn78ZmY3,5348714.418563009,5346602.886810995,5348714.418563009,1.0,534.871441856301,0.9940585122721495,315927.962734,1130988.221348,1440196.4314445173
Lid8SLUxQ9RmF7XMqUA8c24RitTwzja8VSKngJxRcUa,4PgzyzLtds9bKZ2to9PMnKqJzKEUpjvNUaeN23phegax,AtymwxoVN9peZo7EXTcDz9jKVc4vRmisJKKrNfe3ewBa,78.39986304399883,66.2639882069999,13287.03815708439,169.47782357256878,1.328703815708439,142.88208598701087,966.087183561,7677.300357696,1260679.0431077
SoNcU2iwHMw6dGzsYNQkYFkUjwN1UdAjrWVRnStrZu2,8ivTTid27jZnYNc4w3CTA1Z6QS2twsFb8WMwUabeDJgc,CyXm53PMvHCbeXJBykU46Rcbo28xk5srhMZFg7gv6EYB,0.9257794799999992,0.9170285930000031,156.97834573237654,169.5634318146441,0.06279133829295062,168.0204070865631,15.2684727,19.42303502,5852.440880497176
BUSDgu5JdqP1rndBvXvanbEufS94FNh1w5FJcAj6vawb,Bgzr8cWubt89JQFXndVjtdKmDbGzuPxNhvjH1EhWCwbo,Dxaf8xPBBQsasRKW5Aa4Sw2YrbfGofY9xZueyyF23FBW,26272.06848064001,26341.142600939984,26203.80364158314,0.9974016191718146,10.481521456633256,0.9996983610135315,8593.30485049,6508.80307193,15077.815935083994
daob129AwBGn9Y5r91uLoWZeYiGzbPmksauMhFZKTze,6VW5GQNyj4LStgmxEHLr5zUfW92vQnmbw8jTnCH7a38F,4VPCCUifPeBA1c7HWK358CHn2nyjm8pdTRk6Ps3KmnMQ,12.834936587000193,11.509972928999893,2038.1507802337292,158.7971055733973,0.8152603120934917,142.99856844133132,48.197348003,224.224213448,39717.34089213767
JSoLLrxK5bYdHwTEWYaGgmeycBCNXKDiBCTw5hXGBg7,xG4wXczA7Dk4hccJ61CHKpDHW4NrNfQwgmWgkb9BuF2,BVR6WgfhsRr9Lob4QDnkEAiNGgAbv7ZieKcY9kSg3QYR,0.6286479050000047,0.5393868859999991,104.85227646867976,166.7901469721417,0.04194091058747191,143.18768139194464,17.065669898,164.67240245,26425.445086522155
SRMuKizofcAMicegrfSv7xs9q76tH1w8aAF7oX9FEWu,72Hj2KWntXPfbie4UgKeTPnm1XVkomDfCnRPKbvfTtPi,6aqJQ5wedqpUt4fFEDUqUmXhrdxCu4bEJsQdVPCADLko,172.37514799999917,171.70607000000018,7.888731432207478,0.04576490012474139,0.0031554925728829912,0.04588201568137179,16773.017773,5117.707529,1002.4262202701098
C98Sspw7XqnMsgxea3SLQVdbMDL8pKUc3RE82UvX9eq2,CSqgQJurPCzGxb4Cgwx5R61hWQUiaoUHcShNc8r1cKEL,6S2CR5EnukPhC914XkAns8m5GixjMAoUuZMsS5ubHuWc,18.00515100000007,18.00015299999984,0.0,0.0,0.0,1.0,860.657763,903.155637,903.155637
AURHmCnNwiW4uA2Qj1XvEh4iKgRUZYXtiY7FKAapUV5Y,BKWm4TRnTeKwfWXRyuzjRHU7iZDkPuXBX5b5V5jSVfGJ,A5Ww74HVrkj9nPeC7pHKLfgeDMEhBCpW1efQdz3TGLEg,0.0012212710000767402,0.0010910269999726552,0.19547282323474313,160.05687781209932,7.818912929389726e-05,143.36831233417664,289.933115213,1795.282272063,303792.3787044669
KEVpg4SYCVrqFxKijQH6hm4QxsRdoE51ud64bEEFUC9,2bPenuBYfqzD8p5dFjCcggwkHDsc2RQDnx9AoyYGUBjA,AE6n6iLuX8oYu61vt5hoDYkjswpnxFxrhSehxrnQTnbx,72.93526840699997,72.77670394899997,73.10718228557432,1.0023570747366697,0.029242872914229733,1.0,1631.075555512,5894.697930378,7529.618052875497
ercAoEmXjQzEvAFbdjAo81KtMxRGn9AW1ju882upmPH,CMRhskR2Eg6V42RTSdRTXGdozyPbWB8U9dVpijPWb9T4,7TKLLgrWswt6ZJ1pXhVR3FyufHGjJFqiEXxvWJfDcgRm,8.678185551000013,7.538385999999996,1244.686287243875,143.42701938430508,0.4978745148975501,125.17414853414813,44.747396509,369.713678375,52696.580598512046
vEnkoSUkpnbRrPgBz9DfcVxNz67zjwMYBZraAvDDNSf,DtfyjjsZ5yCjWKLKHvwsfXs5QVsmm1QkK6Sh9JZHoq1g,e5wrKCRv4GhHvEf1VD5Pq2KGaZDXP77nTL612Jyrxwy,1493.781449,1493.5001220000001,1489.927007830742,0.997419675299999,0.1489927007830742,0.9991537168018688,912.912104,1035.309449,1944.9897783575639
Cob4usZcpHEY7Qt4ZCwj6WVg9S44zvzYV2v9qYF65dTf,NhFM9UXE48PyNAyeyPYA3iXztqKVJwA4bTdLj4ysM8w,6TuFuynuBoeskxyR2cz4wxyidk8dpDK7kAWw3UkjQGx,128.3558690000056,1316.3910860000033,1.062546640539719,0.008278130550771095,0.0004250186562158876,1.0,72126.746662,177.973865,775.0484900704294
BSCrK1Nx9PXU9mF7STWWBqeHLxmtJDr9h7jheEy4tAWX,FfSySSbVJPvEo5a5AvrP3nySoXpRE2QPn1uUMpJJ1x7v,HL7Vcj6838ZmvBHDbQxXfjBNckNi83WvPiZQoMQLFeRM,0.0009694530000000645,0.0009685600000000072,2.801862989627444,2890.148351314873,0.0011207451958509776,2885.0037505048754,0.840246919,0.964044869,5209.711310365233
GokA1R67GqSavkd15zR62QD68Tuc5AEfvjssntVDEbM8,3YB7hfpBdbQEuZqLGWVDpRPmeZWCUsrrWyqGXegnQ6Cg,4DPCj6Z1DsG6HUtwSogBGqXEUxdEV5a8YVrrFtcnz7UW,4609.292738999997,4609.069341999997,4609.776765560381,1.0001050110261578,0.4609776765560381,1.0,15351.470367,17070.709116,32423.791556656273
MATgk4zXLXtYkwBH678J1xZbRDZ45LicNzkRBHkxTuY,y8dALFo1bJrSzPYjMX14HJX448pXqYmrfXHD1K8MXih,GN7Yuet3UyiWS5YVkEHv6oQKi4HGBJc3XDPt9zQhAqZz,7873.132716999998,7848.714976000003,7886.121158548125,1.0016497170840373,3.15444846341925,1.0,3323.770698,4745.715401,8074.969380303914
MATSnbbiTCv7Dc3trJrkrqjx7ckKdr6fwPoVwv9q3sD,631WX9JizSHJm4w6VanZeJAst9T8DeUUnPLesdGkCVtK,211maUSfpnXbPuW1iBu8b4dtJv5EbN1j7JJiEX5TZKEP,4408.618110999996,4402.597848999998,4405.283311533166,0.9992435726155301,1.7621133246132663,0.9991996410874888,17663.016811,27900.560438,45527.8859971812
MARpDPs5A7XiyCWPNH8GsMWPLxmwNn9SBmKvPa9LzgA,6YjT74rmcfCpw8LSjPNx5JTmZoYLGrTKnf9arfSgZ4SR,F8GSmi3vA8M8TsybLya1LQ4n1aFHCRbZ6k437PeTdXtg,17139.311391999996,18036.750574000354,14794.909959774179,0.8632149577887885,5.917963983909671,1.0,297158.262857,15048.887323,271560.344651695
Sid7E679i9ABqptiAVhkmQ27YHN8vaYT4fppPwmxFsJ,GP7KB8o1bv527HG8kTzzzf4wJ5aEGHvcMQvVhLziUfmT,9gYxhAZ1M9wu5pxr8SBoa5NDm21gi3s9vMHaYTME77sa,533.8089250000012,1432.689267000038,4.418939970316786,0.008278130550771095,0.0017675759881267145,0.02192399354838257,132672.393691,9855.202703,1314.344795935972
SoN9GaFpSXfpyR5dth3x7PHPVhvJMpQqqDJfCSmPv1t,9kZ9iS68ViMPtoeqtnhAKuF2iqVyfHPdZHoUNdwCELr,BBhm5fJLjw3HRzjtKB8uMEYjGhY6EDm9co3cqpjrSzB9,0.17573961100000013,0.17270191599999984,30.231209053212673,172.02273796550426,0.01209248362128507,168.23832102193342,0.861471402,1.359705415,376.9472253550528
BUSD5rCfUDpCxKGMvYU2yThChxgHoioK74PTPociGnv2,CcFHbafgYDZ8yA8Me1PdtDiVb2eeaS61LbqyKKK5CsNZ,26R9s4nmF3CFDTkiePDwRmtscn8i7r2eygbSijditJ58,259.02455145,260.45455515000003,258.4659496702536,0.9978434407988765,0.025846594967025363,0.9996983610135315,107.80198672,40.28921726,147.8465698149797
HEDSDjj84KS7LKhZY7ejkCACTdPen62rKhCby1wXtgxc,EnnjMSFttpCTywBrYNt1J5QQeoSVkvzPipJDa8Y7kJow,6bjVT6JN2rSvpyn9PdfLYC8wJn4LWh49jpY47fnLDXZk,54.20050991500466,55.51078538400179,52.48492168625144,0.9683473784389935,0.020993968674500575,1.0,38848.486988104,9040.158450093,46658.98898134485
iLiUBQ7Z7im6Ew3b4ewwPcehzWgEQRJ1iQz7g6D62NW,GpugBvKWM3TVhYcZjemSdtehBWgfvuGr6uAm9iPjXT6v,92fMXJ3xy8tEyMUWLHKRLyhPw2nECBo77GtDiBBbYrjX,29.380715665000025,30.0,28.76784500594011,0.9791403767679492,0.011507138002376046,1.0,1849.781564545,1113.583762851,2924.779580897998
RajgMbScQbqqrdJfR2rxfHJiTiY5b6bJ2tTXiF4aPxy,725ZA3fhyBAKb5iopNRrcbSuQa3LXA1656Q3mBvYPxeg,GLA6i1dSZpUfk2f9Nj8uiG7xyDdAR2reff8oEiZH3617,38504.11852441999,38507.42395152002,38498.65479533144,0.9998581001384285,15.399461918132577,0.9996983610135315,88634.03787619,95292.52167739,183885.23845621804
RoBgmK8CvjdHvPrqdDyVw54VwjZv2TqJ493xnqJAQHx,ExiHJxM7qPAcy27NDHAF6G7vnW7muNHi2sVJpnaNynGQ,6rkPHSqZb7StM4HwS9EuVrmfkV7tRdc7dnsFhyB6cefE,0.16230699999999842,8.640639999999621,0.0,0.0,0.0,0.9469974970856153,6214.043385,19.881923,18.82813131824893
FrnkTEL6yZ5Aycq2TrEgu29dCrwKG4LPUZydfiwqspkc,DjvZuMZ46fxKBoBpGMPcRcos4xdTtHFxwMh69DpA2ZFY,9rvDPJLAng4uVVqnnSoEXgNDFhBZQTny9AoQioYDZbQX,46.84875580899873,39.098756076000086,8074.71678001711,172.35712326998691,3.2298867120068437,143.61957816344741,172.143863884,1439.702630673,236439.70566568823
ALLwa5WNZbvQsRKAqe1jdRGemdYQnW8E5k4msbRFcYtu,CGoM82Hbz7QVqTgvQatYtjvDWBvoUJp5qm21P8iMs9yb,3dxNNww8TivyN5FMy5dCNdi3Zcxv6e4kUfSPxfFwpdNq,4.914016021000001,4.7727226200000015,14185.95849018476,2886.8360277136258,5.674383396073904,2856.049398230392,0.985644971,7.683355982,24789.439641598532
wrmcMSHFi3sWpAEy4rGDvQb3ezh3PhXoV2xNjgLBkKU,8p4mGnARWPBu6P2Gcw4adodLkNDorrXniZMhaY7eJXUn,AyY89zccbsgp9LKFgH4CFZMJmpSgqmPSdTfukhP227rc,0.005357330000002561,0.028169380000005073,1.5878275044465209,296.38411381149973,0.0006351310017786083,2882.7582230678313,27.07460426,0.0965982,8302.951845780706
KwnjUuZhTMTSGAaavkLEmSyfobY16JNH4poL9oeeEvE,J63v6qEZmQpDqCD8bd4PXu2Pq5ZbyXrFcSa3Xt1HdAPQ,BnKQtTdLw9qPCDgZkWX3sURkBAoKCUYL1yahh6Mw7mRK,193.08970100000067,8539.058432999824,4.233663250715576,0.02192588847975668,0.0004233663250715577,1.0,276780.561166,591.2191,6659.878817490189
