0,1,2,3,4,5,6,7,8,9,10,11
KEN5P7p3asnb23Sw6yAmJRGvijfAzso3RqfyLAQhznt,9zj4aX38Uxf3h6AUjS4EipWS8mwbEofasHAf3a1uKGds,CwQDG1MWunn9cLNwcZLd8YBacweSR7ARo32w4mLua1Yr,65088.27273699967,65087.632296001306,65050.15334713825,0.9994143431948879,6.505015334713826,1.0,1143096.055277,1147076.537268,2289503.1305613304
BUSDgu5JdqP1rndBvXvanbEufS94FNh1w5FJcAj6vawb,Bgzr8cWubt89JQFXndVjtdKmDbGzuPxNhvjH1EhWCwbo,Dxaf8xPBBQsasRKW5Aa4Sw2YrbfGofY9xZueyyF23FBW,7037.86290511,7055.492759480002,7016.859969680153,0.997015722569049,2.8067439878720615,0.9998194825924179,8829.27324569,6246.21882961,15048.015523190876
YAkoNb6HKmSxQN9L8hiBE5tPJRsniSSMzND1boHmZxe,CfWX7o2TswwbxusJ4hCaPobu2jLCb1hfXuXJQjVq3jQF,EnTrdMMpdhugeH6Ban6gYZWXughWxKtVGfCwFn78ZmY3,6551709.39214498,6550630.913372997,6551709.39214498,1.0,655.170939214498,0.9963861075877791,469988.631872,979955.500471,1446402.6785955338
HEDSDjj84KS7LKhZY7ejkCACTdPen62rKhCby1wXtgxc,EnnjMSFttpCTywBrYNt1J5QQeoSVkvzPipJDa8Y7kJow,6bjVT6JN2rSvpyn9PdfLYC8wJn4LWh49jpY47fnLDXZk,8.856393313999433,9.045076450000124,8.579734556738781,0.9687616902895072,0.003431893822695513,1.0,39079.67185276,9088.319187923,46947.20814796206
JSoLLrxK5bYdHwTEWYaGgmeycBCNXKDiBCTw5hXGBg7,xG4wXczA7Dk4hccJ61CHKpDHW4NrNfQwgmWgkb9BuF2,BVR6WgfhsRr9Lob4QDnkEAiNGgAbv7ZieKcY9kSg3QYR,0.7318030860001201,0.6256504780000185,124.96957504036479,170.7694015386323,0.049987830016145915,148.0240710823431,17.162375814,164.554751162,27288.87282967905
DFWzVTzNBrQZLjoQ4yQwkj9HuoXmfkuZP9V5vbymZe23,DhgiEgiNdqZdRdo195UUHnoEJUtefK8buko8nU97XJUZ,2K2kkXsouBHtWVjtcgkyiXd8eP3oVBvq1bTJzcVdLLr2,0.0012453279996407218,0.0012453279996407218,0.0012275118000834144,0.9856935686321616,4.910047200333657e-07,1.0,44562.391123525,23439.799135838,67364.66146916752
BSCuChvaSj9b5HUSqgDVRzcnr2sSn7cXaamt1jbKH6hn,GnKpRj5kBVPMJfiwZtEuD9GYApLzPdW5JFuZTcyX4BTc,3dmwD9okkomV9nDwyuh4UMhKdUR13QpuKxRo89ycZB5t,934.9377596719996,934.5731633970001,936.0043412989315,1.001140804952948,0.37440173651957265,0.9991776767720166,1457.418206456,1655.527594986,3113.2470525545173
Cob4usZcpHEY7Qt4ZCwj6WVg9S44zvzYV2v9qYF65dTf,NhFM9UXE48PyNAyeyPYA3iXztqKVJwA4bTdLj4ysM8w,6TuFuynuBoeskxyR2cz4wxyidk8dpDK7kAWw3UkjQGx,17.483208999999903,1990.716322999986,0.15555835394518341,0.008897585903433647,6.222334157807337e-05,1.0,71197.284974,185.880865,819.3648241474106
Lee1XZJfJ9Hm2K1qTyeCz1LXNc1YBZaKZszvNY4KCDw,9DgFSWkPDGijNKcLGbr3p5xoJbHsPgXUTr6QvGBJ5vGN,2hNHZg7XBhuhHVZ3JDEi4buq2fPQwuWBdQ9xkH7t1GQX,900.5455988579088,759.1637145799887,158223.5720027347,175.6974574118148,15.82235720027347,148.1302189053562,6727.586503604,53840.373963391,9157406.224344613
B2izdXFYb2sNwbWWHmh75T4aQFtfXsUxem9u2p61HGzf,4DYwgJtxwuJdAjkj5RJSNH4e7U329V5cNp7d3a1nLrZv,EXNW64GEf1ACC6xY9BtKRiunrs6GoJSXBdxWN2eTPmrF,5602.946876999991,5546.897321999988,5648.240114477991,1.0080838241861487,0.564824011447799,1.0,10817.039175,29113.712463,40018.194680905384
NorjjEePhxfwLF4vZjUHCrVVKLzQjEEGQFd3wgjEJmh,34M8pFVqgbV7aqHxvRT5tCv3vu2P1JJYT8J3VaxBK2oG,3AZWBSze3ucsY3xSeuLne3b2pauVqiaJ1SZSV5T9WGWw,1.2194100000001526,2.1014530000006744,0.7061936509114032,0.579127324617081,0.0002824774603645613,1.0,38233.018432,2194.96729,24336.752966559707
ALBpShJ9NLpE739pcHDF2LNVk5J4VYPvvKuV6jMPitZi,D6d156U1bPiJpDYRLextvDRccgFk7QzkQbJg42ceKEu5,GNcM8U5g8RwTZffwwm3kSQqUNPSwv5d2fbN9sLxPJqt2,502.53716999999597,503.39346099999966,501.29946162923335,0.9975370809471414,0.20051978465169337,0.9993993609840485,55250.291578,45064.690003,100151.83697413899
MARpDPs5A7XiyCWPNH8GsMWPLxmwNn9SBmKvPa9LzgA,6YjT74rmcfCpw8LSjPNx5JTmZoYLGrTKnf9arfSgZ4SR,F8GSmi3vA8M8TsybLya1LQ4n1aFHCRbZ6k437PeTdXtg,14712.76839499997,15543.585562000168,13900.992156062395,0.9448250514693447,5.560396862424958,1.0,297136.060274,15027.606753,295769.20019478037
MATSnbbiTCv7Dc3trJrkrqjx7ckKdr6fwPoVwv9q3sD,631WX9JizSHJm4w6VanZeJAst9T8DeUUnPLesdGkCVtK,211maUSfpnXbPuW1iBu8b4dtJv5EbN1j7JJiEX5TZKEP,2484.039585000006,2481.8159759999944,2485.2449287904687,1.0004852353391394,0.9940979715161876,0.9987994430694306,20357.03681,25198.361006,45535.023702715625
moFiBS1R4Lf3E3zzmBPnw3NF4RhWPkhREFviuzUaCAU,44ALBrpqi9PfZkBRTvbtRNtFJGsatfY4QydjtMbFWq8S,2ho8qEEie1UjVwWNBo9y4oAJZMyMLx8zPj9bxyUz6uWs,2127.3100330229972,2129.3395853220063,2151.6843629755244,1.0114578174192552,0.8606737451902099,0.9999800993960419,14345.229773268,50138.794292861,64647.39129742021
MATgk4zXLXtYkwBH678J1xZbRDZ45LicNzkRBHkxTuY,y8dALFo1bJrSzPYjMX14HJX448pXqYmrfXHD1K8MXih,GN7Yuet3UyiWS5YVkEHv6oQKi4HGBJc3XDPt9zQhAqZz,3054.8135900000007,3055.8471600000003,3060.208738005104,1.0017661136583798,1.2240834952020414,1.0,3263.808992,4800.601898,8070.175147639115
RoBgmK8CvjdHvPrqdDyVw54VwjZv2TqJ493xnqJAQHx,ExiHJxM7qPAcy27NDHAF6G7vnW7muNHi2sVJpnaNynGQ,6rkPHSqZb7StM4HwS9EuVrmfkV7tRdc7dnsFhyB6cefE,15.337341000000379,0.2591929999999998,0.0,0.0,0.0,0.871478681452755,6270.209264,18.878108,16.451868668162707
C2ypsDADXcCRz8HbV2zX1AXPSja7a1P3xZtRC91xGhJh,J9bYNuDpY1d1T86gLaw7DGk5D3CsUAf2tzUwxMvb6FTv,A2NGvvPrMGzsJ4jb52KEnSBVmsA7C34dV1GC7PerdgvG,1371.014297188006,1379.2468957999972,202788.22728078256,147.91109596501488,81.11529091231303,148.61519617131586,3783.939133879,2195.159176265,885920.5959648392
C98Sspw7XqnMsgxea3SLQVdbMDL8pKUc3RE82UvX9eq2,CSqgQJurPCzGxb4Cgwx5R61hWQUiaoUHcShNc8r1cKEL,6S2CR5EnukPhC914XkAns8m5GixjMAoUuZMsS5ubHuWc,102.04794599999968,102.03896000000009,0.0,0.0,0.0,1.0,880.350246,883.355311,883.355311
MAR3XM1n9xWPQ3HJjAcC85o8DopWFP5p2WxGTaZ3fPB,6qG7GUhER8Cg9gDEgnebph9LdS6eu2eoWcA4R7z9uizK,4QV4CwRXVMY227KkFF9voNAfwWHVvVajXSXDKbUHkWZR,0.22994699999999924,0.0051129999999999926,0.21704948547415404,0.9439109250138282,8.681979418966162e-05,0.02121949003369358,0.112218,24.264778,0.620810011123989
WiiQFxXqp8P9Fs1rt9SVcDyA3KUdJmUsog6wnVQAwba,3S2jpqSYxho6wiz3cafhjXruVY8cg4HYa2v3BqBHYFSj,Dfe67M6TfrG74gKRtdqys4e6E9QirPD53BkF4FujFjuv,2195.5629821210014,2200.1169938159946,2188.315491292129,0.9966990285007123,0.2188315491292129,0.9999563249075969,21831.637876157,4992.996621679,26752.35081383522
7dwD9TF6uikvHXxPFK9AsSim54yJoujQjY9vU6gNFumk,CquVr6atkvwueDYficKjn6SSEWq4F4rH4VSiBbW4GBWU,8BCa6ge3b7ho3TfZuM64Vk1hgbrJ3J7EPiAb9uP86CGd,0.00097342,0.0009797550000000006,0.16993847669189968,174.57878068243892,6.797539067675989e-05,175.2863126631039,0.003827876,0.003680437,1.3133961554024278
Lid8SLUxQ9RmF7XMqUA8c24RitTwzja8VSKngJxRcUa,4PgzyzLtds9bKZ2to9PMnKqJzKEUpjvNUaeN23phegax,AtymwxoVN9peZo7EXTcDz9jKVc4vRmisJKKrNfe3ewBa,73.27377021699158,61.976218703000086,12807.401625530212,174.788353152876,1.2807401625530213,147.60873117453596,970.024145332,7672.599242162,1302091.5618273455
daob129AwBGn9Y5r91uLoWZeYiGzbPmksauMhFZKTze,6VW5GQNyj4LStgmxEHLr5zUfW92vQnmbw8jTnCH7a38F,4VPCCUifPeBA1c7HWK358CHn2nyjm8pdTRk6Ps3KmnMQ,10.858204829000051,9.707459594000007,1773.4323400470398,163.32647688783356,0.709372936018816,147.76937692451142,48.111014093,224.296202791,41001.91256427053
ALLwa5WNZbvQsRKAqe1jdRGemdYQnW8E5k4msbRFcYtu,CGoM82Hbz7QVqTgvQatYtjvDWBvoUJp5qm21P8iMs9yb,3dxNNww8TivyN5FMy5dCNdi3Zcxv6e4kUfSPxfFwpdNq,5.331626206,5.084638276,16104.712759016493,3020.6004953784814,6.441885103606597,3018.94083479752,2.362096767,6.291989798,26130.09559784371
KysFMBBoavfov2tLpvefWW6tPFt6rAeZWDJVy1mMQae,B8ka2V21TH3x64dFV8ETcjuQcwmrciJ2qzy1mJUttRew,7fSf7EYxBANyxzk2s5pymFgshA91tFYQNKKs5UnLWcYS,11.477511999999933,15.337341000005836,0.0,0.0,0.0,0.02122673369559726,134509.592882,2606.584107,55.3292666944652
KwnjUuZhTMTSGAaavkLEmSyfobY16JNH4poL9oeeEvE,J63v6qEZmQpDqCD8bd4PXu2Pq5ZbyXrFcSa3Xt1HdAPQ,BnKQtTdLw9qPCDgZkWX3sURkBAoKCUYL1yahh6Mw7mRK,228.86108200002195,8826.144303000201,4.839254699939968,0.021144943725904013,0.00048392546999399686,1.0,277206.526182,581.927872,6443.444268571728
KZMu9QBEdL97EFgamLbN5DE1AoKBG4HdrKKJo4Vuon3,DD4ACBWyVqdaKWh7v5btsgqQCCMwbKnuL2xd9pv7Gyuw,GcYqiJ1MAuYbNTNYXm1F1gQYTfTgkErACAhNU5dpVj9T,37.920982120000076,39.59870805999935,36.324314197563396,0.9578948689307661,0.01452972567902536,0.9998194825924179,2405.87839357,694.73875571,2999.1919117429698
SoN9GaFpSXfpyR5dth3x7PHPVhvJMpQqqDJfCSmPv1t,9kZ9iS68ViMPtoeqtnhAKuF2iqVyfHPdZHoUNdwCELr,BBhm5fJLjw3HRzjtKB8uMEYjGhY6EDm9co3cqpjrSzB9,0.18347544100000013,0.1798947559999997,32.127305070595,175.10411690791344,0.012850922028237998,169.78459089384117,1.49294598,2.490328895,684.240460047806
GokA1R67GqSavkd15zR62QD68Tuc5AEfvjssntVDEbM8,3YB7hfpBdbQEuZqLGWVDpRPmeZWCUsrrWyqGXegnQ6Cg,4DPCj6Z1DsG6HUtwSogBGqXEUxdEV5a8YVrrFtcnz7UW,8603.922287000001,8604.079081999993,8604.309480926642,1.000045002025091,0.8604309480926643,1.0,16894.363409,15523.14235,32418.266039566028
parEAJhzYzHW87y9VoZAQ22dzQ2MD2ekEtTReaxbMcz,3oyc6hpjYSJEquK6dSvG72NXyz3pqLZz5D8AC71pwgQb,Di2vordgFJVZ1aj1aBpvzXtLfZgJsuLLXawGtVFwX6Rz,4.665592105999934,5.514079750999599,670.732641227001,143.7615260803535,0.2682930564908004,165.0405768762308,1103.494054821,139.763562194,181706.64827243894
RajgMbScQbqqrdJfR2rxfHJiTiY5b6bJ2tTXiF4aPxy,725ZA3fhyBAKb5iopNRrcbSuQa3LXA1656Q3mBvYPxeg,GLA6i1dSZpUfk2f9Nj8uiG7xyDdAR2reff8oEiZH3617,2141.3497624500014,2145.51662948,2137.14401263322,0.9980359351421557,0.8548576050532881,0.9998194825924179,133371.7014008,50556.49909891,183657.123499804
wrmcMSHFi3sWpAEy4rGDvQb3ezh3PhXoV2xNjgLBkKU,8p4mGnARWPBu6P2Gcw4adodLkNDorrXniZMhaY7eJXUn,AyY89zccbsgp9LKFgH4CFZMJmpSgqmPSdTfukhP227rc,0.005721619999999997,0.05327452000000932,1.8256604977664315,319.0810465858328,0.0007302641991065726,3027.6423748826787,27.06287551,0.0978105,8931.385855861365
BUSDTd9WiT6uBHJRgNvFXBsA7JrifsAtWzKfioN7ERcy,DyBxrn7gSc1EwnpWhDyhzvMHPtxpmBqRqotapLcKcfTM,Cds99GeBgoCpqBsoRWu1C6fF9LiUMd4pXQQD24s9LPff,510.34825460999997,512.09325408,509.7463257586911,0.9988205527385043,0.050974632575869115,0.9983165089215104,125.66385886,138.68583168,263.9680002854524
STK75uPSyBnEhGTTzb1nwmP3n427XoXmfRhXxxhyady,6TYyD5fUmDe6N65avW1Ny2RxzRNobw2RRgKwH9CTzSAU,54zDfk4cx2vGrEajPtodWpArNe5eUurytyxd4X3aZAxK,505.99576253999993,568.7619002800018,74792.44000849624,147.81238410585257,7.479244000849624,166.60710462676258,1741.650641997,306.47605979,308498.62263209576
BSC8REUo9LpiiWUuqMuLXs2D2yJsJfGd4HdiF3wCLxk5,AZjEH1zWVx1UJ6udMyRijGTzPteuLnaY18yNNmprJEsh,Caf8ypkSVR8xYnXNhjvfvdGCC7mrM3C11rz8Xi6NA6aK,2249.4819856510003,2244.421190644001,2254.056401523097,1.0020335419004358,0.9016225606092388,0.9999546070606126,2770.648807754,3586.063508265,6362.18376449749
KEVpg4SYCVrqFxKijQH6hm4QxsRdoE51ud64bEEFUC9,2bPenuBYfqzD8p5dFjCcggwkHDsc2RQDnx9AoyYGUBjA,AE6n6iLuX8oYu61vt5hoDYkjswpnxFxrhSehxrnQTnbx,510.12174695200156,510.056227261,510.0725326036933,0.9999035243084571,0.20402901304147733,0.9999896461072042,3189.190906749,4454.903453728,7643.740555486034
Sid7E679i9ABqptiAVhkmQ27YHN8vaYT4fppPwmxFsJ,GP7KB8o1bv527HG8kTzzzf4wJ5aEGHvcMQvVhLziUfmT,9gYxhAZ1M9wu5pxr8SBoa5NDm21gi3s9vMHaYTME77sa,1084.3752680000052,2233.3102009999857,9.64832209858893,0.008897585903433647,0.0038593288394355722,0.021234252837352717,130147.123118,10857.084835,1388.537292490138
FrnkTEL6yZ5Aycq2TrEgu29dCrwKG4LPUZydfiwqspkc,DjvZuMZ46fxKBoBpGMPcRcos4xdTtHFxwMh69DpA2ZFY,9rvDPJLAng4uVVqnnSoEXgNDFhBZQTny9AoQioYDZbQX,19.776502977997865,16.50092027000008,3485.705635274293,176.25490407238718,1.3942822541097173,146.60899264374717,172.780638873,1438.857012319,241402.8120646067
SAMGk1Nd4haC8zQA63DG37pzuEZy8j4q13tSFtCbcRE,9U9TnkHD3jXMAVZtynCVLgDruuqN4pTvLJTmVHCLWS8g,C6zoEbvqSknmi96QWq96UBiPCyNW3YSTvKhavR2BfifE,0.22492610999999985,0.5374551299999979,0.4256795794039661,1.8925307488933427,0.00017027183176158644,0.0,53.64118392,1.13876514,101.51758997564313
AUSejoEUCh2DBs9mof6BNC8Pubs22w4cJa1ccV9h44R,4xkyD7AfGQDwsQMy9MosRRNGoVJ1zosNinesxg1TzHG7,Cbm5gsQe3nSiCsFrvepVzMCD9xLK3ri9g3ypS2hdmVJ7,229.37789200000043,229.2169300000005,229.47955144128892,1.0004431963359768,0.022947955144128892,1.0,14262.729725,14614.679189,28883.730103555146
ercAoEmXjQzEvAFbdjAo81KtMxRGn9AW1ju882upmPH,CMRhskR2Eg6V42RTSdRTXGdozyPbWB8U9dVpijPWb9T4,7TKLLgrWswt6ZJ1pXhVR3FyufHGjJFqiEXxvWJfDcgRm,0.11535952799999905,0.1173917139999503,16.98173557992865,147.20704803792879,0.00679269423197146,143.98682232602073,301.232149044,787.885470619,157788.6207061598
CZgvH45CRmoaNJ7395Ao5CQZXkGznvqU7cErD6n7FaRg,4ZjU6MKvtqVQKCiowhvZ5yUsPxXX5SCzd5eFsPeXyey5,BsyWeshjDbCvjDojry3vKDCesmFRM37WtwcR4Kfgzqr,62.012155080000184,60.32808412999998,64.08971615939542,1.0335024815169709,0.025635886463758167,1.0,205.78600014,599.68628119,812.3666229961418
vEnkoSUkpnbRrPgBz9DfcVxNz67zjwMYBZraAvDDNSf,DtfyjjsZ5yCjWKLKHvwsfXs5QVsmm1QkK6Sh9JZHoq1g,e5wrKCRv4GhHvEf1VD5Pq2KGaZDXP77nTL612Jyrxwy,1184.919696,1184.9033790000003,1176.7939338865137,0.9931423520590325,0.11767939338865137,0.9974345982133951,817.234803,1130.220071,1938.95109684652
Dg3mAgpwDfVNnbGWcsxL8sUcSkEbjSJQhKAWNigG44Ju,EATxwd8YA2wV93VJcKMmH2Kn2Y9XfJVUB9hHVu3udwEy,GiGvrRi7NMHfHKanG2B8xyCEqe8jaafWins8bhrLVEaa,0.003522915999999987,0.0035602189999999756,0.5974034122502309,169.57639984894135,0.00023896136490009234,172.8514350558267,0.198682023,0.260927835,78.79353290080454
heyk4SZTeCUV6a65WiVA5bzic3KcxgVf1qxobfeV4tQ,9ZDpBKPqMABtGfq66FbVribaArMvtk63xxy91onZAtDt,DaTP4s6N7xxSPinbNZ3FB52EpRDRt87QShTuN3VPCW52,60.28429887400307,52.11172509599999,9938.167652252747,164.85499272412488,3.9752670609010985,146.57744595249835,622.394827003,4496.524666387,761693.9959385288
SoNcU2iwHMw6dGzsYNQkYFkUjwN1UdAjrWVRnStrZu2,8ivTTid27jZnYNc4w3CTA1Z6QS2twsFb8WMwUabeDJgc,CyXm53PMvHCbeXJBykU46Rcbo28xk5srhMZFg7gv6EYB,0.9399031900000132,0.931454558000004,163.4844543318299,173.9375459847387,0.06539378173273196,171.11983213828947,15.234870197,19.452642788,5978.648903990879
AURHmCnNwiW4uA2Qj1XvEh4iKgRUZYXtiY7FKAapUV5Y,BKWm4TRnTeKwfWXRyuzjRHU7iZDkPuXBX5b5V5jSVfGJ,A5Ww74HVrkj9nPeC7pHKLfgeDMEhBCpW1efQdz3TGLEg,0.008914308000100846,0.008358697999881315,1.4636779376319458,164.19422995204872,0.0005854711750527783,146.84932568992383,289.936190924,1795.278647228,311241.3083749468
ionytDfEj1mXodptgrsKEZro7DGsfpzANUfarJdm6Qb,3gkSjY95an9xNFSjCfsay6JZez7uv7yfW3Ad4ubc4fMK,9wXqANaSuEqkKL9yHzCPEDGHwbkStVAqV5rB3QDs3Jr6,0.004534002000000009,0.01766792500000003,3.3930562862439158,748.357915643599,0.0013572225144975665,3014.408874419726,3.17013297,0.079592188,2612.3174995839354
SERgf3DMJpQxUifu7VoFKmfne73d2fDJxSrxUMrcNJB,AJfM2GZ2tTB8UtN2krcyR9xufRJEx2mhSCbJyMgPo3GU,F4yRYkufQvERZcEKnKjJwRLU1btiMBUuEwq46hfm11QD,0.0703267409999988,0.07032860099999994,10.310314985702817,146.60589754476172,0.004124125994281127,146.6249000751306,29.110083793,28.13477164,8392.968042427605
BSCNHw8CmxbZ8hCWWzMf5FaG2ajPT6JxfznKUNuRVrn4,7n9kgNL633yGzCYksgnzHyjG73ZLBAwvEae5sbAekbzW,SscdxE99omdG9AiMVwmaEMQySQnCgeAh1sPj2Leutm2,126.88074508000045,126.17124809700044,127.62431471210004,1.0058603819801875,0.05104972588484002,0.9999847332330778,3928.584187354,7776.066950153,11727.555426084518
SAMyS8Jr2HJrkFwYVKbpUwsNStnQmvz3f8Tup8bWUWF,6jPzm5TFfquvgm25sTyN3MMGBfufRaFHMxobDWv6hMFW,Cj9ECoDmxsHTDzCY5ZA6RWrPbg9uFzEC1Qc2kso2vJG6,1726.7994438500405,112.12923172000927,1654.390969798915,0.9580678148183295,0.661756387919566,0.021120946600409588,485.32110148,108735.8801961,2761.5752463505305
