0,1,2,3,4,5,6,7,8,9,10,11
BkwbeSfcX1h4thMDd7obGkHrPevf3QwgzJ4pCEqG18Lu,35yX27bmurdebhfAb8EPmjLETDiUaEUCn9zHaDPbakH2,2CxECn1ZJFoESyUnQysQU8rRgT3iJ5GRs2Mdd6gZjx5g,0.0002019100000012486,0.00012897999999994525,0.44050527969554193,2181.6912470547168,0.00017620211187821676,1385.0415512465374,0.84291817,22.02806093,32348.766874912824
SoNcU2iwHMw6dGzsYNQkYFkUjwN1UdAjrWVRnStrZu2,8ivTTid27jZnYNc4w3CTA1Z6QS2twsFb8WMwUabeDJgc,CyXm53PMvHCbeXJBykU46Rcbo28xk5srhMZFg7gv6EYB,3.993100895000012,3.9553795679999997,702.2688876187146,175.87055926837846,0.2809075550474859,174.55933804306065,15.424347599,19.261121859,6074.897320259766
JSoLLrxK5bYdHwTEWYaGgmeycBCNXKDiBCTw5hXGBg7,xG4wXczA7Dk4hccJ61CHKpDHW4NrNfQwgmWgkb9BuF2,BVR6WgfhsRr9Lob4QDnkEAiNGgAbv7ZieKcY9kSg3QYR,2.193907973000023,1.8673370419999955,382.967123494277,174.55933804306065,0.1531868493977108,148.47547608290216,17.081127174,164.650046644,27428.164315062724
moFiBS1R4Lf3E3zzmBPnw3NF4RhWPkhREFviuzUaCAU,44ALBrpqi9PfZkBRTvbtRNtFJGsatfY4QydjtMbFWq8S,2ho8qEEie1UjVwWNBo9y4oAJZMyMLx8zPj9bxyUz6uWs,1245.892788355999,1246.9080147370041,1244.648398844022,0.9990012065856653,0.4978593595376088,0.9995837823093006,34161.221462613,30243.544381638,64358.05794302742
CZgvH45CRmoaNJ7395Ao5CQZXkGznvqU7cErD6n7FaRg,4ZjU6MKvtqVQKCiowhvZ5yUsPxXX5SCzd5eFsPeXyey5,BsyWeshjDbCvjDojry3vKDCesmFRM37WtwcR4Kfgzqr,28.674320830000056,27.900202699999994,29.37895539115684,1.024573714067521,0.011751582156462737,1.0,233.98611571,570.67730144,810.4133250532274
BUSDTd9WiT6uBHJRgNvFXBsA7JrifsAtWzKfioN7ERcy,DyBxrn7gSc1EwnpWhDyhzvMHPtxpmBqRqotapLcKcfTM,Cds99GeBgoCpqBsoRWu1C6fF9LiUMd4pXQQD24s9LPff,527.4343879599999,526.5915097299999,527.2761207595926,0.9996999300689904,0.05272761207595927,0.9994652860719515,135.66006751,128.63719939,264.1877752907225
C98Sspw7XqnMsgxea3SLQVdbMDL8pKUc3RE82UvX9eq2,CSqgQJurPCzGxb4Cgwx5R61hWQUiaoUHcShNc8r1cKEL,6S2CR5EnukPhC914XkAns8m5GixjMAoUuZMsS5ubHuWc,44.93789599999957,44.947407,0.0,0.0,0.0,1.0,893.054616,870.622596,870.622596
KwnjUuZhTMTSGAaavkLEmSyfobY16JNH4poL9oeeEvE,J63v6qEZmQpDqCD8bd4PXu2Pq5ZbyXrFcSa3Xt1HdAPQ,BnKQtTdLw9qPCDgZkWX3sURkBAoKCUYL1yahh6Mw7mRK,168.05635400000006,8044.616975000303,3.538139863559917,0.021053294203680725,0.0003538139863559917,1.0,276889.954085,588.727387,6418.173052395152
DFWzVTzNBrQZLjoQ4yQwkj9HuoXmfkuZP9V5vbymZe23,DhgiEgiNdqZdRdo195UUHnoEJUtefK8buko8nU97XJUZ,2K2kkXsouBHtWVjtcgkyiXd8eP3oVBvq1bTJzcVdLLr2,0.0012453279996407218,0.0012453279996407218,0.0012247041061876367,0.9834389867897975,4.898816424750547e-07,0.9996124462561368,45476.03363391,22540.058641838,67254.22759787567
ALBpShJ9NLpE739pcHDF2LNVk5J4VYPvvKuV6jMPitZi,D6d156U1bPiJpDYRLextvDRccgFk7QzkQbJg42ceKEu5,GNcM8U5g8RwTZffwwm3kSQqUNPSwv5d2fbN9sLxPJqt2,2594.7341579999993,2598.408202999999,2589.692027622219,0.9980567834426373,1.0358768110488876,0.9993114743941425,55250.291578,45064.690003,100176.5901066194
SAMGk1Nd4haC8zQA63DG37pzuEZy8j4q13tSFtCbcRE,9U9TnkHD3jXMAVZtynCVLgDruuqN4pTvLJTmVHCLWS8g,C6zoEbvqSknmi96QWq96UBiPCyNW3YSTvKhavR2BfifE,0.09527633999999996,0.21516111000000826,0.13394150096720497,1.4058212245265196,5.3576600386881985e-05,0.0,54.20831194,0.87570769,76.20719547100636
BSCuChvaSj9b5HUSqgDVRzcnr2sSn7cXaamt1jbKH6hn,GnKpRj5kBVPMJfiwZtEuD9GYApLzPdW5JFuZTcyX4BTc,3dmwD9okkomV9nDwyuh4UMhKdUR13QpuKxRo89ycZB5t,929.0529836719998,928.6955870480001,930.0987103938724,1.001125583513805,0.37203948415754895,0.9983586982999948,1463.295782805,1649.642818986,3111.8781018367426
GokA1R67GqSavkd15zR62QD68Tuc5AEfvjssntVDEbM8,3YB7hfpBdbQEuZqLGWVDpRPmeZWCUsrrWyqGXegnQ6Cg,4DPCj6Z1DsG6HUtwSogBGqXEUxdEV5a8YVrrFtcnz7UW,11935.123776000008,11934.650809,11936.245783103619,1.0000940088368306,1.1936245783103618,1.0,16154.66249,16262.295501,32418.476672030076
wrmcMSHFi3sWpAEy4rGDvQb3ezh3PhXoV2xNjgLBkKU,8p4mGnARWPBu6P2Gcw4adodLkNDorrXniZMhaY7eJXUn,AyY89zccbsgp9LKFgH4CFZMJmpSgqmPSdTfukhP227rc,0.009896610000001138,0.048466500000005755,3.155806760204445,318.8775510204082,0.001262322704081778,3024.528929619212,27.06046979,0.09806361,8925.572561484834
SoN9GaFpSXfpyR5dth3x7PHPVhvJMpQqqDJfCSmPv1t,9kZ9iS68ViMPtoeqtnhAKuF2iqVyfHPdZHoUNdwCELr,BBhm5fJLjw3HRzjtKB8uMEYjGhY6EDm9co3cqpjrSzB9,0.4653071949999985,0.45731856000000026,82.32875026606453,176.93418702899015,0.032931500106425815,174.33411342037954,1.530822509,2.451607788,698.2537062910717
B2izdXFYb2sNwbWWHmh75T4aQFtfXsUxem9u2p61HGzf,4DYwgJtxwuJdAjkj5RJSNH4e7U329V5cNp7d3a1nLrZv,EXNW64GEf1ACC6xY9BtKRiunrs6GoJSXBdxWN2eTPmrF,5508.872150999987,5447.655665999997,5533.524000421866,1.0044749358391634,0.5533524000421866,1.0,10576.856633,29356.00047,39980.18785781271
Lee1XZJfJ9Hm2K1qTyeCz1LXNc1YBZaKZszvNY4KCDw,9DgFSWkPDGijNKcLGbr3p5xoJbHsPgXUTr6QvGBJ5vGN,2hNHZg7XBhuhHVZ3JDEi4buq2fPQwuWBdQ9xkH7t1GQX,972.9843094460739,820.24015142198,171147.52828484084,175.89957682079807,17.114752828484086,148.27658862424977,6722.470408828,53846.508883802,9166656.346718702
TETFuZgEmET6d9vYmz9iMFCxK1jKdKYxf3oPz8hSzJK,Eu1Ze6Z84LWNkq7SNoAHBJbXx5t1P95EwyqYohrfCRFV,ASMbv7WNu3qe4pkhREmvyEdwFNDZQ6B6iSrjkj4u8bdC,7.840621657,7.866549426000006,7.814146663900239,0.9966233553590582,0.0031256586655600957,0.9996211435865808,285.843713171,66.954091834,351.80724637567823
SERgf3DMJpQxUifu7VoFKmfne73d2fDJxSrxUMrcNJB,AJfM2GZ2tTB8UtN2krcyR9xufRJEx2mhSCbJyMgPo3GU,F4yRYkufQvERZcEKnKjJwRLU1btiMBUuEwq46hfm11QD,0.0703267409999988,0.07032860099999994,10.426900158211977,148.26366201459774,0.0041707600632847905,148.4150313556437,29.110083793,28.13477164,8491.590639836446
heyk4SZTeCUV6a65WiVA5bzic3KcxgVf1qxobfeV4tQ,9ZDpBKPqMABtGfq66FbVribaArMvtk63xxy91onZAtDt,DaTP4s6N7xxSPinbNZ3FB52EpRDRt87QShTuN3VPCW52,80.82936188400072,70.0052878319998,13571.006386969433,167.89698781051078,5.428402554787773,148.41322516185946,619.596175174,4499.747679457,771850.3969934345
ercAoEmXjQzEvAFbdjAo81KtMxRGn9AW1ju882upmPH,CMRhskR2Eg6V42RTSdRTXGdozyPbWB8U9dVpijPWb9T4,7TKLLgrWswt6ZJ1pXhVR3FyufHGjJFqiEXxvWJfDcgRm,0.11535952799999905,0.1173917139999503,17.12064075625561,148.41115470111626,0.006848256302502244,145.5631196622004,300.932149044,788.19050737,159393.1568672182
Cob4usZcpHEY7Qt4ZCwj6WVg9S44zvzYV2v9qYF65dTf,NhFM9UXE48PyNAyeyPYA3iXztqKVJwA4bTdLj4ysM8w,6TuFuynuBoeskxyR2cz4wxyidk8dpDK7kAWw3UkjQGx,195.5423460000034,1608.9213330000034,1.7600161054753045,0.009000690343948691,0.0007040064421901218,1.0,71043.397438,187.248957,826.6885783215158
BSCNHw8CmxbZ8hCWWzMf5FaG2ajPT6JxfznKUNuRVrn4,7n9kgNL633yGzCYksgnzHyjG73ZLBAwvEae5sbAekbzW,SscdxE99omdG9AiMVwmaEMQySQnCgeAh1sPj2Leutm2,125.40045664900026,124.69959965000044,126.08405134135162,1.005451293485037,0.05043362053654065,0.9995837883043068,3930.055835801,7774.586661722,11722.830511398744
YAkoNb6HKmSxQN9L8hiBE5tPJRsniSSMzND1boHmZxe,CfWX7o2TswwbxusJ4hCaPobu2jLCb1hfXuXJQjVq3jQF,EnTrdMMpdhugeH6Ban6gYZWXughWxKtVGfCwFn78ZmY3,6514904.174547015,6514124.638792038,6514904.174547015,1.0,651.4904174547015,0.9991666949763897,475547.826985,975673.737857,1450408.531014839
ionytDfEj1mXodptgrsKEZro7DGsfpzANUfarJdm6Qb,3gkSjY95an9xNFSjCfsay6JZez7uv7yfW3Ad4ubc4fMK,9wXqANaSuEqkKL9yHzCPEDGHwbkStVAqV5rB3QDs3Jr6,0.004534002000000009,0.01766792500000003,3.401354389613202,750.1881096684994,0.001360541755845281,3025.1694094869313,3.17013297,0.079592188,2618.9759125338187
FrnkTEL6yZ5Aycq2TrEgu29dCrwKG4LPUZydfiwqspkc,DjvZuMZ46fxKBoBpGMPcRcos4xdTtHFxwMh69DpA2ZFY,9rvDPJLAng4uVVqnnSoEXgNDFhBZQTny9AoQioYDZbQX,14.342894916000205,11.962993556999805,2495.4572212898884,173.9856030393197,0.9981828885159554,148.44728592342673,172.903112101,1438.702412351,243654.1205912603
MATgk4zXLXtYkwBH678J1xZbRDZ45LicNzkRBHkxTuY,y8dALFo1bJrSzPYjMX14HJX448pXqYmrfXHD1K8MXih,GN7Yuet3UyiWS5YVkEHv6oQKi4HGBJc3XDPt9zQhAqZz,3485.936917000001,3475.6951309999986,3492.0899795439573,1.0017651101240386,1.396835991817583,1.0,3263.808992,4800.522905,8070.092879294707
C2ypsDADXcCRz8HbV2zX1AXPSja7a1P3xZtRC91xGhJh,J9bYNuDpY1d1T86gLaw7DGk5D3CsUAf2tzUwxMvb6FTv,A2NGvvPrMGzsJ4jb52KEnSBVmsA7C34dV1GC7PerdgvG,1008.2138361719951,1014.2758736889987,149213.65485588103,147.9980233384003,59.68546194235241,145.31062980678482,3016.815806666,1817.439069174,710575.9919397403
MARpDPs5A7XiyCWPNH8GsMWPLxmwNn9SBmKvPa9LzgA,6YjT74rmcfCpw8LSjPNx5JTmZoYLGrTKnf9arfSgZ4SR,F8GSmi3vA8M8TsybLya1LQ4n1aFHCRbZ6k437PeTdXtg,18344.677271,19398.383258000074,17341.128805875196,0.9452948421877526,6.93645152235008,1.0,297596.327141,14588.381456,295904.65455640637
BSCrK1Nx9PXU9mF7STWWBqeHLxmtJDr9h7jheEy4tAWX,FfSySSbVJPvEo5a5AvrP3nySoXpRE2QPn1uUMpJJ1x7v,HL7Vcj6838ZmvBHDbQxXfjBNckNi83WvPiZQoMQLFeRM,0.010166816999999995,0.010160766000000043,30.806389251658203,3030.091842083734,0.012322555700663282,3026.4511833424126,0.840167801,0.964118951,5463.644539928326
RoBgmK8CvjdHvPrqdDyVw54VwjZv2TqJ493xnqJAQHx,ExiHJxM7qPAcy27NDHAF6G7vnW7muNHi2sVJpnaNynGQ,6rkPHSqZb7StM4HwS9EuVrmfkV7tRdc7dnsFhyB6cefE,13.925246999999217,0.23018000000000072,0.0,0.0,0.0,0.945262674318253,6285.546605,18.618915,17.599765385804236
BSC8REUo9LpiiWUuqMuLXs2D2yJsJfGd4HdiF3wCLxk5,AZjEH1zWVx1UJ6udMyRijGTzPteuLnaY18yNNmprJEsh,Caf8ypkSVR8xYnXNhjvfvdGCC7mrM3C11rz8Xi6NA6aK,2249.4819856510003,2244.421190644001,2253.4056764568,1.0017442641598502,0.90136227058272,0.999584375815289,2770.648807754,3586.063508265,6360.054604711952
KEN5P7p3asnb23Sw6yAmJRGvijfAzso3RqfyLAQhznt,9zj4aX38Uxf3h6AUjS4EipWS8mwbEofasHAf3a1uKGds,CwQDG1MWunn9cLNwcZLd8YBacweSR7ARo32w4mLua1Yr,43486.752817999804,43487.44130600034,43474.27570087366,0.9997130823453669,4.3474275700873655,1.0,1132826.511851,1127341.749249,2259843.2331741136
daob129AwBGn9Y5r91uLoWZeYiGzbPmksauMhFZKTze,6VW5GQNyj4LStgmxEHLr5zUfW92vQnmbw8jTnCH7a38F,4VPCCUifPeBA1c7HWK358CHn2nyjm8pdTRk6Ps3KmnMQ,20.05448639400005,17.982309805999996,3336.5409747042045,166.37379333247043,1.3346163898816819,148.48535288509268,47.832896506,224.606371109,41308.89671214264
ALLwa5WNZbvQsRKAqe1jdRGemdYQnW8E5k4msbRFcYtu,CGoM82Hbz7QVqTgvQatYtjvDWBvoUJp5qm21P8iMs9yb,3dxNNww8TivyN5FMy5dCNdi3Zcxv6e4kUfSPxfFwpdNq,2.065140098999999,2.025344736,6247.587653910146,3025.2609287551054,2.499035061564059,2997.7456952371817,1.048467725,7.609423496,25983.004971873917
Lid8SLUxQ9RmF7XMqUA8c24RitTwzja8VSKngJxRcUa,4PgzyzLtds9bKZ2to9PMnKqJzKEUpjvNUaeN23phegax,AtymwxoVN9peZo7EXTcDz9jKVc4vRmisJKKrNfe3ewBa,106.85130543599371,90.39812474799987,18752.380072841835,175.49977509703822,1.8752380072841834,148.75898560057647,969.762030435,7672.906886979,1311606.8633536627
parEAJhzYzHW87y9VoZAQ22dzQ2MD2ekEtTReaxbMcz,3oyc6hpjYSJEquK6dSvG72NXyz3pqLZz5D8AC71pwgQb,Di2vordgFJVZ1aj1aBpvzXtLfZgJsuLLXawGtVFwX6Rz,7.337484025999856,8.45871177400005,1019.6303095235912,138.9618438569138,0.4078521238094365,170.53421206202125,1103.808077265,139.496874458,177176.1952517089
AUSejoEUCh2DBs9mof6BNC8Pubs22w4cJa1ccV9h44R,4xkyD7AfGQDwsQMy9MosRRNGoVJ1zosNinesxg1TzHG7,Cbm5gsQe3nSiCsFrvepVzMCD9xLK3ri9g3ypS2hdmVJ7,174.80283899999995,174.63012600000184,174.99358200438476,1.0010911893964423,0.017499358200438478,1.0,14075.174084,14802.353638,28892.886402713542
BUSDgu5JdqP1rndBvXvanbEufS94FNh1w5FJcAj6vawb,Bgzr8cWubt89JQFXndVjtdKmDbGzuPxNhvjH1EhWCwbo,Dxaf8xPBBQsasRKW5Aa4Sw2YrbfGofY9xZueyyF23FBW,6114.45676623,6117.083514830002,6097.752278749978,0.9972680340840285,2.4391009114999913,1.0,8832.57641124,6241.13853559,15049.584649124277
KysFMBBoavfov2tLpvefWW6tPFt6rAeZWDJVy1mMQae,B8ka2V21TH3x64dFV8ETcjuQcwmrciJ2qzy1mJUttRew,7fSf7EYxBANyxzk2s5pymFgshA91tFYQNKKs5UnLWcYS,10.442549999999756,13.92524699997739,0.0,0.0,0.0,0.021751834924976725,134494.255541,2618.061619,56.94764415990531
vEnkoSUkpnbRrPgBz9DfcVxNz67zjwMYBZraAvDDNSf,DtfyjjsZ5yCjWKLKHvwsfXs5QVsmm1QkK6Sh9JZHoq1g,e5wrKCRv4GhHvEf1VD5Pq2KGaZDXP77nTL612Jyrxwy,1172.8990090000002,1172.9731810000003,1170.9318435029154,0.9983228176663207,0.11709318435029155,0.9982151912380665,1091.07987,856.308855,1944.0304375700775
NorjjEePhxfwLF4vZjUHCrVVKLzQjEEGQFd3wgjEJmh,34M8pFVqgbV7aqHxvRT5tCv3vu2P1JJYT8J3VaxBK2oG,3AZWBSze3ucsY3xSeuLne3b2pauVqiaJ1SZSV5T9WGWw,0.0036130000003140594,0.0012309999997341947,0.0020914459111532357,0.5788668449962461,8.365783644612943e-07,1.0,38235.118654,2193.751493,24326.793996298093
HEDSDjj84KS7LKhZY7ejkCACTdPen62rKhCby1wXtgxc,EnnjMSFttpCTywBrYNt1J5QQeoSVkvzPipJDa8Y7kJow,6bjVT6JN2rSvpyn9PdfLYC8wJn4LWh49jpY47fnLDXZk,32.08530725200217,31.48390539200045,31.04861793091906,0.9676895934659184,0.012419447172367626,0.9995847994630925,39074.680944527,9093.150453556,46901.5370906253
AURHmCnNwiW4uA2Qj1XvEh4iKgRUZYXtiY7FKAapUV5Y,BKWm4TRnTeKwfWXRyuzjRHU7iZDkPuXBX5b5V5jSVfGJ,A5Ww74HVrkj9nPeC7pHKLfgeDMEhBCpW1efQdz3TGLEg,0.00955284900010156,0.008533518999911394,1.5902697525182128,166.47073061673078,0.0006361079010072851,148.97887643408927,289.939855796,1795.274543625,315724.4840292446
MiMuMS9C4vBqcrYeeQPph1E7oAW9aNKvW9k6Zw9XffM,Afy2q2hh6Y474pshJa5fnQ6PfEchGyTbKrQpCZw2hr3m,5pXz9ksgjeL8Wgb37bksUaBFMLdFfsNNY3FQnikkCPtS,0.5466435340003954,0.008286185999999418,0.0,0.0,0.0,0.02189125131246261,26.002930055,7673.951587508,167.99240276180902
WiiQFxXqp8P9Fs1rt9SVcDyA3KUdJmUsog6wnVQAwba,3S2jpqSYxho6wiz3cafhjXruVY8cg4HYa2v3BqBHYFSj,Dfe67M6TfrG74gKRtdqys4e6E9QirPD53BkF4FujFjuv,1892.256601688,1895.0263387040031,1888.5726178509644,0.998053126709269,0.18885726178509646,0.9995687210817585,19876.170480601,6943.617770517,26778.09722972655
MiMUFdSLMyCLpqpH6zkqdDrGYs7XBomwENbivdYjv9V,,,0.008286186000000001,0.011129000000000056,0.0,0.0,0.0,0.9995687210817585,19876.170480601,6943.617770517,6940.623134556249
STK75uPSyBnEhGTTzb1nwmP3n427XoXmfRhXxxhyady,6TYyD5fUmDe6N65avW1Ny2RxzRNobw2RRgKwH9CTzSAU,54zDfk4cx2vGrEajPtodWpArNe5eUurytyxd4X3aZAxK,425.8665394909992,480.06340551900166,63443.39835007376,148.97483710718873,6.344339835007376,167.7906120816959,1851.833699942,326.034652963,330582.1777789672
Sid7E679i9ABqptiAVhkmQ27YHN8vaYT4fppPwmxFsJ,GP7KB8o1bv527HG8kTzzzf4wJ5aEGHvcMQvVhLziUfmT,9gYxhAZ1M9wu5pxr8SBoa5NDm21gi3s9vMHaYTME77sa,882.7542350000003,2101.888063000006,8.011119398530132,0.009075141280438183,0.003204447759412053,0.02169350474991218,130466.065196,10724.307273,1416.6457847229021
RajgMbScQbqqrdJfR2rxfHJiTiY5b6bJ2tTXiF4aPxy,725ZA3fhyBAKb5iopNRrcbSuQa3LXA1656Q3mBvYPxeg,GLA6i1dSZpUfk2f9Nj8uiG7xyDdAR2reff8oEiZH3617,13389.631560230002,13414.838502569997,13363.107262256222,0.9980190419837569,5.345242904902489,1.0,132897.72968365,51029.05415986,183663.51902055266
KEVpg4SYCVrqFxKijQH6hm4QxsRdoE51ud64bEEFUC9,2bPenuBYfqzD8p5dFjCcggwkHDsc2RQDnx9AoyYGUBjA,AE6n6iLuX8oYu61vt5hoDYkjswpnxFxrhSehxrnQTnbx,56.50633025699972,56.486890526000025,56.536910959063654,1.000541190728983,0.022614764383625464,0.999583371651529,2680.657396124,4963.498511214,7643.538720080996
SAMyS8Jr2HJrkFwYVKbpUwsNStnQmvz3f8Tup8bWUWF,6jPzm5TFfquvgm25sTyN3MMGBfufRaFHMxobDWv6hMFW,Cj9ECoDmxsHTDzCY5ZA6RWrPbg9uFzEC1Qc2kso2vJG6,1550.3486579500168,33.50252777999998,1486.8966945846105,0.9590724557085714,0.5947586778338443,0.021737167077146548,493.5613929,108366.18247798,2828.934951167948
SEQV6QiTpvTzrceiaYg9Avnwf7oc8ZALpnQMz6TyT4A,3dFMPj4r9mMmPHF32mz1gNDX7f8ftidWof7S8YiYTs1j,Fc1ED3YPeQfXQosHbd8DTaBd2AV5gHQtwiSAL5C5pUhi,202.307629304,203.2093487840002,201.0068302853751,0.9935701929625688,0.08040273211415004,0.9983218210188672,4761.004667846,870.150089824,5599.082148760268
MATSnbbiTCv7Dc3trJrkrqjx7ckKdr6fwPoVwv9q3sD,631WX9JizSHJm4w6VanZeJAst9T8DeUUnPLesdGkCVtK,211maUSfpnXbPuW1iBu8b4dtJv5EbN1j7JJiEX5TZKEP,1008.377106999993,1007.0588270000007,1008.1674081790917,0.9997920432550029,0.4032669632716367,0.9984553895124243,19274.866131,26280.842715,45511.106842299225
KZMu9QBEdL97EFgamLbN5DE1AoKBG4HdrKKJo4Vuon3,DD4ACBWyVqdaKWh7v5btsgqQCCMwbKnuL2xd9pv7Gyuw,GcYqiJ1MAuYbNTNYXm1F1gQYTfTgkErACAhNU5dpVj9T,226.48024844999964,234.49138855000012,217.2109680504285,0.9590724557085714,0.08688438722017142,1.0,2397.65188775,702.61523546,3002.137119378684
4Fss9Dy3vAUBuQ4SyEZz4vcLxeQqoFLZjdXhEUr3wqz3,,,0.00019008700000000003,0.00016378599999999997,0.0,0.0,0.0,1.0,2397.65188775,702.61523546,702.61523546
