0,1,2,3,4,5,6,7,8,9,10,11
Cob4usZcpHEY7Qt4ZCwj6WVg9S44zvzYV2v9qYF65dTf,NhFM9UXE48PyNAyeyPYA3iXztqKVJwA4bTdLj4ysM8w,6TuFuynuBoeskxyR2cz4wxyidk8dpDK7kAWw3UkjQGx,17.698666000000003,1981.594912999979,0.1616752033954279,0.009134880752901257,6.467008135817117e-05,1.0,70847.920354,189.023673,836.2109770248359
HDSBGqAuMRr6X2AfmmbXQPpRgU6VEhtfNVVZ3wUTZXg,DCZ1d8kNLgDcdSd99y4udLgwq46mfDXNS9KXj96kQf5L,Fq8GGYQM5Pz3q7LmVMbrXHJgsxA5ev86kTq8yGgGuYsa,0.0011481740002636798,0.0011481740002636798,0.0011424350520380451,0.9950016737669406,4.569740208152181e-07,1.0,13521.842706439,12881.253958105,26335.510083425102
BkMBnJpvHKtWhUvrgRrLesXfi9RUV3ELgdBaJcdH7hcY,5uerVwBnZQsuVhZ15igs7ZgmcqhHnYWbwoRtLyRqLvR,9YWiQh5d4jCtgMdzcGLv9bWgnLaFtzvDDh2nnhJdzhBX,0.0011618900000485155,0.0011618900000485155,0.0011683007395890135,1.0055175098677416,4.673202958356054e-07,1.0,986.482241645,1887.575048349,2879.5002154966282
RajgMbScQbqqrdJfR2rxfHJiTiY5b6bJ2tTXiF4aPxy,725ZA3fhyBAKb5iopNRrcbSuQa3LXA1656Q3mBvYPxeg,GLA6i1dSZpUfk2f9Nj8uiG7xyDdAR2reff8oEiZH3617,5237.685522789972,5238.372786250024,5224.54818739085,0.9974917670520769,2.0898192749563402,1.0,129681.84482706,54242.08721471,183598.65976582732
FrnkTEL6yZ5Aycq2TrEgu29dCrwKG4LPUZydfiwqspkc,DjvZuMZ46fxKBoBpGMPcRcos4xdTtHFxwMh69DpA2ZFY,9rvDPJLAng4uVVqnnSoEXgNDFhBZQTny9AoQioYDZbQX,28.27911953199913,23.564961982999932,5095.7637949844675,180.19527762235933,2.038305517993787,150.41663150677905,172.466237011,1439.247148763,247564.30948134736
KwnjUuZhTMTSGAaavkLEmSyfobY16JNH4poL9oeeEvE,J63v6qEZmQpDqCD8bd4PXu2Pq5ZbyXrFcSa3Xt1HdAPQ,BnKQtTdLw9qPCDgZkWX3sURkBAoKCUYL1yahh6Mw7mRK,197.76595900000007,9234.694762999774,4.372083975174582,0.02210736365996425,0.00043720839751745815,1.0,276612.957178,594.831809,6710.0150463921655
MAR3XM1n9xWPQ3HJjAcC85o8DopWFP5p2WxGTaZ3fPB,6qG7GUhER8Cg9gDEgnebph9LdS6eu2eoWcA4R7z9uizK,4QV4CwRXVMY227KkFF9voNAfwWHVvVajXSXDKbUHkWZR,0.003711999999999993,0.1652930000000019,0.003516903306002794,0.9474416233843751,1.4067613224011174e-06,0.02202390333515016,0.108506,24.430071,0.6408486229618002
BSCNHw8CmxbZ8hCWWzMf5FaG2ajPT6JxfznKUNuRVrn4,7n9kgNL633yGzCYksgnzHyjG73ZLBAwvEae5sbAekbzW,SscdxE99omdG9AiMVwmaEMQySQnCgeAh1sPj2Leutm2,117.07505601999992,116.40751077800041,117.78656129130614,1.0060773429925558,0.047114624516522464,1.0,3861.231872152,7843.844355905,11728.542258517857
ZUCKWFa4LTL833dPhhpeeRWZcaAEoMeYJPi2iKn4F8N,7eEYpq6ShaJ9opZWMxitRFrdCHh6vfyHhGfoSvFht3N2,H8VggnHmuwd1wvwpT8eg9cUJFEfZ7HAaeYjgXrSm7A2u,0.0011523939999733557,0.0011523939999733557,0.0011537438086974155,1.001171308358158,4.614975234789662e-07,1.0,1849.447104349,1997.706962338,3849.3203395382952
daob129AwBGn9Y5r91uLoWZeYiGzbPmksauMhFZKTze,6VW5GQNyj4LStgmxEHLr5zUfW92vQnmbw8jTnCH7a38F,4VPCCUifPeBA1c7HWK358CHn2nyjm8pdTRk6Ps3KmnMQ,10.471664281000159,9.364981886999978,1749.2265506425272,167.0437958764905,0.6996906202570109,150.15039814630325,49.159046014,223.131251714,41714.959931585734
Lee1XZJfJ9Hm2K1qTyeCz1LXNc1YBZaKZszvNY4KCDw,9DgFSWkPDGijNKcLGbr3p5xoJbHsPgXUTr6QvGBJ5vGN,2hNHZg7XBhuhHVZ3JDEi4buq2fPQwuWBdQ9xkH7t1GQX,906.4411018681567,763.8939906569949,161049.97224184344,177.67284814195065,16.104997224184345,149.0351168465123,6707.379621656,53865.573874164,9219581.337289372
GokA1R67GqSavkd15zR62QD68Tuc5AEfvjssntVDEbM8,3YB7hfpBdbQEuZqLGWVDpRPmeZWCUsrrWyqGXegnQ6Cg,4DPCj6Z1DsG6HUtwSogBGqXEUxdEV5a8YVrrFtcnz7UW,8740.278088999992,8741.266217000013,8740.260608478775,0.999998000004,0.8740260608478776,1.0,17630.506871,14788.015211,32418.48682105678
BSCuChvaSj9b5HUSqgDVRzcnr2sSn7cXaamt1jbKH6hn,GnKpRj5kBVPMJfiwZtEuD9GYApLzPdW5JFuZTcyX4BTc,3dmwD9okkomV9nDwyuh4UMhKdUR13QpuKxRo89ycZB5t,242.57808947500007,242.1595334110002,243.1068222596257,1.0021796394957596,0.09724272890385027,0.9983706590843743,1304.258617512,1809.020487692,3113.174407701612
SRMuKizofcAMicegrfSv7xs9q76tH1w8aAF7oX9FEWu,72Hj2KWntXPfbie4UgKeTPnm1XVkomDfCnRPKbvfTtPi,6aqJQ5wedqpUt4fFEDUqUmXhrdxCu4bEJsQdVPCADLko,19.43963900000017,19.534013000000414,0.8582133291304898,0.044147596008880734,0.0003432853316521959,0.04421534606776568,16948.215891,4942.905868,966.7752817611703
MARpDPs5A7XiyCWPNH8GsMWPLxmwNn9SBmKvPa9LzgA,6YjT74rmcfCpw8LSjPNx5JTmZoYLGrTKnf9arfSgZ4SR,F8GSmi3vA8M8TsybLya1LQ4n1aFHCRbZ6k437PeTdXtg,16160.076208999984,17016.88787699974,15323.766337371593,0.9482483955637148,6.1295065349486375,1.0,296526.939016,15614.535785,296795.7299483415
AUSejoEUCh2DBs9mof6BNC8Pubs22w4cJa1ccV9h44R,4xkyD7AfGQDwsQMy9MosRRNGoVJ1zosNinesxg1TzHG7,Cbm5gsQe3nSiCsFrvepVzMCD9xLK3ri9g3ypS2hdmVJ7,109.3708889999998,109.29310799999985,109.46678190094502,1.0008767680488106,0.010946678190094504,1.0,14153.437455,14724.050916,28889.897652741383
ALBpShJ9NLpE739pcHDF2LNVk5J4VYPvvKuV6jMPitZi,D6d156U1bPiJpDYRLextvDRccgFk7QzkQbJg42ceKEu5,GNcM8U5g8RwTZffwwm3kSQqUNPSwv5d2fbN9sLxPJqt2,6672.168053999987,6678.639939999994,6657.222589287037,0.9977600287354887,2.662889035714815,0.9964019924054239,53893.59165,46422.455065,100028.29827247997
B2izdXFYb2sNwbWWHmh75T4aQFtfXsUxem9u2p61HGzf,4DYwgJtxwuJdAjkj5RJSNH4e7U329V5cNp7d3a1nLrZv,EXNW64GEf1ACC6xY9BtKRiunrs6GoJSXBdxWN2eTPmrF,10147.223922000012,10060.978991000015,10201.73177487316,1.0053717009984346,1.020173177487316,1.0,10487.043216,29448.316865,39991.693341514016
Lid8SLUxQ9RmF7XMqUA8c24RitTwzja8VSKngJxRcUa,4PgzyzLtds9bKZ2to9PMnKqJzKEUpjvNUaeN23phegax,AtymwxoVN9peZo7EXTcDz9jKVc4vRmisJKKrNfe3ewBa,70.75437544900979,59.8395951279997,12567.181498311445,177.61702253125216,1.2567181498311446,149.66143589970767,968.949981372,7673.878638025,1320585.7065599216
STK75uPSyBnEhGTTzb1nwmP3n427XoXmfRhXxxhyady,6TYyD5fUmDe6N65avW1Ny2RxzRNobw2RRgKwH9CTzSAU,54zDfk4cx2vGrEajPtodWpArNe5eUurytyxd4X3aZAxK,524.3072227660009,590.198081143,77894.06683079228,148.5656947845567,7.789406683079228,169.28577148012135,1799.51888541,316.266810303,320886.24446456827
BkwbeSfcX1h4thMDd7obGkHrPevf3QwgzJ4pCEqG18Lu,35yX27bmurdebhfAb8EPmjLETDiUaEUCn9zHaDPbakH2,2CxECn1ZJFoESyUnQysQU8rRgT3iJ5GRs2Mdd6gZjx5g,0.0655366400000007,0.04231706000000146,142.6073635651508,2175.9944294542606,0.057042945426060324,1338.6880856760374,0.80135447,22.09435093,31321.18721347455
JSoLLrxK5bYdHwTEWYaGgmeycBCNXKDiBCTw5hXGBg7,xG4wXczA7Dk4hccJ61CHKpDHW4NrNfQwgmWgkb9BuF2,BVR6WgfhsRr9Lob4QDnkEAiNGgAbv7ZieKcY9kSg3QYR,2.755647314000086,2.34758790899998,478.8071716979859,173.75488120900036,0.19152286867919435,140.03472300991754,17.211530467,164.498274662,26026.057759621184
C2ypsDADXcCRz8HbV2zX1AXPSja7a1P3xZtRC91xGhJh,J9bYNuDpY1d1T86gLaw7DGk5D3CsUAf2tzUwxMvb6FTv,A2NGvvPrMGzsJ4jb52KEnSBVmsA7C34dV1GC7PerdgvG,1290.393972113996,1298.179056120001,193727.16381806976,150.13024549447874,77.49086552722791,150.24379309085887,3844.260614737,2202.767803406,908091.9799173584
BUSDTd9WiT6uBHJRgNvFXBsA7JrifsAtWzKfioN7ERcy,DyBxrn7gSc1EwnpWhDyhzvMHPtxpmBqRqotapLcKcfTM,Cds99GeBgoCpqBsoRWu1C6fF9LiUMd4pXQQD24s9LPff,187.42378023,187.54390296999995,187.4370395261761,1.0000707450045017,0.01874370395261761,0.9994423111903558,86.42807332,87.27293675,173.65845328422583
HEDSDjj84KS7LKhZY7ejkCACTdPen62rKhCby1wXtgxc,EnnjMSFttpCTywBrYNt1J5QQeoSVkvzPipJDa8Y7kJow,6bjVT6JN2rSvpyn9PdfLYC8wJn4LWh49jpY47fnLDXZk,8.624761655999464,8.907119205010531,8.339372073528407,0.9669104383571531,0.003335748829411363,1.0,39079.496832677,9088.494514705,46874.8679279657
SAMyS8Jr2HJrkFwYVKbpUwsNStnQmvz3f8Tup8bWUWF,6jPzm5TFfquvgm25sTyN3MMGBfufRaFHMxobDWv6hMFW,Cj9ECoDmxsHTDzCY5ZA6RWrPbg9uFzEC1Qc2kso2vJG6,1373.4390309000012,99.08285843998954,1317.9269336508871,0.9595816807297681,0.5271707734603549,0.02205634999084981,497.79368659,108181.221091,2863.756577255299
MATgk4zXLXtYkwBH678J1xZbRDZ45LicNzkRBHkxTuY,y8dALFo1bJrSzPYjMX14HJX448pXqYmrfXHD1K8MXih,GN7Yuet3UyiWS5YVkEHv6oQKi4HGBJc3XDPt9zQhAqZz,279.2683410000009,278.6639039999991,279.88801306091773,1.0022189126726573,0.11195520522436711,1.0,3055.774375,5009.109167,8071.664038485469
DFWzVTzNBrQZLjoQ4yQwkj9HuoXmfkuZP9V5vbymZe23,DhgiEgiNdqZdRdo195UUHnoEJUtefK8buko8nU97XJUZ,2K2kkXsouBHtWVjtcgkyiXd8eP3oVBvq1bTJzcVdLLr2,1827.325757448998,1850.3679549170047,1807.1239834939822,0.9889446236541765,0.7228495933975929,1.0,42736.731030442,25242.396999198,67506.65738430823
RoBgmK8CvjdHvPrqdDyVw54VwjZv2TqJ493xnqJAQHx,ExiHJxM7qPAcy27NDHAF6G7vnW7muNHi2sVJpnaNynGQ,6rkPHSqZb7StM4HwS9EuVrmfkV7tRdc7dnsFhyB6cefE,0.9638620000000024,57.56627899999876,0.0,0.0,0.0,0.9464928653367811,6260.087367,19.05262,18.033168895972864
ercAoEmXjQzEvAFbdjAo81KtMxRGn9AW1ju882upmPH,CMRhskR2Eg6V42RTSdRTXGdozyPbWB8U9dVpijPWb9T4,7TKLLgrWswt6ZJ1pXhVR3FyufHGjJFqiEXxvWJfDcgRm,0.20633164299999862,0.20996235699999488,30.981308658195328,150.1529683364928,0.01239252346327813,146.4322871478578,277.232788131,788.095432976,157029.9427995286
KEVpg4SYCVrqFxKijQH6hm4QxsRdoE51ud64bEEFUC9,2bPenuBYfqzD8p5dFjCcggwkHDsc2RQDnx9AoyYGUBjA,AE6n6iLuX8oYu61vt5hoDYkjswpnxFxrhSehxrnQTnbx,4.318241183999817,4.316154168000139,4.3213742105520865,1.0007255330165157,0.0017285496842208345,0.9998056297871243,3187.754018723,4456.342572498,7645.54323175565
BUSDgu5JdqP1rndBvXvanbEufS94FNh1w5FJcAj6vawb,Bgzr8cWubt89JQFXndVjtdKmDbGzuPxNhvjH1EhWCwbo,Dxaf8xPBBQsasRKW5Aa4Sw2YrbfGofY9xZueyyF23FBW,9605.00678648,9631.60671466,9586.758774622856,0.9981001562765338,3.8347035098491427,1.0,8720.13577427,6359.56796843,15063.13684748148
SoNcU2iwHMw6dGzsYNQkYFkUjwN1UdAjrWVRnStrZu2,8ivTTid27jZnYNc4w3CTA1Z6QS2twsFb8WMwUabeDJgc,CyXm53PMvHCbeXJBykU46Rcbo28xk5srhMZFg7gv6EYB,1.9440351169999985,1.9274841779999985,344.2460275186434,177.07809108401187,0.1376984110074574,174.28999484798777,15.056054719,19.63407261,6088.119842938866
KysFMBBoavfov2tLpvefWW6tPFt6rAeZWDJVy1mMQae,B8ka2V21TH3x64dFV8ETcjuQcwmrciJ2qzy1mJUttRew,7fSf7EYxBANyxzk2s5pymFgshA91tFYQNKKs5UnLWcYS,47.26624999999922,53.427245999992465,0.0,0.0,0.0,0.022190711904444844,134519.714779,2599.041798,57.674587767028335
SHRJZYZxBfNz1SL5puXfaymPnndnJTY6MJrTrzpsYMc,BKJWe131yeNE594dMwrLyT25RPsytUgcTdMpph8rbuda,EreMRai79gFEuXwrMnj6kpV4pvVAUqukjSuy87XQTT8K,0.00363,0.003712,0.00344553632193269,0.9491835597610716,1.378214528773076e-06,0.999998000004,0.01736,0.003106,0.019583820385464627
vEnkoSUkpnbRrPgBz9DfcVxNz67zjwMYBZraAvDDNSf,DtfyjjsZ5yCjWKLKHvwsfXs5QVsmm1QkK6Sh9JZHoq1g,e5wrKCRv4GhHvEf1VD5Pq2KGaZDXP77nTL612Jyrxwy,1799.5829659999997,1798.854344,1795.706036666836,0.9978456512389751,0.17957060366668362,0.9955072756649243,940.817327,1006.803058,1941.0702477579216
parEAJhzYzHW87y9VoZAQ22dzQ2MD2ekEtTReaxbMcz,3oyc6hpjYSJEquK6dSvG72NXyz3pqLZz5D8AC71pwgQb,Di2vordgFJVZ1aj1aBpvzXtLfZgJsuLLXawGtVFwX6Rz,6.067240862999995,7.171558491000269,891.4582621764729,146.92976301845454,0.35658330487058915,166.58698256000878,1100.901084632,141.966043406,185404.83026872808
Sid7E679i9ABqptiAVhkmQ27YHN8vaYT4fppPwmxFsJ,GP7KB8o1bv527HG8kTzzzf4wJ5aEGHvcMQvVhLziUfmT,9gYxhAZ1M9wu5pxr8SBoa5NDm21gi3s9vMHaYTME77sa,921.3138900000013,1886.3100769999473,8.416092521141596,0.009134880752901257,0.003366437008456639,0.022156342062370812,130496.487738,10712.187796,1429.4127512036011
BSC8REUo9LpiiWUuqMuLXs2D2yJsJfGd4HdiF3wCLxk5,AZjEH1zWVx1UJ6udMyRijGTzPteuLnaY18yNNmprJEsh,Caf8ypkSVR8xYnXNhjvfvdGCC7mrM3C11rz8Xi6NA6aK,840.4168248630003,839.8780652350006,842.6142330201249,1.0026146646427299,0.33704569320804995,1.0,2674.569664195,3682.670232629,6364.232999559488
KEN5P7p3asnb23Sw6yAmJRGvijfAzso3RqfyLAQhznt,9zj4aX38Uxf3h6AUjS4EipWS8mwbEofasHAf3a1uKGds,CwQDG1MWunn9cLNwcZLd8YBacweSR7ARo32w4mLua1Yr,46343.7041300009,46343.186063999776,46304.946889454426,0.9991636999831142,4.6304946889454435,1.0,1140907.763769,1148724.071437,2288677.694023895
heyk4SZTeCUV6a65WiVA5bzic3KcxgVf1qxobfeV4tQ,9ZDpBKPqMABtGfq66FbVribaArMvtk63xxy91onZAtDt,DaTP4s6N7xxSPinbNZ3FB52EpRDRt87QShTuN3VPCW52,85.09946226700231,73.82561415999896,14655.20733581325,172.2126902498169,5.862082934325299,150.85554706406444,633.620246194,4483.625991525,785497.2989759822
C98Sspw7XqnMsgxea3SLQVdbMDL8pKUc3RE82UvX9eq2,CSqgQJurPCzGxb4Cgwx5R61hWQUiaoUHcShNc8r1cKEL,6S2CR5EnukPhC914XkAns8m5GixjMAoUuZMsS5ubHuWc,17.919812999999976,17.917558000000213,0.0,0.0,0.0,1.0,864.997397,898.727561,898.727561
AURHmCnNwiW4uA2Qj1XvEh4iKgRUZYXtiY7FKAapUV5Y,BKWm4TRnTeKwfWXRyuzjRHU7iZDkPuXBX5b5V5jSVfGJ,A5Ww74HVrkj9nPeC7pHKLfgeDMEhBCpW1efQdz3TGLEg,0.008318510999856699,0.009131079000098907,1.393421371314553,167.50850859469406,0.0005573685485258212,150.89176277340266,289.928185222,1795.287611452,319459.5502833473
wrmcMSHFi3sWpAEy4rGDvQb3ezh3PhXoV2xNjgLBkKU,8p4mGnARWPBu6P2Gcw4adodLkNDorrXniZMhaY7eJXUn,AyY89zccbsgp9LKFgH4CFZMJmpSgqmPSdTfukhP227rc,0.004514970000000007,0.04332344999999904,1.4876342668863285,329.48929159802304,0.0005950537067545314,3023.1573855734932,27.04567652,0.09965402,9212.530583929174
SEQV6QiTpvTzrceiaYg9Avnwf7oc8ZALpnQMz6TyT4A,3dFMPj4r9mMmPHF32mz1gNDX7f8ftidWof7S8YiYTs1j,Fc1ED3YPeQfXQosHbd8DTaBd2AV5gHQtwiSAL5C5pUhi,601.4944499700005,599.9999999999999,599.820689922936,0.9972173308545941,0.23992827596917443,0.9936871058167461,4159.510217876,1470.150089824,5608.8048650061555
ACUSESXyNnwRLAg1dpSGMLSzUDdLjUMybY8rkXiAKhCP,AhFPQdu8GKBsxuhiH46UmCu1YpaLgNpoP325HnYtsgas,A8wxWpT3aFEr2XqZp1kDmbxbFfcBE95UUmdsNTDBJYbT,0.0,0.002270671999667684,0.0,1.0,0.0,0.9878964712435848,1044.99877413,1840.979146512,2863.695576602231
YAkoNb6HKmSxQN9L8hiBE5tPJRsniSSMzND1boHmZxe,CfWX7o2TswwbxusJ4hCaPobu2jLCb1hfXuXJQjVq3jQF,EnTrdMMpdhugeH6Ban6gYZWXughWxKtVGfCwFn78ZmY3,4371083.457611965,4369355.305022982,4371083.457611965,1.0,437.1083457611965,0.9973619775693291,463278.542097,988302.193121,1448973.5718642655
moFiBS1R4Lf3E3zzmBPnw3NF4RhWPkhREFviuzUaCAU,44ALBrpqi9PfZkBRTvbtRNtFJGsatfY4QydjtMbFWq8S,2ho8qEEie1UjVwWNBo9y4oAJZMyMLx8zPj9bxyUz6uWs,5132.834241937999,5120.886790221997,5145.021258939069,1.0023743250661585,2.058008503575628,1.0,26255.585201875,38168.095701172,64486.02019711847
KZMu9QBEdL97EFgamLbN5DE1AoKBG4HdrKKJo4Vuon3,DD4ACBWyVqdaKWh7v5btsgqQCCMwbKnuL2xd9pv7Gyuw,GcYqiJ1MAuYbNTNYXm1F1gQYTfTgkErACAhNU5dpVj9T,30.826772079999955,32.16807222000034,29.580805763999848,0.9595816807297681,0.011832322305599939,1.0,2393.40580846,706.70521463,3003.3735829804364
SERgf3DMJpQxUifu7VoFKmfne73d2fDJxSrxUMrcNJB,AJfM2GZ2tTB8UtN2krcyR9xufRJEx2mhSCbJyMgPo3GU,F4yRYkufQvERZcEKnKjJwRLU1btiMBUuEwq46hfm11QD,1.440003960999995,1.4402554640000034,215.92657452025372,149.94859762073563,0.08637062980810149,150.57410896265282,29.284858487,27.960780594,8601.393085489133
TETFuZgEmET6d9vYmz9iMFCxK1jKdKYxf3oPz8hSzJK,Eu1Ze6Z84LWNkq7SNoAHBJbXx5t1P95EwyqYohrfCRFV,ASMbv7WNu3qe4pkhREmvyEdwFNDZQ6B6iSrjkj4u8bdC,133.47905343599996,133.5617447420001,133.20916208256102,0.9979780246676057,0.05328366483302441,0.9988533163927812,216.813993204,135.937435439,352.1571588681984
MATSnbbiTCv7Dc3trJrkrqjx7ckKdr6fwPoVwv9q3sD,631WX9JizSHJm4w6VanZeJAst9T8DeUUnPLesdGkCVtK,211maUSfpnXbPuW1iBu8b4dtJv5EbN1j7JJiEX5TZKEP,534.3027290000027,534.1056660000031,534.6432967800515,1.0006374060276395,0.21385731871202066,0.9966721118186376,20662.79812,24892.607091,45485.735990128145
ALLwa5WNZbvQsRKAqe1jdRGemdYQnW8E5k4msbRFcYtu,CGoM82Hbz7QVqTgvQatYtjvDWBvoUJp5qm21P8iMs9yb,3dxNNww8TivyN5FMy5dCNdi3Zcxv6e4kUfSPxfFwpdNq,0.9725470760000001,0.9711682890000017,2939.6296578406486,3022.6091161890945,1.1758518631362593,3021.8510046143665,2.482903612,6.173109115,26159.063073006884
SoN9GaFpSXfpyR5dth3x7PHPVhvJMpQqqDJfCSmPv1t,9kZ9iS68ViMPtoeqtnhAKuF2iqVyfHPdZHoUNdwCELr,BBhm5fJLjw3HRzjtKB8uMEYjGhY6EDm9co3cqpjrSzB9,0.4349267300000008,0.42647983400000067,78.20011093700428,179.8006550137862,0.03128004437480172,174.880359973733,1.502747065,2.48055054,703.9944779752825
WiiQFxXqp8P9Fs1rt9SVcDyA3KUdJmUsog6wnVQAwba,3S2jpqSYxho6wiz3cafhjXruVY8cg4HYa2v3BqBHYFSj,Dfe67M6TfrG74gKRtdqys4e6E9QirPD53BkF4FujFjuv,421.3061863999983,421.39856826400046,420.1445987630264,0.9972428896739032,0.04201445987630264,1.0,21408.1807577,5415.17547087,26764.33151234
