0,1,2,3,4,5,6,7,8,9,10,11
HEDSDjj84KS7LKhZY7ejkCACTdPen62rKhCby1wXtgxc,EnnjMSFttpCTywBrYNt1J5QQeoSVkvzPipJDa8Y7kJow,6bjVT6JN2rSvpyn9PdfLYC8wJn4LWh49jpY47fnLDXZk,53.597026790997916,55.35760583499359,51.50590700249447,0.9609844069026853,0.020602362800997788,1.0,39087.751705456,9080.539792179,46643.25968200606
wrmcMSHFi3sWpAEy4rGDvQb3ezh3PhXoV2xNjgLBkKU,8p4mGnARWPBu6P2Gcw4adodLkNDorrXniZMhaY7eJXUn,AyY89zccbsgp9LKFgH4CFZMJmpSgqmPSdTfukhP227rc,0.00428576999999998,0.038393170000006194,1.3789478764478702,321.75032175032175,0.0005515791505791481,2904.7812699703713,27.03733732,0.10057097,8991.408651940734
ALLwa5WNZbvQsRKAqe1jdRGemdYQnW8E5k4msbRFcYtu,CGoM82Hbz7QVqTgvQatYtjvDWBvoUJp5qm21P8iMs9yb,3dxNNww8TivyN5FMy5dCNdi3Zcxv6e4kUfSPxfFwpdNq,0.5731788120000001,0.5709700750000009,1666.0721797517663,2906.723250879284,0.6664288719007065,2896.502183962647,1.634516966,7.025295642,25099.872639065128
STK75uPSyBnEhGTTzb1nwmP3n427XoXmfRhXxxhyady,6TYyD5fUmDe6N65avW1Ny2RxzRNobw2RRgKwH9CTzSAU,54zDfk4cx2vGrEajPtodWpArNe5eUurytyxd4X3aZAxK,377.48053763499945,425.50624263199916,54461.02627681615,144.2750575116448,5.446102627681615,162.7307257253356,1599.607885595,281.082357238,276524.25567222695
MiMUFdSLMyCLpqpH6zkqdDrGYs7XBomwENbivdYjv9V,,,0.011789876000000032,0.008029546999999998,0.0,0.0,0.0,162.7307257253356,1599.607885595,281.082357238,45740.73598192777
oKQqupM9E7SSLAFDLxr7mdsXP7znck9qRbVWc6Yyj7Q,CMR2J7CwfW98RpvnJmFBgRFTLAd3x8CJ1SWs8Bt3uunG,FmRb5jHfSNj1YWP3b45d9vvYuhwjp4om8bALmtqZpr1v,1.999200159999873,1.9757761399996525,2.0237112289826373,1.0122604376856221,0.0008094844915930549,1.0,2176.16186239,3720.11176741,5922.954326707661
Lid8SLUxQ9RmF7XMqUA8c24RitTwzja8VSKngJxRcUa,4PgzyzLtds9bKZ2to9PMnKqJzKEUpjvNUaeN23phegax,AtymwxoVN9peZo7EXTcDz9jKVc4vRmisJKKrNfe3ewBa,133.45773077599006,112.81185259300025,22789.58225093899,170.76254869934436,2.2789582250938993,144.33482214702377,967.632511643,7675.456435377,1273071.033389875
BSCuChvaSj9b5HUSqgDVRzcnr2sSn7cXaamt1jbKH6hn,GnKpRj5kBVPMJfiwZtEuD9GYApLzPdW5JFuZTcyX4BTc,3dmwD9okkomV9nDwyuh4UMhKdUR13QpuKxRo89ycZB5t,12.279301065000027,12.248752386999968,12.302910239022518,1.0019226806067802,0.004921164095609007,0.9994173396909601,1205.155075939,1796.741186627,3003.166501083606
MATSnbbiTCv7Dc3trJrkrqjx7ckKdr6fwPoVwv9q3sD,631WX9JizSHJm4w6VanZeJAst9T8DeUUnPLesdGkCVtK,211maUSfpnXbPuW1iBu8b4dtJv5EbN1j7JJiEX5TZKEP,290.6686870000012,290.6289319999996,290.6811862910118,1.0000430018490796,0.11627247451640471,0.9992645412976049,21834.730934,23720.858094,45539.082250290805
TETFuZgEmET6d9vYmz9iMFCxK1jKdKYxf3oPz8hSzJK,Eu1Ze6Z84LWNkq7SNoAHBJbXx5t1P95EwyqYohrfCRFV,ASMbv7WNu3qe4pkhREmvyEdwFNDZQ6B6iSrjkj4u8bdC,57.45052655299999,57.491267616,57.40277857736266,0.9991688853261723,0.022961111430945064,0.9995038203164955,164.392015752,87.083753888,251.29593183400587
iLiUBQ7Z7im6Ew3b4ewwPcehzWgEQRJ1iQz7g6D62NW,GpugBvKWM3TVhYcZjemSdtehBWgfvuGr6uAm9iPjXT6v,92fMXJ3xy8tEyMUWLHKRLyhPw2nECBo77GtDiBBbYrjX,13.674317202999873,13.941426395999997,13.417188459134518,0.9811962279323939,0.005366875383653808,1.0,1819.781564545,1142.964478516,2928.5272853084643
SoNcU2iwHMw6dGzsYNQkYFkUjwN1UdAjrWVRnStrZu2,8ivTTid27jZnYNc4w3CTA1Z6QS2twsFb8WMwUabeDJgc,CyXm53PMvHCbeXJBykU46Rcbo28xk5srhMZFg7gv6EYB,1.283849706999991,1.272408904999999,219.98663596088628,171.3492122648339,0.08799465438435451,167.872494796792,15.690972426,18.994980258,5877.3704893906015
Sid7E679i9ABqptiAVhkmQ27YHN8vaYT4fppPwmxFsJ,GP7KB8o1bv527HG8kTzzzf4wJ5aEGHvcMQvVhLziUfmT,9gYxhAZ1M9wu5pxr8SBoa5NDm21gi3s9vMHaYTME77sa,654.9560240000028,1252.7897330000233,5.931635654657478,0.009056540343626877,0.0023726542618629914,0.021813622533105606,130525.155517,10700.667,1415.5266475883423
SoN9GaFpSXfpyR5dth3x7PHPVhvJMpQqqDJfCSmPv1t,9kZ9iS68ViMPtoeqtnhAKuF2iqVyfHPdZHoUNdwCELr,BBhm5fJLjw3HRzjtKB8uMEYjGhY6EDm9co3cqpjrSzB9,0.35057695299999914,0.3435433990000003,60.7591077494791,173.31175717497678,0.02430364309979164,169.7928357610879,1.544411312,2.438250313,681.6620732232615
KEN5P7p3asnb23Sw6yAmJRGvijfAzso3RqfyLAQhznt,9zj4aX38Uxf3h6AUjS4EipWS8mwbEofasHAf3a1uKGds,CwQDG1MWunn9cLNwcZLd8YBacweSR7ARo32w4mLua1Yr,47852.730768000474,47853.33820600179,47823.74957575756,0.9993943670135896,4.7823749575757555,1.0,1151372.598392,1151252.642688,2301927.931854765
MATgk4zXLXtYkwBH678J1xZbRDZ45LicNzkRBHkxTuY,y8dALFo1bJrSzPYjMX14HJX448pXqYmrfXHD1K8MXih,GN7Yuet3UyiWS5YVkEHv6oQKi4HGBJc3XDPt9zQhAqZz,583.5119610000015,583.5685290000006,583.5697344037075,1.0000990098019704,0.233427893761483,1.0,4215.099691,3849.482866,8064.999893185692
parEAJhzYzHW87y9VoZAQ22dzQ2MD2ekEtTReaxbMcz,3oyc6hpjYSJEquK6dSvG72NXyz3pqLZz5D8AC71pwgQb,Di2vordgFJVZ1aj1aBpvzXtLfZgJsuLLXawGtVFwX6Rz,4.853317554000029,5.74088879299984,684.8326000756086,141.10607691664032,0.2739330400302435,166.88687389677347,1104.108297232,139.249519101,179035.30724791432
BSC8REUo9LpiiWUuqMuLXs2D2yJsJfGd4HdiF3wCLxk5,AZjEH1zWVx1UJ6udMyRijGTzPteuLnaY18yNNmprJEsh,Caf8ypkSVR8xYnXNhjvfvdGCC7mrM3C11rz8Xi6NA6aK,42.81736779799985,42.92886200000021,42.90625385229289,1.0020759345766508,0.01716250154091716,1.0,2593.035721111,3617.245595786,6215.6642894089455
4vezWG46exH6pf9nry3n1VJ7hZHvjBJNgNeF4qEFCML5,,,0.002703000000000344,0.0026729999999997034,0.0,0.0,0.0,1.0,2593.035721111,3617.245595786,3617.245595786
BSCNHw8CmxbZ8hCWWzMf5FaG2ajPT6JxfznKUNuRVrn4,7n9kgNL633yGzCYksgnzHyjG73ZLBAwvEae5sbAekbzW,SscdxE99omdG9AiMVwmaEMQySQnCgeAh1sPj2Leutm2,762.7414790419998,759.7650918700006,765.0360877366445,1.0030083701459722,0.30601443509465776,1.0,4619.47215637,7082.637089863,11716.006328358373
JSoLLrxK5bYdHwTEWYaGgmeycBCNXKDiBCTw5hXGBg7,xG4wXczA7Dk4hccJ61CHKpDHW4NrNfQwgmWgkb9BuF2,BVR6WgfhsRr9Lob4QDnkEAiNGgAbv7ZieKcY9kSg3QYR,0.8615770160000942,0.741868721999996,146.1217870072446,169.59805599924292,0.05844871480289784,144.11620377742983,17.024593391,164.718726534,26625.97550242384
vEnkoSUkpnbRrPgBz9DfcVxNz67zjwMYBZraAvDDNSf,DtfyjjsZ5yCjWKLKHvwsfXs5QVsmm1QkK6Sh9JZHoq1g,e5wrKCRv4GhHvEf1VD5Pq2KGaZDXP77nTL612Jyrxwy,2747.6459889999983,2747.593213999999,2740.8951642105476,0.9975430514642435,0.2740895164210547,0.9990369284010214,940.659317,1007.267455,1944.6455497899651
B2izdXFYb2sNwbWWHmh75T4aQFtfXsUxem9u2p61HGzf,4DYwgJtxwuJdAjkj5RJSNH4e7U329V5cNp7d3a1nLrZv,EXNW64GEf1ACC6xY9BtKRiunrs6GoJSXBdxWN2eTPmrF,6161.979520999994,6104.5527700000075,6202.91254085711,1.0066428360752606,0.620291254085711,1.0,11649.938295,28068.662559,39795.98948438059
BUSDTd9WiT6uBHJRgNvFXBsA7JrifsAtWzKfioN7ERcy,DyBxrn7gSc1EwnpWhDyhzvMHPtxpmBqRqotapLcKcfTM,Cds99GeBgoCpqBsoRWu1C6fF9LiUMd4pXQQD24s9LPff,457.04145996000017,453.9857092599999,455.23732711839034,0.9960525838470591,0.045523732711839036,0.9959564169471944,99.30466695,74.51742492,173.12877762707393
BUSD5rCfUDpCxKGMvYU2yThChxgHoioK74PTPociGnv2,CcFHbafgYDZ8yA8Me1PdtDiVb2eeaS61LbqyKKK5CsNZ,26R9s4nmF3CFDTkiePDwRmtscn8i7r2eygbSijditJ58,187.41080572,187.18015029,187.21161817461078,0.9989371608289929,0.01872116181746108,1.0,92.17174931,55.7787556,147.85254116437306
DFWzVTzNBrQZLjoQ4yQwkj9HuoXmfkuZP9V5vbymZe23,DhgiEgiNdqZdRdo195UUHnoEJUtefK8buko8nU97XJUZ,2K2kkXsouBHtWVjtcgkyiXd8eP3oVBvq1bTJzcVdLLr2,117.21676039799786,118.56935089200124,115.9201696527176,0.9889385209002722,0.04636806786108705,1.0,42740.472969667,25238.75210937,67506.45223057055
SRMuKizofcAMicegrfSv7xs9q76tH1w8aAF7oX9FEWu,72Hj2KWntXPfbie4UgKeTPnm1XVkomDfCnRPKbvfTtPi,6aqJQ5wedqpUt4fFEDUqUmXhrdxCu4bEJsQdVPCADLko,658.6689270000006,661.4053619999977,37.1338156240219,0.05637705697330073,0.01485352624960876,0.05665162603763118,16945.392921,4946.001459,1235.5304071790301
CZgvH45CRmoaNJ7395Ao5CQZXkGznvqU7cErD6n7FaRg,4ZjU6MKvtqVQKCiowhvZ5yUsPxXX5SCzd5eFsPeXyey5,BsyWeshjDbCvjDojry3vKDCesmFRM37WtwcR4Kfgzqr,2.424394729999989,2.5062919999999167,2.507877897362204,1.0344346431417195,0.0010031511589448816,1.0,203.36160541,602.19257319,812.5568629110205
SAMyS8Jr2HJrkFwYVKbpUwsNStnQmvz3f8Tup8bWUWF,6jPzm5TFfquvgm25sTyN3MMGBfufRaFHMxobDWv6hMFW,Cj9ECoDmxsHTDzCY5ZA6RWrPbg9uFzEC1Qc2kso2vJG6,935.4715243599974,88.64797817999892,896.6178710802888,0.9584662362584576,0.35864714843211554,0.021826935579748564,494.9939938,108304.50043138,2838.39038412061
AURHmCnNwiW4uA2Qj1XvEh4iKgRUZYXtiY7FKAapUV5Y,BKWm4TRnTeKwfWXRyuzjRHU7iZDkPuXBX5b5V5jSVfGJ,A5Ww74HVrkj9nPeC7pHKLfgeDMEhBCpW1efQdz3TGLEg,0.011108584000055544,0.01016100799989772,1.7933413514017682,161.43743895646838,0.0007173365405607073,144.26392218981093,289.932089195,1795.283252581,305800.4974099552
KEVpg4SYCVrqFxKijQH6hm4QxsRdoE51ud64bEEFUC9,2bPenuBYfqzD8p5dFjCcggwkHDsc2RQDnx9AoyYGUBjA,AE6n6iLuX8oYu61vt5hoDYkjswpnxFxrhSehxrnQTnbx,204.0379559840003,204.06556999299983,204.35096976453323,1.0015340958451744,0.0817403879058133,1.0,2069.252314785,5576.201271498,7648.628017661729
KEnkcdADoLR5jS2CLLLesy8TtFsyWL37BhXNfDMzWzP,3qsjFRuw1qeLMPo4DLwaQevenGAGBj9dA3Q6rb8ax2YR,77iEv8zPQAEyCcEbvBRSB6AFcUdfkhiqnAKtPxk76rNN,0.01984400000000003,2.1712679999999978,0.0001797412287883569,0.009057711589818416,7.189649151534276e-08,0.9981215352706208,118.44259,0.304695,1.3769414613603925
MARpDPs5A7XiyCWPNH8GsMWPLxmwNn9SBmKvPa9LzgA,6YjT74rmcfCpw8LSjPNx5JTmZoYLGrTKnf9arfSgZ4SR,F8GSmi3vA8M8TsybLya1LQ4n1aFHCRbZ6k437PeTdXtg,21468.862960000028,22600.860378999787,20367.06580134468,0.9486792961179094,8.146826320537874,1.0,297175.202891,15012.450312,296936.4126143308
Cob4usZcpHEY7Qt4ZCwj6WVg9S44zvzYV2v9qYF65dTf,NhFM9UXE48PyNAyeyPYA3iXztqKVJwA4bTdLj4ysM8w,6TuFuynuBoeskxyR2cz4wxyidk8dpDK7kAWw3UkjQGx,12.24469400000001,1353.3308600000164,0.1107720019025579,0.009046530840424253,4.430880076102316e-05,1.0,70936.358083,188.228488,829.9564391052377
MAR3XM1n9xWPQ3HJjAcC85o8DopWFP5p2WxGTaZ3fPB,6qG7GUhER8Cg9gDEgnebph9LdS6eu2eoWcA4R7z9uizK,4QV4CwRXVMY227KkFF9voNAfwWHVvVajXSXDKbUHkWZR,0.0031790000000000013,0.1343829999999997,0.0030166499338595484,0.9489304604779953,1.2066599735438195e-06,0.021905071830235344,0.112326,24.260372,0.6380147541918816
Lee1XZJfJ9Hm2K1qTyeCz1LXNc1YBZaKZszvNY4KCDw,9DgFSWkPDGijNKcLGbr3p5xoJbHsPgXUTr6QvGBJ5vGN,2hNHZg7XBhuhHVZ3JDEi4buq2fPQwuWBdQ9xkH7t1GQX,1770.0199107337576,1491.3314286590194,303093.0746809095,171.23709899696158,30.309307468090957,144.45216300502102,6716.29006244,53853.549339846,8929339.713952724
KZMu9QBEdL97EFgamLbN5DE1AoKBG4HdrKKJo4Vuon3,DD4ACBWyVqdaKWh7v5btsgqQCCMwbKnuL2xd9pv7Gyuw,GcYqiJ1MAuYbNTNYXm1F1gQYTfTgkErACAhNU5dpVj9T,28.427786289999972,29.64936519999992,27.247073330536054,0.9584662362584576,0.010898829332214423,1.0,2402.67026739,697.84136934,3000.719697495395
BUSDgu5JdqP1rndBvXvanbEufS94FNh1w5FJcAj6vawb,Bgzr8cWubt89JQFXndVjtdKmDbGzuPxNhvjH1EhWCwbo,Dxaf8xPBBQsasRKW5Aa4Sw2YrbfGofY9xZueyyF23FBW,8284.77769491,8304.486178369994,8265.66639965736,0.99769320361313,3.306266559862945,1.0,8833.93260424,6250.86299009,15064.417510516687
MiMuMS9C4vBqcrYeeQPph1E7oAW9aNKvW9k6Zw9XffM,Afy2q2hh6Y474pshJa5fnQ6PfEchGyTbKrQpCZw2hr3m,5pXz9ksgjeL8Wgb37bksUaBFMLdFfsNNY3FQnikkCPtS,0.008029546999999582,0.5297280000004321,0.0,0.0,0.0,0.02191111794445843,26.00706393,7673.679404041,168.13889448990383
GokA1R67GqSavkd15zR62QD68Tuc5AEfvjssntVDEbM8,3YB7hfpBdbQEuZqLGWVDpRPmeZWCUsrrWyqGXegnQ6Cg,4DPCj6Z1DsG6HUtwSogBGqXEUxdEV5a8YVrrFtcnz7UW,9578.827050999997,9580.306472,9577.811802948885,0.9998940112348091,0.9577811802948885,1.0,18472.28437,13948.04395,32418.37046538937
heyk4SZTeCUV6a65WiVA5bzic3KcxgVf1qxobfeV4tQ,9ZDpBKPqMABtGfq66FbVribaArMvtk63xxy91onZAtDt,DaTP4s6N7xxSPinbNZ3FB52EpRDRt87QShTuN3VPCW52,74.4021118820018,64.23983517999989,12397.002723431187,166.62165105060782,4.958801089372475,144.53239722590297,619.256488093,4500.2444182,753612.6523347917
BkMBnJpvHKtWhUvrgRrLesXfi9RUV3ELgdBaJcdH7hcY,5uerVwBnZQsuVhZ15igs7ZgmcqhHnYWbwoRtLyRqLvR,9YWiQh5d4jCtgMdzcGLv9bWgnLaFtzvDDh2nnhJdzhBX,69.6615666749999,69.23865293899985,70.13204836302786,1.0067538200830732,0.028052819345211144,1.0,917.244762381,1957.236615024,2880.676283502263
AUSejoEUCh2DBs9mof6BNC8Pubs22w4cJa1ccV9h44R,4xkyD7AfGQDwsQMy9MosRRNGoVJ1zosNinesxg1TzHG7,Cbm5gsQe3nSiCsFrvepVzMCD9xLK3ri9g3ypS2hdmVJ7,696.0184190000018,694.6891840000008,697.4104502587182,1.0019999919840001,0.06974104502587183,1.0,13670.785148,15207.533396,28905.66000471099
RoBgmK8CvjdHvPrqdDyVw54VwjZv2TqJ493xnqJAQHx,ExiHJxM7qPAcy27NDHAF6G7vnW7muNHi2sVJpnaNynGQ,6rkPHSqZb7StM4HwS9EuVrmfkV7tRdc7dnsFhyB6cefE,0.5223739999999992,29.64524000000074,0.0,0.0,0.0,0.9487522011051065,6265.366103,18.96143,17.9896984486004
ercAoEmXjQzEvAFbdjAo81KtMxRGn9AW1ju882upmPH,CMRhskR2Eg6V42RTSdRTXGdozyPbWB8U9dVpijPWb9T4,7TKLLgrWswt6ZJ1pXhVR3FyufHGjJFqiEXxvWJfDcgRm,265.7469784190001,234.51763317500004,38338.93481311524,144.26856343279545,15.335573925246095,130.824605805839,58.692374489,392.80107218,59855.5099800471
ALBpShJ9NLpE739pcHDF2LNVk5J4VYPvvKuV6jMPitZi,D6d156U1bPiJpDYRLextvDRccgFk7QzkQbJg42ceKEu5,GNcM8U5g8RwTZffwwm3kSQqUNPSwv5d2fbN9sLxPJqt2,877.1849159999983,877.4065320000009,875.679622728528,0.9982839498901388,0.3502718490914112,0.9956599184156263,53016.094461,47299.532796,100019.3651510384
YAkoNb6HKmSxQN9L8hiBE5tPJRsniSSMzND1boHmZxe,CfWX7o2TswwbxusJ4hCaPobu2jLCb1hfXuXJQjVq3jQF,EnTrdMMpdhugeH6Ban6gYZWXughWxKtVGfCwFn78ZmY3,4809986.206871024,4808874.859666007,4809986.206871024,1.0,480.99862068710246,0.9955816088200566,342031.719825,1105520.163184,1442667.2624707383
WiiQFxXqp8P9Fs1rt9SVcDyA3KUdJmUsog6wnVQAwba,3S2jpqSYxho6wiz3cafhjXruVY8cg4HYa2v3BqBHYFSj,Dfe67M6TfrG74gKRtdqys4e6E9QirPD53BkF4FujFjuv,17545.448058916998,17532.256926360995,17562.653962689743,1.0009806477278305,1.7562653962689743,1.0,8809.99098509,18010.812600721,26829.443083452737
DA1mL7dfBow33EH5yjUuZE6SH2KeUK5zEXzsyhE5r5j5,B4UtLRZND3D83CitRCBUyeiNr7H8m7YFRqBmiPmXjhW4,AAmpYbuixWiSqDaJBCqYEs1pb5SrbdPr9mgXrB58Q2e,0.0011612919997787685,0.0011612919997787685,0.0015377643247166848,1.3241840338258044,6.15105729886674e-07,1.0,134.965989112,3011.769461819,3190.4892697106175
SEQV6QiTpvTzrceiaYg9Avnwf7oc8ZALpnQMz6TyT4A,3dFMPj4r9mMmPHF32mz1gNDX7f8ftidWof7S8YiYTs1j,Fc1ED3YPeQfXQosHbd8DTaBd2AV5gHQtwiSAL5C5pUhi,244.7817633369998,245.13841288999947,244.29306385730357,0.9980035298666289,0.09771722554292143,0.9985281694781891,3996.774064077,1550.465642487,5536.978243859607
C98Sspw7XqnMsgxea3SLQVdbMDL8pKUc3RE82UvX9eq2,CSqgQJurPCzGxb4Cgwx5R61hWQUiaoUHcShNc8r1cKEL,6S2CR5EnukPhC914XkAns8m5GixjMAoUuZMsS5ubHuWc,91.59837000000016,91.53526,0.0,0.0,0.0,1.0,851.396389,912.380843,912.380843
C2ypsDADXcCRz8HbV2zX1AXPSja7a1P3xZtRC91xGhJh,J9bYNuDpY1d1T86gLaw7DGk5D3CsUAf2tzUwxMvb6FTv,A2NGvvPrMGzsJ4jb52KEnSBVmsA7C34dV1GC7PerdgvG,944.6539864629979,950.6893151020045,136901.25593318362,144.92211740488543,54.760502373273454,145.52115710274944,2811.017048189,1590.754322127,638866.9523069016
FrnkTEL6yZ5Aycq2TrEgu29dCrwKG4LPUZydfiwqspkc,DjvZuMZ46fxKBoBpGMPcRcos4xdTtHFxwMh69DpA2ZFY,9rvDPJLAng4uVVqnnSoEXgNDFhBZQTny9AoQioYDZbQX,20.20647904400016,16.83862807199975,3517.8275856186074,174.09404072616715,1.407131034247443,143.91899778264,172.505289882,1439.222052177,237163.53829818443
daob129AwBGn9Y5r91uLoWZeYiGzbPmksauMhFZKTze,6VW5GQNyj4LStgmxEHLr5zUfW92vQnmbw8jTnCH7a38F,4VPCCUifPeBA1c7HWK358CHn2nyjm8pdTRk6Ps3KmnMQ,8.54639317999996,7.652164008999989,1382.9947660279809,161.82203847869158,0.5531979064111924,143.91899778264,48.116661851,224.301319125,40067.55735531281
7oAd7xG4m3oC2qeWB1szghTebAZyyGPAFDJ4wwwbRSNi,D9yh4KAysxt9GLacVe4Wwh2XqghhcjTCSTV9HuM7TBJd,HDYfJLpZKaMFb84jM4mRytn7XLR8UFZUnQpSfhJJaNEy,12.338486858992837,0.2807060000000092,12.338486858992837,1.0,0.004935394743597135,0.02277674421689311,955.404703978,300093.099460776,7790.548471650759
RajgMbScQbqqrdJfR2rxfHJiTiY5b6bJ2tTXiF4aPxy,725ZA3fhyBAKb5iopNRrcbSuQa3LXA1656Q3mBvYPxeg,GLA6i1dSZpUfk2f9Nj8uiG7xyDdAR2reff8oEiZH3617,1910.657096050003,1914.1243943699956,1907.0528043907605,0.998113585286081,0.7628211217563042,1.0,130437.29282371,53488.93528148,183680.1692767636
KysFMBBoavfov2tLpvefWW6tPFt6rAeZWDJVy1mMQae,B8ka2V21TH3x64dFV8ETcjuQcwmrciJ2qzy1mJUttRew,7fSf7EYxBANyxzk2s5pymFgshA91tFYQNKKs5UnLWcYS,29.645240000012564,22.11511500000006,0.0,0.0,0.0,0.02191111794445843,134514.436043,2603.001229,57.03466693818925
NorjjEePhxfwLF4vZjUHCrVVKLzQjEEGQFd3wgjEJmh,34M8pFVqgbV7aqHxvRT5tCv3vu2P1JJYT8J3VaxBK2oG,3AZWBSze3ucsY3xSeuLne3b2pauVqiaJ1SZSV5T9WGWw,0.001172000000224216,0.001172000000224216,0.000678434298804124,0.5788688555241744,2.7137371952164965e-07,1.0,38235.101644,2193.763475,24326.873004512763
KwnjUuZhTMTSGAaavkLEmSyfobY16JNH4poL9oeeEvE,J63v6qEZmQpDqCD8bd4PXu2Pq5ZbyXrFcSa3Xt1HdAPQ,BnKQtTdLw9qPCDgZkWX3sURkBAoKCUYL1yahh6Mw7mRK,159.68760400000008,7273.710485999938,3.444551604607258,0.0215705635147939,0.0003444551604607258,1.0,276788.596843,590.991504,6561.477512372613
