0,1,2,3,4,5,6,7,8,9,10,11
AUSejoEUCh2DBs9mof6BNC8Pubs22w4cJa1ccV9h44R,4xkyD7AfGQDwsQMy9MosRRNGoVJ1zosNinesxg1TzHG7,Cbm5gsQe3nSiCsFrvepVzMCD9xLK3ri9g3ypS2hdmVJ7,106.44783599999937,106.37260099999912,106.54031299167615,1.0008687540785401,0.010654031299167616,1.0,14156.357962,14721.127863,28889.784218716763
MAR3XM1n9xWPQ3HJjAcC85o8DopWFP5p2WxGTaZ3fPB,6qG7GUhER8Cg9gDEgnebph9LdS6eu2eoWcA4R7z9uizK,4QV4CwRXVMY227KkFF9voNAfwWHVvVajXSXDKbUHkWZR,0.003711999999999993,0.1652930000000019,0.0035270318677591023,0.9501702229954496,1.410812747103641e-06,0.02199195569447825,0.108506,24.430071,0.6403642092613023
YAkoNb6HKmSxQN9L8hiBE5tPJRsniSSMzND1boHmZxe,CfWX7o2TswwbxusJ4hCaPobu2jLCb1hfXuXJQjVq3jQF,EnTrdMMpdhugeH6Ban6gYZWXughWxKtVGfCwFn78ZmY3,4226564.022785983,4225132.538191994,4226564.022785983,1.0,422.6564022785983,0.9980876640357076,316749.055422,1134745.199236,1449324.2406031927
moFiBS1R4Lf3E3zzmBPnw3NF4RhWPkhREFviuzUaCAU,44ALBrpqi9PfZkBRTvbtRNtFJGsatfY4QydjtMbFWq8S,2ho8qEEie1UjVwWNBo9y4oAJZMyMLx8zPj9bxyUz6uWs,18604.458365578997,18495.635550586998,18646.677482808507,1.002269301067513,7.458670993123403,0.9998507942656734,26255.585201875,38168.095701172,64477.56783182685
ZUCKWFa4LTL833dPhhpeeRWZcaAEoMeYJPi2iKn4F8N,7eEYpq6ShaJ9opZWMxitRFrdCHh6vfyHhGfoSvFht3N2,H8VggnHmuwd1wvwpT8eg9cUJFEfZ7HAaeYjgXrSm7A2u,0.0034936960000777617,0.0011889080001310504,0.003497641560108983,1.0011293369632428,1.3990566240435933e-06,0.9998498045620584,1849.447104349,1997.706962338,3848.9426691914164
MATgk4zXLXtYkwBH678J1xZbRDZ45LicNzkRBHkxTuY,y8dALFo1bJrSzPYjMX14HJX448pXqYmrfXHD1K8MXih,GN7Yuet3UyiWS5YVkEHv6oQKi4HGBJc3XDPt9zQhAqZz,208.50897900000018,208.03576199999952,208.97143278074398,1.002217908230915,0.0835885731122976,1.0,3055.774375,5009.080857,8071.632659138131
ACUSESXyNnwRLAg1dpSGMLSzUDdLjUMybY8rkXiAKhCP,AhFPQdu8GKBsxuhiH46UmCu1YpaLgNpoP325HnYtsgas,A8wxWpT3aFEr2XqZp1kDmbxbFfcBE95UUmdsNTDBJYbT,0.0,0.002270671999667684,0.0,0.9998507952653749,0.0,0.9878553702882751,1044.99877413,1840.979146512,2863.4639918358266
AURHmCnNwiW4uA2Qj1XvEh4iKgRUZYXtiY7FKAapUV5Y,BKWm4TRnTeKwfWXRyuzjRHU7iZDkPuXBX5b5V5jSVfGJ,A5Ww74HVrkj9nPeC7pHKLfgeDMEhBCpW1efQdz3TGLEg,0.008318510999856699,0.009131079000098907,1.3447950752058815,161.6629556935187,0.0005379180300823526,144.79428352168657,289.928185222,1795.287611452,306818.03077739885
DFWzVTzNBrQZLjoQ4yQwkj9HuoXmfkuZP9V5vbymZe23,DhgiEgiNdqZdRdo195UUHnoEJUtefK8buko8nU97XJUZ,2K2kkXsouBHtWVjtcgkyiXd8eP3oVBvq1bTJzcVdLLr2,1827.325757448998,1850.3679549170047,1807.0375094462047,0.9888973009218037,0.722815003778482,0.9998497955647617,42740.270170219,25238.896999198,67500.84381692646
SEQV6QiTpvTzrceiaYg9Avnwf7oc8ZALpnQMz6TyT4A,3dFMPj4r9mMmPHF32mz1gNDX7f8ftidWof7S8YiYTs1j,Fc1ED3YPeQfXQosHbd8DTaBd2AV5gHQtwiSAL5C5pUhi,601.4944499700005,599.9999999999999,599.0495699269924,0.9959353240198143,0.23961982797079698,0.9987136568100288,4159.510217876,1470.150089824,5610.862128871781
RajgMbScQbqqrdJfR2rxfHJiTiY5b6bJ2tTXiF4aPxy,725ZA3fhyBAKb5iopNRrcbSuQa3LXA1656Q3mBvYPxeg,GLA6i1dSZpUfk2f9Nj8uiG7xyDdAR2reff8oEiZH3617,5237.685522789972,5238.372786250024,5229.341846406937,0.9984069917243542,2.091736738562775,1.0,129681.84482706,54242.08721471,183717.3477897595
BUSDTd9WiT6uBHJRgNvFXBsA7JrifsAtWzKfioN7ERcy,DyBxrn7gSc1EwnpWhDyhzvMHPtxpmBqRqotapLcKcfTM,Cds99GeBgoCpqBsoRWu1C6fF9LiUMd4pXQQD24s9LPff,273.70160447999996,274.28953743999995,273.31366852516874,0.9985826317840983,0.027331366852516872,0.9941751279254846,80.54541141,93.15804499,173.04666019915203
SAMGk1Nd4haC8zQA63DG37pzuEZy8j4q13tSFtCbcRE,9U9TnkHD3jXMAVZtynCVLgDruuqN4pTvLJTmVHCLWS8g,C6zoEbvqSknmi96QWq96UBiPCyNW3YSTvKhavR2BfifE,0.3639268299999969,0.17699848000000007,0.6758748303008748,1.8571723065894332,0.00027034993212034995,0.0,53.64118392,1.13876514,99.62092126889442
B2izdXFYb2sNwbWWHmh75T4aQFtfXsUxem9u2p61HGzf,4DYwgJtxwuJdAjkj5RJSNH4e7U329V5cNp7d3a1nLrZv,EXNW64GEf1ACC6xY9BtKRiunrs6GoJSXBdxWN2eTPmrF,9792.96768300001,9707.91341700001,9765.08835574436,0.9971531278200736,0.9765088355744359,1.0,11635.471659,28289.023049,39891.37000743367
SRMuKizofcAMicegrfSv7xs9q76tH1w8aAF7oX9FEWu,72Hj2KWntXPfbie4UgKeTPnm1XVkomDfCnRPKbvfTtPi,6aqJQ5wedqpUt4fFEDUqUmXhrdxCu4bEJsQdVPCADLko,19.43963900000017,19.534013000000414,0.836430665494502,0.04302706781203574,0.00033457226619780083,0.04295730640849555,16948.215891,4942.905868,941.5659563551054
HEDSDjj84KS7LKhZY7ejkCACTdPen62rKhCby1wXtgxc,EnnjMSFttpCTywBrYNt1J5QQeoSVkvzPipJDa8Y7kJow,6bjVT6JN2rSvpyn9PdfLYC8wJn4LWh49jpY47fnLDXZk,10.121702828999332,10.453398436002317,9.805685244172869,0.9687782194196561,0.003922274097669148,0.999958734702895,39082.589024005,9085.498719398,46947.48480857976
HDSBGqAuMRr6X2AfmmbXQPpRgU6VEhtfNVVZ3wUTZXg,DCZ1d8kNLgDcdSd99y4udLgwq46mfDXNS9KXj96kQf5L,Fq8GGYQM5Pz3q7LmVMbrXHJgsxA5ev86kTq8yGgGuYsa,821.773803166001,827.423691385,813.5741956352907,0.9900220626416659,0.3254296782541163,0.9999580787574643,13521.842706439,12881.253958105,26267.636566878566
GokA1R67GqSavkd15zR62QD68Tuc5AEfvjssntVDEbM8,3YB7hfpBdbQEuZqLGWVDpRPmeZWCUsrrWyqGXegnQ6Cg,4DPCj6Z1DsG6HUtwSogBGqXEUxdEV5a8YVrrFtcnz7UW,8092.511359999995,8093.591761000014,8092.924099129051,1.0000510026011327,0.8092924099129051,1.0,17005.080148,15413.213478,32419.160929320016
SERgf3DMJpQxUifu7VoFKmfne73d2fDJxSrxUMrcNJB,AJfM2GZ2tTB8UtN2krcyR9xufRJEx2mhSCbJyMgPo3GU,F4yRYkufQvERZcEKnKjJwRLU1btiMBUuEwq46hfm11QD,1.440003960999995,1.4402554640000034,208.78403656146324,144.98851545969043,0.0835136146245853,145.6919756939163,29.110083793,28.135347757,8319.72223560699
TETFuZgEmET6d9vYmz9iMFCxK1jKdKYxf3oPz8hSzJK,Eu1Ze6Z84LWNkq7SNoAHBJbXx5t1P95EwyqYohrfCRFV,ASMbv7WNu3qe4pkhREmvyEdwFNDZQ6B6iSrjkj4u8bdC,2.8916445189999536,2.8918440020000133,2.8692890302478724,0.9922689360309709,0.001147715612099149,0.9945805306882796,282.94803065,69.841897834,350.22393313715037
RoBgmK8CvjdHvPrqdDyVw54VwjZv2TqJ493xnqJAQHx,ExiHJxM7qPAcy27NDHAF6G7vnW7muNHi2sVJpnaNynGQ,6rkPHSqZb7StM4HwS9EuVrmfkV7tRdc7dnsFhyB6cefE,0.777269000000004,46.71860799999922,0.0,0.0,0.0,0.9427576415220633,6285.196782,18.624863,17.55873191555154
BUSDgu5JdqP1rndBvXvanbEufS94FNh1w5FJcAj6vawb,Bgzr8cWubt89JQFXndVjtdKmDbGzuPxNhvjH1EhWCwbo,Dxaf8xPBBQsasRKW5Aa4Sw2YrbfGofY9xZueyyF23FBW,9789.35184398,9816.467394640002,9763.856267217914,0.997395580711734,3.905542506887166,0.9999068386798402,8688.10631803,6390.98566637,15055.869120065016
Cob4usZcpHEY7Qt4ZCwj6WVg9S44zvzYV2v9qYF65dTf,NhFM9UXE48PyNAyeyPYA3iXztqKVJwA4bTdLj4ysM8w,6TuFuynuBoeskxyR2cz4wxyidk8dpDK7kAWw3UkjQGx,10.199956000000014,1152.5576639999636,0.09264902985465288,0.009083277403809658,3.705961194186115e-05,1.0,70922.662758,188.342515,832.5527350477541
FrnkTEL6yZ5Aycq2TrEgu29dCrwKG4LPUZydfiwqspkc,DjvZuMZ46fxKBoBpGMPcRcos4xdTtHFxwMh69DpA2ZFY,9rvDPJLAng4uVVqnnSoEXgNDFhBZQTny9AoQioYDZbQX,29.591008706000224,24.679648571999934,5195.857977582582,175.589079412795,2.0783431910330328,146.16850685508373,172.546295076,1439.149728278,240655.6120317781
Lid8SLUxQ9RmF7XMqUA8c24RitTwzja8VSKngJxRcUa,4PgzyzLtds9bKZ2to9PMnKqJzKEUpjvNUaeN23phegax,AtymwxoVN9peZo7EXTcDz9jKVc4vRmisJKKrNfe3ewBa,70.19125348300349,59.36524647999897,12146.791235189017,173.05277555885664,1.2146791235189018,145.92641310395842,969.278481086,7673.488236193,1287500.94574447
MARpDPs5A7XiyCWPNH8GsMWPLxmwNn9SBmKvPa9LzgA,6YjT74rmcfCpw8LSjPNx5JTmZoYLGrTKnf9arfSgZ4SR,F8GSmi3vA8M8TsybLya1LQ4n1aFHCRbZ6k437PeTdXtg,14928.656004999984,15730.214299999876,14090.27080200961,0.9438405438031677,5.636108320803845,1.0,297021.466061,15142.778648,295483.68069622834
STK75uPSyBnEhGTTzb1nwmP3n427XoXmfRhXxxhyady,6TYyD5fUmDe6N65avW1Ny2RxzRNobw2RRgKwH9CTzSAU,54zDfk4cx2vGrEajPtodWpArNe5eUurytyxd4X3aZAxK,469.6435054030004,528.5403626289996,68733.52149435904,146.35254337303974,6.873352149435904,164.4064884664738,1799.47745957,316.264640035,315354.06184479356
ALBpShJ9NLpE739pcHDF2LNVk5J4VYPvvKuV6jMPitZi,D6d156U1bPiJpDYRLextvDRccgFk7QzkQbJg42ceKEu5,GNcM8U5g8RwTZffwwm3kSQqUNPSwv5d2fbN9sLxPJqt2,5780.403935999988,5786.236618000003,5725.643877951263,0.9905266035635186,2.2902575511805052,0.9973808778148582,54788.966982,45527.724201,99678.41090594037
SHRJZYZxBfNz1SL5puXfaymPnndnJTY6MJrTrzpsYMc,BKJWe131yeNE594dMwrLyT25RPsytUgcTdMpph8rbuda,EreMRai79gFEuXwrMnj6kpV4pvVAUqukjSuy87XQTT8K,0.00363,0.003712,0.0034319198802704315,0.9454324739037001,1.3727679521081727e-06,1.0000380014440549,0.01736,0.003106,0.01951882577945347
C2ypsDADXcCRz8HbV2zX1AXPSja7a1P3xZtRC91xGhJh,J9bYNuDpY1d1T86gLaw7DGk5D3CsUAf2tzUwxMvb6FTv,A2NGvvPrMGzsJ4jb52KEnSBVmsA7C34dV1GC7PerdgvG,1104.6013648149938,1111.2323710060045,161656.60567720348,146.34836677417906,64.66264227088139,146.53717274402726,3876.253606699,2233.815510556,894620.3938915518
KwnjUuZhTMTSGAaavkLEmSyfobY16JNH4poL9oeeEvE,J63v6qEZmQpDqCD8bd4PXu2Pq5ZbyXrFcSa3Xt1HdAPQ,BnKQtTdLw9qPCDgZkWX3sURkBAoKCUYL1yahh6Mw7mRK,133.17643799999985,6280.62779599987,2.929568693613007,0.021997650167013858,0.00029295686936130075,1.0,276499.431347,597.34541,6679.683172149571
KEVpg4SYCVrqFxKijQH6hm4QxsRdoE51ud64bEEFUC9,2bPenuBYfqzD8p5dFjCcggwkHDsc2RQDnx9AoyYGUBjA,AE6n6iLuX8oYu61vt5hoDYkjswpnxFxrhSehxrnQTnbx,4.318241183999817,4.316154168000139,4.321299882161108,1.0007083203626108,0.0017285199528644434,0.9999580867567937,3187.754018723,4456.342572498,7646.167762533404
C98Sspw7XqnMsgxea3SLQVdbMDL8pKUc3RE82UvX9eq2,CSqgQJurPCzGxb4Cgwx5R61hWQUiaoUHcShNc8r1cKEL,6S2CR5EnukPhC914XkAns8m5GixjMAoUuZMsS5ubHuWc,40.087927000000036,40.07082400000013,0.0,0.0,0.0,1.0,865.484938,898.239642,898.239642
ALLwa5WNZbvQsRKAqe1jdRGemdYQnW8E5k4msbRFcYtu,CGoM82Hbz7QVqTgvQatYtjvDWBvoUJp5qm21P8iMs9yb,3dxNNww8TivyN5FMy5dCNdi3Zcxv6e4kUfSPxfFwpdNq,5.172396178000001,5.167921654000001,15450.596463243422,2987.1254891417984,6.180238585297369,2999.247188955572,2.55748619,6.098352703,25929.999388009506
KEN5P7p3asnb23Sw6yAmJRGvijfAzso3RqfyLAQhznt,9zj4aX38Uxf3h6AUjS4EipWS8mwbEofasHAf3a1uKGds,CwQDG1MWunn9cLNwcZLd8YBacweSR7ARo32w4mLua1Yr,24244.300284001045,24245.058035999537,24135.257192007557,0.9955023205159091,2.4135257192007558,1.0,1149617.53471,1140011.777198,2284458.7007075837
vEnkoSUkpnbRrPgBz9DfcVxNz67zjwMYBZraAvDDNSf,DtfyjjsZ5yCjWKLKHvwsfXs5QVsmm1QkK6Sh9JZHoq1g,e5wrKCRv4GhHvEf1VD5Pq2KGaZDXP77nTL612Jyrxwy,1853.3652470000002,1852.610366,1849.3189371654819,0.9978167768921599,0.1849318937165482,0.9928465406744408,940.817327,1006.803058,1938.3642461471854
SoN9GaFpSXfpyR5dth3x7PHPVhvJMpQqqDJfCSmPv1t,9kZ9iS68ViMPtoeqtnhAKuF2iqVyfHPdZHoUNdwCELr,BBhm5fJLjw3HRzjtKB8uMEYjGhY6EDm9co3cqpjrSzB9,0.5056072980000019,0.4957747650000004,88.50190251838224,175.0407932568685,0.0354007610073529,169.59420177775425,1.505651483,2.477561633,683.7305174565248
daob129AwBGn9Y5r91uLoWZeYiGzbPmksauMhFZKTze,6VW5GQNyj4LStgmxEHLr5zUfW92vQnmbw8jTnCH7a38F,4VPCCUifPeBA1c7HWK358CHn2nyjm8pdTRk6Ps3KmnMQ,9.956407922999986,8.895233748000017,1618.4025972379352,162.5488438957301,0.6473610388951742,145.70494602724537,48.303463685,224.085144635,40501.98608270628
BSC8REUo9LpiiWUuqMuLXs2D2yJsJfGd4HdiF3wCLxk5,AZjEH1zWVx1UJ6udMyRijGTzPteuLnaY18yNNmprJEsh,Caf8ypkSVR8xYnXNhjvfvdGCC7mrM3C11rz8Xi6NA6aK,840.4168248630003,839.8780652350006,842.5728998226687,1.0025654828602697,0.33702915992906746,0.9998487988652405,2676.047935876,3681.188104629,6363.544795799067
SAMyS8Jr2HJrkFwYVKbpUwsNStnQmvz3f8Tup8bWUWF,6jPzm5TFfquvgm25sTyN3MMGBfufRaFHMxobDWv6hMFW,Cj9ECoDmxsHTDzCY5ZA6RWrPbg9uFzEC1Qc2kso2vJG6,903.5406396900073,88.29239979998948,866.9418319805353,0.9594940104497917,0.34677673279221416,0.022057694691204378,497.81095558,108180.30592323,2863.854789870993
ercAoEmXjQzEvAFbdjAo81KtMxRGn9AW1ju882upmPH,CMRhskR2Eg6V42RTSdRTXGdozyPbWB8U9dVpijPWb9T4,7TKLLgrWswt6ZJ1pXhVR3FyufHGjJFqiEXxvWJfDcgRm,0.20633164299999862,0.20996235699999488,30.045972607750443,145.61980009896322,0.012018389043100177,143.037451782075,301.025897385,788.095432976,156562.49349579285
JSoLLrxK5bYdHwTEWYaGgmeycBCNXKDiBCTw5hXGBg7,xG4wXczA7Dk4hccJ61CHKpDHW4NrNfQwgmWgkb9BuF2,BVR6WgfhsRr9Lob4QDnkEAiNGgAbv7ZieKcY9kSg3QYR,0.7827427079999758,0.6722836260000093,132.74862476061367,169.59420177775425,0.05309944990424547,145.55294983430252,17.088321748,164.642345719,26862.259373612997
BkwbeSfcX1h4thMDd7obGkHrPevf3QwgzJ4pCEqG18Lu,35yX27bmurdebhfAb8EPmjLETDiUaEUCn9zHaDPbakH2,2CxECn1ZJFoESyUnQysQU8rRgT3iJ5GRs2Mdd6gZjx5g,0.0655366400000007,0.04231706000000146,138.3475966308516,2110.996179096916,0.05533903865234064,1288.659793814433,0.80135447,22.09435093,30163.757938189763
BSCNHw8CmxbZ8hCWWzMf5FaG2ajPT6JxfznKUNuRVrn4,7n9kgNL633yGzCYksgnzHyjG73ZLBAwvEae5sbAekbzW,SscdxE99omdG9AiMVwmaEMQySQnCgeAh1sPj2Leutm2,117.07505601999992,116.40751077800041,117.78449203891394,1.006059668412995,0.04711379681556558,0.9999568798594268,3861.231872152,7843.844355905,11728.135785196668
Sid7E679i9ABqptiAVhkmQ27YHN8vaYT4fppPwmxFsJ,GP7KB8o1bv527HG8kTzzzf4wJ5aEGHvcMQvVhLziUfmT,9gYxhAZ1M9wu5pxr8SBoa5NDm21gi3s9vMHaYTME77sa,578.1161580000007,1057.2728279999756,5.286183739319374,0.009143809018601012,0.00211447349572775,0.02205474486111763,130531.837755,10697.470528,1429.4881784330985
BSCuChvaSj9b5HUSqgDVRzcnr2sSn7cXaamt1jbKH6hn,GnKpRj5kBVPMJfiwZtEuD9GYApLzPdW5JFuZTcyX4BTc,3dmwD9okkomV9nDwyuh4UMhKdUR13QpuKxRo89ycZB5t,242.57808947500007,242.1595334110002,243.10495284954436,1.002171933069819,0.09724198113981775,0.9982261521276692,1304.258617512,1809.020487692,3112.9029404838757
wrmcMSHFi3sWpAEy4rGDvQb3ezh3PhXoV2xNjgLBkKU,8p4mGnARWPBu6P2Gcw4adodLkNDorrXniZMhaY7eJXUn,AyY89zccbsgp9LKFgH4CFZMJmpSgqmPSdTfukhP227rc,0.0031439500000000065,0.030236219999999037,0.9779613039691447,311.06134129650366,0.00039118452158765787,2997.4222168934716,27.07147554,0.09691325,8711.379421009242
Lee1XZJfJ9Hm2K1qTyeCz1LXNc1YBZaKZszvNY4KCDw,9DgFSWkPDGijNKcLGbr3p5xoJbHsPgXUTr6QvGBJ5vGN,2hNHZg7XBhuhHVZ3JDEi4buq2fPQwuWBdQ9xkH7t1GQX,865.190198240085,729.3690102539986,149583.08313038907,172.8904042540721,14.95830831303891,145.6864146544216,6710.788562995,53861.497102505,9007119.34830328
parEAJhzYzHW87y9VoZAQ22dzQ2MD2ekEtTReaxbMcz,3oyc6hpjYSJEquK6dSvG72NXyz3pqLZz5D8AC71pwgQb,Di2vordgFJVZ1aj1aBpvzXtLfZgJsuLLXawGtVFwX6Rz,4.833578250999977,5.7182573719999255,688.1139861903913,142.36119712100106,0.27524559447615654,165.60749632268553,1102.715251415,140.425300785,180239.34575838892
KysFMBBoavfov2tLpvefWW6tPFt6rAeZWDJVy1mMQae,B8ka2V21TH3x64dFV8ETcjuQcwmrciJ2qzy1mJUttRew,7fSf7EYxBANyxzk2s5pymFgshA91tFYQNKKs5UnLWcYS,38.61269599998877,43.13719999997784,0.0,0.0,0.0,0.02193354027628584,134519.714779,2599.041798,57.00618795618337
MATSnbbiTCv7Dc3trJrkrqjx7ckKdr6fwPoVwv9q3sD,631WX9JizSHJm4w6VanZeJAst9T8DeUUnPLesdGkCVtK,211maUSfpnXbPuW1iBu8b4dtJv5EbN1j7JJiEX5TZKEP,23.22744000000239,23.248891000002914,23.128496292861527,0.9957402233246173,0.009251398517144611,0.997690346847049,20289.506508,25265.970447,45410.69256011692
heyk4SZTeCUV6a65WiVA5bzic3KcxgVf1qxobfeV4tQ,9ZDpBKPqMABtGfq66FbVribaArMvtk63xxy91onZAtDt,DaTP4s6N7xxSPinbNZ3FB52EpRDRt87QShTuN3VPCW52,83.21049429600237,72.13336612299918,13867.830955795092,166.65963918521436,5.547132382318037,145.7925083936392,627.103800085,4491.124019074,759285.1293015637
WiiQFxXqp8P9Fs1rt9SVcDyA3KUdJmUsog6wnVQAwba,3S2jpqSYxho6wiz3cafhjXruVY8cg4HYa2v3BqBHYFSj,Dfe67M6TfrG74gKRtdqys4e6E9QirPD53BkF4FujFjuv,422.183693793002,423.4522738549995,421.00162311768037,0.997200103431988,0.04210016231176803,0.9998537963786246,21408.1807577,5415.17547087,26762.62381847491
SoNcU2iwHMw6dGzsYNQkYFkUjwN1UdAjrWVRnStrZu2,8ivTTid27jZnYNc4w3CTA1Z6QS2twsFb8WMwUabeDJgc,CyXm53PMvHCbeXJBykU46Rcbo28xk5srhMZFg7gv6EYB,1.4504683359999966,1.4389861669999995,251.141604363258,173.1451822353043,0.10045664174530321,169.59420177775425,15.157608272,19.531432613,5936.884570084528
KZMu9QBEdL97EFgamLbN5DE1AoKBG4HdrKKJo4Vuon3,DD4ACBWyVqdaKWh7v5btsgqQCCMwbKnuL2xd9pv7Gyuw,GcYqiJ1MAuYbNTNYXm1F1gQYTfTgkErACAhNU5dpVj9T,20.476263119999885,21.37761357999989,19.647285403445178,0.9595151853784778,0.007858914161378072,0.9999289150534288,2393.38853947,706.71820459,3003.160615696467
