0,1,2,3,4,5,6,7,8,9,10,11
GokA1R67GqSavkd15zR62QD68Tuc5AEfvjssntVDEbM8,3YB7hfpBdbQEuZqLGWVDpRPmeZWCUsrrWyqGXegnQ6Cg,4DPCj6Z1DsG6HUtwSogBGqXEUxdEV5a8YVrrFtcnz7UW,3524.5394439999945,3524.283158999997,3524.9095595037425,1.0001050110261578,0.3524909559503743,1.0,15197.054583,17225.149322,32423.799763296338
B2izdXFYb2sNwbWWHmh75T4aQFtfXsUxem9u2p61HGzf,4DYwgJtxwuJdAjkj5RJSNH4e7U329V5cNp7d3a1nLrZv,EXNW64GEf1ACC6xY9BtKRiunrs6GoJSXBdxWN2eTPmrF,10381.561648000003,10297.023802000005,10416.65535990753,1.003380388528954,1.0416655359907532,1.0,11696.248785,28024.601046,39760.38769622461
AURHmCnNwiW4uA2Qj1XvEh4iKgRUZYXtiY7FKAapUV5Y,BKWm4TRnTeKwfWXRyuzjRHU7iZDkPuXBX5b5V5jSVfGJ,A5Ww74HVrkj9nPeC7pHKLfgeDMEhBCpW1efQdz3TGLEg,0.004812700000229597,0.004298468000001776,0.7622424915669149,158.38146810118042,0.000304896996626766,141.28975505160327,289.929907772,1795.285863492,299575.02433975996
MARpDPs5A7XiyCWPNH8GsMWPLxmwNn9SBmKvPa9LzgA,6YjT74rmcfCpw8LSjPNx5JTmZoYLGrTKnf9arfSgZ4SR,F8GSmi3vA8M8TsybLya1LQ4n1aFHCRbZ6k437PeTdXtg,15144.245445000008,15940.140944000135,14269.200965021057,0.9422193411248592,5.707680386008423,1.0,297451.33678,14771.754839,295036.1573965602
SoNcU2iwHMw6dGzsYNQkYFkUjwN1UdAjrWVRnStrZu2,8ivTTid27jZnYNc4w3CTA1Z6QS2twsFb8WMwUabeDJgc,CyXm53PMvHCbeXJBykU46Rcbo28xk5srhMZFg7gv6EYB,2.3695940389999954,2.3476732750000036,398.1167429546458,168.01052686757143,0.15924669718185835,165.84124713944578,15.198704193,19.49418572,5786.482370943071
AUSejoEUCh2DBs9mof6BNC8Pubs22w4cJa1ccV9h44R,4xkyD7AfGQDwsQMy9MosRRNGoVJ1zosNinesxg1TzHG7,Cbm5gsQe3nSiCsFrvepVzMCD9xLK3ri9g3ypS2hdmVJ7,10.41844299999866,10.448293999999805,10.448828192382107,1.0029164811271176,0.001044882819238211,1.0,13391.557588,15487.645135,28918.258947968112
HEDSDjj84KS7LKhZY7ejkCACTdPen62rKhCby1wXtgxc,EnnjMSFttpCTywBrYNt1J5QQeoSVkvzPipJDa8Y7kJow,6bjVT6JN2rSvpyn9PdfLYC8wJn4LWh49jpY47fnLDXZk,79.47617190000165,82.0505265920001,76.1760353787765,0.9584764031491422,0.030470414151510604,0.9998848302655956,38812.36703539,9075.158450093,46274.851220289565
YAkoNb6HKmSxQN9L8hiBE5tPJRsniSSMzND1boHmZxe,CfWX7o2TswwbxusJ4hCaPobu2jLCb1hfXuXJQjVq3jQF,EnTrdMMpdhugeH6Ban6gYZWXughWxKtVGfCwFn78ZmY3,5173539.108395013,5171257.521511006,5173539.108395013,1.0,517.3539108395013,0.9969314450122524,344067.955706,1102935.697519,1443619.234389213
RajgMbScQbqqrdJfR2rxfHJiTiY5b6bJ2tTXiF4aPxy,725ZA3fhyBAKb5iopNRrcbSuQa3LXA1656Q3mBvYPxeg,GLA6i1dSZpUfk2f9Nj8uiG7xyDdAR2reff8oEiZH3617,35443.15229144,35443.868831780004,35427.85171084312,0.9995683064398148,14.171140684337248,1.0,88634.03787619,95292.52167739,183888.29681021563
C98Sspw7XqnMsgxea3SLQVdbMDL8pKUc3RE82UvX9eq2,CSqgQJurPCzGxb4Cgwx5R61hWQUiaoUHcShNc8r1cKEL,6S2CR5EnukPhC914XkAns8m5GixjMAoUuZMsS5ubHuWc,13.540448999999967,13.541539000000057,0.0,0.0,0.0,1.0,863.45902,900.354696,900.354696
BSCrK1Nx9PXU9mF7STWWBqeHLxmtJDr9h7jheEy4tAWX,FfSySSbVJPvEo5a5AvrP3nySoXpRE2QPn1uUMpJJ1x7v,HL7Vcj6838ZmvBHDbQxXfjBNckNi83WvPiZQoMQLFeRM,0.04421604400000001,0.04416793800000007,127.22943055275807,2877.4494288262886,0.05089177222110323,2873.64579441938,0.840058405,0.964251245,5188.142112605874
CZgvH45CRmoaNJ7395Ao5CQZXkGznvqU7cErD6n7FaRg,4ZjU6MKvtqVQKCiowhvZ5yUsPxXX5SCzd5eFsPeXyey5,BsyWeshjDbCvjDojry3vKDCesmFRM37WtwcR4Kfgzqr,4.9096679000000165,5.017635999999925,5.021089850442314,1.0226943965888806,0.0020084359401769253,1.0,241.39219576,563.13424698,810.0046929640381
BSC8REUo9LpiiWUuqMuLXs2D2yJsJfGd4HdiF3wCLxk5,AZjEH1zWVx1UJ6udMyRijGTzPteuLnaY18yNNmprJEsh,Caf8ypkSVR8xYnXNhjvfvdGCC7mrM3C11rz8Xi6NA6aK,345.34368166200056,344.71362130299985,345.89781064645183,1.0016045725283997,0.13835912425858074,0.9998848372639833,2779.375822462,3430.82006552,6214.2604954472945
STK75uPSyBnEhGTTzb1nwmP3n427XoXmfRhXxxhyady,6TYyD5fUmDe6N65avW1Ny2RxzRNobw2RRgKwH9CTzSAU,54zDfk4cx2vGrEajPtodWpArNe5eUurytyxd4X3aZAxK,225.91525378300076,254.9355402529966,32087.82832523367,142.0348019353094,3.208782832523367,160.287054880845,1514.583979549,264.980594515,257596.59464501968
NorjjEePhxfwLF4vZjUHCrVVKLzQjEEGQFd3wgjEJmh,34M8pFVqgbV7aqHxvRT5tCv3vu2P1JJYT8J3VaxBK2oG,3AZWBSze3ucsY3xSeuLne3b2pauVqiaJ1SZSV5T9WGWw,19.738017000000127,34.79285399999935,11.182473931850378,0.5665449539257316,0.0044729895727401514,1.0,38235.101644,2131.806553,23793.710452245643
JSoLLrxK5bYdHwTEWYaGgmeycBCNXKDiBCTw5hXGBg7,xG4wXczA7Dk4hccJ61CHKpDHW4NrNfQwgmWgkb9BuF2,BVR6WgfhsRr9Lob4QDnkEAiNGgAbv7ZieKcY9kSg3QYR,1.215250553000061,1.0333398419999895,202.6013236224885,166.71568107690328,0.08104052944899541,141.5517525947144,17.068630845,164.669228901,26154.82636573116
KwnjUuZhTMTSGAaavkLEmSyfobY16JNH4poL9oeeEvE,J63v6qEZmQpDqCD8bd4PXu2Pq5ZbyXrFcSa3Xt1HdAPQ,BnKQtTdLw9qPCDgZkWX3sURkBAoKCUYL1yahh6Mw7mRK,167.60949300000107,7509.465815999953,3.614726584282046,0.021566359515698928,0.00036147265842820464,1.0,277028.736486,585.833754,6560.335081236897
MATSnbbiTCv7Dc3trJrkrqjx7ckKdr6fwPoVwv9q3sD,631WX9JizSHJm4w6VanZeJAst9T8DeUUnPLesdGkCVtK,211maUSfpnXbPuW1iBu8b4dtJv5EbN1j7JJiEX5TZKEP,5798.433027999996,5790.316882000003,5800.051242296597,1.0002790778627237,2.320020496918639,0.9983367709396147,18389.874235,27173.110247,45522.921582173396
KysFMBBoavfov2tLpvefWW6tPFt6rAeZWDJVy1mMQae,B8ka2V21TH3x64dFV8ETcjuQcwmrciJ2qzy1mJUttRew,7fSf7EYxBANyxzk2s5pymFgshA91tFYQNKKs5UnLWcYS,32.017361999997775,36.569368999998005,0.0,0.0,0.0,0.021566359515698928,134131.9835,2896.486238,62.46666354098229
BSCNHw8CmxbZ8hCWWzMf5FaG2ajPT6JxfznKUNuRVrn4,7n9kgNL633yGzCYksgnzHyjG73ZLBAwvEae5sbAekbzW,SscdxE99omdG9AiMVwmaEMQySQnCgeAh1sPj2Leutm2,8103.498596738998,7950.876630407997,8131.1478984134255,1.0034120202952284,3.2524591593653707,0.9998838554911139,4596.434694311,7109.014856557,11720.307006291503
Lee1XZJfJ9Hm2K1qTyeCz1LXNc1YBZaKZszvNY4KCDw,9DgFSWkPDGijNKcLGbr3p5xoJbHsPgXUTr6QvGBJ5vGN,2hNHZg7XBhuhHVZ3JDEi4buq2fPQwuWBdQ9xkH7t1GQX,2728.5924616288394,2298.1451848550396,460080.7228627061,168.61467197195873,46.00807228627061,138.0552080015694,6704.302432008,53881.261961117,8569032.582802892
KEN5P7p3asnb23Sw6yAmJRGvijfAzso3RqfyLAQhznt,9zj4aX38Uxf3h6AUjS4EipWS8mwbEofasHAf3a1uKGds,CwQDG1MWunn9cLNwcZLd8YBacweSR7ARo32w4mLua1Yr,136076.85707899905,136083.459731,135822.86831524954,0.9981334903730025,13.582286831524954,1.0,1142813.514516,1140584.987334,2281265.429423293
Lid8SLUxQ9RmF7XMqUA8c24RitTwzja8VSKngJxRcUa,4PgzyzLtds9bKZ2to9PMnKqJzKEUpjvNUaeN23phegax,AtymwxoVN9peZo7EXTcDz9jKVc4vRmisJKKrNfe3ewBa,73.19004790899987,61.87167577900061,12266.851684826403,167.60272790199934,1.2266851684826403,141.92705431959956,966.044604642,7677.351360944,1251535.5746483584
ercAoEmXjQzEvAFbdjAo81KtMxRGn9AW1ju882upmPH,CMRhskR2Eg6V42RTSdRTXGdozyPbWB8U9dVpijPWb9T4,7TKLLgrWswt6ZJ1pXhVR3FyufHGjJFqiEXxvWJfDcgRm,8.678185551000013,7.538385999999996,1232.0071322289627,141.96598182750253,0.4928028528915852,124.95328309128426,44.747396509,369.713678375,52549.545996336135
SoN9GaFpSXfpyR5dth3x7PHPVhvJMpQqqDJfCSmPv1t,9kZ9iS68ViMPtoeqtnhAKuF2iqVyfHPdZHoUNdwCELr,BBhm5fJLjw3HRzjtKB8uMEYjGhY6EDm9co3cqpjrSzB9,0.13470432399999988,0.13214830700000035,22.93962915967528,170.29616034950223,0.009175851663870112,165.6220332953286,0.84724205,1.374226716,371.88429091432306
BUSDTd9WiT6uBHJRgNvFXBsA7JrifsAtWzKfioN7ERcy,DyBxrn7gSc1EwnpWhDyhzvMHPtxpmBqRqotapLcKcfTM,Cds99GeBgoCpqBsoRWu1C6fF9LiUMd4pXQQD24s9LPff,458.1742669000001,457.21819726000007,456.35173497602625,0.9960221861949929,0.04563517349760263,0.998795452684063,105.26470393,68.70898817,173.47220548024634
DFWzVTzNBrQZLjoQ4yQwkj9HuoXmfkuZP9V5vbymZe23,DhgiEgiNdqZdRdo195UUHnoEJUtefK8buko8nU97XJUZ,2K2kkXsouBHtWVjtcgkyiXd8eP3oVBvq1bTJzcVdLLr2,33.22984351400373,33.28850127599435,33.18034232535436,0.998510339399326,0.013272136930141743,0.999884892251319,35500.717423506,32435.554473856,67879.65429366785
FrnkTEL6yZ5Aycq2TrEgu29dCrwKG4LPUZydfiwqspkc,DjvZuMZ46fxKBoBpGMPcRcos4xdTtHFxwMh69DpA2ZFY,9rvDPJLAng4uVVqnnSoEXgNDFhBZQTny9AoQioYDZbQX,37.648180753000446,31.375748117000143,6419.683197282978,170.51775328536556,2.5678732789131913,141.8209584146913,171.981658685,1439.900958008,233534.0599321835
RoBgmK8CvjdHvPrqdDyVw54VwjZv2TqJ493xnqJAQHx,ExiHJxM7qPAcy27NDHAF6G7vnW7muNHi2sVJpnaNynGQ,6rkPHSqZb7StM4HwS9EuVrmfkV7tRdc7dnsFhyB6cefE,0.7055499999999988,38.449007999999594,0.0,0.0,0.0,0.947576289367057,6243.851753,19.33868,18.32487463565692
Cob4usZcpHEY7Qt4ZCwj6WVg9S44zvzYV2v9qYF65dTf,NhFM9UXE48PyNAyeyPYA3iXztqKVJwA4bTdLj4ysM8w,6TuFuynuBoeskxyR2cz4wxyidk8dpDK7kAWw3UkjQGx,21.54759700000082,1072.1074259999923,0.1764186893012183,0.0081873950631809,7.056747572048733e-05,1.0,72249.230265,176.965802,768.498793190281
ALLwa5WNZbvQsRKAqe1jdRGemdYQnW8E5k4msbRFcYtu,CGoM82Hbz7QVqTgvQatYtjvDWBvoUJp5qm21P8iMs9yb,3dxNNww8TivyN5FMy5dCNdi3Zcxv6e4kUfSPxfFwpdNq,6.245154197000001,6.081033648000001,17972.183939106162,2877.7806555584334,7.188873575642465,2836.1874833373986,0.859385931,7.812038751,24629.5307328238
vEnkoSUkpnbRrPgBz9DfcVxNz67zjwMYBZraAvDDNSf,DtfyjjsZ5yCjWKLKHvwsfXs5QVsmm1QkK6Sh9JZHoq1g,e5wrKCRv4GhHvEf1VD5Pq2KGaZDXP77nTL612Jyrxwy,1535.9183339999995,1535.3926840000001,1528.246536387335,0.99500507452588,0.15282465363873352,0.995067450647142,913.794709,1034.471366,1938.5991574629866
BUSDgu5JdqP1rndBvXvanbEufS94FNh1w5FJcAj6vawb,Bgzr8cWubt89JQFXndVjtdKmDbGzuPxNhvjH1EhWCwbo,Dxaf8xPBBQsasRKW5Aa4Sw2YrbfGofY9xZueyyF23FBW,29976.71705548,30056.345827959987,29904.54960210722,0.9975925498032618,11.961819840842889,1.0,8828.79787109,6274.51555449,15082.058534408283
SAMyS8Jr2HJrkFwYVKbpUwsNStnQmvz3f8Tup8bWUWF,6jPzm5TFfquvgm25sTyN3MMGBfufRaFHMxobDWv6hMFW,Cj9ECoDmxsHTDzCY5ZA6RWrPbg9uFzEC1Qc2kso2vJG6,611.3693716300068,128.77955316999248,582.8486964813955,0.9533495191743566,0.2331394785925582,0.0215704248595005,494.34433971,108334.5746002,2808.1057396686588
KZMu9QBEdL97EFgamLbN5DE1AoKBG4HdrKKJo4Vuon3,DD4ACBWyVqdaKWh7v5btsgqQCCMwbKnuL2xd9pv7Gyuw,GcYqiJ1MAuYbNTNYXm1F1gQYTfTgkErACAhNU5dpVj9T,40.94887414999994,42.71321665000005,39.03858948163368,0.9533495191743566,0.015615435792653473,1.0,2406.7569457,693.96993688,2988.4505138326376
Sid7E679i9ABqptiAVhkmQ27YHN8vaYT4fppPwmxFsJ,GP7KB8o1bv527HG8kTzzzf4wJ5aEGHvcMQvVhLziUfmT,9gYxhAZ1M9wu5pxr8SBoa5NDm21gi3s9vMHaYTME77sa,406.23256200000105,1084.6073560000514,3.3259864726221373,0.0081873950631809,0.0013303945890488552,0.0215704248595005,132549.910088,9901.448136,1298.8169224973929
BkwbeSfcX1h4thMDd7obGkHrPevf3QwgzJ4pCEqG18Lu,35yX27bmurdebhfAb8EPmjLETDiUaEUCn9zHaDPbakH2,2CxECn1ZJFoESyUnQysQU8rRgT3iJ5GRs2Mdd6gZjx5g,0.0012019400000014002,0.0007404599999999428,2.52243441763148,2098.6358866736623,0.001008973767052592,1287.001287001287,0.80210248,22.09313674,30117.21646759336
daob129AwBGn9Y5r91uLoWZeYiGzbPmksauMhFZKTze,6VW5GQNyj4LStgmxEHLr5zUfW92vQnmbw8jTnCH7a38F,4VPCCUifPeBA1c7HWK358CHn2nyjm8pdTRk6Ps3KmnMQ,13.587685687000011,12.150026501999967,2158.3915587273855,158.84909383740177,0.8633566234909543,142.0763521157797,48.182141455,224.243158335,39513.339432430264
wrmcMSHFi3sWpAEy4rGDvQb3ezh3PhXoV2xNjgLBkKU,8p4mGnARWPBu6P2Gcw4adodLkNDorrXniZMhaY7eJXUn,AyY89zccbsgp9LKFgH4CFZMJmpSgqmPSdTfukhP227rc,0.0036252299999996046,0.02713210000000428,1.0698943454136478,295.124542556959,0.0004279577381654591,2878.940549877645,27.07968626,0.09607708,8268.480221594305
BUSD5rCfUDpCxKGMvYU2yThChxgHoioK74PTPociGnv2,CcFHbafgYDZ8yA8Me1PdtDiVb2eeaS61LbqyKKK5CsNZ,26R9s4nmF3CFDTkiePDwRmtscn8i7r2eygbSijditJ58,310.35900755,311.89302061,309.97492382139137,0.9987624534192173,0.03099749238213914,1.0,107.80198672,40.28921726,147.95779399993307
heyk4SZTeCUV6a65WiVA5bzic3KcxgVf1qxobfeV4tQ,9ZDpBKPqMABtGfq66FbVribaArMvtk63xxy91onZAtDt,DaTP4s6N7xxSPinbNZ3FB52EpRDRt87QShTuN3VPCW52,61.68640068300431,53.2818106259989,9370.00267992614,151.89738056005172,3.7480010719704557,142.10954514287337,614.675012587,4505.636558988,733661.4862845679
WiiQFxXqp8P9Fs1rt9SVcDyA3KUdJmUsog6wnVQAwba,3S2jpqSYxho6wiz3cafhjXruVY8cg4HYa2v3BqBHYFSj,Dfe67M6TfrG74gKRtdqys4e6E9QirPD53BkF4FujFjuv,868.8340332720013,866.6021412479981,872.5922523264892,1.0043255891350555,0.08725922523264892,0.9998849442393513,4457.279391213,22373.584099253,26847.56964003556
SQDY9uoDoCbNq7F3HAHYYQZbrUzpKxDtdWLvYcqBLak,GiehZ4X2uQjhEKuxSm3ACmEFrabxh3RTvjbLfLjw1xGX,rxDQYV77NKRKYxCjq4cECX3QQsiSyLv1T1FT2X3zNA2,59.31418524399999,59.100887009999994,59.435916181675346,1.00205230733887,0.02377436647267014,0.9998849472386611,169.752361165,236.93512352,407.0086086613903
C2ypsDADXcCRz8HbV2zX1AXPSja7a1P3xZtRC91xGhJh,J9bYNuDpY1d1T86gLaw7DGk5D3CsUAf2tzUwxMvb6FTv,A2NGvvPrMGzsJ4jb52KEnSBVmsA7C34dV1GC7PerdgvG,215.63701641900025,217.22699658300098,30612.2950324178,141.96215260619087,12.244918012967121,142.8628369616446,3573.739323453,1864.196466203,773660.1230264133
parEAJhzYzHW87y9VoZAQ22dzQ2MD2ekEtTReaxbMcz,3oyc6hpjYSJEquK6dSvG72NXyz3pqLZz5D8AC71pwgQb,Di2vordgFJVZ1aj1aBpvzXtLfZgJsuLLXawGtVFwX6Rz,1.8405672700000082,2.1792036120000375,256.14121806597393,139.1642795353917,0.10245648722638956,164.60016644368832,1104.870170728,138.610281702,176573.73672846306
MATgk4zXLXtYkwBH678J1xZbRDZ45LicNzkRBHkxTuY,y8dALFo1bJrSzPYjMX14HJX448pXqYmrfXHD1K8MXih,GN7Yuet3UyiWS5YVkEHv6oQKi4HGBJc3XDPt9zQhAqZz,4094.700252999998,4080.7236530000005,4101.455349961384,1.0016497170840373,1.6405821399845537,1.0,3323.770698,4745.715401,8074.969380303914
