0,1,2,3,4,5,6,7,8,9,10,11
SAMyS8Jr2HJrkFwYVKbpUwsNStnQmvz3f8Tup8bWUWF,6jPzm5TFfquvgm25sTyN3MMGBfufRaFHMxobDWv6hMFW,Cj9ECoDmxsHTDzCY5ZA6RWrPbg9uFzEC1Qc2kso2vJG6,1227.986164510002,82.12376656000106,1229.0744115754994,1.0008862046633331,0.49162976463019975,0.021304810566572463,476.35510419,109154.10074707,2802.2846912856276
ALLwa5WNZbvQsRKAqe1jdRGemdYQnW8E5k4msbRFcYtu,CGoM82Hbz7QVqTgvQatYtjvDWBvoUJp5qm21P8iMs9yb,3dxNNww8TivyN5FMy5dCNdi3Zcxv6e4kUfSPxfFwpdNq,19.046942406000007,18.857671888000006,58852.250667408254,3089.8529230008653,23.540900266963305,3080.449006247151,1.575698885,7.116520057,26790.75494311002
JSoLLrxK5bYdHwTEWYaGgmeycBCNXKDiBCTw5hXGBg7,xG4wXczA7Dk4hccJ61CHKpDHW4NrNfQwgmWgkb9BuF2,BVR6WgfhsRr9Lob4QDnkEAiNGgAbv7ZieKcY9kSg3QYR,0.8765098649999743,0.7443727230000192,177.84696304111318,202.90354979760372,0.07113878521644527,172.37325566883928,17.062288536,164.680650311,31848.538751394077
GokA1R67GqSavkd15zR62QD68Tuc5AEfvjssntVDEbM8,3YB7hfpBdbQEuZqLGWVDpRPmeZWCUsrrWyqGXegnQ6Cg,4DPCj6Z1DsG6HUtwSogBGqXEUxdEV5a8YVrrFtcnz7UW,17773.115174000006,17769.599648000003,17778.573195971167,1.0003070942779433,1.777857319597117,1.0,12785.646837,19643.84542,32433.41865598345
BUSDTd9WiT6uBHJRgNvFXBsA7JrifsAtWzKfioN7ERcy,DyBxrn7gSc1EwnpWhDyhzvMHPtxpmBqRqotapLcKcfTM,Cds99GeBgoCpqBsoRWu1C6fF9LiUMd4pXQQD24s9LPff,1796.21189256,1773.7439940100003,1795.2459425281634,0.9994622293528744,0.17952459425281636,0.9991018074750799,118.65644614,105.69880051,224.19649882366258
B2izdXFYb2sNwbWWHmh75T4aQFtfXsUxem9u2p61HGzf,4DYwgJtxwuJdAjkj5RJSNH4e7U329V5cNp7d3a1nLrZv,EXNW64GEf1ACC6xY9BtKRiunrs6GoJSXBdxWN2eTPmrF,4547.359278000013,4485.913696999993,4607.785780728485,1.0132882622714274,0.46077857807284855,1.0,9186.100887,30564.511584,39872.67978883825
ercAoEmXjQzEvAFbdjAo81KtMxRGn9AW1ju882upmPH,CMRhskR2Eg6V42RTSdRTXGdozyPbWB8U9dVpijPWb9T4,7TKLLgrWswt6ZJ1pXhVR3FyufHGjJFqiEXxvWJfDcgRm,4.764027970999912,4.132811439000008,823.4411741676599,172.84557924096939,0.32937646966706396,150.77130074321207,36.309657072,320.546389312,54605.15977376109
SoNcU2iwHMw6dGzsYNQkYFkUjwN1UdAjrWVRnStrZu2,8ivTTid27jZnYNc4w3CTA1Z6QS2twsFb8WMwUabeDJgc,CyXm53PMvHCbeXJBykU46Rcbo28xk5srhMZFg7gv6EYB,0.4814252410000055,0.47700514400000493,98.90957418722955,205.4515753718622,0.039563829674891825,202.77653802455504,15.26012913,19.439338346,7077.059301426404
MATSnbbiTCv7Dc3trJrkrqjx7ckKdr6fwPoVwv9q3sD,631WX9JizSHJm4w6VanZeJAst9T8DeUUnPLesdGkCVtK,211maUSfpnXbPuW1iBu8b4dtJv5EbN1j7JJiEX5TZKEP,1448.332499,1447.7202519999992,1446.663049840484,0.998847330180971,0.5786652199361937,0.9933692601882435,21102.524882,24463.663821,45379.65226982388
MARpDPs5A7XiyCWPNH8GsMWPLxmwNn9SBmKvPa9LzgA,6YjT74rmcfCpw8LSjPNx5JTmZoYLGrTKnf9arfSgZ4SR,F8GSmi3vA8M8TsybLya1LQ4n1aFHCRbZ6k437PeTdXtg,14814.568968999969,15589.210639000186,14068.756072105512,0.9496567940346359,5.627502428842205,1.0,297053.716406,15185.837204,297284.9171821959
DA1mL7dfBow33EH5yjUuZE6SH2KeUK5zEXzsyhE5r5j5,B4UtLRZND3D83CitRCBUyeiNr7H8m7YFRqBmiPmXjhW4,AAmpYbuixWiSqDaJBCqYEs1pb5SrbdPr9mgXrB58Q2e,1922.3264833929998,1888.335168318,1914.714695955264,0.9960403253539427,0.7658858783821056,0.9999977630050042,2019.922910104,988.301801988,3000.224263731686
7dwD9TF6uikvHXxPFK9AsSim54yJoujQjY9vU6gNFumk,CquVr6atkvwueDYficKjn6SSEWq4F4rH4VSiBbW4GBWU,8BCa6ge3b7ho3TfZuM64Vk1hgbrJ3J7EPiAb9uP86CGd,0.0010312839999999995,0.0010387109999999999,0.21086435484484362,204.46778466925088,8.434574193793744e-05,205.32278795494398,0.002926164,0.004590734,1.5408885742984655
SEQV6QiTpvTzrceiaYg9Avnwf7oc8ZALpnQMz6TyT4A,3dFMPj4r9mMmPHF32mz1gNDX7f8ftidWof7S8YiYTs1j,Fc1ED3YPeQfXQosHbd8DTaBd2AV5gHQtwiSAL5C5pUhi,1289.290913447,1289.4781897920002,1285.8873496566878,0.9973601273732607,0.5143549398626751,0.9978038337618902,3296.746873743,2250.758205776,5533.859048508044
KysFMBBoavfov2tLpvefWW6tPFt6rAeZWDJVy1mMQae,B8ka2V21TH3x64dFV8ETcjuQcwmrciJ2qzy1mJUttRew,7fSf7EYxBANyxzk2s5pymFgshA91tFYQNKKs5UnLWcYS,23.428707999995368,20.66427300002897,0.0,0.0,0.0,0.021123346762782682,134140.115179,2890.12738,61.04916283635259
parEAJhzYzHW87y9VoZAQ22dzQ2MD2ekEtTReaxbMcz,3oyc6hpjYSJEquK6dSvG72NXyz3pqLZz5D8AC71pwgQb,Di2vordgFJVZ1aj1aBpvzXtLfZgJsuLLXawGtVFwX6Rz,3.129791415999989,3.5919239079999272,523.4974731618561,167.26273530103447,0.20939898926474243,183.87105196673994,1103.527026366,139.75327567,210275.53072183463
Cob4usZcpHEY7Qt4ZCwj6WVg9S44zvzYV2v9qYF65dTf,NhFM9UXE48PyNAyeyPYA3iXztqKVJwA4bTdLj4ysM8w,6TuFuynuBoeskxyR2cz4wxyidk8dpDK7kAWw3UkjQGx,143.71319500000075,1274.9648160000215,1.0200083124819277,0.007097527213711464,0.0004080033249927711,1.0,74362.280226,160.91933,688.7076375776728
YakoMPuYrybnr9R7VC7hVGxMz94fJvPFCdZ4gmW61Ed,,,0.020828999999999986,0.020782999999999996,0.0,0.0,0.0,1.0,74362.280226,160.91933,160.91933
wrmcMSHFi3sWpAEy4rGDvQb3ezh3PhXoV2xNjgLBkKU,8p4mGnARWPBu6P2Gcw4adodLkNDorrXniZMhaY7eJXUn,AyY89zccbsgp9LKFgH4CFZMJmpSgqmPSdTfukhP227rc,0.00876346999999951,0.036733439999997314,3.2174990545912014,367.1489780408196,0.0012869996218364806,3089.661990978187,27.00138753,0.10470383,10237.03128118447
KwnjUuZhTMTSGAaavkLEmSyfobY16JNH4poL9oeeEvE,J63v6qEZmQpDqCD8bd4PXu2Pq5ZbyXrFcSa3Xt1HdAPQ,BnKQtTdLw9qPCDgZkWX3sURkBAoKCUYL1yahh6Mw7mRK,274.66791499999965,12346.82994500018,5.840707884624222,0.021264616526558006,0.0005840707884624222,1.0,277223.717367,581.795157,6476.851198876155
moFiBS1R4Lf3E3zzmBPnw3NF4RhWPkhREFviuzUaCAU,44ALBrpqi9PfZkBRTvbtRNtFJGsatfY4QydjtMbFWq8S,2ho8qEEie1UjVwWNBo9y4oAJZMyMLx8zPj9bxyUz6uWs,3231.463953268998,3230.261782575002,3231.7698079636234,1.0000946489575773,1.2927079231854495,0.9999977650049953,31367.10083433,33053.063956034,64423.059780327356
BSCuChvaSj9b5HUSqgDVRzcnr2sSn7cXaamt1jbKH6hn,GnKpRj5kBVPMJfiwZtEuD9GYApLzPdW5JFuZTcyX4BTc,3dmwD9okkomV9nDwyuh4UMhKdUR13QpuKxRo89ycZB5t,1141.0056151600002,1144.212670795,1137.9354777582985,0.9973092705584352,0.4551741911033194,0.9987323320218083,1831.013448014,1172.579920506,2997.180164710432
STK75uPSyBnEhGTTzb1nwmP3n427XoXmfRhXxxhyady,6TYyD5fUmDe6N65avW1Ny2RxzRNobw2RRgKwH9CTzSAU,54zDfk4cx2vGrEajPtodWpArNe5eUurytyxd4X3aZAxK,565.9666874809997,639.8679708759996,97740.89323872972,172.69725480443765,9.774089323872973,195.3554629397012,1809.039125649,314.166179176,373790.170206327
SAMGk1Nd4haC8zQA63DG37pzuEZy8j4q13tSFtCbcRE,9U9TnkHD3jXMAVZtynCVLgDruuqN4pTvLJTmVHCLWS8g,C6zoEbvqSknmi96QWq96UBiPCyNW3YSTvKhavR2BfifE,0.017952359999995338,0.00940900999999994,0.030698604978839278,1.7100038646087339,1.2279441991535711e-05,0.0,53.64828056,1.13503613,91.73876708721362
ALBpShJ9NLpE739pcHDF2LNVk5J4VYPvvKuV6jMPitZi,D6d156U1bPiJpDYRLextvDRccgFk7QzkQbJg42ceKEu5,GNcM8U5g8RwTZffwwm3kSQqUNPSwv5d2fbN9sLxPJqt2,2001.3526209999982,2002.2446809999965,1997.8703330095623,0.9982600327628942,0.7991481332038249,0.9991916539519529,51335.786644,48980.552182,100187.42300336089
FrnkTEL6yZ5Aycq2TrEgu29dCrwKG4LPUZydfiwqspkc,DjvZuMZ46fxKBoBpGMPcRcos4xdTtHFxwMh69DpA2ZFY,9rvDPJLAng4uVVqnnSoEXgNDFhBZQTny9AoQioYDZbQX,12.90372079700046,10.731506128999825,2682.4191098226306,207.87950638595447,1.0729676439290523,172.7743553097706,171.440057192,1440.690971137,284553.32820265525
C98Sspw7XqnMsgxea3SLQVdbMDL8pKUc3RE82UvX9eq2,CSqgQJurPCzGxb4Cgwx5R61hWQUiaoUHcShNc8r1cKEL,6S2CR5EnukPhC914XkAns8m5GixjMAoUuZMsS5ubHuWc,41.95966999999962,41.94906399999991,0.0,0.0,0.0,1.0,869.260304,894.667669,894.667669
MATgk4zXLXtYkwBH678J1xZbRDZ45LicNzkRBHkxTuY,y8dALFo1bJrSzPYjMX14HJX448pXqYmrfXHD1K8MXih,GN7Yuet3UyiWS5YVkEHv6oQKi4HGBJc3XDPt9zQhAqZz,1572.520516,1571.5625660000005,1573.507104954807,1.0006273933756467,0.6294028419819229,1.0,3900.72372,4175.787772,8078.958780222156
Lee1XZJfJ9Hm2K1qTyeCz1LXNc1YBZaKZszvNY4KCDw,9DgFSWkPDGijNKcLGbr3p5xoJbHsPgXUTr6QvGBJ5vGN,2hNHZg7XBhuhHVZ3JDEi4buq2fPQwuWBdQ9xkH7t1GQX,1854.5159672438995,1562.784343364,381054.48492724163,205.4738226349963,38.105448492724165,172.72320588087973,6681.993081046,53925.430501889,10687147.895975964
Lid8SLUxQ9RmF7XMqUA8c24RitTwzja8VSKngJxRcUa,4PgzyzLtds9bKZ2to9PMnKqJzKEUpjvNUaeN23phegax,AtymwxoVN9peZo7EXTcDz9jKVc4vRmisJKKrNfe3ewBa,44.51313883900457,37.56431240700067,9112.831632501498,204.7222880745582,0.91128316325015,171.71862872371847,959.79789999,7659.919489733,1511842.8930861447
HEDSDjj84KS7LKhZY7ejkCACTdPen62rKhCby1wXtgxc,EnnjMSFttpCTywBrYNt1J5QQeoSVkvzPipJDa8Y7kJow,6bjVT6JN2rSvpyn9PdfLYC8wJn4LWh49jpY47fnLDXZk,0.5385050770019006,0.5560825190041214,0.5072589823392962,0.9419762301284781,0.0002029035929357185,0.9999977690049773,38828.180156309,9059.887469473,45635.09002329848
RajgMbScQbqqrdJfR2rxfHJiTiY5b6bJ2tTXiF4aPxy,725ZA3fhyBAKb5iopNRrcbSuQa3LXA1656Q3mBvYPxeg,GLA6i1dSZpUfk2f9Nj8uiG7xyDdAR2reff8oEiZH3617,20135.19065670998,20129.18267822999,20150.198121266734,1.0007453351106836,8.060079248506694,1.0,77996.1834906,105957.86418186,184012.18096651486
KZMu9QBEdL97EFgamLbN5DE1AoKBG4HdrKKJo4Vuon3,DD4ACBWyVqdaKWh7v5btsgqQCCMwbKnuL2xd9pv7Gyuw,GcYqiJ1MAuYbNTNYXm1F1gQYTfTgkErACAhNU5dpVj9T,28.764717320000045,28.67360407000001,28.790208746628487,1.0008862046633331,0.011516083498651396,1.0,1419.98939843,1668.21649302,3089.464292676772
RoBgmK8CvjdHvPrqdDyVw54VwjZv2TqJ493xnqJAQHx,ExiHJxM7qPAcy27NDHAF6G7vnW7muNHi2sVJpnaNynGQ,6rkPHSqZb7StM4HwS9EuVrmfkV7tRdc7dnsFhyB6cefE,0.454464999999999,24.719616999999744,0.0,0.0,0.0,0.9471571551566551,6235.720074,19.48452,18.45490253279295
BSC8REUo9LpiiWUuqMuLXs2D2yJsJfGd4HdiF3wCLxk5,AZjEH1zWVx1UJ6udMyRijGTzPteuLnaY18yNNmprJEsh,Caf8ypkSVR8xYnXNhjvfvdGCC7mrM3C11rz8Xi6NA6aK,10001.805742612,10033.021900461,9999.784496171573,0.999797911847876,3.999913798468629,0.9999967710104264,3205.961354176,3010.089980536,6215.393728356991
daob129AwBGn9Y5r91uLoWZeYiGzbPmksauMhFZKTze,6VW5GQNyj4LStgmxEHLr5zUfW92vQnmbw8jTnCH7a38F,4VPCCUifPeBA1c7HWK358CHn2nyjm8pdTRk6Ps3KmnMQ,21.995741348000024,19.423086379000004,4196.948523046381,190.80732295608627,1.6787794092185524,172.66502070857928,48.211533802,224.241209427,47917.7267697963
Sid7E679i9ABqptiAVhkmQ27YHN8vaYT4fppPwmxFsJ,GP7KB8o1bv527HG8kTzzzf4wJ5aEGHvcMQvVhLziUfmT,9gYxhAZ1M9wu5pxr8SBoa5NDm21gi3s9vMHaYTME77sa,462.6731740000014,1408.5208489999932,3.283835443519269,0.007097527213711464,0.0013135341774077075,0.021139846128133594,135448.884395,8873.489611,1148.9363480565025
BSCNHw8CmxbZ8hCWWzMf5FaG2ajPT6JxfznKUNuRVrn4,7n9kgNL633yGzCYksgnzHyjG73ZLBAwvEae5sbAekbzW,SscdxE99omdG9AiMVwmaEMQySQnCgeAh1sPj2Leutm2,1377.2473111569998,1374.7454094630011,1380.6194991347875,1.0024484985016633,0.552247799653915,0.9999977710049686,4946.515019407,6759.143472705,11717.754960628256
WiiQFxXqp8P9Fs1rt9SVcDyA3KUdJmUsog6wnVQAwba,3S2jpqSYxho6wiz3cafhjXruVY8cg4HYa2v3BqBHYFSj,Dfe67M6TfrG74gKRtdqys4e6E9QirPD53BkF4FujFjuv,25114.554685282,25129.788874822007,25086.34794685942,0.9988768768239753,2.508634794685942,0.9999967710104264,18770.647282138,8056.036984449,26805.57650473602
C2ypsDADXcCRz8HbV2zX1AXPSja7a1P3xZtRC91xGhJh,J9bYNuDpY1d1T86gLaw7DGk5D3CsUAf2tzUwxMvb6FTv,A2NGvvPrMGzsJ4jb52KEnSBVmsA7C34dV1GC7PerdgvG,39.35093406099986,39.685380352999346,6798.4610897112725,172.7649229157467,2.719384435884509,173.51766461881118,4359.320325824,2181.451587579,1131658.0250117374
AURHmCnNwiW4uA2Qj1XvEh4iKgRUZYXtiY7FKAapUV5Y,BKWm4TRnTeKwfWXRyuzjRHU7iZDkPuXBX5b5V5jSVfGJ,A5Ww74HVrkj9nPeC7pHKLfgeDMEhBCpW1efQdz3TGLEg,0.0020699409999451746,0.0018493229999307914,0.39875020033341374,192.6384376868593,0.00015950008013336552,172.68285084881393,290.129698054,1795.062352238,365866.6161955184
BUSD5rCfUDpCxKGMvYU2yThChxgHoioK74PTPociGnv2,CcFHbafgYDZ8yA8Me1PdtDiVb2eeaS61LbqyKKK5CsNZ,26R9s4nmF3CFDTkiePDwRmtscn8i7r2eygbSijditJ58,350.34338293,350.7313102,349.96140705342935,0.9989097100296969,0.03499614070534294,1.0,80.34389143,67.68113763,147.93743092099874
heyk4SZTeCUV6a65WiVA5bzic3KcxgVf1qxobfeV4tQ,9ZDpBKPqMABtGfq66FbVribaArMvtk63xxy91onZAtDt,DaTP4s6N7xxSPinbNZ3FB52EpRDRt87QShTuN3VPCW52,42.98524440500114,37.1284069550004,8571.866451738311,199.41416107758627,3.428746580695325,172.2132833960735,618.677298069,4482.148200222,895258.4726002095
AUSejoEUCh2DBs9mof6BNC8Pubs22w4cJa1ccV9h44R,4xkyD7AfGQDwsQMy9MosRRNGoVJ1zosNinesxg1TzHG7,Cbm5gsQe3nSiCsFrvepVzMCD9xLK3ri9g3ypS2hdmVJ7,2417.5259509999996,2421.6717399999998,2415.007098596164,0.9989580867155557,0.2415007098596164,1.0,14859.633766,14018.903432,28863.05474817723
BUSDgu5JdqP1rndBvXvanbEufS94FNh1w5FJcAj6vawb,Bgzr8cWubt89JQFXndVjtdKmDbGzuPxNhvjH1EhWCwbo,Dxaf8xPBBQsasRKW5Aa4Sw2YrbfGofY9xZueyyF23FBW,22543.102083679994,22597.985345990015,22502.54327465632,0.9982008328368864,9.00101730986253,1.0,8694.01221724,6430.50010089,15108.870336833033
YAkoNb6HKmSxQN9L8hiBE5tPJRsniSSMzND1boHmZxe,CfWX7o2TswwbxusJ4hCaPobu2jLCb1hfXuXJQjVq3jQF,EnTrdMMpdhugeH6Ban6gYZWXughWxKtVGfCwFn78ZmY3,4658544.212137011,4659299.4453439955,4658544.212137011,1.0,465.85442121370113,0.9988044310959783,862577.458106,631856.211126,1493678.2415941646
SoN9GaFpSXfpyR5dth3x7PHPVhvJMpQqqDJfCSmPv1t,9kZ9iS68ViMPtoeqtnhAKuF2iqVyfHPdZHoUNdwCELr,BBhm5fJLjw3HRzjtKB8uMEYjGhY6EDm9co3cqpjrSzB9,0.048520806000000194,0.04752132999999992,10.07376564682907,207.61744243962124,0.0040295062587316285,202.99700721512264,0.842690472,1.420785809,463.3725076855941
vEnkoSUkpnbRrPgBz9DfcVxNz67zjwMYBZraAvDDNSf,DtfyjjsZ5yCjWKLKHvwsfXs5QVsmm1QkK6Sh9JZHoq1g,e5wrKCRv4GhHvEf1VD5Pq2KGaZDXP77nTL612Jyrxwy,1585.611788,1586.2131400000003,1583.444053091318,0.9986328715987813,0.15834440530913182,0.9992236032602667,1014.634912,934.828146,1947.3501242701714
7oAd7xG4m3oC2qeWB1szghTebAZyyGPAFDJ4wwwbRSNi,D9yh4KAysxt9GLacVe4Wwh2XqghhcjTCSTV9HuM7TBJd,HDYfJLpZKaMFb84jM4mRytn7XLR8UFZUnQpSfhJJaNEy,98.41036429500673,2.243251999999984,96.65866749664022,0.9822000781023895,0.03866346699865609,0.02286152195842056,957.467941799,300002.607269457,7798.941280889623
KEVpg4SYCVrqFxKijQH6hm4QxsRdoE51ud64bEEFUC9,2bPenuBYfqzD8p5dFjCcggwkHDsc2RQDnx9AoyYGUBjA,AE6n6iLuX8oYu61vt5hoDYkjswpnxFxrhSehxrnQTnbx,3552.2447175340003,3555.6848205250003,3550.2464932474945,0.9994374756117892,1.420098597298998,0.9999977750049506,4977.90700164,2549.198246588,7524.299382183854
MAR3XM1n9xWPQ3HJjAcC85o8DopWFP5p2WxGTaZ3fPB,6qG7GUhER8Cg9gDEgnebph9LdS6eu2eoWcA4R7z9uizK,4QV4CwRXVMY227KkFF9voNAfwWHVvVajXSXDKbUHkWZR,0.010256000000000001,0.4334600000000002,0.009718941037224038,0.9476346565156043,3.887576414889616e-06,0.02123590864736818,0.108884,24.413567,0.6216265305084475
KEN5P7p3asnb23Sw6yAmJRGvijfAzso3RqfyLAQhznt,9zj4aX38Uxf3h6AUjS4EipWS8mwbEofasHAf3a1uKGds,CwQDG1MWunn9cLNwcZLd8YBacweSR7ARo32w4mLua1Yr,41980.69190100208,41984.70775899943,41970.954639525706,0.9997680538115157,4.197095463952571,1.0,1149690.548282,1096912.546648,2246336.4285893897
