0,1,2,3,4,5,6,7,8,9,10,11
MATgk4zXLXtYkwBH678J1xZbRDZ45LicNzkRBHkxTuY,y8dALFo1bJrSzPYjMX14HJX448pXqYmrfXHD1K8MXih,GN7Yuet3UyiWS5YVkEHv6oQKi4HGBJc3XDPt9zQhAqZz,2180.167219000001,2173.8444819999995,2188.4592912545645,1.0038034111247518,0.8753837165018259,1.0,2518.276579,5564.149713,8092.00433315577
MATSnbbiTCv7Dc3trJrkrqjx7ckKdr6fwPoVwv9q3sD,631WX9JizSHJm4w6VanZeJAst9T8DeUUnPLesdGkCVtK,211maUSfpnXbPuW1iBu8b4dtJv5EbN1j7JJiEX5TZKEP,5447.470166999996,5450.223898000004,5439.637089590984,0.9985620706183095,2.1758548358363936,0.9974316135949929,25943.898716,19629.275071,45485.45272952816
SEQV6QiTpvTzrceiaYg9Avnwf7oc8ZALpnQMz6TyT4A,3dFMPj4r9mMmPHF32mz1gNDX7f8ftidWof7S8YiYTs1j,Fc1ED3YPeQfXQosHbd8DTaBd2AV5gHQtwiSAL5C5pUhi,457.7928821830001,459.54347955699996,454.6551582635863,0.9931459748686974,0.18186206330543456,0.9460299380634201,4724.296913108,827.724332586,5474.9684624277415
BSCrK1Nx9PXU9mF7STWWBqeHLxmtJDr9h7jheEy4tAWX,FfSySSbVJPvEo5a5AvrP3nySoXpRE2QPn1uUMpJJ1x7v,HL7Vcj6838ZmvBHDbQxXfjBNckNi83WvPiZQoMQLFeRM,0.06270490800000006,0.06269665600000007,234.0495160742482,3732.5549712033385,0.09361980642969929,3728.8388395853526,0.890068846,0.914504175,6732.269582553479
AUSejoEUCh2DBs9mof6BNC8Pubs22w4cJa1ccV9h44R,4xkyD7AfGQDwsQMy9MosRRNGoVJ1zosNinesxg1TzHG7,Cbm5gsQe3nSiCsFrvepVzMCD9xLK3ri9g3ypS2hdmVJ7,3815.8396379999976,3819.4276539999973,3811.5249917093834,0.9988692799750684,0.3811524991709383,1.0,14818.538776,14060.742723,28862.52588046575
moFiBS1R4Lf3E3zzmBPnw3NF4RhWPkhREFviuzUaCAU,44ALBrpqi9PfZkBRTvbtRNtFJGsatfY4QydjtMbFWq8S,2ho8qEEie1UjVwWNBo9y4oAJZMyMLx8zPj9bxyUz6uWs,2967.9001425699935,2975.114192162,2961.082256596345,0.997702791318395,1.184432902638538,0.9999731767195076,39782.11424177,24651.302816259,64341.36801101027
SoN9GaFpSXfpyR5dth3x7PHPVhvJMpQqqDJfCSmPv1t,9kZ9iS68ViMPtoeqtnhAKuF2iqVyfHPdZHoUNdwCELr,BBhm5fJLjw3HRzjtKB8uMEYjGhY6EDm9co3cqpjrSzB9,4.740335675999999,4.537079823999999,957.5342765926716,201.99714578033013,0.3830137106370687,196.7007772041109,1.95805823,3.237332399,1032.307972683034
ALBpShJ9NLpE739pcHDF2LNVk5J4VYPvvKuV6jMPitZi,D6d156U1bPiJpDYRLextvDRccgFk7QzkQbJg42ceKEu5,GNcM8U5g8RwTZffwwm3kSQqUNPSwv5d2fbN9sLxPJqt2,5834.477214999992,5841.226409000003,5513.919963974377,0.9450581021721216,2.2055679855897514,0.999246568087662,53649.927269,46678.220317,97345.34990271552
7dwD9TF6uikvHXxPFK9AsSim54yJoujQjY9vU6gNFumk,CquVr6atkvwueDYficKjn6SSEWq4F4rH4VSiBbW4GBWU,8BCa6ge3b7ho3TfZuM64Vk1hgbrJ3J7EPiAb9uP86CGd,0.0020775940000000003,0.0020830720000000013,0.41235070949891983,198.47511568618305,0.00016494028379956794,199.53894531295987,0.003957816,0.003554791,1.494847235412628
NorjjEePhxfwLF4vZjUHCrVVKLzQjEEGQFd3wgjEJmh,34M8pFVqgbV7aqHxvRT5tCv3vu2P1JJYT8J3VaxBK2oG,3AZWBSze3ucsY3xSeuLne3b2pauVqiaJ1SZSV5T9WGWw,0.4571259999997892,0.8081089999977848,0.25881878676310865,0.5661869741892345,0.00010352751470524346,1.0,38238.053832,2130.203191,23780.09118902514
TETFuZgEmET6d9vYmz9iMFCxK1jKdKYxf3oPz8hSzJK,Eu1Ze6Z84LWNkq7SNoAHBJbXx5t1P95EwyqYohrfCRFV,ASMbv7WNu3qe4pkhREmvyEdwFNDZQ6B6iSrjkj4u8bdC,16.363595341,16.427998778999978,15.393462541273472,0.9407139580568947,0.006157385016509389,0.9463898539436539,213.091835778,38.608110332,236.99678816247413
B2izdXFYb2sNwbWWHmh75T4aQFtfXsUxem9u2p61HGzf,4DYwgJtxwuJdAjkj5RJSNH4e7U329V5cNp7d3a1nLrZv,EXNW64GEf1ACC6xY9BtKRiunrs6GoJSXBdxWN2eTPmrF,4391.367354000004,4331.446662000002,4212.088242149399,0.9591746493976864,0.42120882421493994,1.0,9442.256133,30307.571746,39364.34446189343
daob129AwBGn9Y5r91uLoWZeYiGzbPmksauMhFZKTze,6VW5GQNyj4LStgmxEHLr5zUfW92vQnmbw8jTnCH7a38F,4VPCCUifPeBA1c7HWK358CHn2nyjm8pdTRk6Ps3KmnMQ,17.94886849999999,16.045862962999983,3351.587127899024,186.7297165779016,1.3406348511596096,167.63824203810552,48.152527426,224.382694633,46606.62827081579
FrnkTEL6yZ5Aycq2TrEgu29dCrwKG4LPUZydfiwqspkc,DjvZuMZ46fxKBoBpGMPcRcos4xdTtHFxwMh69DpA2ZFY,9rvDPJLAng4uVVqnnSoEXgNDFhBZQTny9AoQioYDZbQX,42.504376959000325,35.34976823400012,8577.808036517989,201.80999346942863,3.431123214607196,167.66677101128718,170.757385618,1441.614280088,276171.3582625416
WiiQFxXqp8P9Fs1rt9SVcDyA3KUdJmUsog6wnVQAwba,3S2jpqSYxho6wiz3cafhjXruVY8cg4HYa2v3BqBHYFSj,Dfe67M6TfrG74gKRtdqys4e6E9QirPD53BkF4FujFjuv,12644.431118232002,12646.812822174998,12609.585046947748,0.9972441566600803,1.2609585046947749,0.9999731767195076,21394.256907222,5442.636960443,26777.788657876892
Cob4usZcpHEY7Qt4ZCwj6WVg9S44zvzYV2v9qYF65dTf,NhFM9UXE48PyNAyeyPYA3iXztqKVJwA4bTdLj4ysM8w,6TuFuynuBoeskxyR2cz4wxyidk8dpDK7kAWw3UkjQGx,17.993426999999997,2526.395338000002,0.1268479920840497,0.007049684981301768,5.073919683361988e-05,1.0,74311.571451,161.320356,685.1935251950479
KysFMBBoavfov2tLpvefWW6tPFt6rAeZWDJVy1mMQae,B8ka2V21TH3x64dFV8ETcjuQcwmrciJ2qzy1mJUttRew,7fSf7EYxBANyxzk2s5pymFgshA91tFYQNKKs5UnLWcYS,23.254524000018137,18.493829000000005,0.0,0.0,0.0,0.021832977113756407,134011.327524,2991.985868,65.3239589807266
SoNcU2iwHMw6dGzsYNQkYFkUjwN1UdAjrWVRnStrZu2,8ivTTid27jZnYNc4w3CTA1Z6QS2twsFb8WMwUabeDJgc,CyXm53PMvHCbeXJBykU46Rcbo28xk5srhMZFg7gv6EYB,27.239221267999994,26.27202252299999,5434.872300393419,199.52377664989203,2.173948920157368,196.2100074952223,13.398969924,17.004150984,6009.797674475328
C98Sspw7XqnMsgxea3SLQVdbMDL8pKUc3RE82UvX9eq2,CSqgQJurPCzGxb4Cgwx5R61hWQUiaoUHcShNc8r1cKEL,6S2CR5EnukPhC914XkAns8m5GixjMAoUuZMsS5ubHuWc,9.903472999999963,9.903637000000003,0.0,0.0,0.0,1.0,869.941211,894.064787,894.064787
STK75uPSyBnEhGTTzb1nwmP3n427XoXmfRhXxxhyady,6TYyD5fUmDe6N65avW1Ny2RxzRNobw2RRgKwH9CTzSAU,54zDfk4cx2vGrEajPtodWpArNe5eUurytyxd4X3aZAxK,267.7227110130001,302.6081840579948,44896.324785867575,167.6971095055417,4.489632478586757,189.65377943948207,1600.048286984,277.008340507,320859.15150992176
heyk4SZTeCUV6a65WiVA5bzic3KcxgVf1qxobfeV4tQ,9ZDpBKPqMABtGfq66FbVribaArMvtk63xxy91onZAtDt,DaTP4s6N7xxSPinbNZ3FB52EpRDRt87QShTuN3VPCW52,67.69068754699765,58.4662429560002,13108.460525227314,193.65234717295652,5.243384210090926,167.62953069095553,614.664307706,4486.933420203,871173.7293809003
BSCuChvaSj9b5HUSqgDVRzcnr2sSn7cXaamt1jbKH6hn,GnKpRj5kBVPMJfiwZtEuD9GYApLzPdW5JFuZTcyX4BTc,3dmwD9okkomV9nDwyuh4UMhKdUR13QpuKxRo89ycZB5t,1161.188342348,1165.5361297600002,1158.6809001048093,0.9978406239954833,0.46347236004192377,0.9460335179675415,1736.982313577,1268.24022595,2933.0292782322203
BUSDgu5JdqP1rndBvXvanbEufS94FNh1w5FJcAj6vawb,Bgzr8cWubt89JQFXndVjtdKmDbGzuPxNhvjH1EhWCwbo,Dxaf8xPBBQsasRKW5Aa4Sw2YrbfGofY9xZueyyF23FBW,3862.371291070004,3858.9992063399986,3867.02583671837,1.00120510051924,1.546810334687348,1.0,7110.64431983,8023.88781122,15143.101172211958
BSC8REUo9LpiiWUuqMuLXs2D2yJsJfGd4HdiF3wCLxk5,AZjEH1zWVx1UJ6udMyRijGTzPteuLnaY18yNNmprJEsh,Caf8ypkSVR8xYnXNhjvfvdGCC7mrM3C11rz8Xi6NA6aK,1482.1056919389994,1487.1262604730005,1478.663760465188,0.99767767474848,0.5914655041860751,0.9999731767195076,3538.879521029,2681.654667079,6212.243828058909
GokA1R67GqSavkd15zR62QD68Tuc5AEfvjssntVDEbM8,3YB7hfpBdbQEuZqLGWVDpRPmeZWCUsrrWyqGXegnQ6Cg,4DPCj6Z1DsG6HUtwSogBGqXEUxdEV5a8YVrrFtcnz7UW,7433.240953000008,7432.802373000002,7434.802261474918,1.000210044109263,0.7434802261474918,1.0,14214.476574,18226.488729,32443.950970070626
YAkoNb6HKmSxQN9L8hiBE5tPJRsniSSMzND1boHmZxe,CfWX7o2TswwbxusJ4hCaPobu2jLCb1hfXuXJQjVq3jQF,EnTrdMMpdhugeH6Ban6gYZWXughWxKtVGfCwFn78ZmY3,3414167.851320003,3412662.686474978,3414167.851320003,1.0,341.4167851320003,0.9996141489385098,388503.693363,1097461.806512,1485542.0430720123
parEAJhzYzHW87y9VoZAQ22dzQ2MD2ekEtTReaxbMcz,3oyc6hpjYSJEquK6dSvG72NXyz3pqLZz5D8AC71pwgQb,Di2vordgFJVZ1aj1aBpvzXtLfZgJsuLLXawGtVFwX6Rz,3.840119937999958,4.551349332999962,604.394176403293,157.38940089409772,0.24175767056131725,193.21625458791996,1104.785285364,138.698903946,200680.3769159505
CZgvH45CRmoaNJ7395Ao5CQZXkGznvqU7cErD6n7FaRg,4ZjU6MKvtqVQKCiowhvZ5yUsPxXX5SCzd5eFsPeXyey5,BsyWeshjDbCvjDojry3vKDCesmFRM37WtwcR4Kfgzqr,15.542705169999977,15.019534119999946,16.071925884959928,1.034049459805841,0.006428770353983971,1.0,204.37456043,601.22863916,812.5620429706976
BkwbeSfcX1h4thMDd7obGkHrPevf3QwgzJ4pCEqG18Lu,35yX27bmurdebhfAb8EPmjLETDiUaEUCn9zHaDPbakH2,2CxECn1ZJFoESyUnQysQU8rRgT3iJ5GRs2Mdd6gZjx5g,0.03416550000000085,0.02335000999999859,81.9808038392342,2399.520095980804,0.032792321535693676,1615.5088852988692,0.91659337,21.91628982,37605.34514815293
BUSD5rCfUDpCxKGMvYU2yThChxgHoioK74PTPociGnv2,CcFHbafgYDZ8yA8Me1PdtDiVb2eeaS61LbqyKKK5CsNZ,26R9s4nmF3CFDTkiePDwRmtscn8i7r2eygbSijditJ58,3.6268511199999978,3.633025669999995,3.620221516942666,0.9981720774197834,0.0003620221516942666,1.0,84.5334675,63.5149093,147.89385616597275
RoBgmK8CvjdHvPrqdDyVw54VwjZv2TqJ493xnqJAQHx,ExiHJxM7qPAcy27NDHAF6G7vnW7muNHi2sVJpnaNynGQ,6rkPHSqZb7StM4HwS9EuVrmfkV7tRdc7dnsFhyB6cefE,0.4255589999999998,23.254523999999947,0.0,0.0,0.0,0.9118937388463997,6237.926219,19.445014,17.731786518380588
MARpDPs5A7XiyCWPNH8GsMWPLxmwNn9SBmKvPa9LzgA,6YjT74rmcfCpw8LSjPNx5JTmZoYLGrTKnf9arfSgZ4SR,F8GSmi3vA8M8TsybLya1LQ4n1aFHCRbZ6k437PeTdXtg,29581.998750000017,30559.35808599985,28350.916886056777,0.9583840877573142,11.34036675442271,1.0,294651.832238,17694.697579,300084.3250244368
KEVpg4SYCVrqFxKijQH6hm4QxsRdoE51ud64bEEFUC9,2bPenuBYfqzD8p5dFjCcggwkHDsc2RQDnx9AoyYGUBjA,AE6n6iLuX8oYu61vt5hoDYkjswpnxFxrhSehxrnQTnbx,591.3570353630003,593.5250114489991,589.2443398510793,0.9964273773954104,0.23569773594043175,0.9999731767195076,6115.589568263,1414.387880489,7508.090816697188
Lee1XZJfJ9Hm2K1qTyeCz1LXNc1YBZaKZszvNY4KCDw,9DgFSWkPDGijNKcLGbr3p5xoJbHsPgXUTr6QvGBJ5vGN,2hNHZg7XBhuhHVZ3JDEi4buq2fPQwuWBdQ9xkH7t1GQX,981.2358862101391,825.3153631489877,195437.98580559832,199.17533444526282,19.543798580559834,167.47557368757768,6659.209944402,53930.117742873,10358327.775843754
Dg3mAgpwDfVNnbGWcsxL8sUcSkEbjSJQhKAWNigG44Ju,EATxwd8YA2wV93VJcKMmH2Kn2Y9XfJVUB9hHVu3udwEy,GiGvrRi7NMHfHKanG2B8xyCEqe8jaafWins8bhrLVEaa,0.003287239999999969,0.0032455619999999796,0.6627361039203954,201.60867594711723,0.0002650944415681582,199.17588983820545,0.194070904,0.265597797,92.02705555184215
BUSDTd9WiT6uBHJRgNvFXBsA7JrifsAtWzKfioN7ERcy,DyBxrn7gSc1EwnpWhDyhzvMHPtxpmBqRqotapLcKcfTM,Cds99GeBgoCpqBsoRWu1C6fF9LiUMd4pXQQD24s9LPff,33.51929679999998,33.62171179999997,33.38709292652602,0.996055887620114,0.0033387092926526027,0.9992221155752458,111.79906146,73.52834454,184.82926138364036
Lid8SLUxQ9RmF7XMqUA8c24RitTwzja8VSKngJxRcUa,4PgzyzLtds9bKZ2to9PMnKqJzKEUpjvNUaeN23phegax,AtymwxoVN9peZo7EXTcDz9jKVc4vRmisJKKrNfe3ewBa,30.9037475789994,26.211953504999542,6128.820023738742,198.31963770968582,0.6128820023738741,167.1410687334217,957.970531122,7662.114162122,1470638.3184832274
HEDSDjj84KS7LKhZY7ejkCACTdPen62rKhCby1wXtgxc,EnnjMSFttpCTywBrYNt1J5QQeoSVkvzPipJDa8Y7kJow,6bjVT6JN2rSvpyn9PdfLYC8wJn4LWh49jpY47fnLDXZk,5.212280582998574,5.383187111001462,4.993270697010817,0.957981946194124,0.001997308278804327,0.9999731767195076,38828.399801139,9059.716993608,46256.379991376576
JSoLLrxK5bYdHwTEWYaGgmeycBCNXKDiBCTw5hXGBg7,xG4wXczA7Dk4hccJ61CHKpDHW4NrNfQwgmWgkb9BuF2,BVR6WgfhsRr9Lob4QDnkEAiNGgAbv7ZieKcY9kSg3QYR,36.35086371000037,32.39623738899999,6977.980954307955,191.9619024729876,2.791192381723182,167.08934701817364,16.975095973,164.82021166,30798.273259305202
ALLwa5WNZbvQsRKAqe1jdRGemdYQnW8E5k4msbRFcYtu,CGoM82Hbz7QVqTgvQatYtjvDWBvoUJp5qm21P8iMs9yb,3dxNNww8TivyN5FMy5dCNdi3Zcxv6e4kUfSPxfFwpdNq,3.107465110999998,3.104092822,11567.395439994038,3722.4538415723646,4.626958175997615,3705.693798521428,1.50009941,7.218705412,32334.36269009641
Sid7E679i9ABqptiAVhkmQ27YHN8vaYT4fppPwmxFsJ,GP7KB8o1bv527HG8kTzzzf4wJ5aEGHvcMQvVhLziUfmT,9gYxhAZ1M9wu5pxr8SBoa5NDm21gi3s9vMHaYTME77sa,569.5761569999922,1365.204128999987,4.010024954016143,0.007040366603716871,0.0016040099816064571,0.021840453521385462,136257.701485,8611.875483,1147.3914372526372
SUiuyGR7SFq3xeRVJonq84fjjeFwRSsFekcevJ53tzy,49GjCCPsv7fBqo6t3iKDrP1xxGDS8uWZbVCdfnp2gjMf,CEwj5xEbbJEjYqM8D6Ai8ByGz1mrh8mkAVsE5fzDSSSx,0.051920999999999884,6.806361000000038,0.0003654816392093306,0.0070391872115200295,1.4619265568373226e-07,0.9557643582090122,665.556272,1.502831,6.121327504620954
KwnjUuZhTMTSGAaavkLEmSyfobY16JNH4poL9oeeEvE,J63v6qEZmQpDqCD8bd4PXu2Pq5ZbyXrFcSa3Xt1HdAPQ,BnKQtTdLw9qPCDgZkWX3sURkBAoKCUYL1yahh6Mw7mRK,212.5917169999998,9664.47476100002,4.348086095704445,0.02045275402571046,0.0004348086095704445,1.0,276818.358915,590.805509,6252.503313689329
SAMyS8Jr2HJrkFwYVKbpUwsNStnQmvz3f8Tup8bWUWF,6jPzm5TFfquvgm25sTyN3MMGBfufRaFHMxobDWv6hMFW,Cj9ECoDmxsHTDzCY5ZA6RWrPbg9uFzEC1Qc2kso2vJG6,464.63676058000567,213.8215832299923,465.84951127119314,1.0026101049122191,0.18633980450847726,0.021745627985878993,480.58663783,108960.02946398,2851.24528542827
BSCNHw8CmxbZ8hCWWzMf5FaG2ajPT6JxfznKUNuRVrn4,7n9kgNL633yGzCYksgnzHyjG73ZLBAwvEae5sbAekbzW,SscdxE99omdG9AiMVwmaEMQySQnCgeAh1sPj2Leutm2,462.0094606850016,461.1807598050018,463.08740405421554,1.0023331629781254,0.1852349616216862,0.9999731767195076,5023.023932458,6683.69197307,11718.25616046093
wrmcMSHFi3sWpAEy4rGDvQb3ezh3PhXoV2xNjgLBkKU,8p4mGnARWPBu6P2Gcw4adodLkNDorrXniZMhaY7eJXUn,AyY89zccbsgp9LKFgH4CFZMJmpSgqmPSdTfukhP227rc,0.0075846700000003625,0.0620584800000073,2.738148014440564,361.01083032490976,0.0010952592057762256,3719.269535463235,27.10829914,0.0932671,10133.27506491844
KEN5P7p3asnb23Sw6yAmJRGvijfAzso3RqfyLAQhznt,9zj4aX38Uxf3h6AUjS4EipWS8mwbEofasHAf3a1uKGds,CwQDG1MWunn9cLNwcZLd8YBacweSR7ARo32w4mLua1Yr,69590.85506100161,69599.68672799971,69553.08773436185,0.9994572946889839,6.955308773436186,1.0,1147264.228723,1077871.122204,2224512.724536933
vEnkoSUkpnbRrPgBz9DfcVxNz67zjwMYBZraAvDDNSf,DtfyjjsZ5yCjWKLKHvwsfXs5QVsmm1QkK6Sh9JZHoq1g,e5wrKCRv4GhHvEf1VD5Pq2KGaZDXP77nTL612Jyrxwy,10063.066411999998,10062.168928000001,9525.206572472209,0.9465510990878087,0.952520657247221,0.998338764296211,2724.524273,4230.506773,6802.380349203134
C2ypsDADXcCRz8HbV2zX1AXPSja7a1P3xZtRC91xGhJh,J9bYNuDpY1d1T86gLaw7DGk5D3CsUAf2tzUwxMvb6FTv,A2NGvvPrMGzsJ4jb52KEnSBVmsA7C34dV1GC7PerdgvG,955.732342535001,963.0885554349998,159759.24134814402,167.15897771586953,63.90369653925761,167.3552218343672,3210.257389637,1641.223663259,811290.6937010596
KZMu9QBEdL97EFgamLbN5DE1AoKBG4HdrKKJo4Vuon3,DD4ACBWyVqdaKWh7v5btsgqQCCMwbKnuL2xd9pv7Gyuw,GcYqiJ1MAuYbNTNYXm1F1gQYTfTgkErACAhNU5dpVj9T,26.289017090000016,26.22972273000005,26.357634182644038,1.0026101049122191,0.010543053673057617,1.0,1458.24475733,1629.96826655,3092.0191956843246
AURHmCnNwiW4uA2Qj1XvEh4iKgRUZYXtiY7FKAapUV5Y,BKWm4TRnTeKwfWXRyuzjRHU7iZDkPuXBX5b5V5jSVfGJ,A5Ww74HVrkj9nPeC7pHKLfgeDMEhBCpW1efQdz3TGLEg,0.008761227999855237,0.009321852000084618,1.6384337646314417,187.00960238205352,0.0006553735058525768,166.96310966788198,290.069621607,1795.130079152,353966.3048734068
DFWzVTzNBrQZLjoQ4yQwkj9HuoXmfkuZP9V5vbymZe23,DhgiEgiNdqZdRdo195UUHnoEJUtefK8buko8nU97XJUZ,2K2kkXsouBHtWVjtcgkyiXd8eP3oVBvq1bTJzcVdLLr2,0.4751328500024101,0.47743635599908885,0.4732064176850922,0.995945486999461,0.00018928256707403688,0.9999731767195076,37728.014006792,30220.881504397,67795.11616473262
