0,1,2,3,4,5,6,7,8,9,10,11
BUSD5rCfUDpCxKGMvYU2yThChxgHoioK74PTPociGnv2,CcFHbafgYDZ8yA8Me1PdtDiVb2eeaS61LbqyKKK5CsNZ,26R9s4nmF3CFDTkiePDwRmtscn8i7r2eygbSijditJ58,268.25207138,268.64038798999997,267.8624493756362,0.9985475526717857,0.02678624493756362,1.0,80.34389143,67.68113763,147.90833378955415
FrnkTEL6yZ5Aycq2TrEgu29dCrwKG4LPUZydfiwqspkc,DjvZuMZ46fxKBoBpGMPcRcos4xdTtHFxwMh69DpA2ZFY,9rvDPJLAng4uVVqnnSoEXgNDFhBZQTny9AoQioYDZbQX,32.710441484000256,27.263709095999985,6961.645804499843,212.82640920346523,2.784658321799937,177.37443619318276,171.409830815,1440.73617155,292030.3049263358
BUSDgu5JdqP1rndBvXvanbEufS94FNh1w5FJcAj6vawb,Bgzr8cWubt89JQFXndVjtdKmDbGzuPxNhvjH1EhWCwbo,Dxaf8xPBBQsasRKW5Aa4Sw2YrbfGofY9xZueyyF23FBW,18314.514316060002,18357.338475240016,18263.192553401837,0.997197754645715,7.305277021360735,1.0,8764.94915534,6359.9818118,15100.369429088905
oKQqupM9E7SSLAFDLxr7mdsXP7znck9qRbVWc6Yyj7Q,CMR2J7CwfW98RpvnJmFBgRFTLAd3x8CJ1SWs8Bt3uunG,FmRb5jHfSNj1YWP3b45d9vvYuhwjp4om8bALmtqZpr1v,376.63712561999955,371.5016343799998,381.2558032983611,1.0122629378895098,0.15250232131934444,1.0,2176.16186001,3720.4519216,5923.299919336823
KZMu9QBEdL97EFgamLbN5DE1AoKBG4HdrKKJo4Vuon3,DD4ACBWyVqdaKWh7v5btsgqQCCMwbKnuL2xd9pv7Gyuw,GcYqiJ1MAuYbNTNYXm1F1gQYTfTgkErACAhNU5dpVj9T,60.697058290000314,60.47326561,60.97572650649398,1.0045911321626533,0.024390290602597592,1.0,1383.50713815,1704.84781702,3094.706819289221
SAMyS8Jr2HJrkFwYVKbpUwsNStnQmvz3f8Tup8bWUWF,6jPzm5TFfquvgm25sTyN3MMGBfufRaFHMxobDWv6hMFW,Cj9ECoDmxsHTDzCY5ZA6RWrPbg9uFzEC1Qc2kso2vJG6,1100.8474594499967,56.265726640010314,1105.9015956272526,1.0045911321626533,0.4423606382509011,0.021556461779005352,477.45754907,109102.53760319,2831.514301615496
daob129AwBGn9Y5r91uLoWZeYiGzbPmksauMhFZKTze,6VW5GQNyj4LStgmxEHLr5zUfW92vQnmbw8jTnCH7a38F,4VPCCUifPeBA1c7HWK358CHn2nyjm8pdTRk6Ps3KmnMQ,20.68240158399999,18.322192022000003,4102.684046696927,198.36594072666998,1.6410736186787709,176.78214076101176,48.24997069,224.199636883,49205.642591974334
RoBgmK8CvjdHvPrqdDyVw54VwjZv2TqJ493xnqJAQHx,ExiHJxM7qPAcy27NDHAF6G7vnW7muNHi2sVJpnaNynGQ,6rkPHSqZb7StM4HwS9EuVrmfkV7tRdc7dnsFhyB6cefE,0.711276999999999,39.12333899999976,0.0,0.0,0.0,0.9171644576760704,6236.1915,19.476073,17.862761930704558
parEAJhzYzHW87y9VoZAQ22dzQ2MD2ekEtTReaxbMcz,3oyc6hpjYSJEquK6dSvG72NXyz3pqLZz5D8AC71pwgQb,Di2vordgFJVZ1aj1aBpvzXtLfZgJsuLLXawGtVFwX6Rz,4.9702191570000025,5.872703488999832,857.8232197501208,172.5926347819033,0.3431292879000483,202.86720333156634,1103.381065311,139.877596782,218812.02209839365
ALLwa5WNZbvQsRKAqe1jdRGemdYQnW8E5k4msbRFcYtu,CGoM82Hbz7QVqTgvQatYtjvDWBvoUJp5qm21P8iMs9yb,3dxNNww8TivyN5FMy5dCNdi3Zcxv6e4kUfSPxfFwpdNq,19.786363815999994,19.594126238,61368.289237640325,3101.544569195459,24.54731569505613,3089.5092623487685,1.600535182,7.091983765,26874.88073193296
vEnkoSUkpnbRrPgBz9DfcVxNz67zjwMYBZraAvDDNSf,DtfyjjsZ5yCjWKLKHvwsfXs5QVsmm1QkK6Sh9JZHoq1g,e5wrKCRv4GhHvEf1VD5Pq2KGaZDXP77nTL612Jyrxwy,2004.1885989999996,2004.8394310000008,2002.1024082905608,0.9989590846338116,0.20021024082905609,0.997898425915023,1076.763134,872.750852,1946.5590161348696
KEN5P7p3asnb23Sw6yAmJRGvijfAzso3RqfyLAQhznt,9zj4aX38Uxf3h6AUjS4EipWS8mwbEofasHAf3a1uKGds,CwQDG1MWunn9cLNwcZLd8YBacweSR7ARo32w4mLua1Yr,46670.96704100026,46674.750273000216,46605.02093637529,0.9985869993958549,4.660502093637529,1.0,1153237.453629,1093367.2961,2244975.2245102995
KwnjUuZhTMTSGAaavkLEmSyfobY16JNH4poL9oeeEvE,J63v6qEZmQpDqCD8bd4PXu2Pq5ZbyXrFcSa3Xt1HdAPQ,BnKQtTdLw9qPCDgZkWX3sURkBAoKCUYL1yahh6Mw7mRK,258.11017999999945,11692.346939000243,5.620108455758741,0.021774067399274035,0.0005620108455758741,1.0,276747.040248,592.096855,6618.005561909556
SEQV6QiTpvTzrceiaYg9Avnwf7oc8ZALpnQMz6TyT4A,3dFMPj4r9mMmPHF32mz1gNDX7f8ftidWof7S8YiYTs1j,Fc1ED3YPeQfXQosHbd8DTaBd2AV5gHQtwiSAL5C5pUhi,1289.290913447,1289.4781897920002,1286.572382143813,0.9978914523674731,0.5146289528575252,0.9978958766702881,3296.746873743,2250.758205776,5535.817858853015
MiMuMS9C4vBqcrYeeQPph1E7oAW9aNKvW9k6Zw9XffM,Afy2q2hh6Y474pshJa5fnQ6PfEchGyTbKrQpCZw2hr3m,5pXz9ksgjeL8Wgb37bksUaBFMLdFfsNNY3FQnikkCPtS,0.012538942999999136,0.8271330000006856,0.0,0.0,0.0,0.021900351778780518,26.006551294,7673.713867602,168.0570331501902
ercAoEmXjQzEvAFbdjAo81KtMxRGn9AW1ju882upmPH,CMRhskR2Eg6V42RTSdRTXGdozyPbWB8U9dVpijPWb9T4,7TKLLgrWswt6ZJ1pXhVR3FyufHGjJFqiEXxvWJfDcgRm,4.764027970999912,4.132811439000008,846.1998179721754,177.6227644176842,0.3384799271888702,155.533162236486,36.309657072,320.546389312,56305.01523736985
C2ypsDADXcCRz8HbV2zX1AXPSja7a1P3xZtRC91xGhJh,J9bYNuDpY1d1T86gLaw7DGk5D3CsUAf2tzUwxMvb6FTv,A2NGvvPrMGzsJ4jb52KEnSBVmsA7C34dV1GC7PerdgvG,13.235201314998903,13.34242889999905,2350.8730451946744,177.6227644176842,0.9403492180778698,178.92419679586126,4353.813155851,2178.182923356,1163065.9585362698
wrmcMSHFi3sWpAEy4rGDvQb3ezh3PhXoV2xNjgLBkKU,8p4mGnARWPBu6P2Gcw4adodLkNDorrXniZMhaY7eJXUn,AyY89zccbsgp9LKFgH4CFZMJmpSgqmPSdTfukhP227rc,0.008632710000000002,0.07172986999999509,3.386053681324501,392.2353098070594,0.0013544214725298004,3096.934035305048,26.96878414,0.10869302,10914.724515310703
KEVpg4SYCVrqFxKijQH6hm4QxsRdoE51ud64bEEFUC9,2bPenuBYfqzD8p5dFjCcggwkHDsc2RQDnx9AoyYGUBjA,AE6n6iLuX8oYu61vt5hoDYkjswpnxFxrhSehxrnQTnbx,2952.114286154,2955.4236019600003,2950.453652820047,0.9994374766106645,1.1801814611280188,0.9999191695340923,4977.90700164,2549.198246588,7524.099006227678
YAkoNb6HKmSxQN9L8hiBE5tPJRsniSSMzND1boHmZxe,CfWX7o2TswwbxusJ4hCaPobu2jLCb1hfXuXJQjVq3jQF,EnTrdMMpdhugeH6Ban6gYZWXughWxKtVGfCwFn78ZmY3,5587172.306538994,5587794.646385017,5587172.306538994,1.0,558.7172306538995,0.9995092409626873,667574.86564,826585.522672,1493754.7339966367
BSCuChvaSj9b5HUSqgDVRzcnr2sSn7cXaamt1jbKH6hn,GnKpRj5kBVPMJfiwZtEuD9GYApLzPdW5JFuZTcyX4BTc,3dmwD9okkomV9nDwyuh4UMhKdUR13QpuKxRo89ycZB5t,1141.0056151600002,1144.212670795,1134.5061485580566,0.9943037382852562,0.45380245942322267,0.9978958766702881,1831.013448014,1172.579920506,2990.6961839502083
C98Sspw7XqnMsgxea3SLQVdbMDL8pKUc3RE82UvX9eq2,CSqgQJurPCzGxb4Cgwx5R61hWQUiaoUHcShNc8r1cKEL,6S2CR5EnukPhC914XkAns8m5GixjMAoUuZMsS5ubHuWc,41.6102149999997,41.59935299999984,0.0,0.0,0.0,1.0,869.755911,894.1739,894.1739
Cob4usZcpHEY7Qt4ZCwj6WVg9S44zvzYV2v9qYF65dTf,NhFM9UXE48PyNAyeyPYA3iXztqKVJwA4bTdLj4ysM8w,6TuFuynuBoeskxyR2cz4wxyidk8dpDK7kAWw3UkjQGx,10.15501500000002,1419.4411510000355,0.07340332340121469,0.007228283109499548,2.936132936048588e-05,1.0,74081.849175,162.91933,698.4039091121456
Sid7E679i9ABqptiAVhkmQ27YHN8vaYT4fppPwmxFsJ,GP7KB8o1bv527HG8kTzzzf4wJ5aEGHvcMQvVhLziUfmT,9gYxhAZ1M9wu5pxr8SBoa5NDm21gi3s9vMHaYTME77sa,560.9887999999919,1327.0680909999846,4.056600585734143,0.0072311614523038635,0.0016226402342936572,0.02187003352041908,135729.315446,8780.74148,1173.5157043024408
7dwD9TF6uikvHXxPFK9AsSim54yJoujQjY9vU6gNFumk,CquVr6atkvwueDYficKjn6SSEWq4F4rH4VSiBbW4GBWU,8BCa6ge3b7ho3TfZuM64Vk1hgbrJ3J7EPiAb9uP86CGd,0.0010312839999999995,0.0010387109999999999,0.2167588531380812,210.1834733575633,8.670354125523247e-05,211.11062555667232,0.002926164,0.004590734,1.5841840396381452
MiMUFdSLMyCLpqpH6zkqdDrGYs7XBomwENbivdYjv9V,,,0.018226069999999983,0.012538942999999997,0.0,0.0,0.0,211.11062555667232,0.002926164,0.004590734,0.9691527265042845
KysFMBBoavfov2tLpvefWW6tPFt6rAeZWDJVy1mMQae,B8ka2V21TH3x64dFV8ETcjuQcwmrciJ2qzy1mJUttRew,7fSf7EYxBANyxzk2s5pymFgshA91tFYQNKKs5UnLWcYS,34.74303699999564,35.06799500001716,0.0,0.0,0.0,0.021895851898734924,134139.643753,2890.506142,63.29009439761566
MAR3XM1n9xWPQ3HJjAcC85o8DopWFP5p2WxGTaZ3fPB,6qG7GUhER8Cg9gDEgnebph9LdS6eu2eoWcA4R7z9uizK,4QV4CwRXVMY227KkFF9voNAfwWHVvVajXSXDKbUHkWZR,0.010256000000000001,0.4334600000000002,0.009751079359676588,0.9507682682991991,3.900431743870635e-06,0.021895801079449856,0.108884,24.413567,0.6380780587973114
MATgk4zXLXtYkwBH678J1xZbRDZ45LicNzkRBHkxTuY,y8dALFo1bJrSzPYjMX14HJX448pXqYmrfXHD1K8MXih,GN7Yuet3UyiWS5YVkEHv6oQKi4HGBJc3XDPt9zQhAqZz,1330.9197760000006,1329.3523169999999,1334.2366884073815,1.0024921955982573,0.5336946753629527,1.0,2947.487467,5130.597526,8085.4307082911755
AURHmCnNwiW4uA2Qj1XvEh4iKgRUZYXtiY7FKAapUV5Y,BKWm4TRnTeKwfWXRyuzjRHU7iZDkPuXBX5b5V5jSVfGJ,A5Ww74HVrkj9nPeC7pHKLfgeDMEhBCpW1efQdz3TGLEg,0.004689768999867283,0.00422422299993741,0.9327184513062745,198.88366598283832,0.00037308738052250985,177.62020891688974,290.132582247,1795.059125819,376541.40852449095
AUSejoEUCh2DBs9mof6BNC8Pubs22w4cJa1ccV9h44R,4xkyD7AfGQDwsQMy9MosRRNGoVJ1zosNinesxg1TzHG7,Cbm5gsQe3nSiCsFrvepVzMCD9xLK3ri9g3ypS2hdmVJ7,2057.0909379999994,2061.3126580000007,2054.947627624387,0.9989580867155557,0.20549476276243872,1.0,14859.633766,14018.903432,28863.05474817723
DA1mL7dfBow33EH5yjUuZE6SH2KeUK5zEXzsyhE5r5j5,B4UtLRZND3D83CitRCBUyeiNr7H8m7YFRqBmiPmXjhW4,AAmpYbuixWiSqDaJBCqYEs1pb5SrbdPr9mgXrB58Q2e,3.3559347780000053,3.35721211200007,3.342383375391833,0.9959619588863856,0.0013369533501567331,0.9999191695340923,2019.922910104,988.301801988,2999.988295439556
RajgMbScQbqqrdJfR2rxfHJiTiY5b6bJ2tTXiF4aPxy,725ZA3fhyBAKb5iopNRrcbSuQa3LXA1656Q3mBvYPxeg,GLA6i1dSZpUfk2f9Nj8uiG7xyDdAR2reff8oEiZH3617,19117.01738100998,19110.614314099992,19126.56057841058,1.0004991990753787,7.650624231364232,1.0,77996.1834906,105957.86418186,183992.98329514157
HEDSDjj84KS7LKhZY7ejkCACTdPen62rKhCby1wXtgxc,EnnjMSFttpCTywBrYNt1J5QQeoSVkvzPipJDa8Y7kJow,6bjVT6JN2rSvpyn9PdfLYC8wJn4LWh49jpY47fnLDXZk,4.70017983300022,4.843776554002034,4.554307283518193,0.96896447483608,0.0018217229134072771,0.9931153105382642,38823.889376623,9064.045406757,46620.61184977798
GokA1R67GqSavkd15zR62QD68Tuc5AEfvjssntVDEbM8,3YB7hfpBdbQEuZqLGWVDpRPmeZWCUsrrWyqGXegnQ6Cg,4DPCj6Z1DsG6HUtwSogBGqXEUxdEV5a8YVrrFtcnz7UW,24367.85964599999,24362.946607000005,24374.026274647473,1.0002530640251983,2.4374026274647473,1.0,13712.652855,18717.606131,32433.729165127632
BSC8REUo9LpiiWUuqMuLXs2D2yJsJfGd4HdiF3wCLxk5,AZjEH1zWVx1UJ6udMyRijGTzPteuLnaY18yNNmprJEsh,Caf8ypkSVR8xYnXNhjvfvdGCC7mrM3C11rz8Xi6NA6aK,10433.397610832,10465.159128752002,10405.259385837777,0.997303062142958,4.162103754335111,0.9999191695340923,3688.652144634,2528.314457697,6206.8141718851
ALBpShJ9NLpE739pcHDF2LNVk5J4VYPvvKuV6jMPitZi,D6d156U1bPiJpDYRLextvDRccgFk7QzkQbJg42ceKEu5,GNcM8U5g8RwTZffwwm3kSQqUNPSwv5d2fbN9sLxPJqt2,2001.3526209999982,2002.2446809999965,1999.2234480278485,0.9989361330183354,0.7996893792111394,0.9955201592832256,51335.786644,48980.552182,100042.29930561665
7oAd7xG4m3oC2qeWB1szghTebAZyyGPAFDJ4wwwbRSNi,D9yh4KAysxt9GLacVe4Wwh2XqghhcjTCSTV9HuM7TBJd,HDYfJLpZKaMFb84jM4mRytn7XLR8UFZUnQpSfhJJaNEy,98.41036429500673,2.243251999999984,98.35464088308656,0.9994337648039476,0.03934185635323463,0.022859754074861217,957.467941799,300002.607269457,7814.9116137482215
STK75uPSyBnEhGTTzb1nwmP3n427XoXmfRhXxxhyady,6TYyD5fUmDe6N65avW1Ny2RxzRNobw2RRgKwH9CTzSAU,54zDfk4cx2vGrEajPtodWpArNe5eUurytyxd4X3aZAxK,698.0082078150006,789.0657832620011,123563.18904963334,177.02254452913598,12.356318904963334,199.35508629583296,1809.826176084,314.263494409,383030.06089336204
MATSnbbiTCv7Dc3trJrkrqjx7ckKdr6fwPoVwv9q3sD,631WX9JizSHJm4w6VanZeJAst9T8DeUUnPLesdGkCVtK,211maUSfpnXbPuW1iBu8b4dtJv5EbN1j7JJiEX5TZKEP,1783.2540780000054,1782.5725580000035,1783.5483634799796,1.0001650272294929,0.7134193453919919,0.9981603904004919,21099.34446,24467.146914,45524.963342024785
4vezWG46exH6pf9nry3n1VJ7hZHvjBJNgNeF4qEFCML5,,,0.06207000000000029,0.062124999999999986,0.0,0.0,0.0,0.9981603904004919,21099.34446,24467.146914,24422.136915664432
JSoLLrxK5bYdHwTEWYaGgmeycBCNXKDiBCTw5hXGBg7,xG4wXczA7Dk4hccJ61CHKpDHW4NrNfQwgmWgkb9BuF2,BVR6WgfhsRr9Lob4QDnkEAiNGgAbv7ZieKcY9kSg3QYR,3.0145546149999447,2.547107696000012,626.3515015957066,207.77580159904255,0.25054060063828265,176.42829733460948,16.823740158,164.962954182,32599.69922683991
BUSDTd9WiT6uBHJRgNvFXBsA7JrifsAtWzKfioN7ERcy,DyBxrn7gSc1EwnpWhDyhzvMHPtxpmBqRqotapLcKcfTM,Cds99GeBgoCpqBsoRWu1C6fF9LiUMd4pXQQD24s9LPff,1671.99727304,1649.1228084299996,1666.2767118096178,0.9965786061241708,0.1666276711809618,0.9992745266936204,139.05434345,85.34606076,223.8627282420267
moFiBS1R4Lf3E3zzmBPnw3NF4RhWPkhREFviuzUaCAU,44ALBrpqi9PfZkBRTvbtRNtFJGsatfY4QydjtMbFWq8S,2ho8qEEie1UjVwWNBo9y4oAJZMyMLx8zPj9bxyUz6uWs,888.9670228770046,888.9678871390024,889.052080267628,1.0000956811540074,0.3556208321070512,0.9994150883218993,31367.10083433,33053.063956034,64403.8329076648
BSCNHw8CmxbZ8hCWWzMf5FaG2ajPT6JxfznKUNuRVrn4,7n9kgNL633yGzCYksgnzHyjG73ZLBAwvEae5sbAekbzW,SscdxE99omdG9AiMVwmaEMQySQnCgeAh1sPj2Leutm2,1517.643924897,1514.921564233001,1519.635819459709,1.0013124913756328,0.6078543277838836,0.9999191695340923,5086.691174177,6618.746858965,11711.579275046279
Lee1XZJfJ9Hm2K1qTyeCz1LXNc1YBZaKZszvNY4KCDw,9DgFSWkPDGijNKcLGbr3p5xoJbHsPgXUTr6QvGBJ5vGN,2hNHZg7XBhuhHVZ3JDEi4buq2fPQwuWBdQ9xkH7t1GQX,1837.0374828130152,1548.0443249020182,388589.34639907826,211.530439653327,38.85893463990783,177.2302387397654,6685.153962217,53920.966670681,10970539.352901671
SoNcU2iwHMw6dGzsYNQkYFkUjwN1UdAjrWVRnStrZu2,8ivTTid27jZnYNc4w3CTA1Z6QS2twsFb8WMwUabeDJgc,CyXm53PMvHCbeXJBykU46Rcbo28xk5srhMZFg7gv6EYB,8.101179420000008,8.084663929999994,1712.5400818728672,211.39392094501537,0.6850160327491469,209.48541583483498,15.889051669,18.808594991,7298.97527536648
MARpDPs5A7XiyCWPNH8GsMWPLxmwNn9SBmKvPa9LzgA,6YjT74rmcfCpw8LSjPNx5JTmZoYLGrTKnf9arfSgZ4SR,F8GSmi3vA8M8TsybLya1LQ4n1aFHCRbZ6k437PeTdXtg,15765.015520000012,16601.310606000072,14829.594366546962,0.9406647489647985,5.931837746618785,1.0,296935.909124,15300.446157,294617.5885717617
SoN9GaFpSXfpyR5dth3x7PHPVhvJMpQqqDJfCSmPv1t,9kZ9iS68ViMPtoeqtnhAKuF2iqVyfHPdZHoUNdwCELr,BBhm5fJLjw3HRzjtKB8uMEYjGhY6EDm9co3cqpjrSzB9,5.5505800930000015,5.7271484300000015,1187.160351063307,213.88041090704544,0.47486414042532277,204.2895911184692,0.87446674,1.389362255,470.8635526651288
WiiQFxXqp8P9Fs1rt9SVcDyA3KUdJmUsog6wnVQAwba,3S2jpqSYxho6wiz3cafhjXruVY8cg4HYa2v3BqBHYFSj,Dfe67M6TfrG74gKRtdqys4e6E9QirPD53BkF4FujFjuv,19912.400694722,19938.294003264007,19889.260395490044,0.9988378950591281,1.9889260395490045,0.9999191695340923,18770.647282138,8056.036984449,26804.219631414242
YakoMPuYrybnr9R7VC7hVGxMz94fJvPFCdZ4gmW61Ed,,,0.020828999999999986,0.020782999999999996,0.0,0.0,0.0,0.9999191695340923,18770.647282138,8056.036984449,8055.385811226177
heyk4SZTeCUV6a65WiVA5bzic3KcxgVf1qxobfeV4tQ,9ZDpBKPqMABtGfq66FbVribaArMvtk63xxy91onZAtDt,DaTP4s6N7xxSPinbNZ3FB52EpRDRt87QShTuN3VPCW52,65.24325847499813,56.492592374001106,13145.216455078633,201.48007261341817,5.258086582031454,177.83345150366185,618.968471838,4481.822460235,921727.76978156
Lid8SLUxQ9RmF7XMqUA8c24RitTwzja8VSKngJxRcUa,4PgzyzLtds9bKZ2to9PMnKqJzKEUpjvNUaeN23phegax,AtymwxoVN9peZo7EXTcDz9jKVc4vRmisJKKrNfe3ewBa,57.77561902400976,48.77164365700014,12187.193074080204,210.9400691841239,1.2187193074080203,177.8415478047862,959.693056911,7660.045485873,1564712.0652830494
B2izdXFYb2sNwbWWHmh75T4aQFtfXsUxem9u2p61HGzf,4DYwgJtxwuJdAjkj5RJSNH4e7U329V5cNp7d3a1nLrZv,EXNW64GEf1ACC6xY9BtKRiunrs6GoJSXBdxWN2eTPmrF,5717.203683000023,5638.567719999997,5797.745970015479,1.0140877064175526,0.5797745970015479,1.0,8761.328032,30995.723723,39880.47877214269
