0,1,2,3,4,5,6,7,8,9,10,11
moFiBS1R4Lf3E3zzmBPnw3NF4RhWPkhREFviuzUaCAU,44ALBrpqi9PfZkBRTvbtRNtFJGsatfY4QydjtMbFWq8S,2ho8qEEie1UjVwWNBo9y4oAJZMyMLx8zPj9bxyUz6uWs,5.483185554996453,5.49943250301294,5.470596705387562,0.9977040992899795,0.002188238682155025,1.0,39782.135965928,24651.281459889,64342.08159160669
TETFuZgEmET6d9vYmz9iMFCxK1jKdKYxf3oPz8hSzJK,Eu1Ze6Z84LWNkq7SNoAHBJbXx5t1P95EwyqYohrfCRFV,ASMbv7WNu3qe4pkhREmvyEdwFNDZQ6B6iSrjkj4u8bdC,16.363595341,16.427998778999978,16.250293307222,0.9930759694665565,0.006500117322888801,0.9985520994557892,213.091835778,38.608110332,250.16859102868494
heyk4SZTeCUV6a65WiVA5bzic3KcxgVf1qxobfeV4tQ,9ZDpBKPqMABtGfq66FbVribaArMvtk63xxy91onZAtDt,DaTP4s6N7xxSPinbNZ3FB52EpRDRt87QShTuN3VPCW52,46.97981536899715,40.51337350500012,9114.340877881932,194.00546396988724,3.645736351152773,168.18243892791097,616.921728443,4484.323047713,873870.5732647042
AURHmCnNwiW4uA2Qj1XvEh4iKgRUZYXtiY7FKAapUV5Y,BKWm4TRnTeKwfWXRyuzjRHU7iZDkPuXBX5b5V5jSVfGJ,A5Ww74HVrkj9nPeC7pHKLfgeDMEhBCpW1efQdz3TGLEg,0.001467118000107348,0.0014409329998557041,0.2754864047235167,187.7738564337426,0.00011019456188940669,167.75342929947846,290.069621607,1795.130079152,355606.7182998151
KEnkcdADoLR5jS2CLLLesy8TtFsyWL37BhXNfDMzWzP,3qsjFRuw1qeLMPo4DLwaQevenGAGBj9dA3Q6rb8ax2YR,77iEv8zPQAEyCcEbvBRSB6AFcUdfkhiqnAKtPxk76rNN,0.009099999999999997,1.2548290000000009,6.4837043668782e-05,0.00712494985371231,2.5934817467512802e-08,0.9963761798339441,123.262631,0.26693,1.1442027583947192
BkwbeSfcX1h4thMDd7obGkHrPevf3QwgzJ4pCEqG18Lu,35yX27bmurdebhfAb8EPmjLETDiUaEUCn9zHaDPbakH2,2CxECn1ZJFoESyUnQysQU8rRgT3iJ5GRs2Mdd6gZjx5g,0.03992675000000345,0.02724304999999827,95.94778074160347,2403.095186600341,0.038379112296641385,1618.1229773462785,0.91677689,21.91602057,37665.91858785611
YAkoNb6HKmSxQN9L8hiBE5tPJRsniSSMzND1boHmZxe,CfWX7o2TswwbxusJ4hCaPobu2jLCb1hfXuXJQjVq3jQF,EnTrdMMpdhugeH6Ban6gYZWXughWxKtVGfCwFn78ZmY3,3425832.5333050136,3424478.262546989,3425832.5333050136,1.0,342.58325333050135,0.99864483895354,396044.875258,1090025.275743,1484592.991207656
MARpDPs5A7XiyCWPNH8GsMWPLxmwNn9SBmKvPa9LzgA,6YjT74rmcfCpw8LSjPNx5JTmZoYLGrTKnf9arfSgZ4SR,F8GSmi3vA8M8TsybLya1LQ4n1aFHCRbZ6k437PeTdXtg,24995.03955000001,25842.44006399979,23960.97951792446,0.9586293900432917,9.584391807169785,1.0,294001.019947,18324.128045,300162.1464688983
ALBpShJ9NLpE739pcHDF2LNVk5J4VYPvvKuV6jMPitZi,D6d156U1bPiJpDYRLextvDRccgFk7QzkQbJg42ceKEu5,GNcM8U5g8RwTZffwwm3kSQqUNPSwv5d2fbN9sLxPJqt2,159.9978459999984,160.20719400000235,159.6346771095741,0.9977301638771794,0.06385387084382965,0.9980826831656388,53649.927269,46678.220317,100116.87410548632
RajgMbScQbqqrdJfR2rxfHJiTiY5b6bJ2tTXiF4aPxy,725ZA3fhyBAKb5iopNRrcbSuQa3LXA1656Q3mBvYPxeg,GLA6i1dSZpUfk2f9Nj8uiG7xyDdAR2reff8oEiZH3617,801.8330807200109,801.8071330400126,802.1081717385904,1.0003430776619149,0.32084326869543617,1.0,90583.64620696,93412.94147373,184027.66490623838
SoN9GaFpSXfpyR5dth3x7PHPVhvJMpQqqDJfCSmPv1t,9kZ9iS68ViMPtoeqtnhAKuF2iqVyfHPdZHoUNdwCELr,BBhm5fJLjw3HRzjtKB8uMEYjGhY6EDm9co3cqpjrSzB9,2.5723232530000013,2.4672548979999993,521.0232917971427,202.54969556780756,0.20840931671885707,197.73201380169454,1.950115359,3.245460313,1036.7266756905237
BSCrK1Nx9PXU9mF7STWWBqeHLxmtJDr9h7jheEy4tAWX,FfSySSbVJPvEo5a5AvrP3nySoXpRE2QPn1uUMpJJ1x7v,HL7Vcj6838ZmvBHDbQxXfjBNckNi83WvPiZQoMQLFeRM,0.06270490800000006,0.06269665600000007,235.16251195409652,3750.3047122578714,0.09406500478163861,3748.5474378678264,0.890068846,0.914504175,6766.091669503407
FrnkTEL6yZ5Aycq2TrEgu29dCrwKG4LPUZydfiwqspkc,DjvZuMZ46fxKBoBpGMPcRcos4xdTtHFxwMh69DpA2ZFY,9rvDPJLAng4uVVqnnSoEXgNDFhBZQTny9AoQioYDZbQX,36.894726566999,30.656281086999883,7479.134300664643,202.71553678770067,2.991653720265857,168.34988493285366,170.729912469,1441.651305856,277311.4373060263
SAMyS8Jr2HJrkFwYVKbpUwsNStnQmvz3f8Tup8bWUWF,6jPzm5TFfquvgm25sTyN3MMGBfufRaFHMxobDWv6hMFW,Cj9ECoDmxsHTDzCY5ZA6RWrPbg9uFzEC1Qc2kso2vJG6,136.8046562299835,71.18913450001224,137.16260399111493,1.002616488144451,0.05486504159644598,0.021764031055411928,480.83202175,108948.70115673,2853.2530284562467
HEDSDjj84KS7LKhZY7ejkCACTdPen62rKhCby1wXtgxc,EnnjMSFttpCTywBrYNt1J5QQeoSVkvzPipJDa8Y7kJow,6bjVT6JN2rSvpyn9PdfLYC8wJn4LWh49jpY47fnLDXZk,1.524047363001955,1.5737189369974658,1.476820114828028,0.9690119550609619,0.0005907280459312112,1.0,38828.378074047,9059.738349978,46684.90089935648
NorjjEePhxfwLF4vZjUHCrVVKLzQjEEGQFd3wgjEJmh,34M8pFVqgbV7aqHxvRT5tCv3vu2P1JJYT8J3VaxBK2oG,3AZWBSze3ucsY3xSeuLne3b2pauVqiaJ1SZSV5T9WGWw,0.4571259999997892,0.8081089999977848,0.25881878676310865,0.5661869741892345,0.00010352751470524346,1.0,38238.053832,2130.203191,23780.09118902514
B2izdXFYb2sNwbWWHmh75T4aQFtfXsUxem9u2p61HGzf,4DYwgJtxwuJdAjkj5RJSNH4e7U329V5cNp7d3a1nLrZv,EXNW64GEf1ACC6xY9BtKRiunrs6GoJSXBdxWN2eTPmrF,2787.064784,2750.1271920000036,2822.2926407417385,1.0126397696041995,0.2822292640741738,1.0,9368.307361,30382.537953,39869.25856062437
daob129AwBGn9Y5r91uLoWZeYiGzbPmksauMhFZKTze,6VW5GQNyj4LStgmxEHLr5zUfW92vQnmbw8jTnCH7a38F,4VPCCUifPeBA1c7HWK358CHn2nyjm8pdTRk6Ps3KmnMQ,54.07344949299981,48.325206974999944,10164.581558373216,187.97730963490858,4.065832623349286,168.52516215491102,47.836587097,224.752306765,46868.611886871964
Sid7E679i9ABqptiAVhkmQ27YHN8vaYT4fppPwmxFsJ,GP7KB8o1bv527HG8kTzzzf4wJ5aEGHvcMQvVhLziUfmT,9gYxhAZ1M9wu5pxr8SBoa5NDm21gi3s9vMHaYTME77sa,573.2109500000242,1375.935593999946,4.084099274348967,0.00712494985371231,0.0016336397097395869,0.021871264729722676,136257.286634,8612.045237,1159.1826557129289
parEAJhzYzHW87y9VoZAQ22dzQ2MD2ekEtTReaxbMcz,3oyc6hpjYSJEquK6dSvG72NXyz3pqLZz5D8AC71pwgQb,Di2vordgFJVZ1aj1aBpvzXtLfZgJsuLLXawGtVFwX6Rz,1.258983480999973,1.4914875320000647,207.2135080950069,164.58794831082565,0.08288540323800277,195.03472788364695,1104.34632086,139.069829012,208885.5414331369
KEN5P7p3asnb23Sw6yAmJRGvijfAzso3RqfyLAQhznt,9zj4aX38Uxf3h6AUjS4EipWS8mwbEofasHAf3a1uKGds,CwQDG1MWunn9cLNwcZLd8YBacweSR7ARo32w4mLua1Yr,56565.602932001464,56572.413133000024,56448.97934068362,0.9979382595557579,5.644897934068362,1.0,1144835.59826,1080299.816795,2222775.0612000595
BUSD5rCfUDpCxKGMvYU2yThChxgHoioK74PTPociGnv2,CcFHbafgYDZ8yA8Me1PdtDiVb2eeaS61LbqyKKK5CsNZ,26R9s4nmF3CFDTkiePDwRmtscn8i7r2eygbSijditJ58,3.6268511199999978,3.633025669999995,3.6183500598189573,0.9976560768832881,0.0003618350059818957,1.0,84.5334675,63.5149093,147.85023685139095
CZgvH45CRmoaNJ7395Ao5CQZXkGznvqU7cErD6n7FaRg,4ZjU6MKvtqVQKCiowhvZ5yUsPxXX5SCzd5eFsPeXyey5,BsyWeshjDbCvjDojry3vKDCesmFRM37WtwcR4Kfgzqr,0.16617503999998462,0.17179699999996956,0.1718332103451981,1.034049459805841,6.873328413807926e-05,1.0,204.37456043,601.22863916,812.5620429706976
SoNcU2iwHMw6dGzsYNQkYFkUjwN1UdAjrWVRnStrZu2,8ivTTid27jZnYNc4w3CTA1Z6QS2twsFb8WMwUabeDJgc,CyXm53PMvHCbeXJBykU46Rcbo28xk5srhMZFg7gv6EYB,12.226911810999997,11.904014869999997,2451.748080917293,200.52063176832326,0.9806992323669171,146.5026735272892,13.377333366,17.026016334,5176.788250376086
vEnkoSUkpnbRrPgBz9DfcVxNz67zjwMYBZraAvDDNSf,DtfyjjsZ5yCjWKLKHvwsfXs5QVsmm1QkK6Sh9JZHoq1g,e5wrKCRv4GhHvEf1VD5Pq2KGaZDXP77nTL612Jyrxwy,6931.436956000001,6930.088646000001,6926.913681366069,0.9993474261307366,0.6926913681366069,0.9942996799349331,2926.02427,4029.011425,6930.159593352256
BSC8REUo9LpiiWUuqMuLXs2D2yJsJfGd4HdiF3wCLxk5,AZjEH1zWVx1UJ6udMyRijGTzPteuLnaY18yNNmprJEsh,Caf8ypkSVR8xYnXNhjvfvdGCC7mrM3C11rz8Xi6NA6aK,44.49513852900009,44.59971115600001,44.39180634522431,0.99767767474848,0.017756722538089725,1.0,3571.960129698,2648.652529716,6212.3174062073795
ALLwa5WNZbvQsRKAqe1jdRGemdYQnW8E5k4msbRFcYtu,CGoM82Hbz7QVqTgvQatYtjvDWBvoUJp5qm21P8iMs9yb,3dxNNww8TivyN5FMy5dCNdi3Zcxv6e4kUfSPxfFwpdNq,3.9155868229999977,3.907224589999999,14692.082184533403,3752.2044200968066,5.8768328738133615,3753.993310383921,3.404771203,5.311210468,32713.646124227977
KysFMBBoavfov2tLpvefWW6tPFt6rAeZWDJVy1mMQae,B8ka2V21TH3x64dFV8ETcjuQcwmrciJ2qzy1mJUttRew,7fSf7EYxBANyxzk2s5pymFgshA91tFYQNKKs5UnLWcYS,23.254524000018137,18.493829000000005,0.0,0.0,0.0,0.009946321097521629,134011.327524,2991.985868,29.759252162374967
MATSnbbiTCv7Dc3trJrkrqjx7ckKdr6fwPoVwv9q3sD,631WX9JizSHJm4w6VanZeJAst9T8DeUUnPLesdGkCVtK,211maUSfpnXbPuW1iBu8b4dtJv5EbN1j7JJiEX5TZKEP,5315.907206999993,5318.661578000003,5308.788122128219,0.9986607958727346,2.123515248851288,0.9989491055409708,25943.898716,19629.275119,45517.80136230486
MATgk4zXLXtYkwBH678J1xZbRDZ45LicNzkRBHkxTuY,y8dALFo1bJrSzPYjMX14HJX448pXqYmrfXHD1K8MXih,GN7Yuet3UyiWS5YVkEHv6oQKi4HGBJc3XDPt9zQhAqZz,2430.1175080000007,2423.7234789999998,2437.3637905493038,1.0029818650848974,0.9749455162197216,1.0,2768.276579,5313.506737,8090.037943276258
Dg3mAgpwDfVNnbGWcsxL8sUcSkEbjSJQhKAWNigG44Ju,EATxwd8YA2wV93VJcKMmH2Kn2Y9XfJVUB9hHVu3udwEy,GiGvrRi7NMHfHKanG2B8xyCEqe8jaafWins8bhrLVEaa,0.003287239999999969,0.0032455619999999796,0.6676951169599787,203.1172402866797,0.0002670780467839915,200.3915249614697,0.194070904,0.265597797,92.64269400765801
BUSDTd9WiT6uBHJRgNvFXBsA7JrifsAtWzKfioN7ERcy,DyBxrn7gSc1EwnpWhDyhzvMHPtxpmBqRqotapLcKcfTM,Cds99GeBgoCpqBsoRWu1C6fF9LiUMd4pXQQD24s9LPff,55.54673912999998,55.72380671999997,55.36377955498022,0.9967062049386632,0.005536377955498022,0.9989361330183354,113.39384406,71.94563423,184.88944162171697
GokA1R67GqSavkd15zR62QD68Tuc5AEfvjssntVDEbM8,3YB7hfpBdbQEuZqLGWVDpRPmeZWCUsrrWyqGXegnQ6Cg,4DPCj6Z1DsG6HUtwSogBGqXEUxdEV5a8YVrrFtcnz7UW,8492.383880000012,8491.778565999999,8493.776859404956,1.0001640269004117,0.8493776859404956,1.0,14393.816915,18047.321104,32443.49899217366
KwnjUuZhTMTSGAaavkLEmSyfobY16JNH4poL9oeeEvE,J63v6qEZmQpDqCD8bd4PXu2Pq5ZbyXrFcSa3Xt1HdAPQ,BnKQtTdLw9qPCDgZkWX3sURkBAoKCUYL1yahh6Mw7mRK,172.65500699999996,7913.403517999919,3.8323656030689985,0.022196666460237668,0.00038323656030689985,1.0,276587.834119,595.88556,6735.213460898987
JSoLLrxK5bYdHwTEWYaGgmeycBCNXKDiBCTw5hXGBg7,xG4wXczA7Dk4hccJ61CHKpDHW4NrNfQwgmWgkb9BuF2,BVR6WgfhsRr9Lob4QDnkEAiNGgAbv7ZieKcY9kSg3QYR,18.084208761000127,15.919243723999998,3587.3978258049483,198.37184325926523,1.4349591303219795,168.23676430904152,16.978327246,164.816443558,31096.207240369717
AUSejoEUCh2DBs9mof6BNC8Pubs22w4cJa1ccV9h44R,4xkyD7AfGQDwsQMy9MosRRNGoVJ1zosNinesxg1TzHG7,Cbm5gsQe3nSiCsFrvepVzMCD9xLK3ri9g3ypS2hdmVJ7,1116.9194869999992,1118.0452239999995,1115.3668962803767,0.998609934970521,0.1115366896280377,1.0,14944.844139,13934.601784,28858.671617791362
KEVpg4SYCVrqFxKijQH6hm4QxsRdoE51ud64bEEFUC9,2bPenuBYfqzD8p5dFjCcggwkHDsc2RQDnx9AoyYGUBjA,AE6n6iLuX8oYu61vt5hoDYkjswpnxFxrhSehxrnQTnbx,28.732541801000025,28.84237346900045,28.62093592104365,0.9961156976389576,0.01144837436841746,1.0,6144.431941732,1385.655338688,7506.2204489214655
STK75uPSyBnEhGTTzb1nwmP3n427XoXmfRhXxxhyady,6TYyD5fUmDe6N65avW1Ny2RxzRNobw2RRgKwH9CTzSAU,54zDfk4cx2vGrEajPtodWpArNe5eUurytyxd4X3aZAxK,273.78599644599973,309.5466518239966,46017.72469639434,168.07917604898634,4.6017724696394335,190.50580052061426,1600.754426777,276.392024403,321707.76897585223
Lid8SLUxQ9RmF7XMqUA8c24RitTwzja8VSKngJxRcUa,4PgzyzLtds9bKZ2to9PMnKqJzKEUpjvNUaeN23phegax,AtymwxoVN9peZo7EXTcDz9jKVc4vRmisJKKrNfe3ewBa,32.146413540999674,27.112812383000232,6426.92274216901,199.92658695726928,0.642692274216901,168.3778911746749,956.911005232,7663.371316762,1481654.2529027604
RoBgmK8CvjdHvPrqdDyVw54VwjZv2TqJ493xnqJAQHx,ExiHJxM7qPAcy27NDHAF6G7vnW7muNHi2sVJpnaNynGQ,6rkPHSqZb7StM4HwS9EuVrmfkV7tRdc7dnsFhyB6cefE,0.4255589999999998,23.254523999999947,0.0,0.0,0.0,0.9560850992225115,6237.926219,19.445014,18.591088139573127
DFWzVTzNBrQZLjoQ4yQwkj9HuoXmfkuZP9V5vbymZe23,DhgiEgiNdqZdRdo195UUHnoEJUtefK8buko8nU97XJUZ,2K2kkXsouBHtWVjtcgkyiXd8eP3oVBvq1bTJzcVdLLr2,0.4751328500024101,0.47743635599908885,0.4732191112197937,0.9959722027584355,0.0001892876444879175,1.0,37728.014006792,30220.881504397,67796.93472044273
DEDaBEWzMCXohXYXoLzB4jK1xqMsd3SS9izXp2xvg9pe,GC5zHpW5GuVdw3C7covC6viyGdLS8ZAaVGDKMeru7p78,F8juxtAFueW19vxkdDArUkjVWAv9QV6yy1wCXUWQiXvh,6483.636009570211,0.05487699999999762,6483.636009570211,1.0,2.5934544038280847,0.0,33.20994712,8501406.34612797,33.20994712
C98Sspw7XqnMsgxea3SLQVdbMDL8pKUc3RE82UvX9eq2,CSqgQJurPCzGxb4Cgwx5R61hWQUiaoUHcShNc8r1cKEL,6S2CR5EnukPhC914XkAns8m5GixjMAoUuZMsS5ubHuWc,9.813184999999976,9.812334999999962,0.0,0.0,0.0,1.0,868.283365,895.723776,895.723776
wrmcMSHFi3sWpAEy4rGDvQb3ezh3PhXoV2xNjgLBkKU,8p4mGnARWPBu6P2Gcw4adodLkNDorrXniZMhaY7eJXUn,AyY89zccbsgp9LKFgH4CFZMJmpSgqmPSdTfukhP227rc,0.005725530000000811,0.04398392000000455,2.130033482143159,372.0238095238095,0.0008520133928572637,3748.2664267776154,27.09685211,0.09438906,10434.469492718574
KZMu9QBEdL97EFgamLbN5DE1AoKBG4HdrKKJo4Vuon3,DD4ACBWyVqdaKWh7v5btsgqQCCMwbKnuL2xd9pv7Gyuw,GcYqiJ1MAuYbNTNYXm1F1gQYTfTgkErACAhNU5dpVj9T,15.974470970000084,15.942451399999982,16.016267983906967,1.002616488144451,0.006406507193562786,1.0,1457.99937341,1630.21428855,3092.028500035144
C2ypsDADXcCRz8HbV2zX1AXPSja7a1P3xZtRC91xGhJh,J9bYNuDpY1d1T86gLaw7DGk5D3CsUAf2tzUwxMvb6FTv,A2NGvvPrMGzsJ4jb52KEnSBVmsA7C34dV1GC7PerdgvG,503.10151706799934,506.95509258699894,84590.70346903216,168.1384384646943,33.836281387612864,169.01341797525308,3213.557703561,1637.951030604,817158.2763514059
Lee1XZJfJ9Hm2K1qTyeCz1LXNc1YBZaKZszvNY4KCDw,9DgFSWkPDGijNKcLGbr3p5xoJbHsPgXUTr6QvGBJ5vGN,2hNHZg7XBhuhHVZ3JDEi4buq2fPQwuWBdQ9xkH7t1GQX,754.2276928421052,634.2664531319815,150554.39647651475,199.6139864729586,15.055439647651475,168.34909136944916,6653.499253558,53936.824245099,10408346.863013659
BUSDgu5JdqP1rndBvXvanbEufS94FNh1w5FJcAj6vawb,Bgzr8cWubt89JQFXndVjtdKmDbGzuPxNhvjH1EhWCwbo,Dxaf8xPBBQsasRKW5Aa4Sw2YrbfGofY9xZueyyF23FBW,4877.479783170003,4873.4281008499975,4878.725077746099,1.000255315169197,1.9514900310984395,1.0,7010.79458944,8124.3131815,15136.897733146809
BSCNHw8CmxbZ8hCWWzMf5FaG2ajPT6JxfznKUNuRVrn4,7n9kgNL633yGzCYksgnzHyjG73ZLBAwvEae5sbAekbzW,SscdxE99omdG9AiMVwmaEMQySQnCgeAh1sPj2Leutm2,48.45719672799987,48.34360620500047,48.56658134506669,1.0022573451304007,0.019426632538026678,1.0,4995.73932749,6711.04189007,11718.058325403661
7dwD9TF6uikvHXxPFK9AsSim54yJoujQjY9vU6gNFumk,CquVr6atkvwueDYficKjn6SSEWq4F4rH4VSiBbW4GBWU,8BCa6ge3b7ho3TfZuM64Vk1hgbrJ3J7EPiAb9uP86CGd,0.0012098820000000002,0.0012093560000000008,0.24185242644620372,199.89753252482777,9.674097057848149e-05,200.57798552308333,0.003957816,0.003554791,1.5041704703228707
BSCuChvaSj9b5HUSqgDVRzcnr2sSn7cXaamt1jbKH6hn,GnKpRj5kBVPMJfiwZtEuD9GYApLzPdW5JFuZTcyX4BTc,3dmwD9okkomV9nDwyuh4UMhKdUR13QpuKxRo89ycZB5t,16.371270142000185,16.38626511299981,16.33794030265837,0.9979641262374441,0.006535176121063349,0.9995062439155058,1736.982313577,1268.24022595,3001.0600614806017
Cob4usZcpHEY7Qt4ZCwj6WVg9S44zvzYV2v9qYF65dTf,NhFM9UXE48PyNAyeyPYA3iXztqKVJwA4bTdLj4ysM8w,6TuFuynuBoeskxyR2cz4wxyidk8dpDK7kAWw3UkjQGx,17.94669200000004,2532.896111000009,0.1278692805400202,0.00712494985371231,5.114771221600808e-05,1.0,74310.731473,161.327119,690.7873543378062
WiiQFxXqp8P9Fs1rt9SVcDyA3KUdJmUsog6wnVQAwba,3S2jpqSYxho6wiz3cafhjXruVY8cg4HYa2v3BqBHYFSj,Dfe67M6TfrG74gKRtdqys4e6E9QirPD53BkF4FujFjuv,4039.5710651630006,4048.1108205579985,4026.2788852076474,0.9967095070885164,0.40262788852076475,1.0,21793.456907222,5044.702602746,26766.448294498063
