0,1,2,3,4,5,6,7,8,9,10,11
wrmcMSHFi3sWpAEy4rGDvQb3ezh3PhXoV2xNjgLBkKU,8p4mGnARWPBu6P2Gcw4adodLkNDorrXniZMhaY7eJXUn,AyY89zccbsgp9LKFgH4CFZMJmpSgqmPSdTfukhP227rc,0.028120840000002215,0.21320424999999588,10.891107668474907,387.29666924864443,0.004356443067389963,3766.620211684056,27.07500247,0.09658078,10849.841394538034
BSC8REUo9LpiiWUuqMuLXs2D2yJsJfGd4HdiF3wCLxk5,AZjEH1zWVx1UJ6udMyRijGTzPteuLnaY18yNNmprJEsh,Caf8ypkSVR8xYnXNhjvfvdGCC7mrM3C11rz8Xi6NA6aK,88.65335494500005,88.60225258199989,88.53481214362846,0.9986628503631348,0.03541392485745139,0.9988259669736816,3414.810622525,2802.128193918,6209.0829126154895
STK75uPSyBnEhGTTzb1nwmP3n427XoXmfRhXxxhyady,6TYyD5fUmDe6N65avW1Ny2RxzRNobw2RRgKwH9CTzSAU,54zDfk4cx2vGrEajPtodWpArNe5eUurytyxd4X3aZAxK,586.3250472110008,661.9895170430088,103234.09231318311,176.06972924701316,10.323409231318312,198.6794571203042,1601.488965418,278.530994397,337312.1152912009
heyk4SZTeCUV6a65WiVA5bzic3KcxgVf1qxobfeV4tQ,9ZDpBKPqMABtGfq66FbVribaArMvtk63xxy91onZAtDt,DaTP4s6N7xxSPinbNZ3FB52EpRDRt87QShTuN3VPCW52,73.19391053900472,63.354719959000136,14865.88224449723,203.10271899703002,5.946352897798892,174.3369703512088,611.359223244,4490.669979395,907058.5195796182
FrnkTEL6yZ5Aycq2TrEgu29dCrwKG4LPUZydfiwqspkc,DjvZuMZ46fxKBoBpGMPcRcos4xdTtHFxwMh69DpA2ZFY,9rvDPJLAng4uVVqnnSoEXgNDFhBZQTny9AoQioYDZbQX,43.56094947999895,36.294328366999906,9181.332094568812,210.7697881742552,3.6725328378275246,175.48403762096993,171.492152537,1440.657203018,288957.7074771026
YakoMPuYrybnr9R7VC7hVGxMz94fJvPFCdZ4gmW61Ed,,,0.08675300000000008,0.08663500000000002,0.0,0.0,0.0,175.48403762096993,171.492152537,1440.657203018,252812.34281333204
parEAJhzYzHW87y9VoZAQ22dzQ2MD2ekEtTReaxbMcz,3oyc6hpjYSJEquK6dSvG72NXyz3pqLZz5D8AC71pwgQb,Di2vordgFJVZ1aj1aBpvzXtLfZgJsuLLXawGtVFwX6Rz,5.075124614000146,5.963879317999414,869.8144459692495,171.38780071917748,0.3479257783876998,203.7249061846807,1104.972566417,138.534598193,217601.76603343626
KEVpg4SYCVrqFxKijQH6hm4QxsRdoE51ud64bEEFUC9,2bPenuBYfqzD8p5dFjCcggwkHDsc2RQDnx9AoyYGUBjA,AE6n6iLuX8oYu61vt5hoDYkjswpnxFxrhSehxrnQTnbx,447.3766258549997,448.1732896630001,446.4672435147192,0.9979673002840894,0.17858689740588768,0.9993477946494302,5650.648669758,1877.621288084,7515.559291245841
AURHmCnNwiW4uA2Qj1XvEh4iKgRUZYXtiY7FKAapUV5Y,BKWm4TRnTeKwfWXRyuzjRHU7iZDkPuXBX5b5V5jSVfGJ,A5Ww74HVrkj9nPeC7pHKLfgeDMEhBCpW1efQdz3TGLEg,0.007915733000345426,0.0070620780000467676,1.5566487031840057,196.65250244242407,0.0006226594812736023,175.937363483602,290.093755115,1795.10276829,372873.31112134247
KZMu9QBEdL97EFgamLbN5DE1AoKBG4HdrKKJo4Vuon3,DD4ACBWyVqdaKWh7v5btsgqQCCMwbKnuL2xd9pv7Gyuw,GcYqiJ1MAuYbNTNYXm1F1gQYTfTgkErACAhNU5dpVj9T,26.744429249999712,26.723569899999347,26.781869500104776,1.0013999270560265,0.01071274780004191,0.9998438543852608,1375.82261261,1712.57595535,3090.05720803435
MARpDPs5A7XiyCWPNH8GsMWPLxmwNn9SBmKvPa9LzgA,6YjT74rmcfCpw8LSjPNx5JTmZoYLGrTKnf9arfSgZ4SR,F8GSmi3vA8M8TsybLya1LQ4n1aFHCRbZ6k437PeTdXtg,48300.212092999966,50971.276370000414,45505.62090215671,0.9421412232007929,18.202248360862686,1.0,297548.627832,14740.370473,295073.198660358
Sid7E679i9ABqptiAVhkmQ27YHN8vaYT4fppPwmxFsJ,GP7KB8o1bv527HG8kTzzzf4wJ5aEGHvcMQvVhLziUfmT,9gYxhAZ1M9wu5pxr8SBoa5NDm21gi3s9vMHaYTME77sa,3351.6402609999986,9984.319134000078,24.136638442684415,0.00720144065684513,0.009654655377073766,0.02189610743701727,135875.327836,8734.283454,1169.7449190344778
BSCuChvaSj9b5HUSqgDVRzcnr2sSn7cXaamt1jbKH6hn,GnKpRj5kBVPMJfiwZtEuD9GYApLzPdW5JFuZTcyX4BTc,3dmwD9okkomV9nDwyuh4UMhKdUR13QpuKxRo89ycZB5t,397.55149254,398.35550146799983,397.0221147658126,0.998668404510809,0.15880884590632505,0.9986747585953439,1618.948897893,1384.519427047,2999.4777174200617
moFiBS1R4Lf3E3zzmBPnw3NF4RhWPkhREFviuzUaCAU,44ALBrpqi9PfZkBRTvbtRNtFJGsatfY4QydjtMbFWq8S,2ho8qEEie1UjVwWNBo9y4oAJZMyMLx8zPj9bxyUz6uWs,2032.3264354400017,2032.966732407007,2031.5161936473921,0.9996013230067373,0.8126064774589569,0.9993478036376943,32684.941518862,31736.319973349,64387.53244556171
WiiQFxXqp8P9Fs1rt9SVcDyA3KUdJmUsog6wnVQAwba,3S2jpqSYxho6wiz3cafhjXruVY8cg4HYa2v3BqBHYFSj,Dfe67M6TfrG74gKRtdqys4e6E9QirPD53BkF4FujFjuv,9478.143342677997,9492.202617541992,9466.617782860454,0.998783985491584,0.9466617782860454,0.9983518887547832,17250.534352364,9576.400314084,26790.17479335126
SUiuyGR7SFq3xeRVJonq84fjjeFwRSsFekcevJ53tzy,49GjCCPsv7fBqo6t3iKDrP1xxGDS8uWZbVCdfnp2gjMf,CEwj5xEbbJEjYqM8D6Ai8ByGz1mrh8mkAVsE5fzDSSSx,9.63379400000006,7.035949000000089,0.0693867817443036,0.007202435690892204,2.7754712697721442e-05,0.9451795841209829,662.38827,1.526559,6.213681317832485
KEN5P7p3asnb23Sw6yAmJRGvijfAzso3RqfyLAQhznt,9zj4aX38Uxf3h6AUjS4EipWS8mwbEofasHAf3a1uKGds,CwQDG1MWunn9cLNwcZLd8YBacweSR7ARo32w4mLua1Yr,93487.44672199897,93494.26297100168,93424.7587089053,0.9993294499390908,9.34247587089053,1.0,1152858.327365,1114339.574961,2266424.8531043655
CZgvH45CRmoaNJ7395Ao5CQZXkGznvqU7cErD6n7FaRg,4ZjU6MKvtqVQKCiowhvZ5yUsPxXX5SCzd5eFsPeXyey5,BsyWeshjDbCvjDojry3vKDCesmFRM37WtwcR4Kfgzqr,4.8701097999999945,4.999500000000012,5.002881574272507,1.0272625833348794,0.002001152629709003,0.9998438543852608,223.87415127,581.08939175,810.9761961652306
ercAoEmXjQzEvAFbdjAo81KtMxRGn9AW1ju882upmPH,CMRhskR2Eg6V42RTSdRTXGdozyPbWB8U9dVpijPWb9T4,7TKLLgrWswt6ZJ1pXhVR3FyufHGjJFqiEXxvWJfDcgRm,7.413743876999966,6.624641311999973,1306.3658685589069,176.20865924593267,0.5225463474235627,156.63232972734386,37.632334472,310.652583411,55289.38107708856
BUSDTd9WiT6uBHJRgNvFXBsA7JrifsAtWzKfioN7ERcy,DyBxrn7gSc1EwnpWhDyhzvMHPtxpmBqRqotapLcKcfTM,Cds99GeBgoCpqBsoRWu1C6fF9LiUMd4pXQQD24s9LPff,413.85879371,413.15954626000007,414.49243243638983,1.0015310505322592,0.04144924324363899,0.9955013294920256,67.71071146,117.56244926,184.84795451748926
Cob4usZcpHEY7Qt4ZCwj6WVg9S44zvzYV2v9qYF65dTf,NhFM9UXE48PyNAyeyPYA3iXztqKVJwA4bTdLj4ysM8w,6TuFuynuBoeskxyR2cz4wxyidk8dpDK7kAWw3UkjQGx,172.3986979999975,4486.360539000016,1.2419232990157762,0.007203785837267717,0.0004967693196063106,1.0,74147.776377,162.460475,696.6051763295263
SAMyS8Jr2HJrkFwYVKbpUwsNStnQmvz3f8Tup8bWUWF,6jPzm5TFfquvgm25sTyN3MMGBfufRaFHMxobDWv6hMFW,Cj9ECoDmxsHTDzCY5ZA6RWrPbg9uFzEC1Qc2kso2vJG6,1220.2804097300104,26.674575480000044,1223.1171976777562,1.0023247017039087,0.48924687907110254,0.021970582883518604,485.14207461,108748.83637146,2875.5452082028482
BUSDgu5JdqP1rndBvXvanbEufS94FNh1w5FJcAj6vawb,Bgzr8cWubt89JQFXndVjtdKmDbGzuPxNhvjH1EhWCwbo,Dxaf8xPBBQsasRKW5Aa4Sw2YrbfGofY9xZueyyF23FBW,5664.973229959998,5667.749927360006,5663.4538951835375,0.999731801949491,2.265381558073415,0.9998438543852608,7855.66292218,7271.45417082,15123.874813837265
4vezWG46exH6pf9nry3n1VJ7hZHvjBJNgNeF4qEFCML5,,,0.4340700000000002,0.433939999999998,0.0,0.0,0.0,0.9998438543852608,7855.66292218,7271.45417082,7270.31876513845
MATSnbbiTCv7Dc3trJrkrqjx7ckKdr6fwPoVwv9q3sD,631WX9JizSHJm4w6VanZeJAst9T8DeUUnPLesdGkCVtK,211maUSfpnXbPuW1iBu8b4dtJv5EbN1j7JJiEX5TZKEP,2364.526936999995,2362.224059,2363.1444974689757,0.9994153420249153,0.9452577989875902,0.9907346495573397,19794.515543,25773.832572,45317.97150259482
HEDSDjj84KS7LKhZY7ejkCACTdPen62rKhCby1wXtgxc,EnnjMSFttpCTywBrYNt1J5QQeoSVkvzPipJDa8Y7kJow,6bjVT6JN2rSvpyn9PdfLYC8wJn4LWh49jpY47fnLDXZk,10.925639016004425,11.20735052699456,10.458722636915793,0.9572641583339272,0.004183489054766317,0.9991455107762739,38817.871987611,9069.87864262,46221.08608559395
BSCrK1Nx9PXU9mF7STWWBqeHLxmtJDr9h7jheEy4tAWX,FfSySSbVJPvEo5a5AvrP3nySoXpRE2QPn1uUMpJJ1x7v,HL7Vcj6838ZmvBHDbQxXfjBNckNi83WvPiZQoMQLFeRM,0.14463659000000006,0.14447481299999998,547.4677128754847,3785.125968992248,0.21898708515019388,3783.4361166811696,0.838180813,0.966330248,6828.668722922007
SoNcU2iwHMw6dGzsYNQkYFkUjwN1UdAjrWVRnStrZu2,8ivTTid27jZnYNc4w3CTA1Z6QS2twsFb8WMwUabeDJgc,CyXm53PMvHCbeXJBykU46Rcbo28xk5srhMZFg7gv6EYB,1.4981868410000043,1.483901663000001,101.44009646305327,67.70857525043031,0.04057603858522131,206.8904876926021,15.426919382,19.275340441,5032.419316137895
BSCNHw8CmxbZ8hCWWzMf5FaG2ajPT6JxfznKUNuRVrn4,7n9kgNL633yGzCYksgnzHyjG73ZLBAwvEae5sbAekbzW,SscdxE99omdG9AiMVwmaEMQySQnCgeAh1sPj2Leutm2,108.19067088599968,108.46515399999953,108.43470416363228,1.0022555852148263,0.04337388166545292,0.999315730545298,4899.559323421,6806.334451467,11712.287781693449
JSoLLrxK5bYdHwTEWYaGgmeycBCNXKDiBCTw5hXGBg7,xG4wXczA7Dk4hccJ61CHKpDHW4NrNfQwgmWgkb9BuF2,BVR6WgfhsRr9Lob4QDnkEAiNGgAbv7ZieKcY9kSg3QYR,0.6976770640000041,0.5982595059999873,78.2969976709894,112.22527113344943,0.03131879906839576,175.123589094914,16.973470927,164.786730928,30762.896132187525
Lid8SLUxQ9RmF7XMqUA8c24RitTwzja8VSKngJxRcUa,4PgzyzLtds9bKZ2to9PMnKqJzKEUpjvNUaeN23phegax,AtymwxoVN9peZo7EXTcDz9jKVc4vRmisJKKrNfe3ewBa,45.01716671000122,37.97914561100049,9432.172754558711,209.52390929709966,0.943217275455871,176.08048709497305,960.089763728,7659.581207672,1549864.5505628071
RajgMbScQbqqrdJfR2rxfHJiTiY5b6bJ2tTXiF4aPxy,725ZA3fhyBAKb5iopNRrcbSuQa3LXA1656Q3mBvYPxeg,GLA6i1dSZpUfk2f9Nj8uiG7xyDdAR2reff8oEiZH3617,40092.556909819956,40114.47896705,40216.81359227159,1.003099245646296,16.086725436908637,0.9998438543852608,37225.35690689,146810.80183892,184128.605408232
ALBpShJ9NLpE739pcHDF2LNVk5J4VYPvvKuV6jMPitZi,D6d156U1bPiJpDYRLextvDRccgFk7QzkQbJg42ceKEu5,GNcM8U5g8RwTZffwwm3kSQqUNPSwv5d2fbN9sLxPJqt2,39.125301000000036,39.1512950000033,39.02524028391208,0.997442557283126,0.015610096113564835,0.9956291878652715,51177.007146,49139.380435,99970.72631650472
vEnkoSUkpnbRrPgBz9DfcVxNz67zjwMYBZraAvDDNSf,DtfyjjsZ5yCjWKLKHvwsfXs5QVsmm1QkK6Sh9JZHoq1g,e5wrKCRv4GhHvEf1VD5Pq2KGaZDXP77nTL612Jyrxwy,5613.869669,5613.760203000001,5535.962074722431,0.9861223008599973,0.5535962074722431,0.968441400095101,968.830011,981.431583,1905.8438559276078
DA1mL7dfBow33EH5yjUuZE6SH2KeUK5zEXzsyhE5r5j5,B4UtLRZND3D83CitRCBUyeiNr7H8m7YFRqBmiPmXjhW4,AAmpYbuixWiSqDaJBCqYEs1pb5SrbdPr9mgXrB58Q2e,366.6338695569999,366.78031208899995,364.28850222195547,0.9936029714388408,0.14571540088878218,0.9993488432813459,2019.922910104,988.44824452,2994.8060153612637
B2izdXFYb2sNwbWWHmh75T4aQFtfXsUxem9u2p61HGzf,4DYwgJtxwuJdAjkj5RJSNH4e7U329V5cNp7d3a1nLrZv,EXNW64GEf1ACC6xY9BtKRiunrs6GoJSXBdxWN2eTPmrF,6942.836065000014,6825.877640000006,6845.108451636006,0.9859239635720813,0.6845108451636006,1.0,8611.666733,31148.554024,39639.0026223612
GokA1R67GqSavkd15zR62QD68Tuc5AEfvjssntVDEbM8,3YB7hfpBdbQEuZqLGWVDpRPmeZWCUsrrWyqGXegnQ6Cg,4DPCj6Z1DsG6HUtwSogBGqXEUxdEV5a8YVrrFtcnz7UW,50413.813718000005,50392.448608000006,50438.93230628854,1.0004982481275675,5.0438932306288535,1.0,9950.633768,22488.038331,32443.629983643015
C98Sspw7XqnMsgxea3SLQVdbMDL8pKUc3RE82UvX9eq2,CSqgQJurPCzGxb4Cgwx5R61hWQUiaoUHcShNc8r1cKEL,6S2CR5EnukPhC914XkAns8m5GixjMAoUuZMsS5ubHuWc,33.130648000000065,33.115010999999754,0.0,0.0,0.0,1.0,855.648458,908.331464,908.331464
C2ypsDADXcCRz8HbV2zX1AXPSja7a1P3xZtRC91xGhJh,J9bYNuDpY1d1T86gLaw7DGk5D3CsUAf2tzUwxMvb6FTv,A2NGvvPrMGzsJ4jb52KEnSBVmsA7C34dV1GC7PerdgvG,225.7955857180009,227.6647550439984,37608.34024021188,166.55923595947283,15.043336096084754,177.2698877314347,4218.947621137,2095.137821019,1074109.538643535
Lee1XZJfJ9Hm2K1qTyeCz1LXNc1YBZaKZszvNY4KCDw,9DgFSWkPDGijNKcLGbr3p5xoJbHsPgXUTr6QvGBJ5vGN,2hNHZg7XBhuhHVZ3JDEi4buq2fPQwuWBdQ9xkH7t1GQX,1473.4337464402233,1239.425980413006,277713.9815892369,188.48080699942327,27.771398158923688,176.9783077688168,6688.207739629,53906.840989252,10800940.287585571
MATgk4zXLXtYkwBH678J1xZbRDZ45LicNzkRBHkxTuY,y8dALFo1bJrSzPYjMX14HJX448pXqYmrfXHD1K8MXih,GN7Yuet3UyiWS5YVkEHv6oQKi4HGBJc3XDPt9zQhAqZz,2872.475337,2864.5778499999997,2878.909700179902,1.002240006414336,1.1515638800719608,1.0,3051.853905,5027.175707,8085.865784322817
YAkoNb6HKmSxQN9L8hiBE5tPJRsniSSMzND1boHmZxe,CfWX7o2TswwbxusJ4hCaPobu2jLCb1hfXuXJQjVq3jQF,EnTrdMMpdhugeH6Ban6gYZWXughWxKtVGfCwFn78ZmY3,8476560.149872007,8478063.187254008,8476560.149872007,1.0,847.6560149872007,0.8945856100537108,482045.134354,1012758.799188,1388044.5825628606
ALLwa5WNZbvQsRKAqe1jdRGemdYQnW8E5k4msbRFcYtu,CGoM82Hbz7QVqTgvQatYtjvDWBvoUJp5qm21P8iMs9yb,3dxNNww8TivyN5FMy5dCNdi3Zcxv6e4kUfSPxfFwpdNq,8.857237085000001,8.859678333000002,33561.581921867306,3789.170550566481,13.424632768746923,3813.75162561163,5.138693391,3.561099633,33052.53517988654
7dwD9TF6uikvHXxPFK9AsSim54yJoujQjY9vU6gNFumk,CquVr6atkvwueDYficKjn6SSEWq4F4rH4VSiBbW4GBWU,8BCa6ge3b7ho3TfZuM64Vk1hgbrJ3J7EPiAb9uP86CGd,0.002677048,0.002716685,0.5604133377238918,209.34004086736277,0.0002241653350895567,209.53712411135305,0.004123578,0.003389003,1.573351929264506
SoN9GaFpSXfpyR5dth3x7PHPVhvJMpQqqDJfCSmPv1t,9kZ9iS68ViMPtoeqtnhAKuF2iqVyfHPdZHoUNdwCELr,BBhm5fJLjw3HRzjtKB8uMEYjGhY6EDm9co3cqpjrSzB9,0.24857968799999985,0.24435115000000007,52.85368093457023,212.62268594757532,0.02114147237382809,202.30915671474207,0.863686496,1.400481392,466.96955200637797
AUSejoEUCh2DBs9mof6BNC8Pubs22w4cJa1ccV9h44R,4xkyD7AfGQDwsQMy9MosRRNGoVJ1zosNinesxg1TzHG7,Cbm5gsQe3nSiCsFrvepVzMCD9xLK3ri9g3ypS2hdmVJ7,1344.4709870000006,1348.2555229999998,1341.765986770671,0.9979880560789448,0.1341765986770671,1.0,15183.26425,13695.968581,28848.684954790435
DFWzVTzNBrQZLjoQ4yQwkj9HuoXmfkuZP9V5vbymZe23,DhgiEgiNdqZdRdo195UUHnoEJUtefK8buko8nU97XJUZ,2K2kkXsouBHtWVjtcgkyiXd8eP3oVBvq1bTJzcVdLLr2,37.34455058599997,37.0225611479982,37.00312009564965,0.9908572874758782,0.01480124803825986,0.9802430301841091,41522.895387484,26448.880962005,67069.59471096162
daob129AwBGn9Y5r91uLoWZeYiGzbPmksauMhFZKTze,6VW5GQNyj4LStgmxEHLr5zUfW92vQnmbw8jTnCH7a38F,4VPCCUifPeBA1c7HWK358CHn2nyjm8pdTRk6Ps3KmnMQ,42.63556695399993,37.844343894000026,8266.412241378726,193.8853598521973,3.306564896551491,174.05164913067293,48.331378064,224.126294972,48380.297881515486
BkwbeSfcX1h4thMDd7obGkHrPevf3QwgzJ4pCEqG18Lu,35yX27bmurdebhfAb8EPmjLETDiUaEUCn9zHaDPbakH2,2CxECn1ZJFoESyUnQysQU8rRgT3iJ5GRs2Mdd6gZjx5g,0.02806015000000106,0.023764709999999245,43.19072466445182,1539.2193079669992,0.017276289865780732,1373.6263736263736,0.89422377,21.9495758,31526.922701218253
KwnjUuZhTMTSGAaavkLEmSyfobY16JNH4poL9oeeEvE,J63v6qEZmQpDqCD8bd4PXu2Pq5ZbyXrFcSa3Xt1HdAPQ,BnKQtTdLw9qPCDgZkWX3sURkBAoKCUYL1yahh6Mw7mRK,483.2142809999882,19563.926474999684,7.70157485060013,0.015938218619412695,0.000770157485060013,1.0,276745.772069,592.17078,5003.005397233878
