0,1,2,3,4,5,6,7,8,9,10,11
Cob4usZcpHEY7Qt4ZCwj6WVg9S44zvzYV2v9qYF65dTf,NhFM9UXE48PyNAyeyPYA3iXztqKVJwA4bTdLj4ysM8w,6TuFuynuBoeskxyR2cz4wxyidk8dpDK7kAWw3UkjQGx,157.01099300000982,2405.7408539999888,1.1260274576986646,0.0071716472597469294,0.0004504109830794659,1.0,74211.864325,161.994549,694.2158624270971
BkwbeSfcX1h4thMDd7obGkHrPevf3QwgzJ4pCEqG18Lu,35yX27bmurdebhfAb8EPmjLETDiUaEUCn9zHaDPbakH2,2CxECn1ZJFoESyUnQysQU8rRgT3iJ5GRs2Mdd6gZjx5g,0.2182301000000031,0.14595123999999837,476.39132048288127,2182.9771442293,0.19055652819315252,1445.086705202312,0.896522,21.9461218,33671.135879229376
MARpDPs5A7XiyCWPNH8GsMWPLxmwNn9SBmKvPa9LzgA,6YjT74rmcfCpw8LSjPNx5JTmZoYLGrTKnf9arfSgZ4SR,F8GSmi3vA8M8TsybLya1LQ4n1aFHCRbZ6k437PeTdXtg,49056.036006000046,51760.005746999756,46430.792563658244,0.9464848027667644,18.5723170254633,1.0,297669.367386,14623.192951,296362.72543104575
ercAoEmXjQzEvAFbdjAo81KtMxRGn9AW1ju882upmPH,CMRhskR2Eg6V42RTSdRTXGdozyPbWB8U9dVpijPWb9T4,7TKLLgrWswt6ZJ1pXhVR3FyufHGjJFqiEXxvWJfDcgRm,0.6779148689999843,0.6038799350000019,123.12469957342,181.6226567725908,0.049249879829368,158.8529041170225,35.711199774,317.485051791,56919.385470234265
KwnjUuZhTMTSGAaavkLEmSyfobY16JNH4poL9oeeEvE,J63v6qEZmQpDqCD8bd4PXu2Pq5ZbyXrFcSa3Xt1HdAPQ,BnKQtTdLw9qPCDgZkWX3sURkBAoKCUYL1yahh6Mw7mRK,334.2738629999998,14886.36709699966,7.307444238070178,0.02186065094197982,0.0007307444238070179,1.0,276766.227152,591.70777,6641.99765429857
AURHmCnNwiW4uA2Qj1XvEh4iKgRUZYXtiY7FKAapUV5Y,BKWm4TRnTeKwfWXRyuzjRHU7iZDkPuXBX5b5V5jSVfGJ,A5Ww74HVrkj9nPeC7pHKLfgeDMEhBCpW1efQdz3TGLEg,0.45659323099994253,0.40795937600012167,92.21603734581558,201.9654061534416,0.03688641493832623,180.2633611653954,290.093755115,1795.102760561,382180.1603303838
STK75uPSyBnEhGTTzb1nwmP3n427XoXmfRhXxxhyady,6TYyD5fUmDe6N65avW1Ny2RxzRNobw2RRgKwH9CTzSAU,54zDfk4cx2vGrEajPtodWpArNe5eUurytyxd4X3aZAxK,785.324197428002,886.8013823370035,142183.30878192544,181.05046202267405,14.218330878192546,204.60475272288002,1586.087782281,275.33229806,343496.2225516821
GokA1R67GqSavkd15zR62QD68Tuc5AEfvjssntVDEbM8,3YB7hfpBdbQEuZqLGWVDpRPmeZWCUsrrWyqGXegnQ6Cg,4DPCj6Z1DsG6HUtwSogBGqXEUxdEV5a8YVrrFtcnz7UW,51300.815672,51279.896314000005,51329.45750929018,1.000558311537838,5.132945750929017,1.0,10093.426174,22344.489971,32443.55142128926
C2ypsDADXcCRz8HbV2zX1AXPSja7a1P3xZtRC91xGhJh,J9bYNuDpY1d1T86gLaw7DGk5D3CsUAf2tzUwxMvb6FTv,A2NGvvPrMGzsJ4jb52KEnSBVmsA7C34dV1GC7PerdgvG,83.20126963799976,83.91485006099902,15079.446744629073,181.24058455163254,6.031778697851629,182.59310696413763,4233.911242155,2090.765934413,1149115.996367149
SEQV6QiTpvTzrceiaYg9Avnwf7oc8ZALpnQMz6TyT4A,3dFMPj4r9mMmPHF32mz1gNDX7f8ftidWof7S8YiYTs1j,Fc1ED3YPeQfXQosHbd8DTaBd2AV5gHQtwiSAL5C5pUhi,1228.169221737,1228.388828917,1226.651375591357,0.9987641392417437,0.49066055023654287,0.9987056774420352,3321.306256232,2226.700389689,5541.019905308569
HEDSDjj84KS7LKhZY7ejkCACTdPen62rKhCby1wXtgxc,EnnjMSFttpCTywBrYNt1J5QQeoSVkvzPipJDa8Y7kJow,6bjVT6JN2rSvpyn9PdfLYC8wJn4LWh49jpY47fnLDXZk,10.130959023996184,10.417935404009768,9.77027416058198,0.9643977571560713,0.003908109664232793,1.0,38816.473405727,9071.232904251,46505.752797442416
parEAJhzYzHW87y9VoZAQ22dzQ2MD2ekEtTReaxbMcz,3oyc6hpjYSJEquK6dSvG72NXyz3pqLZz5D8AC71pwgQb,Di2vordgFJVZ1aj1aBpvzXtLfZgJsuLLXawGtVFwX6Rz,5.66371616999993,6.6301116189997344,1002.7002331961272,177.03928005914528,0.4010800932784509,210.39551621907475,1103.716104756,139.59588725,224771.45333570993
Sid7E679i9ABqptiAVhkmQ27YHN8vaYT4fppPwmxFsJ,GP7KB8o1bv527HG8kTzzzf4wJ5aEGHvcMQvVhLziUfmT,9gYxhAZ1M9wu5pxr8SBoa5NDm21gi3s9vMHaYTME77sa,906.5007139999962,2774.524589000095,6.501103361516708,0.0071716472597469294,0.002600441344606683,0.021819196450488035,135829.547121,8748.208374,1165.0004765050967
C98Sspw7XqnMsgxea3SLQVdbMDL8pKUc3RE82UvX9eq2,CSqgQJurPCzGxb4Cgwx5R61hWQUiaoUHcShNc8r1cKEL,6S2CR5EnukPhC914XkAns8m5GixjMAoUuZMsS5ubHuWc,105.56533400000023,105.49225899999976,0.0,0.0,0.0,1.0,850.735887,913.243475,913.243475
JSoLLrxK5bYdHwTEWYaGgmeycBCNXKDiBCTw5hXGBg7,xG4wXczA7Dk4hccJ61CHKpDHW4NrNfQwgmWgkb9BuF2,BVR6WgfhsRr9Lob4QDnkEAiNGgAbv7ZieKcY9kSg3QYR,3.4124469049998822,2.8824491729999906,715.2864072297102,209.61099971450983,0.28611456289188414,181.25881710858474,16.984378657,164.773797458,33426.81620755016
MATgk4zXLXtYkwBH678J1xZbRDZ45LicNzkRBHkxTuY,y8dALFo1bJrSzPYjMX14HJX448pXqYmrfXHD1K8MXih,GN7Yuet3UyiWS5YVkEHv6oQKi4HGBJc3XDPt9zQhAqZz,954.3729990000002,953.5224719999997,957.0796201658292,1.0028360202653104,0.3828318480663317,1.0,2818.309016,5260.119524,8086.4213214832835
KysFMBBoavfov2tLpvefWW6tPFt6rAeZWDJVy1mMQae,B8ka2V21TH3x64dFV8ETcjuQcwmrciJ2qzy1mJUttRew,7fSf7EYxBANyxzk2s5pymFgshA91tFYQNKKs5UnLWcYS,10.935566999999992,13.932296000013594,0.0,0.0,0.0,0.021801270691422504,134139.643753,2890.506142,63.01670683696134
B2izdXFYb2sNwbWWHmh75T4aQFtfXsUxem9u2p61HGzf,4DYwgJtxwuJdAjkj5RJSNH4e7U329V5cNp7d3a1nLrZv,EXNW64GEf1ACC6xY9BtKRiunrs6GoJSXBdxWN2eTPmrF,6526.8128970000125,6418.672800999995,6633.1354247228965,1.0162901142411718,0.6633135424722896,1.0,8474.192119,31288.119448,39900.35712472015
WiiQFxXqp8P9Fs1rt9SVcDyA3KUdJmUsog6wnVQAwba,3S2jpqSYxho6wiz3cafhjXruVY8cg4HYa2v3BqBHYFSj,Dfe67M6TfrG74gKRtdqys4e6E9QirPD53BkF4FujFjuv,13025.292134483996,13035.94883795499,13011.181950039365,0.9989167087924826,1.3011181950039366,1.0,18917.171455244,7911.053796299,26807.73244603443
ALLwa5WNZbvQsRKAqe1jdRGemdYQnW8E5k4msbRFcYtu,CGoM82Hbz7QVqTgvQatYtjvDWBvoUJp5qm21P8iMs9yb,3dxNNww8TivyN5FMy5dCNdi3Zcxv6e4kUfSPxfFwpdNq,26.451392845000015,26.377704169000015,96870.25871603316,3662.1987841500036,38.748103486413264,3665.0980047206463,4.582237335,4.116972535,31870.171820441956
BSC8REUo9LpiiWUuqMuLXs2D2yJsJfGd4HdiF3wCLxk5,AZjEH1zWVx1UJ6udMyRijGTzPteuLnaY18yNNmprJEsh,Caf8ypkSVR8xYnXNhjvfvdGCC7mrM3C11rz8Xi6NA6aK,1736.935136695,1740.9692981549997,1733.8768691890646,0.9982392736255226,0.6935507476756259,1.0,3439.798005107,2777.165465841,6210.906927877533
BUSDgu5JdqP1rndBvXvanbEufS94FNh1w5FJcAj6vawb,Bgzr8cWubt89JQFXndVjtdKmDbGzuPxNhvjH1EhWCwbo,Dxaf8xPBBQsasRKW5Aa4Sw2YrbfGofY9xZueyyF23FBW,8301.663224029997,8307.79390400001,8290.801859054542,0.9986916639855956,3.3163207436218167,0.9997825772829183,7955.85287221,7171.12001494,15115.004793913819
MATSnbbiTCv7Dc3trJrkrqjx7ckKdr6fwPoVwv9q3sD,631WX9JizSHJm4w6VanZeJAst9T8DeUUnPLesdGkCVtK,211maUSfpnXbPuW1iBu8b4dtJv5EbN1j7JJiEX5TZKEP,3118.725257999995,3116.0044359999993,3120.469600506678,1.0005593126557746,1.2481878402026714,0.9991477269888785,19794.515517,25773.832597,45557.453095128
AUSejoEUCh2DBs9mof6BNC8Pubs22w4cJa1ccV9h44R,4xkyD7AfGQDwsQMy9MosRRNGoVJ1zosNinesxg1TzHG7,Cbm5gsQe3nSiCsFrvepVzMCD9xLK3ri9g3ypS2hdmVJ7,1736.5196570000026,1740.4669110000013,1732.693868937389,0.997796864523133,0.1732693868937389,1.0,15273.309618,13606.107994,28845.76844173141
SAMyS8Jr2HJrkFwYVKbpUwsNStnQmvz3f8Tup8bWUWF,6jPzm5TFfquvgm25sTyN3MMGBfufRaFHMxobDWv6hMFW,Cj9ECoDmxsHTDzCY5ZA6RWrPbg9uFzEC1Qc2kso2vJG6,698.3049494699953,15.26784520000001,701.6156985475164,1.004741122170241,0.2806462794190066,0.02182460793510444,482.95327703,108848.56688372,2860.8203140540995
BSCrK1Nx9PXU9mF7STWWBqeHLxmtJDr9h7jheEy4tAWX,FfSySSbVJPvEo5a5AvrP3nySoXpRE2QPn1uUMpJJ1x7v,HL7Vcj6838ZmvBHDbQxXfjBNckNi83WvPiZQoMQLFeRM,0.04185651400000001,0.04181014300000008,153.33741436787932,3663.4062351174125,0.06133496574715173,3657.37692926633,0.83809486,0.966388984,6604.730710522583
moFiBS1R4Lf3E3zzmBPnw3NF4RhWPkhREFviuzUaCAU,44ALBrpqi9PfZkBRTvbtRNtFJGsatfY4QydjtMbFWq8S,2ho8qEEie1UjVwWNBo9y4oAJZMyMLx8zPj9bxyUz6uWs,2928.1910619709997,2929.080449384004,2928.9338952565804,1.0002536833389146,1.1715735581026323,1.0,32684.941518862,31736.319973349,64429.55311730773
YAkoNb6HKmSxQN9L8hiBE5tPJRsniSSMzND1boHmZxe,CfWX7o2TswwbxusJ4hCaPobu2jLCb1hfXuXJQjVq3jQF,EnTrdMMpdhugeH6Ban6gYZWXughWxKtVGfCwFn78ZmY3,8154832.792439014,8156028.246069022,8154832.792439014,1.0,815.4832792439014,0.9977003008066407,969229.867292,526112.600069,1494132.5666390052
TETFuZgEmET6d9vYmz9iMFCxK1jKdKYxf3oPz8hSzJK,Eu1Ze6Z84LWNkq7SNoAHBJbXx5t1P95EwyqYohrfCRFV,ASMbv7WNu3qe4pkhREmvyEdwFNDZQ6B6iSrjkj4u8bdC,6.275800535000002,6.2493268959999995,6.261698901036718,0.9977530143151238,0.0025046795604146874,0.9988543141017253,43.736788578,207.87222992,251.27258627770053
FrnkTEL6yZ5Aycq2TrEgu29dCrwKG4LPUZydfiwqspkc,DjvZuMZ46fxKBoBpGMPcRcos4xdTtHFxwMh69DpA2ZFY,9rvDPJLAng4uVVqnnSoEXgNDFhBZQTny9AoQioYDZbQX,55.90962719199979,46.58759956600005,12166.1790570593,217.6043674066956,4.86647162282372,181.1372047305068,171.470962817,1440.676968942,298273.02946618333
ALBpShJ9NLpE739pcHDF2LNVk5J4VYPvvKuV6jMPitZi,D6d156U1bPiJpDYRLextvDRccgFk7QzkQbJg42ceKEu5,GNcM8U5g8RwTZffwwm3kSQqUNPSwv5d2fbN9sLxPJqt2,237.05609399999958,237.10484900000301,236.04675806252425,0.9957422063257512,0.0944187032250097,0.9978247420623041,51177.007146,49139.380435,99991.59561636209
7dwD9TF6uikvHXxPFK9AsSim54yJoujQjY9vU6gNFumk,CquVr6atkvwueDYficKjn6SSEWq4F4rH4VSiBbW4GBWU,8BCa6ge3b7ho3TfZuM64Vk1hgbrJ3J7EPiAb9uP86CGd,0.002677048,0.002716685,0.5736645341957505,214.28996947225096,0.00022946581367830018,215.0941456320724,0.004123578,0.003389003,1.6125961085659761
4vezWG46exH6pf9nry3n1VJ7hZHvjBJNgNeF4qEFCML5,,,0.11574899999999921,0.11419999999999852,0.0,0.0,0.0,215.0941456320724,0.004123578,0.003389003,0.7289547048295303
BSCuChvaSj9b5HUSqgDVRzcnr2sSn7cXaamt1jbKH6hn,GnKpRj5kBVPMJfiwZtEuD9GYApLzPdW5JFuZTcyX4BTc,3dmwD9okkomV9nDwyuh4UMhKdUR13QpuKxRo89ycZB5t,588.0153044589999,589.5315857059998,586.3078312364051,0.997096209555012,0.23452313249456208,0.9950842836388243,1819.269762528,1184.522176047,2992.686385380746
KEN5P7p3asnb23Sw6yAmJRGvijfAzso3RqfyLAQhznt,9zj4aX38Uxf3h6AUjS4EipWS8mwbEofasHAf3a1uKGds,CwQDG1MWunn9cLNwcZLd8YBacweSR7ARo32w4mLua1Yr,105123.26944199996,105130.97118500015,104723.8526679245,0.9962004913260823,10.47238526679245,1.0,1152574.691832,1114902.48221,2263097.956503046
BSCNHw8CmxbZ8hCWWzMf5FaG2ajPT6JxfznKUNuRVrn4,7n9kgNL633yGzCYksgnzHyjG73ZLBAwvEae5sbAekbzW,SscdxE99omdG9AiMVwmaEMQySQnCgeAh1sPj2Leutm2,219.51905224200073,219.11733464000008,220.0009319432855,1.0021951611778714,0.08800037277731419,0.9991154191760167,5007.749994307,6697.869297467,11710.687303407904
vEnkoSUkpnbRrPgBz9DfcVxNz67zjwMYBZraAvDDNSf,DtfyjjsZ5yCjWKLKHvwsfXs5QVsmm1QkK6Sh9JZHoq1g,e5wrKCRv4GhHvEf1VD5Pq2KGaZDXP77nTL612Jyrxwy,5870.633923999997,5871.435539999999,5855.368977076758,0.997399778776729,0.5855368977076758,0.9966959529160833,808.694735,1141.428325,1944.2489418581895
heyk4SZTeCUV6a65WiVA5bzic3KcxgVf1qxobfeV4tQ,9ZDpBKPqMABtGfq66FbVribaArMvtk63xxy91onZAtDt,DaTP4s6N7xxSPinbNZ3FB52EpRDRt87QShTuN3VPCW52,87.38540646300407,75.6646214790004,17654.733817108852,202.03297703470946,7.0618935268435425,181.062951786014,616.13155108,4485.132876557,936570.2892916119
RajgMbScQbqqrdJfR2rxfHJiTiY5b6bJ2tTXiF4aPxy,725ZA3fhyBAKb5iopNRrcbSuQa3LXA1656Q3mBvYPxeg,GLA6i1dSZpUfk2f9Nj8uiG7xyDdAR2reff8oEiZH3617,41544.77159710998,41469.922210180004,41681.363091214414,1.0032878142989703,16.672545236485767,1.0,40089.64705639,143935.31580492,184156.7701761427
DFWzVTzNBrQZLjoQ4yQwkj9HuoXmfkuZP9V5vbymZe23,DhgiEgiNdqZdRdo195UUHnoEJUtefK8buko8nU97XJUZ,2K2kkXsouBHtWVjtcgkyiXd8eP3oVBvq1bTJzcVdLLr2,37.34455058599997,37.0225611479982,37.00312009564965,0.9908572874758782,0.01480124803825986,0.9977338739908191,41522.895387484,26448.880962005,67532.20795673033
YakoMPuYrybnr9R7VC7hVGxMz94fJvPFCdZ4gmW61Ed,,,0.08675300000000008,0.08663500000000002,0.0,0.0,0.0,0.9977338739908191,41522.895387484,26448.880962005,26388.944464943273
SoN9GaFpSXfpyR5dth3x7PHPVhvJMpQqqDJfCSmPv1t,9kZ9iS68ViMPtoeqtnhAKuF2iqVyfHPdZHoUNdwCELr,BBhm5fJLjw3HRzjtKB8uMEYjGhY6EDm9co3cqpjrSzB9,5.592881521000002,5.768713821000002,1212.7660196709485,216.84099960231362,0.4851064078683794,212.35850022233936,0.855467331,1.408820943,484.6754937184652
wrmcMSHFi3sWpAEy4rGDvQb3ezh3PhXoV2xNjgLBkKU,8p4mGnARWPBu6P2Gcw4adodLkNDorrXniZMhaY7eJXUn,AyY89zccbsgp9LKFgH4CFZMJmpSgqmPSdTfukhP227rc,0.027790750000000405,0.20826853999999215,10.561925646658358,380.05183907084927,0.0042247702586633434,3643.3854337450357,27.07042526,0.09705302,10641.766463861939
Lid8SLUxQ9RmF7XMqUA8c24RitTwzja8VSKngJxRcUa,4PgzyzLtds9bKZ2to9PMnKqJzKEUpjvNUaeN23phegax,AtymwxoVN9peZo7EXTcDz9jKVc4vRmisJKKrNfe3ewBa,57.107859666995864,48.18278967899914,12220.32931865438,213.98682055172222,1.222032931865438,180.34642383862314,959.054522892,7660.806982955,1586824.1711832944
KZMu9QBEdL97EFgamLbN5DE1AoKBG4HdrKKJo4Vuon3,DD4ACBWyVqdaKWh7v5btsgqQCCMwbKnuL2xd9pv7Gyuw,GcYqiJ1MAuYbNTNYXm1F1gQYTfTgkErACAhNU5dpVj9T,15.287343919999785,15.316839619999882,15.359104883427182,1.0046941420172746,0.006143641953370874,1.0,1379.73127465,1708.64646803,3094.8543972288826
SoNcU2iwHMw6dGzsYNQkYFkUjwN1UdAjrWVRnStrZu2,8ivTTid27jZnYNc4w3CTA1Z6QS2twsFb8WMwUabeDJgc,CyXm53PMvHCbeXJBykU46Rcbo28xk5srhMZFg7gv6EYB,9.523919548000013,9.494122306999992,2040.5730253421884,214.25769244036726,0.8162292101368754,211.28793093758173,15.340899212,19.361725718,7377.804631460553
daob129AwBGn9Y5r91uLoWZeYiGzbPmksauMhFZKTze,6VW5GQNyj4LStgmxEHLr5zUfW92vQnmbw8jTnCH7a38F,4VPCCUifPeBA1c7HWK358CHn2nyjm8pdTRk6Ps3KmnMQ,21.62326224299983,19.125739234000022,4358.584903792975,201.5692569794363,1.7434339615171899,180.3607359006602,48.261898684,224.197605931,50164.56025103209
KEVpg4SYCVrqFxKijQH6hm4QxsRdoE51ud64bEEFUC9,2bPenuBYfqzD8p5dFjCcggwkHDsc2RQDnx9AoyYGUBjA,AE6n6iLuX8oYu61vt5hoDYkjswpnxFxrhSehxrnQTnbx,851.0536022019999,852.2183118160001,849.7128029828099,0.9984245419845227,0.339885121193124,0.9960684342203837,5650.648669758,1877.621288084,7511.985606499275
BUSDTd9WiT6uBHJRgNvFXBsA7JrifsAtWzKfioN7ERcy,DyBxrn7gSc1EwnpWhDyhzvMHPtxpmBqRqotapLcKcfTM,Cds99GeBgoCpqBsoRWu1C6fF9LiUMd4pXQQD24s9LPff,543.59210118,542.2080041,541.9552283841591,0.9969887848033706,0.05419552283841591,0.9916994753909776,106.2876079,78.94714906,184.25939934629343
Lee1XZJfJ9Hm2K1qTyeCz1LXNc1YBZaKZszvNY4KCDw,9DgFSWkPDGijNKcLGbr3p5xoJbHsPgXUTr6QvGBJ5vGN,2hNHZg7XBhuhHVZ3JDEi4buq2fPQwuWBdQ9xkH7t1GQX,1201.8070177361224,1010.7832482539925,257145.0005907844,213.96530124709676,25.71450005907844,179.07876510865157,6675.875377513,53925.261608794,11085274.94330145
RoBgmK8CvjdHvPrqdDyVw54VwjZv2TqJ493xnqJAQHx,ExiHJxM7qPAcy27NDHAF6G7vnW7muNHi2sVJpnaNynGQ,6rkPHSqZb7StM4HwS9EuVrmfkV7tRdc7dnsFhyB6cefE,13.932295999999951,0.24836499999999972,0.0,0.0,0.0,0.9396765257527749,6236.1915,19.476073,18.301208611947423
