0,1,2,3,4,5,6,7,8,9,10,11
RajgMbScQbqqrdJfR2rxfHJiTiY5b6bJ2tTXiF4aPxy,725ZA3fhyBAKb5iopNRrcbSuQa3LXA1656Q3mBvYPxeg,GLA6i1dSZpUfk2f9Nj8uiG7xyDdAR2reff8oEiZH3617,17025.209648600023,17026.944609089973,17024.181047581125,0.9999395836503557,6.8096724190324505,1.0,83353.86776607,100589.87927874,183938.71110839085
daob129AwBGn9Y5r91uLoWZeYiGzbPmksauMhFZKTze,6VW5GQNyj4LStgmxEHLr5zUfW92vQnmbw8jTnCH7a38F,4VPCCUifPeBA1c7HWK358CHn2nyjm8pdTRk6Ps3KmnMQ,7.926582663999881,7.083722241999993,1545.2627053716606,194.94689841434092,0.6181050821486643,175.49570956864034,48.21379582,224.224596612,48749.584641056405
KEN5P7p3asnb23Sw6yAmJRGvijfAzso3RqfyLAQhznt,9zj4aX38Uxf3h6AUjS4EipWS8mwbEofasHAf3a1uKGds,CwQDG1MWunn9cLNwcZLd8YBacweSR7ARo32w4mLua1Yr,110211.01298799925,110212.05292099877,110063.74769358522,0.9986637878518542,11.006374769358523,1.0,1129443.137574,1109154.381406,2237088.343338934
7oAd7xG4m3oC2qeWB1szghTebAZyyGPAFDJ4wwwbRSNi,D9yh4KAysxt9GLacVe4Wwh2XqghhcjTCSTV9HuM7TBJd,HDYfJLpZKaMFb84jM4mRytn7XLR8UFZUnQpSfhJJaNEy,0.180014179000068,7.918172976002097,0.17995327579336176,0.9996616755022046,7.198131031734471e-05,0.022767206208784755,955.224689799,300101.017633752,7787.363265819325
vEnkoSUkpnbRrPgBz9DfcVxNz67zjwMYBZraAvDDNSf,DtfyjjsZ5yCjWKLKHvwsfXs5QVsmm1QkK6Sh9JZHoq1g,e5wrKCRv4GhHvEf1VD5Pq2KGaZDXP77nTL612Jyrxwy,1999.3838700000006,2000.7926519999996,1972.3430468279885,0.9864754219648616,0.19723430468279887,0.9979641531276197,1121.621888,827.48092,1932.2487208068883
DFWzVTzNBrQZLjoQ4yQwkj9HuoXmfkuZP9V5vbymZe23,DhgiEgiNdqZdRdo195UUHnoEJUtefK8buko8nU97XJUZ,2K2kkXsouBHtWVjtcgkyiXd8eP3oVBvq1bTJzcVdLLr2,2010.2656431690011,2027.5590962150018,1991.5924800424928,0.9907110967199978,0.7966369920169971,0.9996006865149557,41558.101808165,26413.996530762,67575.52168572182
oKQqupM9E7SSLAFDLxr7mdsXP7znck9qRbVWc6Yyj7Q,CMR2J7CwfW98RpvnJmFBgRFTLAd3x8CJ1SWs8Bt3uunG,FmRb5jHfSNj1YWP3b45d9vvYuhwjp4om8bALmtqZpr1v,407.31908295999983,401.6971910399998,412.3135566425424,1.0122618209936238,0.16492542265701696,1.0,2176.16186239,3720.30118522,5923.146754819778
HEDSDjj84KS7LKhZY7ejkCACTdPen62rKhCby1wXtgxc,EnnjMSFttpCTywBrYNt1J5QQeoSVkvzPipJDa8Y7kJow,6bjVT6JN2rSvpyn9PdfLYC8wJn4LWh49jpY47fnLDXZk,4.680337357998724,4.765222814996378,4.52522702901908,0.9668591562711694,0.001810090811607632,0.9996016877158942,38835.457750141,9052.835038666,46597.64709697009
STK75uPSyBnEhGTTzb1nwmP3n427XoXmfRhXxxhyady,6TYyD5fUmDe6N65avW1Ny2RxzRNobw2RRgKwH9CTzSAU,54zDfk4cx2vGrEajPtodWpArNe5eUurytyxd4X3aZAxK,801.3137632950015,904.5314767900018,140591.91870810676,175.4517707645416,14.059191870810677,197.68948438233303,1809.375247369,315.686044044,379865.9024021784
Lid8SLUxQ9RmF7XMqUA8c24RitTwzja8VSKngJxRcUa,4PgzyzLtds9bKZ2to9PMnKqJzKEUpjvNUaeN23phegax,AtymwxoVN9peZo7EXTcDz9jKVc4vRmisJKKrNfe3ewBa,43.82938531200489,37.02144824700042,9069.113764038108,206.91857071411115,0.9069113764038109,174.87363194171812,962.252172603,7657.005216367,1538116.1562043393
CZgvH45CRmoaNJ7395Ao5CQZXkGznvqU7cErD6n7FaRg,4ZjU6MKvtqVQKCiowhvZ5yUsPxXX5SCzd5eFsPeXyey5,BsyWeshjDbCvjDojry3vKDCesmFRM37WtwcR4Kfgzqr,12.541029229999936,12.24235440999999,12.86721215748739,1.026009262996308,0.005146884862994957,1.0,228.74426107,576.08989175,810.7836224650657
MATSnbbiTCv7Dc3trJrkrqjx7ckKdr6fwPoVwv9q3sD,631WX9JizSHJm4w6VanZeJAst9T8DeUUnPLesdGkCVtK,211maUSfpnXbPuW1iBu8b4dtJv5EbN1j7JJiEX5TZKEP,1519.7005329999993,1518.4179150000018,1518.2369525777144,0.9990369284010214,0.6072947810310858,0.9988323649653555,20112.885712,25453.363676,45517.15899981963
Lee1XZJfJ9Hm2K1qTyeCz1LXNc1YBZaKZszvNY4KCDw,9DgFSWkPDGijNKcLGbr3p5xoJbHsPgXUTr6QvGBJ5vGN,2hNHZg7XBhuhHVZ3JDEi4buq2fPQwuWBdQ9xkH7t1GQX,1331.9818331498982,1121.5801097689991,276830.7257095699,207.83370975482066,27.683072570956995,174.73621820499773,6697.432226102,53907.563340575,10811555.936160715
KwnjUuZhTMTSGAaavkLEmSyfobY16JNH4poL9oeeEvE,J63v6qEZmQpDqCD8bd4PXu2Pq5ZbyXrFcSa3Xt1HdAPQ,BnKQtTdLw9qPCDgZkWX3sURkBAoKCUYL1yahh6Mw7mRK,228.56870100003005,7936.965957000095,5.365775216429399,0.023475546708508852,0.00053657752164294,1.0,275533.460901,619.799564,7088.098195138523
parEAJhzYzHW87y9VoZAQ22dzQ2MD2ekEtTReaxbMcz,3oyc6hpjYSJEquK6dSvG72NXyz3pqLZz5D8AC71pwgQb,Di2vordgFJVZ1aj1aBpvzXtLfZgJsuLLXawGtVFwX6Rz,3.572091925999956,4.213304876000166,611.6530827926066,171.23105884834783,0.24466123311704266,202.09230202128677,1103.131293969,140.086395145,217200.72159177656
heyk4SZTeCUV6a65WiVA5bzic3KcxgVf1qxobfeV4tQ,9ZDpBKPqMABtGfq66FbVribaArMvtk63xxy91onZAtDt,DaTP4s6N7xxSPinbNZ3FB52EpRDRt87QShTuN3VPCW52,54.194739234999815,46.992130679999946,10880.386888503517,200.76463217811354,4.352154755401407,174.81796205611096,622.203555016,4478.051850723,907760.3663876927
C2ypsDADXcCRz8HbV2zX1AXPSja7a1P3xZtRC91xGhJh,J9bYNuDpY1d1T86gLaw7DGk5D3CsUAf2tzUwxMvb6FTv,A2NGvvPrMGzsJ4jb52KEnSBVmsA7C34dV1GC7PerdgvG,3429.152476298997,3451.5829870669972,599443.284820442,174.80799963360244,239.7773139281768,159.65366649434714,3931.27735054,2144.460770995,1029589.7543954322
BSC8REUo9LpiiWUuqMuLXs2D2yJsJfGd4HdiF3wCLxk5,AZjEH1zWVx1UJ6udMyRijGTzPteuLnaY18yNNmprJEsh,Caf8ypkSVR8xYnXNhjvfvdGCC7mrM3C11rz8Xi6NA6aK,1125.503268423,1124.5805619479993,1125.685149875406,1.0001616001103764,0.45027405995016245,0.999905919851907,3011.681370163,3199.776920088,6211.64394280633
BSCrK1Nx9PXU9mF7STWWBqeHLxmtJDr9h7jheEy4tAWX,FfSySSbVJPvEo5a5AvrP3nySoXpRE2QPn1uUMpJJ1x7v,HL7Vcj6838ZmvBHDbQxXfjBNckNi83WvPiZQoMQLFeRM,0.34083981900000027,0.3403022579999997,1070.3389921523933,3140.299144896543,0.42813559686095737,3136.5660874474625,0.838420608,0.966032358,5662.915851845746
Sid7E679i9ABqptiAVhkmQ27YHN8vaYT4fppPwmxFsJ,GP7KB8o1bv527HG8kTzzzf4wJ5aEGHvcMQvVhLziUfmT,9gYxhAZ1M9wu5pxr8SBoa5NDm21gi3s9vMHaYTME77sa,503.4374860000062,1187.5527239999774,3.8260753841845756,0.007599901657272555,0.0015304301536738303,0.02382440668948362,136434.102205,8552.388899,1240.6413507526736
BSCNHw8CmxbZ8hCWWzMf5FaG2ajPT6JxfznKUNuRVrn4,7n9kgNL633yGzCYksgnzHyjG73ZLBAwvEae5sbAekbzW,SscdxE99omdG9AiMVwmaEMQySQnCgeAh1sPj2Leutm2,417.3889575459998,416.60062818299957,418.38735738887374,1.0023920130727557,0.1673549429555495,0.999905919851907,4711.975928174,6993.591452453,11716.180530526155
SAMyS8Jr2HJrkFwYVKbpUwsNStnQmvz3f8Tup8bWUWF,6jPzm5TFfquvgm25sTyN3MMGBfufRaFHMxobDWv6hMFW,Cj9ECoDmxsHTDzCY5ZA6RWrPbg9uFzEC1Qc2kso2vJG6,430.69601651000266,10.281836150000004,414.29569072513,0.9619213432300417,0.165718276290052,0.023387292460196135,515.06683243,107452.00477407,3008.4652403898745
moFiBS1R4Lf3E3zzmBPnw3NF4RhWPkhREFviuzUaCAU,44ALBrpqi9PfZkBRTvbtRNtFJGsatfY4QydjtMbFWq8S,2ho8qEEie1UjVwWNBo9y4oAJZMyMLx8zPj9bxyUz6uWs,109.07514978700056,108.97508764400118,109.1734290178836,1.0009010231118176,0.04366937160715345,0.999635764715682,28136.839051755,36284.527909303,64433.50279799773
YakoMPuYrybnr9R7VC7hVGxMz94fJvPFCdZ4gmW61Ed,,,0.1573690000000001,0.15769999999999995,0.0,0.0,0.0,0.999635764715682,28136.839051755,36284.527909303,36271.31180396361
BUSDTd9WiT6uBHJRgNvFXBsA7JrifsAtWzKfioN7ERcy,DyBxrn7gSc1EwnpWhDyhzvMHPtxpmBqRqotapLcKcfTM,Cds99GeBgoCpqBsoRWu1C6fF9LiUMd4pXQQD24s9LPff,336.1197388000001,335.86782665,334.9635684980651,0.9965602427692504,0.033496356849806515,0.9984833038614345,110.03918713,64.13929353,173.7026927515765
wrmcMSHFi3sWpAEy4rGDvQb3ezh3PhXoV2xNjgLBkKU,8p4mGnARWPBu6P2Gcw4adodLkNDorrXniZMhaY7eJXUn,AyY89zccbsgp9LKFgH4CFZMJmpSgqmPSdTfukhP227rc,0.008895670000000022,0.07537742999999963,3.3991860909438376,382.11692777990066,0.001359674436377535,3134.5997116168264,26.98604627,0.10654556,10645.8027752687
MARpDPs5A7XiyCWPNH8GsMWPLxmwNn9SBmKvPa9LzgA,6YjT74rmcfCpw8LSjPNx5JTmZoYLGrTKnf9arfSgZ4SR,F8GSmi3vA8M8TsybLya1LQ4n1aFHCRbZ6k437PeTdXtg,21311.61340500001,22363.64105100039,20322.206461228634,0.9535742824830311,8.128882584491453,1.0,296251.752824,15940.096494,298438.1491274861
ALLwa5WNZbvQsRKAqe1jdRGemdYQnW8E5k4msbRFcYtu,CGoM82Hbz7QVqTgvQatYtjvDWBvoUJp5qm21P8iMs9yb,3dxNNww8TivyN5FMy5dCNdi3Zcxv6e4kUfSPxfFwpdNq,7.729113706999995,7.620756921999999,24248.199865098024,3137.254901960784,9.69927994603921,3118.120646324048,1.280230802,7.405727868,27108.363325483857
KZMu9QBEdL97EFgamLbN5DE1AoKBG4HdrKKJo4Vuon3,DD4ACBWyVqdaKWh7v5btsgqQCCMwbKnuL2xd9pv7Gyuw,GcYqiJ1MAuYbNTNYXm1F1gQYTfTgkErACAhNU5dpVj9T,19.880191889999878,20.689042479999898,19.123180886499664,0.9619213432300417,0.007649272354599867,1.0,2373.04265825,726.35279491,3009.033176276029
JSoLLrxK5bYdHwTEWYaGgmeycBCNXKDiBCTw5hXGBg7,xG4wXczA7Dk4hccJ61CHKpDHW4NrNfQwgmWgkb9BuF2,BVR6WgfhsRr9Lob4QDnkEAiNGgAbv7ZieKcY9kSg3QYR,0.6243953479999718,0.5382006899999645,127.26028774816538,203.8136385157231,0.05090411509926615,175.16481695539375,17.077528439,164.661611435,32323.55423460027
ACUSESXyNnwRLAg1dpSGMLSzUDdLjUMybY8rkXiAKhCP,AhFPQdu8GKBsxuhiH46UmCu1YpaLgNpoP325HnYtsgas,A8wxWpT3aFEr2XqZp1kDmbxbFfcBE95UUmdsNTDBJYbT,409.696043249,409.859189042,409.66562434739535,0.9999257525130987,0.16386624973895814,0.9879022839730787,1045.506892269,1840.979146512,2864.1367695957247
KEVpg4SYCVrqFxKijQH6hm4QxsRdoE51ud64bEEFUC9,2bPenuBYfqzD8p5dFjCcggwkHDsc2RQDnx9AoyYGUBjA,AE6n6iLuX8oYu61vt5hoDYkjswpnxFxrhSehxrnQTnbx,2212.510543144,2211.364982577,2212.022716926145,0.9997795146245216,0.8848090867704582,0.9999173338342598,3745.257889812,3779.741642644,7523.861301114815
ercAoEmXjQzEvAFbdjAo81KtMxRGn9AW1ju882upmPH,CMRhskR2Eg6V42RTSdRTXGdozyPbWB8U9dVpijPWb9T4,7TKLLgrWswt6ZJ1pXhVR3FyufHGjJFqiEXxvWJfDcgRm,0.47953144900000666,0.4797122370000082,83.97703313101479,175.12309840394562,0.03359081325240592,155.75188599958756,39.559474235,323.912540228,57377.76673869253
B2izdXFYb2sNwbWWHmh75T4aQFtfXsUxem9u2p61HGzf,4DYwgJtxwuJdAjkj5RJSNH4e7U329V5cNp7d3a1nLrZv,EXNW64GEf1ACC6xY9BtKRiunrs6GoJSXBdxWN2eTPmrF,4501.291340000007,4435.469543999992,4561.591011582111,1.0133960828187814,0.45615910115821107,1.0,8968.756041,30784.120359,39873.02259870668
BUSDgu5JdqP1rndBvXvanbEufS94FNh1w5FJcAj6vawb,Bgzr8cWubt89JQFXndVjtdKmDbGzuPxNhvjH1EhWCwbo,Dxaf8xPBBQsasRKW5Aa4Sw2YrbfGofY9xZueyyF23FBW,4019.600918989998,4028.395469180001,4008.290365320041,0.9971861500935275,1.6033161461280165,0.9999653312019672,8840.32989317,6274.62813112,15089.865129031507
AURHmCnNwiW4uA2Qj1XvEh4iKgRUZYXtiY7FKAapUV5Y,BKWm4TRnTeKwfWXRyuzjRHU7iZDkPuXBX5b5V5jSVfGJ,A5Ww74HVrkj9nPeC7pHKLfgeDMEhBCpW1efQdz3TGLEg,0.005294287999959124,0.004732710999974188,1.0356944996461388,195.62488849381356,0.00041427779985845557,174.93282579489474,290.130493989,1795.061460677,370771.9193269921
Cob4usZcpHEY7Qt4ZCwj6WVg9S44zvzYV2v9qYF65dTf,NhFM9UXE48PyNAyeyPYA3iXztqKVJwA4bTdLj4ysM8w,6TuFuynuBoeskxyR2cz4wxyidk8dpDK7kAWw3UkjQGx,9.57246699999996,1280.3134419999842,0.07240367560672512,0.0075637425134738425,2.896147024269005e-05,1.0,73377.062416,168.112231,723.1174375097228
AUSejoEUCh2DBs9mof6BNC8Pubs22w4cJa1ccV9h44R,4xkyD7AfGQDwsQMy9MosRRNGoVJ1zosNinesxg1TzHG7,Cbm5gsQe3nSiCsFrvepVzMCD9xLK3ri9g3ypS2hdmVJ7,1206.414178000001,1204.8418839999995,1206.2404793709716,0.9998560207330145,0.12062404793709716,1.0,14527.822363,14350.204967,28875.935624785277
MATgk4zXLXtYkwBH678J1xZbRDZ45LicNzkRBHkxTuY,y8dALFo1bJrSzPYjMX14HJX448pXqYmrfXHD1K8MXih,GN7Yuet3UyiWS5YVkEHv6oQKi4HGBJc3XDPt9zQhAqZz,1236.6679450000001,1234.8442349999991,1239.639360547232,1.0024027594143161,0.4958557442188928,1.0,2634.386607,5442.304669,8083.021073220918
FrnkTEL6yZ5Aycq2TrEgu29dCrwKG4LPUZydfiwqspkc,DjvZuMZ46fxKBoBpGMPcRcos4xdTtHFxwMh69DpA2ZFY,9rvDPJLAng4uVVqnnSoEXgNDFhBZQTny9AoQioYDZbQX,162.71012471599693,135.71244665800018,34210.49112148908,210.25422469070028,13.684196448595635,174.88803667891816,171.859080589,1440.176714343,288003.7757874392
GokA1R67GqSavkd15zR62QD68Tuc5AEfvjssntVDEbM8,3YB7hfpBdbQEuZqLGWVDpRPmeZWCUsrrWyqGXegnQ6Cg,4DPCj6Z1DsG6HUtwSogBGqXEUxdEV5a8YVrrFtcnz7UW,13573.101465,13571.959665,13575.35497392567,1.000166027560575,1.3575354973925673,1.0,14862.5879,17563.442689,32428.49818821287
BSCuChvaSj9b5HUSqgDVRzcnr2sSn7cXaamt1jbKH6hn,GnKpRj5kBVPMJfiwZtEuD9GYApLzPdW5JFuZTcyX4BTc,3dmwD9okkomV9nDwyuh4UMhKdUR13QpuKxRo89ycZB5t,700.9983955550001,700.3034111860002,701.0125230603775,1.0000201534061517,0.280405009224151,0.9988243837003846,1455.574326867,1546.636766374,3000.4221766294595
YAkoNb6HKmSxQN9L8hiBE5tPJRsniSSMzND1boHmZxe,CfWX7o2TswwbxusJ4hCaPobu2jLCb1hfXuXJQjVq3jQF,EnTrdMMpdhugeH6Ban6gYZWXughWxKtVGfCwFn78ZmY3,5258045.604317994,5259492.170716009,5258045.604317994,1.0,525.8045604317994,0.9997570590346546,1092072.053404,397990.39297,1489965.7582037335
C98Sspw7XqnMsgxea3SLQVdbMDL8pKUc3RE82UvX9eq2,CSqgQJurPCzGxb4Cgwx5R61hWQUiaoUHcShNc8r1cKEL,6S2CR5EnukPhC914XkAns8m5GixjMAoUuZMsS5ubHuWc,22.879112999999847,22.883719999999812,0.0,0.0,0.0,1.0,892.861368,871.034118,871.034118
7dwD9TF6uikvHXxPFK9AsSim54yJoujQjY9vU6gNFumk,CquVr6atkvwueDYficKjn6SSEWq4F4rH4VSiBbW4GBWU,8BCa6ge3b7ho3TfZuM64Vk1hgbrJ3J7EPiAb9uP86CGd,4.328600000000002e-05,4.3464999999999476e-05,0.008958495711155883,206.9605810459705,3.5833982844623533e-06,207.66176384164294,0.003957448,0.003552023,1.5566550989252979
WiiQFxXqp8P9Fs1rt9SVcDyA3KUdJmUsog6wnVQAwba,3S2jpqSYxho6wiz3cafhjXruVY8cg4HYa2v3BqBHYFSj,Dfe67M6TfrG74gKRtdqys4e6E9QirPD53BkF4FujFjuv,5646.872918428999,5633.9644592839995,5654.873614574855,1.0014168365857403,0.5654873614574856,0.9996407660953736,7239.271678712,19585.624469413,26828.117192740818
SoN9GaFpSXfpyR5dth3x7PHPVhvJMpQqqDJfCSmPv1t,9kZ9iS68ViMPtoeqtnhAKuF2iqVyfHPdZHoUNdwCELr,BBhm5fJLjw3HRzjtKB8uMEYjGhY6EDm9co3cqpjrSzB9,0.22910813900000004,0.2245836980000001,48.11537430058252,210.01163254432666,0.01924614972023301,205.3539470363421,0.851760043,1.411445496,468.7254207967235
NorjjEePhxfwLF4vZjUHCrVVKLzQjEEGQFd3wgjEJmh,34M8pFVqgbV7aqHxvRT5tCv3vu2P1JJYT8J3VaxBK2oG,3AZWBSze3ucsY3xSeuLne3b2pauVqiaJ1SZSV5T9WGWw,135.48299300000008,237.68531300000905,76.77604026176269,0.5666839694171995,0.03071041610470508,1.0,38234.087171,2132.435082,23799.0793671055
SoNcU2iwHMw6dGzsYNQkYFkUjwN1UdAjrWVRnStrZu2,8ivTTid27jZnYNc4w3CTA1Z6QS2twsFb8WMwUabeDJgc,CyXm53PMvHCbeXJBykU46Rcbo28xk5srhMZFg7gv6EYB,0.4835549229999927,0.4790494900000031,100.42222865091315,207.6749173142317,0.040168891460365265,205.16839709112247,15.272680955,19.426149528,7157.3847148084915
