0,1,2,3,4,5,6,7,8,9,10,11
KysFMBBoavfov2tLpvefWW6tPFt6rAeZWDJVy1mMQae,B8ka2V21TH3x64dFV8ETcjuQcwmrciJ2qzy1mJUttRew,7fSf7EYxBANyxzk2s5pymFgshA91tFYQNKKs5UnLWcYS,18.726989999995567,14.671646000000237,0.0,0.0,0.0,0.021536304793501188,134146.107806,2885.425662,62.14140651582194
BSC8REUo9LpiiWUuqMuLXs2D2yJsJfGd4HdiF3wCLxk5,AZjEH1zWVx1UJ6udMyRijGTzPteuLnaY18yNNmprJEsh,Caf8ypkSVR8xYnXNhjvfvdGCC7mrM3C11rz8Xi6NA6aK,9904.077587611999,9935.271404591,9892.889491349773,0.9988703545420302,3.9571557965399093,1.0,3303.711850046,2912.361825536,6212.341652496155
MATgk4zXLXtYkwBH678J1xZbRDZ45LicNzkRBHkxTuY,y8dALFo1bJrSzPYjMX14HJX448pXqYmrfXHD1K8MXih,GN7Yuet3UyiWS5YVkEHv6oQKi4HGBJc3XDPt9zQhAqZz,3556.671526,3558.543786,3558.9029581547634,1.0006273933756467,1.4235611832619055,1.0,3900.72372,4175.787772,8078.958780222156
RoBgmK8CvjdHvPrqdDyVw54VwjZv2TqJ493xnqJAQHx,ExiHJxM7qPAcy27NDHAF6G7vnW7muNHi2sVJpnaNynGQ,6rkPHSqZb7StM4HwS9EuVrmfkV7tRdc7dnsFhyB6cefE,0.3459089999999989,18.726990000000114,0.0,0.0,0.0,0.9452501651824665,6229.727447,19.593076,18.52035832543262
SAMyS8Jr2HJrkFwYVKbpUwsNStnQmvz3f8Tup8bWUWF,6jPzm5TFfquvgm25sTyN3MMGBfufRaFHMxobDWv6hMFW,Cj9ECoDmxsHTDzCY5ZA6RWrPbg9uFzEC1Qc2kso2vJG6,1251.5096295100077,83.44851431000109,1256.2771258258892,1.0038093964308914,0.5025108503303558,0.022012515943673552,483.8014284,108809.31338407,2880.8111655216203
ALLwa5WNZbvQsRKAqe1jdRGemdYQnW8E5k4msbRFcYtu,CGoM82Hbz7QVqTgvQatYtjvDWBvoUJp5qm21P8iMs9yb,3dxNNww8TivyN5FMy5dCNdi3Zcxv6e4kUfSPxfFwpdNq,19.046942406000007,18.857671888000006,58756.03049634454,3084.801184563655,23.502412198537815,3077.0272224598375,1.575698885,7.116520057,26758.443731534062
GokA1R67GqSavkd15zR62QD68Tuc5AEfvjssntVDEbM8,3YB7hfpBdbQEuZqLGWVDpRPmeZWCUsrrWyqGXegnQ6Cg,4DPCj6Z1DsG6HUtwSogBGqXEUxdEV5a8YVrrFtcnz7UW,13293.461100999995,13291.056660999999,13296.732097095879,1.0002460605308905,1.329673209709588,1.0,12390.865624,20038.374432,32432.288958973637
wrmcMSHFi3sWpAEy4rGDvQb3ezh3PhXoV2xNjgLBkKU,8p4mGnARWPBu6P2Gcw4adodLkNDorrXniZMhaY7eJXUn,AyY89zccbsgp9LKFgH4CFZMJmpSgqmPSdTfukhP227rc,0.0077208399999971755,0.03781799999999691,2.782284684683667,360.36036036036035,0.0011129138738734667,3088.516894187411,27.00709229,0.10403152,10053.588616957904
MARpDPs5A7XiyCWPNH8GsMWPLxmwNn9SBmKvPa9LzgA,6YjT74rmcfCpw8LSjPNx5JTmZoYLGrTKnf9arfSgZ4SR,F8GSmi3vA8M8TsybLya1LQ4n1aFHCRbZ6k437PeTdXtg,12854.745594999975,13518.507611000376,12144.212037131485,0.9447259727843341,4.857684814852594,1.0,297299.628891,14951.529201,295818.2103134715
vEnkoSUkpnbRrPgBz9DfcVxNz67zjwMYBZraAvDDNSf,DtfyjjsZ5yCjWKLKHvwsfXs5QVsmm1QkK6Sh9JZHoq1g,e5wrKCRv4GhHvEf1VD5Pq2KGaZDXP77nTL612Jyrxwy,1497.5433990000001,1498.1361630000004,1496.4749159100402,0.9992865094322653,0.14964749159100404,0.9998030388013561,1227.743589,721.766849,1948.492294465931
BSCuChvaSj9b5HUSqgDVRzcnr2sSn7cXaamt1jbKH6hn,GnKpRj5kBVPMJfiwZtEuD9GYApLzPdW5JFuZTcyX4BTc,3dmwD9okkomV9nDwyuh4UMhKdUR13QpuKxRo89ycZB5t,940.9599091600002,943.338590007,935.826278760696,0.9945442623545068,0.37433051150427843,0.9988222217971899,2031.887528802,972.534214506,2992.1908684263744
C2ypsDADXcCRz8HbV2zX1AXPSja7a1P3xZtRC91xGhJh,J9bYNuDpY1d1T86gLaw7DGk5D3CsUAf2tzUwxMvb6FTv,A2NGvvPrMGzsJ4jb52KEnSBVmsA7C34dV1GC7PerdgvG,147.79128693600023,148.97863941800006,25188.22180712801,170.43103371875745,10.075288722851205,171.69613287082976,4333.501664301,2173.786946359,1111793.9806437055
heyk4SZTeCUV6a65WiVA5bzic3KcxgVf1qxobfeV4tQ,9ZDpBKPqMABtGfq66FbVribaArMvtk63xxy91onZAtDt,DaTP4s6N7xxSPinbNZ3FB52EpRDRt87QShTuN3VPCW52,36.712294617001135,31.712357847000362,7228.262495538217,196.88942276549702,2.8913049982152867,170.25713424213185,615.252689508,4486.108264924,884928.6839780523
B2izdXFYb2sNwbWWHmh75T4aQFtfXsUxem9u2p61HGzf,4DYwgJtxwuJdAjkj5RJSNH4e7U329V5cNp7d3a1nLrZv,EXNW64GEf1ACC6xY9BtKRiunrs6GoJSXBdxWN2eTPmrF,3658.0102970000135,3608.4578149999925,3700.8251430803093,1.0117044082996183,0.370082514308031,1.0,9335.569847,30412.879339,39857.71650719889
SAMGk1Nd4haC8zQA63DG37pzuEZy8j4q13tSFtCbcRE,9U9TnkHD3jXMAVZtynCVLgDruuqN4pTvLJTmVHCLWS8g,C6zoEbvqSknmi96QWq96UBiPCyNW3YSTvKhavR2BfifE,0.017952359999995338,0.00940900999999994,0.03059115818746138,1.7040187578384862,1.2236463274984553e-05,0.0,53.64828056,1.13503613,91.41767640002182
BUSD5rCfUDpCxKGMvYU2yThChxgHoioK74PTPociGnv2,CcFHbafgYDZ8yA8Me1PdtDiVb2eeaS61LbqyKKK5CsNZ,26R9s4nmF3CFDTkiePDwRmtscn8i7r2eygbSijditJ58,350.34338293,350.7313102,350.0289868939719,0.9991026060392556,0.03500289868939719,1.0,80.34389143,67.68113763,147.952928937048
JSoLLrxK5bYdHwTEWYaGgmeycBCNXKDiBCTw5hXGBg7,xG4wXczA7Dk4hccJ61CHKpDHW4NrNfQwgmWgkb9BuF2,BVR6WgfhsRr9Lob4QDnkEAiNGgAbv7ZieKcY9kSg3QYR,0.8336265829999547,0.707939786000015,166.3585957116043,199.56008973818115,0.06654343828464172,170.15426185379664,17.025471753,164.72395465,31426.08758397257
C98Sspw7XqnMsgxea3SLQVdbMDL8pKUc3RE82UvX9eq2,CSqgQJurPCzGxb4Cgwx5R61hWQUiaoUHcShNc8r1cKEL,6S2CR5EnukPhC914XkAns8m5GixjMAoUuZMsS5ubHuWc,61.59376599999939,61.57730099999969,0.0,0.0,0.0,1.0,867.609334,896.31848,896.31848
WiiQFxXqp8P9Fs1rt9SVcDyA3KUdJmUsog6wnVQAwba,3S2jpqSYxho6wiz3cafhjXruVY8cg4HYa2v3BqBHYFSj,Dfe67M6TfrG74gKRtdqys4e6E9QirPD53BkF4FujFjuv,25114.554685282,25129.788874822007,25086.34794685942,0.9988768768239753,2.508634794685942,1.0,18770.647282138,8056.036984449,26805.60251759545
ALBpShJ9NLpE739pcHDF2LNVk5J4VYPvvKuV6jMPitZi,D6d156U1bPiJpDYRLextvDRccgFk7QzkQbJg42ceKEu5,GNcM8U5g8RwTZffwwm3kSQqUNPSwv5d2fbN9sLxPJqt2,2001.3526209999982,2002.2446809999965,1999.5250550996368,0.9990868346331452,0.7998100220398547,0.9999220060835254,51335.786644,48980.552182,100265.64057846069
RajgMbScQbqqrdJfR2rxfHJiTiY5b6bJ2tTXiF4aPxy,725ZA3fhyBAKb5iopNRrcbSuQa3LXA1656Q3mBvYPxeg,GLA6i1dSZpUfk2f9Nj8uiG7xyDdAR2reff8oEiZH3617,11738.382424709984,11738.175926239986,11738.219732984486,0.999986140192097,4.695287893193794,1.0,86387.19024259,97561.05594986,183947.04888258796
YakoMPuYrybnr9R7VC7hVGxMz94fJvPFCdZ4gmW61Ed,,,0.020828999999999986,0.020782999999999996,0.0,0.0,0.0,1.0,86387.19024259,97561.05594986,97561.05594986
KEVpg4SYCVrqFxKijQH6hm4QxsRdoE51ud64bEEFUC9,2bPenuBYfqzD8p5dFjCcggwkHDsc2RQDnx9AoyYGUBjA,AE6n6iLuX8oYu61vt5hoDYkjswpnxFxrhSehxrnQTnbx,3572.2371883960004,3575.6773537770005,3570.227717857054,0.9994374756117892,1.4280910871428218,1.0,4977.90700164,2549.198246588,7524.305054137332
SoNcU2iwHMw6dGzsYNQkYFkUjwN1UdAjrWVRnStrZu2,8ivTTid27jZnYNc4w3CTA1Z6QS2twsFb8WMwUabeDJgc,CyXm53PMvHCbeXJBykU46Rcbo28xk5srhMZFg7gv6EYB,0.4564705450000037,0.4522946830000034,92.27047829310709,202.13895355089414,0.036908191317242836,199.67317494724637,15.290221386,19.408948267,6966.195673386288
MATSnbbiTCv7Dc3trJrkrqjx7ckKdr6fwPoVwv9q3sD,631WX9JizSHJm4w6VanZeJAst9T8DeUUnPLesdGkCVtK,211maUSfpnXbPuW1iBu8b4dtJv5EbN1j7JJiEX5TZKEP,1447.8286940000035,1447.2168980000024,1448.5848552944672,1.000522272626311,0.5794339421177869,0.998338764296211,21103.028236,24463.160016,45536.570711133856
daob129AwBGn9Y5r91uLoWZeYiGzbPmksauMhFZKTze,6VW5GQNyj4LStgmxEHLr5zUfW92vQnmbw8jTnCH7a38F,4VPCCUifPeBA1c7HWK358CHn2nyjm8pdTRk6Ps3KmnMQ,23.149936169999954,20.44236305900001,4363.764438633607,188.5000635245214,1.7455057754534429,169.48063844712348,48.199718413,224.25384866,47092.33542783595
BUSDgu5JdqP1rndBvXvanbEufS94FNh1w5FJcAj6vawb,Bgzr8cWubt89JQFXndVjtdKmDbGzuPxNhvjH1EhWCwbo,Dxaf8xPBBQsasRKW5Aa4Sw2YrbfGofY9xZueyyF23FBW,22543.102083679994,22597.985345990015,22505.443275338504,0.9983294753223535,9.002177310135401,1.0,8694.01221724,6430.50010089,15109.988756173341
STK75uPSyBnEhGTTzb1nwmP3n427XoXmfRhXxxhyady,6TYyD5fUmDe6N65avW1Ny2RxzRNobw2RRgKwH9CTzSAU,54zDfk4cx2vGrEajPtodWpArNe5eUurytyxd4X3aZAxK,540.0144362610001,610.5402321219992,91589.48388517633,169.60562113733798,9.158948388517635,191.55055191460525,1808.728764589,314.436893514,367001.12608200795
Sid7E679i9ABqptiAVhkmQ27YHN8vaYT4fppPwmxFsJ,GP7KB8o1bv527HG8kTzzzf4wJ5aEGHvcMQvVhLziUfmT,9gYxhAZ1M9wu5pxr8SBoa5NDm21gi3s9vMHaYTME77sa,181.2713730000014,559.8656450000126,1.310363216747249,0.007228737748608761,0.0005241452866988996,0.022003865154945387,135824.073067,8749.50579,1174.3595497247911
AUSejoEUCh2DBs9mof6BNC8Pubs22w4cJa1ccV9h44R,4xkyD7AfGQDwsQMy9MosRRNGoVJ1zosNinesxg1TzHG7,Cbm5gsQe3nSiCsFrvepVzMCD9xLK3ri9g3ypS2hdmVJ7,2436.517958999999,2440.6631180000004,2433.97931857073,0.9989580867155557,0.243397931857073,1.0,14859.633766,14018.903432,28863.05474817723
7oAd7xG4m3oC2qeWB1szghTebAZyyGPAFDJ4wwwbRSNi,D9yh4KAysxt9GLacVe4Wwh2XqghhcjTCSTV9HuM7TBJd,HDYfJLpZKaMFb84jM4mRytn7XLR8UFZUnQpSfhJJaNEy,98.41036429500673,2.243251999999984,98.41036429500673,1.0,0.039364145718002695,0.022861600325753482,957.467941799,300002.607269457,7816.007645877313
FrnkTEL6yZ5Aycq2TrEgu29dCrwKG4LPUZydfiwqspkc,DjvZuMZ46fxKBoBpGMPcRcos4xdTtHFxwMh69DpA2ZFY,9rvDPJLAng4uVVqnnSoEXgNDFhBZQTny9AoQioYDZbQX,11.612254257000131,9.657738726999838,2353.792063483725,202.69897742419872,0.94151682539349,169.31509335695617,171.401671326,1440.736566073,278681.38969400927
HEDSDjj84KS7LKhZY7ejkCACTdPen62rKhCby1wXtgxc,EnnjMSFttpCTywBrYNt1J5QQeoSVkvzPipJDa8Y7kJow,6bjVT6JN2rSvpyn9PdfLYC8wJn4LWh49jpY47fnLDXZk,0.5385050770019006,0.5560825190041214,0.4969710743042685,0.9228716599500406,0.00019878842972170742,0.9999627083907159,38827.907413701,9060.151548521,44892.98904815813
moFiBS1R4Lf3E3zzmBPnw3NF4RhWPkhREFviuzUaCAU,44ALBrpqi9PfZkBRTvbtRNtFJGsatfY4QydjtMbFWq8S,2ho8qEEie1UjVwWNBo9y4oAJZMyMLx8zPj9bxyUz6uWs,3231.463953268998,3230.261782575002,3231.770367112815,1.0000948219903574,1.292708146845126,0.9999597086234604,31367.10083433,33053.063956034,64421.80732785121
Lid8SLUxQ9RmF7XMqUA8c24RitTwzja8VSKngJxRcUa,4PgzyzLtds9bKZ2to9PMnKqJzKEUpjvNUaeN23phegax,AtymwxoVN9peZo7EXTcDz9jKVc4vRmisJKKrNfe3ewBa,39.84325408100267,33.62375488100088,7986.0476223410415,200.4366311573131,0.7986047622341043,168.01843094980148,959.778939649,7659.941561939,1479386.2197231462
AURHmCnNwiW4uA2Qj1XvEh4iKgRUZYXtiY7FKAapUV5Y,BKWm4TRnTeKwfWXRyuzjRHU7iZDkPuXBX5b5V5jSVfGJ,A5Ww74HVrkj9nPeC7pHKLfgeDMEhBCpW1efQdz3TGLEg,0.0020699409999451746,0.0018493229999307914,0.3910584118013787,188.92249190278199,0.0001564233647205515,168.0470612434071,290.129698054,1795.062352238,356466.9785736369
BSCNHw8CmxbZ8hCWWzMf5FaG2ajPT6JxfznKUNuRVrn4,7n9kgNL633yGzCYksgnzHyjG73ZLBAwvEae5sbAekbzW,SscdxE99omdG9AiMVwmaEMQySQnCgeAh1sPj2Leutm2,1252.529182157,1250.325209724001,1255.4296175229483,1.0023156629061156,0.5021718470091794,0.9987567126875615,4946.515019407,6759.143472705,11708.709396134418
Lee1XZJfJ9Hm2K1qTyeCz1LXNc1YBZaKZszvNY4KCDw,9DgFSWkPDGijNKcLGbr3p5xoJbHsPgXUTr6QvGBJ5vGN,2hNHZg7XBhuhHVZ3JDEi4buq2fPQwuWBdQ9xkH7t1GQX,1805.7360583979034,1522.0264481180102,362010.9698536515,200.47834132239524,36.201096985365155,168.53765940291825,6679.552540186,53928.320001946,10428058.44269184
DA1mL7dfBow33EH5yjUuZE6SH2KeUK5zEXzsyhE5r5j5,B4UtLRZND3D83CitRCBUyeiNr7H8m7YFRqBmiPmXjhW4,AAmpYbuixWiSqDaJBCqYEs1pb5SrbdPr9mgXrB58Q2e,1922.3264833929998,1888.335168318,1914.7188172786532,0.996042469278726,0.7658875269114613,0.9980915083052178,2019.922910104,988.301801988,2998.3446393396257
YAkoNb6HKmSxQN9L8hiBE5tPJRsniSSMzND1boHmZxe,CfWX7o2TswwbxusJ4hCaPobu2jLCb1hfXuXJQjVq3jQF,EnTrdMMpdhugeH6Ban6gYZWXughWxKtVGfCwFn78ZmY3,4638967.2222360065,4639765.661408996,4638967.2222360065,1.0,463.89672222360065,0.9957174193792497,901548.470247,592834.051665,1491843.6622910188
KEN5P7p3asnb23Sw6yAmJRGvijfAzso3RqfyLAQhznt,9zj4aX38Uxf3h6AUjS4EipWS8mwbEofasHAf3a1uKGds,CwQDG1MWunn9cLNwcZLd8YBacweSR7ARo32w4mLua1Yr,47091.74932800257,47096.29269699915,47012.298543464116,0.9983128512813346,4.701229854346412,1.0,1149338.173536,1097263.913347,2244662.9824562054
BUSDTd9WiT6uBHJRgNvFXBsA7JrifsAtWzKfioN7ERcy,DyBxrn7gSc1EwnpWhDyhzvMHPtxpmBqRqotapLcKcfTM,Cds99GeBgoCpqBsoRWu1C6fF9LiUMd4pXQQD24s9LPff,1785.05723348,1762.5870262600004,1784.1472470181307,0.999490220008187,0.17841472470181308,0.99800100398901,118.65644614,105.69880051,224.0834664872723
KwnjUuZhTMTSGAaavkLEmSyfobY16JNH4poL9oeeEvE,J63v6qEZmQpDqCD8bd4PXu2Pq5ZbyXrFcSa3Xt1HdAPQ,BnKQtTdLw9qPCDgZkWX3sURkBAoKCUYL1yahh6Mw7mRK,241.68152800001997,8372.273191000138,5.294913814802884,0.02190864092353159,0.0005294913814802883,1.0,276721.613062,592.642549,6655.237005355808
SEQV6QiTpvTzrceiaYg9Avnwf7oc8ZALpnQMz6TyT4A,3dFMPj4r9mMmPHF32mz1gNDX7f8ftidWof7S8YiYTs1j,Fc1ED3YPeQfXQosHbd8DTaBd2AV5gHQtwiSAL5C5pUhi,1289.290913447,1289.4781897920002,1287.0598543941612,0.9982695456629923,0.5148239417576644,0.9987323320218083,3296.746873743,2250.758205776,5538.946995489201
Cob4usZcpHEY7Qt4ZCwj6WVg9S44zvzYV2v9qYF65dTf,NhFM9UXE48PyNAyeyPYA3iXztqKVJwA4bTdLj4ysM8w,6TuFuynuBoeskxyR2cz4wxyidk8dpDK7kAWw3UkjQGx,137.68253300000075,426.3096119999973,0.9931170350087204,0.007213093871600365,0.0003972468140034882,1.0,73987.091554,163.600394,697.2762306656925
SoN9GaFpSXfpyR5dth3x7PHPVhvJMpQqqDJfCSmPv1t,9kZ9iS68ViMPtoeqtnhAKuF2iqVyfHPdZHoUNdwCELr,BBhm5fJLjw3HRzjtKB8uMEYjGhY6EDm9co3cqpjrSzB9,0.04353534800000025,0.04264281499999989,8.861343823701937,203.54365431285598,0.003544537529480775,196.46508235914484,0.855380629,1.407801479,450.6911325721502
ercAoEmXjQzEvAFbdjAo81KtMxRGn9AW1ju882upmPH,CMRhskR2Eg6V42RTSdRTXGdozyPbWB8U9dVpijPWb9T4,7TKLLgrWswt6ZJ1pXhVR3FyufHGjJFqiEXxvWJfDcgRm,4.764027970999912,4.132811439000008,805.8184982296982,169.14646663179994,0.3223273992918793,148.07362872344095,36.309657072,320.546389312,53606.11723796579
parEAJhzYzHW87y9VoZAQ22dzQ2MD2ekEtTReaxbMcz,3oyc6hpjYSJEquK6dSvG72NXyz3pqLZz5D8AC71pwgQb,Di2vordgFJVZ1aj1aBpvzXtLfZgJsuLLXawGtVFwX6Rz,2.912478462000138,3.3880592340000533,481.9292107356152,165.47048056267906,0.19277168429424607,195.6699033077606,1104.21823219,139.168304623,209946.57023563862
KZMu9QBEdL97EFgamLbN5DE1AoKBG4HdrKKJo4Vuon3,DD4ACBWyVqdaKWh7v5btsgqQCCMwbKnuL2xd9pv7Gyuw,GcYqiJ1MAuYbNTNYXm1F1gQYTfTgkErACAhNU5dpVj9T,1049.2649875700001,1037.54613994,1053.2620538687086,1.0038093964308914,0.42130482154748344,1.0,1412.54307422,1675.68436957,3093.608380335414
