0,1,2,3,4,5,6,7,8,9,10,11
ALLwa5WNZbvQsRKAqe1jdRGemdYQnW8E5k4msbRFcYtu,CGoM82Hbz7QVqTgvQatYtjvDWBvoUJp5qm21P8iMs9yb,3dxNNww8TivyN5FMy5dCNdi3Zcxv6e4kUfSPxfFwpdNq,5.453845412000004,5.399912139000001,16793.98125327176,3079.2917628945343,6.717592501308704,3058.609066940718,1.256919065,7.431991916,26601.97838318732
Lid8SLUxQ9RmF7XMqUA8c24RitTwzja8VSKngJxRcUa,4PgzyzLtds9bKZ2to9PMnKqJzKEUpjvNUaeN23phegax,AtymwxoVN9peZo7EXTcDz9jKVc4vRmisJKKrNfe3ewBa,40.93932996699641,34.557272075001265,8151.812158584295,199.11933500513925,0.8151812158584294,167.36281228436346,959.938283868,7659.75076356,1473099.7019164728
daob129AwBGn9Y5r91uLoWZeYiGzbPmksauMhFZKTze,6VW5GQNyj4LStgmxEHLr5zUfW92vQnmbw8jTnCH7a38F,4VPCCUifPeBA1c7HWK358CHn2nyjm8pdTRk6Ps3KmnMQ,22.793354816999795,20.14818361200001,4368.693938778248,191.6652451494318,1.7474775755112995,167.82792401557174,44.276427603,228.682763129,46865.60574495487
BkMBnJpvHKtWhUvrgRrLesXfi9RUV3ELgdBaJcdH7hcY,5uerVwBnZQsuVhZ15igs7ZgmcqhHnYWbwoRtLyRqLvR,9YWiQh5d4jCtgMdzcGLv9bWgnLaFtzvDDh2nnhJdzhBX,1.4684738939999988,1.4598249719999785,1.4782140786437932,1.0066328619688723,0.0005912856314575173,0.9999081704334438,918.704587353,1955.76814113,2880.386771860398
C98Sspw7XqnMsgxea3SLQVdbMDL8pKUc3RE82UvX9eq2,CSqgQJurPCzGxb4Cgwx5R61hWQUiaoUHcShNc8r1cKEL,6S2CR5EnukPhC914XkAns8m5GixjMAoUuZMsS5ubHuWc,46.49424999999974,46.48705099999984,0.0,0.0,0.0,1.0,875.14804,888.766422,888.766422
KwnjUuZhTMTSGAaavkLEmSyfobY16JNH4poL9oeeEvE,J63v6qEZmQpDqCD8bd4PXu2Pq5ZbyXrFcSa3Xt1HdAPQ,BnKQtTdLw9qPCDgZkWX3sURkBAoKCUYL1yahh6Mw7mRK,227.5329160000091,8715.0223510002,5.014277074606235,0.0220375898254916,0.0005014277074606235,1.0,276680.158761,593.551008,6690.914859626815
BUSD5rCfUDpCxKGMvYU2yThChxgHoioK74PTPociGnv2,CcFHbafgYDZ8yA8Me1PdtDiVb2eeaS61LbqyKKK5CsNZ,26R9s4nmF3CFDTkiePDwRmtscn8i7r2eygbSijditJ58,328.76650094,329.17033883,327.55830214254723,0.9963250550345052,0.032755830214254725,1.0,58.78292006,89.25801962,147.82491568386843
MARpDPs5A7XiyCWPNH8GsMWPLxmwNn9SBmKvPa9LzgA,6YjT74rmcfCpw8LSjPNx5JTmZoYLGrTKnf9arfSgZ4SR,F8GSmi3vA8M8TsybLya1LQ4n1aFHCRbZ6k437PeTdXtg,13984.741205000006,14693.215022000135,13274.918061341989,0.9492430261487976,5.309967224536796,1.0,296944.91871,15286.350919,297159.2441547891
JSoLLrxK5bYdHwTEWYaGgmeycBCNXKDiBCTw5hXGBg7,xG4wXczA7Dk4hccJ61CHKpDHW4NrNfQwgmWgkb9BuF2,BVR6WgfhsRr9Lob4QDnkEAiNGgAbv7ZieKcY9kSg3QYR,0.7073712469999975,0.6006718870000114,139.47504204237254,197.17375088950007,0.05579001681694901,167.6303174851161,16.985835584,164.770531266,30969.697382400453
7oAd7xG4m3oC2qeWB1szghTebAZyyGPAFDJ4wwwbRSNi,D9yh4KAysxt9GLacVe4Wwh2XqghhcjTCSTV9HuM7TBJd,HDYfJLpZKaMFb84jM4mRytn7XLR8UFZUnQpSfhJJaNEy,76.07777675200487,1.7333869999999933,76.07086662662223,0.9999091702507927,0.030428346650648898,0.022838497003914847,956.958076799,300024.939857,7808.989846560709
FrnkTEL6yZ5Aycq2TrEgu29dCrwKG4LPUZydfiwqspkc,DjvZuMZ46fxKBoBpGMPcRcos4xdTtHFxwMh69DpA2ZFY,9rvDPJLAng4uVVqnnSoEXgNDFhBZQTny9AoQioYDZbQX,14.822880935000654,12.358656803999992,3000.4775003877708,202.42201995314335,1.2001910001551084,167.88430353952154,171.28848841,1440.871318334,276572.23958724865
BSC8REUo9LpiiWUuqMuLXs2D2yJsJfGd4HdiF3wCLxk5,AZjEH1zWVx1UJ6udMyRijGTzPteuLnaY18yNNmprJEsh,Caf8ypkSVR8xYnXNhjvfvdGCC7mrM3C11rz8Xi6NA6aK,5101.714781076002,5112.511290542999,5095.718989953695,0.9988247498381236,2.0382875959814784,0.999908168433811,3438.460799537,2775.286601313,6209.451490323517
B2izdXFYb2sNwbWWHmh75T4aQFtfXsUxem9u2p61HGzf,4DYwgJtxwuJdAjkj5RJSNH4e7U329V5cNp7d3a1nLrZv,EXNW64GEf1ACC6xY9BtKRiunrs6GoJSXBdxWN2eTPmrF,3068.0404870000057,3026.6354439999886,3106.785205295243,1.012628489897512,0.3106785205295243,1.0,9436.689896,30310.261235,39866.12227401759
Sid7E679i9ABqptiAVhkmQ27YHN8vaYT4fppPwmxFsJ,GP7KB8o1bv527HG8kTzzzf4wJ5aEGHvcMQvVhLziUfmT,9gYxhAZ1M9wu5pxr8SBoa5NDm21gi3s9vMHaYTME77sa,361.65011400000185,880.2078740000161,2.6215695615087355,0.0072489111990400815,0.0010486278246034943,0.0220375898254916,135838.476765,8744.790218,1177.3951554166097
KZMu9QBEdL97EFgamLbN5DE1AoKBG4HdrKKJo4Vuon3,DD4ACBWyVqdaKWh7v5btsgqQCCMwbKnuL2xd9pv7Gyuw,GcYqiJ1MAuYbNTNYXm1F1gQYTfTgkErACAhNU5dpVj9T,1035.07903425,1047.2736172200002,1034.3431404792746,0.9992890458154642,0.41373725619170987,1.0,1409.0776474,1679.16032907,3087.236186820245
C2ypsDADXcCRz8HbV2zX1AXPSja7a1P3xZtRC91xGhJh,J9bYNuDpY1d1T86gLaw7DGk5D3CsUAf2tzUwxMvb6FTv,A2NGvvPrMGzsJ4jb52KEnSBVmsA7C34dV1GC7PerdgvG,305.3058440040004,307.738670936003,51377.2030947568,168.28109944100385,20.55088123790272,169.43647292905,4333.852435363,2172.313716616,1097374.6268767687
YAkoNb6HKmSxQN9L8hiBE5tPJRsniSSMzND1boHmZxe,CfWX7o2TswwbxusJ4hCaPobu2jLCb1hfXuXJQjVq3jQF,EnTrdMMpdhugeH6Ban6gYZWXughWxKtVGfCwFn78ZmY3,5728512.421216986,5729529.562677014,5728512.421216986,1.0,572.8512421216986,0.9989600825540611,1036308.189377,455705.218964,1491539.512533594
BSCNHw8CmxbZ8hCWWzMf5FaG2ajPT6JxfznKUNuRVrn4,7n9kgNL633yGzCYksgnzHyjG73ZLBAwvEae5sbAekbzW,SscdxE99omdG9AiMVwmaEMQySQnCgeAh1sPj2Leutm2,648.7554346479992,647.3751512429999,650.4309591081428,1.00258267502769,0.2601723836432572,0.9999081694336274,4904.489970821,6800.851007805,11717.383156397333
WiiQFxXqp8P9Fs1rt9SVcDyA3KUdJmUsog6wnVQAwba,3S2jpqSYxho6wiz3cafhjXruVY8cg4HYa2v3BqBHYFSj,Dfe67M6TfrG74gKRtdqys4e6E9QirPD53BkF4FujFjuv,20189.291805659002,20174.100802998004,20165.43657815752,0.998818421778678,2.016543657815752,0.9999171098713431,18872.589607041,7954.201434449,26803.83227585011
DA1mL7dfBow33EH5yjUuZE6SH2KeUK5zEXzsyhE5r5j5,B4UtLRZND3D83CitRCBUyeiNr7H8m7YFRqBmiPmXjhW4,AAmpYbuixWiSqDaJBCqYEs1pb5SrbdPr9mgXrB58Q2e,1920.6596722779998,1886.6604022059998,1912.924132284145,0.995972456700421,0.765169652913658,1.0,2018.248143992,989.968613103,3000.0881753057774
KEVpg4SYCVrqFxKijQH6hm4QxsRdoE51ud64bEEFUC9,2bPenuBYfqzD8p5dFjCcggwkHDsc2RQDnx9AoyYGUBjA,AE6n6iLuX8oYu61vt5hoDYkjswpnxFxrhSehxrnQTnbx,2263.0183037389993,2264.1881563929996,2261.7453007521785,0.9994374756117892,0.9046981203008715,0.9999101580722972,4977.90700164,2549.198246588,7524.076029252762
AUSejoEUCh2DBs9mof6BNC8Pubs22w4cJa1ccV9h44R,4xkyD7AfGQDwsQMy9MosRRNGoVJ1zosNinesxg1TzHG7,Cbm5gsQe3nSiCsFrvepVzMCD9xLK3ri9g3ypS2hdmVJ7,1156.196903,1156.5528209999993,1154.992246087331,0.9989580867155557,0.1154992246087331,1.0,14859.633766,14018.903432,28863.05474817723
Lee1XZJfJ9Hm2K1qTyeCz1LXNc1YBZaKZszvNY4KCDw,9DgFSWkPDGijNKcLGbr3p5xoJbHsPgXUTr6QvGBJ5vGN,2hNHZg7XBhuhHVZ3JDEi4buq2fPQwuWBdQ9xkH7t1GQX,1018.3613637420003,856.7336942419943,203670.23604603962,199.9980000199998,20.36702360460396,168.31789325245546,6679.761085396,53927.256815131,10412861.113697594
BUSDTd9WiT6uBHJRgNvFXBsA7JrifsAtWzKfioN7ERcy,DyBxrn7gSc1EwnpWhDyhzvMHPtxpmBqRqotapLcKcfTM,Cds99GeBgoCpqBsoRWu1C6fF9LiUMd4pXQQD24s9LPff,1524.8306657100002,1506.7922941600002,1524.2936570546196,0.9996478240715795,0.15242936570546198,0.9999000099990001,117.33288901,107.01097229,224.29183945365236
AURHmCnNwiW4uA2Qj1XvEh4iKgRUZYXtiY7FKAapUV5Y,BKWm4TRnTeKwfWXRyuzjRHU7iZDkPuXBX5b5V5jSVfGJ,A5Ww74HVrkj9nPeC7pHKLfgeDMEhBCpW1efQdz3TGLEg,0.0012803229999462928,0.0011440249999736807,0.23150284286934922,180.81596821978542,9.26011371477397e-05,167.33483466146993,290.130403352,1795.06156262,352836.5395802663
MATgk4zXLXtYkwBH678J1xZbRDZ45LicNzkRBHkxTuY,y8dALFo1bJrSzPYjMX14HJX448pXqYmrfXHD1K8MXih,GN7Yuet3UyiWS5YVkEHv6oQKi4HGBJc3XDPt9zQhAqZz,3556.671526,3558.543786,3558.9029581547634,1.0006273933756467,1.4235611832619055,1.0,3900.72372,4175.787772,8078.958780222156
GokA1R67GqSavkd15zR62QD68Tuc5AEfvjssntVDEbM8,3YB7hfpBdbQEuZqLGWVDpRPmeZWCUsrrWyqGXegnQ6Cg,4DPCj6Z1DsG6HUtwSogBGqXEUxdEV5a8YVrrFtcnz7UW,11849.915136999996,11848.187657999999,11851.71659792288,1.0001520231075123,1.1851716597922881,1.0,14238.635521,18189.560753,32430.360875618637
MATSnbbiTCv7Dc3trJrkrqjx7ckKdr6fwPoVwv9q3sD,631WX9JizSHJm4w6VanZeJAst9T8DeUUnPLesdGkCVtK,211maUSfpnXbPuW1iBu8b4dtJv5EbN1j7JJiEX5TZKEP,417.65387199999896,417.305809999998,417.6835275304536,1.000071005041358,0.16707341101218146,0.9978396770990805,20112.885712,25453.53077,45512.856752850115
moFiBS1R4Lf3E3zzmBPnw3NF4RhWPkhREFviuzUaCAU,44ALBrpqi9PfZkBRTvbtRNtFJGsatfY4QydjtMbFWq8S,2ho8qEEie1UjVwWNBo9y4oAJZMyMLx8zPj9bxyUz6uWs,3231.463953268998,3230.261782575002,3231.7676069215763,1.0000939678291232,1.2927070427686307,0.9999091912469785,31367.10083433,33053.063956034,64420.1107812139
ALBpShJ9NLpE739pcHDF2LNVk5J4VYPvvKuV6jMPitZi,D6d156U1bPiJpDYRLextvDRccgFk7QzkQbJg42ceKEu5,GNcM8U5g8RwTZffwwm3kSQqUNPSwv5d2fbN9sLxPJqt2,829.4552419999964,829.6950849999994,828.461088693564,0.998801438274071,0.3313844354774256,0.977850703710259,50163.237048,50152.449561,99144.72140804268
RajgMbScQbqqrdJfR2rxfHJiTiY5b6bJ2tTXiF4aPxy,725ZA3fhyBAKb5iopNRrcbSuQa3LXA1656Q3mBvYPxeg,GLA6i1dSZpUfk2f9Nj8uiG7xyDdAR2reff8oEiZH3617,7754.795278999998,7753.872719879975,7759.49877677853,1.000606527652802,3.1037995107114122,1.0,84933.38152052,99013.39473333,183998.29069838818
BkwbeSfcX1h4thMDd7obGkHrPevf3QwgzJ4pCEqG18Lu,35yX27bmurdebhfAb8EPmjLETDiUaEUCn9zHaDPbakH2,2CxECn1ZJFoESyUnQysQU8rRgT3iJ5GRs2Mdd6gZjx5g,0.1630987200000007,0.10615536000000003,327.74439353749835,2009.4847681054575,0.13109775741499932,1360.544217687075,0.92007253,21.91098061,31659.729707376366
KysFMBBoavfov2tLpvefWW6tPFt6rAeZWDJVy1mMQae,B8ka2V21TH3x64dFV8ETcjuQcwmrciJ2qzy1mJUttRew,7fSf7EYxBANyxzk2s5pymFgshA91tFYQNKKs5UnLWcYS,18.726989999995567,14.671646000000237,0.0,0.0,0.0,0.022050634961264092,134146.107806,2885.425662,63.62546798062579
heyk4SZTeCUV6a65WiVA5bzic3KcxgVf1qxobfeV4tQ,9ZDpBKPqMABtGfq66FbVribaArMvtk63xxy91onZAtDt,DaTP4s6N7xxSPinbNZ3FB52EpRDRt87QShTuN3VPCW52,25.898862933001283,22.440732330000174,4978.737154775026,192.23767343202303,1.991494861910011,167.43104519834552,612.996741465,4488.7169394,869391.6361639035
Cob4usZcpHEY7Qt4ZCwj6WVg9S44zvzYV2v9qYF65dTf,NhFM9UXE48PyNAyeyPYA3iXztqKVJwA4bTdLj4ysM8w,6TuFuynuBoeskxyR2cz4wxyidk8dpDK7kAWw3UkjQGx,6.932090999999986,938.4553249999881,0.05036354819093658,0.00726527510832398,2.0145419276374634e-05,1.0,73972.687856,163.704769,701.1366967760164
BUSDgu5JdqP1rndBvXvanbEufS94FNh1w5FJcAj6vawb,Bgzr8cWubt89JQFXndVjtdKmDbGzuPxNhvjH1EhWCwbo,Dxaf8xPBBQsasRKW5Aa4Sw2YrbfGofY9xZueyyF23FBW,22382.38225108,22438.812168380016,22338.418679429575,0.9980357956915733,8.93536747177183,1.0,8831.72855584,6292.7870206,15107.168257159763
BSCuChvaSj9b5HUSqgDVRzcnr2sSn7cXaamt1jbKH6hn,GnKpRj5kBVPMJfiwZtEuD9GYApLzPdW5JFuZTcyX4BTc,3dmwD9okkomV9nDwyuh4UMhKdUR13QpuKxRo89ycZB5t,1273.169524383,1274.109327911,1273.095754849485,0.9999420583574284,0.509238301939794,0.9957630283145218,1554.312931455,1448.411554736,2996.497548000345
SAMyS8Jr2HJrkFwYVKbpUwsNStnQmvz3f8Tup8bWUWF,6jPzm5TFfquvgm25sTyN3MMGBfufRaFHMxobDWv6hMFW,Cj9ECoDmxsHTDzCY5ZA6RWrPbg9uFzEC1Qc2kso2vJG6,1148.731021210004,78.88174299999855,1147.9143260835685,0.9992890458154642,0.4591657304334275,0.022110771649347483,487.26685522,108651.81756107,2889.295958189677
parEAJhzYzHW87y9VoZAQ22dzQ2MD2ekEtTReaxbMcz,3oyc6hpjYSJEquK6dSvG72NXyz3pqLZz5D8AC71pwgQb,Di2vordgFJVZ1aj1aBpvzXtLfZgJsuLLXawGtVFwX6Rz,3.295616531999997,3.894932479999852,535.0750405046651,162.35961778597658,0.21403001620186607,193.397561952975,1104.647285235,138.805670646,206194.78930725527
SoN9GaFpSXfpyR5dth3x7PHPVhvJMpQqqDJfCSmPv1t,9kZ9iS68ViMPtoeqtnhAKuF2iqVyfHPdZHoUNdwCELr,BBhm5fJLjw3HRzjtKB8uMEYjGhY6EDm9co3cqpjrSzB9,0.07208201000000025,0.07097995800000012,14.54747768342323,201.81842436723363,0.005818991073369292,194.06163630442992,0.865950496,1.397003751,445.8695985252308
STK75uPSyBnEhGTTzb1nwmP3n427XoXmfRhXxxhyady,6TYyD5fUmDe6N65avW1Ny2RxzRNobw2RRgKwH9CTzSAU,54zDfk4cx2vGrEajPtodWpArNe5eUurytyxd4X3aZAxK,294.36131402300026,332.47508110399485,49241.8805080075,167.28380450210904,4.92418805080075,189.3564984499277,1808.044722837,315.023372233,362108.3226420637
ercAoEmXjQzEvAFbdjAo81KtMxRGn9AW1ju882upmPH,CMRhskR2Eg6V42RTSdRTXGdozyPbWB8U9dVpijPWb9T4,7TKLLgrWswt6ZJ1pXhVR3FyufHGjJFqiEXxvWJfDcgRm,0.7583911769999716,0.6680433700000066,127.3124418639154,167.87173390852905,0.050924976745566154,146.73680098806693,36.318289559,320.536529255,53131.31914355799
SoNcU2iwHMw6dGzsYNQkYFkUjwN1UdAjrWVRnStrZu2,8ivTTid27jZnYNc4w3CTA1Z6QS2twsFb8WMwUabeDJgc,CyXm53PMvHCbeXJBykU46Rcbo28xk5srhMZFg7gv6EYB,0.5305845420000068,0.5256036270000024,105.06909632994139,198.02517414828878,0.04202763853197656,185.6379354833919,15.293487319,19.405635227,6630.917549963685
SAMGk1Nd4haC8zQA63DG37pzuEZy8j4q13tSFtCbcRE,9U9TnkHD3jXMAVZtynCVLgDruuqN4pTvLJTmVHCLWS8g,C6zoEbvqSknmi96QWq96UBiPCyNW3YSTvKhavR2BfifE,0.017952359999995338,0.00940900999999994,0.030369512003253663,1.6916724042555713,1.2147804801301464e-05,0.0,53.64828056,1.13503613,90.75531575911263
SEQV6QiTpvTzrceiaYg9Avnwf7oc8ZALpnQMz6TyT4A,3dFMPj4r9mMmPHF32mz1gNDX7f8ftidWof7S8YiYTs1j,Fc1ED3YPeQfXQosHbd8DTaBd2AV5gHQtwiSAL5C5pUhi,674.8374648160002,674.6797144730003,673.7806694822667,0.9984340002017795,0.2695122677929067,0.9972714652710184,2681.948398424,2865.211654407,5535.142292675298
RoBgmK8CvjdHvPrqdDyVw54VwjZv2TqJ493xnqJAQHx,ExiHJxM7qPAcy27NDHAF6G7vnW7muNHi2sVJpnaNynGQ,6rkPHSqZb7StM4HwS9EuVrmfkV7tRdc7dnsFhyB6cefE,0.3459089999999989,18.726990000000114,0.0,0.0,0.0,0.9425505984725026,6229.727447,19.593076,18.467465509717226
HEDSDjj84KS7LKhZY7ejkCACTdPen62rKhCby1wXtgxc,EnnjMSFttpCTywBrYNt1J5QQeoSVkvzPipJDa8Y7kJow,6bjVT6JN2rSvpyn9PdfLYC8wJn4LWh49jpY47fnLDXZk,8.424372433004464,8.197380519004582,8.154694208352513,0.9679883306683565,0.003261877683341005,0.9999025854905111,38827.907413701,9060.151548521,46644.23023903594
wrmcMSHFi3sWpAEy4rGDvQb3ezh3PhXoV2xNjgLBkKU,8p4mGnARWPBu6P2Gcw4adodLkNDorrXniZMhaY7eJXUn,AyY89zccbsgp9LKFgH4CFZMJmpSgqmPSdTfukhP227rc,0.004657330000000015,0.038759339999995035,1.674696152463148,359.5828838547285,0.0006698784609852592,3057.91694697572,27.00684393,0.10406005,10029.40581456211
KEN5P7p3asnb23Sw6yAmJRGvijfAzso3RqfyLAQhznt,9zj4aX38Uxf3h6AUjS4EipWS8mwbEofasHAf3a1uKGds,CwQDG1MWunn9cLNwcZLd8YBacweSR7ARo32w4mLua1Yr,46919.77344800276,46924.37151899887,46911.282505869196,0.9998190327550713,4.69112825058692,1.0,1144119.237792,1094631.39352,2238543.583205667
vEnkoSUkpnbRrPgBz9DfcVxNz67zjwMYBZraAvDDNSf,DtfyjjsZ5yCjWKLKHvwsfXs5QVsmm1QkK6Sh9JZHoq1g,e5wrKCRv4GhHvEf1VD5Pq2KGaZDXP77nTL612Jyrxwy,1958.4495029999996,1959.9296490000002,1956.3307967471226,0.9989181716201354,0.19563307967471225,0.9996611148820549,1211.322552,738.120612,1947.882582795421
