0,1,2,3,4,5,6,7,8,9,10,11
WiiQFxXqp8P9Fs1rt9SVcDyA3KUdJmUsog6wnVQAwba,3S2jpqSYxho6wiz3cafhjXruVY8cg4HYa2v3BqBHYFSj,Dfe67M6TfrG74gKRtdqys4e6E9QirPD53BkF4FujFjuv,6710.546732178998,6713.823922247997,6706.827668806919,0.999445788320906,0.670682766880692,1.0,17151.60323906,9674.328247173,26816.42586740273
daob129AwBGn9Y5r91uLoWZeYiGzbPmksauMhFZKTze,6VW5GQNyj4LStgmxEHLr5zUfW92vQnmbw8jTnCH7a38F,4VPCCUifPeBA1c7HWK358CHn2nyjm8pdTRk6Ps3KmnMQ,13.87516412799988,12.357828226000017,2807.0812724879715,202.3097706515285,1.1228325089951885,180.7446571427487,48.021205486,224.456800127,50284.52645059567
C2ypsDADXcCRz8HbV2zX1AXPSja7a1P3xZtRC91xGhJh,J9bYNuDpY1d1T86gLaw7DGk5D3CsUAf2tzUwxMvb6FTv,A2NGvvPrMGzsJ4jb52KEnSBVmsA7C34dV1GC7PerdgvG,9.326876889999312,9.39176602399857,1685.783165695552,180.7446571427487,0.6743132662782207,182.14796899550132,4196.374987383,2125.97921748,1145715.154927574
TETFuZgEmET6d9vYmz9iMFCxK1jKdKYxf3oPz8hSzJK,Eu1Ze6Z84LWNkq7SNoAHBJbXx5t1P95EwyqYohrfCRFV,ASMbv7WNu3qe4pkhREmvyEdwFNDZQ6B6iSrjkj4u8bdC,6.275800535000002,6.2493268959999995,6.289497412516139,1.002182490893353,0.002515798965006456,0.9987944550927031,43.736788578,207.87222992,251.4538743326275
YakoMPuYrybnr9R7VC7hVGxMz94fJvPFCdZ4gmW61Ed,,,0.020828999999999986,0.020782999999999996,0.0,0.0,0.0,0.9987944550927031,43.736788578,207.87222992,207.6216306118515
KEVpg4SYCVrqFxKijQH6hm4QxsRdoE51ud64bEEFUC9,2bPenuBYfqzD8p5dFjCcggwkHDsc2RQDnx9AoyYGUBjA,AE6n6iLuX8oYu61vt5hoDYkjswpnxFxrhSehxrnQTnbx,403.67697634700016,404.045022153,403.10376400389794,0.9985800222041658,0.16124150560155917,1.0,5202.475380095,2324.997913939,7520.085894510891
HEDSDjj84KS7LKhZY7ejkCACTdPen62rKhCby1wXtgxc,EnnjMSFttpCTywBrYNt1J5QQeoSVkvzPipJDa8Y7kJow,6bjVT6JN2rSvpyn9PdfLYC8wJn4LWh49jpY47fnLDXZk,4.58990451200043,4.736918554001022,4.422887151068348,0.963612018399204,0.0017691548604273392,1.0,38823.889376623,9064.045406757,46475.211811072106
MATgk4zXLXtYkwBH678J1xZbRDZ45LicNzkRBHkxTuY,y8dALFo1bJrSzPYjMX14HJX448pXqYmrfXHD1K8MXih,GN7Yuet3UyiWS5YVkEHv6oQKi4HGBJc3XDPt9zQhAqZz,1330.9197760000006,1329.3523169999999,1334.2366884073815,1.0024921955982573,0.5336946753629527,1.0,2947.487467,5130.597526,8085.4307082911755
oKQqupM9E7SSLAFDLxr7mdsXP7znck9qRbVWc6Yyj7Q,CMR2J7CwfW98RpvnJmFBgRFTLAd3x8CJ1SWs8Bt3uunG,FmRb5jHfSNj1YWP3b45d9vvYuhwjp4om8bALmtqZpr1v,376.63712561999955,371.5016343799998,381.2558032983611,1.0122629378895098,0.15250232131934444,1.0,2176.16186001,3720.4519216,5923.299919336823
BSCNHw8CmxbZ8hCWWzMf5FaG2ajPT6JxfznKUNuRVrn4,7n9kgNL633yGzCYksgnzHyjG73ZLBAwvEae5sbAekbzW,SscdxE99omdG9AiMVwmaEMQySQnCgeAh1sPj2Leutm2,857.7074243699999,856.6206766270006,859.7641461420519,1.0023979293097092,0.34390565845682075,1.0,5007.749994307,6697.869297467,11717.627522261046
C98Sspw7XqnMsgxea3SLQVdbMDL8pKUc3RE82UvX9eq2,CSqgQJurPCzGxb4Cgwx5R61hWQUiaoUHcShNc8r1cKEL,6S2CR5EnukPhC914XkAns8m5GixjMAoUuZMsS5ubHuWc,113.46615500000007,113.40012299999978,0.0,0.0,0.0,1.0,853.023189,910.947577,910.947577
Lee1XZJfJ9Hm2K1qTyeCz1LXNc1YBZaKZszvNY4KCDw,9DgFSWkPDGijNKcLGbr3p5xoJbHsPgXUTr6QvGBJ5vGN,2hNHZg7XBhuhHVZ3JDEi4buq2fPQwuWBdQ9xkH7t1GQX,889.8109429918914,748.5298925099969,188001.34776840228,211.28235076123974,18.80013477684023,180.90778804409373,6672.485703592,53933.777446527,11166818.843589311
Lid8SLUxQ9RmF7XMqUA8c24RitTwzja8VSKngJxRcUa,4PgzyzLtds9bKZ2to9PMnKqJzKEUpjvNUaeN23phegax,AtymwxoVN9peZo7EXTcDz9jKVc4vRmisJKKrNfe3ewBa,54.35481787100343,45.867951145999655,11668.59112394175,214.67445906329806,1.166859112394175,180.91079903596253,959.487090028,7660.291121656,1591806.7596968552
KZMu9QBEdL97EFgamLbN5DE1AoKBG4HdrKKJo4Vuon3,DD4ACBWyVqdaKWh7v5btsgqQCCMwbKnuL2xd9pv7Gyuw,GcYqiJ1MAuYbNTNYXm1F1gQYTfTgkErACAhNU5dpVj9T,47.57516005000025,47.394011309999996,47.78073618964885,1.0043210814095538,0.01911229447585954,1.0,1383.50713815,1704.84781702,3094.333202144645
BSC8REUo9LpiiWUuqMuLXs2D2yJsJfGd4HdiF3wCLxk5,AZjEH1zWVx1UJ6udMyRijGTzPteuLnaY18yNNmprJEsh,Caf8ypkSVR8xYnXNhjvfvdGCC7mrM3C11rz8Xi6NA6aK,6591.578169290001,6615.329613813001,6580.603676796396,0.9983350736027474,2.6322414707185584,0.9999432012262839,3439.798005107,2777.165465841,6211.078720855214
4vezWG46exH6pf9nry3n1VJ7hZHvjBJNgNeF4qEFCML5,,,0.15200199999999953,0.15007799999999882,0.0,0.0,0.0,0.9999432012262839,3439.798005107,2777.165465841,2777.007726248133
RoBgmK8CvjdHvPrqdDyVw54VwjZv2TqJ493xnqJAQHx,ExiHJxM7qPAcy27NDHAF6G7vnW7muNHi2sVJpnaNynGQ,6rkPHSqZb7StM4HwS9EuVrmfkV7tRdc7dnsFhyB6cefE,0.6137329999999999,34.3286449999996,0.0,0.0,0.0,0.944410130876356,6236.1915,19.476073,18.39340065088746
vEnkoSUkpnbRrPgBz9DfcVxNz67zjwMYBZraAvDDNSf,DtfyjjsZ5yCjWKLKHvwsfXs5QVsmm1QkK6Sh9JZHoq1g,e5wrKCRv4GhHvEf1VD5Pq2KGaZDXP77nTL612Jyrxwy,3128.750679,3129.0539860000004,3124.510717955734,0.99864483895354,0.3124510717955734,0.9974823545371483,876.063276,1073.695116,1945.8680015368473
BUSDgu5JdqP1rndBvXvanbEufS94FNh1w5FJcAj6vawb,Bgzr8cWubt89JQFXndVjtdKmDbGzuPxNhvjH1EhWCwbo,Dxaf8xPBBQsasRKW5Aa4Sw2YrbfGofY9xZueyyF23FBW,4202.671884269997,4207.282348440006,4200.6477181540495,0.9995183620868612,1.6802590872616199,1.0,7861.23780566,7264.38459622,15121.836131708595
MARpDPs5A7XiyCWPNH8GsMWPLxmwNn9SBmKvPa9LzgA,6YjT74rmcfCpw8LSjPNx5JTmZoYLGrTKnf9arfSgZ4SR,F8GSmi3vA8M8TsybLya1LQ4n1aFHCRbZ6k437PeTdXtg,25662.822110999965,27064.571951999515,24182.604867085654,0.9423205586076272,9.673041946834262,1.0,297637.921085,14639.921915,295110.25397463003
7dwD9TF6uikvHXxPFK9AsSim54yJoujQjY9vU6gNFumk,CquVr6atkvwueDYficKjn6SSEWq4F4rH4VSiBbW4GBWU,8BCa6ge3b7ho3TfZuM64Vk1hgbrJ3J7EPiAb9uP86CGd,0.0010312839999999995,0.0010387109999999999,0.22124362168963402,214.53219645571357,8.849744867585361e-05,204.78383223453156,0.002926164,0.004590734,1.5678644913989968
ercAoEmXjQzEvAFbdjAo81KtMxRGn9AW1ju882upmPH,CMRhskR2Eg6V42RTSdRTXGdozyPbWB8U9dVpijPWb9T4,7TKLLgrWswt6ZJ1pXhVR3FyufHGjJFqiEXxvWJfDcgRm,0.05213910800000576,0.047944040999972515,9.42215878832033,180.7119291016503,0.0037688635153281316,156.46834668816751,36.271573088,320.589895933,56716.876925852164
parEAJhzYzHW87y9VoZAQ22dzQ2MD2ekEtTReaxbMcz,3oyc6hpjYSJEquK6dSvG72NXyz3pqLZz5D8AC71pwgQb,Di2vordgFJVZ1aj1aBpvzXtLfZgJsuLLXawGtVFwX6Rz,3.8988880329999915,4.595045335000094,642.0089137898372,164.66461933656626,0.2568035655159349,208.49613406468217,1102.924302425,140.264829491,210857.28510997584
heyk4SZTeCUV6a65WiVA5bzic3KcxgVf1qxobfeV4tQ,9ZDpBKPqMABtGfq66FbVribaArMvtk63xxy91onZAtDt,DaTP4s6N7xxSPinbNZ3FB52EpRDRt87QShTuN3VPCW52,62.773976735998076,54.29166183500024,13051.211217051381,207.90798824072417,5.220484486820552,180.90703531178693,622.228405781,4478.061655717,939479.114151315
JSoLLrxK5bYdHwTEWYaGgmeycBCNXKDiBCTw5hXGBg7,xG4wXczA7Dk4hccJ61CHKpDHW4NrNfQwgmWgkb9BuF2,BVR6WgfhsRr9Lob4QDnkEAiNGgAbv7ZieKcY9kSg3QYR,3.370137914999873,2.8466888280000013,714.6521260348509,212.05426723163578,0.2858608504139403,171.492876357409,17.015048802,164.737472209,31859.41665858877
ALBpShJ9NLpE739pcHDF2LNVk5J4VYPvvKuV6jMPitZi,D6d156U1bPiJpDYRLextvDRccgFk7QzkQbJg42ceKEu5,GNcM8U5g8RwTZffwwm3kSQqUNPSwv5d2fbN9sLxPJqt2,1408.9762340000016,1409.631684,1402.4352758733285,0.9953576519114848,0.5609741103493314,0.9952130253480758,51177.007146,49139.380435,99843.57713114624
AUSejoEUCh2DBs9mof6BNC8Pubs22w4cJa1ccV9h44R,4xkyD7AfGQDwsQMy9MosRRNGoVJ1zosNinesxg1TzHG7,Cbm5gsQe3nSiCsFrvepVzMCD9xLK3ri9g3ypS2hdmVJ7,481.90925700000116,482.2567560000007,481.0433789179488,0.9982032341784787,0.048104337891794885,1.0,15069.135057,13809.74964,28851.808990169695
KysFMBBoavfov2tLpvefWW6tPFt6rAeZWDJVy1mMQae,B8ka2V21TH3x64dFV8ETcjuQcwmrciJ2qzy1mJUttRew,7fSf7EYxBANyxzk2s5pymFgshA91tFYQNKKs5UnLWcYS,28.242523000028996,33.03773600000159,0.0,0.0,0.0,0.021070326661070247,134139.643753,2890.506142,60.90390862776991
KEN5P7p3asnb23Sw6yAmJRGvijfAzso3RqfyLAQhznt,9zj4aX38Uxf3h6AUjS4EipWS8mwbEofasHAf3a1uKGds,CwQDG1MWunn9cLNwcZLd8YBacweSR7ARo32w4mLua1Yr,75556.43307700078,75562.50706599979,75430.38889715364,0.9983317875829489,7.543038889715365,1.0,1150568.303717,1108917.581742,2257566.493128074
SEQV6QiTpvTzrceiaYg9Avnwf7oc8ZALpnQMz6TyT4A,3dFMPj4r9mMmPHF32mz1gNDX7f8ftidWof7S8YiYTs1j,Fc1ED3YPeQfXQosHbd8DTaBd2AV5gHQtwiSAL5C5pUhi,1842.622670368,1843.1873042359998,1834.7046867232398,0.9957028729907145,0.733881874689296,0.9985171840084383,3321.306256232,2226.700389689,5530.432784154989
YAkoNb6HKmSxQN9L8hiBE5tPJRsniSSMzND1boHmZxe,CfWX7o2TswwbxusJ4hCaPobu2jLCb1hfXuXJQjVq3jQF,EnTrdMMpdhugeH6Ban6gYZWXughWxKtVGfCwFn78ZmY3,6834194.727240019,6834443.9113199795,6834194.727240019,1.0,683.4194727240019,0.9940960634789983,776232.859228,720735.17493,1492712.8594367602
BUSDTd9WiT6uBHJRgNvFXBsA7JrifsAtWzKfioN7ERcy,DyBxrn7gSc1EwnpWhDyhzvMHPtxpmBqRqotapLcKcfTM,Cds99GeBgoCpqBsoRWu1C6fF9LiUMd4pXQQD24s9LPff,226.26032279999998,225.54495359000003,225.7339068146301,0.9976734056645221,0.022573390681463013,0.9995412105843418,132.7990862,91.61724932,224.06533289401074
DFWzVTzNBrQZLjoQ4yQwkj9HuoXmfkuZP9V5vbymZe23,DhgiEgiNdqZdRdo195UUHnoEJUtefK8buko8nU97XJUZ,2K2kkXsouBHtWVjtcgkyiXd8eP3oVBvq1bTJzcVdLLr2,36.28082282900141,35.94815899999958,35.94917625584463,0.9908589015546893,0.014379670502337853,1.0,41521.820985336,26449.944689762,67592.21062184247
DA1mL7dfBow33EH5yjUuZE6SH2KeUK5zEXzsyhE5r5j5,B4UtLRZND3D83CitRCBUyeiNr7H8m7YFRqBmiPmXjhW4,AAmpYbuixWiSqDaJBCqYEs1pb5SrbdPr9mgXrB58Q2e,1.6668111150000868,1.674766112000043,1.660214658805913,0.996042469278726,0.0006640858635223653,1.0,2019.922910104,988.301801988,3000.2308051206583
STK75uPSyBnEhGTTzb1nwmP3n427XoXmfRhXxxhyady,6TYyD5fUmDe6N65avW1Ny2RxzRNobw2RRgKwH9CTzSAU,54zDfk4cx2vGrEajPtodWpArNe5eUurytyxd4X3aZAxK,782.6691523520008,884.3370558030034,141702.09853961619,181.04980643965195,14.17020985396162,202.6733835328281,1753.875211519,304.415896087,379235.7672259486
RajgMbScQbqqrdJfR2rxfHJiTiY5b6bJ2tTXiF4aPxy,725ZA3fhyBAKb5iopNRrcbSuQa3LXA1656Q3mBvYPxeg,GLA6i1dSZpUfk2f9Nj8uiG7xyDdAR2reff8oEiZH3617,17016.833274759963,17007.16249294998,17026.188654640027,1.0005497720832666,6.8104754618560115,1.0,73724.38386168,110233.49866686,183998.41413664317
SAMyS8Jr2HJrkFwYVKbpUwsNStnQmvz3f8Tup8bWUWF,6jPzm5TFfquvgm25sTyN3MMGBfufRaFHMxobDWv6hMFW,Cj9ECoDmxsHTDzCY5ZA6RWrPbg9uFzEC1Qc2kso2vJG6,399.81593370000047,166.04459209000476,401.6515414923518,1.0045911321626533,0.16066061659694073,0.021556461779005352,477.45754907,109102.53760319,2831.514301615496
SoNcU2iwHMw6dGzsYNQkYFkUjwN1UdAjrWVRnStrZu2,8ivTTid27jZnYNc4w3CTA1Z6QS2twsFb8WMwUabeDJgc,CyXm53PMvHCbeXJBykU46Rcbo28xk5srhMZFg7gv6EYB,9.39906576500001,9.370811861999995,2003.74732984789,213.18579739162914,0.801498931939156,207.64956063429466,15.249664592,19.453664634,7290.556819977429
moFiBS1R4Lf3E3zzmBPnw3NF4RhWPkhREFviuzUaCAU,44ALBrpqi9PfZkBRTvbtRNtFJGsatfY4QydjtMbFWq8S,2ho8qEEie1UjVwWNBo9y4oAJZMyMLx8zPj9bxyUz6uWs,895.8646265309981,896.1137169769972,895.3368532114724,0.9994108782689978,0.358134741284589,0.9783760652646654,33490.561401288,30930.596433706,63732.586618881614
ALLwa5WNZbvQsRKAqe1jdRGemdYQnW8E5k4msbRFcYtu,CGoM82Hbz7QVqTgvQatYtjvDWBvoUJp5qm21P8iMs9yb,3dxNNww8TivyN5FMy5dCNdi3Zcxv6e4kUfSPxfFwpdNq,27.623840494000056,27.454190008,86823.7380374656,3143.0726678400806,34.729495214986244,3145.138716343084,2.680540712,6.016541287,27347.991187140135
B2izdXFYb2sNwbWWHmh75T4aQFtfXsUxem9u2p61HGzf,4DYwgJtxwuJdAjkj5RJSNH4e7U329V5cNp7d3a1nLrZv,EXNW64GEf1ACC6xY9BtKRiunrs6GoJSXBdxWN2eTPmrF,5527.773921000011,5450.073800999993,5557.484231702693,1.005374733324352,0.5557484231702693,1.0,8563.875778,31196.508332,39806.412658529625
wrmcMSHFi3sWpAEy4rGDvQb3ezh3PhXoV2xNjgLBkKU,8p4mGnARWPBu6P2Gcw4adodLkNDorrXniZMhaY7eJXUn,AyY89zccbsgp9LKFgH4CFZMJmpSgqmPSdTfukhP227rc,0.009964679999999046,0.07220689000000198,3.99477235280166,400.89319002738097,0.001597908941120664,3145.7422378810284,26.96512965,0.10915768,11153.518769455517
MiMuMS9C4vBqcrYeeQPph1E7oAW9aNKvW9k6Zw9XffM,Afy2q2hh6Y474pshJa5fnQ6PfEchGyTbKrQpCZw2hr3m,5pXz9ksgjeL8Wgb37bksUaBFMLdFfsNNY3FQnikkCPtS,0.012538942999999136,0.8271330000006856,0.0,0.0,0.0,0.022083718050104867,26.006551294,7673.713867602,169.46413344930232
7oAd7xG4m3oC2qeWB1szghTebAZyyGPAFDJ4wwwbRSNi,D9yh4KAysxt9GLacVe4Wwh2XqghhcjTCSTV9HuM7TBJd,HDYfJLpZKaMFb84jM4mRytn7XLR8UFZUnQpSfhJJaNEy,22.332587543001864,0.5098649999999907,22.332587543001864,1.0,0.008933035017200747,0.022861600325753482,957.467941799,300002.607269457,7816.007645877313
KwnjUuZhTMTSGAaavkLEmSyfobY16JNH4poL9oeeEvE,J63v6qEZmQpDqCD8bd4PXu2Pq5ZbyXrFcSa3Xt1HdAPQ,BnKQtTdLw9qPCDgZkWX3sURkBAoKCUYL1yahh6Mw7mRK,247.05027700000335,9245.251182999888,5.376782935849107,0.021763921907478914,0.0005376782935849107,1.0,276620.345808,594.892991,6615.236595185124
Sid7E679i9ABqptiAVhkmQ27YHN8vaYT4fppPwmxFsJ,GP7KB8o1bv527HG8kTzzzf4wJ5aEGHvcMQvVhLziUfmT,9gYxhAZ1M9wu5pxr8SBoa5NDm21gi3s9vMHaYTME77sa,572.9965310000098,1693.016228000035,4.145868835564982,0.007235416989923994,0.0016583475342259926,0.020466847146053714,135728.271767,8781.158339,1161.773269045581
MiMUFdSLMyCLpqpH6zkqdDrGYs7XBomwENbivdYjv9V,,,0.018226069999999983,0.012538942999999997,0.0,0.0,0.0,0.020466847146053714,135728.271767,8781.158339,179.7226254896079
BkwbeSfcX1h4thMDd7obGkHrPevf3QwgzJ4pCEqG18Lu,35yX27bmurdebhfAb8EPmjLETDiUaEUCn9zHaDPbakH2,2CxECn1ZJFoESyUnQysQU8rRgT3iJ5GRs2Mdd6gZjx5g,0.2182301000000031,0.14595123999999837,478.4803437918023,2192.549716064812,0.19139213751672093,1449.2753623188407,0.896522,21.9461218,33771.642679734265
BSCuChvaSj9b5HUSqgDVRzcnr2sSn7cXaamt1jbKH6hn,GnKpRj5kBVPMJfiwZtEuD9GYApLzPdW5JFuZTcyX4BTc,3dmwD9okkomV9nDwyuh4UMhKdUR13QpuKxRo89ycZB5t,1032.651827224,1035.8417187559996,1029.6031373278656,0.9970477078374712,0.41184125493114626,0.9978018425408824,1621.235125695,1382.076417587,2995.487161940405
FrnkTEL6yZ5Aycq2TrEgu29dCrwKG4LPUZydfiwqspkc,DjvZuMZ46fxKBoBpGMPcRcos4xdTtHFxwMh69DpA2ZFY,9rvDPJLAng4uVVqnnSoEXgNDFhBZQTny9AoQioYDZbQX,35.36765303100128,29.43986133200002,7511.291690435515,212.37744228749196,3.004516676174206,180.85727069739647,171.372043529,1440.786137585,296972.2047865364
MAR3XM1n9xWPQ3HJjAcC85o8DopWFP5p2WxGTaZ3fPB,6qG7GUhER8Cg9gDEgnebph9LdS6eu2eoWcA4R7z9uizK,4QV4CwRXVMY227KkFF9voNAfwWHVvVajXSXDKbUHkWZR,0.010256000000000001,0.4334600000000002,0.009506506988988174,0.9269215082866783,3.8026027955952697e-06,0.0217654709130491,0.108884,24.413567,0.632299703930562
MATSnbbiTCv7Dc3trJrkrqjx7ckKdr6fwPoVwv9q3sD,631WX9JizSHJm4w6VanZeJAst9T8DeUUnPLesdGkCVtK,211maUSfpnXbPuW1iBu8b4dtJv5EbN1j7JJiEX5TZKEP,1785.379963000003,1784.6973840000028,1785.317476888312,0.9999650012249571,0.7141269907553248,0.9968807601016421,21106.521924,24459.969618,45489.45632644216
Cob4usZcpHEY7Qt4ZCwj6WVg9S44zvzYV2v9qYF65dTf,NhFM9UXE48PyNAyeyPYA3iXztqKVJwA4bTdLj4ysM8w,6TuFuynuBoeskxyR2cz4wxyidk8dpDK7kAWw3UkjQGx,12.140937000000008,1702.7043540000159,0.08784474184339691,0.007235416989923994,3.5137896737358766e-05,1.0,74082.892854,162.91343,698.9340516185505
AURHmCnNwiW4uA2Qj1XvEh4iKgRUZYXtiY7FKAapUV5Y,BKWm4TRnTeKwfWXRyuzjRHU7iZDkPuXBX5b5V5jSVfGJ,A5Ww74HVrkj9nPeC7pHKLfgeDMEhBCpW1efQdz3TGLEg,0.45239669999978105,0.4043673170000375,91.21798676962189,201.63274128583618,0.03648719470784876,180.70605106861424,290.086693037,1795.110660836,382878.3338784373
SoN9GaFpSXfpyR5dth3x7PHPVhvJMpQqqDJfCSmPv1t,9kZ9iS68ViMPtoeqtnhAKuF2iqVyfHPdZHoUNdwCELr,BBhm5fJLjw3HRzjtKB8uMEYjGhY6EDm9co3cqpjrSzB9,5.602839526000001,5.778598592000001,1218.2347605403265,217.43167101022667,0.48729390421613067,211.56386954548674,0.86170029,1.40242857,484.06414899504045
GokA1R67GqSavkd15zR62QD68Tuc5AEfvjssntVDEbM8,3YB7hfpBdbQEuZqLGWVDpRPmeZWCUsrrWyqGXegnQ6Cg,4DPCj6Z1DsG6HUtwSogBGqXEUxdEV5a8YVrrFtcnz7UW,25126.68682800001,25120.111969,25133.975680947482,1.000290084124396,2.5133975680947485,1.0,13200.229878,19231.738963,32435.798018125985
