0,1,2,3,4,5,6,7,8,9,10,11
TETFuZgEmET6d9vYmz9iMFCxK1jKdKYxf3oPz8hSzJK,Eu1Ze6Z84LWNkq7SNoAHBJbXx5t1P95EwyqYohrfCRFV,ASMbv7WNu3qe4pkhREmvyEdwFNDZQ6B6iSrjkj4u8bdC,6.275800535000002,6.2493268959999995,6.282705592843461,1.0011002672575315,0.0025130822371373846,0.9985171840084383,43.736788578,207.87222992,251.34890438769497
JSoLLrxK5bYdHwTEWYaGgmeycBCNXKDiBCTw5hXGBg7,xG4wXczA7Dk4hccJ61CHKpDHW4NrNfQwgmWgkb9BuF2,BVR6WgfhsRr9Lob4QDnkEAiNGgAbv7ZieKcY9kSg3QYR,3.474464196999918,2.9352733699999867,728.814489472181,209.7631312768995,0.2915257957888724,184.40515139478526,16.98240527,164.776072116,33947.83903083755
HEDSDjj84KS7LKhZY7ejkCACTdPen62rKhCby1wXtgxc,EnnjMSFttpCTywBrYNt1J5QQeoSVkvzPipJDa8Y7kJow,6bjVT6JN2rSvpyn9PdfLYC8wJn4LWh49jpY47fnLDXZk,12.952351070998702,13.366279204004968,9.214377469776755,0.7114057841134686,0.0036857509879107027,1.0,38815.260015973,9072.407853316,36685.80834054743
AURHmCnNwiW4uA2Qj1XvEh4iKgRUZYXtiY7FKAapUV5Y,BKWm4TRnTeKwfWXRyuzjRHU7iZDkPuXBX5b5V5jSVfGJ,A5Ww74HVrkj9nPeC7pHKLfgeDMEhBCpW1efQdz3TGLEg,0.45959167699993486,0.41063977700008536,94.97389245229776,206.64841685614604,0.03798955698091911,184.60078695315477,290.093755115,1795.102760561,391324.79749571043
B2izdXFYb2sNwbWWHmh75T4aQFtfXsUxem9u2p61HGzf,4DYwgJtxwuJdAjkj5RJSNH4e7U329V5cNp7d3a1nLrZv,EXNW64GEf1ACC6xY9BtKRiunrs6GoJSXBdxWN2eTPmrF,6898.844639000021,6788.571852999996,5121.925690684865,0.7424323866825449,0.5121925690684865,1.0,8322.912716,31441.893166,37621.093117890385
GokA1R67GqSavkd15zR62QD68Tuc5AEfvjssntVDEbM8,3YB7hfpBdbQEuZqLGWVDpRPmeZWCUsrrWyqGXegnQ6Cg,4DPCj6Z1DsG6HUtwSogBGqXEUxdEV5a8YVrrFtcnz7UW,42361.56343899999,42349.92478600002,42363.59689165079,1.0000480023041107,4.23635968916508,1.0,15156.592559,17278.510544,32435.8306543653
Cob4usZcpHEY7Qt4ZCwj6WVg9S44zvzYV2v9qYF65dTf,NhFM9UXE48PyNAyeyPYA3iXztqKVJwA4bTdLj4ysM8w,6TuFuynuBoeskxyR2cz4wxyidk8dpDK7kAWw3UkjQGx,117.60064500000868,3141.369261000014,0.8506742927559751,0.007233585264399802,0.0003402697171023901,1.0,73913.65115,164.143322,698.8040197966276
moFiBS1R4Lf3E3zzmBPnw3NF4RhWPkhREFviuzUaCAU,44ALBrpqi9PfZkBRTvbtRNtFJGsatfY4QydjtMbFWq8S,2ho8qEEie1UjVwWNBo9y4oAJZMyMLx8zPj9bxyUz6uWs,2920.1796113279997,2921.071019439005,2920.913175304672,1.0002512050881482,1.168365270121869,1.0,32692.950948807,31728.308522706,64429.47210713792
MiMuMS9C4vBqcrYeeQPph1E7oAW9aNKvW9k6Zw9XffM,Afy2q2hh6Y474pshJa5fnQ6PfEchGyTbKrQpCZw2hr3m,5pXz9ksgjeL8Wgb37bksUaBFMLdFfsNNY3FQnikkCPtS,0.012538942999999136,0.8271330000006856,0.0,0.0,0.0,0.022131741760109094,26.006551294,7673.713867602,169.83265365873547
MAR3XM1n9xWPQ3HJjAcC85o8DopWFP5p2WxGTaZ3fPB,6qG7GUhER8Cg9gDEgnebph9LdS6eu2eoWcA4R7z9uizK,4QV4CwRXVMY227KkFF9voNAfwWHVvVajXSXDKbUHkWZR,0.010256000000000001,0.4334600000000002,0.009538637247187981,0.930054333774179,3.815454898875192e-06,0.02197551290572428,0.108884,24.413567,0.6377686927619322
BSCuChvaSj9b5HUSqgDVRzcnr2sSn7cXaamt1jbKH6hn,GnKpRj5kBVPMJfiwZtEuD9GYApLzPdW5JFuZTcyX4BTc,3dmwD9okkomV9nDwyuh4UMhKdUR13QpuKxRo89ycZB5t,390.54652493699996,391.5821718729999,389.3935174923256,0.9970477078374712,0.15575740699693025,0.9985171840084383,1621.235125695,1382.076417587,2996.475818513236
RoBgmK8CvjdHvPrqdDyVw54VwjZv2TqJ493xnqJAQHx,ExiHJxM7qPAcy27NDHAF6G7vnW7muNHi2sVJpnaNynGQ,6rkPHSqZb7StM4HwS9EuVrmfkV7tRdc7dnsFhyB6cefE,0.6137329999999999,34.3286449999996,0.0,0.0,0.0,0.948169274764285,6236.1915,19.476073,18.466614011666273
wrmcMSHFi3sWpAEy4rGDvQb3ezh3PhXoV2xNjgLBkKU,8p4mGnARWPBu6P2Gcw4adodLkNDorrXniZMhaY7eJXUn,AyY89zccbsgp9LKFgH4CFZMJmpSgqmPSdTfukhP227rc,0.03072151000000045,0.21216262999999225,11.889129256966118,386.9969040247678,0.004755651702786448,3676.7409368335907,27.06544321,0.0975724,10832.991165713276
AUSejoEUCh2DBs9mof6BNC8Pubs22w4cJa1ccV9h44R,4xkyD7AfGQDwsQMy9MosRRNGoVJ1zosNinesxg1TzHG7,Cbm5gsQe3nSiCsFrvepVzMCD9xLK3ri9g3ypS2hdmVJ7,1568.7004680000027,1572.2424930000016,1564.5575196878692,0.9973589933855151,0.15645575196878692,1.0,15441.534036,13438.288805,28839.041647473132
SoN9GaFpSXfpyR5dth3x7PHPVhvJMpQqqDJfCSmPv1t,9kZ9iS68ViMPtoeqtnhAKuF2iqVyfHPdZHoUNdwCELr,BBhm5fJLjw3HRzjtKB8uMEYjGhY6EDm9co3cqpjrSzB9,5.691584708000001,5.865470765,1261.6640301757436,221.67183568442175,0.5046656120702975,216.17980452589714,0.850279539,1.414118461,494.18687873047634
SoNcU2iwHMw6dGzsYNQkYFkUjwN1UdAjrWVRnStrZu2,8ivTTid27jZnYNc4w3CTA1Z6QS2twsFb8WMwUabeDJgc,CyXm53PMvHCbeXJBykU46Rcbo28xk5srhMZFg7gv6EYB,9.64807813800001,9.617456444999993,2111.6421360242857,218.8666080250068,0.8446568544097143,202.49124984686597,15.264747407,19.438560091,7277.081815378606
daob129AwBGn9Y5r91uLoWZeYiGzbPmksauMhFZKTze,6VW5GQNyj4LStgmxEHLr5zUfW92vQnmbw8jTnCH7a38F,4VPCCUifPeBA1c7HWK358CHn2nyjm8pdTRk6Ps3KmnMQ,19.925594273999735,17.706236329000006,4092.6188557604355,205.3950712577121,1.6370475423041744,184.02578863791658,44.387177377,228.567895245,51179.29464004745
7dwD9TF6uikvHXxPFK9AsSim54yJoujQjY9vU6gNFumk,CquVr6atkvwueDYficKjn6SSEWq4F4rH4VSiBbW4GBWU,8BCa6ge3b7ho3TfZuM64Vk1hgbrJ3J7EPiAb9uP86CGd,0.0037083319999999995,0.003755396,0.8120932369507884,218.99151342188037,0.00032483729478031536,218.81713583248762,0.004123578,0.003389003,1.6446005167208786
KZMu9QBEdL97EFgamLbN5DE1AoKBG4HdrKKJo4Vuon3,DD4ACBWyVqdaKWh7v5btsgqQCCMwbKnuL2xd9pv7Gyuw,GcYqiJ1MAuYbNTNYXm1F1gQYTfTgkErACAhNU5dpVj9T,54.52998155,54.310371069999746,54.55981813214375,1.0005471592194908,0.0218239272528575,1.0,1373.12535157,1715.27859802,3089.155267785628
BUSDTd9WiT6uBHJRgNvFXBsA7JrifsAtWzKfioN7ERcy,DyBxrn7gSc1EwnpWhDyhzvMHPtxpmBqRqotapLcKcfTM,Cds99GeBgoCpqBsoRWu1C6fF9LiUMd4pXQQD24s9LPff,532.5598571800001,531.14352696,530.5490603248969,0.9962242800917239,0.05305490603248969,0.9996061551748611,117.35208504,67.91490506,184.79715356232907
vEnkoSUkpnbRrPgBz9DfcVxNz67zjwMYBZraAvDDNSf,DtfyjjsZ5yCjWKLKHvwsfXs5QVsmm1QkK6Sh9JZHoq1g,e5wrKCRv4GhHvEf1VD5Pq2KGaZDXP77nTL612Jyrxwy,5236.915273999999,5238.398875999999,5232.614065238372,0.9991786751290438,0.5232614065238372,0.9935952847942165,1092.73518,857.268177,1943.615307890631
ALBpShJ9NLpE739pcHDF2LNVk5J4VYPvvKuV6jMPitZi,D6d156U1bPiJpDYRLextvDRccgFk7QzkQbJg42ceKEu5,GNcM8U5g8RwTZffwwm3kSQqUNPSwv5d2fbN9sLxPJqt2,237.05609399999958,237.10484900000301,236.62023951880596,0.9981613867256515,0.0946480958075224,0.9992216063686388,51177.007146,49139.380435,100184.0430755403
C98Sspw7XqnMsgxea3SLQVdbMDL8pKUc3RE82UvX9eq2,CSqgQJurPCzGxb4Cgwx5R61hWQUiaoUHcShNc8r1cKEL,6S2CR5EnukPhC914XkAns8m5GixjMAoUuZMsS5ubHuWc,103.69179200000019,103.6216179999999,0.0,0.0,0.0,1.0,851.65393,912.323384,912.323384
BSC8REUo9LpiiWUuqMuLXs2D2yJsJfGd4HdiF3wCLxk5,AZjEH1zWVx1UJ6udMyRijGTzPteuLnaY18yNNmprJEsh,Caf8ypkSVR8xYnXNhjvfvdGCC7mrM3C11rz8Xi6NA6aK,1736.935136695,1740.9692981549997,1734.043267535601,0.9983350736027474,0.6936173070142404,0.9999692649446726,3439.798005107,2777.165465841,6211.151104113835
BSCrK1Nx9PXU9mF7STWWBqeHLxmtJDr9h7jheEy4tAWX,FfSySSbVJPvEo5a5AvrP3nySoXpRE2QPn1uUMpJJ1x7v,HL7Vcj6838ZmvBHDbQxXfjBNckNi83WvPiZQoMQLFeRM,0.04185651400000001,0.04181014300000008,154.45607082101753,3690.1322174373504,0.06178242832840702,3683.512597613084,0.838242157,0.966227724,6652.336383076896
MATSnbbiTCv7Dc3trJrkrqjx7ckKdr6fwPoVwv9q3sD,631WX9JizSHJm4w6VanZeJAst9T8DeUUnPLesdGkCVtK,211maUSfpnXbPuW1iBu8b4dtJv5EbN1j7JJiEX5TZKEP,968.853024,968.3269299999993,969.6617218760447,1.000834696136578,0.3878646887504179,0.9994992508753113,20025.04045,25542.833054,45571.79777660457
Lee1XZJfJ9Hm2K1qTyeCz1LXNc1YBZaKZszvNY4KCDw,9DgFSWkPDGijNKcLGbr3p5xoJbHsPgXUTr6QvGBJ5vGN,2hNHZg7XBhuhHVZ3JDEi4buq2fPQwuWBdQ9xkH7t1GQX,1298.4269524841493,1092.1265978279826,284649.74218602903,219.22661235692726,28.4649742186029,184.7262430967803,6677.449388809,53927.170711006,11425638.254976297
SAMyS8Jr2HJrkFwYVKbpUwsNStnQmvz3f8Tup8bWUWF,6jPzm5TFfquvgm25sTyN3MMGBfufRaFHMxobDWv6hMFW,Cj9ECoDmxsHTDzCY5ZA6RWrPbg9uFzEC1Qc2kso2vJG6,715.6089164300015,175.80998058999052,716.000468446176,1.0005471592194908,0.2864001873784704,0.022139999185248033,487.83933565,108626.39976872,2893.094663816019
MARpDPs5A7XiyCWPNH8GsMWPLxmwNn9SBmKvPa9LzgA,6YjT74rmcfCpw8LSjPNx5JTmZoYLGrTKnf9arfSgZ4SR,F8GSmi3vA8M8TsybLya1LQ4n1aFHCRbZ6k437PeTdXtg,49350.43857100009,52067.643021999975,46714.96699311643,0.9465967952018901,18.685986797246574,1.0,297097.55385,15163.889563,296395.481899731
ALLwa5WNZbvQsRKAqe1jdRGemdYQnW8E5k4msbRFcYtu,CGoM82Hbz7QVqTgvQatYtjvDWBvoUJp5qm21P8iMs9yb,3dxNNww8TivyN5FMy5dCNdi3Zcxv6e4kUfSPxfFwpdNq,24.575790190000017,24.499216985000018,90328.9234020657,3675.524681148234,36.13156936082628,3681.9257944675383,5.687959666,3.011348093,31993.796357495994
FrnkTEL6yZ5Aycq2TrEgu29dCrwKG4LPUZydfiwqspkc,DjvZuMZ46fxKBoBpGMPcRcos4xdTtHFxwMh69DpA2ZFY,9rvDPJLAng4uVVqnnSoEXgNDFhBZQTny9AoQioYDZbQX,56.80267146500006,47.337305594000185,12604.349109182938,221.89711828869395,5.041739643673175,184.4594397671679,171.260440813,1440.929397481,303795.2276966442
DFWzVTzNBrQZLjoQ4yQwkj9HuoXmfkuZP9V5vbymZe23,DhgiEgiNdqZdRdo195UUHnoEJUtefK8buko8nU97XJUZ,2K2kkXsouBHtWVjtcgkyiXd8eP3oVBvq1bTJzcVdLLr2,37.34455058599997,37.0225611479982,36.99813065103955,0.9907236817815587,0.014799252260415821,1.0,41522.895387484,26448.880962005,67586.59675852365
STK75uPSyBnEhGTTzb1nwmP3n427XoXmfRhXxxhyady,6TYyD5fUmDe6N65avW1Ny2RxzRNobw2RRgKwH9CTzSAU,54zDfk4cx2vGrEajPtodWpArNe5eUurytyxd4X3aZAxK,868.0639618430024,980.2880694550042,160077.70975974298,184.407735830755,16.0077709759743,208.0345004415532,1586.028197096,275.379866648,349764.381779986
4vezWG46exH6pf9nry3n1VJ7hZHvjBJNgNeF4qEFCML5,,,0.15200199999999953,0.15007799999999882,0.0,0.0,0.0,208.0345004415532,1586.028197096,275.379866648,57288.512989778224
Lid8SLUxQ9RmF7XMqUA8c24RitTwzja8VSKngJxRcUa,4PgzyzLtds9bKZ2to9PMnKqJzKEUpjvNUaeN23phegax,AtymwxoVN9peZo7EXTcDz9jKVc4vRmisJKKrNfe3ewBa,59.938192250999805,50.57742830199891,13092.43864858538,218.4323243143355,1.3092438648585378,184.31895436594465,958.842820382,7661.057251631,1621520.327866417
KwnjUuZhTMTSGAaavkLEmSyfobY16JNH4poL9oeeEvE,J63v6qEZmQpDqCD8bd4PXu2Pq5ZbyXrFcSa3Xt1HdAPQ,BnKQtTdLw9qPCDgZkWX3sURkBAoKCUYL1yahh6Mw7mRK,436.9469350000071,19563.369875999644,9.637740713333844,0.022057004961789438,0.0009637740713333844,1.0,276634.058355,594.616469,6696.335266736183
C2ypsDADXcCRz8HbV2zX1AXPSja7a1P3xZtRC91xGhJh,J9bYNuDpY1d1T86gLaw7DGk5D3CsUAf2tzUwxMvb6FTv,A2NGvvPrMGzsJ4jb52KEnSBVmsA7C34dV1GC7PerdgvG,86.1869808349993,86.9279090789978,15876.351482387998,184.20823340804205,6.350540592955199,183.61075694636216,4234.08799042,2090.590616436,1163808.794358251
BUSDgu5JdqP1rndBvXvanbEufS94FNh1w5FJcAj6vawb,Bgzr8cWubt89JQFXndVjtdKmDbGzuPxNhvjH1EhWCwbo,Dxaf8xPBBQsasRKW5Aa4Sw2YrbfGofY9xZueyyF23FBW,8118.042357459995,8124.22087644001,8104.107506684401,0.9982834715363627,3.241643002673761,1.0,7903.59647962,7223.11987943,15113.149610727629
BkwbeSfcX1h4thMDd7obGkHrPevf3QwgzJ4pCEqG18Lu,35yX27bmurdebhfAb8EPmjLETDiUaEUCn9zHaDPbakH2,2CxECn1ZJFoESyUnQysQU8rRgT3iJ5GRs2Mdd6gZjx5g,0.2182301000000031,0.14595123999999837,479.87971677368955,2198.96208989357,0.19195188670947583,1459.8540145985403,0.896522,21.9461218,34009.55190535411
SEQV6QiTpvTzrceiaYg9Avnwf7oc8ZALpnQMz6TyT4A,3dFMPj4r9mMmPHF32mz1gNDX7f8ftidWof7S8YiYTs1j,Fc1ED3YPeQfXQosHbd8DTaBd2AV5gHQtwiSAL5C5pUhi,1228.169221737,1228.388828917,1223.424522074397,0.9961367704233031,0.4893698088297587,0.9985171840084383,3321.306256232,2226.700389689,5531.873890412408
ercAoEmXjQzEvAFbdjAo81KtMxRGn9AW1ju882upmPH,CMRhskR2Eg6V42RTSdRTXGdozyPbWB8U9dVpijPWb9T4,7TKLLgrWswt6ZJ1pXhVR3FyufHGjJFqiEXxvWJfDcgRm,0.6779148689999843,0.6038799350000019,124.54664637170713,183.72018680668592,0.04981865854868285,158.31106160548313,35.711199774,317.485051791,56822.26388647516
MATgk4zXLXtYkwBH678J1xZbRDZ45LicNzkRBHkxTuY,y8dALFo1bJrSzPYjMX14HJX448pXqYmrfXHD1K8MXih,GN7Yuet3UyiWS5YVkEHv6oQKi4HGBJc3XDPt9zQhAqZz,1330.9197760000006,1329.3523169999999,1334.2366884073815,1.0024921955982573,0.5336946753629527,1.0,2947.487467,5130.597526,8085.4307082911755
oKQqupM9E7SSLAFDLxr7mdsXP7znck9qRbVWc6Yyj7Q,CMR2J7CwfW98RpvnJmFBgRFTLAd3x8CJ1SWs8Bt3uunG,FmRb5jHfSNj1YWP3b45d9vvYuhwjp4om8bALmtqZpr1v,376.63712561999955,371.5016343799998,381.2558032983611,1.0122629378895098,0.15250232131934444,1.0,2176.16186001,3720.4519216,5923.299919336823
KEVpg4SYCVrqFxKijQH6hm4QxsRdoE51ud64bEEFUC9,2bPenuBYfqzD8p5dFjCcggwkHDsc2RQDnx9AoyYGUBjA,AE6n6iLuX8oYu61vt5hoDYkjswpnxFxrhSehxrnQTnbx,851.0536022019999,852.2183118160001,849.3211289355999,0.9979643194483667,0.3397284515742399,0.9998651621836885,5650.648669758,1877.621288084,7516.513867886517
heyk4SZTeCUV6a65WiVA5bzic3KcxgVf1qxobfeV4tQ,9ZDpBKPqMABtGfq66FbVribaArMvtk63xxy91onZAtDt,DaTP4s6N7xxSPinbNZ3FB52EpRDRt87QShTuN3VPCW52,94.25632255900109,81.6142610120005,19857.8384868607,210.67911358869748,7.943135394744281,183.99616110409474,619.963151274,4480.698238102,955044.5620447109
KysFMBBoavfov2tLpvefWW6tPFt6rAeZWDJVy1mMQae,B8ka2V21TH3x64dFV8ETcjuQcwmrciJ2qzy1mJUttRew,7fSf7EYxBANyxzk2s5pymFgshA91tFYQNKKs5UnLWcYS,28.242523000028996,33.03773600000159,0.0,0.0,0.0,0.021821360436568613,134139.643753,2890.506142,63.07477636869738
Sid7E679i9ABqptiAVhkmQ27YHN8vaYT4fppPwmxFsJ,GP7KB8o1bv527HG8kTzzzf4wJ5aEGHvcMQvVhLziUfmT,9gYxhAZ1M9wu5pxr8SBoa5NDm21gi3s9vMHaYTME77sa,1062.012612999999,3235.613934000052,7.674477650506365,0.007226352640791444,0.003069791060202546,0.02167413441743308,135897.513471,8725.928075,1171.170293362555
WiiQFxXqp8P9Fs1rt9SVcDyA3KUdJmUsog6wnVQAwba,3S2jpqSYxho6wiz3cafhjXruVY8cg4HYa2v3BqBHYFSj,Dfe67M6TfrG74gKRtdqys4e6E9QirPD53BkF4FujFjuv,11990.379098775997,11999.29164300499,11962.15105396188,0.997645775452004,1.1962151053961878,0.9998651621836885,20627.838525297,6202.948479877,26781.388049317928
BSCNHw8CmxbZ8hCWWzMf5FaG2ajPT6JxfznKUNuRVrn4,7n9kgNL633yGzCYksgnzHyjG73ZLBAwvEae5sbAekbzW,SscdxE99omdG9AiMVwmaEMQySQnCgeAh1sPj2Leutm2,219.51905224200073,219.11733464000008,220.01402174697725,1.0022547906430959,0.0880056086987909,0.9985588229888096,5007.749994307,6697.869297467,11707.257904348658
YAkoNb6HKmSxQN9L8hiBE5tPJRsniSSMzND1boHmZxe,CfWX7o2TswwbxusJ4hCaPobu2jLCb1hfXuXJQjVq3jQF,EnTrdMMpdhugeH6Ban6gYZWXughWxKtVGfCwFn78ZmY3,8625845.233576028,8626948.466738973,8625845.233576028,1.0,862.5845233576028,0.9968648600152521,1092425.410365,402856.426991,1494018.8260636278
RajgMbScQbqqrdJfR2rxfHJiTiY5b6bJ2tTXiF4aPxy,725ZA3fhyBAKb5iopNRrcbSuQa3LXA1656Q3mBvYPxeg,GLA6i1dSZpUfk2f9Nj8uiG7xyDdAR2reff8oEiZH3617,46010.17520299001,45947.77147845,46165.965021914366,1.0033859862136372,18.466386008765745,1.0,40445.22024415,143577.03263286,184159.1998351642
parEAJhzYzHW87y9VoZAQ22dzQ2MD2ekEtTReaxbMcz,3oyc6hpjYSJEquK6dSvG72NXyz3pqLZz5D8AC71pwgQb,Di2vordgFJVZ1aj1aBpvzXtLfZgJsuLLXawGtVFwX6Rz,6.852460392999916,8.030358200999757,1172.586053255293,171.11898296459188,0.4690344213021173,212.42837711730022,1103.00398621,140.198496443,218527.059399818
MiMUFdSLMyCLpqpH6zkqdDrGYs7XBomwENbivdYjv9V,,,0.018226069999999983,0.012538942999999997,0.0,0.0,0.0,212.42837711730022,1103.00398621,140.198496443,29782.13907367208
KEN5P7p3asnb23Sw6yAmJRGvijfAzso3RqfyLAQhznt,9zj4aX38Uxf3h6AUjS4EipWS8mwbEofasHAf3a1uKGds,CwQDG1MWunn9cLNwcZLd8YBacweSR7ARo32w4mLua1Yr,110884.11115599936,110891.93060499988,110578.91335513916,0.997247596633292,11.057891335513915,1.0,1155261.405226,1110676.771456,2262758.4313008282
