0,1,2,3,4,5,6,7,8,9,10,11
vEnkoSUkpnbRrPgBz9DfcVxNz67zjwMYBZraAvDDNSf,DtfyjjsZ5yCjWKLKHvwsfXs5QVsmm1QkK6Sh9JZHoq1g,e5wrKCRv4GhHvEf1VD5Pq2KGaZDXP77nTL612Jyrxwy,3232.7009129999997,3232.9136070000004,3229.565005379776,0.9990299419263894,0.3229565005379776,0.9939231538374379,1093.001794,856.883856,1943.6182234131643
MiMUFdSLMyCLpqpH6zkqdDrGYs7XBomwENbivdYjv9V,,,0.018226069999999983,0.012538942999999997,0.0,0.0,0.0,0.9939231538374379,1093.001794,856.883856,851.676704627905
DA1mL7dfBow33EH5yjUuZE6SH2KeUK5zEXzsyhE5r5j5,B4UtLRZND3D83CitRCBUyeiNr7H8m7YFRqBmiPmXjhW4,AAmpYbuixWiSqDaJBCqYEs1pb5SrbdPr9mgXrB58Q2e,1.6668111150000868,1.674766112000043,1.6602125768703395,0.9960412202256361,0.0006640850307481359,0.999714351618312,2019.922910104,988.301801988,2999.9459753193487
SAMyS8Jr2HJrkFwYVKbpUwsNStnQmvz3f8Tup8bWUWF,6jPzm5TFfquvgm25sTyN3MMGBfufRaFHMxobDWv6hMFW,Cj9ECoDmxsHTDzCY5ZA6RWrPbg9uFzEC1Qc2kso2vJG6,715.6089164300015,175.80998058999052,719.0974812316755,1.0048749599419158,0.2876389924926702,0.02233917971246056,487.83933565,108626.39976872,2916.842198820405
ercAoEmXjQzEvAFbdjAo81KtMxRGn9AW1ju882upmPH,CMRhskR2Eg6V42RTSdRTXGdozyPbWB8U9dVpijPWb9T4,7TKLLgrWswt6ZJ1pXhVR3FyufHGjJFqiEXxvWJfDcgRm,0.03808398400000357,0.04350662100000591,6.986597336345541,183.4523755798471,0.0027946389345382167,132.4080131740677,36.271573088,316.845220906,48606.95243287369
SEQV6QiTpvTzrceiaYg9Avnwf7oc8ZALpnQMz6TyT4A,3dFMPj4r9mMmPHF32mz1gNDX7f8ftidWof7S8YiYTs1j,Fc1ED3YPeQfXQosHbd8DTaBd2AV5gHQtwiSAL5C5pUhi,1842.622670368,1843.1873042359998,1832.1286733735406,0.994304858415552,0.7328514693494164,0.8167625818191917,3321.306256232,2226.700389689,5121.076506077634
SoNcU2iwHMw6dGzsYNQkYFkUjwN1UdAjrWVRnStrZu2,8ivTTid27jZnYNc4w3CTA1Z6QS2twsFb8WMwUabeDJgc,CyXm53PMvHCbeXJBykU46Rcbo28xk5srhMZFg7gv6EYB,9.486931930000015,9.457830410999996,2056.469075572912,216.76861294533487,0.8225876302291648,207.28726677850506,15.14310285,19.561329326,7337.363891023804
DFWzVTzNBrQZLjoQ4yQwkj9HuoXmfkuZP9V5vbymZe23,DhgiEgiNdqZdRdo195UUHnoEJUtefK8buko8nU97XJUZ,2K2kkXsouBHtWVjtcgkyiXd8eP3oVBvq1bTJzcVdLLr2,37.34455058599997,37.0225611479982,37.00307367805688,0.9908560445209614,0.014801229471222753,0.9967661944257232,41522.895387484,26448.880962005,67506.56230401676
KwnjUuZhTMTSGAaavkLEmSyfobY16JNH4poL9oeeEvE,J63v6qEZmQpDqCD8bd4PXu2Pq5ZbyXrFcSa3Xt1HdAPQ,BnKQtTdLw9qPCDgZkWX3sURkBAoKCUYL1yahh6Mw7mRK,259.0033669999839,11377.005758999861,5.7927363296103715,0.02236548658307879,0.0005792736329610371,1.0,276367.517374,600.545226,6781.639227826991
MiMuMS9C4vBqcrYeeQPph1E7oAW9aNKvW9k6Zw9XffM,Afy2q2hh6Y474pshJa5fnQ6PfEchGyTbKrQpCZw2hr3m,5pXz9ksgjeL8Wgb37bksUaBFMLdFfsNNY3FQnikkCPtS,0.012538942999999136,0.8271330000006856,0.0,0.0,0.0,0.022417919701343093,26.006551294,7673.713867602,172.0287012949846
MARpDPs5A7XiyCWPNH8GsMWPLxmwNn9SBmKvPa9LzgA,6YjT74rmcfCpw8LSjPNx5JTmZoYLGrTKnf9arfSgZ4SR,F8GSmi3vA8M8TsybLya1LQ4n1aFHCRbZ6k437PeTdXtg,34735.19275500003,36657.109278999735,31296.913804443833,0.9010145423747139,12.518765521777533,1.0,297652.242924,14631.536118,282820.53556297504
FrnkTEL6yZ5Aycq2TrEgu29dCrwKG4LPUZydfiwqspkc,DjvZuMZ46fxKBoBpGMPcRcos4xdTtHFxwMh69DpA2ZFY,9rvDPJLAng4uVVqnnSoEXgNDFhBZQTny9AoQioYDZbQX,54.438611038001,45.36539277899996,11934.753344622603,219.23324488002677,4.773901337849041,182.78244228415906,171.377882545,1440.78653857,300922.2116209728
SoN9GaFpSXfpyR5dth3x7PHPVhvJMpQqqDJfCSmPv1t,9kZ9iS68ViMPtoeqtnhAKuF2iqVyfHPdZHoUNdwCELr,BBhm5fJLjw3HRzjtKB8uMEYjGhY6EDm9co3cqpjrSzB9,5.635964973000001,5.811016426000001,1243.4270644746093,220.62363240925862,0.49737082578984376,215.69374766376708,0.843531256,1.421004911,492.60480445167207
ALBpShJ9NLpE739pcHDF2LNVk5J4VYPvvKuV6jMPitZi,D6d156U1bPiJpDYRLextvDRccgFk7QzkQbJg42ceKEu5,GNcM8U5g8RwTZffwwm3kSQqUNPSwv5d2fbN9sLxPJqt2,1408.9762340000016,1409.631684,1401.921763685138,0.9949931942465514,0.5607687054740553,0.9947962209681158,51177.007146,49139.380435,99804.4437696297
RajgMbScQbqqrdJfR2rxfHJiTiY5b6bJ2tTXiF4aPxy,725ZA3fhyBAKb5iopNRrcbSuQa3LXA1656Q3mBvYPxeg,GLA6i1dSZpUfk2f9Nj8uiG7xyDdAR2reff8oEiZH3617,48859.40517935998,48790.04979557999,49024.37809457359,1.0033764822680098,19.60975123782944,1.0,41119.37461589,142900.50972086,184158.7231760122
GokA1R67GqSavkd15zR62QD68Tuc5AEfvjssntVDEbM8,3YB7hfpBdbQEuZqLGWVDpRPmeZWCUsrrWyqGXegnQ6Cg,4DPCj6Z1DsG6HUtwSogBGqXEUxdEV5a8YVrrFtcnz7UW,32426.497260999997,32416.40806700001,32436.81216726919,1.0003181011561677,3.243681216726919,1.0,12020.396997,20413.862032,32438.08273118234
7oAd7xG4m3oC2qeWB1szghTebAZyyGPAFDJ4wwwbRSNi,D9yh4KAysxt9GLacVe4Wwh2XqghhcjTCSTV9HuM7TBJd,HDYfJLpZKaMFb84jM4mRytn7XLR8UFZUnQpSfhJJaNEy,22.332587543001864,0.5098649999999907,17.590490805490525,0.7876602194716429,0.007036196322196211,0.022861571682849642,957.467941799,300002.607269457,7612.690520306944
C98Sspw7XqnMsgxea3SLQVdbMDL8pKUc3RE82UvX9eq2,CSqgQJurPCzGxb4Cgwx5R61hWQUiaoUHcShNc8r1cKEL,6S2CR5EnukPhC914XkAns8m5GixjMAoUuZMsS5ubHuWc,111.2008420000002,111.13346399999966,0.0,0.0,0.0,1.0,849.249545,914.725354,914.725354
Cob4usZcpHEY7Qt4ZCwj6WVg9S44zvzYV2v9qYF65dTf,NhFM9UXE48PyNAyeyPYA3iXztqKVJwA4bTdLj4ysM8w,6TuFuynuBoeskxyR2cz4wxyidk8dpDK7kAWw3UkjQGx,15.103899000000013,2108.4046310000267,0.10998007158553456,0.007281568261647835,4.399202863421383e-05,1.0,73814.516061,164.864888,702.3503253986719
Sid7E679i9ABqptiAVhkmQ27YHN8vaYT4fppPwmxFsJ,GP7KB8o1bv527HG8kTzzzf4wJ5aEGHvcMQvVhLziUfmT,9gYxhAZ1M9wu5pxr8SBoa5NDm21gi3s9vMHaYTME77sa,705.1165650000094,2098.7165050000312,4.377437394989968,0.006208104606065964,0.0017509749579959874,0.022215449472193134,135996.64856,8693.522951,1037.4119401881621
TETFuZgEmET6d9vYmz9iMFCxK1jKdKYxf3oPz8hSzJK,Eu1Ze6Z84LWNkq7SNoAHBJbXx5t1P95EwyqYohrfCRFV,ASMbv7WNu3qe4pkhREmvyEdwFNDZQ6B6iSrjkj4u8bdC,6.275800535000002,6.2493268959999995,6.254153035099613,0.9965506392722869,0.002501661214039845,0.9913887969100394,43.736788578,207.87222992,249.66812454851868
BkwbeSfcX1h4thMDd7obGkHrPevf3QwgzJ4pCEqG18Lu,35yX27bmurdebhfAb8EPmjLETDiUaEUCn9zHaDPbakH2,2CxECn1ZJFoESyUnQysQU8rRgT3iJ5GRs2Mdd6gZjx5g,0.2182301000000031,0.14595123999999837,480.38676587127566,2201.285550761645,0.19215470634851028,1457.725947521866,0.896522,21.9461218,33964.93211987521
heyk4SZTeCUV6a65WiVA5bzic3KcxgVf1qxobfeV4tQ,9ZDpBKPqMABtGfq66FbVribaArMvtk63xxy91onZAtDt,DaTP4s6N7xxSPinbNZ3FB52EpRDRt87QShTuN3VPCW52,69.38771240200003,60.06047582500014,14506.522066780295,209.06471138198467,5.8026088267121185,182.42682404020687,624.429008526,4475.529006904,947002.6130753448
B2izdXFYb2sNwbWWHmh75T4aQFtfXsUxem9u2p61HGzf,4DYwgJtxwuJdAjkj5RJSNH4e7U329V5cNp7d3a1nLrZv,EXNW64GEf1ACC6xY9BtKRiunrs6GoJSXBdxWN2eTPmrF,5860.791672000012,5771.915058999995,4800.264447376643,0.8190471042180106,0.48002644473766426,1.0,8441.037614,31321.571648,38235.17906234201
BSCNHw8CmxbZ8hCWWzMf5FaG2ajPT6JxfznKUNuRVrn4,7n9kgNL633yGzCYksgnzHyjG73ZLBAwvEae5sbAekbzW,SscdxE99omdG9AiMVwmaEMQySQnCgeAh1sPj2Leutm2,857.7074243699999,856.6206766270006,859.6413750449832,1.0022547906430959,0.3438565500179933,0.7981813590983764,5007.749994307,6697.869297467,10365.155841052623
moFiBS1R4Lf3E3zzmBPnw3NF4RhWPkhREFviuzUaCAU,44ALBrpqi9PfZkBRTvbtRNtFJGsatfY4QydjtMbFWq8S,2ho8qEEie1UjVwWNBo9y4oAJZMyMLx8zPj9bxyUz6uWs,2920.1796113279997,2921.071019439005,2920.909514485665,1.0002499514601204,1.168363805794266,0.9777942094139082,32692.950948807,31728.308522706,63724.878947632176
KysFMBBoavfov2tLpvefWW6tPFt6rAeZWDJVy1mMQae,B8ka2V21TH3x64dFV8ETcjuQcwmrciJ2qzy1mJUttRew,7fSf7EYxBANyxzk2s5pymFgshA91tFYQNKKs5UnLWcYS,28.242523000028996,33.03773600000159,0.0,0.0,0.0,0.021895702318117712,134139.643753,2890.506142,63.28966203392289
KZMu9QBEdL97EFgamLbN5DE1AoKBG4HdrKKJo4Vuon3,DD4ACBWyVqdaKWh7v5btsgqQCCMwbKnuL2xd9pv7Gyuw,GcYqiJ1MAuYbNTNYXm1F1gQYTfTgkErACAhNU5dpVj9T,54.52998155,54.310371069999746,54.63535183590425,1.0019323367239292,0.0218541407343617,1.0,1373.12535157,1715.27859802,3091.057290133397
BSCuChvaSj9b5HUSqgDVRzcnr2sSn7cXaamt1jbKH6hn,GnKpRj5kBVPMJfiwZtEuD9GYApLzPdW5JFuZTcyX4BTc,3dmwD9okkomV9nDwyuh4UMhKdUR13QpuKxRo89ycZB5t,1032.651827224,1035.8417187559996,1029.6031373278656,0.9970477078374712,0.41184125493114626,0.9985171840084383,1621.235125695,1382.076417587,2996.475818513236
AURHmCnNwiW4uA2Qj1XvEh4iKgRUZYXtiY7FKAapUV5Y,BKWm4TRnTeKwfWXRyuzjRHU7iZDkPuXBX5b5V5jSVfGJ,A5Ww74HVrkj9nPeC7pHKLfgeDMEhBCpW1efQdz3TGLEg,0.45959167699993486,0.41063977700008536,92.32806890416988,200.89151637135276,0.03693122756166796,181.643605799953,290.093755115,1795.102760561,384346.31256466196
wrmcMSHFi3sWpAEy4rGDvQb3ezh3PhXoV2xNjgLBkKU,8p4mGnARWPBu6P2Gcw4adodLkNDorrXniZMhaY7eJXUn,AyY89zccbsgp9LKFgH4CFZMJmpSgqmPSdTfukhP227rc,0.019354960000000018,0.15950897999999114,7.59315810121617,392.31071008238524,0.003037263240486468,3497.3594935823453,27.0281834,0.10161801,10958.840533883382
JSoLLrxK5bYdHwTEWYaGgmeycBCNXKDiBCTw5hXGBg7,xG4wXczA7Dk4hccJ61CHKpDHW4NrNfQwgmWgkb9BuF2,BVR6WgfhsRr9Lob4QDnkEAiNGgAbv7ZieKcY9kSg3QYR,3.354421566999889,2.833341431000001,703.5498515893297,209.73805394966118,0.28141994063573195,181.643605799953,17.014007702,164.738746068,33492.22471605638
KEVpg4SYCVrqFxKijQH6hm4QxsRdoE51ud64bEEFUC9,2bPenuBYfqzD8p5dFjCcggwkHDsc2RQDnx9AoyYGUBjA,AE6n6iLuX8oYu61vt5hoDYkjswpnxFxrhSehxrnQTnbx,556.9684703459998,557.5738036269995,555.5942280243737,0.9975326389287847,0.2222376912097495,0.999714351618312,5650.648669758,1877.621288084,7513.791427804761
C2ypsDADXcCRz8HbV2zX1AXPSja7a1P3xZtRC91xGhJh,J9bYNuDpY1d1T86gLaw7DGk5D3CsUAf2tzUwxMvb6FTv,A2NGvvPrMGzsJ4jb52KEnSBVmsA7C34dV1GC7PerdgvG,66.54098228099929,67.09605936099706,12110.3298243499,181.9980620846349,4.8441319297399605,181.4730530663502,4222.114168567,2102.458054947,1149956.078754446
Lid8SLUxQ9RmF7XMqUA8c24RitTwzja8VSKngJxRcUa,4PgzyzLtds9bKZ2to9PMnKqJzKEUpjvNUaeN23phegax,AtymwxoVN9peZo7EXTcDz9jKVc4vRmisJKKrNfe3ewBa,55.40596844999641,46.760417668999025,11872.500604274413,214.28197965692598,1.1872500604274412,178.8570249137104,959.388668659,7660.408695077,1575697.6120052638
oKQqupM9E7SSLAFDLxr7mdsXP7znck9qRbVWc6Yyj7Q,CMR2J7CwfW98RpvnJmFBgRFTLAd3x8CJ1SWs8Bt3uunG,FmRb5jHfSNj1YWP3b45d9vvYuhwjp4om8bALmtqZpr1v,376.63712561999955,371.5016343799998,381.2558032983611,1.0122629378895098,0.15250232131934444,1.0,2176.16186001,3720.4519216,5923.299919336823
4vezWG46exH6pf9nry3n1VJ7hZHvjBJNgNeF4qEFCML5,,,0.15200199999999953,0.15007799999999882,0.0,0.0,0.0,1.0,2176.16186001,3720.4519216,3720.4519216
KEN5P7p3asnb23Sw6yAmJRGvijfAzso3RqfyLAQhznt,9zj4aX38Uxf3h6AUjS4EipWS8mwbEofasHAf3a1uKGds,CwQDG1MWunn9cLNwcZLd8YBacweSR7ARo32w4mLua1Yr,101980.46217999957,101989.18122299993,101112.51237378301,0.9914890579267568,10.111251237378303,1.0,1156114.036713,1109822.9833,2256097.400416472
HEDSDjj84KS7LKhZY7ejkCACTdPen62rKhCby1wXtgxc,EnnjMSFttpCTywBrYNt1J5QQeoSVkvzPipJDa8Y7kJow,6bjVT6JN2rSvpyn9PdfLYC8wJn4LWh49jpY47fnLDXZk,5.65363226899899,5.834628072007035,5.398948177906874,0.9549521300689036,0.00215957927116275,0.999714351618312,38822.791667105,9065.109134514,46136.4272984831
ALLwa5WNZbvQsRKAqe1jdRGemdYQnW8E5k4msbRFcYtu,CGoM82Hbz7QVqTgvQatYtjvDWBvoUJp5qm21P8iMs9yb,3dxNNww8TivyN5FMy5dCNdi3Zcxv6e4kUfSPxfFwpdNq,22.818611511000018,22.74057204300001,79790.93471921119,3496.748024337366,31.91637388768448,3506.9999719440007,5.513416881,3.1849023,30448.481862729415
MATSnbbiTCv7Dc3trJrkrqjx7ckKdr6fwPoVwv9q3sD,631WX9JizSHJm4w6VanZeJAst9T8DeUUnPLesdGkCVtK,211maUSfpnXbPuW1iBu8b4dtJv5EbN1j7JJiEX5TZKEP,1797.396983000006,1796.7093950000017,1793.0917696610497,0.997604750992866,0.71723670786442,0.9606932362392703,21101.695003,24464.800863,44554.31990401998
BSC8REUo9LpiiWUuqMuLXs2D2yJsJfGd4HdiF3wCLxk5,AZjEH1zWVx1UJ6udMyRijGTzPteuLnaY18yNNmprJEsh,Caf8ypkSVR8xYnXNhjvfvdGCC7mrM3C11rz8Xi6NA6aK,6655.193039290001,6679.020240681,6644.112632720075,0.9983350736027474,2.6576450530880305,0.999714351618312,3439.798005107,2777.165465841,6210.443167627083
BUSDTd9WiT6uBHJRgNvFXBsA7JrifsAtWzKfioN7ERcy,DyBxrn7gSc1EwnpWhDyhzvMHPtxpmBqRqotapLcKcfTM,Cds99GeBgoCpqBsoRWu1C6fF9LiUMd4pXQQD24s9LPff,405.78916678,404.46431995000006,404.5680509404853,0.9969907628407026,0.04045680509404853,0.9983876040195085,113.4939952,71.74497254,184.78175608694306
YakoMPuYrybnr9R7VC7hVGxMz94fJvPFCdZ4gmW61Ed,,,0.020828999999999986,0.020782999999999996,0.0,0.0,0.0,0.9983876040195085,113.4939952,71.74497254,71.62929123465604
AUSejoEUCh2DBs9mof6BNC8Pubs22w4cJa1ccV9h44R,4xkyD7AfGQDwsQMy9MosRRNGoVJ1zosNinesxg1TzHG7,Cbm5gsQe3nSiCsFrvepVzMCD9xLK3ri9g3ypS2hdmVJ7,599.3276040000019,599.9075960000009,597.5659794924582,0.997060665159111,0.059756597949245815,1.0,15548.599733,13331.521961,28834.419153077753
BUSDgu5JdqP1rndBvXvanbEufS94FNh1w5FJcAj6vawb,Bgzr8cWubt89JQFXndVjtdKmDbGzuPxNhvjH1EhWCwbo,Dxaf8xPBBQsasRKW5Aa4Sw2YrbfGofY9xZueyyF23FBW,6576.821495249997,6582.237254260008,6569.006807681375,0.9988117835379497,2.62760272307255,1.0,7905.47562954,7220.62520364,15116.707416896643
STK75uPSyBnEhGTTzb1nwmP3n427XoXmfRhXxxhyady,6TYyD5fUmDe6N65avW1Ny2RxzRNobw2RRgKwH9CTzSAU,54zDfk4cx2vGrEajPtodWpArNe5eUurytyxd4X3aZAxK,764.409696518999,863.6712039680037,138441.2439050583,181.1086967309518,13.844124390505831,204.26413640595618,1753.581721761,304.40925141,379768.7930926005
7dwD9TF6uikvHXxPFK9AsSim54yJoujQjY9vU6gNFumk,CquVr6atkvwueDYficKjn6SSEWq4F4rH4VSiBbW4GBWU,8BCa6ge3b7ho3TfZuM64Vk1hgbrJ3J7EPiAb9uP86CGd,0.0037083319999999995,0.003755396,0.7929686146829755,213.83431005718356,0.00031718744587319023,216.72097694348872,0.005642849,0.001913686,1.6213706221549453
MATgk4zXLXtYkwBH678J1xZbRDZ45LicNzkRBHkxTuY,y8dALFo1bJrSzPYjMX14HJX448pXqYmrfXHD1K8MXih,GN7Yuet3UyiWS5YVkEHv6oQKi4HGBJc3XDPt9zQhAqZz,1330.9197760000006,1329.3523169999999,1334.2366884073815,1.0024921955982573,0.5336946753629527,1.0,2947.487467,5130.597526,8085.4307082911755
parEAJhzYzHW87y9VoZAQ22dzQ2MD2ekEtTReaxbMcz,3oyc6hpjYSJEquK6dSvG72NXyz3pqLZz5D8AC71pwgQb,Di2vordgFJVZ1aj1aBpvzXtLfZgJsuLLXawGtVFwX6Rz,5.445620618000078,6.402742797999963,943.410911967372,173.24212943681758,0.3773643647869488,208.64704285589394,1101.867870894,141.161418081,220342.8487596341
WiiQFxXqp8P9Fs1rt9SVcDyA3KUdJmUsog6wnVQAwba,3S2jpqSYxho6wiz3cafhjXruVY8cg4HYa2v3BqBHYFSj,Dfe67M6TfrG74gKRtdqys4e6E9QirPD53BkF4FujFjuv,9038.367029898,9044.194552947996,9010.508456987296,0.9969177426831031,0.9010508456987297,0.999714351618312,21577.057068658,5256.051701679,26765.101345647374
YAkoNb6HKmSxQN9L8hiBE5tPJRsniSSMzND1boHmZxe,CfWX7o2TswwbxusJ4hCaPobu2jLCb1hfXuXJQjVq3jQF,EnTrdMMpdhugeH6Ban6gYZWXughWxKtVGfCwFn78ZmY3,7782115.211793016,7782520.360659984,7782115.211793016,1.0,778.2115211793016,0.9951625150145145,1165185.433865,319683.622568,1483322.5917087216
MAR3XM1n9xWPQ3HJjAcC85o8DopWFP5p2WxGTaZ3fPB,6qG7GUhER8Cg9gDEgnebph9LdS6eu2eoWcA4R7z9uizK,4QV4CwRXVMY227KkFF9voNAfwWHVvVajXSXDKbUHkWZR,0.010256000000000001,0.4334600000000002,0.009361191762954472,0.9127527069963407,3.744476705181789e-06,0.02182809272477746,0.108884,24.413567,0.6322857699671567
Lee1XZJfJ9Hm2K1qTyeCz1LXNc1YBZaKZszvNY4KCDw,9DgFSWkPDGijNKcLGbr3p5xoJbHsPgXUTr6QvGBJ5vGN,2hNHZg7XBhuhHVZ3JDEi4buq2fPQwuWBdQ9xkH7t1GQX,1154.9543125409982,971.5117359039941,250336.35537919294,216.75000704437525,25.033635537919295,182.07746012139467,6671.783732915,53934.649405325,11266393.14736734
RoBgmK8CvjdHvPrqdDyVw54VwjZv2TqJ493xnqJAQHx,ExiHJxM7qPAcy27NDHAF6G7vnW7muNHi2sVJpnaNynGQ,6rkPHSqZb7StM4HwS9EuVrmfkV7tRdc7dnsFhyB6cefE,0.6137329999999999,34.3286449999996,0.0,0.0,0.0,0.9091429781887509,6236.1915,19.476073,17.70653501064152
daob129AwBGn9Y5r91uLoWZeYiGzbPmksauMhFZKTze,6VW5GQNyj4LStgmxEHLr5zUfW92vQnmbw8jTnCH7a38F,4VPCCUifPeBA1c7HWK358CHn2nyjm8pdTRk6Ps3KmnMQ,14.30106547399987,12.768051171000046,2922.6789269703254,204.36791456440204,1.16907157078813,182.17504617226547,47.586448635,224.945360808,50704.5747604953
