0,1,2,3,4,5,6,7,8,9,10,11
BSCrK1Nx9PXU9mF7STWWBqeHLxmtJDr9h7jheEy4tAWX,FfSySSbVJPvEo5a5AvrP3nySoXpRE2QPn1uUMpJJ1x7v,HL7Vcj6838ZmvBHDbQxXfjBNckNi83WvPiZQoMQLFeRM,0.3345804990000003,0.3340488739999997,1045.9889924031647,3126.2700472066776,0.4183955969612659,3120.806416377992,0.838420608,0.966032358,5635.929215026373
BSC8REUo9LpiiWUuqMuLXs2D2yJsJfGd4HdiF3wCLxk5,AZjEH1zWVx1UJ6udMyRijGTzPteuLnaY18yNNmprJEsh,Caf8ypkSVR8xYnXNhjvfvdGCC7mrM3C11rz8Xi6NA6aK,2385.573838106,2387.956501729,2384.061449124212,0.9993660271765099,0.9536245796496848,0.999866041947164,3332.157797541,2880.028572462,6209.6880694961
Lee1XZJfJ9Hm2K1qTyeCz1LXNc1YBZaKZszvNY4KCDw,9DgFSWkPDGijNKcLGbr3p5xoJbHsPgXUTr6QvGBJ5vGN,2hNHZg7XBhuhHVZ3JDEi4buq2fPQwuWBdQ9xkH7t1GQX,1136.1776887120068,956.3432345970086,232970.04890211718,205.04719571303727,23.29700489021172,172.30841759358543,6680.454503771,53930.22424792,10662440.06271308
ALLwa5WNZbvQsRKAqe1jdRGemdYQnW8E5k4msbRFcYtu,CGoM82Hbz7QVqTgvQatYtjvDWBvoUJp5qm21P8iMs9yb,3dxNNww8TivyN5FMy5dCNdi3Zcxv6e4kUfSPxfFwpdNq,1.8850481879999985,1.8731794060000002,5882.870480292102,3120.806416377992,2.353148192116841,3101.650388171546,1.277064362,7.409188214,26966.182155046412
BkwbeSfcX1h4thMDd7obGkHrPevf3QwgzJ4pCEqG18Lu,35yX27bmurdebhfAb8EPmjLETDiUaEUCn9zHaDPbakH2,2CxECn1ZJFoESyUnQysQU8rRgT3iJ5GRs2Mdd6gZjx5g,0.1630987200000007,0.10615536000000003,360.614486601222,2211.0197222959227,0.14424579464048878,1497.005988023952,0.92007253,21.91098061,34835.167686419416
BUSDgu5JdqP1rndBvXvanbEufS94FNh1w5FJcAj6vawb,Bgzr8cWubt89JQFXndVjtdKmDbGzuPxNhvjH1EhWCwbo,Dxaf8xPBBQsasRKW5Aa4Sw2YrbfGofY9xZueyyF23FBW,3299.2689999500008,3306.844681450003,3292.394973105403,0.9979165000354012,1.3169579892421612,1.0,8891.07879847,6224.85903841,15097.413274518141
SoN9GaFpSXfpyR5dth3x7PHPVhvJMpQqqDJfCSmPv1t,9kZ9iS68ViMPtoeqtnhAKuF2iqVyfHPdZHoUNdwCELr,BBhm5fJLjw3HRzjtKB8uMEYjGhY6EDm9co3cqpjrSzB9,0.1669595620000004,0.16499173200000017,34.60430179689576,207.26157509263038,0.013841720718758305,201.45989930631313,0.853884932,1.409307591,460.8965013286663
wrmcMSHFi3sWpAEy4rGDvQb3ezh3PhXoV2xNjgLBkKU,8p4mGnARWPBu6P2Gcw4adodLkNDorrXniZMhaY7eJXUn,AyY89zccbsgp9LKFgH4CFZMJmpSgqmPSdTfukhP227rc,0.008414810000000092,0.04299594999999973,3.153870371689145,374.7999505264065,0.001261548148675658,3122.0730565095223,26.99582627,0.10536377,10446.98773786473
AURHmCnNwiW4uA2Qj1XvEh4iKgRUZYXtiY7FKAapUV5Y,BKWm4TRnTeKwfWXRyuzjRHU7iZDkPuXBX5b5V5jSVfGJ,A5Ww74HVrkj9nPeC7pHKLfgeDMEhBCpW1efQdz3TGLEg,0.005294287999959124,0.004732710999974188,1.0160997174419792,191.9237709489594,0.0004064398869767918,172.41111775851755,290.130493989,1795.061460677,365171.49135421205
Cob4usZcpHEY7Qt4ZCwj6WVg9S44zvzYV2v9qYF65dTf,NhFM9UXE48PyNAyeyPYA3iXztqKVJwA4bTdLj4ysM8w,6TuFuynuBoeskxyR2cz4wxyidk8dpDK7kAWw3UkjQGx,146.95880299999558,1533.7015719999908,1.0892156081390978,0.007411707130869394,0.00043568624325563917,1.0,73696.337975,165.726894,711.9425676882685
KZMu9QBEdL97EFgamLbN5DE1AoKBG4HdrKKJo4Vuon3,DD4ACBWyVqdaKWh7v5btsgqQCCMwbKnuL2xd9pv7Gyuw,GcYqiJ1MAuYbNTNYXm1F1gQYTfTgkErACAhNU5dpVj9T,23.611125809999862,23.763932920000116,22.385379225464188,0.9480860593264663,0.008954151690185675,1.0,2386.92278617,713.02350525,2976.031723506465
FrnkTEL6yZ5Aycq2TrEgu29dCrwKG4LPUZydfiwqspkc,DjvZuMZ46fxKBoBpGMPcRcos4xdTtHFxwMh69DpA2ZFY,9rvDPJLAng4uVVqnnSoEXgNDFhBZQTny9AoQioYDZbQX,121.73576952099756,101.57557200100041,25220.327022300185,207.17269149023667,10.088130808920074,172.38760802023003,171.459009035,1440.662830413,283874.04368058115
YAkoNb6HKmSxQN9L8hiBE5tPJRsniSSMzND1boHmZxe,CfWX7o2TswwbxusJ4hCaPobu2jLCb1hfXuXJQjVq3jQF,EnTrdMMpdhugeH6Ban6gYZWXughWxKtVGfCwFn78ZmY3,6136001.562095993,6137405.984012008,6136001.562095993,1.0,613.6001562095994,0.9987804890229032,982936.442031,507766.075019,1490083.290747717
HEDSDjj84KS7LKhZY7ejkCACTdPen62rKhCby1wXtgxc,EnnjMSFttpCTywBrYNt1J5QQeoSVkvzPipJDa8Y7kJow,6bjVT6JN2rSvpyn9PdfLYC8wJn4LWh49jpY47fnLDXZk,11.295782832998157,11.64574760800133,10.945127118960478,0.9689569355907486,0.004378050847584192,0.9998660429468962,38827.571881824,9060.476337598,46681.50768992979
Lid8SLUxQ9RmF7XMqUA8c24RitTwzja8VSKngJxRcUa,4PgzyzLtds9bKZ2to9PMnKqJzKEUpjvNUaeN23phegax,AtymwxoVN9peZo7EXTcDz9jKVc4vRmisJKKrNfe3ewBa,52.19132338299187,44.07815108500063,10627.190620574704,203.61987264798688,1.0627190620574705,172.09224764005597,960.397689921,7659.20413049,1513645.7092631594
BSCNHw8CmxbZ8hCWWzMf5FaG2ajPT6JxfznKUNuRVrn4,7n9kgNL633yGzCYksgnzHyjG73ZLBAwvEae5sbAekbzW,SscdxE99omdG9AiMVwmaEMQySQnCgeAh1sPj2Leutm2,635.5042636199987,633.8551567059985,637.1598061388462,1.0026050848336046,0.25486392245553846,0.999865044215522,4903.576766191,6801.625462217,11717.058543172041
7dwD9TF6uikvHXxPFK9AsSim54yJoujQjY9vU6gNFumk,CquVr6atkvwueDYficKjn6SSEWq4F4rH4VSiBbW4GBWU,8BCa6ge3b7ho3TfZuM64Vk1hgbrJ3J7EPiAb9uP86CGd,4.328600000000002e-05,4.3464999999999476e-05,0.008823978487806642,203.8529429332033,3.529591395122657e-06,204.41549739298694,0.003957448,0.003552023,1.5328259696014492
MATSnbbiTCv7Dc3trJrkrqjx7ckKdr6fwPoVwv9q3sD,631WX9JizSHJm4w6VanZeJAst9T8DeUUnPLesdGkCVtK,211maUSfpnXbPuW1iBu8b4dtJv5EbN1j7JJiEX5TZKEP,244.24332100000174,244.52731800000038,244.30586330100678,1.0002560655527815,0.09772234532040272,0.9961558346341468,20112.885712,25453.363676,45473.55266611013
MATgk4zXLXtYkwBH678J1xZbRDZ45LicNzkRBHkxTuY,y8dALFo1bJrSzPYjMX14HJX448pXqYmrfXHD1K8MXih,GN7Yuet3UyiWS5YVkEHv6oQKi4HGBJc3XDPt9zQhAqZz,1788.5862270000007,1784.9807329999994,1792.0287141599017,1.001924697343597,0.7168114856639607,1.0,3192.206962,4883.47974,8081.830734259973
oKQqupM9E7SSLAFDLxr7mdsXP7znck9qRbVWc6Yyj7Q,CMR2J7CwfW98RpvnJmFBgRFTLAd3x8CJ1SWs8Bt3uunG,FmRb5jHfSNj1YWP3b45d9vvYuhwjp4om8bALmtqZpr1v,473.29990818999977,466.88436657999955,479.1034269405241,1.0122618209936238,0.19164137077620969,1.0,2176.16186239,3720.30118522,5923.146754819778
BerKDkt6v49dT1bHRedgnpsJS263C1DSJtEGvY9Mg35V,78XKqNb8wbfsMMrvo8WPUpdx7GEkfQutpNVH943aCGFa,DKYQwn4nDvFHCszi5tXbqfVMAP7DaXXp1KGTXEnYnKVH,268.4959405540003,267.89515474400014,269.01198436051516,1.0019219799206278,0.10760479374420608,0.9998701398658446,1337.244815495,1688.072572841,3027.668332689572
WiiQFxXqp8P9Fs1rt9SVcDyA3KUdJmUsog6wnVQAwba,3S2jpqSYxho6wiz3cafhjXruVY8cg4HYa2v3BqBHYFSj,Dfe67M6TfrG74gKRtdqys4e6E9QirPD53BkF4FujFjuv,9022.671980435996,9000.080051252,9069.15838225871,1.0051521768632963,0.9069158382258711,0.9998665538102623,4054.736585932,22779.593304299,26852.18076032557
BSCuChvaSj9b5HUSqgDVRzcnr2sSn7cXaamt1jbKH6hn,GnKpRj5kBVPMJfiwZtEuD9GYApLzPdW5JFuZTcyX4BTc,3dmwD9okkomV9nDwyuh4UMhKdUR13QpuKxRo89ycZB5t,1658.239276577,1660.2466888440001,1655.2488609483403,0.9981966320114956,0.6620995443793362,0.999290503742343,1749.418212821,1253.49457092,2998.8685892304306
YakoMPuYrybnr9R7VC7hVGxMz94fJvPFCdZ4gmW61Ed,,,0.1573690000000001,0.15769999999999995,0.0,0.0,0.0,0.999290503742343,1749.418212821,1253.49457092,1252.6052212129387
C2ypsDADXcCRz8HbV2zX1AXPSja7a1P3xZtRC91xGhJh,J9bYNuDpY1d1T86gLaw7DGk5D3CsUAf2tzUwxMvb6FTv,A2NGvvPrMGzsJ4jb52KEnSBVmsA7C34dV1GC7PerdgvG,224.45686007300014,226.19684952600073,38578.07073828044,171.87298586344693,15.431228295312176,171.87750565176208,4228.606768761,2137.983996139,1094254.6277690933
AUSejoEUCh2DBs9mof6BNC8Pubs22w4cJa1ccV9h44R,4xkyD7AfGQDwsQMy9MosRRNGoVJ1zosNinesxg1TzHG7,Cbm5gsQe3nSiCsFrvepVzMCD9xLK3ri9g3ypS2hdmVJ7,1570.8508340000008,1569.1496529999986,1572.1856195910334,1.00084972141348,0.15721856195910333,1.0,14163.514594,14714.641623,28890.191258640658
SoNcU2iwHMw6dGzsYNQkYFkUjwN1UdAjrWVRnStrZu2,8ivTTid27jZnYNc4w3CTA1Z6QS2twsFb8WMwUabeDJgc,CyXm53PMvHCbeXJBykU46Rcbo28xk5srhMZFg7gv6EYB,1.0261704790000046,1.0175663600000018,207.6045242579785,202.309975297952,0.0830418097031914,202.0744559498904,15.309987847,19.388813916,7015.34728672788
B2izdXFYb2sNwbWWHmh75T4aQFtfXsUxem9u2p61HGzf,4DYwgJtxwuJdAjkj5RJSNH4e7U329V5cNp7d3a1nLrZv,EXNW64GEf1ACC6xY9BtKRiunrs6GoJSXBdxWN2eTPmrF,5891.534639999991,5812.865701999994,5955.153545324694,1.0107983588677845,0.5955153545324694,1.0,9163.313195,30587.144688,39849.40662729752
KEVpg4SYCVrqFxKijQH6hm4QxsRdoE51ud64bEEFUC9,2bPenuBYfqzD8p5dFjCcggwkHDsc2RQDnx9AoyYGUBjA,AE6n6iLuX8oYu61vt5hoDYkjswpnxFxrhSehxrnQTnbx,2807.915663342,2806.431366212,2809.8281335234888,1.0006810995808944,1.1239312534093955,0.9998650462149824,3149.194331599,4376.146334644,7526.895003670756
daob129AwBGn9Y5r91uLoWZeYiGzbPmksauMhFZKTze,6VW5GQNyj4LStgmxEHLr5zUfW92vQnmbw8jTnCH7a38F,4VPCCUifPeBA1c7HWK358CHn2nyjm8pdTRk6Ps3KmnMQ,13.502068613999938,12.041418768999982,2600.478879738948,192.59855316114894,1.040191551895579,171.76617539250287,46.501330365,226.152156932,47801.380001342346
C98Sspw7XqnMsgxea3SLQVdbMDL8pKUc3RE82UvX9eq2,CSqgQJurPCzGxb4Cgwx5R61hWQUiaoUHcShNc8r1cKEL,6S2CR5EnukPhC914XkAns8m5GixjMAoUuZMsS5ubHuWc,10.59553799999992,10.601989000000003,0.0,0.0,0.0,1.0,898.081485,865.817673,865.817673
STK75uPSyBnEhGTTzb1nwmP3n427XoXmfRhXxxhyady,6TYyD5fUmDe6N65avW1Ny2RxzRNobw2RRgKwH9CTzSAU,54zDfk4cx2vGrEajPtodWpArNe5eUurytyxd4X3aZAxK,358.4050805470001,404.6640275949967,61614.46883665488,171.91293366326863,6.161446883665489,194.08657037384955,1808.241299242,314.761051919,371950.9595779965
Sid7E679i9ABqptiAVhkmQ27YHN8vaYT4fppPwmxFsJ,GP7KB8o1bv527HG8kTzzzf4wJ5aEGHvcMQvVhLziUfmT,9gYxhAZ1M9wu5pxr8SBoa5NDm21gi3s9vMHaYTME77sa,534.5086060000012,1668.1675579999865,3.956617091632586,0.0074023449710977655,0.0015826468366530347,0.022731323552453973,136114.826646,8654.876307,1204.3056961557472
7oAd7xG4m3oC2qeWB1szghTebAZyyGPAFDJ4wwwbRSNi,D9yh4KAysxt9GLacVe4Wwh2XqghhcjTCSTV9HuM7TBJd,HDYfJLpZKaMFb84jM4mRytn7XLR8UFZUnQpSfhJJaNEy,0.180014179000068,7.918172976002097,0.17999005403317564,0.9998659829629735,7.199602161327026e-05,0.022767911492799345,955.224689799,300101.017633752,7787.77008180066
parEAJhzYzHW87y9VoZAQ22dzQ2MD2ekEtTReaxbMcz,3oyc6hpjYSJEquK6dSvG72NXyz3pqLZz5D8AC71pwgQb,Di2vordgFJVZ1aj1aBpvzXtLfZgJsuLLXawGtVFwX6Rz,3.2131386159999806,3.642328567999499,539.8522679789648,168.01399892639057,0.21594090719158596,192.05897593385797,1103.50262932,139.772381327,212248.42999933998
JSoLLrxK5bYdHwTEWYaGgmeycBCNXKDiBCTw5hXGBg7,xG4wXczA7Dk4hccJ61CHKpDHW4NrNfQwgmWgkb9BuF2,BVR6WgfhsRr9Lob4QDnkEAiNGgAbv7ZieKcY9kSg3QYR,2.1255887189999214,1.8034804309999934,423.6826459416507,199.32484687865264,0.1694730583766603,171.38480464617348,16.999841858,164.75379246,31624.787410780467
heyk4SZTeCUV6a65WiVA5bzic3KcxgVf1qxobfeV4tQ,9ZDpBKPqMABtGfq66FbVribaArMvtk63xxy91onZAtDt,DaTP4s6N7xxSPinbNZ3FB52EpRDRt87QShTuN3VPCW52,39.93584675799684,34.57262497099987,7790.782424554176,195.08243988827238,3.1163129698216703,171.7768268594369,618.761947583,4482.032438082,890618.9005393025
MARpDPs5A7XiyCWPNH8GsMWPLxmwNn9SBmKvPa9LzgA,6YjT74rmcfCpw8LSjPNx5JTmZoYLGrTKnf9arfSgZ4SR,F8GSmi3vA8M8TsybLya1LQ4n1aFHCRbZ6k437PeTdXtg,15743.541366000047,16516.897470999975,14688.496070265048,0.9329855163328444,5.87539842810602,1.0,297029.318684,15202.673797,292326.7260553848
SAMyS8Jr2HJrkFwYVKbpUwsNStnQmvz3f8Tup8bWUWF,6jPzm5TFfquvgm25sTyN3MMGBfufRaFHMxobDWv6hMFW,Cj9ECoDmxsHTDzCY5ZA6RWrPbg9uFzEC1Qc2kso2vJG6,483.04483451000124,11.548888359999978,457.9680736285921,0.9480860593264663,0.18318722945143687,0.022833408637915022,513.79978022,107504.35359207,2941.817244834226
BkMBnJpvHKtWhUvrgRrLesXfi9RUV3ELgdBaJcdH7hcY,5uerVwBnZQsuVhZ15igs7ZgmcqhHnYWbwoRtLyRqLvR,9YWiQh5d4jCtgMdzcGLv9bWgnLaFtzvDDh2nnhJdzhBX,1.4684738939999988,1.4598249719999785,1.4782577651927937,1.0066626115947792,0.0005913031060771176,0.9998652221675127,918.704587353,1955.76814113,2880.330106127966
BUSDTd9WiT6uBHJRgNvFXBsA7JrifsAtWzKfioN7ERcy,DyBxrn7gSc1EwnpWhDyhzvMHPtxpmBqRqotapLcKcfTM,Cds99GeBgoCpqBsoRWu1C6fF9LiUMd4pXQQD24s9LPff,337.50047772,337.4673626900001,336.1638398681084,0.9960395971557692,0.03361638398681085,0.9995032468862975,109.74049604,64.45319034,173.72705248436642
GokA1R67GqSavkd15zR62QD68Tuc5AEfvjssntVDEbM8,3YB7hfpBdbQEuZqLGWVDpRPmeZWCUsrrWyqGXegnQ6Cg,4DPCj6Z1DsG6HUtwSogBGqXEUxdEV5a8YVrrFtcnz7UW,8989.01440200001,8988.474826,8989.76954264159,1.0000840070565926,0.8989769542641591,1.0,16131.916373,16294.527568,32427.799135811692
vEnkoSUkpnbRrPgBz9DfcVxNz67zjwMYBZraAvDDNSf,DtfyjjsZ5yCjWKLKHvwsfXs5QVsmm1QkK6Sh9JZHoq1g,e5wrKCRv4GhHvEf1VD5Pq2KGaZDXP77nTL612Jyrxwy,3448.9789199999996,3451.5119189999996,3445.485198009218,0.9989870271544653,0.3445485198009218,0.9989331394071131,1258.883921,690.496847,1947.36888889677
RajgMbScQbqqrdJfR2rxfHJiTiY5b6bJ2tTXiF4aPxy,725ZA3fhyBAKb5iopNRrcbSuQa3LXA1656Q3mBvYPxeg,GLA6i1dSZpUfk2f9Nj8uiG7xyDdAR2reff8oEiZH3617,2531.83300287,2530.765125949998,2531.9166320763575,1.0000330310910168,1.012766652830543,1.0,82730.38805525,101213.77286237,183946.8935925977
KwnjUuZhTMTSGAaavkLEmSyfobY16JNH4poL9oeeEvE,J63v6qEZmQpDqCD8bd4PXu2Pq5ZbyXrFcSa3Xt1HdAPQ,BnKQtTdLw9qPCDgZkWX3sURkBAoKCUYL1yahh6Mw7mRK,321.6127789999905,9913.393195999884,7.262648836608513,0.022581965987765452,0.0007262648836608512,1.0,276158.944228,605.228122,6841.440007773912
KEN5P7p3asnb23Sw6yAmJRGvijfAzso3RqfyLAQhznt,9zj4aX38Uxf3h6AUjS4EipWS8mwbEofasHAf3a1uKGds,CwQDG1MWunn9cLNwcZLd8YBacweSR7ARo32w4mLua1Yr,57455.7413069997,57461.521594999125,57354.968627121845,0.9982460816345681,5.735496862712185,1.0,1142413.417966,1096023.436387,2236433.1544783134
ACUSESXyNnwRLAg1dpSGMLSzUDdLjUMybY8rkXiAKhCP,AhFPQdu8GKBsxuhiH46UmCu1YpaLgNpoP325HnYtsgas,A8wxWpT3aFEr2XqZp1kDmbxbFfcBE95UUmdsNTDBJYbT,409.696043249,409.859189042,409.6415781240558,0.9998670596754796,0.16385663124962233,0.9878482680431205,1045.506892269,1840.979146512,2863.975963628835
ercAoEmXjQzEvAFbdjAo81KtMxRGn9AW1ju882upmPH,CMRhskR2Eg6V42RTSdRTXGdozyPbWB8U9dVpijPWb9T4,7TKLLgrWswt6ZJ1pXhVR3FyufHGjJFqiEXxvWJfDcgRm,2.5258922980000023,2.29166591300001,434.72306615713933,172.10673095656233,0.17388922646285573,149.27719237068155,35.54285717,323.912540228,54469.91953527599
NorjjEePhxfwLF4vZjUHCrVVKLzQjEEGQFd3wgjEJmh,34M8pFVqgbV7aqHxvRT5tCv3vu2P1JJYT8J3VaxBK2oG,3AZWBSze3ucsY3xSeuLne3b2pauVqiaJ1SZSV5T9WGWw,135.48299300000008,237.68531300000905,76.77604026176269,0.5666839694171995,0.03071041610470508,1.0,38234.087171,2132.435082,23799.0793671055
