0,1,2,3,4,5,6,7,8,9,10,11
KEVpg4SYCVrqFxKijQH6hm4QxsRdoE51ud64bEEFUC9,2bPenuBYfqzD8p5dFjCcggwkHDsc2RQDnx9AoyYGUBjA,AE6n6iLuX8oYu61vt5hoDYkjswpnxFxrhSehxrnQTnbx,597.4977717410002,599.6832384629997,595.5533412992454,0.9967457109738016,0.2382213365196982,0.9996866202376611,6115.589568263,1414.387880489,7509.632312193426
CZgvH45CRmoaNJ7395Ao5CQZXkGznvqU7cErD6n7FaRg,4ZjU6MKvtqVQKCiowhvZ5yUsPxXX5SCzd5eFsPeXyey5,BsyWeshjDbCvjDojry3vKDCesmFRM37WtwcR4Kfgzqr,15.370908170000007,14.853359079999962,15.893295523518166,1.03398545796648,0.0063573182094072665,1.0,204.54073547,601.05684216,812.5489881977485
BUSDTd9WiT6uBHJRgNvFXBsA7JrifsAtWzKfioN7ERcy,DyBxrn7gSc1EwnpWhDyhzvMHPtxpmBqRqotapLcKcfTM,Cds99GeBgoCpqBsoRWu1C6fF9LiUMd4pXQQD24s9LPff,205.10527498000002,206.09833434,204.50893918387618,0.9970925379847886,0.020450893918387617,0.9991766784169844,111.32299976,74.00272738,184.94113170412444
BSCNHw8CmxbZ8hCWWzMf5FaG2ajPT6JxfznKUNuRVrn4,7n9kgNL633yGzCYksgnzHyjG73ZLBAwvEae5sbAekbzW,SscdxE99omdG9AiMVwmaEMQySQnCgeAh1sPj2Leutm2,451.2010546850015,450.3976403680017,452.10986513884984,1.0020142028579317,0.18084394605553997,0.9996824098955178,5033.807051895,6672.88356707,11714.71048572594
ALLwa5WNZbvQsRKAqe1jdRGemdYQnW8E5k4msbRFcYtu,CGoM82Hbz7QVqTgvQatYtjvDWBvoUJp5qm21P8iMs9yb,3dxNNww8TivyN5FMy5dCNdi3Zcxv6e4kUfSPxfFwpdNq,20.351431426000012,20.338902837000003,74868.2317109959,3678.7698193724023,29.94729268439836,3683.0513343694984,2.276908179,6.439046088,32091.55837686247
moFiBS1R4Lf3E3zzmBPnw3NF4RhWPkhREFviuzUaCAU,44ALBrpqi9PfZkBRTvbtRNtFJGsatfY4QydjtMbFWq8S,2ho8qEEie1UjVwWNBo9y4oAJZMyMLx8zPj9bxyUz6uWs,3011.4621172309926,3018.753015082999,3002.983005526958,0.9971843870605183,1.2011932022107834,0.9996834632272541,39778.92651685,24654.480947798,64313.60135459552
C98Sspw7XqnMsgxea3SLQVdbMDL8pKUc3RE82UvX9eq2,CSqgQJurPCzGxb4Cgwx5R61hWQUiaoUHcShNc8r1cKEL,6S2CR5EnukPhC914XkAns8m5GixjMAoUuZMsS5ubHuWc,16.972009999999955,16.96554500000002,0.0,0.0,0.0,1.0,862.985195,901.020435,901.020435
C2ypsDADXcCRz8HbV2zX1AXPSja7a1P3xZtRC91xGhJh,J9bYNuDpY1d1T86gLaw7DGk5D3CsUAf2tzUwxMvb6FTv,A2NGvvPrMGzsJ4jb52KEnSBVmsA7C34dV1GC7PerdgvG,3193.9456580599995,3218.3652693500017,528606.2362794225,165.5025767096168,211.442494511769,166.6595836343622,3842.462450642,1992.864582431,968067.4180388174
HEDSDjj84KS7LKhZY7ejkCACTdPen62rKhCby1wXtgxc,EnnjMSFttpCTywBrYNt1J5QQeoSVkvzPipJDa8Y7kJow,6bjVT6JN2rSvpyn9PdfLYC8wJn4LWh49jpY47fnLDXZk,13.79984381199938,14.250760900999012,13.35719905812424,0.9679239301614234,0.005342879623249696,0.999686836102349,38828.399801139,9059.716993608,46639.81715472016
WiiQFxXqp8P9Fs1rt9SVcDyA3KUdJmUsog6wnVQAwba,3S2jpqSYxho6wiz3cafhjXruVY8cg4HYa2v3BqBHYFSj,Dfe67M6TfrG74gKRtdqys4e6E9QirPD53BkF4FujFjuv,10976.449333173001,10995.607769639002,10954.586563674338,0.9980082111405015,1.0954586563674338,0.9996834222532078,20124.873481632,6708.946675379,26791.61175498963
GokA1R67GqSavkd15zR62QD68Tuc5AEfvjssntVDEbM8,3YB7hfpBdbQEuZqLGWVDpRPmeZWCUsrrWyqGXegnQ6Cg,4DPCj6Z1DsG6HUtwSogBGqXEUxdEV5a8YVrrFtcnz7UW,14334.066541000007,14334.237770999998,14335.371059766445,1.0000910082817536,1.4335371059766446,1.0,15808.986689,16631.42778,32441.85321771483
KZMu9QBEdL97EFgamLbN5DE1AoKBG4HdrKKJo4Vuon3,DD4ACBWyVqdaKWh7v5btsgqQCCMwbKnuL2xd9pv7Gyuw,GcYqiJ1MAuYbNTNYXm1F1gQYTfTgkErACAhNU5dpVj9T,37.7568126000001,37.64941317999978,37.86666872864885,1.0029095710438425,0.01514666749145954,1.0,1446.73638741,1641.49901631,3092.444786020881
SAMyS8Jr2HJrkFwYVKbpUwsNStnQmvz3f8Tup8bWUWF,6jPzm5TFfquvgm25sTyN3MMGBfufRaFHMxobDWv6hMFW,Cj9ECoDmxsHTDzCY5ZA6RWrPbg9uFzEC1Qc2kso2vJG6,1408.8589744500268,109.17976719000364,1412.9581497269442,1.0029095710438425,0.5651832598907777,0.021752112033771004,480.58663783,108960.02946398,2852.09570689897
SRMuKizofcAMicegrfSv7xs9q76tH1w8aAF7oX9FEWu,72Hj2KWntXPfbie4UgKeTPnm1XVkomDfCnRPKbvfTtPi,6aqJQ5wedqpUt4fFEDUqUmXhrdxCu4bEJsQdVPCADLko,0.022001999999702093,0.022001999999702093,0.0009119172942865158,0.041447018193748894,3.647669177146064e-07,0.04155408453172889,16769.751918,5121.302014,907.8672296522708
BSC8REUo9LpiiWUuqMuLXs2D2yJsJfGd4HdiF3wCLxk5,AZjEH1zWVx1UJ6udMyRijGTzPteuLnaY18yNNmprJEsh,Caf8ypkSVR8xYnXNhjvfvdGCC7mrM3C11rz8Xi6NA6aK,1474.9166246359991,1479.9209400490004,1471.5118831146929,0.9976915701779776,0.5886047532458771,0.9996824298828167,3527.360418542,2693.147668245,6211.51015958322
RajgMbScQbqqrdJfR2rxfHJiTiY5b6bJ2tTXiF4aPxy,725ZA3fhyBAKb5iopNRrcbSuQa3LXA1656Q3mBvYPxeg,GLA6i1dSZpUfk2f9Nj8uiG7xyDdAR2reff8oEiZH3617,866.4179148199764,866.3947481300274,866.6133101230098,1.0002255208481856,0.34664532404920395,1.0,90553.73538572,93442.53273357,184016.68987450056
SoNcU2iwHMw6dGzsYNQkYFkUjwN1UdAjrWVRnStrZu2,8ivTTid27jZnYNc4w3CTA1Z6QS2twsFb8WMwUabeDJgc,CyXm53PMvHCbeXJBykU46Rcbo28xk5srhMZFg7gv6EYB,34.01709144099999,32.807594877000014,6690.8158715709815,196.68982820520336,2.676326348628393,192.61175960280372,13.479345697,16.922982986,5910.815720123246
MATSnbbiTCv7Dc3trJrkrqjx7ckKdr6fwPoVwv9q3sD,631WX9JizSHJm4w6VanZeJAst9T8DeUUnPLesdGkCVtK,211maUSfpnXbPuW1iBu8b4dtJv5EbN1j7JJiEX5TZKEP,3985.033692000008,3986.187778000003,3982.1983667628724,0.9992885065833126,1.5928793467051492,0.9984803129636692,24235.188855,21334.716561,45520.240146495955
DA1mL7dfBow33EH5yjUuZE6SH2KeUK5zEXzsyhE5r5j5,B4UtLRZND3D83CitRCBUyeiNr7H8m7YFRqBmiPmXjhW4,AAmpYbuixWiSqDaJBCqYEs1pb5SrbdPr9mgXrB58Q2e,236.8568868210001,237.67713175200015,235.85143892916446,0.9957550405000658,0.0943405755716658,0.9996833992677685,2017.885335097,990.667332699,2999.6731802700715
7dwD9TF6uikvHXxPFK9AsSim54yJoujQjY9vU6gNFumk,CquVr6atkvwueDYficKjn6SSEWq4F4rH4VSiBbW4GBWU,8BCa6ge3b7ho3TfZuM64Vk1hgbrJ3J7EPiAb9uP86CGd,0.0012916000000000004,0.0012964120000000007,0.2533932248505852,196.1855255888705,0.00010135728994023409,196.47971229082768,0.004112664,0.003400351,1.4749451345782547
Lee1XZJfJ9Hm2K1qTyeCz1LXNc1YBZaKZszvNY4KCDw,9DgFSWkPDGijNKcLGbr3p5xoJbHsPgXUTr6QvGBJ5vGN,2hNHZg7XBhuhHVZ3JDEi4buq2fPQwuWBdQ9xkH7t1GQX,2056.1051048141517,1729.1556807989782,404402.31268813316,196.6836771822939,40.44023126881332,165.46434756249505,6680.479207035,53904.77789104,10233260.12002164
B2izdXFYb2sNwbWWHmh75T4aQFtfXsUxem9u2p61HGzf,4DYwgJtxwuJdAjkj5RJSNH4e7U329V5cNp7d3a1nLrZv,EXNW64GEf1ACC6xY9BtKRiunrs6GoJSXBdxWN2eTPmrF,9254.870746000022,9119.939727999996,9375.970784654623,1.0130850059366783,0.9375970784654623,1.0,9440.36762,30309.302662,39873.197548352124
STK75uPSyBnEhGTTzb1nwmP3n427XoXmfRhXxxhyady,6TYyD5fUmDe6N65avW1Ny2RxzRNobw2RRgKwH9CTzSAU,54zDfk4cx2vGrEajPtodWpArNe5eUurytyxd4X3aZAxK,541.8144477929995,612.4745805749999,89612.21468797316,165.39281123453827,8.961221468797318,187.05707223508136,1599.004165053,277.430465812,316359.12471745885
SEQV6QiTpvTzrceiaYg9Avnwf7oc8ZALpnQMz6TyT4A,3dFMPj4r9mMmPHF32mz1gNDX7f8ftidWof7S8YiYTs1j,Fc1ED3YPeQfXQosHbd8DTaBd2AV5gHQtwiSAL5C5pUhi,457.7928821830001,459.54347955699996,454.9559610669508,0.9938030466910684,0.18198238442678033,0.999466285003808,4724.296913108,827.724332586,5522.303229416926
KysFMBBoavfov2tLpvefWW6tPFt6rAeZWDJVy1mMQae,B8ka2V21TH3x64dFV8ETcjuQcwmrciJ2qzy1mJUttRew,7fSf7EYxBANyxzk2s5pymFgshA91tFYQNKKs5UnLWcYS,51.0564560000098,54.475437000028705,0.0,0.0,0.0,0.021516172372769926,134011.327524,2991.985868,64.37608367277966
Cob4usZcpHEY7Qt4ZCwj6WVg9S44zvzYV2v9qYF65dTf,NhFM9UXE48PyNAyeyPYA3iXztqKVJwA4bTdLj4ysM8w,6TuFuynuBoeskxyR2cz4wxyidk8dpDK7kAWw3UkjQGx,17.662183,2398.448892000044,0.12803141424287826,0.007248900899898855,5.12125656971513e-05,1.0,73953.378182,163.885421,699.9661306540602
ercAoEmXjQzEvAFbdjAo81KtMxRGn9AW1ju882upmPH,CMRhskR2Eg6V42RTSdRTXGdozyPbWB8U9dVpijPWb9T4,7TKLLgrWswt6ZJ1pXhVR3FyufHGjJFqiEXxvWJfDcgRm,0.9444521260000016,0.8936394450000122,156.2714999614475,165.46259536023027,0.062508599984579,146.87777507196276,37.642785003,310.641329256,51854.78018970182
Sid7E679i9ABqptiAVhkmQ27YHN8vaYT4fppPwmxFsJ,GP7KB8o1bv527HG8kTzzzf4wJ5aEGHvcMQvVhLziUfmT,9gYxhAZ1M9wu5pxr8SBoa5NDm21gi3s9vMHaYTME77sa,883.9782130000149,2220.4458950000535,6.402009192642819,0.007242270339351351,0.0025608036770571278,0.021269433376126724,135552.639296,8841.832228,1169.7696204905494
KwnjUuZhTMTSGAaavkLEmSyfobY16JNH4poL9oeeEvE,J63v6qEZmQpDqCD8bd4PXu2Pq5ZbyXrFcSa3Xt1HdAPQ,BnKQtTdLw9qPCDgZkWX3sURkBAoKCUYL1yahh6Mw7mRK,241.477307,10779.707000000053,5.140065844577601,0.02128591671174137,0.0005140065844577602,1.0,276849.671443,590.110937,6483.109985008662
MATgk4zXLXtYkwBH678J1xZbRDZ45LicNzkRBHkxTuY,y8dALFo1bJrSzPYjMX14HJX448pXqYmrfXHD1K8MXih,GN7Yuet3UyiWS5YVkEHv6oQKi4HGBJc3XDPt9zQhAqZz,2878.1242600000014,2870.1302299999993,2889.0187497051397,1.0037852742692694,1.155607499882056,1.0,2523.320736,5559.086344,8091.958541055095
AUSejoEUCh2DBs9mof6BNC8Pubs22w4cJa1ccV9h44R,4xkyD7AfGQDwsQMy9MosRRNGoVJ1zosNinesxg1TzHG7,Cbm5gsQe3nSiCsFrvepVzMCD9xLK3ri9g3ypS2hdmVJ7,2891.438218999998,2896.4125559999993,2887.589062779313,0.9986687745235601,0.2887589062779313,1.0,14891.874734,13987.396938,28859.447228962148
BSCrK1Nx9PXU9mF7STWWBqeHLxmtJDr9h7jheEy4tAWX,FfSySSbVJPvEo5a5AvrP3nySoXpRE2QPn1uUMpJJ1x7v,HL7Vcj6838ZmvBHDbQxXfjBNckNi83WvPiZQoMQLFeRM,0.15376558299999987,0.15362044200000002,566.9341575013913,3687.0029459153534,0.22677366300055654,3678.7698193724023,0.890068846,0.914479085,6645.844515614768
YAkoNb6HKmSxQN9L8hiBE5tPJRsniSSMzND1boHmZxe,CfWX7o2TswwbxusJ4hCaPobu2jLCb1hfXuXJQjVq3jQF,EnTrdMMpdhugeH6Ban6gYZWXughWxKtVGfCwFn78ZmY3,4807013.19837,4804554.0150460005,4807013.19837,1.0,480.7013198370001,0.9989012086704624,401783.60439,1093611.516323,1494193.4698609817
BkwbeSfcX1h4thMDd7obGkHrPevf3QwgzJ4pCEqG18Lu,35yX27bmurdebhfAb8EPmjLETDiUaEUCn9zHaDPbakH2,2CxECn1ZJFoESyUnQysQU8rRgT3iJ5GRs2Mdd6gZjx5g,0.013888979999997275,0.009476319999999983,32.477446509990116,2338.36080907284,0.012990978603996048,1592.3566878980891,0.93087531,21.89525182,37041.77301182734
FrnkTEL6yZ5Aycq2TrEgu29dCrwKG4LPUZydfiwqspkc,DjvZuMZ46fxKBoBpGMPcRcos4xdTtHFxwMh69DpA2ZFY,9rvDPJLAng4uVVqnnSoEXgNDFhBZQTny9AoQioYDZbQX,79.60061142399928,66.17631259299958,15815.38961171317,198.68427300729113,6.3261558446852675,165.19396249105887,171.052062047,1441.249703184,272071.10400223365
TETFuZgEmET6d9vYmz9iMFCxK1jKdKYxf3oPz8hSzJK,Eu1Ze6Z84LWNkq7SNoAHBJbXx5t1P95EwyqYohrfCRFV,ASMbv7WNu3qe4pkhREmvyEdwFNDZQ6B6iSrjkj4u8bdC,16.363595341,16.427998778999978,16.250130833719904,0.9930660405054259,0.006500052333487962,0.9985321577281395,213.091835778,38.608110332,250.16570533570894
KEN5P7p3asnb23Sw6yAmJRGvijfAzso3RqfyLAQhznt,9zj4aX38Uxf3h6AUjS4EipWS8mwbEofasHAf3a1uKGds,CwQDG1MWunn9cLNwcZLd8YBacweSR7ARo32w4mLua1Yr,140924.61947399937,140945.0436119996,140719.87206015186,0.9985471139492039,14.071987206015185,1.0,1148874.470958,1077844.100373,2225049.3876380296
RoBgmK8CvjdHvPrqdDyVw54VwjZv2TqJ493xnqJAQHx,ExiHJxM7qPAcy27NDHAF6G7vnW7muNHi2sVJpnaNynGQ,6rkPHSqZb7StM4HwS9EuVrmfkV7tRdc7dnsFhyB6cefE,1.084229999999998,58.92762099999982,0.0,0.0,0.0,0.9340164106683354,6237.926219,19.445014,18.16196218167553
parEAJhzYzHW87y9VoZAQ22dzQ2MD2ekEtTReaxbMcz,3oyc6hpjYSJEquK6dSvG72NXyz3pqLZz5D8AC71pwgQb,Di2vordgFJVZ1aj1aBpvzXtLfZgJsuLLXawGtVFwX6Rz,9.857103107999933,11.6773906359997,1532.368772650268,155.4583284623057,0.6129475090601072,188.50844951423258,1105.509809231,138.087356198,197891.34045613822
MARpDPs5A7XiyCWPNH8GsMWPLxmwNn9SBmKvPa9LzgA,6YjT74rmcfCpw8LSjPNx5JTmZoYLGrTKnf9arfSgZ4SR,F8GSmi3vA8M8TsybLya1LQ4n1aFHCRbZ6k437PeTdXtg,50621.99916300009,52288.73073800042,46661.72522011821,0.9217677292805049,18.664690088047283,1.0,293424.724676,18875.037079,289344.4792583538
vEnkoSUkpnbRrPgBz9DfcVxNz67zjwMYBZraAvDDNSf,DtfyjjsZ5yCjWKLKHvwsfXs5QVsmm1QkK6Sh9JZHoq1g,e5wrKCRv4GhHvEf1VD5Pq2KGaZDXP77nTL612Jyrxwy,8539.433853,8538.943816999998,8533.230194648491,0.9992735281450387,0.8533230194648492,0.9981494309550094,3458.874905,3495.477156,6945.37066390932
AURHmCnNwiW4uA2Qj1XvEh4iKgRUZYXtiY7FKAapUV5Y,BKWm4TRnTeKwfWXRyuzjRHU7iZDkPuXBX5b5V5jSVfGJ,A5Ww74HVrkj9nPeC7pHKLfgeDMEhBCpW1efQdz3TGLEg,0.012860102999866285,0.011476784999956635,2.379598639285024,185.0372924159135,0.0009518394557140098,165.20375983932945,290.079348838,1795.119188559,350235.93660442776
BSCuChvaSj9b5HUSqgDVRzcnr2sSn7cXaamt1jbKH6hn,GnKpRj5kBVPMJfiwZtEuD9GYApLzPdW5JFuZTcyX4BTc,3dmwD9okkomV9nDwyuh4UMhKdUR13QpuKxRo89ycZB5t,1161.188342348,1165.5361297600002,1158.9010020567257,0.9980301728773393,0.4635604008226903,0.999466285003808,1736.982313577,1268.24022595,3001.1241058267706
BUSD5rCfUDpCxKGMvYU2yThChxgHoioK74PTPociGnv2,CcFHbafgYDZ8yA8Me1PdtDiVb2eeaS61LbqyKKK5CsNZ,26R9s4nmF3CFDTkiePDwRmtscn8i7r2eygbSijditJ58,73.43157326000001,73.88430344,73.44683257393558,1.0002078031731874,0.007344683257393557,1.0,84.5334675,63.5149093,148.06594312278702
heyk4SZTeCUV6a65WiVA5bzic3KcxgVf1qxobfeV4tQ,9ZDpBKPqMABtGfq66FbVribaArMvtk63xxy91onZAtDt,DaTP4s6N7xxSPinbNZ3FB52EpRDRt87QShTuN3VPCW52,128.83472090200235,111.19875057399997,24054.921724385535,186.71148240141585,9.621968689754214,165.17450769325046,609.45043778,4492.969144796,855915.3612607396
daob129AwBGn9Y5r91uLoWZeYiGzbPmksauMhFZKTze,6VW5GQNyj4LStgmxEHLr5zUfW92vQnmbw8jTnCH7a38F,4VPCCUifPeBA1c7HWK358CHn2nyjm8pdTRk6Ps3KmnMQ,29.49523953900016,26.24142735200008,5443.669695496595,184.56095900827276,2.177467878198638,165.16007644929618,48.084682119,224.454146401,45945.41902444126
Lid8SLUxQ9RmF7XMqUA8c24RitTwzja8VSKngJxRcUa,4PgzyzLtds9bKZ2to9PMnKqJzKEUpjvNUaeN23phegax,AtymwxoVN9peZo7EXTcDz9jKVc4vRmisJKKrNfe3ewBa,78.39411044199744,66.12504250199993,15326.85017034756,195.51022498925673,1.532685017034756,165.16853301603356,958.363043966,7661.64691591,1452832.7559348543
JSoLLrxK5bYdHwTEWYaGgmeycBCNXKDiBCTw5hXGBg7,xG4wXczA7Dk4hccJ61CHKpDHW4NrNfQwgmWgkb9BuF2,BVR6WgfhsRr9Lob4QDnkEAiNGgAbv7ZieKcY9kSg3QYR,43.33271612600041,38.54240091000001,8325.571124894263,192.13130099404893,3.3302284499577053,165.12426839628833,17.028395585,164.757291637,30477.115042100908
wrmcMSHFi3sWpAEy4rGDvQb3ezh3PhXoV2xNjgLBkKU,8p4mGnARWPBu6P2Gcw4adodLkNDorrXniZMhaY7eJXUn,AyY89zccbsgp9LKFgH4CFZMJmpSgqmPSdTfukhP227rc,0.015091320000000033,0.15295471999999322,5.4207327586207015,359.1954022988506,0.0021682931034482807,3682.8343092844248,27.10546156,0.09354204,10080.657003812685
SUiuyGR7SFq3xeRVJonq84fjjeFwRSsFekcevJ53tzy,49GjCCPsv7fBqo6t3iKDrP1xxGDS8uWZbVCdfnp2gjMf,CEwj5xEbbJEjYqM8D6Ai8ByGz1mrh8mkAVsE5fzDSSSx,0.051920999999999884,6.806361000000038,0.00037538439919904316,0.007229914662642168,1.501537596796173e-07,0.9654830166709951,665.556272,1.502831,6.2628728571729475
SoN9GaFpSXfpyR5dth3x7PHPVhvJMpQqqDJfCSmPv1t,9kZ9iS68ViMPtoeqtnhAKuF2iqVyfHPdZHoUNdwCELr,BBhm5fJLjw3HRzjtKB8uMEYjGhY6EDm9co3cqpjrSzB9,6.8914736470000015,6.562003004999998,1368.8257404578092,198.62598488694604,0.5475302961831238,192.46332851854243,1.958328146,3.237007719,1011.9801367700318
ALBpShJ9NLpE739pcHDF2LNVk5J4VYPvvKuV6jMPitZi,D6d156U1bPiJpDYRLextvDRccgFk7QzkQbJg42ceKEu5,GNcM8U5g8RwTZffwwm3kSQqUNPSwv5d2fbN9sLxPJqt2,5769.785128999996,5776.432861000001,5759.44117265391,0.9982072198331797,2.3037764690615643,0.9991696899876202,53489.720075,46838.218163,100193.152687218
BUSDgu5JdqP1rndBvXvanbEufS94FNh1w5FJcAj6vawb,Bgzr8cWubt89JQFXndVjtdKmDbGzuPxNhvjH1EhWCwbo,Dxaf8xPBBQsasRKW5Aa4Sw2YrbfGofY9xZueyyF23FBW,5622.835839200002,5619.153042569998,5627.4871824557895,1.0008272237335047,2.2509948729823157,1.0,6941.4627939,8192.44057513,15139.645511798353
