0,1,2,3,4,5,6,7,8,9,10,11
AURHmCnNwiW4uA2Qj1XvEh4iKgRUZYXtiY7FKAapUV5Y,BKWm4TRnTeKwfWXRyuzjRHU7iZDkPuXBX5b5V5jSVfGJ,A5Ww74HVrkj9nPeC7pHKLfgeDMEhBCpW1efQdz3TGLEg,0.004689768999867283,0.00422422299993741,0.8280409668935533,176.56327356784232,0.0003312163867574214,176.33468605548828,290.132582247,1795.059125819,367757.9458925542
JSoLLrxK5bYdHwTEWYaGgmeycBCNXKDiBCTw5hXGBg7,xG4wXczA7Dk4hccJ61CHKpDHW4NrNfQwgmWgkb9BuF2,BVR6WgfhsRr9Lob4QDnkEAiNGgAbv7ZieKcY9kSg3QYR,3.1766884209999233,2.6879684460000135,662.3445169404237,208.5015680360424,0.26493780677616946,176.54282540550122,16.873390267,164.904347176,32630.80770085432
MATgk4zXLXtYkwBH678J1xZbRDZ45LicNzkRBHkxTuY,y8dALFo1bJrSzPYjMX14HJX448pXqYmrfXHD1K8MXih,GN7Yuet3UyiWS5YVkEHv6oQKi4HGBJc3XDPt9zQhAqZz,1330.9197760000006,1329.3523169999999,1334.2366884073815,1.0024921955982573,0.5336946753629527,1.0,2947.487467,5130.597526,8085.4307082911755
SEQV6QiTpvTzrceiaYg9Avnwf7oc8ZALpnQMz6TyT4A,3dFMPj4r9mMmPHF32mz1gNDX7f8ftidWof7S8YiYTs1j,Fc1ED3YPeQfXQosHbd8DTaBd2AV5gHQtwiSAL5C5pUhi,2481.1289826290003,2481.506407686,2476.075372220108,0.9979631810984944,0.9904301488880433,0.9965797383380238,3284.945645209,2263.031542244,5533.54618804864
MiMUFdSLMyCLpqpH6zkqdDrGYs7XBomwENbivdYjv9V,,,0.018226069999999983,0.012538942999999997,0.0,0.0,0.0,0.9965797383380238,3284.945645209,2263.031542244,2255.29138222022
MAR3XM1n9xWPQ3HJjAcC85o8DopWFP5p2WxGTaZ3fPB,6qG7GUhER8Cg9gDEgnebph9LdS6eu2eoWcA4R7z9uizK,4QV4CwRXVMY227KkFF9voNAfwWHVvVajXSXDKbUHkWZR,0.010256000000000001,0.4334600000000002,0.009665022532243444,0.9423773919894153,3.866009012897378e-06,0.021652342667636604,0.108884,24.413567,0.6312207383726804
KZMu9QBEdL97EFgamLbN5DE1AoKBG4HdrKKJo4Vuon3,DD4ACBWyVqdaKWh7v5btsgqQCCMwbKnuL2xd9pv7Gyuw,GcYqiJ1MAuYbNTNYXm1F1gQYTfTgkErACAhNU5dpVj9T,60.697058290000314,60.47326561,60.97572650649398,1.0045911321626533,0.024390290602597592,1.0,1383.50713815,1704.84781702,3094.706819289221
KwnjUuZhTMTSGAaavkLEmSyfobY16JNH4poL9oeeEvE,J63v6qEZmQpDqCD8bd4PXu2Pq5ZbyXrFcSa3Xt1HdAPQ,BnKQtTdLw9qPCDgZkWX3sURkBAoKCUYL1yahh6Mw7mRK,256.5355490000461,10744.932132000069,5.120550987553458,0.019960395381899053,0.0005120550987553459,1.0,276927.549552,588.160008,6115.743389198362
BUSDgu5JdqP1rndBvXvanbEufS94FNh1w5FJcAj6vawb,Bgzr8cWubt89JQFXndVjtdKmDbGzuPxNhvjH1EhWCwbo,Dxaf8xPBBQsasRKW5Aa4Sw2YrbfGofY9xZueyyF23FBW,18253.50309083,18295.76873752002,18202.390777526707,0.9971998627852989,7.280956311010683,1.0,8764.94915534,6359.9818118,15100.38790682517
DA1mL7dfBow33EH5yjUuZE6SH2KeUK5zEXzsyhE5r5j5,B4UtLRZND3D83CitRCBUyeiNr7H8m7YFRqBmiPmXjhW4,AAmpYbuixWiSqDaJBCqYEs1pb5SrbdPr9mgXrB58Q2e,3.3559347780000053,3.35721211200007,3.342383375391833,0.9959619588863856,0.0013369533501567331,0.9992936942204564,2019.922910104,988.301801988,2999.370137059991
SoNcU2iwHMw6dGzsYNQkYFkUjwN1UdAjrWVRnStrZu2,8ivTTid27jZnYNc4w3CTA1Z6QS2twsFb8WMwUabeDJgc,CyXm53PMvHCbeXJBykU46Rcbo28xk5srhMZFg7gv6EYB,8.46277558300001,8.443864291999994,1743.8242469912434,206.05819330648808,0.6975296987964974,187.870480587719,15.855576002,18.842347603,6807.092244382295
RajgMbScQbqqrdJfR2rxfHJiTiY5b6bJ2tTXiF4aPxy,725ZA3fhyBAKb5iopNRrcbSuQa3LXA1656Q3mBvYPxeg,GLA6i1dSZpUfk2f9Nj8uiG7xyDdAR2reff8oEiZH3617,19117.01738100998,19110.614314099992,19130.93685935948,1.0007281197726654,7.652374743743794,1.0,77996.1834906,105957.86418186,184010.83823585196
HEDSDjj84KS7LKhZY7ejkCACTdPen62rKhCby1wXtgxc,EnnjMSFttpCTywBrYNt1J5QQeoSVkvzPipJDa8Y7kJow,6bjVT6JN2rSvpyn9PdfLYC8wJn4LWh49jpY47fnLDXZk,4.70017983300022,4.843776554002034,4.547220168150755,0.9674566356428478,0.0018188880672603022,0.9999191695340923,38823.889376623,9064.045406757,46623.74215462155
KEN5P7p3asnb23Sw6yAmJRGvijfAzso3RqfyLAQhznt,9zj4aX38Uxf3h6AUjS4EipWS8mwbEofasHAf3a1uKGds,CwQDG1MWunn9cLNwcZLd8YBacweSR7ARo32w4mLua1Yr,47223.704516000114,47227.696821000194,47156.17687072124,0.9985700476917054,4.715617687072124,1.0,1153655.458713,1092949.516275,2244955.3027018365
7oAd7xG4m3oC2qeWB1szghTebAZyyGPAFDJ4wwwbRSNi,D9yh4KAysxt9GLacVe4Wwh2XqghhcjTCSTV9HuM7TBJd,HDYfJLpZKaMFb84jM4mRytn7XLR8UFZUnQpSfhJJaNEy,22.332587543001864,0.5098649999999907,22.29984946849491,0.9985340671140809,0.008919939787397965,0.022859754074861217,957.467941799,300002.607269457,7814.050182052863
ercAoEmXjQzEvAFbdjAo81KtMxRGn9AW1ju882upmPH,CMRhskR2Eg6V42RTSdRTXGdozyPbWB8U9dVpijPWb9T4,7TKLLgrWswt6ZJ1pXhVR3FyufHGjJFqiEXxvWJfDcgRm,4.53500356699994,4.084533832999966,799.0969008632425,176.20645475960947,0.319638760345297,148.17091159041766,36.309657072,320.546389312,53893.64665757025
AUSejoEUCh2DBs9mof6BNC8Pubs22w4cJa1ccV9h44R,4xkyD7AfGQDwsQMy9MosRRNGoVJ1zosNinesxg1TzHG7,Cbm5gsQe3nSiCsFrvepVzMCD9xLK3ri9g3ypS2hdmVJ7,1842.5103629999994,1846.6096300000008,1840.5906269760635,0.9989580867155557,0.18405906269760636,1.0,14859.633766,14018.903432,28863.05474817723
ALBpShJ9NLpE739pcHDF2LNVk5J4VYPvvKuV6jMPitZi,D6d156U1bPiJpDYRLextvDRccgFk7QzkQbJg42ceKEu5,GNcM8U5g8RwTZffwwm3kSQqUNPSwv5d2fbN9sLxPJqt2,2199.306174999998,2200.175473999996,2194.171812957677,0.9976654628170082,0.8776687251830707,0.9994612903644935,51137.855851,49178.505736,100170.48542615757
GokA1R67GqSavkd15zR62QD68Tuc5AEfvjssntVDEbM8,3YB7hfpBdbQEuZqLGWVDpRPmeZWCUsrrWyqGXegnQ6Cg,4DPCj6Z1DsG6HUtwSogBGqXEUxdEV5a8YVrrFtcnz7UW,24043.19631199999,24038.654159000005,24049.47322451159,1.0002610681387842,2.4049473224511586,1.0,13712.652855,18717.606131,32433.838922758652
MARpDPs5A7XiyCWPNH8GsMWPLxmwNn9SBmKvPa9LzgA,6YjT74rmcfCpw8LSjPNx5JTmZoYLGrTKnf9arfSgZ4SR,F8GSmi3vA8M8TsybLya1LQ4n1aFHCRbZ6k437PeTdXtg,16371.799970000002,17238.07126999995,15522.325201047477,0.9481135384924615,6.208930080418991,1.0,297297.990541,14956.61048,296828.8602785258
BUSD5rCfUDpCxKGMvYU2yThChxgHoioK74PTPociGnv2,CcFHbafgYDZ8yA8Me1PdtDiVb2eeaS61LbqyKKK5CsNZ,26R9s4nmF3CFDTkiePDwRmtscn8i7r2eygbSijditJ58,268.25207138,268.64038798999997,267.8630913133185,0.9985499457108367,0.026786309131331853,1.0,80.34389143,67.68113763,147.90852605562384
RoBgmK8CvjdHvPrqdDyVw54VwjZv2TqJ493xnqJAQHx,ExiHJxM7qPAcy27NDHAF6G7vnW7muNHi2sVJpnaNynGQ,6rkPHSqZb7StM4HwS9EuVrmfkV7tRdc7dnsFhyB6cefE,0.9596419999999988,53.05563499999971,0.0,0.0,0.0,0.9474757351464229,6236.1915,19.476073,18.4531065834404
STK75uPSyBnEhGTTzb1nwmP3n427XoXmfRhXxxhyady,6TYyD5fUmDe6N65avW1Ny2RxzRNobw2RRgKwH9CTzSAU,54zDfk4cx2vGrEajPtodWpArNe5eUurytyxd4X3aZAxK,738.177066410999,834.4762754050005,130313.2162592235,176.53381849534225,13.03132162592235,198.86274374109342,1809.624776748,314.446927959,381991.7507379903
KysFMBBoavfov2tLpvefWW6tPFt6rAeZWDJVy1mMQae,B8ka2V21TH3x64dFV8ETcjuQcwmrciJ2qzy1mJUttRew,7fSf7EYxBANyxzk2s5pymFgshA91tFYQNKKs5UnLWcYS,45.67860399999563,49.00029100003076,0.0,0.0,0.0,0.02144754959922787,134139.643753,2890.506142,61.994273847417794
C2ypsDADXcCRz8HbV2zX1AXPSja7a1P3xZtRC91xGhJh,J9bYNuDpY1d1T86gLaw7DGk5D3CsUAf2tzUwxMvb6FTv,A2NGvvPrMGzsJ4jb52KEnSBVmsA7C34dV1GC7PerdgvG,13.235201314998903,13.34242889999905,2339.05997817009,176.73021531749052,0.935623991268036,178.44549703494963,4344.19445538,2178.229329675,1156445.6368703165
vEnkoSUkpnbRrPgBz9DfcVxNz67zjwMYBZraAvDDNSf,DtfyjjsZ5yCjWKLKHvwsfXs5QVsmm1QkK6Sh9JZHoq1g,e5wrKCRv4GhHvEf1VD5Pq2KGaZDXP77nTL612Jyrxwy,2678.3825509999997,2679.194836000001,2677.429386138534,0.999644126690898,0.26774293861385345,0.9983856104678734,1123.533041,826.060814,1947.8604356477924
ALLwa5WNZbvQsRKAqe1jdRGemdYQnW8E5k4msbRFcYtu,CGoM82Hbz7QVqTgvQatYtjvDWBvoUJp5qm21P8iMs9yb,3dxNNww8TivyN5FMy5dCNdi3Zcxv6e4kUfSPxfFwpdNq,19.632528625,19.440040542000002,60883.60920734354,3101.159833777833,24.35344368293742,3091.1327765172828,1.579769162,7.112861516,26885.916038771273
BSCNHw8CmxbZ8hCWWzMf5FaG2ajPT6JxfznKUNuRVrn4,7n9kgNL633yGzCYksgnzHyjG73ZLBAwvEae5sbAekbzW,SscdxE99omdG9AiMVwmaEMQySQnCgeAh1sPj2Leutm2,1517.643924897,1514.921564233001,1519.635819459709,1.0013124913756328,0.6078543277838836,0.9999191695340923,5086.691174177,6618.746858965,11711.579275046279
heyk4SZTeCUV6a65WiVA5bzic3KcxgVf1qxobfeV4tQ,9ZDpBKPqMABtGfq66FbVribaArMvtk63xxy91onZAtDt,DaTP4s6N7xxSPinbNZ3FB52EpRDRt87QShTuN3VPCW52,63.64094253099847,55.0727103520004,12965.567298528065,203.72996977869627,5.186226919411226,177.13207233011042,617.284412635,4483.771177972,919979.0153391896
Lee1XZJfJ9Hm2K1qTyeCz1LXNc1YBZaKZszvNY4KCDw,9DgFSWkPDGijNKcLGbr3p5xoJbHsPgXUTr6QvGBJ5vGN,2hNHZg7XBhuhHVZ3JDEi4buq2fPQwuWBdQ9xkH7t1GQX,1816.5787478379498,1530.8369715870076,382683.515353012,210.66167145711307,38.26835153530121,176.89205958078352,6681.562284503,53925.238384575,10946495.560030404
B2izdXFYb2sNwbWWHmh75T4aQFtfXsUxem9u2p61HGzf,4DYwgJtxwuJdAjkj5RJSNH4e7U329V5cNp7d3a1nLrZv,EXNW64GEf1ACC6xY9BtKRiunrs6GoJSXBdxWN2eTPmrF,5579.75930200002,5502.646596999997,5526.91097921675,0.9905285658533106,0.5526910979216749,1.0,8864.624286,30890.845235,39671.50881584001
moFiBS1R4Lf3E3zzmBPnw3NF4RhWPkhREFviuzUaCAU,44ALBrpqi9PfZkBRTvbtRNtFJGsatfY4QydjtMbFWq8S,2ho8qEEie1UjVwWNBo9y4oAJZMyMLx8zPj9bxyUz6uWs,888.9670228770046,888.9678871390024,889.0504709323072,1.000093870810902,0.3556201883729229,0.9999191695340923,31367.10083433,33053.063956034,64420.43755099572
BSCuChvaSj9b5HUSqgDVRzcnr2sSn7cXaamt1jbKH6hn,GnKpRj5kBVPMJfiwZtEuD9GYApLzPdW5JFuZTcyX4BTc,3dmwD9okkomV9nDwyuh4UMhKdUR13QpuKxRo89ycZB5t,1169.3443090790001,1172.658361503,1162.68341785984,0.9943037382852562,0.465073367143936,0.9982345622825297,1859.459138722,1144.241226587,2991.0883127876664
KEVpg4SYCVrqFxKijQH6hm4QxsRdoE51ud64bEEFUC9,2bPenuBYfqzD8p5dFjCcggwkHDsc2RQDnx9AoyYGUBjA,AE6n6iLuX8oYu61vt5hoDYkjswpnxFxrhSehxrnQTnbx,2466.777206997,2469.8374986690005,2465.3896930739074,0.999437519562303,0.9861558772295631,0.9999191695340923,4977.90700164,2549.198246588,7524.09922003694
WiiQFxXqp8P9Fs1rt9SVcDyA3KUdJmUsog6wnVQAwba,3S2jpqSYxho6wiz3cafhjXruVY8cg4HYa2v3BqBHYFSj,Dfe67M6TfrG74gKRtdqys4e6E9QirPD53BkF4FujFjuv,14001.965342037,14028.661644064006,13985.6935889311,0.9988378950591281,1.39856935889311,0.9999191695340923,18770.647282138,8056.036984449,26804.219631414242
MATSnbbiTCv7Dc3trJrkrqjx7ckKdr6fwPoVwv9q3sD,631WX9JizSHJm4w6VanZeJAst9T8DeUUnPLesdGkCVtK,211maUSfpnXbPuW1iBu8b4dtJv5EbN1j7JJiEX5TZKEP,1783.2540780000054,1782.5725580000035,1783.8784354524134,1.00035012254289,0.7135513741809655,0.9862487339031878,21099.34446,24467.146914,45237.42448229143
daob129AwBGn9Y5r91uLoWZeYiGzbPmksauMhFZKTze,6VW5GQNyj4LStgmxEHLr5zUfW92vQnmbw8jTnCH7a38F,4VPCCUifPeBA1c7HWK358CHn2nyjm8pdTRk6Ps3KmnMQ,19.971034739999965,17.693603941000006,3857.129204622746,193.1361722033013,1.5428516818490983,174.86136990593857,48.046831551,224.427087751,48523.209140397084
Cob4usZcpHEY7Qt4ZCwj6WVg9S44zvzYV2v9qYF65dTf,NhFM9UXE48PyNAyeyPYA3iXztqKVJwA4bTdLj4ysM8w,6TuFuynuBoeskxyR2cz4wxyidk8dpDK7kAWw3UkjQGx,10.15501500000002,1419.4411510000355,0.07277494012863624,0.0071664040012384125,2.9109976051454502e-05,1.0,74221.793605,161.917225,693.8205836699636
Sid7E679i9ABqptiAVhkmQ27YHN8vaYT4fppPwmxFsJ,GP7KB8o1bv527HG8kTzzzf4wJ5aEGHvcMQvVhLziUfmT,9gYxhAZ1M9wu5pxr8SBoa5NDm21gi3s9vMHaYTME77sa,560.9887999999919,1327.0680909999846,4.020272380969877,0.0071664040012384125,0.001608108952387951,0.021660468090513203,135589.371016,8826.91615,1162.8833465791727
parEAJhzYzHW87y9VoZAQ22dzQ2MD2ekEtTReaxbMcz,3oyc6hpjYSJEquK6dSvG72NXyz3pqLZz5D8AC71pwgQb,Di2vordgFJVZ1aj1aBpvzXtLfZgJsuLLXawGtVFwX6Rz,4.9702191570000025,5.872703488999832,859.7564137249135,172.98159026127487,0.3439025654899654,204.44859702261508,1103.522126619,139.758248452,219462.390169408
SAMyS8Jr2HJrkFwYVKbpUwsNStnQmvz3f8Tup8bWUWF,6jPzm5TFfquvgm25sTyN3MMGBfufRaFHMxobDWv6hMFW,Cj9ECoDmxsHTDzCY5ZA6RWrPbg9uFzEC1Qc2kso2vJG6,1100.8474594499967,56.265726640010314,1105.9015956272526,1.0045911321626533,0.4423606382509011,0.021556461779005352,477.45754907,109102.53760319,2831.514301615496
TETFuZgEmET6d9vYmz9iMFCxK1jKdKYxf3oPz8hSzJK,Eu1Ze6Z84LWNkq7SNoAHBJbXx5t1P95EwyqYohrfCRFV,ASMbv7WNu3qe4pkhREmvyEdwFNDZQ6B6iSrjkj4u8bdC,6.275800535000002,6.2493268959999995,6.292562228076358,1.0026708454137248,0.0025170248912305434,0.9982345622825297,43.736788578,207.87222992,251.35884722406917
BUSDTd9WiT6uBHJRgNvFXBsA7JrifsAtWzKfioN7ERcy,DyBxrn7gSc1EwnpWhDyhzvMHPtxpmBqRqotapLcKcfTM,Cds99GeBgoCpqBsoRWu1C6fF9LiUMd4pXQQD24s9LPff,1670.2500654199998,1647.37641193,1664.6170180769977,0.9966274227676287,0.16646170180769979,0.9996481238604012,139.05434345,85.34606076,223.90140145482803
4vezWG46exH6pf9nry3n1VJ7hZHvjBJNgNeF4qEFCML5,,,0.15200199999999953,0.15007799999999882,0.0,0.0,0.0,0.9996481238604012,139.05434345,85.34606076,85.3160295176098
YAkoNb6HKmSxQN9L8hiBE5tPJRsniSSMzND1boHmZxe,CfWX7o2TswwbxusJ4hCaPobu2jLCb1hfXuXJQjVq3jQF,EnTrdMMpdhugeH6Ban6gYZWXughWxKtVGfCwFn78ZmY3,5793953.488410981,5794516.8951160135,5793953.488410981,1.0,579.3953488410982,0.9993024868641687,682591.420228,811633.860274,1493659.1552229733
C98Sspw7XqnMsgxea3SLQVdbMDL8pKUc3RE82UvX9eq2,CSqgQJurPCzGxb4Cgwx5R61hWQUiaoUHcShNc8r1cKEL,6S2CR5EnukPhC914XkAns8m5GixjMAoUuZMsS5ubHuWc,49.95637699999952,49.939514999999915,0.0,0.0,0.0,1.0,862.434975,901.500378,901.500378
oKQqupM9E7SSLAFDLxr7mdsXP7znck9qRbVWc6Yyj7Q,CMR2J7CwfW98RpvnJmFBgRFTLAd3x8CJ1SWs8Bt3uunG,FmRb5jHfSNj1YWP3b45d9vvYuhwjp4om8bALmtqZpr1v,376.63712561999955,371.5016343799998,381.2558032983611,1.0122629378895098,0.15250232131934444,1.0,2176.16186001,3720.4519216,5923.299919336823
FrnkTEL6yZ5Aycq2TrEgu29dCrwKG4LPUZydfiwqspkc,DjvZuMZ46fxKBoBpGMPcRcos4xdTtHFxwMh69DpA2ZFY,9rvDPJLAng4uVVqnnSoEXgNDFhBZQTny9AoQioYDZbQX,32.55453191000015,27.100203715000077,6936.155116007323,213.06265853193437,2.7744620464029293,176.91540559891263,171.262861147,1440.913044431,291409.4361920397
7dwD9TF6uikvHXxPFK9AsSim54yJoujQjY9vU6gNFumk,CquVr6atkvwueDYficKjn6SSEWq4F4rH4VSiBbW4GBWU,8BCa6ge3b7ho3TfZuM64Vk1hgbrJ3J7EPiAb9uP86CGd,0.0010312839999999995,0.0010387109999999999,0.21656749165048272,209.99791682066515,8.662699666019309e-05,210.23601305061075,0.002926164,0.004590734,1.5796259574115075
SoN9GaFpSXfpyR5dth3x7PHPVhvJMpQqqDJfCSmPv1t,9kZ9iS68ViMPtoeqtnhAKuF2iqVyfHPdZHoUNdwCELr,BBhm5fJLjw3HRzjtKB8uMEYjGhY6EDm9co3cqpjrSzB9,5.557399569000001,5.733842150000002,1181.831507017112,212.6590849449702,0.47273260280684487,203.3784413157609,0.88116046,1.382542779,468.56617255866956
Lid8SLUxQ9RmF7XMqUA8c24RitTwzja8VSKngJxRcUa,4PgzyzLtds9bKZ2to9PMnKqJzKEUpjvNUaeN23phegax,AtymwxoVN9peZo7EXTcDz9jKVc4vRmisJKKrNfe3ewBa,57.97904671600736,48.92714076800007,12111.107918473517,208.88766898490204,1.2111107918473518,176.10994614381735,959.572726206,7660.188210769,1549478.2432486922
MiMuMS9C4vBqcrYeeQPph1E7oAW9aNKvW9k6Zw9XffM,Afy2q2hh6Y474pshJa5fnQ6PfEchGyTbKrQpCZw2hr3m,5pXz9ksgjeL8Wgb37bksUaBFMLdFfsNNY3FQnikkCPtS,0.012538942999999136,0.8271330000006856,0.0,0.0,0.0,0.02172281612763562,26.006551294,7673.713867602,166.69467536200585
wrmcMSHFi3sWpAEy4rGDvQb3ezh3PhXoV2xNjgLBkKU,8p4mGnARWPBu6P2Gcw4adodLkNDorrXniZMhaY7eJXUn,AyY89zccbsgp9LKFgH4CFZMJmpSgqmPSdTfukhP227rc,0.008632710000000002,0.07172986999999509,3.3538111888111897,388.5003885003885,0.0013415244755244759,3100.679048711668,26.96992214,0.10854955,10814.40254464731
YakoMPuYrybnr9R7VC7hVGxMz94fJvPFCdZ4gmW61Ed,,,0.020828999999999986,0.020782999999999996,0.0,0.0,0.0,3100.679048711668,26.96992214,0.10854955,336.5773154320797
BSC8REUo9LpiiWUuqMuLXs2D2yJsJfGd4HdiF3wCLxk5,AZjEH1zWVx1UJ6udMyRijGTzPteuLnaY18yNNmprJEsh,Caf8ypkSVR8xYnXNhjvfvdGCC7mrM3C11rz8Xi6NA6aK,10433.397610832,10465.159128752002,10405.259385837777,0.997303062142958,4.162103754335111,0.9999191695340923,3688.652144634,2528.314457697,6206.8141718851
