0,1,2,3,4,5,6,7,8,9,10,11
Sid7E679i9ABqptiAVhkmQ27YHN8vaYT4fppPwmxFsJ,GP7KB8o1bv527HG8kTzzzf4wJ5aEGHvcMQvVhLziUfmT,9gYxhAZ1M9wu5pxr8SBoa5NDm21gi3s9vMHaYTME77sa,3866.477228999989,11091.269192000007,28.21481489881468,0.007297292400222425,0.011285925959525872,0.022482686139610603,136095.195391,8663.264341,1187.8998881567138
wrmcMSHFi3sWpAEy4rGDvQb3ezh3PhXoV2xNjgLBkKU,8p4mGnARWPBu6P2Gcw4adodLkNDorrXniZMhaY7eJXUn,AyY89zccbsgp9LKFgH4CFZMJmpSgqmPSdTfukhP227rc,0.011944000000001537,0.08653438000000553,4.640248640249237,388.5003885003885,0.001856099456099695,3763.076691502973,27.07460816,0.09662454,10882.101342956987
4vezWG46exH6pf9nry3n1VJ7hZHvjBJNgNeF4qEFCML5,,,0.46350100000000083,0.4638039999999979,0.0,0.0,0.0,3763.076691502973,27.07460816,0.09662454,363.60555430119666
C2ypsDADXcCRz8HbV2zX1AXPSja7a1P3xZtRC91xGhJh,J9bYNuDpY1d1T86gLaw7DGk5D3CsUAf2tzUwxMvb6FTv,A2NGvvPrMGzsJ4jb52KEnSBVmsA7C34dV1GC7PerdgvG,151.32647476900138,152.55270539499998,27261.694178926373,180.15151823592748,10.90467767157055,179.93294259095518,4056.346701917,2002.828768175,1091131.8906051903
RajgMbScQbqqrdJfR2rxfHJiTiY5b6bJ2tTXiF4aPxy,725ZA3fhyBAKb5iopNRrcbSuQa3LXA1656Q3mBvYPxeg,GLA6i1dSZpUfk2f9Nj8uiG7xyDdAR2reff8oEiZH3617,11623.62715415997,11584.19634612,11621.264667265763,0.9997967513184245,4.648505866906306,1.0,94296.49579039,89696.33801979,183973.6681717334
ercAoEmXjQzEvAFbdjAo81KtMxRGn9AW1ju882upmPH,CMRhskR2Eg6V42RTSdRTXGdozyPbWB8U9dVpijPWb9T4,7TKLLgrWswt6ZJ1pXhVR3FyufHGjJFqiEXxvWJfDcgRm,6.832468379999966,6.005712609999996,1232.713893764733,180.4199924837031,0.4930855575058932,158.9511007602154,37.632334472,310.652583411,56168.19558976553
YAkoNb6HKmSxQN9L8hiBE5tPJRsniSSMzND1boHmZxe,CfWX7o2TswwbxusJ4hCaPobu2jLCb1hfXuXJQjVq3jQF,EnTrdMMpdhugeH6Ban6gYZWXughWxKtVGfCwFn78ZmY3,5944663.494911002,5944363.62688599,5944663.494911002,1.0,594.4663494911002,0.99959116721261,478630.054661,1016483.875815,1494698.3585397135
BSCNHw8CmxbZ8hCWWzMf5FaG2ajPT6JxfznKUNuRVrn4,7n9kgNL633yGzCYksgnzHyjG73ZLBAwvEae5sbAekbzW,SscdxE99omdG9AiMVwmaEMQySQnCgeAh1sPj2Leutm2,627.6331497079982,626.8594862989994,629.2647924125124,1.0025996757903455,0.25170591696500494,1.0,4930.209703805,6775.947440299,11718.974090912307
KEVpg4SYCVrqFxKijQH6hm4QxsRdoE51ud64bEEFUC9,2bPenuBYfqzD8p5dFjCcggwkHDsc2RQDnx9AoyYGUBjA,AE6n6iLuX8oYu61vt5hoDYkjswpnxFxrhSehxrnQTnbx,619.0235221169999,620.7011769569999,617.8277208880152,0.998068245896545,0.24713108835520609,1.0,5802.66642478,1726.193881615,7517.65098171795
AURHmCnNwiW4uA2Qj1XvEh4iKgRUZYXtiY7FKAapUV5Y,BKWm4TRnTeKwfWXRyuzjRHU7iZDkPuXBX5b5V5jSVfGJ,A5Ww74HVrkj9nPeC7pHKLfgeDMEhBCpW1efQdz3TGLEg,0.002803070000027219,0.0025044980001212025,0.5651219780241424,201.6082288414684,0.00022604879120965697,180.3455456724193,290.091258346,1795.105563631,382224.0772101584
ALBpShJ9NLpE739pcHDF2LNVk5J4VYPvvKuV6jMPitZi,D6d156U1bPiJpDYRLextvDRccgFk7QzkQbJg42ceKEu5,GNcM8U5g8RwTZffwwm3kSQqUNPSwv5d2fbN9sLxPJqt2,2591.087520000001,2593.7183039999945,2587.260961038625,0.9985231842105526,1.03490438441545,0.9984753281738784,53770.72545,46548.292915,100168.63803788384
WiiQFxXqp8P9Fs1rt9SVcDyA3KUdJmUsog6wnVQAwba,3S2jpqSYxho6wiz3cafhjXruVY8cg4HYa2v3BqBHYFSj,Dfe67M6TfrG74gKRtdqys4e6E9QirPD53BkF4FujFjuv,20061.893249545996,20070.52132094399,20049.360454473986,0.9993752935021578,2.004936045447399,1.0,17291.576479804,9537.287315637,26818.06163525613
SAMyS8Jr2HJrkFwYVKbpUwsNStnQmvz3f8Tup8bWUWF,6jPzm5TFfquvgm25sTyN3MMGBfufRaFHMxobDWv6hMFW,Cj9ECoDmxsHTDzCY5ZA6RWrPbg9uFzEC1Qc2kso2vJG6,572.9941987000188,73.37439686999926,575.762377848357,1.0048310770940063,0.23030495113934282,0.022217494941639614,486.2368282,108699.14835039,2903.6086544383033
FrnkTEL6yZ5Aycq2TrEgu29dCrwKG4LPUZydfiwqspkc,DjvZuMZ46fxKBoBpGMPcRcos4xdTtHFxwMh69DpA2ZFY,9rvDPJLAng4uVVqnnSoEXgNDFhBZQTny9AoQioYDZbQX,45.10845988100067,37.52617282099985,9772.067544384847,216.63491881931367,3.9088270177539393,180.1896928973007,171.388426239,1440.797245318,296745.53096598294
JSoLLrxK5bYdHwTEWYaGgmeycBCNXKDiBCTw5hXGBg7,xG4wXczA7Dk4hccJ61CHKpDHW4NrNfQwgmWgkb9BuF2,BVR6WgfhsRr9Lob4QDnkEAiNGgAbv7ZieKcY9kSg3QYR,2.2465534309999953,1.9117804669999998,476.6319947502764,212.16143278556078,0.19065279790011058,180.05971860627295,17.026424761,164.739594375,33275.31567898335
SEQV6QiTpvTzrceiaYg9Avnwf7oc8ZALpnQMz6TyT4A,3dFMPj4r9mMmPHF32mz1gNDX7f8ftidWof7S8YiYTs1j,Fc1ED3YPeQfXQosHbd8DTaBd2AV5gHQtwiSAL5C5pUhi,635.9815613530002,636.7405492580001,634.2688666973987,0.9973070058006747,0.2537075466789595,0.9948269001193791,3958.04680549,1590.718828336,5529.877689357191
Dg3mAgpwDfVNnbGWcsxL8sUcSkEbjSJQhKAWNigG44Ju,EATxwd8YA2wV93VJcKMmH2Kn2Y9XfJVUB9hHVu3udwEy,GiGvrRi7NMHfHKanG2B8xyCEqe8jaafWins8bhrLVEaa,0.0003208690000000014,0.0003245530000000052,0.0694753680720642,216.52253122633815,2.7790147228825682e-05,213.9013640917791,0.191034622,0.268672473,98.8327083759184
heyk4SZTeCUV6a65WiVA5bzic3KcxgVf1qxobfeV4tQ,9ZDpBKPqMABtGfq66FbVribaArMvtk63xxy91onZAtDt,DaTP4s6N7xxSPinbNZ3FB52EpRDRt87QShTuN3VPCW52,38.15850118800199,32.950769722999894,7938.909024560195,208.05086094567022,3.175563609824078,179.8488370524574,616.647064764,4484.555904674,934836.1168761206
B2izdXFYb2sNwbWWHmh75T4aQFtfXsUxem9u2p61HGzf,4DYwgJtxwuJdAjkj5RJSNH4e7U329V5cNp7d3a1nLrZv,EXNW64GEf1ACC6xY9BtKRiunrs6GoJSXBdxWN2eTPmrF,3952.5239980000188,3888.407338999994,4011.6395179363285,1.0149563974731646,0.40116395179363284,1.0,8512.172201,31249.917412,39889.40104379818
SoNcU2iwHMw6dGzsYNQkYFkUjwN1UdAjrWVRnStrZu2,8ivTTid27jZnYNc4w3CTA1Z6QS2twsFb8WMwUabeDJgc,CyXm53PMvHCbeXJBykU46Rcbo28xk5srhMZFg7gv6EYB,2.265698347000015,2.243585241,484.62912529694756,213.8983443840348,0.19385165011877903,208.32005292995905,15.278833432,19.429217538,7315.612801128089
HEDSDjj84KS7LKhZY7ejkCACTdPen62rKhCby1wXtgxc,EnnjMSFttpCTywBrYNt1J5QQeoSVkvzPipJDa8Y7kJow,6bjVT6JN2rSvpyn9PdfLYC8wJn4LWh49jpY47fnLDXZk,3.529861394999898,3.6453790939995088,3.4202394839914207,0.9689444148816273,0.0013680957935965684,1.0,38817.727866496,9070.01947469,46682.24008932621
7oAd7xG4m3oC2qeWB1szghTebAZyyGPAFDJ4wwwbRSNi,D9yh4KAysxt9GLacVe4Wwh2XqghhcjTCSTV9HuM7TBJd,HDYfJLpZKaMFb84jM4mRytn7XLR8UFZUnQpSfhJJaNEy,43.76990669302177,1.0006506990000616,43.76990669302177,1.0,0.017507962677208708,0.022902804823539038,958.468592498,299958.837362764,7828.367299713073
GokA1R67GqSavkd15zR62QD68Tuc5AEfvjssntVDEbM8,3YB7hfpBdbQEuZqLGWVDpRPmeZWCUsrrWyqGXegnQ6Cg,4DPCj6Z1DsG6HUtwSogBGqXEUxdEV5a8YVrrFtcnz7UW,9659.075795,9654.946434000001,9662.071037021478,1.0003100961298004,0.9662071037021479,1.0,11280.210598,21158.10849,32441.817037649773
ALLwa5WNZbvQsRKAqe1jdRGemdYQnW8E5k4msbRFcYtu,CGoM82Hbz7QVqTgvQatYtjvDWBvoUJp5qm21P8iMs9yb,3dxNNww8TivyN5FMy5dCNdi3Zcxv6e4kUfSPxfFwpdNq,3.912086804000001,3.9137806270000004,14655.303828575714,3746.160185809545,5.862121531430286,3754.2469919095975,4.661375451,4.039557433,32627.755467132516
DFWzVTzNBrQZLjoQ4yQwkj9HuoXmfkuZP9V5vbymZe23,DhgiEgiNdqZdRdo195UUHnoEJUtefK8buko8nU97XJUZ,2K2kkXsouBHtWVjtcgkyiXd8eP3oVBvq1bTJzcVdLLr2,8011.806765041005,8062.462751946005,7979.680730015577,0.9959901635214659,3.191872292006231,1.0,37713.408488862,30235.416681261,67797.60056903449
daob129AwBGn9Y5r91uLoWZeYiGzbPmksauMhFZKTze,6VW5GQNyj4LStgmxEHLr5zUfW92vQnmbw8jTnCH7a38F,4VPCCUifPeBA1c7HWK358CHn2nyjm8pdTRk6Ps3KmnMQ,39.24309694999991,34.98227810000001,7874.885282370802,200.66931242466123,3.149954112948321,179.51461760603974,47.797325386,224.755417234,49938.339200593844
BSCrK1Nx9PXU9mF7STWWBqeHLxmtJDr9h7jheEy4tAWX,FfSySSbVJPvEo5a5AvrP3nySoXpRE2QPn1uUMpJJ1x7v,HL7Vcj6838ZmvBHDbQxXfjBNckNi83WvPiZQoMQLFeRM,0.11118000399999994,0.11105633599999998,417.70298681293895,3756.997407671789,0.16708119472517557,3742.234862659981,0.838144997,0.96636946,6765.29006440398
DA1mL7dfBow33EH5yjUuZE6SH2KeUK5zEXzsyhE5r5j5,B4UtLRZND3D83CitRCBUyeiNr7H8m7YFRqBmiPmXjhW4,AAmpYbuixWiSqDaJBCqYEs1pb5SrbdPr9mgXrB58Q2e,366.6338695569999,366.78031208899995,365.18336852090226,0.9960437342085982,0.1460733474083609,1.0,2019.922910104,988.44824452,3000.3798027134867
Lee1XZJfJ9Hm2K1qTyeCz1LXNc1YBZaKZszvNY4KCDw,9DgFSWkPDGijNKcLGbr3p5xoJbHsPgXUTr6QvGBJ5vGN,2hNHZg7XBhuhHVZ3JDEi4buq2fPQwuWBdQ9xkH7t1GQX,1084.638739578042,912.5300110650123,231164.47440051282,213.1257772430689,23.116447440051285,179.74852462410988,6680.971523435,53908.583512119,11113875.5995499
BkwbeSfcX1h4thMDd7obGkHrPevf3QwgzJ4pCEqG18Lu,35yX27bmurdebhfAb8EPmjLETDiUaEUCn9zHaDPbakH2,2CxECn1ZJFoESyUnQysQU8rRgT3iJ5GRs2Mdd6gZjx5g,0.002634450000000288,0.00311778000000118,5.497026604069458,2086.5936358894105,0.0021988106416277833,1386.9625520110958,0.89422377,21.9495758,32309.12129467203
MATSnbbiTCv7Dc3trJrkrqjx7ckKdr6fwPoVwv9q3sD,631WX9JizSHJm4w6VanZeJAst9T8DeUUnPLesdGkCVtK,211maUSfpnXbPuW1iBu8b4dtJv5EbN1j7JJiEX5TZKEP,527.6524279999976,527.4054380000016,527.795460569812,1.000271073460908,0.21111818422792483,0.9980518028807768,20185.994175,25382.31557,45524.331878230194
Lid8SLUxQ9RmF7XMqUA8c24RitTwzja8VSKngJxRcUa,4PgzyzLtds9bKZ2to9PMnKqJzKEUpjvNUaeN23phegax,AtymwxoVN9peZo7EXTcDz9jKVc4vRmisJKKrNfe3ewBa,25.725251970999125,21.70854181600032,5473.28318691938,212.75916726061934,0.5473283186919381,179.60047515101706,960.452247685,7659.153729877,1579932.6695516445
KEN5P7p3asnb23Sw6yAmJRGvijfAzso3RqfyLAQhznt,9zj4aX38Uxf3h6AUjS4EipWS8mwbEofasHAf3a1uKGds,CwQDG1MWunn9cLNwcZLd8YBacweSR7ARo32w4mLua1Yr,66575.31417900068,66580.65141100134,66559.53956812303,0.999763056155691,6.655953956812303,1.0,1146535.424374,1080169.450901,2226433.2107639126
KZMu9QBEdL97EFgamLbN5DE1AoKBG4HdrKKJo4Vuon3,DD4ACBWyVqdaKWh7v5btsgqQCCMwbKnuL2xd9pv7Gyuw,GcYqiJ1MAuYbNTNYXm1F1gQYTfTgkErACAhNU5dpVj9T,13.893059549999862,13.83220123999945,13.960177991757531,1.0048310770940063,0.005584071196703013,1.0,1374.72785902,1713.67596643,3095.045241720204
CZgvH45CRmoaNJ7395Ao5CQZXkGznvqU7cErD6n7FaRg,4ZjU6MKvtqVQKCiowhvZ5yUsPxXX5SCzd5eFsPeXyey5,BsyWeshjDbCvjDojry3vKDCesmFRM37WtwcR4Kfgzqr,84.95988079999981,82.30054984000003,87.84502866180704,1.0339589443233685,0.03513801146472281,1.0,204.60413167,600.96914875,812.5214207357127
Cob4usZcpHEY7Qt4ZCwj6WVg9S44zvzYV2v9qYF65dTf,NhFM9UXE48PyNAyeyPYA3iXztqKVJwA4bTdLj4ysM8w,6TuFuynuBoeskxyR2cz4wxyidk8dpDK7kAWw3UkjQGx,30.703112000000004,4193.290173000045,0.22404958586077797,0.007297292400222425,8.96198343443112e-05,1.0,73919.935474,164.110706,703.5260893593522
YakoMPuYrybnr9R7VC7hVGxMz94fJvPFCdZ4gmW61Ed,,,0.015805999999999987,0.01579699999999984,0.0,0.0,0.0,1.0,73919.935474,164.110706,164.110706
MARpDPs5A7XiyCWPNH8GsMWPLxmwNn9SBmKvPa9LzgA,6YjT74rmcfCpw8LSjPNx5JTmZoYLGrTKnf9arfSgZ4SR,F8GSmi3vA8M8TsybLya1LQ4n1aFHCRbZ6k437PeTdXtg,161158.98751499987,164537.55520099972,153978.21352716073,0.9554429194513847,61.591285410864295,1.0,295990.841043,16296.774639,299099.12793599465
BUSDTd9WiT6uBHJRgNvFXBsA7JrifsAtWzKfioN7ERcy,DyBxrn7gSc1EwnpWhDyhzvMHPtxpmBqRqotapLcKcfTM,Cds99GeBgoCpqBsoRWu1C6fF9LiUMd4pXQQD24s9LPff,345.95814206,347.31231681,344.9742444670979,0.9971560212832583,0.03449742444670979,0.9982112354124779,98.7579576,86.50145436,184.8238156921484
MATgk4zXLXtYkwBH678J1xZbRDZ45LicNzkRBHkxTuY,y8dALFo1bJrSzPYjMX14HJX448pXqYmrfXHD1K8MXih,GN7Yuet3UyiWS5YVkEHv6oQKi4HGBJc3XDPt9zQhAqZz,2873.1355970000004,2865.237163,2877.322100656456,1.0014571201097597,1.1509288402625824,1.0,3427.404348,4651.739228,8084.137715799749
KwnjUuZhTMTSGAaavkLEmSyfobY16JNH4poL9oeeEvE,J63v6qEZmQpDqCD8bd4PXu2Pq5ZbyXrFcSa3Xt1HdAPQ,BnKQtTdLw9qPCDgZkWX3sURkBAoKCUYL1yahh6Mw7mRK,188.90402700000004,8577.632981999952,4.17586131272089,0.02210572944917098,0.00041758613127208913,1.0,276411.639139,599.593866,6709.874777408613
moFiBS1R4Lf3E3zzmBPnw3NF4RhWPkhREFviuzUaCAU,44ALBrpqi9PfZkBRTvbtRNtFJGsatfY4QydjtMbFWq8S,2ho8qEEie1UjVwWNBo9y4oAJZMyMLx8zPj9bxyUz6uWs,952.5668855969998,953.2286150670006,951.942715797106,0.9993447496345597,0.38077708631884244,1.0,33638.853493932,30783.070303432,64399.88192631911
BUSDgu5JdqP1rndBvXvanbEufS94FNh1w5FJcAj6vawb,Bgzr8cWubt89JQFXndVjtdKmDbGzuPxNhvjH1EhWCwbo,Dxaf8xPBBQsasRKW5Aa4Sw2YrbfGofY9xZueyyF23FBW,5894.728928979999,5899.578293970003,5892.548450351432,0.999630096878951,2.357019380140573,1.0,7899.32891236,7230.02197537,15126.428901311127
SUiuyGR7SFq3xeRVJonq84fjjeFwRSsFekcevJ53tzy,49GjCCPsv7fBqo6t3iKDrP1xxGDS8uWZbVCdfnp2gjMf,CEwj5xEbbJEjYqM8D6Ai8ByGz1mrh8mkAVsE5fzDSSSx,9.70280700000006,16.38620399999992,0.07080421978192539,0.007297292400222425,2.8321687912770156e-05,0.9541329221656528,662.769345,1.523702,6.2902359461385435
TETFuZgEmET6d9vYmz9iMFCxK1jKdKYxf3oPz8hSzJK,Eu1Ze6Z84LWNkq7SNoAHBJbXx5t1P95EwyqYohrfCRFV,ASMbv7WNu3qe4pkhREmvyEdwFNDZQ6B6iSrjkj4u8bdC,35.24918380899999,35.19051904,35.253166077146396,1.0001129747618551,0.014101266430858558,0.9990978146733499,78.927307618,172.623046111,251.40353254353903
BSCuChvaSj9b5HUSqgDVRzcnr2sSn7cXaamt1jbKH6hn,GnKpRj5kBVPMJfiwZtEuD9GYApLzPdW5JFuZTcyX4BTc,3dmwD9okkomV9nDwyuh4UMhKdUR13QpuKxRo89ycZB5t,791.536398665,792.9470962880002,790.213110161363,0.9983282025869324,0.31608524406454525,0.9990978146733499,1595.923231822,1407.840492017,2999.8255304744243
BSC8REUo9LpiiWUuqMuLXs2D2yJsJfGd4HdiF3wCLxk5,AZjEH1zWVx1UJ6udMyRijGTzPteuLnaY18yNNmprJEsh,Caf8ypkSVR8xYnXNhjvfvdGCC7mrM3C11rz8Xi6NA6aK,2471.9463206160003,2477.755715700001,2471.3053752104124,0.999740712247575,0.9885221500841651,1.0,3256.093297897,2961.991748389,6217.240781173102
parEAJhzYzHW87y9VoZAQ22dzQ2MD2ekEtTReaxbMcz,3oyc6hpjYSJEquK6dSvG72NXyz3pqLZz5D8AC71pwgQb,Di2vordgFJVZ1aj1aBpvzXtLfZgJsuLLXawGtVFwX6Rz,2.0341342830000144,2.4084839140002714,357.2937894002839,175.64906721562855,0.14291751576011358,203.44567807122104,1103.677884446,139.629579391,222267.02536745954
C98Sspw7XqnMsgxea3SLQVdbMDL8pKUc3RE82UvX9eq2,CSqgQJurPCzGxb4Cgwx5R61hWQUiaoUHcShNc8r1cKEL,6S2CR5EnukPhC914XkAns8m5GixjMAoUuZMsS5ubHuWc,46.700488000000064,46.67656199999965,0.0,0.0,0.0,1.0,853.98696,910.009043,910.009043
SoN9GaFpSXfpyR5dth3x7PHPVhvJMpQqqDJfCSmPv1t,9kZ9iS68ViMPtoeqtnhAKuF2iqVyfHPdZHoUNdwCELr,BBhm5fJLjw3HRzjtKB8uMEYjGhY6EDm9co3cqpjrSzB9,1.3084020810000003,1.2328881239999998,282.3905432987714,215.82856478105165,0.11295621731950854,211.2968598328473,1.96327989,3.228612807,1105.9276286574157
AUSejoEUCh2DBs9mof6BNC8Pubs22w4cJa1ccV9h44R,4xkyD7AfGQDwsQMy9MosRRNGoVJ1zosNinesxg1TzHG7,Cbm5gsQe3nSiCsFrvepVzMCD9xLK3ri9g3ypS2hdmVJ7,1442.0268989999986,1445.3992219999982,1440.515797927972,0.9989520992478889,0.1440515797927972,1.0,14862.096357,14016.792021,28863.31437604955
vEnkoSUkpnbRrPgBz9DfcVxNz67zjwMYBZraAvDDNSf,DtfyjjsZ5yCjWKLKHvwsfXs5QVsmm1QkK6Sh9JZHoq1g,e5wrKCRv4GhHvEf1VD5Pq2KGaZDXP77nTL612Jyrxwy,3427.932042999998,3426.754514000001,3425.821736810123,0.9993843792223991,0.34258217368101235,0.999014971238359,886.173698,1064.368529,1948.9482464448974
STK75uPSyBnEhGTTzb1nwmP3n427XoXmfRhXxxhyady,6TYyD5fUmDe6N65avW1Ny2RxzRNobw2RRgKwH9CTzSAU,54zDfk4cx2vGrEajPtodWpArNe5eUurytyxd4X3aZAxK,529.4288405090003,598.1841293860034,95067.65803670308,179.56645116896863,9.506765803670309,202.7853377278268,1601.83258705,278.276359159,344065.7584971044
