0,1,2,3,4,5,6,7,8,9,10,11
FrnkTEL6yZ5Aycq2TrEgu29dCrwKG4LPUZydfiwqspkc,DjvZuMZ46fxKBoBpGMPcRcos4xdTtHFxwMh69DpA2ZFY,9rvDPJLAng4uVVqnnSoEXgNDFhBZQTny9AoQioYDZbQX,16.624938393999855,13.83181895300001,3372.8949292165917,202.88164980111512,1.3491579716866369,168.64478568030378,171.363600546,1440.779221645,277746.4330415877
BkwbeSfcX1h4thMDd7obGkHrPevf3QwgzJ4pCEqG18Lu,35yX27bmurdebhfAb8EPmjLETDiUaEUCn9zHaDPbakH2,2CxECn1ZJFoESyUnQysQU8rRgT3iJ5GRs2Mdd6gZjx5g,0.1630987200000007,0.10615536000000003,355.29619867117026,2178.4119376974186,0.1421184794684681,1464.1288433382138,0.92007253,21.91098061,34084.7956798248
KEN5P7p3asnb23Sw6yAmJRGvijfAzso3RqfyLAQhznt,9zj4aX38Uxf3h6AUjS4EipWS8mwbEofasHAf3a1uKGds,CwQDG1MWunn9cLNwcZLd8YBacweSR7ARo32w4mLua1Yr,44567.379304002505,44572.06899599824,44480.81962900446,0.9980577795609743,4.448081962900446,1.0,1142728.038153,1096021.40114,2236530.0095410515
BSCNHw8CmxbZ8hCWWzMf5FaG2ajPT6JxfznKUNuRVrn4,7n9kgNL633yGzCYksgnzHyjG73ZLBAwvEae5sbAekbzW,SscdxE99omdG9AiMVwmaEMQySQnCgeAh1sPj2Leutm2,648.7554346479992,647.3751512429999,650.4849916291472,1.0026659614529263,0.26019399665165893,0.9999499395061785,4904.489970821,6800.851007805,11718.075705874617
wrmcMSHFi3sWpAEy4rGDvQb3ezh3PhXoV2xNjgLBkKU,8p4mGnARWPBu6P2Gcw4adodLkNDorrXniZMhaY7eJXUn,AyY89zccbsgp9LKFgH4CFZMJmpSgqmPSdTfukhP227rc,0.0032738900000000154,0.02708433999999471,1.2018685756240879,367.1071953010279,0.00048074743024963514,3076.3551344367193,26.99516893,0.10544349,10234.502374424177
C98Sspw7XqnMsgxea3SLQVdbMDL8pKUc3RE82UvX9eq2,CSqgQJurPCzGxb4Cgwx5R61hWQUiaoUHcShNc8r1cKEL,6S2CR5EnukPhC914XkAns8m5GixjMAoUuZMsS5ubHuWc,46.49424999999974,46.48705099999984,0.0,0.0,0.0,1.0,872.159209,891.754614,891.754614
C2ypsDADXcCRz8HbV2zX1AXPSja7a1P3xZtRC91xGhJh,J9bYNuDpY1d1T86gLaw7DGk5D3CsUAf2tzUwxMvb6FTv,A2NGvvPrMGzsJ4jb52KEnSBVmsA7C34dV1GC7PerdgvG,318.4526903900014,320.98147885700155,53789.894745323414,168.91015955760403,21.515957898129365,169.8687492122337,4340.805378958,2165.400268846,1101039.964381006
SoN9GaFpSXfpyR5dth3x7PHPVhvJMpQqqDJfCSmPv1t,9kZ9iS68ViMPtoeqtnhAKuF2iqVyfHPdZHoUNdwCELr,BBhm5fJLjw3HRzjtKB8uMEYjGhY6EDm9co3cqpjrSzB9,0.06653982100000033,0.06545530399999999,13.513628106147525,203.09083948613954,0.005405451242459011,198.48957373967062,0.85605171,1.40710374,453.15168198754156
BUSDgu5JdqP1rndBvXvanbEufS94FNh1w5FJcAj6vawb,Bgzr8cWubt89JQFXndVjtdKmDbGzuPxNhvjH1EhWCwbo,Dxaf8xPBBQsasRKW5Aa4Sw2YrbfGofY9xZueyyF23FBW,7184.21391408,7204.044688440003,7167.568597849528,0.9976830706282492,2.867027439139811,1.0,8888.65670076,6230.33069295,15098.3930039246
daob129AwBGn9Y5r91uLoWZeYiGzbPmksauMhFZKTze,6VW5GQNyj4LStgmxEHLr5zUfW92vQnmbw8jTnCH7a38F,4VPCCUifPeBA1c7HWK358CHn2nyjm8pdTRk6Ps3KmnMQ,20.64534596799973,18.293929519000017,3869.8394822355376,187.44367317621055,1.5479357928942155,168.49915110127674,45.156644738,227.679226467,46828.083741088754
SoNcU2iwHMw6dGzsYNQkYFkUjwN1UdAjrWVRnStrZu2,8ivTTid27jZnYNc4w3CTA1Z6QS2twsFb8WMwUabeDJgc,CyXm53PMvHCbeXJBykU46Rcbo28xk5srhMZFg7gv6EYB,0.5083605550000065,0.5035963810000013,101.55911632717569,199.77772730060533,0.04062364653087028,196.74373381045,15.271167064,19.428157578,6873.207312227287
Cob4usZcpHEY7Qt4ZCwj6WVg9S44zvzYV2v9qYF65dTf,NhFM9UXE48PyNAyeyPYA3iXztqKVJwA4bTdLj4ysM8w,6TuFuynuBoeskxyR2cz4wxyidk8dpDK7kAWw3UkjQGx,6.9274739999999895,931.6716219999798,0.0506258907294419,0.007307987114703278,2.0250356291776763e-05,1.0,73833.426003,164.719317,704.2930428643219
AURHmCnNwiW4uA2Qj1XvEh4iKgRUZYXtiY7FKAapUV5Y,BKWm4TRnTeKwfWXRyuzjRHU7iZDkPuXBX5b5V5jSVfGJ,A5Ww74HVrkj9nPeC7pHKLfgeDMEhBCpW1efQdz3TGLEg,0.0005891900000278838,0.0005266939999728493,0.11050495733950182,187.5540272819839,4.420198293580073e-05,168.47283586112786,290.131020683,1795.060871487,356834.2369312917
Lid8SLUxQ9RmF7XMqUA8c24RitTwzja8VSKngJxRcUa,4PgzyzLtds9bKZ2to9PMnKqJzKEUpjvNUaeN23phegax,AtymwxoVN9peZo7EXTcDz9jKVc4vRmisJKKrNfe3ewBa,34.600038438990055,29.239342286000806,6905.747319583071,199.58785108750428,0.6905747319583071,168.61077702759096,960.087298843,7659.573419471,1483108.386789368
BSCuChvaSj9b5HUSqgDVRzcnr2sSn7cXaamt1jbKH6hn,GnKpRj5kBVPMJfiwZtEuD9GYApLzPdW5JFuZTcyX4BTc,3dmwD9okkomV9nDwyuh4UMhKdUR13QpuKxRo89ycZB5t,1273.169524383,1274.109327911,1273.095754849485,0.9999420583574284,0.509238301939794,0.9992795194664648,1554.312931455,1448.411554736,3001.5908744169465
WiiQFxXqp8P9Fs1rt9SVcDyA3KUdJmUsog6wnVQAwba,3S2jpqSYxho6wiz3cafhjXruVY8cg4HYa2v3BqBHYFSj,Dfe67M6TfrG74gKRtdqys4e6E9QirPD53BkF4FujFjuv,17517.427170657,17498.112838098,17493.911819401535,0.9986576024534668,1.7493911819401537,0.9999505854419192,19513.563863042,7313.122383841,26800.129911918346
vEnkoSUkpnbRrPgBz9DfcVxNz67zjwMYBZraAvDDNSf,DtfyjjsZ5yCjWKLKHvwsfXs5QVsmm1QkK6Sh9JZHoq1g,e5wrKCRv4GhHvEf1VD5Pq2KGaZDXP77nTL612Jyrxwy,1823.6365049999995,1824.997803,1800.5622991365642,0.9873471463199103,0.1800562299136564,0.9891617546542533,1254.212858,695.248044,1926.0562613470165
STK75uPSyBnEhGTTzb1nwmP3n427XoXmfRhXxxhyady,6TYyD5fUmDe6N65avW1Ny2RxzRNobw2RRgKwH9CTzSAU,54zDfk4cx2vGrEajPtodWpArNe5eUurytyxd4X3aZAxK,267.49828075100055,302.0999241149933,45137.75215097546,168.74034488839092,4.513775215097546,190.64177647632994,1808.540555116,314.561519381,365142.32388080313
HEDSDjj84KS7LKhZY7ejkCACTdPen62rKhCby1wXtgxc,EnnjMSFttpCTywBrYNt1J5QQeoSVkvzPipJDa8Y7kJow,6bjVT6JN2rSvpyn9PdfLYC8wJn4LWh49jpY47fnLDXZk,8.317514433003453,8.087105198004792,8.041661993232529,0.966834750694708,0.003216664797293012,0.9999489406071946,38828.017689022,9060.044690521,46599.85889247561
SAMGk1Nd4haC8zQA63DG37pzuEZy8j4q13tSFtCbcRE,9U9TnkHD3jXMAVZtynCVLgDruuqN4pTvLJTmVHCLWS8g,C6zoEbvqSknmi96QWq96UBiPCyNW3YSTvKhavR2BfifE,0.017952359999995338,0.00940900999999994,0.030836601239821116,1.71769066795837,1.2334640495928448e-05,0.0,53.64828056,1.13503613,92.15115086992445
MATSnbbiTCv7Dc3trJrkrqjx7ckKdr6fwPoVwv9q3sD,631WX9JizSHJm4w6VanZeJAst9T8DeUUnPLesdGkCVtK,211maUSfpnXbPuW1iBu8b4dtJv5EbN1j7JJiEX5TZKEP,417.65387199999896,417.305809999998,418.1024959781835,1.001074152565703,0.16724099839127343,0.9995641900131541,20112.885712,25453.53077,45576.92788688118
BkMBnJpvHKtWhUvrgRrLesXfi9RUV3ELgdBaJcdH7hcY,5uerVwBnZQsuVhZ15igs7ZgmcqhHnYWbwoRtLyRqLvR,9YWiQh5d4jCtgMdzcGLv9bWgnLaFtzvDDh2nnhJdzhBX,1.4684738939999988,1.4598249719999785,1.4783489411685868,1.0067247005268096,0.0005913395764674347,0.9999489406071946,918.704587353,1955.76814113,2880.550881371801
Sid7E679i9ABqptiAVhkmQ27YHN8vaYT4fppPwmxFsJ,GP7KB8o1bv527HG8kTzzzf4wJ5aEGHvcMQvVhLziUfmT,9gYxhAZ1M9wu5pxr8SBoa5NDm21gi3s9vMHaYTME77sa,391.2899430000052,840.3007880000205,2.8659622463601635,0.007324395368781878,0.0011463848985440654,0.022440560397343334,135977.738618,8699.356267,1191.1731487187328
RajgMbScQbqqrdJfR2rxfHJiTiY5b6bJ2tTXiF4aPxy,725ZA3fhyBAKb5iopNRrcbSuQa3LXA1656Q3mBvYPxeg,GLA6i1dSZpUfk2f9Nj8uiG7xyDdAR2reff8oEiZH3617,3154.9564888299938,3154.3036099499877,3155.450001210183,1.0001564244647863,1.2621800004840733,1.0,84296.79995777,99648.41216417,183958.3982037566
MATgk4zXLXtYkwBH678J1xZbRDZ45LicNzkRBHkxTuY,y8dALFo1bJrSzPYjMX14HJX448pXqYmrfXHD1K8MXih,GN7Yuet3UyiWS5YVkEHv6oQKi4HGBJc3XDPt9zQhAqZz,3561.6813790000006,3563.5479980000005,3563.9159543033493,1.0006273933756467,1.4255663817213398,1.0,3900.72372,4175.787772,8078.958780222156
BUSDTd9WiT6uBHJRgNvFXBsA7JrifsAtWzKfioN7ERcy,DyBxrn7gSc1EwnpWhDyhzvMHPtxpmBqRqotapLcKcfTM,Cds99GeBgoCpqBsoRWu1C6fF9LiUMd4pXQQD24s9LPff,325.00267653000003,325.79741989,324.138258140426,0.9973402730131232,0.032413825814042604,0.9972336737889095,114.57404676,109.61774104,223.58381368559725
B2izdXFYb2sNwbWWHmh75T4aQFtfXsUxem9u2p61HGzf,4DYwgJtxwuJdAjkj5RJSNH4e7U329V5cNp7d3a1nLrZv,EXNW64GEf1ACC6xY9BtKRiunrs6GoJSXBdxWN2eTPmrF,5731.893199000002,5657.140383999995,5794.250927481559,1.010879080666129,0.5794250927481559,1.0,9384.148921,30363.458468,39849.698302094526
KZMu9QBEdL97EFgamLbN5DE1AoKBG4HdrKKJo4Vuon3,DD4ACBWyVqdaKWh7v5btsgqQCCMwbKnuL2xd9pv7Gyuw,GcYqiJ1MAuYbNTNYXm1F1gQYTfTgkErACAhNU5dpVj9T,1025.0387471,1037.2655485900002,1021.156697376121,0.9962127775804945,0.4084626789504484,1.0,1401.74504229,1686.51627708,3082.9525991194087
BUSD5rCfUDpCxKGMvYU2yThChxgHoioK74PTPociGnv2,CcFHbafgYDZ8yA8Me1PdtDiVb2eeaS61LbqyKKK5CsNZ,26R9s4nmF3CFDTkiePDwRmtscn8i7r2eygbSijditJ58,82.09131155,82.09092221,81.88304611635537,0.9974630027257174,0.008188304611635538,1.0,107.28660317,40.83460605,147.84902340019067
DA1mL7dfBow33EH5yjUuZE6SH2KeUK5zEXzsyhE5r5j5,B4UtLRZND3D83CitRCBUyeiNr7H8m7YFRqBmiPmXjhW4,AAmpYbuixWiSqDaJBCqYEs1pb5SrbdPr9mgXrB58Q2e,1918.9772262779998,1884.971278543,1911.3812842827645,0.996041671630482,0.764552513713106,0.9985801169345706,2019.937267655,988.286167103,2998.8246089743266
moFiBS1R4Lf3E3zzmBPnw3NF4RhWPkhREFviuzUaCAU,44ALBrpqi9PfZkBRTvbtRNtFJGsatfY4QydjtMbFWq8S,2ho8qEEie1UjVwWNBo9y4oAJZMyMLx8zPj9bxyUz6uWs,3231.463953268998,3230.261782575002,3231.7689449996446,1.0000943819071038,1.2927075779998578,0.9994640493970793,31367.10083433,33053.063956034,64405.41046760545
7oAd7xG4m3oC2qeWB1szghTebAZyyGPAFDJ4wwwbRSNi,D9yh4KAysxt9GLacVe4Wwh2XqghhcjTCSTV9HuM7TBJd,HDYfJLpZKaMFb84jM4mRytn7XLR8UFZUnQpSfhJJaNEy,76.07777675200487,1.7333869999999933,76.07389241905794,0.9999489426069904,0.03042955696762318,0.022840603942415612,956.958076799,300024.939857,7809.660041135181
MARpDPs5A7XiyCWPNH8GsMWPLxmwNn9SBmKvPa9LzgA,6YjT74rmcfCpw8LSjPNx5JTmZoYLGrTKnf9arfSgZ4SR,F8GSmi3vA8M8TsybLya1LQ4n1aFHCRbZ6k437PeTdXtg,14623.31907800001,15358.207406999834,13832.540407957873,0.9459234483071753,5.53301616318315,1.0,297301.952878,14946.5621,296171.45055481506
AUSejoEUCh2DBs9mof6BNC8Pubs22w4cJa1ccV9h44R,4xkyD7AfGQDwsQMy9MosRRNGoVJ1zosNinesxg1TzHG7,Cbm5gsQe3nSiCsFrvepVzMCD9xLK3ri9g3ypS2hdmVJ7,958.3368570000002,958.4686519999977,957.3077511674952,0.9989261543840372,0.09573077511674953,1.0,14822.201643,14056.120472,28862.40535874675
BerKDkt6v49dT1bHRedgnpsJS263C1DSJtEGvY9Mg35V,78XKqNb8wbfsMMrvo8WPUpdx7GEkfQutpNVH943aCGFa,DKYQwn4nDvFHCszi5tXbqfVMAP7DaXXp1KGTXEnYnKVH,268.4959405540003,267.89515474400014,269.0285778599907,1.0019837815979318,0.1076114311439963,0.9999489426069904,1337.244815495,1688.072572841,3027.8840014081284
YAkoNb6HKmSxQN9L8hiBE5tPJRsniSSMzND1boHmZxe,CfWX7o2TswwbxusJ4hCaPobu2jLCb1hfXuXJQjVq3jQF,EnTrdMMpdhugeH6Ban6gYZWXughWxKtVGfCwFn78ZmY3,6255195.112739982,6256305.208611011,6255195.112739982,1.0,625.5195112739982,0.9997210778192885,1022906.221101,468012.062002,1490787.744158067
BSC8REUo9LpiiWUuqMuLXs2D2yJsJfGd4HdiF3wCLxk5,AZjEH1zWVx1UJ6udMyRijGTzPteuLnaY18yNNmprJEsh,Caf8ypkSVR8xYnXNhjvfvdGCC7mrM3C11rz8Xi6NA6aK,5101.714781076002,5112.511290542999,5095.718989953695,0.9988247498381236,2.0382875959814784,0.9993165054842759,3438.460799537,2775.286601313,6207.809456067179
GokA1R67GqSavkd15zR62QD68Tuc5AEfvjssntVDEbM8,3YB7hfpBdbQEuZqLGWVDpRPmeZWCUsrrWyqGXegnQ6Cg,4DPCj6Z1DsG6HUtwSogBGqXEUxdEV5a8YVrrFtcnz7UW,10878.626422000003,10877.318851999995,10881.118198067361,1.0002290524530117,1.088111819806736,1.0,14143.618772,18284.327867,32431.186269574187
SAMyS8Jr2HJrkFwYVKbpUwsNStnQmvz3f8Tup8bWUWF,6jPzm5TFfquvgm25sTyN3MMGBfufRaFHMxobDWv6hMFW,Cj9ECoDmxsHTDzCY5ZA6RWrPbg9uFzEC1Qc2kso2vJG6,704.0667852100071,68.87367436999858,701.4003276962306,0.9962127775804945,0.28056013107849226,0.022367808822159052,494.59946033,108324.57255807,2915.709631886169
SEQV6QiTpvTzrceiaYg9Avnwf7oc8ZALpnQMz6TyT4A,3dFMPj4r9mMmPHF32mz1gNDX7f8ftidWof7S8YiYTs1j,Fc1ED3YPeQfXQosHbd8DTaBd2AV5gHQtwiSAL5C5pUhi,674.8374648160002,674.6797144730003,673.6899115260555,0.9982995115864565,0.2694759646104222,0.9966532384253677,2681.948398424,2865.211654407,5533.0102503856
heyk4SZTeCUV6a65WiVA5bzic3KcxgVf1qxobfeV4tQ,9ZDpBKPqMABtGfq66FbVribaArMvtk63xxy91onZAtDt,DaTP4s6N7xxSPinbNZ3FB52EpRDRt87QShTuN3VPCW52,22.46852937000085,19.47610030199951,4378.263329147863,194.86203378284108,1.7513053316591454,168.25154009047222,613.82015012,4487.759880683,874682.7543104207
ALLwa5WNZbvQsRKAqe1jdRGemdYQnW8E5k4msbRFcYtu,CGoM82Hbz7QVqTgvQatYtjvDWBvoUJp5qm21P8iMs9yb,3dxNNww8TivyN5FMy5dCNdi3Zcxv6e4kUfSPxfFwpdNq,0.9812227040000043,0.9762518469999995,3016.45517538198,3074.1799624950045,1.206582070152792,3057.5616557307876,1.280462442,7.405965696,26580.568717670994
Lee1XZJfJ9Hm2K1qTyeCz1LXNc1YBZaKZszvNY4KCDw,9DgFSWkPDGijNKcLGbr3p5xoJbHsPgXUTr6QvGBJ5vGN,2hNHZg7XBhuhHVZ3JDEi4buq2fPQwuWBdQ9xkH7t1GQX,1134.3143678399483,954.4659704220048,226908.02826561453,200.03980792177643,22.690802826561452,167.50946260954282,6680.857085157,53924.350967868,10369276.420263596
parEAJhzYzHW87y9VoZAQ22dzQ2MD2ekEtTReaxbMcz,3oyc6hpjYSJEquK6dSvG72NXyz3pqLZz5D8AC71pwgQb,Di2vordgFJVZ1aj1aBpvzXtLfZgJsuLLXawGtVFwX6Rz,2.6001000899999838,3.0715356779999183,428.49311693505786,164.79870085888138,0.17139724677402313,194.85060511829673,1104.298609765,139.100111713,209090.71718884152
ercAoEmXjQzEvAFbdjAo81KtMxRGn9AW1ju882upmPH,CMRhskR2Eg6V42RTSdRTXGdozyPbWB8U9dVpijPWb9T4,7TKLLgrWswt6ZJ1pXhVR3FyufHGjJFqiEXxvWJfDcgRm,1.7830834260000188,1.9739877690000043,300.0279361231236,168.26354378503456,0.12001117444924943,143.12458136059954,33.39152075,323.912540228,51978.42233134737
KEVpg4SYCVrqFxKijQH6hm4QxsRdoE51ud64bEEFUC9,2bPenuBYfqzD8p5dFjCcggwkHDsc2RQDnx9AoyYGUBjA,AE6n6iLuX8oYu61vt5hoDYkjswpnxFxrhSehxrnQTnbx,1888.6343438089993,1889.4718444550003,1886.9723608236739,0.9991200080678542,0.7547889443294696,0.9974628067240647,4558.591097214,2967.402584057,7514.4532840002375
KwnjUuZhTMTSGAaavkLEmSyfobY16JNH4poL9oeeEvE,J63v6qEZmQpDqCD8bd4PXu2Pq5ZbyXrFcSa3Xt1HdAPQ,BnKQtTdLw9qPCDgZkWX3sURkBAoKCUYL1yahh6Mw7mRK,218.69175700000062,9475.321358999878,4.890003028249086,0.02236025305813914,0.0004890003028249086,1.0,276356.832692,600.752032,6780.160745338941
JSoLLrxK5bYdHwTEWYaGgmeycBCNXKDiBCTw5hXGBg7,xG4wXczA7Dk4hccJ61CHKpDHW4NrNfQwgmWgkb9BuF2,BVR6WgfhsRr9Lob4QDnkEAiNGgAbv7ZieKcY9kSg3QYR,0.8940078730000209,0.7590063320000091,177.1262788295783,198.1260838735076,0.07085051153183132,167.65875943248182,16.972391608,164.786337538,30990.546406303914
ALBpShJ9NLpE739pcHDF2LNVk5J4VYPvvKuV6jMPitZi,D6d156U1bPiJpDYRLextvDRccgFk7QzkQbJg42ceKEu5,GNcM8U5g8RwTZffwwm3kSQqUNPSwv5d2fbN9sLxPJqt2,829.4552419999964,829.6950849999994,829.2844094116576,0.9997940424272601,0.33171376376466305,0.9985022466300548,50163.237048,50152.449561,100230.23911011583
