0,1,2,3,4,5,6,7,8,9,10,11
STK75uPSyBnEhGTTzb1nwmP3n427XoXmfRhXxxhyady,6TYyD5fUmDe6N65avW1Ny2RxzRNobw2RRgKwH9CTzSAU,54zDfk4cx2vGrEajPtodWpArNe5eUurytyxd4X3aZAxK,741.5940322720003,837.3964291220066,135118.610036646,182.20023915603392,13.511861003664599,205.44807197256858,1585.87928343,275.522259552,345553.1017240297
wrmcMSHFi3sWpAEy4rGDvQb3ezh3PhXoV2xNjgLBkKU,8p4mGnARWPBu6P2Gcw4adodLkNDorrXniZMhaY7eJXUn,AyY89zccbsgp9LKFgH4CFZMJmpSgqmPSdTfukhP227rc,0.025728400000000304,0.19982122999999608,9.903156274057084,384.9114703618168,0.003961262509622834,3718.9928967235674,27.07309106,0.09677706,10780.656485849746
daob129AwBGn9Y5r91uLoWZeYiGzbPmksauMhFZKTze,6VW5GQNyj4LStgmxEHLr5zUfW92vQnmbw8jTnCH7a38F,4VPCCUifPeBA1c7HWK358CHn2nyjm8pdTRk6Ps3KmnMQ,31.37992672500002,27.788163892,6371.151230936502,203.0326994314069,2.5484604923746006,181.71609041465794,48.239440376,224.225187278,50539.50820325234
BUSDgu5JdqP1rndBvXvanbEufS94FNh1w5FJcAj6vawb,Bgzr8cWubt89JQFXndVjtdKmDbGzuPxNhvjH1EhWCwbo,Dxaf8xPBBQsasRKW5Aa4Sw2YrbfGofY9xZueyyF23FBW,8337.153961979999,8342.47876090001,8333.060096215928,0.9995089612375231,3.333224038486372,1.0,8038.08937682,7089.07783182,15123.220195179729
MARpDPs5A7XiyCWPNH8GsMWPLxmwNn9SBmKvPa9LzgA,6YjT74rmcfCpw8LSjPNx5JTmZoYLGrTKnf9arfSgZ4SR,F8GSmi3vA8M8TsybLya1LQ4n1aFHCRbZ6k437PeTdXtg,47029.31898499997,49631.795036000025,44486.76680196714,0.9459368700651656,17.79470672078686,1.0,297441.919456,14839.313406,296200.5917223837
RajgMbScQbqqrdJfR2rxfHJiTiY5b6bJ2tTXiF4aPxy,725ZA3fhyBAKb5iopNRrcbSuQa3LXA1656Q3mBvYPxeg,GLA6i1dSZpUfk2f9Nj8uiG7xyDdAR2reff8oEiZH3617,41897.009286109955,41820.87350849,42051.91930540884,1.0036974004096813,16.820767722163534,1.0,39738.69575808,144287.55349392,184173.1791219761
BkwbeSfcX1h4thMDd7obGkHrPevf3QwgzJ4pCEqG18Lu,35yX27bmurdebhfAb8EPmjLETDiUaEUCn9zHaDPbakH2,2CxECn1ZJFoESyUnQysQU8rRgT3iJ5GRs2Mdd6gZjx5g,0.2216841000000045,0.14824946999999844,467.0967130215012,2107.0375052675936,0.1868386852086005,1394.700139470014,0.89422377,21.9495758,32497.239451059428
SoN9GaFpSXfpyR5dth3x7PHPVhvJMpQqqDJfCSmPv1t,9kZ9iS68ViMPtoeqtnhAKuF2iqVyfHPdZHoUNdwCELr,BBhm5fJLjw3HRzjtKB8uMEYjGhY6EDm9co3cqpjrSzB9,0.187692136,0.18415435299999994,41.14148309314498,219.19662682694909,0.016456593237257993,214.71728068293837,0.853186532,1.411156756,490.0153511342596
SoNcU2iwHMw6dGzsYNQkYFkUjwN1UdAjrWVRnStrZu2,8ivTTid27jZnYNc4w3CTA1Z6QS2twsFb8WMwUabeDJgc,CyXm53PMvHCbeXJBykU46Rcbo28xk5srhMZFg7gv6EYB,2.422098124000007,2.4136716400000022,525.182960736685,216.82976240011467,0.210073184294674,214.14780310051756,15.3669898,19.335769048,7472.7332100271715
YAkoNb6HKmSxQN9L8hiBE5tPJRsniSSMzND1boHmZxe,CfWX7o2TswwbxusJ4hCaPobu2jLCb1hfXuXJQjVq3jQF,EnTrdMMpdhugeH6Ban6gYZWXughWxKtVGfCwFn78ZmY3,8233607.769555008,8235199.973555997,8233607.769555008,1.0,823.3607769555008,0.9993064813019764,782937.612563,711524.154635,1493968.3118926652
KZMu9QBEdL97EFgamLbN5DE1AoKBG4HdrKKJo4Vuon3,DD4ACBWyVqdaKWh7v5btsgqQCCMwbKnuL2xd9pv7Gyuw,GcYqiJ1MAuYbNTNYXm1F1gQYTfTgkErACAhNU5dpVj9T,19.82391656999971,19.833506659999557,19.918488557747466,1.0047706005729904,0.007967395423098985,1.0,1376.93447207,1711.45646803,3094.959744481427
Lee1XZJfJ9Hm2K1qTyeCz1LXNc1YBZaKZszvNY4KCDw,9DgFSWkPDGijNKcLGbr3p5xoJbHsPgXUTr6QvGBJ5vGN,2hNHZg7XBhuhHVZ3JDEi4buq2fPQwuWBdQ9xkH7t1GQX,1192.8300861500884,1003.3794296720025,258429.36326328784,216.6522845658429,25.842936326328786,182.46929862815932,6676.400078759,53923.860285003,11285906.295266066
KwnjUuZhTMTSGAaavkLEmSyfobY16JNH4poL9oeeEvE,J63v6qEZmQpDqCD8bd4PXu2Pq5ZbyXrFcSa3Xt1HdAPQ,BnKQtTdLw9qPCDgZkWX3sURkBAoKCUYL1yahh6Mw7mRK,388.32038100001694,15084.040377999638,8.545331130486584,0.02200587851835212,0.0008545331130486584,1.0,276678.423859,593.643419,6682.19520309029
GokA1R67GqSavkd15zR62QD68Tuc5AEfvjssntVDEbM8,3YB7hfpBdbQEuZqLGWVDpRPmeZWCUsrrWyqGXegnQ6Cg,4DPCj6Z1DsG6HUtwSogBGqXEUxdEV5a8YVrrFtcnz7UW,53380.904727000016,53358.313435000004,53414.02142028059,1.0006203846384758,5.341402142028059,1.0,9814.557365,22624.084583,32444.730748622685
7dwD9TF6uikvHXxPFK9AsSim54yJoujQjY9vU6gNFumk,CquVr6atkvwueDYficKjn6SSEWq4F4rH4VSiBbW4GBWU,8BCa6ge3b7ho3TfZuM64Vk1hgbrJ3J7EPiAb9uP86CGd,0.002677048,0.002716685,0.5786775520368134,216.16256116319667,0.00023147102081472532,216.82896314558113,0.004123578,0.003389003,1.626197188223476
Sid7E679i9ABqptiAVhkmQ27YHN8vaYT4fppPwmxFsJ,GP7KB8o1bv527HG8kTzzzf4wJ5aEGHvcMQvVhLziUfmT,9gYxhAZ1M9wu5pxr8SBoa5NDm21gi3s9vMHaYTME77sa,2074.094366999998,6089.2872450001305,14.912438540397222,0.007189855378647406,0.005964975416158889,0.02201820059690461,135963.854417,8705.360881,1169.2368321280046
BSCuChvaSj9b5HUSqgDVRzcnr2sSn7cXaamt1jbKH6hn,GnKpRj5kBVPMJfiwZtEuD9GYApLzPdW5JFuZTcyX4BTc,3dmwD9okkomV9nDwyuh4UMhKdUR13QpuKxRo89ycZB5t,559.67661054,561.0858949979997,557.9988180199811,0.9970022107616753,0.22319952720799247,0.9995442078412244,1819.269762528,1184.522176047,2997.798255339546
FrnkTEL6yZ5Aycq2TrEgu29dCrwKG4LPUZydfiwqspkc,DjvZuMZ46fxKBoBpGMPcRcos4xdTtHFxwMh69DpA2ZFY,9rvDPJLAng4uVVqnnSoEXgNDFhBZQTny9AoQioYDZbQX,37.79031664000027,31.538870205000052,8295.616649573669,219.51699237134548,3.318246659829468,182.43424568091484,171.372339576,1440.796610594,300469.7833926996
Lid8SLUxQ9RmF7XMqUA8c24RitTwzja8VSKngJxRcUa,4PgzyzLtds9bKZ2to9PMnKqJzKEUpjvNUaeN23phegax,AtymwxoVN9peZo7EXTcDz9jKVc4vRmisJKKrNfe3ewBa,47.84621999200181,40.37422173499897,10350.57360812765,216.33001749893512,1.0350573608127651,182.41614193143303,959.202159601,7660.632200661,1604927.1907717837
ALLwa5WNZbvQsRKAqe1jdRGemdYQnW8E5k4msbRFcYtu,CGoM82Hbz7QVqTgvQatYtjvDWBvoUJp5qm21P8iMs9yb,3dxNNww8TivyN5FMy5dCNdi3Zcxv6e4kUfSPxfFwpdNq,25.67822086800001,25.60706154800001,95742.807114094,3728.5607755406413,38.2971228456376,3731.7331661516873,4.612341117,4.086889016,32448.57345964774
DA1mL7dfBow33EH5yjUuZE6SH2KeUK5zEXzsyhE5r5j5,B4UtLRZND3D83CitRCBUyeiNr7H8m7YFRqBmiPmXjhW4,AAmpYbuixWiSqDaJBCqYEs1pb5SrbdPr9mgXrB58Q2e,183.65951708900002,183.12079499999993,183.28618366093528,0.9979672524790326,0.07331447346437411,0.9999897681046928,1836.263393015,1171.422596988,3003.9413442696327
C98Sspw7XqnMsgxea3SLQVdbMDL8pKUc3RE82UvX9eq2,CSqgQJurPCzGxb4Cgwx5R61hWQUiaoUHcShNc8r1cKEL,6S2CR5EnukPhC914XkAns8m5GixjMAoUuZMsS5ubHuWc,93.2982350000002,93.23656599999993,0.0,0.0,0.0,1.0,850.735887,913.243475,913.243475
JSoLLrxK5bYdHwTEWYaGgmeycBCNXKDiBCTw5hXGBg7,xG4wXczA7Dk4hccJ61CHKpDHW4NrNfQwgmWgkb9BuF2,BVR6WgfhsRr9Lob4QDnkEAiNGgAbv7ZieKcY9kSg3QYR,0.8936382559999174,0.7585719219999945,191.7553567320753,214.57827643861862,0.07670214269283013,182.26722197413628,17.016055674,164.736501136,33677.340318108356
parEAJhzYzHW87y9VoZAQ22dzQ2MD2ekEtTReaxbMcz,3oyc6hpjYSJEquK6dSvG72NXyz3pqLZz5D8AC71pwgQb,Di2vordgFJVZ1aj1aBpvzXtLfZgJsuLLXawGtVFwX6Rz,4.558237400999985,5.377866561999781,812.1450882747512,178.17086229352225,0.3248580353099005,208.91385270152773,1103.857980439,139.475924457,225813.78096182173
BUSDTd9WiT6uBHJRgNvFXBsA7JrifsAtWzKfioN7ERcy,DyBxrn7gSc1EwnpWhDyhzvMHPtxpmBqRqotapLcKcfTM,Cds99GeBgoCpqBsoRWu1C6fF9LiUMd4pXQQD24s9LPff,518.4401811400002,516.98613898,516.4506274010256,0.9961624237253375,0.051645062740102554,0.9983802976916459,106.2876079,78.94714906,184.69899927806188
AUSejoEUCh2DBs9mof6BNC8Pubs22w4cJa1ccV9h44R,4xkyD7AfGQDwsQMy9MosRRNGoVJ1zosNinesxg1TzHG7,Cbm5gsQe3nSiCsFrvepVzMCD9xLK3ri9g3ypS2hdmVJ7,1736.5196570000026,1740.4669110000013,1732.7440078069912,0.9978257377175136,0.17327440078069914,1.0,15273.309618,13606.107994,28846.209430968847
HEDSDjj84KS7LKhZY7ejkCACTdPen62rKhCby1wXtgxc,EnnjMSFttpCTywBrYNt1J5QQeoSVkvzPipJDa8Y7kJow,6bjVT6JN2rSvpyn9PdfLYC8wJn4LWh49jpY47fnLDXZk,9.57137738500569,9.808768643000803,9.271960918104824,0.9687175152690223,0.0037087843672419297,0.9999897681046928,38816.473405727,9071.232904251,46673.33775744756
SAMyS8Jr2HJrkFwYVKbpUwsNStnQmvz3f8Tup8bWUWF,6jPzm5TFfquvgm25sTyN3MMGBfufRaFHMxobDWv6hMFW,Cj9ECoDmxsHTDzCY5ZA6RWrPbg9uFzEC1Qc2kso2vJG6,905.6567478899815,19.784512240000026,909.977274490398,1.0047706005729904,0.3639909097961593,0.022025069947767765,484.03021515,108799.3844153,2882.6533819927954
ALBpShJ9NLpE739pcHDF2LNVk5J4VYPvvKuV6jMPitZi,D6d156U1bPiJpDYRLextvDRccgFk7QzkQbJg42ceKEu5,GNcM8U5g8RwTZffwwm3kSQqUNPSwv5d2fbN9sLxPJqt2,39.125301000000036,39.1512950000033,39.0923070928137,0.9991567117352953,0.01563692283712548,0.9995002498750625,51177.007146,49139.380435,100248.67319993934
MATgk4zXLXtYkwBH678J1xZbRDZ45LicNzkRBHkxTuY,y8dALFo1bJrSzPYjMX14HJX448pXqYmrfXHD1K8MXih,GN7Yuet3UyiWS5YVkEHv6oQKi4HGBJc3XDPt9zQhAqZz,1897.5147889999998,1892.0293719999995,1901.7461742376786,1.002229961664704,0.7606984696950715,1.0,3056.004877,5022.627013,8085.446663722858
WiiQFxXqp8P9Fs1rt9SVcDyA3KUdJmUsog6wnVQAwba,3S2jpqSYxho6wiz3cafhjXruVY8cg4HYa2v3BqBHYFSj,Dfe67M6TfrG74gKRtdqys4e6E9QirPD53BkF4FujFjuv,15003.917944621995,15016.74135834999,14991.361525009961,0.9991631239481329,1.4991361525009963,0.9999897681046928,18172.5680666,8655.004312161,26812.275634647132
KEVpg4SYCVrqFxKijQH6hm4QxsRdoE51ud64bEEFUC9,2bPenuBYfqzD8p5dFjCcggwkHDsc2RQDnx9AoyYGUBjA,AE6n6iLuX8oYu61vt5hoDYkjswpnxFxrhSehxrnQTnbx,851.0536022019999,852.2183118160001,849.8229845857202,0.9985540069237758,0.33992919383428805,0.9999897681046928,5650.648669758,1877.621288084,7520.0799473649095
Cob4usZcpHEY7Qt4ZCwj6WVg9S44zvzYV2v9qYF65dTf,NhFM9UXE48PyNAyeyPYA3iXztqKVJwA4bTdLj4ysM8w,6TuFuynuBoeskxyR2cz4wxyidk8dpDK7kAWw3UkjQGx,162.56060899999292,3146.763601999992,1.1681187987888555,0.007185743249700217,0.0004672475195155422,1.0,74059.249796,163.095452,695.2662062994692
BSCrK1Nx9PXU9mF7STWWBqeHLxmtJDr9h7jheEy4tAWX,FfSySSbVJPvEo5a5AvrP3nySoXpRE2QPn1uUMpJJ1x7v,HL7Vcj6838ZmvBHDbQxXfjBNckNi83WvPiZQoMQLFeRM,0.14463659000000006,0.14447481299999998,540.1785574233356,3734.729624248853,0.21607142296933424,3725.366017211191,0.838180813,0.966330248,6730.312580090551
KEN5P7p3asnb23Sw6yAmJRGvijfAzso3RqfyLAQhznt,9zj4aX38Uxf3h6AUjS4EipWS8mwbEofasHAf3a1uKGds,CwQDG1MWunn9cLNwcZLd8YBacweSR7ARo32w4mLua1Yr,107529.74426999991,107537.02477100119,107503.08350529059,0.9997520614887507,10.750308350529059,1.0,1152883.479178,1114594.399049,2267192.034013529
MATSnbbiTCv7Dc3trJrkrqjx7ckKdr6fwPoVwv9q3sD,631WX9JizSHJm4w6VanZeJAst9T8DeUUnPLesdGkCVtK,211maUSfpnXbPuW1iBu8b4dtJv5EbN1j7JJiEX5TZKEP,2366.6518409999917,2364.3498149999978,2369.5213313322347,1.0012124682991101,0.947808532532894,0.999529221736562,19794.515517,25773.832597,45580.21457640845
AURHmCnNwiW4uA2Qj1XvEh4iKgRUZYXtiY7FKAapUV5Y,BKWm4TRnTeKwfWXRyuzjRHU7iZDkPuXBX5b5V5jSVfGJ,A5Ww74HVrkj9nPeC7pHKLfgeDMEhBCpW1efQdz3TGLEg,0.45070179099997176,0.41280639600023505,91.79905700113649,203.680257842912,0.03671962280045459,182.17710383584821,290.093755115,1795.102760561,386112.99284718087
vEnkoSUkpnbRrPgBz9DfcVxNz67zjwMYBZraAvDDNSf,DtfyjjsZ5yCjWKLKHvwsfXs5QVsmm1QkK6Sh9JZHoq1g,e5wrKCRv4GhHvEf1VD5Pq2KGaZDXP77nTL612Jyrxwy,5756.649160999998,5756.824972999998,5757.322767763827,1.000117013690602,0.5757322767763827,0.9983058749302434,744.988196,1205.229381,1948.2629415091096
ercAoEmXjQzEvAFbdjAo81KtMxRGn9AW1ju882upmPH,CMRhskR2Eg6V42RTSdRTXGdozyPbWB8U9dVpijPWb9T4,7TKLLgrWswt6ZJ1pXhVR3FyufHGjJFqiEXxvWJfDcgRm,4.094691476999948,3.603879935000002,746.1844191149764,182.23214698990762,0.2984737676459906,161.63031977912246,37.649096203,314.068275183,57623.83138360799
B2izdXFYb2sNwbWWHmh75T4aQFtfXsUxem9u2p61HGzf,4DYwgJtxwuJdAjkj5RJSNH4e7U329V5cNp7d3a1nLrZv,EXNW64GEf1ACC6xY9BtKRiunrs6GoJSXBdxWN2eTPmrF,6425.079743000013,6317.255636000009,6533.4102178217145,1.0168605650287414,0.6533410217821713,1.0,8312.521548,31452.620573,39905.295931112865
SUiuyGR7SFq3xeRVJonq84fjjeFwRSsFekcevJ53tzy,49GjCCPsv7fBqo6t3iKDrP1xxGDS8uWZbVCdfnp2gjMf,CEwj5xEbbJEjYqM8D6Ai8ByGz1mrh8mkAVsE5fzDSSSx,9.57931700000006,0.07425900000000007,0.06886731395773668,0.0071891674487582205,2.7546925583094676e-05,0.9469221715198007,662.38827,1.526559,6.207552752356367
moFiBS1R4Lf3E3zzmBPnw3NF4RhWPkhREFviuzUaCAU,44ALBrpqi9PfZkBRTvbtRNtFJGsatfY4QydjtMbFWq8S,2ho8qEEie1UjVwWNBo9y4oAJZMyMLx8zPj9bxyUz6uWs,2928.1910619709997,2929.080449384004,2928.9039278980104,1.0002434492531136,1.1715615711592042,0.9999897681046928,32684.941518862,31736.319973349,64428.89389410842
YakoMPuYrybnr9R7VC7hVGxMz94fJvPFCdZ4gmW61Ed,,,0.08675300000000008,0.08663500000000002,0.0,0.0,0.0,0.9999897681046928,32684.941518862,31736.319973349,31735.995250645596
DFWzVTzNBrQZLjoQ4yQwkj9HuoXmfkuZP9V5vbymZe23,DhgiEgiNdqZdRdo195UUHnoEJUtefK8buko8nU97XJUZ,2K2kkXsouBHtWVjtcgkyiXd8eP3oVBvq1bTJzcVdLLr2,37.34455058599997,37.0225611479982,37.00274146201872,0.9908471485499845,0.014801096584807489,0.9999897681046928,41522.895387484,26448.880962005,67591.45283405183
heyk4SZTeCUV6a65WiVA5bzic3KcxgVf1qxobfeV4tQ,9ZDpBKPqMABtGfq66FbVribaArMvtk63xxy91onZAtDt,DaTP4s6N7xxSPinbNZ3FB52EpRDRt87QShTuN3VPCW52,69.81160570600332,60.44656343400027,14752.13573639132,211.31351423883288,5.900854294556528,182.3298989673564,617.592839522,4483.44271208,947971.3700076102
BSCNHw8CmxbZ8hCWWzMf5FaG2ajPT6JxfznKUNuRVrn4,7n9kgNL633yGzCYksgnzHyjG73ZLBAwvEae5sbAekbzW,SscdxE99omdG9AiMVwmaEMQySQnCgeAh1sPj2Leutm2,78.94207262500004,79.12154574700071,79.10790478542783,1.0021006816126496,0.03164316191417114,0.9999897681046928,5007.749994307,6697.869297467,11716.070448210354
BSC8REUo9LpiiWUuqMuLXs2D2yJsJfGd4HdiF3wCLxk5,AZjEH1zWVx1UJ6udMyRijGTzPteuLnaY18yNNmprJEsh,Caf8ypkSVR8xYnXNhjvfvdGCC7mrM3C11rz8Xi6NA6aK,1255.2748205910002,1258.1633009619995,1252.946495177941,0.99814516679944,0.5011785980711764,0.9999897681046928,3439.798005107,2777.165465841,6210.55480373861
4vezWG46exH6pf9nry3n1VJ7hZHvjBJNgNeF4qEFCML5,,,0.4340700000000002,0.433939999999998,0.0,0.0,0.0,0.9999897681046928,3439.798005107,2777.165465841,2777.1370501747024
C2ypsDADXcCRz8HbV2zX1AXPSja7a1P3xZtRC91xGhJh,J9bYNuDpY1d1T86gLaw7DGk5D3CsUAf2tzUwxMvb6FTv,A2NGvvPrMGzsJ4jb52KEnSBVmsA7C34dV1GC7PerdgvG,84.80285861099992,85.51126662399884,15463.103163502019,182.34176791649185,6.185241265400808,183.9176181491377,4210.987454831,2127.788847149,1159176.7538799965
