0,1,2,3,4,5,6,7,8,9,10,11
C2ypsDADXcCRz8HbV2zX1AXPSja7a1P3xZtRC91xGhJh,J9bYNuDpY1d1T86gLaw7DGk5D3CsUAf2tzUwxMvb6FTv,A2NGvvPrMGzsJ4jb52KEnSBVmsA7C34dV1GC7PerdgvG,1707.999145913,1721.0707576510029,286970.22563347704,168.01543860262234,114.78809025339082,167.74439645650025,3211.034201353,1640.452495232,814680.0334365971
vEnkoSUkpnbRrPgBz9DfcVxNz67zjwMYBZraAvDDNSf,DtfyjjsZ5yCjWKLKHvwsfXs5QVsmm1QkK6Sh9JZHoq1g,e5wrKCRv4GhHvEf1VD5Pq2KGaZDXP77nTL612Jyrxwy,12503.421376999997,12502.121023000002,12500.921192761445,0.9998000399920016,1.2500921192761445,0.9986378579617403,2724.524273,4230.506773,6948.723698985934
MATSnbbiTCv7Dc3trJrkrqjx7ckKdr6fwPoVwv9q3sD,631WX9JizSHJm4w6VanZeJAst9T8DeUUnPLesdGkCVtK,211maUSfpnXbPuW1iBu8b4dtJv5EbN1j7JJiEX5TZKEP,8754.994696999998,8758.928484000004,8735.932891430897,0.9978227507578464,3.494373156572359,0.998894224093928,25943.898716,19629.275071,45494.98187375491
KZMu9QBEdL97EFgamLbN5DE1AoKBG4HdrKKJo4Vuon3,DD4ACBWyVqdaKWh7v5btsgqQCCMwbKnuL2xd9pv7Gyuw,GcYqiJ1MAuYbNTNYXm1F1gQYTfTgkErACAhNU5dpVj9T,32.148341759999994,32.0898400399999,32.23225230474747,1.0026101049122191,0.012892900921898988,1.0,1458.24475733,1629.96826655,3092.0191956843246
KEN5P7p3asnb23Sw6yAmJRGvijfAzso3RqfyLAQhznt,9zj4aX38Uxf3h6AUjS4EipWS8mwbEofasHAf3a1uKGds,CwQDG1MWunn9cLNwcZLd8YBacweSR7ARo32w4mLua1Yr,105973.6533200012,105987.84772600024,105944.09491751924,0.9997210778192885,10.594409491751923,1.0,1147183.192419,1077952.041844,2224815.259425295
JSoLLrxK5bYdHwTEWYaGgmeycBCNXKDiBCTw5hXGBg7,xG4wXczA7Dk4hccJ61CHKpDHW4NrNfQwgmWgkb9BuF2,BVR6WgfhsRr9Lob4QDnkEAiNGgAbv7ZieKcY9kSg3QYR,36.693823827000415,32.697950267,7262.603297143598,197.92440633563942,2.905041318857439,167.931103913584,16.990519972,164.802022285,31038.224108303046
BkwbeSfcX1h4thMDd7obGkHrPevf3QwgzJ4pCEqG18Lu,35yX27bmurdebhfAb8EPmjLETDiUaEUCn9zHaDPbakH2,2CxECn1ZJFoESyUnQysQU8rRgT3iJ5GRs2Mdd6gZjx5g,0.034926979999998053,0.02375826000000003,83.30228009921306,2385.0410227055904,0.03332091203968523,1618.1229773462785,0.91659337,21.91628982,37649.364924512294
BUSD5rCfUDpCxKGMvYU2yThChxgHoioK74PTPociGnv2,CcFHbafgYDZ8yA8Me1PdtDiVb2eeaS61LbqyKKK5CsNZ,26R9s4nmF3CFDTkiePDwRmtscn8i7r2eygbSijditJ58,3.6268511199999978,3.633025669999995,3.6237353598628803,0.9991409186553217,0.00036237353598628805,1.0,84.5334675,63.5149093,147.97575567506976
wrmcMSHFi3sWpAEy4rGDvQb3ezh3PhXoV2xNjgLBkKU,8p4mGnARWPBu6P2Gcw4adodLkNDorrXniZMhaY7eJXUn,AyY89zccbsgp9LKFgH4CFZMJmpSgqmPSdTfukhP227rc,0.012970319999999994,0.1307881600000016,4.6790476190476165,360.75036075036076,0.0018716190476190469,3733.2935115358773,27.10950619,0.09315017,10127.521063066102
SUiuyGR7SFq3xeRVJonq84fjjeFwRSsFekcevJ53tzy,49GjCCPsv7fBqo6t3iKDrP1xxGDS8uWZbVCdfnp2gjMf,CEwj5xEbbJEjYqM8D6Ai8ByGz1mrh8mkAVsE5fzDSSSx,0.051920999999999884,6.806361000000038,0.0003665872727261807,0.007060481745848145,1.466349090904723e-07,0.9643750223011724,665.556272,1.502831,6.148440588430637
MARpDPs5A7XiyCWPNH8GsMWPLxmwNn9SBmKvPa9LzgA,6YjT74rmcfCpw8LSjPNx5JTmZoYLGrTKnf9arfSgZ4SR,F8GSmi3vA8M8TsybLya1LQ4n1aFHCRbZ6k437PeTdXtg,38620.60801100004,39857.574807000055,37244.749711893004,0.9643750223011724,14.897899884757202,1.0,294318.91009,18015.309068,301849.1145497005
Sid7E679i9ABqptiAVhkmQ27YHN8vaYT4fppPwmxFsJ,GP7KB8o1bv527HG8kTzzzf4wJ5aEGHvcMQvVhLziUfmT,9gYxhAZ1M9wu5pxr8SBoa5NDm21gi3s9vMHaYTME77sa,871.989252000003,2659.479056000011,6.1566641963218,0.007060481745848145,0.00246266567852872,0.02096302106314045,136257.701485,8611.875483,1142.57594120934
YAkoNb6HKmSxQN9L8hiBE5tPJRsniSSMzND1boHmZxe,CfWX7o2TswwbxusJ4hCaPobu2jLCb1hfXuXJQjVq3jQF,EnTrdMMpdhugeH6Ban6gYZWXughWxKtVGfCwFn78ZmY3,3975474.639739014,3973463.800064989,3975474.639739014,1.0,397.5474639739014,0.9993264539700242,342892.352457,1143065.50969,1485187.9549109458
KEVpg4SYCVrqFxKijQH6hm4QxsRdoE51ud64bEEFUC9,2bPenuBYfqzD8p5dFjCcggwkHDsc2RQDnx9AoyYGUBjA,AE6n6iLuX8oYu61vt5hoDYkjswpnxFxrhSehxrnQTnbx,597.4977717410002,599.6832384629997,595.4874911256712,0.9966355010672736,0.2381949964502685,0.9998996460719217,6115.589568263,1414.387880489,7509.259614796953
ALLwa5WNZbvQsRKAqe1jdRGemdYQnW8E5k4msbRFcYtu,CGoM82Hbz7QVqTgvQatYtjvDWBvoUJp5qm21P8iMs9yb,3dxNNww8TivyN5FMy5dCNdi3Zcxv6e4kUfSPxfFwpdNq,6.352784973999999,6.344839227000003,23730.099637667623,3735.3853049942104,9.492039855067048,3731.2179814856963,2.223521306,6.492586424,32530.96402335265
Cob4usZcpHEY7Qt4ZCwj6WVg9S44zvzYV2v9qYF65dTf,NhFM9UXE48PyNAyeyPYA3iXztqKVJwA4bTdLj4ysM8w,6TuFuynuBoeskxyR2cz4wxyidk8dpDK7kAWw3UkjQGx,472.46335100000783,3283.989813999998,3.3358188653178003,0.007060481745848145,0.00133432754612712,1.0,74311.571451,161.320356,685.9958497350756
moFiBS1R4Lf3E3zzmBPnw3NF4RhWPkhREFviuzUaCAU,44ALBrpqi9PfZkBRTvbtRNtFJGsatfY4QydjtMbFWq8S,2ho8qEEie1UjVwWNBo9y4oAJZMyMLx8zPj9bxyUz6uWs,2969.829430773996,2977.047108093997,2963.0072961071764,0.9977028530338722,1.1852029184428707,0.9998996460719217,39782.11424177,24651.302816259,64339.557839922505
KysFMBBoavfov2tLpvefWW6tPFt6rAeZWDJVy1mMQae,B8ka2V21TH3x64dFV8ETcjuQcwmrciJ2qzy1mJUttRew,7fSf7EYxBANyxzk2s5pymFgshA91tFYQNKKs5UnLWcYS,30.504048999999668,38.37521400002879,0.0,0.0,0.0,0.02190944349378152,134011.327524,2991.985868,65.55274530913886
CZgvH45CRmoaNJ7395Ao5CQZXkGznvqU7cErD6n7FaRg,4ZjU6MKvtqVQKCiowhvZ5yUsPxXX5SCzd5eFsPeXyey5,BsyWeshjDbCvjDojry3vKDCesmFRM37WtwcR4Kfgzqr,15.370908170000007,14.853359079999962,15.893295523518166,1.03398545796648,0.0063573182094072665,1.0,204.54073547,601.05684216,812.5489881977485
Lid8SLUxQ9RmF7XMqUA8c24RitTwzja8VSKngJxRcUa,4PgzyzLtds9bKZ2to9PMnKqJzKEUpjvNUaeN23phegax,AtymwxoVN9peZo7EXTcDz9jKVc4vRmisJKKrNfe3ewBa,62.03618441800063,52.32699124500016,12346.209569697114,199.0162626138995,1.2346209569697115,167.60755963728383,958.185805368,7661.858872518,1474880.0257820417
AURHmCnNwiW4uA2Qj1XvEh4iKgRUZYXtiY7FKAapUV5Y,BKWm4TRnTeKwfWXRyuzjRHU7iZDkPuXBX5b5V5jSVfGJ,A5Ww74HVrkj9nPeC7pHKLfgeDMEhBCpW1efQdz3TGLEg,0.008761227999855237,0.009321852000084618,1.6398579363062953,187.17215627003327,0.0006559431745225183,167.63028938519747,290.078553378,1795.120079152,355211.12667288055
DFWzVTzNBrQZLjoQ4yQwkj9HuoXmfkuZP9V5vbymZe23,DhgiEgiNdqZdRdo195UUHnoEJUtefK8buko8nU97XJUZ,2K2kkXsouBHtWVjtcgkyiXd8eP3oVBvq1bTJzcVdLLr2,0.4751328500024101,0.47743635599908885,0.4731786656457305,0.9958870779895146,0.00018927146625829223,0.9998996460719217,37728.014006792,30220.881504397,67790.69034779961
BSC8REUo9LpiiWUuqMuLXs2D2yJsJfGd4HdiF3wCLxk5,AZjEH1zWVx1UJ6udMyRijGTzPteuLnaY18yNNmprJEsh,Caf8ypkSVR8xYnXNhjvfvdGCC7mrM3C11rz8Xi6NA6aK,1482.1056919389994,1487.1262604730005,1478.5853340315448,0.9976247592013165,0.591434133612618,0.9998996460719217,3534.565738966,2685.958600942,6211.859348662919
FrnkTEL6yZ5Aycq2TrEgu29dCrwKG4LPUZydfiwqspkc,DjvZuMZ46fxKBoBpGMPcRcos4xdTtHFxwMh69DpA2ZFY,9rvDPJLAng4uVVqnnSoEXgNDFhBZQTny9AoQioYDZbQX,53.00248772800023,44.053115083999984,10709.667613383835,202.05971592020418,4.283867045353534,167.25014667837866,170.764146167,1441.604408791,275613.1036863524
B2izdXFYb2sNwbWWHmh75T4aQFtfXsUxem9u2p61HGzf,4DYwgJtxwuJdAjkj5RJSNH4e7U329V5cNp7d3a1nLrZv,EXNW64GEf1ACC6xY9BtKRiunrs6GoJSXBdxWN2eTPmrF,6673.832256000016,6577.989955999996,6697.124856250053,1.0034901387024069,0.6697124856250053,1.0,9433.937323,30315.989946,39782.853018767084
SEQV6QiTpvTzrceiaYg9Avnwf7oc8ZALpnQMz6TyT4A,3dFMPj4r9mMmPHF32mz1gNDX7f8ftidWof7S8YiYTs1j,Fc1ED3YPeQfXQosHbd8DTaBd2AV5gHQtwiSAL5C5pUhi,457.7928821830001,459.54347955699996,454.75283944220405,0.9933593490438307,0.18190113577688163,0.9990219575036039,4724.296913108,827.724332586,5519.839289308172
SoNcU2iwHMw6dGzsYNQkYFkUjwN1UdAjrWVRnStrZu2,8ivTTid27jZnYNc4w3CTA1Z6QS2twsFb8WMwUabeDJgc,CyXm53PMvHCbeXJBykU46Rcbo28xk5srhMZFg7gv6EYB,27.474936940999992,26.494451514999994,5483.241188925083,199.57247584225073,2.1932964755700333,197.92154666980173,13.394119275,17.009039798,6039.553009626534
RoBgmK8CvjdHvPrqdDyVw54VwjZv2TqJ493xnqJAQHx,ExiHJxM7qPAcy27NDHAF6G7vnW7muNHi2sVJpnaNynGQ,6rkPHSqZb7StM4HwS9EuVrmfkV7tRdc7dnsFhyB6cefE,15.54624899999974,23.533052999999946,0.0,0.0,0.0,0.9594709860771166,6237.926219,19.445014,18.65692675686334
Lee1XZJfJ9Hm2K1qTyeCz1LXNc1YBZaKZszvNY4KCDw,9DgFSWkPDGijNKcLGbr3p5xoJbHsPgXUTr6QvGBJ5vGN,2hNHZg7XBhuhHVZ3JDEi4buq2fPQwuWBdQ9xkH7t1GQX,1381.9771021311635,1162.680408498998,276017.8831656388,199.72681366427003,27.601788316563876,167.8733965992207,6669.479966389,53917.896970831,10383454.48446479
C98Sspw7XqnMsgxea3SLQVdbMDL8pKUc3RE82UvX9eq2,CSqgQJurPCzGxb4Cgwx5R61hWQUiaoUHcShNc8r1cKEL,6S2CR5EnukPhC914XkAns8m5GixjMAoUuZMsS5ubHuWc,8.922407000000021,8.922208000000069,0.0,0.0,0.0,1.0,867.715168,896.290599,896.290599
parEAJhzYzHW87y9VoZAQ22dzQ2MD2ekEtTReaxbMcz,3oyc6hpjYSJEquK6dSvG72NXyz3pqLZz5D8AC71pwgQb,Di2vordgFJVZ1aj1aBpvzXtLfZgJsuLLXawGtVFwX6Rz,6.466076697999966,7.656481918000054,1060.491707072895,164.0085258192062,0.42419668282915807,193.61560293931717,1104.785285364,138.698903946,208048.4779138279
heyk4SZTeCUV6a65WiVA5bzic3KcxgVf1qxobfeV4tQ,9ZDpBKPqMABtGfq66FbVribaArMvtk63xxy91onZAtDt,DaTP4s6N7xxSPinbNZ3FB52EpRDRt87QShTuN3VPCW52,97.73710235699741,84.32532484200044,18871.864343495377,193.0880278664642,7.548745737398153,167.69421295655798,614.054326865,4487.638245226,871117.5025441551
AUSejoEUCh2DBs9mof6BNC8Pubs22w4cJa1ccV9h44R,4xkyD7AfGQDwsQMy9MosRRNGoVJ1zosNinesxg1TzHG7,Cbm5gsQe3nSiCsFrvepVzMCD9xLK3ri9g3ypS2hdmVJ7,3776.483016999997,3780.028632999998,3773.124935807128,0.9991107913956578,0.37731249358071284,1.0,14779.139755,14100.099344,28866.09736076508
KwnjUuZhTMTSGAaavkLEmSyfobY16JNH4poL9oeeEvE,J63v6qEZmQpDqCD8bd4PXu2Pq5ZbyXrFcSa3Xt1HdAPQ,BnKQtTdLw9qPCDgZkWX3sURkBAoKCUYL1yahh6Mw7mRK,254.71242899999993,11480.094160000095,5.580261206576314,0.021908083671002627,0.0005580261206576314,1.0,276809.114768,591.007595,6655.364842233514
SoN9GaFpSXfpyR5dth3x7PHPVhvJMpQqqDJfCSmPv1t,9kZ9iS68ViMPtoeqtnhAKuF2iqVyfHPdZHoUNdwCELr,BBhm5fJLjw3HRzjtKB8uMEYjGhY6EDm9co3cqpjrSzB9,4.769566988999999,4.564081827,958.3846455252333,200.9374535960068,0.3833538582100933,196.3451527879441,1.951419975,3.244111658,1029.078959824044
BUSDgu5JdqP1rndBvXvanbEufS94FNh1w5FJcAj6vawb,Bgzr8cWubt89JQFXndVjtdKmDbGzuPxNhvjH1EhWCwbo,Dxaf8xPBBQsasRKW5Aa4Sw2YrbfGofY9xZueyyF23FBW,4604.673892200005,4600.976650119997,4610.737750059373,1.0013168919235822,1.8442951000237493,1.0,7049.30486885,8085.2204586,15143.808500098658
HEDSDjj84KS7LKhZY7ejkCACTdPen62rKhCby1wXtgxc,EnnjMSFttpCTywBrYNt1J5QQeoSVkvzPipJDa8Y7kJow,6bjVT6JN2rSvpyn9PdfLYC8wJn4LWh49jpY47fnLDXZk,5.212280582998574,5.383187111001462,5.037154989147978,0.966401349455012,0.0020148619956591915,0.9998996460719217,38828.399801139,9059.716993608,46582.62578041986
7dwD9TF6uikvHXxPFK9AsSim54yJoujQjY9vU6gNFumk,CquVr6atkvwueDYficKjn6SSEWq4F4rH4VSiBbW4GBWU,8BCa6ge3b7ho3TfZuM64Vk1hgbrJ3J7EPiAb9uP86CGd,0.0020775940000000003,0.0020830720000000013,0.41253026574285256,198.56154077401672,0.00016501210629714104,198.03744888158352,0.003957816,0.003554791,1.489851784007269
BSCNHw8CmxbZ8hCWWzMf5FaG2ajPT6JxfznKUNuRVrn4,7n9kgNL633yGzCYksgnzHyjG73ZLBAwvEae5sbAekbzW,SscdxE99omdG9AiMVwmaEMQySQnCgeAh1sPj2Leutm2,462.0094606850016,461.1807598050018,463.0602457928995,1.00227438006646,0.1852240983171598,0.9998996460719217,5023.023932458,6683.69197307,11717.469436289772
WiiQFxXqp8P9Fs1rt9SVcDyA3KUdJmUsog6wnVQAwba,3S2jpqSYxho6wiz3cafhjXruVY8cg4HYa2v3BqBHYFSj,Dfe67M6TfrG74gKRtdqys4e6E9QirPD53BkF4FujFjuv,12311.868784134002,12313.332625174997,12281.4487531842,0.99752921091971,1.22814487531842,0.9998996460719217,21060.776710222,5775.199294541,26783.359703710317
BSCrK1Nx9PXU9mF7STWWBqeHLxmtJDr9h7jheEy4tAWX,FfSySSbVJPvEo5a5AvrP3nySoXpRE2QPn1uUMpJJ1x7v,HL7Vcj6838ZmvBHDbQxXfjBNckNi83WvPiZQoMQLFeRM,0.052377514000000014,0.05236879900000002,195.61073930774867,3734.6319893637683,0.07824429572309947,3731.3432835820895,0.890068846,0.914479085,6736.314976798738
MATgk4zXLXtYkwBH678J1xZbRDZ45LicNzkRBHkxTuY,y8dALFo1bJrSzPYjMX14HJX448pXqYmrfXHD1K8MXih,GN7Yuet3UyiWS5YVkEHv6oQKi4HGBJc3XDPt9zQhAqZz,2834.6468970000014,2829.457437999999,2845.431080796219,1.0038044187470512,1.1381724323184876,1.0,2518.17673,5564.249861,8092.00678976
STK75uPSyBnEhGTTzb1nwmP3n427XoXmfRhXxxhyady,6TYyD5fUmDe6N65avW1Ny2RxzRNobw2RRgKwH9CTzSAU,54zDfk4cx2vGrEajPtodWpArNe5eUurytyxd4X3aZAxK,396.6951911519996,448.4292815979959,66463.01258389438,167.54176523009096,6.646301258389437,189.21457974022732,1599.853356334,277.180074848,320488.76680421317
ALBpShJ9NLpE739pcHDF2LNVk5J4VYPvvKuV6jMPitZi,D6d156U1bPiJpDYRLextvDRccgFk7QzkQbJg42ceKEu5,GNcM8U5g8RwTZffwwm3kSQqUNPSwv5d2fbN9sLxPJqt2,5674.479368999993,5681.019215,5657.6253032216955,0.997029848082562,2.2630501212886784,0.9993763891331809,53489.720075,46838.218163,100139.85682152712
Dg3mAgpwDfVNnbGWcsxL8sUcSkEbjSJQhKAWNigG44Ju,EATxwd8YA2wV93VJcKMmH2Kn2Y9XfJVUB9hHVu3udwEy,GiGvrRi7NMHfHKanG2B8xyCEqe8jaafWins8bhrLVEaa,0.003287239999999969,0.0032455619999999796,0.661392944355899,201.20007798515022,0.00026455717774235963,198.91084378377755,0.194070904,0.265597797,91.87736292783106
daob129AwBGn9Y5r91uLoWZeYiGzbPmksauMhFZKTze,6VW5GQNyj4LStgmxEHLr5zUfW92vQnmbw8jTnCH7a38F,4VPCCUifPeBA1c7HWK358CHn2nyjm8pdTRk6Ps3KmnMQ,19.832178051000028,17.76315833799997,3447.942918732588,173.85598847821595,1.3791771674930353,167.3539054795183,48.270843886,224.249937762,45921.278166487784
GokA1R67GqSavkd15zR62QD68Tuc5AEfvjssntVDEbM8,3YB7hfpBdbQEuZqLGWVDpRPmeZWCUsrrWyqGXegnQ6Cg,4DPCj6Z1DsG6HUtwSogBGqXEUxdEV5a8YVrrFtcnz7UW,9801.456335000008,9800.769078000003,9803.505267600936,1.0002090436901312,0.9803505267600936,1.0,14215.159803,18225.805344,32443.936736461023
BUSDTd9WiT6uBHJRgNvFXBsA7JrifsAtWzKfioN7ERcy,DyBxrn7gSc1EwnpWhDyhzvMHPtxpmBqRqotapLcKcfTM,Cds99GeBgoCpqBsoRWu1C6fF9LiUMd4pXQQD24s9LPff,140.53233329,141.2967029,140.13976816582317,0.9972065850257625,0.01401397681658232,0.9990189633779628,110.14535709,75.17720738,184.9411311865798
BSCuChvaSj9b5HUSqgDVRzcnr2sSn7cXaamt1jbKH6hn,GnKpRj5kBVPMJfiwZtEuD9GYApLzPdW5JFuZTcyX4BTc,3dmwD9okkomV9nDwyuh4UMhKdUR13QpuKxRo89ycZB5t,1161.188342348,1165.5361297600002,1158.7669539518486,0.9979147324272517,0.46350678158073944,0.9981603904004919,1736.982313577,1268.24022595,2999.2673997399206
TETFuZgEmET6d9vYmz9iMFCxK1jKdKYxf3oPz8hSzJK,Eu1Ze6Z84LWNkq7SNoAHBJbXx5t1P95EwyqYohrfCRFV,ASMbv7WNu3qe4pkhREmvyEdwFNDZQ6B6iSrjkj4u8bdC,16.363595341,16.427998778999978,16.24023534159723,0.9924613144708069,0.006496094136638893,0.9985840078768308,213.091835778,38.608110332,250.03884499111064
SAMyS8Jr2HJrkFwYVKbpUwsNStnQmvz3f8Tup8bWUWF,6jPzm5TFfquvgm25sTyN3MMGBfufRaFHMxobDWv6hMFW,Cj9ECoDmxsHTDzCY5ZA6RWrPbg9uFzEC1Qc2kso2vJG6,923.3211238600052,20.570794790000036,925.7310888609479,1.0026101049122191,0.37029243554437913,0.021745627985878993,480.58663783,108960.02946398,2851.24528542827
