0,1,2,3,4,5,6,7,8,9,10,11
SoNcU2iwHMw6dGzsYNQkYFkUjwN1UdAjrWVRnStrZu2,8ivTTid27jZnYNc4w3CTA1Z6QS2twsFb8WMwUabeDJgc,CyXm53PMvHCbeXJBykU46Rcbo28xk5srhMZFg7gv6EYB,0.2777038369999971,0.27676694200000185,55.92481428465501,201.38293690430928,0.022369925713862007,198.98458167968855,13.439395016,16.963985969,6082.036490200788
YakoMPuYrybnr9R7VC7hVGxMz94fJvPFCdZ4gmW61Ed,,,0.06666400000000006,0.06666800000000017,0.0,0.0,0.0,198.98458167968855,13.439395016,16.963985969,3375.5716516615707
BUSDgu5JdqP1rndBvXvanbEufS94FNh1w5FJcAj6vawb,Bgzr8cWubt89JQFXndVjtdKmDbGzuPxNhvjH1EhWCwbo,Dxaf8xPBBQsasRKW5Aa4Sw2YrbfGofY9xZueyyF23FBW,3698.63963926,3702.3634046299976,3695.6253394081655,0.9991850247264322,1.4782501357632662,1.0,8223.86992522,6918.14500848,15135.312683057908
FrnkTEL6yZ5Aycq2TrEgu29dCrwKG4LPUZydfiwqspkc,DjvZuMZ46fxKBoBpGMPcRcos4xdTtHFxwMh69DpA2ZFY,9rvDPJLAng4uVVqnnSoEXgNDFhBZQTny9AoQioYDZbQX,52.881242555999734,43.87592896400008,10783.54051043198,203.9199532615467,4.313416204172793,169.1036475149458,170.31564607,1442.210960031,278613.89241357835
vEnkoSUkpnbRrPgBz9DfcVxNz67zjwMYBZraAvDDNSf,DtfyjjsZ5yCjWKLKHvwsfXs5QVsmm1QkK6Sh9JZHoq1g,e5wrKCRv4GhHvEf1VD5Pq2KGaZDXP77nTL612Jyrxwy,19063.645794,19061.981142000004,18994.25976308545,0.9963602958392991,1.899425976308545,0.9983477344994035,4127.688405,6092.008316,10194.60754116837
Dg3mAgpwDfVNnbGWcsxL8sUcSkEbjSJQhKAWNigG44Ju,EATxwd8YA2wV93VJcKMmH2Kn2Y9XfJVUB9hHVu3udwEy,GiGvrRi7NMHfHKanG2B8xyCEqe8jaafWins8bhrLVEaa,0.003865808999999998,0.003912289999999985,0.7880327663334786,203.84679282744673,0.00031521310653339144,201.57811474471342,0.194712062,0.264958471,93.10125843334077
MATSnbbiTCv7Dc3trJrkrqjx7ckKdr6fwPoVwv9q3sD,631WX9JizSHJm4w6VanZeJAst9T8DeUUnPLesdGkCVtK,211maUSfpnXbPuW1iBu8b4dtJv5EbN1j7JJiEX5TZKEP,196.11755500000072,196.3201350000054,195.81208814249842,0.9984424298094972,0.07832483525699938,0.9989481076426523,25200.401541,20373.960336,45513.67926960469
BSCuChvaSj9b5HUSqgDVRzcnr2sSn7cXaamt1jbKH6hn,GnKpRj5kBVPMJfiwZtEuD9GYApLzPdW5JFuZTcyX4BTc,3dmwD9okkomV9nDwyuh4UMhKdUR13QpuKxRo89ycZB5t,2547.833270075,2552.9115936180006,2544.97334609743,0.998877507405543,1.017989338438972,0.9975768857445265,1441.743879254,1564.608201447,3000.942509436277
ercAoEmXjQzEvAFbdjAo81KtMxRGn9AW1ju882upmPH,CMRhskR2Eg6V42RTSdRTXGdozyPbWB8U9dVpijPWb9T4,7TKLLgrWswt6ZJ1pXhVR3FyufHGjJFqiEXxvWJfDcgRm,0.0,6.987199999741733e-05,0.0,169.33249637924789,0.0,148.33879096468425,35.401599475,310.843277519,52104.7571815883
Lee1XZJfJ9Hm2K1qTyeCz1LXNc1YBZaKZszvNY4KCDw,9DgFSWkPDGijNKcLGbr3p5xoJbHsPgXUTr6QvGBJ5vGN,2hNHZg7XBhuhHVZ3JDEi4buq2fPQwuWBdQ9xkH7t1GQX,905.3787625168652,760.3613104920269,182540.05229487203,201.61733392931416,18.254005229487202,169.29709201770984,6630.141762177,53933.681598316,10467566.962067498
AURHmCnNwiW4uA2Qj1XvEh4iKgRUZYXtiY7FKAapUV5Y,BKWm4TRnTeKwfWXRyuzjRHU7iZDkPuXBX5b5V5jSVfGJ,A5Ww74HVrkj9nPeC7pHKLfgeDMEhBCpW1efQdz3TGLEg,0.004462256000124398,0.003903409999907126,0.8277700741971857,185.50483750239997,0.0003311080296788743,169.3138893262831,288.974255493,1788.248076265,356381.35918027686
AUSejoEUCh2DBs9mof6BNC8Pubs22w4cJa1ccV9h44R,4xkyD7AfGQDwsQMy9MosRRNGoVJ1zosNinesxg1TzHG7,Cbm5gsQe3nSiCsFrvepVzMCD9xLK3ri9g3ypS2hdmVJ7,5213.803429999996,5222.4102139999995,5210.760345957958,0.9994163408569396,0.5210760345957958,1.0,14560.18472,14320.811799,28872.498334063523
JSoLLrxK5bYdHwTEWYaGgmeycBCNXKDiBCTw5hXGBg7,xG4wXczA7Dk4hccJ61CHKpDHW4NrNfQwgmWgkb9BuF2,BVR6WgfhsRr9Lob4QDnkEAiNGgAbv7ZieKcY9kSg3QYR,0.6720845569998914,0.5695265750000011,133.73446442800218,198.98458167968855,0.053493785771200876,169.13942873496225,16.905106513,164.903547375,31255.547347116168
Lid8SLUxQ9RmF7XMqUA8c24RitTwzja8VSKngJxRcUa,4PgzyzLtds9bKZ2to9PMnKqJzKEUpjvNUaeN23phegax,AtymwxoVN9peZo7EXTcDz9jKVc4vRmisJKKrNfe3ewBa,71.56790377400466,60.355436041000644,14362.554192085103,200.6842933033056,1.4362554192085104,169.0892935195683,959.332555067,7659.473334326,1487657.910689631
heyk4SZTeCUV6a65WiVA5bzic3KcxgVf1qxobfeV4tQ,9ZDpBKPqMABtGfq66FbVribaArMvtk63xxy91onZAtDt,DaTP4s6N7xxSPinbNZ3FB52EpRDRt87QShTuN3VPCW52,50.19436077100136,43.35149092499955,9749.00309536516,194.22506723100705,3.8996012381460643,169.30078943265104,614.503088901,4487.180967082,879035.1838096074
BSCNHw8CmxbZ8hCWWzMf5FaG2ajPT6JxfznKUNuRVrn4,7n9kgNL633yGzCYksgnzHyjG73ZLBAwvEae5sbAekbzW,SscdxE99omdG9AiMVwmaEMQySQnCgeAh1sPj2Leutm2,733.4206020399988,729.5925964070007,737.6409097601825,1.005754280297615,0.295056363904073,1.0,3847.357761107,7865.07106046,11734.567596529614
TETFuZgEmET6d9vYmz9iMFCxK1jKdKYxf3oPz8hSzJK,Eu1Ze6Z84LWNkq7SNoAHBJbXx5t1P95EwyqYohrfCRFV,ASMbv7WNu3qe4pkhREmvyEdwFNDZQ6B6iSrjkj4u8bdC,2.1592066419999867,2.1360280550000006,2.176305826826327,1.0079191979562003,0.0008705223307305309,0.9979292967093281,27.400494094,224.477012,251.6296707433995
BUSDTd9WiT6uBHJRgNvFXBsA7JrifsAtWzKfioN7ERcy,DyBxrn7gSc1EwnpWhDyhzvMHPtxpmBqRqotapLcKcfTM,Cds99GeBgoCpqBsoRWu1C6fF9LiUMd4pXQQD24s9LPff,548.4142080199999,548.69876052,546.2241659246583,0.9960065912528988,0.05462241659246583,0.9987286184686893,109.93029615,75.51159974,184.906895230474
BSC8REUo9LpiiWUuqMuLXs2D2yJsJfGd4HdiF3wCLxk5,AZjEH1zWVx1UJ6udMyRijGTzPteuLnaY18yNNmprJEsh,Caf8ypkSVR8xYnXNhjvfvdGCC7mrM3C11rz8Xi6NA6aK,2598.4941225809994,2603.7334032920007,2598.1951586568734,0.9998849472386611,1.0392780634627494,1.0,3069.61433216,3151.830244742,6221.09140929684
STK75uPSyBnEhGTTzb1nwmP3n427XoXmfRhXxxhyady,6TYyD5fUmDe6N65avW1Ny2RxzRNobw2RRgKwH9CTzSAU,54zDfk4cx2vGrEajPtodWpArNe5eUurytyxd4X3aZAxK,388.9683696610028,440.3185180369975,65778.56182859026,169.1103106556407,6.577856182859027,191.5233306060411,1669.978189345,287.234526021,337422.64347686677
BSCrK1Nx9PXU9mF7STWWBqeHLxmtJDr9h7jheEy4tAWX,FfSySSbVJPvEo5a5AvrP3nySoXpRE2QPn1uUMpJJ1x7v,HL7Vcj6838ZmvBHDbQxXfjBNckNi83WvPiZQoMQLFeRM,0.0014906210000003028,0.001486373999999846,5.713993836058691,3833.2975558894786,0.0022855975344234767,3813.009990086174,0.63650166,1.168772646,6896.442032935049
SoN9GaFpSXfpyR5dth3x7PHPVhvJMpQqqDJfCSmPv1t,9kZ9iS68ViMPtoeqtnhAKuF2iqVyfHPdZHoUNdwCELr,BBhm5fJLjw3HRzjtKB8uMEYjGhY6EDm9co3cqpjrSzB9,0.15737197400000058,0.15408285699999968,32.12280649829071,204.12024887157222,0.012849122599316285,198.98458167968855,1.975872728,3.219334659,1043.91359338595
BUSD5rCfUDpCxKGMvYU2yThChxgHoioK74PTPociGnv2,CcFHbafgYDZ8yA8Me1PdtDiVb2eeaS61LbqyKKK5CsNZ,26R9s4nmF3CFDTkiePDwRmtscn8i7r2eygbSijditJ58,53.97473554,53.928149460000014,53.91668829421557,0.9989245478425474,0.005391668829421557,1.0,75.02618476,73.02633366,147.97183134773445
Sid7E679i9ABqptiAVhkmQ27YHN8vaYT4fppPwmxFsJ,GP7KB8o1bv527HG8kTzzzf4wJ5aEGHvcMQvVhLziUfmT,9gYxhAZ1M9wu5pxr8SBoa5NDm21gi3s9vMHaYTME77sa,483.6682030000011,1656.0348330000124,3.2960630630312684,0.006814719352206953,0.0013184252252125075,0.023159281222063392,138290.021127,7992.092491,1127.4988007430857
C98Sspw7XqnMsgxea3SLQVdbMDL8pKUc3RE82UvX9eq2,CSqgQJurPCzGxb4Cgwx5R61hWQUiaoUHcShNc8r1cKEL,6S2CR5EnukPhC914XkAns8m5GixjMAoUuZMsS5ubHuWc,7.249265000000037,7.248583999999823,0.0,0.0,0.0,1.0,877.225992,886.805573,886.805573
HEDSDjj84KS7LKhZY7ejkCACTdPen62rKhCby1wXtgxc,EnnjMSFttpCTywBrYNt1J5QQeoSVkvzPipJDa8Y7kJow,6bjVT6JN2rSvpyn9PdfLYC8wJn4LWh49jpY47fnLDXZk,13.364790126999651,14.46448479101673,12.349587746360937,0.9240390330868126,0.004939835098544375,1.0,42289.100183922,5771.140725887,44847.91996994963
WiiQFxXqp8P9Fs1rt9SVcDyA3KUdJmUsog6wnVQAwba,3S2jpqSYxho6wiz3cafhjXruVY8cg4HYa2v3BqBHYFSj,Dfe67M6TfrG74gKRtdqys4e6E9QirPD53BkF4FujFjuv,16317.049650338002,16352.647096667004,16267.663383118046,0.9969733335205649,1.6267663383118047,1.0,21647.720344344,5197.212584179,26779.41249900059
KZMu9QBEdL97EFgamLbN5DE1AoKBG4HdrKKJo4Vuon3,DD4ACBWyVqdaKWh7v5btsgqQCCMwbKnuL2xd9pv7Gyuw,GcYqiJ1MAuYbNTNYXm1F1gQYTfTgkErACAhNU5dpVj9T,226.82129053999984,225.66517389000023,228.54461291007922,1.007597709923864,0.09141784516403169,1.0,1278.77718595,1810.55736074,3099.050324806103
DFWzVTzNBrQZLjoQ4yQwkj9HuoXmfkuZP9V5vbymZe23,DhgiEgiNdqZdRdo195UUHnoEJUtefK8buko8nU97XJUZ,2K2kkXsouBHtWVjtcgkyiXd8eP3oVBvq1bTJzcVdLLr2,33.80255285900785,33.9610449170068,33.531659567843995,0.9919860108704287,0.0134126638271376,1.0,40754.786268773,27214.722540487,67642.90039512406
SEQV6QiTpvTzrceiaYg9Avnwf7oc8ZALpnQMz6TyT4A,3dFMPj4r9mMmPHF32mz1gNDX7f8ftidWof7S8YiYTs1j,Fc1ED3YPeQfXQosHbd8DTaBd2AV5gHQtwiSAL5C5pUhi,1330.440118414,1331.1688310980003,1327.5051439288134,0.9977939822735613,0.5310020575715254,0.998739114838516,3602.510156206,1954.948185386,5547.046175169311
GokA1R67GqSavkd15zR62QD68Tuc5AEfvjssntVDEbM8,3YB7hfpBdbQEuZqLGWVDpRPmeZWCUsrrWyqGXegnQ6Cg,4DPCj6Z1DsG6HUtwSogBGqXEUxdEV5a8YVrrFtcnz7UW,9517.623182000003,9520.004129000004,9516.319446235868,0.9998630187664289,0.9516319446235868,1.0,17881.436723,14563.759568,32442.74686973966
ionytDfEj1mXodptgrsKEZro7DGsfpzANUfarJdm6Qb,3gkSjY95an9xNFSjCfsay6JZez7uv7yfW3Ad4ubc4fMK,9wXqANaSuEqkKL9yHzCPEDGHwbkStVAqV5rB3QDs3Jr6,0.0012568419999999109,0.0011624320000002408,1.2036341488172935,957.6654414933452,0.00048145365952691747,3812.428516965307,3.16711069,0.080355556,3339.3822703881456
NorjjEePhxfwLF4vZjUHCrVVKLzQjEEGQFd3wgjEJmh,34M8pFVqgbV7aqHxvRT5tCv3vu2P1JJYT8J3VaxBK2oG,3AZWBSze3ucsY3xSeuLne3b2pauVqiaJ1SZSV5T9WGWw,1.8093480000002273,3.2000000000043656,1.0237001254344387,0.5657839870684412,0.0004094800501737755,1.0,38241.253832,2128.393843,23764.68290656527
7oAd7xG4m3oC2qeWB1szghTebAZyyGPAFDJ4wwwbRSNi,D9yh4KAysxt9GLacVe4Wwh2XqghhcjTCSTV9HuM7TBJd,HDYfJLpZKaMFb84jM4mRytn7XLR8UFZUnQpSfhJJaNEy,56.65846458204442,56.22156478002864,56.65846458204442,1.0,0.022663385832817767,0.023493178775699626,972.720780107,299344.030816131,8005.263611508903
KwnjUuZhTMTSGAaavkLEmSyfobY16JNH4poL9oeeEvE,J63v6qEZmQpDqCD8bd4PXu2Pq5ZbyXrFcSa3Xt1HdAPQ,BnKQtTdLw9qPCDgZkWX3sURkBAoKCUYL1yahh6Mw7mRK,863.1748790000191,34874.2173219996,19.990509766581983,0.023159281222063392,0.0019990509766581984,1.0,275933.139448,611.159021,7001.572195963066
KysFMBBoavfov2tLpvefWW6tPFt6rAeZWDJVy1mMQae,B8ka2V21TH3x64dFV8ETcjuQcwmrciJ2qzy1mJUttRew,7fSf7EYxBANyxzk2s5pymFgshA91tFYQNKKs5UnLWcYS,38.66949399997111,43.757156000005125,0.0,0.0,0.0,0.023159281222063392,134052.871357,2959.121809,68.53113414497196
RajgMbScQbqqrdJfR2rxfHJiTiY5b6bJ2tTXiF4aPxy,725ZA3fhyBAKb5iopNRrcbSuQa3LXA1656Q3mBvYPxeg,GLA6i1dSZpUfk2f9Nj8uiG7xyDdAR2reff8oEiZH3617,2403.769573529993,2404.6168902200006,2403.590385866727,0.9999254555572883,0.9614361543466908,1.0,105569.65037993,78437.64554334,183999.42629251516
ALLwa5WNZbvQsRKAqe1jdRGemdYQnW8E5k4msbRFcYtu,CGoM82Hbz7QVqTgvQatYtjvDWBvoUJp5qm21P8iMs9yb,3dxNNww8TivyN5FMy5dCNdi3Zcxv6e4kUfSPxfFwpdNq,0.6304429270000047,0.6283318859999993,2403.152119387073,3811.8472211633757,0.9612608477548291,3803.1779354828896,1.767031314,6.964409531,33222.542065945505
CZgvH45CRmoaNJ7395Ao5CQZXkGznvqU7cErD6n7FaRg,4ZjU6MKvtqVQKCiowhvZ5yUsPxXX5SCzd5eFsPeXyey5,BsyWeshjDbCvjDojry3vKDCesmFRM37WtwcR4Kfgzqr,10.45253563,10.829383000000007,10.85480357872801,1.0384852023439608,0.004341921431491204,1.0,193.71791702,612.282287,813.4554772541653
KEVpg4SYCVrqFxKijQH6hm4QxsRdoE51ud64bEEFUC9,2bPenuBYfqzD8p5dFjCcggwkHDsc2RQDnx9AoyYGUBjA,AE6n6iLuX8oYu61vt5hoDYkjswpnxFxrhSehxrnQTnbx,7638.555867474001,7679.965401477999,7624.5741825735195,0.9981695905426289,3.0498296730294077,1.0,5401.591736731,2141.280741115,7532.985353246231
wrmcMSHFi3sWpAEy4rGDvQb3ezh3PhXoV2xNjgLBkKU,8p4mGnARWPBu6P2Gcw4adodLkNDorrXniZMhaY7eJXUn,AyY89zccbsgp9LKFgH4CFZMJmpSgqmPSdTfukhP227rc,0.008640299999998588,0.04364301000000351,3.214397321428046,372.0238095238095,0.0012857589285712185,3805.8991436726924,27.103657,0.09374084,10439.973911849826
daob129AwBGn9Y5r91uLoWZeYiGzbPmksauMhFZKTze,6VW5GQNyj4LStgmxEHLr5zUfW92vQnmbw8jTnCH7a38F,4VPCCUifPeBA1c7HWK358CHn2nyjm8pdTRk6Ps3KmnMQ,27.396235453999964,24.423000491000018,5190.529100134132,189.46139913454033,2.076211640053653,168.5361255499755,48.033198813,224.56670209,46948.03894980271
SERgf3DMJpQxUifu7VoFKmfne73d2fDJxSrxUMrcNJB,AJfM2GZ2tTB8UtN2krcyR9xufRJEx2mhSCbJyMgPo3GU,F4yRYkufQvERZcEKnKjJwRLU1btiMBUuEwq46hfm11QD,6.620799999623728e-05,1.559400000061828e-05,0.011186255340916081,168.9562491172036,4.474502136366433e-06,168.58667217832695,29.169443875,28.076850372,9661.74259541909
KEN5P7p3asnb23Sw6yAmJRGvijfAzso3RqfyLAQhznt,9zj4aX38Uxf3h6AUjS4EipWS8mwbEofasHAf3a1uKGds,CwQDG1MWunn9cLNwcZLd8YBacweSR7ARo32w4mLua1Yr,66333.67271700338,66347.43594200024,66297.47429603775,0.9994542979533175,6.629747429603775,1.0,1155875.536101,1047733.228619,2202978.0010742396
C2ypsDADXcCRz8HbV2zX1AXPSja7a1P3xZtRC91xGhJh,J9bYNuDpY1d1T86gLaw7DGk5D3CsUAf2tzUwxMvb6FTv,A2NGvvPrMGzsJ4jb52KEnSBVmsA7C34dV1GC7PerdgvG,36.745171392999055,37.061691601001485,6214.792404238024,169.13221978934922,2.4859169616952097,170.54299525344737,3439.877043101,1657.242501718,864425.1402063991
YAkoNb6HKmSxQN9L8hiBE5tPJRsniSSMzND1boHmZxe,CfWX7o2TswwbxusJ4hCaPobu2jLCb1hfXuXJQjVq3jQF,EnTrdMMpdhugeH6Ban6gYZWXughWxKtVGfCwFn78ZmY3,6308196.614598013,6300968.024901953,6308196.614598013,1.0,630.8196614598014,0.9978805018141468,243300.547039,1245460.4652,1486121.2610424568
ALBpShJ9NLpE739pcHDF2LNVk5J4VYPvvKuV6jMPitZi,D6d156U1bPiJpDYRLextvDRccgFk7QzkQbJg42ceKEu5,GNcM8U5g8RwTZffwwm3kSQqUNPSwv5d2fbN9sLxPJqt2,2035.0172119999988,2035.4983780000039,2031.403345448446,0.9982241592207464,0.8125613381793786,0.9984803129636692,50564.920593,49768.357318,100167.8503355756
B2izdXFYb2sNwbWWHmh75T4aQFtfXsUxem9u2p61HGzf,4DYwgJtxwuJdAjkj5RJSNH4e7U329V5cNp7d3a1nLrZv,EXNW64GEf1ACC6xY9BtKRiunrs6GoJSXBdxWN2eTPmrF,5373.42514399999,5302.570277000006,5439.724506282562,1.0123383801776047,0.5439724506282563,1.0,9592.595707,30156.717982,39867.67078172302
RoBgmK8CvjdHvPrqdDyVw54VwjZv2TqJ493xnqJAQHx,ExiHJxM7qPAcy27NDHAF6G7vnW7muNHi2sVJpnaNynGQ,6rkPHSqZb7StM4HwS9EuVrmfkV7tRdc7dnsFhyB6cefE,0.8631080000000004,45.95778500000051,0.0,0.0,0.0,0.9627622805142692,6196.382386,20.217303,19.464456742127975
MATgk4zXLXtYkwBH678J1xZbRDZ45LicNzkRBHkxTuY,y8dALFo1bJrSzPYjMX14HJX448pXqYmrfXHD1K8MXih,GN7Yuet3UyiWS5YVkEHv6oQKi4HGBJc3XDPt9zQhAqZz,1090.314512,1089.816558000001,1091.8955767951995,1.00145009974443,0.43675823071807984,1.0,3433.109293,4652.016514,8090.104157908379
SRMuKizofcAMicegrfSv7xs9q76tH1w8aAF7oX9FEWu,72Hj2KWntXPfbie4UgKeTPnm1XVkomDfCnRPKbvfTtPi,6aqJQ5wedqpUt4fFEDUqUmXhrdxCu4bEJsQdVPCADLko,0.30089399999906163,0.02320400000007794,0.011678107675660604,0.0388113677098813,4.671243070264242e-06,0.03893415720086459,16769.33793,5121.966522,850.2603903976034
SAMyS8Jr2HJrkFwYVKbpUwsNStnQmvz3f8Tup8bWUWF,6jPzm5TFfquvgm25sTyN3MMGBfufRaFHMxobDWv6hMFW,Cj9ECoDmxsHTDzCY5ZA6RWrPbg9uFzEC1Qc2kso2vJG6,4000.3996804599883,91.75779875999979,4030.7935568116413,1.007597709923864,1.6123174227246566,0.023209777489381127,498.53085994,108165.54745148,3012.8168411678653
MARpDPs5A7XiyCWPNH8GsMWPLxmwNn9SBmKvPa9LzgA,6YjT74rmcfCpw8LSjPNx5JTmZoYLGrTKnf9arfSgZ4SR,F8GSmi3vA8M8TsybLya1LQ4n1aFHCRbZ6k437PeTdXtg,46807.86835399993,48396.95400499956,45052.31480306875,0.9624944776879343,18.0209259212275,1.0,294616.063102,17787.94329,301354.277063835
BkwbeSfcX1h4thMDd7obGkHrPevf3QwgzJ4pCEqG18Lu,35yX27bmurdebhfAb8EPmjLETDiUaEUCn9zHaDPbakH2,2CxECn1ZJFoESyUnQysQU8rRgT3iJ5GRs2Mdd6gZjx5g,0.03149495999999852,0.020726000000000244,75.57278944210802,2399.520095980804,0.03022911577684321,1557.632398753894,0.86329244,21.99676939,36334.368228270236
Cob4usZcpHEY7Qt4ZCwj6WVg9S44zvzYV2v9qYF65dTf,NhFM9UXE48PyNAyeyPYA3iXztqKVJwA4bTdLj4ysM8w,6TuFuynuBoeskxyR2cz4wxyidk8dpDK7kAWw3UkjQGx,167.31099200000196,1027.0262509999998,1.142386827611695,0.006827924537149846,0.000456954731044678,1.0,75030.783345,156.412979,668.7175056428996
parEAJhzYzHW87y9VoZAQ22dzQ2MD2ekEtTReaxbMcz,3oyc6hpjYSJEquK6dSvG72NXyz3pqLZz5D8AC71pwgQb,Di2vordgFJVZ1aj1aBpvzXtLfZgJsuLLXawGtVFwX6Rz,6.718282610000017,7.897906440999293,1108.6918926643953,165.02608732388416,0.4434767570657581,196.01885701404476,1104.68085862,138.793886018,209507.3787374334
