0,1,2,3,4,5,6,7,8,9,10,11
KZMu9QBEdL97EFgamLbN5DE1AoKBG4HdrKKJo4Vuon3,DD4ACBWyVqdaKWh7v5btsgqQCCMwbKnuL2xd9pv7Gyuw,GcYqiJ1MAuYbNTNYXm1F1gQYTfTgkErACAhNU5dpVj9T,150.0271570199991,149.43744868000022,150.56046023741524,1.0035547112136842,0.0602241840949661,1.0,1422.17678631,1666.10977812,3093.3419922001376
STK75uPSyBnEhGTTzb1nwmP3n427XoXmfRhXxxhyady,6TYyD5fUmDe6N65avW1Ny2RxzRNobw2RRgKwH9CTzSAU,54zDfk4cx2vGrEajPtodWpArNe5eUurytyxd4X3aZAxK,848.9746798639997,959.1974407300047,147932.62432705198,174.24857046472792,14.793262432705196,196.38957407029176,1595.435780272,276.156609956,332236.68298662826
RajgMbScQbqqrdJfR2rxfHJiTiY5b6bJ2tTXiF4aPxy,725ZA3fhyBAKb5iopNRrcbSuQa3LXA1656Q3mBvYPxeg,GLA6i1dSZpUfk2f9Nj8uiG7xyDdAR2reff8oEiZH3617,7998.602217319989,7997.596587160006,8000.525063513753,1.0002403977772016,3.200210025405501,1.0,90229.78353033,93766.37007517,184017.84464489808
KEN5P7p3asnb23Sw6yAmJRGvijfAzso3RqfyLAQhznt,9zj4aX38Uxf3h6AUjS4EipWS8mwbEofasHAf3a1uKGds,CwQDG1MWunn9cLNwcZLd8YBacweSR7ARo32w4mLua1Yr,108679.73388800002,108693.91883300012,108539.28405443359,0.99870767227208,10.85392840544336,1.0,1149317.094921,1077461.257889,2225293.0584600614
MAR3XM1n9xWPQ3HJjAcC85o8DopWFP5p2WxGTaZ3fPB,6qG7GUhER8Cg9gDEgnebph9LdS6eu2eoWcA4R7z9uizK,4QV4CwRXVMY227KkFF9voNAfwWHVvVajXSXDKbUHkWZR,0.2673060000000014,0.006149000000000002,0.25317839251904606,0.9471481841748587,0.00010127135700761844,0.022135847652773377,0.115033,24.146261,0.6434512519502898
DA1mL7dfBow33EH5yjUuZE6SH2KeUK5zEXzsyhE5r5j5,B4UtLRZND3D83CitRCBUyeiNr7H8m7YFRqBmiPmXjhW4,AAmpYbuixWiSqDaJBCqYEs1pb5SrbdPr9mgXrB58Q2e,476.57159358000024,476.75310675200024,474.63551307958795,0.9959374823709729,0.1898542052318352,0.9998700808811706,2017.885335097,990.667332699,3000.2262664218956
parEAJhzYzHW87y9VoZAQ22dzQ2MD2ekEtTReaxbMcz,3oyc6hpjYSJEquK6dSvG72NXyz3pqLZz5D8AC71pwgQb,Di2vordgFJVZ1aj1aBpvzXtLfZgJsuLLXawGtVFwX6Rz,3.1861251400000015,3.770476402000213,544.4132409222746,170.87001200532706,0.21776529636890987,199.1152909392985,1105.111883995,138.419249077,216391.8699370213
SRMuKizofcAMicegrfSv7xs9q76tH1w8aAF7oX9FEWu,72Hj2KWntXPfbie4UgKeTPnm1XVkomDfCnRPKbvfTtPi,6aqJQ5wedqpUt4fFEDUqUmXhrdxCu4bEJsQdVPCADLko,800.0854449999988,803.1181749999996,35.77428821464135,0.044713084631406344,0.014309715285856542,0.044574592348637504,16769.751918,5121.280012,978.1063055953483
TETFuZgEmET6d9vYmz9iMFCxK1jKdKYxf3oPz8hSzJK,Eu1Ze6Z84LWNkq7SNoAHBJbXx5t1P95EwyqYohrfCRFV,ASMbv7WNu3qe4pkhREmvyEdwFNDZQ6B6iSrjkj4u8bdC,117.651340438,117.73652938100001,117.15252688604177,0.9957602391090384,0.04686101075441671,0.9981982521548605,196.663836999,54.971705673,250.70268987498525
7dwD9TF6uikvHXxPFK9AsSim54yJoujQjY9vU6gNFumk,CquVr6atkvwueDYficKjn6SSEWq4F4rH4VSiBbW4GBWU,8BCa6ge3b7ho3TfZuM64Vk1hgbrJ3J7EPiAb9uP86CGd,0.0004238880000000003,0.0004226960000000002,0.08752647394604432,206.48490626307952,3.501058957841773e-05,206.91664404378025,0.00369969,0.003811699,1.552634108037486
Sid7E679i9ABqptiAVhkmQ27YHN8vaYT4fppPwmxFsJ,GP7KB8o1bv527HG8kTzzzf4wJ5aEGHvcMQvVhLziUfmT,9gYxhAZ1M9wu5pxr8SBoa5NDm21gi3s9vMHaYTME77sa,1142.2981669999972,3554.040152000027,8.4915357398556,0.007433729638345485,0.00339661429594224,0.022622133278026743,135880.231666,8733.72377,1207.672368539205
AURHmCnNwiW4uA2Qj1XvEh4iKgRUZYXtiY7FKAapUV5Y,BKWm4TRnTeKwfWXRyuzjRHU7iZDkPuXBX5b5V5jSVfGJ,A5Ww74HVrkj9nPeC7pHKLfgeDMEhBCpW1efQdz3TGLEg,0.512328086000025,0.4576334259998589,98.57460166346343,192.4052269573576,0.03942984066538537,174.5964900518412,290.09081865,1795.10633428,369234.2550357141
BkwbeSfcX1h4thMDd7obGkHrPevf3QwgzJ4pCEqG18Lu,35yX27bmurdebhfAb8EPmjLETDiUaEUCn9zHaDPbakH2,2CxECn1ZJFoESyUnQysQU8rRgT3iJ5GRs2Mdd6gZjx5g,0.15879002000000852,0.10861838000000013,395.4033217958827,2490.1018451654672,0.1581613287183531,1712.3287671232877,0.92610553,21.9022468,39809.944349344914
KEVpg4SYCVrqFxKijQH6hm4QxsRdoE51ud64bEEFUC9,2bPenuBYfqzD8p5dFjCcggwkHDsc2RQDnx9AoyYGUBjA,AE6n6iLuX8oYu61vt5hoDYkjswpnxFxrhSehxrnQTnbx,89.4602073850001,89.70158534199982,89.2110832048734,0.9972152514798611,0.03568443328194936,0.9998756934540384,5892.368010122,1636.73367423,7512.489464545995
SEQV6QiTpvTzrceiaYg9Avnwf7oc8ZALpnQMz6TyT4A,3dFMPj4r9mMmPHF32mz1gNDX7f8ftidWof7S8YiYTs1j,Fc1ED3YPeQfXQosHbd8DTaBd2AV5gHQtwiSAL5C5pUhi,2420.320946248,2428.0406873520024,2405.8870912913776,0.9940363880339929,0.9623548365165511,0.9967227755141097,4264.753433551,1285.517214769,5520.624385218331
moFiBS1R4Lf3E3zzmBPnw3NF4RhWPkhREFviuzUaCAU,44ALBrpqi9PfZkBRTvbtRNtFJGsatfY4QydjtMbFWq8S,2ho8qEEie1UjVwWNBo9y4oAJZMyMLx8zPj9bxyUz6uWs,3125.323657398996,3129.5282974479996,3119.8036857842167,0.9982337920100814,1.2479214743136866,0.9998709396587216,36765.680513086,27660.445053885,64357.61986181543
vEnkoSUkpnbRrPgBz9DfcVxNz67zjwMYBZraAvDDNSf,DtfyjjsZ5yCjWKLKHvwsfXs5QVsmm1QkK6Sh9JZHoq1g,e5wrKCRv4GhHvEf1VD5Pq2KGaZDXP77nTL612Jyrxwy,4848.661164000001,4847.826980999998,4845.45831605309,0.999339436632386,0.484545831605309,0.9928987878691597,893.701556,1057.324403,1942.9273276137098
Cob4usZcpHEY7Qt4ZCwj6WVg9S44zvzYV2v9qYF65dTf,NhFM9UXE48PyNAyeyPYA3iXztqKVJwA4bTdLj4ysM8w,6TuFuynuBoeskxyR2cz4wxyidk8dpDK7kAWw3UkjQGx,27.02519599999991,3551.7954989999853,0.20141114969010226,0.007452717445235289,8.056445987604092e-05,1.0,73651.09322,166.097606,714.9983933013445
BSCNHw8CmxbZ8hCWWzMf5FaG2ajPT6JxfznKUNuRVrn4,7n9kgNL633yGzCYksgnzHyjG73ZLBAwvEae5sbAekbzW,SscdxE99omdG9AiMVwmaEMQySQnCgeAh1sPj2Leutm2,1413.925581374002,1411.4093486949987,1416.8034335956208,1.002035363288938,0.5667213734382485,0.9998709456571732,4943.647544837,6763.046995755,11715.883858732665
NorjjEePhxfwLF4vZjUHCrVVKLzQjEEGQFd3wgjEJmh,34M8pFVqgbV7aqHxvRT5tCv3vu2P1JJYT8J3VaxBK2oG,3AZWBSze3ucsY3xSeuLne3b2pauVqiaJ1SZSV5T9WGWw,1.8613869999994677,3.267672000001312,1.0540822613486887,0.5662886123890357,0.00042163290453947546,1.0,38237.245723,2130.660317,23783.97713905626
KwnjUuZhTMTSGAaavkLEmSyfobY16JNH4poL9oeeEvE,J63v6qEZmQpDqCD8bd4PXu2Pq5ZbyXrFcSa3Xt1HdAPQ,BnKQtTdLw9qPCDgZkWX3sURkBAoKCUYL1yahh6Mw7mRK,1898.6686650000024,81605.16706600011,42.9090677733097,0.022599555448664682,0.004290906777330971,1.0,276250.441461,603.422826,6846.559995515967
FrnkTEL6yZ5Aycq2TrEgu29dCrwKG4LPUZydfiwqspkc,DjvZuMZ46fxKBoBpGMPcRcos4xdTtHFxwMh69DpA2ZFY,9rvDPJLAng4uVVqnnSoEXgNDFhBZQTny9AoQioYDZbQX,37.99780160500018,31.60208731900005,7833.843958736381,206.1657155898597,3.1335375834945522,173.7890940739483,171.072862953,1441.193188764,285733.01786955155
WiiQFxXqp8P9Fs1rt9SVcDyA3KUdJmUsog6wnVQAwba,3S2jpqSYxho6wiz3cafhjXruVY8cg4HYa2v3BqBHYFSj,Dfe67M6TfrG74gKRtdqys4e6E9QirPD53BkF4FujFjuv,6129.813581727,6137.594611192997,6111.5942287210355,0.9970277476202087,0.6111594228721036,0.999871954397776,21491.608650369,5344.248430552,26771.294288455676
ALLwa5WNZbvQsRKAqe1jdRGemdYQnW8E5k4msbRFcYtu,CGoM82Hbz7QVqTgvQatYtjvDWBvoUJp5qm21P8iMs9yb,3dxNNww8TivyN5FMy5dCNdi3Zcxv6e4kUfSPxfFwpdNq,16.201968325000003,16.182580473000005,63197.59849046301,3900.612396146195,25.279039396185205,3923.122491653557,2.726468337,5.983128098,34107.44060471047
BUSDTd9WiT6uBHJRgNvFXBsA7JrifsAtWzKfioN7ERcy,DyBxrn7gSc1EwnpWhDyhzvMHPtxpmBqRqotapLcKcfTM,Cds99GeBgoCpqBsoRWu1C6fF9LiUMd4pXQQD24s9LPff,222.85336575999997,222.32903862,222.21753694371827,0.9971468736219742,0.022221753694371828,0.9983754235433018,99.11149474,86.17137029,184.8600954305772
CZgvH45CRmoaNJ7395Ao5CQZXkGznvqU7cErD6n7FaRg,4ZjU6MKvtqVQKCiowhvZ5yUsPxXX5SCzd5eFsPeXyey5,BsyWeshjDbCvjDojry3vKDCesmFRM37WtwcR4Kfgzqr,40.021050419999824,38.57814327999995,41.38018465396866,1.0339604837880425,0.01655207386158746,1.0,204.60413167,600.98517833,812.5377652965456
SERgf3DMJpQxUifu7VoFKmfne73d2fDJxSrxUMrcNJB,AJfM2GZ2tTB8UtN2krcyR9xufRJEx2mhSCbJyMgPo3GU,F4yRYkufQvERZcEKnKjJwRLU1btiMBUuEwq46hfm11QD,6.550100000168868e-05,5.5770000031429845e-06,0.011454722272989439,174.8785861695871,4.581888909195776e-06,174.51918655210994,29.284858487,27.960816133,10000.993535247268
KysFMBBoavfov2tLpvefWW6tPFt6rAeZWDJVy1mMQae,B8ka2V21TH3x64dFV8ETcjuQcwmrciJ2qzy1mJUttRew,7fSf7EYxBANyxzk2s5pymFgshA91tFYQNKKs5UnLWcYS,21.10410600000023,26.951521999988472,0.0,0.0,0.0,0.02267590561671298,134166.595275,2869.402036,65.06628974474006
B2izdXFYb2sNwbWWHmh75T4aQFtfXsUxem9u2p61HGzf,4DYwgJtxwuJdAjkj5RJSNH4e7U329V5cNp7d3a1nLrZv,EXNW64GEf1ACC6xY9BtKRiunrs6GoJSXBdxWN2eTPmrF,4422.440683000008,4350.686589000003,4479.26463414882,1.0128490024450174,0.447926463414882,1.0,8750.150779,31008.549171,39871.13065875364
Lee1XZJfJ9Hm2K1qTyeCz1LXNc1YBZaKZszvNY4KCDw,9DgFSWkPDGijNKcLGbr3p5xoJbHsPgXUTr6QvGBJ5vGN,2hNHZg7XBhuhHVZ3JDEi4buq2fPQwuWBdQ9xkH7t1GQX,1701.3432304508606,1431.345256184999,354582.0601106591,208.41300788947441,35.45820601106591,175.14760564465703,6668.532130826,53918.780349479,10833554.117084483
BUSDgu5JdqP1rndBvXvanbEufS94FNh1w5FJcAj6vawb,Bgzr8cWubt89JQFXndVjtdKmDbGzuPxNhvjH1EhWCwbo,Dxaf8xPBBQsasRKW5Aa4Sw2YrbfGofY9xZueyyF23FBW,5071.37150619,5067.002657720002,5077.3065729353675,1.0011703080198568,2.030922629174147,1.0,7129.70681704,8002.07804283,15140.128812937211
heyk4SZTeCUV6a65WiVA5bzic3KcxgVf1qxobfeV4tQ,9ZDpBKPqMABtGfq66FbVribaArMvtk63xxy91onZAtDt,DaTP4s6N7xxSPinbNZ3FB52EpRDRt87QShTuN3VPCW52,49.19229792900023,42.47562321700025,9967.769465522375,202.62866109464866,3.9871077862089503,175.4112077237063,610.602782557,4491.581873763,911599.4253568673
ercAoEmXjQzEvAFbdjAo81KtMxRGn9AW1ju882upmPH,CMRhskR2Eg6V42RTSdRTXGdozyPbWB8U9dVpijPWb9T4,7TKLLgrWswt6ZJ1pXhVR3FyufHGjJFqiEXxvWJfDcgRm,0.0,0.000209140000009711,0.0,175.0096080274807,0.0,155.45656427001873,37.632439042,310.652583411,54879.02170453796
MATgk4zXLXtYkwBH678J1xZbRDZ45LicNzkRBHkxTuY,y8dALFo1bJrSzPYjMX14HJX448pXqYmrfXHD1K8MXih,GN7Yuet3UyiWS5YVkEHv6oQKi4HGBJc3XDPt9zQhAqZz,410.51026,409.91604400000097,411.28635735633134,1.001890567500874,0.16451454294253257,1.0,3209.874608,4869.76981,8085.712902615765
AUSejoEUCh2DBs9mof6BNC8Pubs22w4cJa1ccV9h44R,4xkyD7AfGQDwsQMy9MosRRNGoVJ1zosNinesxg1TzHG7,Cbm5gsQe3nSiCsFrvepVzMCD9xLK3ri9g3ypS2hdmVJ7,579.1480410000022,580.0008799999996,578.4631406414827,0.9988174001981653,0.05784631406414827,1.0,14831.489952,14047.423057,28861.373291921853
SUiuyGR7SFq3xeRVJonq84fjjeFwRSsFekcevJ53tzy,49GjCCPsv7fBqo6t3iKDrP1xxGDS8uWZbVCdfnp2gjMf,CEwj5xEbbJEjYqM8D6Ai8ByGz1mrh8mkAVsE5fzDSSSx,0.11068000000000033,13.983615999999984,0.0008150450542148582,0.007363977721493095,3.260180216859433e-07,0.9673425166382913,658.749911,1.554752,6.354997381067975
4vezWG46exH6pf9nry3n1VJ7hZHvjBJNgNeF4qEFCML5,,,0.35122499999999945,0.34994499999999995,0.0,0.0,0.0,0.9673425166382913,658.749911,1.554752,1.5039777124284166
SoNcU2iwHMw6dGzsYNQkYFkUjwN1UdAjrWVRnStrZu2,8ivTTid27jZnYNc4w3CTA1Z6QS2twsFb8WMwUabeDJgc,CyXm53PMvHCbeXJBykU46Rcbo28xk5srhMZFg7gv6EYB,6.816272447999999,6.736674869000009,1421.6997117293672,208.57436708629746,0.568679884691747,206.0119647628895,13.013862333,17.379478964,6294.7387073826285
SoN9GaFpSXfpyR5dth3x7PHPVhvJMpQqqDJfCSmPv1t,9kZ9iS68ViMPtoeqtnhAKuF2iqVyfHPdZHoUNdwCELr,BBhm5fJLjw3HRzjtKB8uMEYjGhY6EDm9co3cqpjrSzB9,1.365640821999999,1.3346644269999994,288.1146799704043,210.9739803680272,0.11524587198816172,204.1206238579451,1.909290253,3.284374549,1073.2191462783248
DFWzVTzNBrQZLjoQ4yQwkj9HuoXmfkuZP9V5vbymZe23,DhgiEgiNdqZdRdo195UUHnoEJUtefK8buko8nU97XJUZ,2K2kkXsouBHtWVjtcgkyiXd8eP3oVBvq1bTJzcVdLLr2,14.060044013996958,14.128081574002863,14.001600674705504,0.9958433032476092,0.005600640269882202,0.999870990645561,37727.536570436,30221.356637247,67788.17244123493
DEDaBEWzMCXohXYXoLzB4jK1xqMsd3SS9izXp2xvg9pe,GC5zHpW5GuVdw3C7covC6viyGdLS8ZAaVGDKMeru7p78,F8juxtAFueW19vxkdDArUkjVWAv9QV6yy1wCXUWQiXvh,2327.100225520417,5520.742035029851,2327.100225520417,1.0,0.9308400902081669,0.0,38.1337582,8275234.23921236,38.1337582
MARpDPs5A7XiyCWPNH8GsMWPLxmwNn9SBmKvPa9LzgA,6YjT74rmcfCpw8LSjPNx5JTmZoYLGrTKnf9arfSgZ4SR,F8GSmi3vA8M8TsybLya1LQ4n1aFHCRbZ6k437PeTdXtg,225972.6308879997,229123.48705799977,218844.64205173272,0.9684564063875511,87.5378568206931,1.0,292722.815119,19535.551935,303024.8375327942
daob129AwBGn9Y5r91uLoWZeYiGzbPmksauMhFZKTze,6VW5GQNyj4LStgmxEHLr5zUfW92vQnmbw8jTnCH7a38F,4VPCCUifPeBA1c7HWK358CHn2nyjm8pdTRk6Ps3KmnMQ,20.40550267799999,18.155131829999966,4004.5527096445994,196.24866747154786,1.60182108385784,172.4643132531409,47.547402773,225.048180099,48143.89426557743
JSoLLrxK5bYdHwTEWYaGgmeycBCNXKDiBCTw5hXGBg7,xG4wXczA7Dk4hccJ61CHKpDHW4NrNfQwgmWgkb9BuF2,BVR6WgfhsRr9Lob4QDnkEAiNGgAbv7ZieKcY9kSg3QYR,5.486820533999833,4.678480249999986,1128.960551548258,205.75860729406034,0.45158422061930326,175.17887076546685,17.135885594,164.613128211,32362.597867745786
Dg3mAgpwDfVNnbGWcsxL8sUcSkEbjSJQhKAWNigG44Ju,EATxwd8YA2wV93VJcKMmH2Kn2Y9XfJVUB9hHVu3udwEy,GiGvrRi7NMHfHKanG2B8xyCEqe8jaafWins8bhrLVEaa,0.0009665320000000199,0.0009531600000000084,0.2037716643851644,210.827643973671,8.150866575406576e-05,208.45362844808358,0.190825342,0.268885037,96.28131886237722
HEDSDjj84KS7LKhZY7ejkCACTdPen62rKhCby1wXtgxc,EnnjMSFttpCTywBrYNt1J5QQeoSVkvzPipJDa8Y7kJow,6bjVT6JN2rSvpyn9PdfLYC8wJn4LWh49jpY47fnLDXZk,76.05336712100143,78.50172823199682,73.60964262654858,0.9678682931872712,0.029443857050619436,0.9998700049009227,38819.868878415,9067.975930318,46639.3173709937
C98Sspw7XqnMsgxea3SLQVdbMDL8pKUc3RE82UvX9eq2,CSqgQJurPCzGxb4Cgwx5R61hWQUiaoUHcShNc8r1cKEL,6S2CR5EnukPhC914XkAns8m5GixjMAoUuZMsS5ubHuWc,23.261405000000195,23.246136000000206,0.0,0.0,0.0,1.0,853.942401,910.0644,910.0644
ALBpShJ9NLpE739pcHDF2LNVk5J4VYPvvKuV6jMPitZi,D6d156U1bPiJpDYRLextvDRccgFk7QzkQbJg42ceKEu5,GNcM8U5g8RwTZffwwm3kSQqUNPSwv5d2fbN9sLxPJqt2,17166.545204999988,17190.234491999974,17132.896196869337,0.9980398497351202,6.853158478747734,0.9973928151811167,52867.97442,47457.156336,100097.77200439038
Lid8SLUxQ9RmF7XMqUA8c24RitTwzja8VSKngJxRcUa,4PgzyzLtds9bKZ2to9PMnKqJzKEUpjvNUaeN23phegax,AtymwxoVN9peZo7EXTcDz9jKVc4vRmisJKKrNfe3ewBa,94.04399833100524,79.39823204999993,19550.299516191248,207.88460574996347,1.955029951619125,175.46947296164572,958.018036805,7662.049024887,1543612.9060857748
YAkoNb6HKmSxQN9L8hiBE5tPJRsniSSMzND1boHmZxe,CfWX7o2TswwbxusJ4hCaPobu2jLCb1hfXuXJQjVq3jQF,EnTrdMMpdhugeH6Ban6gYZWXughWxKtVGfCwFn78ZmY3,4697882.452735011,4696793.558657997,4697882.452735011,1.0,469.7882452735011,0.9983108580282163,353542.492326,1142128.503961,1493741.779093789
SAMyS8Jr2HJrkFwYVKbpUwsNStnQmvz3f8Tup8bWUWF,6jPzm5TFfquvgm25sTyN3MMGBfufRaFHMxobDWv6hMFW,Cj9ECoDmxsHTDzCY5ZA6RWrPbg9uFzEC1Qc2kso2vJG6,4271.675914630017,99.27531544999982,4286.8604889049775,1.0035547112136842,1.714744195561991,0.021993455583369702,493.40789357,108379.76296576,2878.8073190657724
C2ypsDADXcCRz8HbV2zX1AXPSja7a1P3xZtRC91xGhJh,J9bYNuDpY1d1T86gLaw7DGk5D3CsUAf2tzUwxMvb6FTv,A2NGvvPrMGzsJ4jb52KEnSBVmsA7C34dV1GC7PerdgvG,310.14749880199975,312.6920343269985,54429.173289740465,175.49447762752527,21.771669315896187,176.79189189953695,3835.67671535,1895.575729904,1008262.5010369839
BSCuChvaSj9b5HUSqgDVRzcnr2sSn7cXaamt1jbKH6hn,GnKpRj5kBVPMJfiwZtEuD9GYApLzPdW5JFuZTcyX4BTc,3dmwD9okkomV9nDwyuh4UMhKdUR13QpuKxRo89ycZB5t,1953.8108283450003,1958.3590851010003,1948.7082332715904,0.997388388374461,0.7794832933086362,0.9982979020769587,1683.726765743,1320.928569616,2998.009745188525
BUSD5rCfUDpCxKGMvYU2yThChxgHoioK74PTPociGnv2,CcFHbafgYDZ8yA8Me1PdtDiVb2eeaS61LbqyKKK5CsNZ,26R9s4nmF3CFDTkiePDwRmtscn8i7r2eygbSijditJ58,94.46835907,94.05554939,94.16237842131993,0.996761025049103,0.009416237842131995,1.0,80.65676158,67.37810656,147.7736229096219
GokA1R67GqSavkd15zR62QD68Tuc5AEfvjssntVDEbM8,3YB7hfpBdbQEuZqLGWVDpRPmeZWCUsrrWyqGXegnQ6Cg,4DPCj6Z1DsG6HUtwSogBGqXEUxdEV5a8YVrrFtcnz7UW,10859.803881999997,10859.288669000003,10858.652864796328,0.9998940112348091,1.0858652864796328,1.0,15628.996195,16810.105157,32437.44485399212
MATSnbbiTCv7Dc3trJrkrqjx7ckKdr6fwPoVwv9q3sD,631WX9JizSHJm4w6VanZeJAst9T8DeUUnPLesdGkCVtK,211maUSfpnXbPuW1iBu8b4dtJv5EbN1j7JJiEX5TZKEP,1636.774252000003,1635.6935569999987,1633.3263001803223,0.9978934469335233,0.653330520072129,0.998595974060471,20533.921511,25034.828683,45490.34484981161
RoBgmK8CvjdHvPrqdDyVw54VwjZv2TqJ493xnqJAQHx,ExiHJxM7qPAcy27NDHAF6G7vnW7muNHi2sVJpnaNynGQ,6rkPHSqZb7StM4HwS9EuVrmfkV7tRdc7dnsFhyB6cefE,26.951522000000296,0.49611300000000114,0.0,0.0,0.0,0.9654009937837831,6209.239978,19.972186,19.28116821243456
KEnkcdADoLR5jS2CLLLesy8TtFsyWL37BhXNfDMzWzP,3qsjFRuw1qeLMPo4DLwaQevenGAGBj9dA3Q6rb8ax2YR,77iEv8zPQAEyCcEbvBRSB6AFcUdfkhiqnAKtPxk76rNN,2.4629450000000057,1.6296299999999975,0.018355633168155073,0.007452717445235289,7.342253267262029e-06,0.9964387279861774,122.007802,0.27603,1.1843366565062374
BSCrK1Nx9PXU9mF7STWWBqeHLxmtJDr9h7jheEy4tAWX,FfSySSbVJPvEo5a5AvrP3nySoXpRE2QPn1uUMpJJ1x7v,HL7Vcj6838ZmvBHDbQxXfjBNckNi83WvPiZQoMQLFeRM,0.00300083200000012,0.0029979410000000595,11.774155830907691,3923.6304567890575,0.004709662332363077,3905.6397437900323,0.838132202,0.966383468,7062.866714945321
wrmcMSHFi3sWpAEy4rGDvQb3ezh3PhXoV2xNjgLBkKU,8p4mGnARWPBu6P2Gcw4adodLkNDorrXniZMhaY7eJXUn,AyY89zccbsgp9LKFgH4CFZMJmpSgqmPSdTfukhP227rc,0.013506540000000511,0.10547533000001057,4.9827312066760285,368.91248289168357,0.001993092482670411,3912.0569595493307,27.11622882,0.09249768,10365.371493431394
BSC8REUo9LpiiWUuqMuLXs2D2yJsJfGd4HdiF3wCLxk5,AZjEH1zWVx1UJ6udMyRijGTzPteuLnaY18yNNmprJEsh,Caf8ypkSVR8xYnXNhjvfvdGCC7mrM3C11rz8Xi6NA6aK,3737.7078778030013,3750.9818016509985,3732.6886470926033,0.9986571367066417,1.4930754588370414,0.9998710186383376,3363.392603521,2856.284702881,6214.792322443306
