0,1,2,3,4,5,6,7,8,9,10,11
STK75uPSyBnEhGTTzb1nwmP3n427XoXmfRhXxxhyady,6TYyD5fUmDe6N65avW1Ny2RxzRNobw2RRgKwH9CTzSAU,54zDfk4cx2vGrEajPtodWpArNe5eUurytyxd4X3aZAxK,521.4285531710005,589.3951252179959,86373.53284366726,165.64787700711392,8.637353284366727,187.16175192383565,1599.125358383,277.324203961,316796.20454860805
C98Sspw7XqnMsgxea3SLQVdbMDL8pKUc3RE82UvX9eq2,CSqgQJurPCzGxb4Cgwx5R61hWQUiaoUHcShNc8r1cKEL,6S2CR5EnukPhC914XkAns8m5GixjMAoUuZMsS5ubHuWc,10.291687999999908,10.291786999999886,0.0,0.0,0.0,1.0,862.985195,901.020435,901.020435
SAMyS8Jr2HJrkFwYVKbpUwsNStnQmvz3f8Tup8bWUWF,6jPzm5TFfquvgm25sTyN3MMGBfufRaFHMxobDWv6hMFW,Cj9ECoDmxsHTDzCY5ZA6RWrPbg9uFzEC1Qc2kso2vJG6,1408.8589744500268,109.17976719000364,1412.3641090777305,1.0024879244063956,0.5649456436310922,0.021745627985878993,480.58663783,108960.02946398,2851.186567109768
YAkoNb6HKmSxQN9L8hiBE5tPJRsniSSMzND1boHmZxe,CfWX7o2TswwbxusJ4hCaPobu2jLCb1hfXuXJQjVq3jQF,EnTrdMMpdhugeH6Ban6gYZWXughWxKtVGfCwFn78ZmY3,4812935.554569997,4810474.025453007,4812935.554569997,1.0,481.29355545699974,0.998500252620564,332239.119303,1163926.333887,1494419.8577208964
vEnkoSUkpnbRrPgBz9DfcVxNz67zjwMYBZraAvDDNSf,DtfyjjsZ5yCjWKLKHvwsfXs5QVsmm1QkK6Sh9JZHoq1g,e5wrKCRv4GhHvEf1VD5Pq2KGaZDXP77nTL612Jyrxwy,8688.607120999997,8688.147516999998,8681.184708074592,0.9991457304005075,0.8681184708074594,0.9971203165258733,3624.414178,3329.96058,6941.689298700046
GokA1R67GqSavkd15zR62QD68Tuc5AEfvjssntVDEbM8,3YB7hfpBdbQEuZqLGWVDpRPmeZWCUsrrWyqGXegnQ6Cg,4DPCj6Z1DsG6HUtwSogBGqXEUxdEV5a8YVrrFtcnz7UW,12264.856319000017,12265.116661,12265.57998821932,1.0000590034812054,1.2265579988219322,1.0,15862.295059,16578.123477,32441.35446662839
DFWzVTzNBrQZLjoQ4yQwkj9HuoXmfkuZP9V5vbymZe23,DhgiEgiNdqZdRdo195UUHnoEJUtefK8buko8nU97XJUZ,2K2kkXsouBHtWVjtcgkyiXd8eP3oVBvq1bTJzcVdLLr2,0.4751328500024101,0.47743635599908885,0.4731381770426593,0.9958018626585371,0.00018925527081706372,0.999828973255151,37728.014006792,30220.881504397,67785.3395477777
BSCuChvaSj9b5HUSqgDVRzcnr2sSn7cXaamt1jbKH6hn,GnKpRj5kBVPMJfiwZtEuD9GYApLzPdW5JFuZTcyX4BTc,3dmwD9okkomV9nDwyuh4UMhKdUR13QpuKxRo89ycZB5t,1161.188342348,1165.5361297600002,1158.7040646116159,0.9978605729615225,0.4634816258446464,0.998223162770269,1736.982313577,1268.24022595,2999.2529361502657
AUSejoEUCh2DBs9mof6BNC8Pubs22w4cJa1ccV9h44R,4xkyD7AfGQDwsQMy9MosRRNGoVJ1zosNinesxg1TzHG7,Cbm5gsQe3nSiCsFrvepVzMCD9xLK3ri9g3ypS2hdmVJ7,2891.438218999998,2896.4125559999993,2887.589062779313,0.9986687745235601,0.2887589062779313,1.0,14891.874734,13987.396938,28859.447228962148
heyk4SZTeCUV6a65WiVA5bzic3KcxgVf1qxobfeV4tQ,9ZDpBKPqMABtGfq66FbVribaArMvtk63xxy91onZAtDt,DaTP4s6N7xxSPinbNZ3FB52EpRDRt87QShTuN3VPCW52,124.15987630900236,107.07488018300035,23788.06459282199,191.59220595242496,9.515225837128796,165.89429049915103,609.486531084,4492.927249995,862123.8473908971
wrmcMSHFi3sWpAEy4rGDvQb3ezh3PhXoV2xNjgLBkKU,8p4mGnARWPBu6P2Gcw4adodLkNDorrXniZMhaY7eJXUn,AyY89zccbsgp9LKFgH4CFZMJmpSgqmPSdTfukhP227rc,0.014574560000000028,0.14758871999999457,5.194069850320751,356.3791874554526,0.0020776279401283006,3704.1152720672667,27.11205756,0.09290342,10006.29802032754
BSC8REUo9LpiiWUuqMuLXs2D2yJsJfGd4HdiF3wCLxk5,AZjEH1zWVx1UJ6udMyRijGTzPteuLnaY18yNNmprJEsh,Caf8ypkSVR8xYnXNhjvfvdGCC7mrM3C11rz8Xi6NA6aK,1474.9166246359991,1479.9209400490004,1471.6319245208856,0.9977729587827215,0.5886527698083542,0.9998279845943905,3527.360418542,2693.147668245,6212.189246858191
Cob4usZcpHEY7Qt4ZCwj6WVg9S44zvzYV2v9qYF65dTf,NhFM9UXE48PyNAyeyPYA3iXztqKVJwA4bTdLj4ysM8w,6TuFuynuBoeskxyR2cz4wxyidk8dpDK7kAWw3UkjQGx,17.662183,2398.448892000044,0.12852296876016808,0.007276731803773526,5.140918750406724e-05,1.0,73953.378182,163.885421,702.0243200134505
parEAJhzYzHW87y9VoZAQ22dzQ2MD2ekEtTReaxbMcz,3oyc6hpjYSJEquK6dSvG72NXyz3pqLZz5D8AC71pwgQb,Di2vordgFJVZ1aj1aBpvzXtLfZgJsuLLXawGtVFwX6Rz,9.349988938999928,11.076491214999805,1497.1662594689758,160.12492305997446,0.5988665037875903,192.4168148436488,1105.509809231,138.087356198,203590.00239496047
BUSDTd9WiT6uBHJRgNvFXBsA7JrifsAtWzKfioN7ERcy,DyBxrn7gSc1EwnpWhDyhzvMHPtxpmBqRqotapLcKcfTM,Cds99GeBgoCpqBsoRWu1C6fF9LiUMd4pXQQD24s9LPff,198.28379831,199.27714784000005,197.66915595302189,0.9969001887082213,0.01976691559530219,0.9971998627852989,111.32299976,74.00272738,184.77342905738317
BSCrK1Nx9PXU9mF7STWWBqeHLxmtJDr9h7jheEy4tAWX,FfSySSbVJPvEo5a5AvrP3nySoXpRE2QPn1uUMpJJ1x7v,HL7Vcj6838ZmvBHDbQxXfjBNckNi83WvPiZQoMQLFeRM,0.15376558299999987,0.15362044200000002,571.7595506704241,3718.3844363301027,0.22870382026816966,3706.4492216456633,0.890068846,0.914479085,6699.088437038184
SoN9GaFpSXfpyR5dth3x7PHPVhvJMpQqqDJfCSmPv1t,9kZ9iS68ViMPtoeqtnhAKuF2iqVyfHPdZHoUNdwCELr,BBhm5fJLjw3HRzjtKB8uMEYjGhY6EDm9co3cqpjrSzB9,6.864391106000002,6.5373347279999985,1367.8227483222015,199.26352202260446,0.5471290993288807,192.7057037034182,1.958328146,3.237007719,1014.0132140312488
JSoLLrxK5bYdHwTEWYaGgmeycBCNXKDiBCTw5hXGBg7,xG4wXczA7Dk4hccJ61CHKpDHW4NrNfQwgmWgkb9BuF2,BVR6WgfhsRr9Lob4QDnkEAiNGgAbv7ZieKcY9kSg3QYR,43.296998441000426,38.505374462000006,8366.459810962953,193.23417586010464,3.346583924385181,166.15112741016748,17.025812055,164.760334633,30665.084112546374
KwnjUuZhTMTSGAaavkLEmSyfobY16JNH4poL9oeeEvE,J63v6qEZmQpDqCD8bd4PXu2Pq5ZbyXrFcSa3Xt1HdAPQ,BnKQtTdLw9qPCDgZkWX3sURkBAoKCUYL1yahh6Mw7mRK,286.0252559999832,10606.29521600014,6.152781720623695,0.021511323184075944,0.0006152781720623696,1.0,276833.784656,590.457723,6545.5187330061
WiiQFxXqp8P9Fs1rt9SVcDyA3KUdJmUsog6wnVQAwba,3S2jpqSYxho6wiz3cafhjXruVY8cg4HYa2v3BqBHYFSj,Dfe67M6TfrG74gKRtdqys4e6E9QirPD53BkF4FujFjuv,10976.449333173001,10995.607769639002,10956.22589317035,0.9981575608478844,1.095622589317035,0.9998290002459168,20124.873481632,6708.946675379,26795.594073945424
BUSDgu5JdqP1rndBvXvanbEufS94FNh1w5FJcAj6vawb,Bgzr8cWubt89JQFXndVjtdKmDbGzuPxNhvjH1EhWCwbo,Dxaf8xPBBQsasRKW5Aa4Sw2YrbfGofY9xZueyyF23FBW,4931.577704660004,4927.674001419998,4933.722146991195,1.0004348390027726,1.9734888587964778,0.9998781348529241,7025.51853436,8108.64561001,15136.230952553593
SUiuyGR7SFq3xeRVJonq84fjjeFwRSsFekcevJ53tzy,49GjCCPsv7fBqo6t3iKDrP1xxGDS8uWZbVCdfnp2gjMf,CEwj5xEbbJEjYqM8D6Ai8ByGz1mrh8mkAVsE5fzDSSSx,0.051920999999999884,6.806361000000038,0.00037781519198372437,0.007276731803773526,1.5112607679348976e-07,0.9664702476966597,665.556272,1.502831,6.295515940479563
7dwD9TF6uikvHXxPFK9AsSim54yJoujQjY9vU6gNFumk,CquVr6atkvwueDYficKjn6SSEWq4F4rH4VSiBbW4GBWU,8BCa6ge3b7ho3TfZuM64Vk1hgbrJ3J7EPiAb9uP86CGd,0.0020775940000000003,0.0020830720000000013,0.4090366328643456,196.8799644513536,0.00016361465314573825,197.54666793096536,0.003957816,0.003554791,1.4814517906259828
BSCNHw8CmxbZ8hCWWzMf5FaG2ajPT6JxfznKUNuRVrn4,7n9kgNL633yGzCYksgnzHyjG73ZLBAwvEae5sbAekbzW,SscdxE99omdG9AiMVwmaEMQySQnCgeAh1sPj2Leutm2,462.0094606850016,461.1807598050018,463.0206403489644,1.0021886557527708,0.18520825613958578,0.9998293071410262,5023.023932458,6683.69197307,11716.568717262697
Sid7E679i9ABqptiAVhkmQ27YHN8vaYT4fppPwmxFsJ,GP7KB8o1bv527HG8kTzzzf4wJ5aEGHvcMQvVhLziUfmT,9gYxhAZ1M9wu5pxr8SBoa5NDm21gi3s9vMHaYTME77sa,883.9782130000149,2220.4458950000535,6.432472376380097,0.007276731803773526,0.002572988950552039,0.021083249783928313,135552.639296,8841.832228,1172.7947588611555
MATSnbbiTCv7Dc3trJrkrqjx7ckKdr6fwPoVwv9q3sD,631WX9JizSHJm4w6VanZeJAst9T8DeUUnPLesdGkCVtK,211maUSfpnXbPuW1iBu8b4dtJv5EbN1j7JJiEX5TZKEP,7256.425991000007,7258.169146000004,7250.458863355466,0.9991776767720166,2.9001835453421863,0.9979870600997788,24223.515309,21347.69583,45508.319950984005
MARpDPs5A7XiyCWPNH8GsMWPLxmwNn9SBmKvPa9LzgA,6YjT74rmcfCpw8LSjPNx5JTmZoYLGrTKnf9arfSgZ4SR,F8GSmi3vA8M8TsybLya1LQ4n1aFHCRbZ6k437PeTdXtg,48427.19233700009,50019.743850000545,46805.15953337111,0.9665057434603804,18.722063813348445,1.0,293254.115714,19040.279545,302472.06667597604
B2izdXFYb2sNwbWWHmh75T4aQFtfXsUxem9u2p61HGzf,4DYwgJtxwuJdAjkj5RJSNH4e7U329V5cNp7d3a1nLrZv,EXNW64GEf1ACC6xY9BtKRiunrs6GoJSXBdxWN2eTPmrF,9053.958462000017,8922.120490999998,9175.264635749258,1.0133981367661857,0.9175264635749257,1.0,9358.963566,30391.801193,39876.157432847016
ALLwa5WNZbvQsRKAqe1jdRGemdYQnW8E5k4msbRFcYtu,CGoM82Hbz7QVqTgvQatYtjvDWBvoUJp5qm21P8iMs9yb,3dxNNww8TivyN5FMy5dCNdi3Zcxv6e4kUfSPxfFwpdNq,14.084859573999996,14.072181458000001,52270.68794626288,3711.1259556149334,20.908275178505153,3708.359755396591,2.276908179,6.439046088,32328.19241752189
C2ypsDADXcCRz8HbV2zX1AXPSja7a1P3xZtRC91xGhJh,J9bYNuDpY1d1T86gLaw7DGk5D3CsUAf2tzUwxMvb6FTv,A2NGvvPrMGzsJ4jb52KEnSBVmsA7C34dV1GC7PerdgvG,3224.9778005750004,3249.6656161670003,535682.2122839339,166.10415494594224,214.27288491357356,161.7246837797258,3837.976854559,1997.343198165,960523.5992514291
RajgMbScQbqqrdJfR2rxfHJiTiY5b6bJ2tTXiF4aPxy,725ZA3fhyBAKb5iopNRrcbSuQa3LXA1656Q3mBvYPxeg,GLA6i1dSZpUfk2f9Nj8uiG7xyDdAR2reff8oEiZH3617,323.83734159999585,323.9518553900125,323.8941040417292,1.0001752807179458,0.12955764161669167,0.9998781348529241,90553.73538572,93442.53273357,184000.75305504637
KEVpg4SYCVrqFxKijQH6hm4QxsRdoE51ud64bEEFUC9,2bPenuBYfqzD8p5dFjCcggwkHDsc2RQDnx9AoyYGUBjA,AE6n6iLuX8oYu61vt5hoDYkjswpnxFxrhSehxrnQTnbx,597.4977717410002,599.6832384629997,595.5631135536505,0.9967620662722936,0.23822524542146026,0.9998290282363426,6115.589568263,1414.387880489,7509.933754633689
SoNcU2iwHMw6dGzsYNQkYFkUjwN1UdAjrWVRnStrZu2,8ivTTid27jZnYNc4w3CTA1Z6QS2twsFb8WMwUabeDJgc,CyXm53PMvHCbeXJBykU46Rcbo28xk5srhMZFg7gv6EYB,33.90679903599998,32.699028856,6702.637331738725,197.67826873372243,2.6810549326954902,194.27430871858417,13.476786166,16.925566516,5952.270491955776
ercAoEmXjQzEvAFbdjAo81KtMxRGn9AW1ju882upmPH,CMRhskR2Eg6V42RTSdRTXGdozyPbWB8U9dVpijPWb9T4,7TKLLgrWswt6ZJ1pXhVR3FyufHGjJFqiEXxvWJfDcgRm,0.9444521260000016,0.8936394450000122,156.70149382503456,165.91787927748737,0.06268059753001383,143.5700295840403,37.642785003,310.641329256,50844.39588910569
moFiBS1R4Lf3E3zzmBPnw3NF4RhWPkhREFviuzUaCAU,44ALBrpqi9PfZkBRTvbtRNtFJGsatfY4QydjtMbFWq8S,2ho8qEEie1UjVwWNBo9y4oAJZMyMLx8zPj9bxyUz6uWs,3011.559961291994,3018.8557885699993,3003.0552996741512,0.9971759945917881,1.2012221198696604,0.9998290362336073,39782.11424177,24651.302816259,64316.857672684186
ALBpShJ9NLpE739pcHDF2LNVk5J4VYPvvKuV6jMPitZi,D6d156U1bPiJpDYRLextvDRccgFk7QzkQbJg42ceKEu5,GNcM8U5g8RwTZffwwm3kSQqUNPSwv5d2fbN9sLxPJqt2,5769.785128999996,5776.432861000001,5741.5539084322345,0.9951070585928986,2.296621563372894,0.9972744489310713,53489.720075,46838.218163,99938.5562162099
BkwbeSfcX1h4thMDd7obGkHrPevf3QwgzJ4pCEqG18Lu,35yX27bmurdebhfAb8EPmjLETDiUaEUCn9zHaDPbakH2,2CxECn1ZJFoESyUnQysQU8rRgT3iJ5GRs2Mdd6gZjx5g,0.013888979999997275,0.009476319999999983,32.477446509990116,2338.36080907284,0.012990978603996048,1594.896331738437,0.93087531,21.89525182,37097.37915324487
AURHmCnNwiW4uA2Qj1XvEh4iKgRUZYXtiY7FKAapUV5Y,BKWm4TRnTeKwfWXRyuzjRHU7iZDkPuXBX5b5V5jSVfGJ,A5Ww74HVrkj9nPeC7pHKLfgeDMEhBCpW1efQdz3TGLEg,0.012860102999866285,0.011476784999956635,2.352956147335277,182.9655755758521,0.000941182458934111,165.68822248349414,290.079348838,1795.119188559,350504.6425211661
KEN5P7p3asnb23Sw6yAmJRGvijfAzso3RqfyLAQhznt,9zj4aX38Uxf3h6AUjS4EipWS8mwbEofasHAf3a1uKGds,CwQDG1MWunn9cLNwcZLd8YBacweSR7ARo32w4mLua1Yr,132056.8542219994,132075.48994100024,131814.973745177,0.9981683610574595,13.1814973745177,1.0,1149213.485428,1077505.606557,2224614.1478117974
SEQV6QiTpvTzrceiaYg9Avnwf7oc8ZALpnQMz6TyT4A,3dFMPj4r9mMmPHF32mz1gNDX7f8ftidWof7S8YiYTs1j,Fc1ED3YPeQfXQosHbd8DTaBd2AV5gHQtwiSAL5C5pUhi,457.7928821830001,459.54347955699996,453.6413898087858,0.9909315051941879,0.18145655592351434,0.9963622813109337,4724.296913108,827.724332586,5506.167955402322
FrnkTEL6yZ5Aycq2TrEgu29dCrwKG4LPUZydfiwqspkc,DjvZuMZ46fxKBoBpGMPcRcos4xdTtHFxwMh69DpA2ZFY,9rvDPJLAng4uVVqnnSoEXgNDFhBZQTny9AoQioYDZbQX,79.34507024599861,65.96425416899976,15886.066152607931,200.2149106851294,6.3544264610431735,166.3087148760152,171.164729776,1441.115236291,273939.7540203473
SRMuKizofcAMicegrfSv7xs9q76tH1w8aAF7oX9FEWu,72Hj2KWntXPfbie4UgKeTPnm1XVkomDfCnRPKbvfTtPi,6aqJQ5wedqpUt4fFEDUqUmXhrdxCu4bEJsQdVPCADLko,0.022001999999702093,0.022001999999702093,0.0009077692496818906,0.041258487850840006,3.6310769987275627e-07,0.03930742672555181,16769.751918,5121.302014,893.1998094251298
CZgvH45CRmoaNJ7395Ao5CQZXkGznvqU7cErD6n7FaRg,4ZjU6MKvtqVQKCiowhvZ5yUsPxXX5SCzd5eFsPeXyey5,BsyWeshjDbCvjDojry3vKDCesmFRM37WtwcR4Kfgzqr,15.370908170000007,14.853359079999962,15.891359078998285,1.0338594768274045,0.006356543631599314,0.9998781348529241,204.54073547,601.05684216,812.4499720424359
Lid8SLUxQ9RmF7XMqUA8c24RitTwzja8VSKngJxRcUa,4PgzyzLtds9bKZ2to9PMnKqJzKEUpjvNUaeN23phegax,AtymwxoVN9peZo7EXTcDz9jKVc4vRmisJKKrNfe3ewBa,72.31319634899592,60.9929237460002,14250.2562999559,197.06301227761685,1.4250256299955901,166.09196080030415,958.3977355,7661.605833321,1461395.8804530099
KZMu9QBEdL97EFgamLbN5DE1AoKBG4HdrKKJo4Vuon3,DD4ACBWyVqdaKWh7v5btsgqQCCMwbKnuL2xd9pv7Gyuw,GcYqiJ1MAuYbNTNYXm1F1gQYTfTgkErACAhNU5dpVj9T,44.81167696000011,44.694385780000175,44.92316502480041,1.0024879244063956,0.017969266009920166,0.9998781348529241,1458.24475733,1629.96826655,3091.642390279728
TETFuZgEmET6d9vYmz9iMFCxK1jKdKYxf3oPz8hSzJK,Eu1Ze6Z84LWNkq7SNoAHBJbXx5t1P95EwyqYohrfCRFV,ASMbv7WNu3qe4pkhREmvyEdwFNDZQ6B6iSrjkj4u8bdC,16.363595341,16.427998778999978,16.217052556518485,0.9910445851643408,0.0064868210226073945,0.997523150018504,213.091835778,38.608110332,249.69599382515443
BUSD5rCfUDpCxKGMvYU2yThChxgHoioK74PTPociGnv2,CcFHbafgYDZ8yA8Me1PdtDiVb2eeaS61LbqyKKK5CsNZ,26R9s4nmF3CFDTkiePDwRmtscn8i7r2eygbSijditJ58,73.43157326000001,73.88430344,73.21907247471954,0.997106138737787,0.007321907247471953,0.9998781348529241,84.5334675,63.5149093,147.79600841927785
RoBgmK8CvjdHvPrqdDyVw54VwjZv2TqJ493xnqJAQHx,ExiHJxM7qPAcy27NDHAF6G7vnW7muNHi2sVJpnaNynGQ,6rkPHSqZb7StM4HwS9EuVrmfkV7tRdc7dnsFhyB6cefE,1.084229999999998,58.92762099999982,0.0,0.0,0.0,0.9315748925661256,6237.926219,19.445014,18.114486827996807
Lee1XZJfJ9Hm2K1qTyeCz1LXNc1YBZaKZszvNY4KCDw,9DgFSWkPDGijNKcLGbr3p5xoJbHsPgXUTr6QvGBJ5vGN,2hNHZg7XBhuhHVZ3JDEi4buq2fPQwuWBdQ9xkH7t1GQX,2010.697640689138,1690.993369671979,397439.1740025688,197.6623267267336,39.74391740025688,166.69753349328516,6670.388004474,53916.780409303,10306278.721264312
KysFMBBoavfov2tLpvefWW6tPFt6rAeZWDJVy1mMQae,B8ka2V21TH3x64dFV8ETcjuQcwmrciJ2qzy1mJUttRew,7fSf7EYxBANyxzk2s5pymFgshA91tFYQNKKs5UnLWcYS,51.0564560000098,54.475437000028705,0.0,0.0,0.0,0.021873107976160062,134011.327524,2991.985868,65.444029953909
HEDSDjj84KS7LKhZY7ejkCACTdPen62rKhCby1wXtgxc,EnnjMSFttpCTywBrYNt1J5QQeoSVkvzPipJDa8Y7kJow,6bjVT6JN2rSvpyn9PdfLYC8wJn4LWh49jpY47fnLDXZk,11.352858634998483,11.72366907900141,10.995180999027713,0.9684944869419826,0.004398072399611086,0.9999528312249982,38828.399801139,9059.716993608,46664.38080203785
MATgk4zXLXtYkwBH678J1xZbRDZ45LicNzkRBHkxTuY,y8dALFo1bJrSzPYjMX14HJX448pXqYmrfXHD1K8MXih,GN7Yuet3UyiWS5YVkEHv6oQKi4HGBJc3XDPt9zQhAqZz,2878.1242600000014,2870.1302299999993,2889.0187497051397,1.0037852742692694,1.155607499882056,1.0,2523.320736,5559.086344,8091.958541055095
daob129AwBGn9Y5r91uLoWZeYiGzbPmksauMhFZKTze,6VW5GQNyj4LStgmxEHLr5zUfW92vQnmbw8jTnCH7a38F,4VPCCUifPeBA1c7HWK358CHn2nyjm8pdTRk6Ps3KmnMQ,27.221865115000128,24.260166951000066,3723.815907675409,136.7950319327483,1.4895263630701638,166.52104401367671,48.256671417,224.261874651,43945.59440680548
