0,1,2,3,4,5,6,7,8,9,10,11
GokA1R67GqSavkd15zR62QD68Tuc5AEfvjssntVDEbM8,3YB7hfpBdbQEuZqLGWVDpRPmeZWCUsrrWyqGXegnQ6Cg,4DPCj6Z1DsG6HUtwSogBGqXEUxdEV5a8YVrrFtcnz7UW,48409.640551000004,48388.95712200001,48433.51827550983,1.0004932431688822,4.8433518275509835,1.0,10200.139364,22238.42891,32443.599423062937
KZMu9QBEdL97EFgamLbN5DE1AoKBG4HdrKKJo4Vuon3,DD4ACBWyVqdaKWh7v5btsgqQCCMwbKnuL2xd9pv7Gyuw,GcYqiJ1MAuYbNTNYXm1F1gQYTfTgkErACAhNU5dpVj9T,26.744429249999712,26.723569899999347,26.868434868765178,1.0046366896674555,0.010747373947506071,0.9998363967703964,1375.82261261,1712.57595535,3094.4976474949035
MATgk4zXLXtYkwBH678J1xZbRDZ45LicNzkRBHkxTuY,y8dALFo1bJrSzPYjMX14HJX448pXqYmrfXHD1K8MXih,GN7Yuet3UyiWS5YVkEHv6oQKi4HGBJc3XDPt9zQhAqZz,2872.475337,2864.5778499999997,2878.909700179902,1.002240006414336,1.1515638800719608,1.0,3051.853905,5027.175707,8085.865784322817
4vezWG46exH6pf9nry3n1VJ7hZHvjBJNgNeF4qEFCML5,,,0.4340700000000002,0.433939999999998,0.0,0.0,0.0,1.0,3051.853905,5027.175707,5027.175707
YAkoNb6HKmSxQN9L8hiBE5tPJRsniSSMzND1boHmZxe,CfWX7o2TswwbxusJ4hCaPobu2jLCb1hfXuXJQjVq3jQF,EnTrdMMpdhugeH6Ban6gYZWXughWxKtVGfCwFn78ZmY3,8250227.196972,8251655.594869999,8250227.196972,1.0,825.0227196972,0.9980478184670784,417546.355847,1077298.430422,1492741.7041676845
daob129AwBGn9Y5r91uLoWZeYiGzbPmksauMhFZKTze,6VW5GQNyj4LStgmxEHLr5zUfW92vQnmbw8jTnCH7a38F,4VPCCUifPeBA1c7HWK358CHn2nyjm8pdTRk6Ps3KmnMQ,43.33603698599989,38.47534064900004,8514.1134209551,196.46728249991259,3.4056453683820407,176.35073197898322,48.221793501,224.24923449,49020.521374451564
BSC8REUo9LpiiWUuqMuLXs2D2yJsJfGd4HdiF3wCLxk5,AZjEH1zWVx1UJ6udMyRijGTzPteuLnaY18yNNmprJEsh,Caf8ypkSVR8xYnXNhjvfvdGCC7mrM3C11rz8Xi6NA6aK,88.65335494500005,88.60225258199989,88.51335443445133,0.998420809786211,0.03540534177378054,0.999348169160576,3414.810622525,2802.128193918,6209.719667353151
RajgMbScQbqqrdJfR2rxfHJiTiY5b6bJ2tTXiF4aPxy,725ZA3fhyBAKb5iopNRrcbSuQa3LXA1656Q3mBvYPxeg,GLA6i1dSZpUfk2f9Nj8uiG7xyDdAR2reff8oEiZH3617,40092.556909819956,40114.47896705,40222.32862199281,1.003236803092024,16.088931448797123,0.9998363967703964,37225.35690689,146810.80183892,184132.63117482635
KEN5P7p3asnb23Sw6yAmJRGvijfAzso3RqfyLAQhznt,9zj4aX38Uxf3h6AUjS4EipWS8mwbEofasHAf3a1uKGds,CwQDG1MWunn9cLNwcZLd8YBacweSR7ARo32w4mLua1Yr,93574.63283899962,93580.50822800142,93456.50381817346,0.9987375956790617,9.345650381817347,1.0,1152266.684203,1114932.222581,2265744.280342989
7dwD9TF6uikvHXxPFK9AsSim54yJoujQjY9vU6gNFumk,CquVr6atkvwueDYficKjn6SSEWq4F4rH4VSiBbW4GBWU,8BCa6ge3b7ho3TfZuM64Vk1hgbrJ3J7EPiAb9uP86CGd,0.002677048,0.002716685,0.5598972668635439,209.14726477207128,0.00022395890674541753,209.54774985530727,0.004123578,0.003389003,1.5725930126771739
JSoLLrxK5bYdHwTEWYaGgmeycBCNXKDiBCTw5hXGBg7,xG4wXczA7Dk4hccJ61CHKpDHW4NrNfQwgmWgkb9BuF2,BVR6WgfhsRr9Lob4QDnkEAiNGgAbv7ZieKcY9kSg3QYR,0.7966271169999857,0.6822974809999849,165.62142239966704,207.9033199665359,0.06624856895986682,176.21940302505277,16.984069446,164.774295969,32567.472493896144
MARpDPs5A7XiyCWPNH8GsMWPLxmwNn9SBmKvPa9LzgA,6YjT74rmcfCpw8LSjPNx5JTmZoYLGrTKnf9arfSgZ4SR,F8GSmi3vA8M8TsybLya1LQ4n1aFHCRbZ6k437PeTdXtg,42335.12552199993,44657.300432000484,39838.412379748705,0.9410250209142812,15.935364951899484,1.0,297326.916739,14951.449857,294743.51789969625
SoNcU2iwHMw6dGzsYNQkYFkUjwN1UdAjrWVRnStrZu2,8ivTTid27jZnYNc4w3CTA1Z6QS2twsFb8WMwUabeDJgc,CyXm53PMvHCbeXJBykU46Rcbo28xk5srhMZFg7gv6EYB,1.4041614250000052,1.3903302510000017,293.63095355100063,209.1148128150576,0.11745238142040025,205.54143828443605,15.434030547,19.268169914,7187.891766050245
SAMyS8Jr2HJrkFwYVKbpUwsNStnQmvz3f8Tup8bWUWF,6jPzm5TFfquvgm25sTyN3MMGBfufRaFHMxobDWv6hMFW,Cj9ECoDmxsHTDzCY5ZA6RWrPbg9uFzEC1Qc2kso2vJG6,1220.2804097300104,26.674575480000044,1225.934333058674,1.0046332984481119,0.49037373322346955,0.021949211587612157,485.14207461,108748.83637146,2874.3411020551926
Lee1XZJfJ9Hm2K1qTyeCz1LXNc1YBZaKZszvNY4KCDw,9DgFSWkPDGijNKcLGbr3p5xoJbHsPgXUTr6QvGBJ5vGN,2hNHZg7XBhuhHVZ3JDEi4buq2fPQwuWBdQ9xkH7t1GQX,1531.1780745661954,1287.916401192011,319851.3009741474,208.89229429749105,31.98513009741474,176.28575780311277,6688.366486472,53906.65556723,10900123.847762113
moFiBS1R4Lf3E3zzmBPnw3NF4RhWPkhREFviuzUaCAU,44ALBrpqi9PfZkBRTvbtRNtFJGsatfY4QydjtMbFWq8S,2ho8qEEie1UjVwWNBo9y4oAJZMyMLx8zPj9bxyUz6uWs,2032.3264354400017,2032.966732407007,2031.5155844356925,0.9996010232459858,0.812606233774277,0.9993834383827573,32684.941518862,31736.319973349,64388.65356357056
KEVpg4SYCVrqFxKijQH6hm4QxsRdoE51ud64bEEFUC9,2bPenuBYfqzD8p5dFjCcggwkHDsc2RQDnx9AoyYGUBjA,AE6n6iLuX8oYu61vt5hoDYkjswpnxFxrhSehxrnQTnbx,447.3766258549997,448.1732896630001,446.41605769193404,0.997852887013867,0.17856642307677364,0.9993491678583372,5650.648669758,1877.621288084,7514.915360418932
Sid7E679i9ABqptiAVhkmQ27YHN8vaYT4fppPwmxFsJ,GP7KB8o1bv527HG8kTzzzf4wJ5aEGHvcMQvVhLziUfmT,9gYxhAZ1M9wu5pxr8SBoa5NDm21gi3s9vMHaYTME77sa,3305.6321009999974,9844.773771000066,23.798249741257003,0.007199303798525467,0.009519299896502801,0.02188597821185211,135875.327836,8734.283454,1169.3661011859924
HEDSDjj84KS7LKhZY7ejkCACTdPen62rKhCby1wXtgxc,EnnjMSFttpCTywBrYNt1J5QQeoSVkvzPipJDa8Y7kJow,6bjVT6JN2rSvpyn9PdfLYC8wJn4LWh49jpY47fnLDXZk,10.925639016004425,11.20735052699456,10.422724953844433,0.9539693686178632,0.004169089981537773,0.9993482230902042,38817.871987611,9069.87864262,46095.02793625639
FrnkTEL6yZ5Aycq2TrEgu29dCrwKG4LPUZydfiwqspkc,DjvZuMZ46fxKBoBpGMPcRcos4xdTtHFxwMh69DpA2ZFY,9rvDPJLAng4uVVqnnSoEXgNDFhBZQTny9AoQioYDZbQX,43.75212347199965,36.47541755599997,9275.991226080161,212.01236625729905,3.7103964904320645,176.3417757546282,171.497063428,1440.652413302,290406.7030304136
AURHmCnNwiW4uA2Qj1XvEh4iKgRUZYXtiY7FKAapUV5Y,BKWm4TRnTeKwfWXRyuzjRHU7iZDkPuXBX5b5V5jSVfGJ,A5Ww74HVrkj9nPeC7pHKLfgeDMEhBCpW1efQdz3TGLEg,0.007915733000345426,0.0070620780000467676,1.5609751336606232,197.19906338332856,0.0006243900534642494,176.4126729924723,290.093755115,1795.10276829,373885.0944522562
CZgvH45CRmoaNJ7395Ao5CQZXkGznvqU7cErD6n7FaRg,4ZjU6MKvtqVQKCiowhvZ5yUsPxXX5SCzd5eFsPeXyey5,BsyWeshjDbCvjDojry3vKDCesmFRM37WtwcR4Kfgzqr,29.81430639000004,29.187739410000006,30.8685814246602,1.035361380569087,0.01234743256986408,0.9997820974918518,200.63801986,605.04854116,812.6495568022274
BUSDTd9WiT6uBHJRgNvFXBsA7JrifsAtWzKfioN7ERcy,DyBxrn7gSc1EwnpWhDyhzvMHPtxpmBqRqotapLcKcfTM,Cds99GeBgoCpqBsoRWu1C6fF9LiUMd4pXQQD24s9LPff,413.85879371,413.15954626000007,412.28614880967297,0.9962000447393441,0.0412286148809673,0.9983606917441562,112.41235168,72.84674631,184.71251781023352
STK75uPSyBnEhGTTzb1nwmP3n427XoXmfRhXxxhyady,6TYyD5fUmDe6N65avW1Ny2RxzRNobw2RRgKwH9CTzSAU,54zDfk4cx2vGrEajPtodWpArNe5eUurytyxd4X3aZAxK,542.9877936500006,613.0043557840086,95875.76510757055,176.57075578640024,9.587576510757055,199.2037427992827,1601.606184435,278.429202066,338260.9536140256
C2ypsDADXcCRz8HbV2zX1AXPSja7a1P3xZtRC91xGhJh,J9bYNuDpY1d1T86gLaw7DGk5D3CsUAf2tzUwxMvb6FTv,A2NGvvPrMGzsJ4jb52KEnSBVmsA7C34dV1GC7PerdgvG,224.2713001820007,226.12739096199948,39605.80910947767,176.59775939826787,15.842323643791067,177.9635242401447,4218.405383318,2095.675723869,1117914.7764117937
BkwbeSfcX1h4thMDd7obGkHrPevf3QwgzJ4pCEqG18Lu,35yX27bmurdebhfAb8EPmjLETDiUaEUCn9zHaDPbakH2,2CxECn1ZJFoESyUnQysQU8rRgT3iJ5GRs2Mdd6gZjx5g,0.01034015000000399,0.011857349999999212,21.397545732977377,2069.3651187815576,0.00855901829319095,1371.7421124828531,0.89422377,21.9495758,31959.632954017856
Lid8SLUxQ9RmF7XMqUA8c24RitTwzja8VSKngJxRcUa,4PgzyzLtds9bKZ2to9PMnKqJzKEUpjvNUaeN23phegax,AtymwxoVN9peZo7EXTcDz9jKVc4vRmisJKKrNfe3ewBa,44.233540490999985,37.31805502100042,9258.868480377707,209.31782483614603,0.9258868480377708,176.7836721186162,960.021900829,7659.661655417,1555052.8107073645
BSCuChvaSj9b5HUSqgDVRzcnr2sSn7cXaamt1jbKH6hn,GnKpRj5kBVPMJfiwZtEuD9GYApLzPdW5JFuZTcyX4BTc,3dmwD9okkomV9nDwyuh4UMhKdUR13QpuKxRo89ycZB5t,397.55149254,398.35550146799983,397.2178073376392,0.9991606491017583,0.15888712293505572,0.9989530971541825,1618.948897893,1384.519427047,3000.6600014000805
heyk4SZTeCUV6a65WiVA5bzic3KcxgVf1qxobfeV4tQ,9ZDpBKPqMABtGfq66FbVribaArMvtk63xxy91onZAtDt,DaTP4s6N7xxSPinbNZ3FB52EpRDRt87QShTuN3VPCW52,73.0741018220051,63.23697317499989,14879.92406757373,203.62787494560592,5.951969627029492,176.83465959328026,611.415909541,4490.605161306,918595.9574351425
AUSejoEUCh2DBs9mof6BNC8Pubs22w4cJa1ccV9h44R,4xkyD7AfGQDwsQMy9MosRRNGoVJ1zosNinesxg1TzHG7,Cbm5gsQe3nSiCsFrvepVzMCD9xLK3ri9g3ypS2hdmVJ7,1344.4709870000006,1348.2555229999998,1341.7686649088741,0.997990048043241,0.13417686649088745,1.0,15183.26425,13695.968581,28848.71519931072
ALLwa5WNZbvQsRKAqe1jdRGemdYQnW8E5k4msbRFcYtu,CGoM82Hbz7QVqTgvQatYtjvDWBvoUJp5qm21P8iMs9yb,3dxNNww8TivyN5FMy5dCNdi3Zcxv6e4kUfSPxfFwpdNq,9.104191774999999,9.106744824,34386.583226318166,3777.005589968273,13.754633290527268,3778.4612594367068,5.07899971,3.620846041,32864.63678842051
BSCNHw8CmxbZ8hCWWzMf5FaG2ajPT6JxfznKUNuRVrn4,7n9kgNL633yGzCYksgnzHyjG73ZLBAwvEae5sbAekbzW,SscdxE99omdG9AiMVwmaEMQySQnCgeAh1sPj2Leutm2,108.19067088599968,108.46515399999953,108.41643227741828,1.0020866992465227,0.04336657291096732,0.9993482021175704,4899.559323421,6806.334451467,11711.681327253902
wrmcMSHFi3sWpAEy4rGDvQb3ezh3PhXoV2xNjgLBkKU,8p4mGnARWPBu6P2Gcw4adodLkNDorrXniZMhaY7eJXUn,AyY89zccbsgp9LKFgH4CFZMJmpSgqmPSdTfukhP227rc,0.02705000999999907,0.2128448399999969,10.44341447406485,386.07802636912925,0.004177365789625941,3752.063634999249,27.07784347,0.09628895,10815.442632977076
SoN9GaFpSXfpyR5dth3x7PHPVhvJMpQqqDJfCSmPv1t,9kZ9iS68ViMPtoeqtnhAKuF2iqVyfHPdZHoUNdwCELr,BBhm5fJLjw3HRzjtKB8uMEYjGhY6EDm9co3cqpjrSzB9,0.23816333200000006,0.23340891600000002,50.4086826344137,211.65593465250012,0.020163473053765483,204.82896576529632,0.863686496,1.400481392,469.6635276545254
B2izdXFYb2sNwbWWHmh75T4aQFtfXsUxem9u2p61HGzf,4DYwgJtxwuJdAjkj5RJSNH4e7U329V5cNp7d3a1nLrZv,EXNW64GEf1ACC6xY9BtKRiunrs6GoJSXBdxWN2eTPmrF,6605.304893000015,6492.421355000008,6649.363576054955,1.00667019672349,0.6649363576054956,1.0,8625.142744,31134.8696,39817.543742870665
SUiuyGR7SFq3xeRVJonq84fjjeFwRSsFekcevJ53tzy,49GjCCPsv7fBqo6t3iKDrP1xxGDS8uWZbVCdfnp2gjMf,CEwj5xEbbJEjYqM8D6Ai8ByGz1mrh8mkAVsE5fzDSSSx,9.63379400000006,7.035949000000089,0.06916012954025291,0.007178908905489621,2.7664051816101165e-05,0.92418537679962,662.38827,1.526559,6.166048555016715
vEnkoSUkpnbRrPgBz9DfcVxNz67zjwMYBZraAvDDNSf,DtfyjjsZ5yCjWKLKHvwsfXs5QVsmm1QkK6Sh9JZHoq1g,e5wrKCRv4GhHvEf1VD5Pq2KGaZDXP77nTL612Jyrxwy,5531.237198999999,5531.143161000001,5425.22291796014,0.9808335319521235,0.5425222917960141,0.9922111425311307,892.81233,1057.466121,1924.9299391096777
DA1mL7dfBow33EH5yjUuZE6SH2KeUK5zEXzsyhE5r5j5,B4UtLRZND3D83CitRCBUyeiNr7H8m7YFRqBmiPmXjhW4,AAmpYbuixWiSqDaJBCqYEs1pb5SrbdPr9mgXrB58Q2e,366.6338695569999,366.78031208899995,364.9452441906887,0.9953942461225649,0.14597809767627548,0.9991517171946467,2019.922910104,988.44824452,2998.2294031988604
parEAJhzYzHW87y9VoZAQ22dzQ2MD2ekEtTReaxbMcz,3oyc6hpjYSJEquK6dSvG72NXyz3pqLZz5D8AC71pwgQb,Di2vordgFJVZ1aj1aBpvzXtLfZgJsuLLXawGtVFwX6Rz,5.007173325000053,5.892530241999566,854.7943519971575,170.7139530659543,0.34191774079886306,201.32763495595353,1104.972566417,138.534598193,216525.07785624883
C98Sspw7XqnMsgxea3SLQVdbMDL8pKUc3RE82UvX9eq2,CSqgQJurPCzGxb4Cgwx5R61hWQUiaoUHcShNc8r1cKEL,6S2CR5EnukPhC914XkAns8m5GixjMAoUuZMsS5ubHuWc,34.264823999999976,34.250750999999696,0.0,0.0,0.0,1.0,859.004338,904.975066,904.975066
Cob4usZcpHEY7Qt4ZCwj6WVg9S44zvzYV2v9qYF65dTf,NhFM9UXE48PyNAyeyPYA3iXztqKVJwA4bTdLj4ysM8w,6TuFuynuBoeskxyR2cz4wxyidk8dpDK7kAWw3UkjQGx,435.5906500000108,4082.623224000005,3.1269425811961216,0.007178626495302515,0.0012507770324784488,1.0,74147.776377,162.460475,694.7396670676981
YakoMPuYrybnr9R7VC7hVGxMz94fJvPFCdZ4gmW61Ed,,,0.08675300000000008,0.08663500000000002,0.0,0.0,0.0,1.0,74147.776377,162.460475,162.460475
BUSDgu5JdqP1rndBvXvanbEufS94FNh1w5FJcAj6vawb,Bgzr8cWubt89JQFXndVjtdKmDbGzuPxNhvjH1EhWCwbo,Dxaf8xPBBQsasRKW5Aa4Sw2YrbfGofY9xZueyyF23FBW,5309.649016409998,5312.273927020005,5307.706024465621,0.9996340639582068,2.1230824097862486,0.9998951110028559,7881.63109377,7245.67029105,15123.657220844205
MATSnbbiTCv7Dc3trJrkrqjx7ckKdr6fwPoVwv9q3sD,631WX9JizSHJm4w6VanZeJAst9T8DeUUnPLesdGkCVtK,211maUSfpnXbPuW1iBu8b4dtJv5EbN1j7JJiEX5TZKEP,2387.9237389999944,2385.5903160000016,2385.3785400977104,0.998934137275527,0.954151416039084,0.9939844063726329,19771.149286,25797.229374,45392.1196803301
BSCrK1Nx9PXU9mF7STWWBqeHLxmtJDr9h7jheEy4tAWX,FfSySSbVJPvEo5a5AvrP3nySoXpRE2QPn1uUMpJJ1x7v,HL7Vcj6838ZmvBHDbQxXfjBNckNi83WvPiZQoMQLFeRM,0.14463659000000006,0.14447481299999998,543.7281821291764,3759.2713028506555,0.21749127285167053,3747.564083345825,0.838180813,0.966330248,6772.333606966396
ercAoEmXjQzEvAFbdjAo81KtMxRGn9AW1ju882upmPH,CMRhskR2Eg6V42RTSdRTXGdozyPbWB8U9dVpijPWb9T4,7TKLLgrWswt6ZJ1pXhVR3FyufHGjJFqiEXxvWJfDcgRm,7.413743876999966,6.624641311999973,1301.2976525457302,175.52503487243632,0.5205190610182922,155.68663332170354,37.632334472,310.652583411,54969.87166447727
WiiQFxXqp8P9Fs1rt9SVcDyA3KUdJmUsog6wnVQAwba,3S2jpqSYxho6wiz3cafhjXruVY8cg4HYa2v3BqBHYFSj,Dfe67M6TfrG74gKRtdqys4e6E9QirPD53BkF4FujFjuv,9364.631065218999,9378.754782541993,9353.132679322083,0.9987721474752357,0.9353132679322084,0.9985208232051701,17250.534352364,9576.400314084,26791.58836516732
KwnjUuZhTMTSGAaavkLEmSyfobY16JNH4poL9oeeEvE,J63v6qEZmQpDqCD8bd4PXu2Pq5ZbyXrFcSa3Xt1HdAPQ,BnKQtTdLw9qPCDgZkWX3sURkBAoKCUYL1yahh6Mw7mRK,432.19578899999954,19327.750293999736,9.467069730028818,0.021904585771030795,0.0009467069730028819,1.0,276695.816282,593.269364,6654.176604234448
DFWzVTzNBrQZLjoQ4yQwkj9HuoXmfkuZP9V5vbymZe23,DhgiEgiNdqZdRdo195UUHnoEJUtefK8buko8nU97XJUZ,2K2kkXsouBHtWVjtcgkyiXd8eP3oVBvq1bTJzcVdLLr2,37.34455058599997,37.0225611479982,36.979039845781585,0.9902124745248532,0.014791615938312635,0.9993476518359204,41522.895387484,26448.880962005,67548.11607414462
