0,1,2,3,4,5,6,7,8,9,10,11
BUSD5rCfUDpCxKGMvYU2yThChxgHoioK74PTPociGnv2,CcFHbafgYDZ8yA8Me1PdtDiVb2eeaS61LbqyKKK5CsNZ,26R9s4nmF3CFDTkiePDwRmtscn8i7r2eygbSijditJ58,268.25207138,268.64038798999997,267.9285556868648,0.9987939862254523,0.02679285556868648,1.0,80.34389143,67.68113763,147.92813322023466
heyk4SZTeCUV6a65WiVA5bzic3KcxgVf1qxobfeV4tQ,9ZDpBKPqMABtGfq66FbVribaArMvtk63xxy91onZAtDt,DaTP4s6N7xxSPinbNZ3FB52EpRDRt87QShTuN3VPCW52,51.70719086200006,44.68903029500041,10647.458918673388,205.9183401993372,4.258983567469356,178.28636141426725,619.171968431,4481.587080803,926504.7180348225
KEVpg4SYCVrqFxKijQH6hm4QxsRdoE51ud64bEEFUC9,2bPenuBYfqzD8p5dFjCcggwkHDsc2RQDnx9AoyYGUBjA,AE6n6iLuX8oYu61vt5hoDYkjswpnxFxrhSehxrnQTnbx,2952.114286154,2955.4236019600003,2950.453652820047,0.9994374766106645,1.1801814611280188,0.9999861901907134,4977.90700164,2549.198246588,7524.269855168022
BUSDgu5JdqP1rndBvXvanbEufS94FNh1w5FJcAj6vawb,Bgzr8cWubt89JQFXndVjtdKmDbGzuPxNhvjH1EhWCwbo,Dxaf8xPBBQsasRKW5Aa4Sw2YrbfGofY9xZueyyF23FBW,18438.937381030002,18482.13964874002,18401.525423706316,0.9979710350683129,7.360610169482527,1.0,8870.38267313,6254.7508678,15107.135845555575
ALBpShJ9NLpE739pcHDF2LNVk5J4VYPvvKuV6jMPitZi,D6d156U1bPiJpDYRLextvDRccgFk7QzkQbJg42ceKEu5,GNcM8U5g8RwTZffwwm3kSQqUNPSwv5d2fbN9sLxPJqt2,2001.3526209999982,2002.2446809999965,1997.6529677038109,0.9981514235635603,0.7990611870815244,0.9963483831756612,51335.786644,48980.552182,100042.58249205061
BSCuChvaSj9b5HUSqgDVRzcnr2sSn7cXaamt1jbKH6hn,GnKpRj5kBVPMJfiwZtEuD9GYApLzPdW5JFuZTcyX4BTc,3dmwD9okkomV9nDwyuh4UMhKdUR13QpuKxRo89ycZB5t,1141.0056151600002,1144.212670795,1137.8910957176934,0.997270373255902,0.45515643828707736,0.996724762430653,1831.013448014,1172.579920506,2994.7549074347944
BSC8REUo9LpiiWUuqMuLXs2D2yJsJfGd4HdiF3wCLxk5,AZjEH1zWVx1UJ6udMyRijGTzPteuLnaY18yNNmprJEsh,Caf8ypkSVR8xYnXNhjvfvdGCC7mrM3C11rz8Xi6NA6aK,9951.622087993,9982.468338294002,9950.963742182783,0.9999338453767238,3.980385496873113,0.9999629703712443,3205.961354176,3010.089980536,6215.727783031876
MiMUFdSLMyCLpqpH6zkqdDrGYs7XBomwENbivdYjv9V,,,0.018226069999999983,0.012538942999999997,0.0,0.0,0.0,0.9999629703712443,3205.961354176,3010.089980536,3009.9785180214994
7oAd7xG4m3oC2qeWB1szghTebAZyyGPAFDJ4wwwbRSNi,D9yh4KAysxt9GLacVe4Wwh2XqghhcjTCSTV9HuM7TBJd,HDYfJLpZKaMFb84jM4mRytn7XLR8UFZUnQpSfhJJaNEy,98.41036429500673,2.243251999999984,98.41036429500673,1.0,0.039364145718002695,0.022861600325753482,957.467941799,300002.607269457,7816.007645877313
HEDSDjj84KS7LKhZY7ejkCACTdPen62rKhCby1wXtgxc,EnnjMSFttpCTywBrYNt1J5QQeoSVkvzPipJDa8Y7kJow,6bjVT6JN2rSvpyn9PdfLYC8wJn4LWh49jpY47fnLDXZk,4.70017983300022,4.843776554002034,4.554675433736649,0.9690428016728261,0.0018218701734946598,0.999909982103951,38823.889376623,9064.045406757,46685.24001381842
RajgMbScQbqqrdJfR2rxfHJiTiY5b6bJ2tTXiF4aPxy,725ZA3fhyBAKb5iopNRrcbSuQa3LXA1656Q3mBvYPxeg,GLA6i1dSZpUfk2f9Nj8uiG7xyDdAR2reff8oEiZH3617,19329.409884139983,19323.152794099995,19342.39559484654,1.0006718110270512,7.736958237938616,1.0,77996.1834906,105957.86418186,184006.4463685969
MAR3XM1n9xWPQ3HJjAcC85o8DopWFP5p2WxGTaZ3fPB,6qG7GUhER8Cg9gDEgnebph9LdS6eu2eoWcA4R7z9uizK,4QV4CwRXVMY227KkFF9voNAfwWHVvVajXSXDKbUHkWZR,0.010256000000000001,0.4334600000000002,0.00972168639409419,0.9479023395177641,3.8886745576376765e-06,0.021737805373776783,0.108884,24.413567,0.6339087662617118
MiMuMS9C4vBqcrYeeQPph1E7oAW9aNKvW9k6Zw9XffM,Afy2q2hh6Y474pshJa5fnQ6PfEchGyTbKrQpCZw2hr3m,5pXz9ksgjeL8Wgb37bksUaBFMLdFfsNNY3FQnikkCPtS,0.012538942999999136,0.8271330000006856,0.0,0.0,0.0,0.021737805373776783,26.006551294,7673.713867602,166.8096985479842
ALLwa5WNZbvQsRKAqe1jdRGemdYQnW8E5k4msbRFcYtu,CGoM82Hbz7QVqTgvQatYtjvDWBvoUJp5qm21P8iMs9yb,3dxNNww8TivyN5FMy5dCNdi3Zcxv6e4kUfSPxfFwpdNq,19.217329323999998,19.027420317,59474.27990839316,3094.825451844516,23.789711963357266,3094.8637640971046,1.599661674,7.092785886,26901.879688116183
7dwD9TF6uikvHXxPFK9AsSim54yJoujQjY9vU6gNFumk,CquVr6atkvwueDYficKjn6SSEWq4F4rH4VSiBbW4GBWU,8BCa6ge3b7ho3TfZuM64Vk1hgbrJ3J7EPiAb9uP86CGd,0.0010312839999999995,0.0010387109999999999,0.21816803282069844,211.54990557469964,8.726721312827938e-05,211.83317036301426,0.002926164,0.004590734,1.5914994554093673
KysFMBBoavfov2tLpvefWW6tPFt6rAeZWDJVy1mMQae,B8ka2V21TH3x64dFV8ETcjuQcwmrciJ2qzy1mJUttRew,7fSf7EYxBANyxzk2s5pymFgshA91tFYQNKKs5UnLWcYS,34.74303699999564,35.06799500001716,0.0,0.0,0.0,0.021796525424600675,134125.711457,2901.441709,63.24134797821534
SEQV6QiTpvTzrceiaYg9Avnwf7oc8ZALpnQMz6TyT4A,3dFMPj4r9mMmPHF32mz1gNDX7f8ftidWof7S8YiYTs1j,Fc1ED3YPeQfXQosHbd8DTaBd2AV5gHQtwiSAL5C5pUhi,1289.290913447,1289.4781897920002,1287.571648638721,0.9986665035870899,0.5150286594554884,0.9986364687560159,3296.746873743,2250.758205776,5540.039900252362
KZMu9QBEdL97EFgamLbN5DE1AoKBG4HdrKKJo4Vuon3,DD4ACBWyVqdaKWh7v5btsgqQCCMwbKnuL2xd9pv7Gyuw,GcYqiJ1MAuYbNTNYXm1F1gQYTfTgkErACAhNU5dpVj9T,60.697058290000314,60.47326561,60.97572650649398,1.0045911321626533,0.024390290602597592,1.0,1383.50713815,1704.84781702,3094.706819289221
FrnkTEL6yZ5Aycq2TrEgu29dCrwKG4LPUZydfiwqspkc,DjvZuMZ46fxKBoBpGMPcRcos4xdTtHFxwMh69DpA2ZFY,9rvDPJLAng4uVVqnnSoEXgNDFhBZQTny9AoQioYDZbQX,13.974359730999652,11.653380610999989,2995.0053946857815,214.3214753547449,1.1980021578743127,177.64071809483883,171.428371322,1440.706049303,292668.8386211553
C2ypsDADXcCRz8HbV2zX1AXPSja7a1P3xZtRC91xGhJh,J9bYNuDpY1d1T86gLaw7DGk5D3CsUAf2tzUwxMvb6FTv,A2NGvvPrMGzsJ4jb52KEnSBVmsA7C34dV1GC7PerdgvG,39.76880185899927,40.10690832899854,7092.874123641469,178.35272354418254,2.8371496494565878,179.54642980901644,4353.813155851,2178.182923356,1167599.4015080547
RoBgmK8CvjdHvPrqdDyVw54VwjZv2TqJ493xnqJAQHx,ExiHJxM7qPAcy27NDHAF6G7vnW7muNHi2sVJpnaNynGQ,6rkPHSqZb7StM4HwS9EuVrmfkV7tRdc7dnsFhyB6cefE,0.711276999999999,39.12333899999976,0.0,0.0,0.0,0.9342764542713718,6250.123796,19.227708,17.96399485400529
YAkoNb6HKmSxQN9L8hiBE5tPJRsniSSMzND1boHmZxe,CfWX7o2TswwbxusJ4hCaPobu2jLCb1hfXuXJQjVq3jQF,EnTrdMMpdhugeH6Ban6gYZWXughWxKtVGfCwFn78ZmY3,5409820.282750988,5410517.618386005,5409820.282750988,1.0,540.9820282750989,0.9979422430947387,670312.785087,823811.242018,1492428.8238331056
JSoLLrxK5bYdHwTEWYaGgmeycBCNXKDiBCTw5hXGBg7,xG4wXczA7Dk4hccJ61CHKpDHW4NrNfQwgmWgkb9BuF2,BVR6WgfhsRr9Lob4QDnkEAiNGgAbv7ZieKcY9kSg3QYR,0.7098797999999746,0.6046263100000182,148.56403199899015,209.28054580366344,0.05942561279959606,177.43842088322458,17.060723634,164.682554039,32791.48988962544
AURHmCnNwiW4uA2Qj1XvEh4iKgRUZYXtiY7FKAapUV5Y,BKWm4TRnTeKwfWXRyuzjRHU7iZDkPuXBX5b5V5jSVfGJ,A5Ww74HVrkj9nPeC7pHKLfgeDMEhBCpW1efQdz3TGLEg,0.004689768999867283,0.00422422299993741,0.9329863938155041,198.94079939585657,0.00037319455752620167,177.47302898010332,290.132582247,1795.059125819,376293.7881004766
Lee1XZJfJ9Hm2K1qTyeCz1LXNc1YBZaKZszvNY4KCDw,9DgFSWkPDGijNKcLGbr3p5xoJbHsPgXUTr6QvGBJ5vGN,2hNHZg7XBhuhHVZ3JDEi4buq2fPQwuWBdQ9xkH7t1GQX,1844.1581160709684,1554.0353521900142,390640.20653668226,211.8257665286057,39.06402065366823,177.5975912083509,6681.493903054,53925.314657473,10992318.555890203
oKQqupM9E7SSLAFDLxr7mdsXP7znck9qRbVWc6Yyj7Q,CMR2J7CwfW98RpvnJmFBgRFTLAd3x8CJ1SWs8Bt3uunG,FmRb5jHfSNj1YWP3b45d9vvYuhwjp4om8bALmtqZpr1v,376.63712561999955,371.5016343799998,381.2558032983611,1.0122629378895098,0.15250232131934444,1.0,2176.16186001,3720.4519216,5923.299919336823
SoNcU2iwHMw6dGzsYNQkYFkUjwN1UdAjrWVRnStrZu2,8ivTTid27jZnYNc4w3CTA1Z6QS2twsFb8WMwUabeDJgc,CyXm53PMvHCbeXJBykU46Rcbo28xk5srhMZFg7gv6EYB,0.544956099000002,0.5398174980000015,115.2708531195656,211.52319119115901,0.04610834124782624,209.4413215579837,15.276253846,19.423177297,7299.2978848908415
MATSnbbiTCv7Dc3trJrkrqjx7ckKdr6fwPoVwv9q3sD,631WX9JizSHJm4w6VanZeJAst9T8DeUUnPLesdGkCVtK,211maUSfpnXbPuW1iBu8b4dtJv5EbN1j7JJiEX5TZKEP,1783.2540780000054,1782.5725580000035,1783.6108001600373,1.0002000400080016,0.713444320064015,0.9994023573902805,21099.34446,24467.146914,45556.08947750053
C98Sspw7XqnMsgxea3SLQVdbMDL8pKUc3RE82UvX9eq2,CSqgQJurPCzGxb4Cgwx5R61hWQUiaoUHcShNc8r1cKEL,6S2CR5EnukPhC914XkAns8m5GixjMAoUuZMsS5ubHuWc,40.19612199999972,40.18503299999986,0.0,0.0,0.0,1.0,870.774146,893.154026,893.154026
wrmcMSHFi3sWpAEy4rGDvQb3ezh3PhXoV2xNjgLBkKU,8p4mGnARWPBu6P2Gcw4adodLkNDorrXniZMhaY7eJXUn,AyY89zccbsgp9LKFgH4CFZMJmpSgqmPSdTfukhP227rc,0.0097383300000011,0.05869743999999695,3.787759626604862,388.9537145079736,0.001515103850641945,3097.9894048762353,26.97232117,0.1082478,10826.335045474714
SAMyS8Jr2HJrkFwYVKbpUwsNStnQmvz3f8Tup8bWUWF,6jPzm5TFfquvgm25sTyN3MMGBfufRaFHMxobDWv6hMFW,Cj9ECoDmxsHTDzCY5ZA6RWrPbg9uFzEC1Qc2kso2vJG6,1100.8474594499967,56.265726640010314,1105.9015956272526,1.0045911321626533,0.4423606382509011,0.021556461779005352,477.45754907,109102.53760319,2831.514301615496
DA1mL7dfBow33EH5yjUuZE6SH2KeUK5zEXzsyhE5r5j5,B4UtLRZND3D83CitRCBUyeiNr7H8m7YFRqBmiPmXjhW4,AAmpYbuixWiSqDaJBCqYEs1pb5SrbdPr9mgXrB58Q2e,3.3559347780000053,3.35721211200007,3.3426535630174783,0.996042469278726,0.0013370614252069914,0.9999772965154599,2019.922910104,988.301801988,3000.208367225976
MATgk4zXLXtYkwBH678J1xZbRDZ45LicNzkRBHkxTuY,y8dALFo1bJrSzPYjMX14HJX448pXqYmrfXHD1K8MXih,GN7Yuet3UyiWS5YVkEHv6oQKi4HGBJc3XDPt9zQhAqZz,1330.9197760000006,1329.3523169999999,1334.2366884073815,1.0024921955982573,0.5336946753629527,1.0,2947.487467,5130.597526,8085.4307082911755
vEnkoSUkpnbRrPgBz9DfcVxNz67zjwMYBZraAvDDNSf,DtfyjjsZ5yCjWKLKHvwsfXs5QVsmm1QkK6Sh9JZHoq1g,e5wrKCRv4GhHvEf1VD5Pq2KGaZDXP77nTL612Jyrxwy,2045.1621639999998,2045.8394310000008,2042.2907032712005,0.998595974060471,0.20422907032712007,0.9986807427388421,1076.763134,872.750852,1946.8507997304528
4vezWG46exH6pf9nry3n1VJ7hZHvjBJNgNeF4qEFCML5,,,0.06207000000000029,0.062124999999999986,0.0,0.0,0.0,0.9986807427388421,1076.763134,872.750852,871.5994691013173
MARpDPs5A7XiyCWPNH8GsMWPLxmwNn9SBmKvPa9LzgA,6YjT74rmcfCpw8LSjPNx5JTmZoYLGrTKnf9arfSgZ4SR,F8GSmi3vA8M8TsybLya1LQ4n1aFHCRbZ6k437PeTdXtg,15616.962480000057,16444.875725999944,14823.223339822578,0.9491745503522862,5.929289335929032,1.0,296928.415584,15306.991058,297143.88640675996
daob129AwBGn9Y5r91uLoWZeYiGzbPmksauMhFZKTze,6VW5GQNyj4LStgmxEHLr5zUfW92vQnmbw8jTnCH7a38F,4VPCCUifPeBA1c7HWK358CHn2nyjm8pdTRk6Ps3KmnMQ,20.312168915,17.982594430999974,4034.161571872007,198.60811461118192,1.613664628748803,177.20580469510324,48.281981139,224.163743906,49312.30986603921
Lid8SLUxQ9RmF7XMqUA8c24RitTwzja8VSKngJxRcUa,4PgzyzLtds9bKZ2to9PMnKqJzKEUpjvNUaeN23phegax,AtymwxoVN9peZo7EXTcDz9jKVc4vRmisJKKrNfe3ewBa,49.24595259700982,41.55821494500037,10379.633379557548,210.77129859780177,1.037963337955755,176.69071368383,959.336298091,7660.468144752,1555734.140989124
ercAoEmXjQzEvAFbdjAo81KtMxRGn9AW1ju882upmPH,CMRhskR2Eg6V42RTSdRTXGdozyPbWB8U9dVpijPWb9T4,7TKLLgrWswt6ZJ1pXhVR3FyufHGjJFqiEXxvWJfDcgRm,4.764027970999912,4.132811439000008,847.1459885009876,177.82137167494042,0.3388583954003951,155.63742083891682,36.309657072,320.546389312,56345.64631733675
Sid7E679i9ABqptiAVhkmQ27YHN8vaYT4fppPwmxFsJ,GP7KB8o1bv527HG8kTzzzf4wJ5aEGHvcMQvVhLziUfmT,9gYxhAZ1M9wu5pxr8SBoa5NDm21gi3s9vMHaYTME77sa,514.9859959999922,1187.5311809999894,3.7035830155536176,0.007191618887348684,0.0014814332062214471,0.021796525424600675,135729.315446,8780.74148,1167.5031634440268
B2izdXFYb2sNwbWWHmh75T4aQFtfXsUxem9u2p61HGzf,4DYwgJtxwuJdAjkj5RJSNH4e7U329V5cNp7d3a1nLrZv,EXNW64GEf1ACC6xY9BtKRiunrs6GoJSXBdxWN2eTPmrF,5603.131804000026,5525.950905999996,5572.943170843567,0.9946121857895779,0.5572943170843567,1.0,8727.618022,31029.956771,39710.55200859794
YakoMPuYrybnr9R7VC7hVGxMz94fJvPFCdZ4gmW61Ed,,,0.020828999999999986,0.020782999999999996,0.0,0.0,0.0,1.0,8727.618022,31029.956771,31029.956771
BSCNHw8CmxbZ8hCWWzMf5FaG2ajPT6JxfznKUNuRVrn4,7n9kgNL633yGzCYksgnzHyjG73ZLBAwvEae5sbAekbzW,SscdxE99omdG9AiMVwmaEMQySQnCgeAh1sPj2Leutm2,1377.2473111569998,1374.7454094630011,1380.6694010563842,1.0024847315886278,0.5522677604225538,0.9999632973471342,4946.515019407,6759.143472705,11717.701175737793
parEAJhzYzHW87y9VoZAQ22dzQ2MD2ekEtTReaxbMcz,3oyc6hpjYSJEquK6dSvG72NXyz3pqLZz5D8AC71pwgQb,Di2vordgFJVZ1aj1aBpvzXtLfZgJsuLLXawGtVFwX6Rz,4.160561139000038,4.870937585999997,721.9055491433452,173.5115829392307,0.28876221965733806,205.19016203456715,1103.21904636,140.014715386,220150.92519990928
SoN9GaFpSXfpyR5dth3x7PHPVhvJMpQqqDJfCSmPv1t,9kZ9iS68ViMPtoeqtnhAKuF2iqVyfHPdZHoUNdwCELr,BBhm5fJLjw3HRzjtKB8uMEYjGhY6EDm9co3cqpjrSzB9,0.15068387100000002,0.14745803999999985,32.23280242984765,213.91010342339592,0.012893120971939063,208.75915852523343,0.850242828,1.413098938,476.87287648226163
KEN5P7p3asnb23Sw6yAmJRGvijfAzso3RqfyLAQhznt,9zj4aX38Uxf3h6AUjS4EipWS8mwbEofasHAf3a1uKGds,CwQDG1MWunn9cLNwcZLd8YBacweSR7ARo32w4mLua1Yr,46206.87100400054,46210.55616800068,46169.150807790575,0.9991836669441067,4.616915080779057,1.0,1153103.533676,1093501.175206,2245663.3923505927
STK75uPSyBnEhGTTzb1nwmP3n427XoXmfRhXxxhyady,6TYyD5fUmDe6N65avW1Ny2RxzRNobw2RRgKwH9CTzSAU,54zDfk4cx2vGrEajPtodWpArNe5eUurytyxd4X3aZAxK,686.7211174480008,776.3230361610031,121344.727073408,176.70160999904934,12.134472707340798,200.09404420077436,1809.837230446,314.251969648,382681.099960956
GokA1R67GqSavkd15zR62QD68Tuc5AEfvjssntVDEbM8,3YB7hfpBdbQEuZqLGWVDpRPmeZWCUsrrWyqGXegnQ6Cg,4DPCj6Z1DsG6HUtwSogBGqXEUxdEV5a8YVrrFtcnz7UW,23741.288889999996,23736.32070100001,23744.351911396567,1.000129016643147,2.3744351911396566,1.0,13682.652855,18747.608019,32432.026163940696
AUSejoEUCh2DBs9mof6BNC8Pubs22w4cJa1ccV9h44R,4xkyD7AfGQDwsQMy9MosRRNGoVJ1zosNinesxg1TzHG7,Cbm5gsQe3nSiCsFrvepVzMCD9xLK3ri9g3ypS2hdmVJ7,2057.0909379999994,2061.3126580000007,2054.947627624387,0.9989580867155557,0.20549476276243872,1.0,14859.633766,14018.903432,28863.05474817723
Cob4usZcpHEY7Qt4ZCwj6WVg9S44zvzYV2v9qYF65dTf,NhFM9UXE48PyNAyeyPYA3iXztqKVJwA4bTdLj4ysM8w,6TuFuynuBoeskxyR2cz4wxyidk8dpDK7kAWw3UkjQGx,9.15501500000002,1279.9042410000256,0.06583937878796066,0.007191618887348684,2.6335751515184265e-05,1.0,74081.849175,162.91933,695.6877557366465
moFiBS1R4Lf3E3zzmBPnw3NF4RhWPkhREFviuzUaCAU,44ALBrpqi9PfZkBRTvbtRNtFJGsatfY4QydjtMbFWq8S,2ho8qEEie1UjVwWNBo9y4oAJZMyMLx8zPj9bxyUz6uWs,888.9670228770046,888.9678871390024,889.0504255864794,1.0000938198013294,0.35562017023459175,0.9999273072846149,31367.10083433,33053.063956034,64420.7049285618
BUSDTd9WiT6uBHJRgNvFXBsA7JrifsAtWzKfioN7ERcy,DyBxrn7gSc1EwnpWhDyhzvMHPtxpmBqRqotapLcKcfTM,Cds99GeBgoCpqBsoRWu1C6fF9LiUMd4pXQQD24s9LPff,1669.59589304,1646.7126143799996,1663.894160364911,0.9965849624457884,0.1663894160364911,0.9924208817262566,139.05434345,85.34606076,223.2786805163439
WiiQFxXqp8P9Fs1rt9SVcDyA3KUdJmUsog6wnVQAwba,3S2jpqSYxho6wiz3cafhjXruVY8cg4HYa2v3BqBHYFSj,Dfe67M6TfrG74gKRtdqys4e6E9QirPD53BkF4FujFjuv,19912.400694722,19938.294003264007,19890.036616011468,0.9988768768239753,1.9890036616011468,0.9999573008232976,18770.647282138,8056.036984449,26805.258531448726
KwnjUuZhTMTSGAaavkLEmSyfobY16JNH4poL9oeeEvE,J63v6qEZmQpDqCD8bd4PXu2Pq5ZbyXrFcSa3Xt1HdAPQ,BnKQtTdLw9qPCDgZkWX3sURkBAoKCUYL1yahh6Mw7mRK,272.1909029999922,11025.396692000242,5.932815937584346,0.021796525424600675,0.0005932815937584346,1.0,276876.043115,589.27628,6624.211993218931
