0,1,2,3,4,5,6,7,8,9,10,11
MiMuMS9C4vBqcrYeeQPph1E7oAW9aNKvW9k6Zw9XffM,Afy2q2hh6Y474pshJa5fnQ6PfEchGyTbKrQpCZw2hr3m,5pXz9ksgjeL8Wgb37bksUaBFMLdFfsNNY3FQnikkCPtS,0.6100230450001618,0.009255237999997945,0.0,0.0,0.0,0.02286746954504689,26.017750384,7672.976029098,175.46154566527335
SERgf3DMJpQxUifu7VoFKmfne73d2fDJxSrxUMrcNJB,AJfM2GZ2tTB8UtN2krcyR9xufRJEx2mhSCbJyMgPo3GU,F4yRYkufQvERZcEKnKjJwRLU1btiMBUuEwq46hfm11QD,2.5389000001041495e-05,5.375000000640284e-06,0.004226443061051035,166.4674883168955,1.690577224420414e-06,167.14224205940636,29.169443875,28.076809471,9548.584942329617
BUSD5rCfUDpCxKGMvYU2yThChxgHoioK74PTPociGnv2,CcFHbafgYDZ8yA8Me1PdtDiVb2eeaS61LbqyKKK5CsNZ,26R9s4nmF3CFDTkiePDwRmtscn8i7r2eygbSijditJ58,103.73250548,103.72365607,103.55159359737384,0.9982559769303843,0.010355159359737383,1.0,75.02618476,73.02633366,147.92167102295332
Sid7E679i9ABqptiAVhkmQ27YHN8vaYT4fppPwmxFsJ,GP7KB8o1bv527HG8kTzzzf4wJ5aEGHvcMQvVhLziUfmT,9gYxhAZ1M9wu5pxr8SBoa5NDm21gi3s9vMHaYTME77sa,1270.7871419999983,4355.863705999975,8.462166203020757,0.006658995769899573,0.0033848664812083026,0.022717104241635477,138459.660655,7942.493975,1102.4327581720122
FrnkTEL6yZ5Aycq2TrEgu29dCrwKG4LPUZydfiwqspkc,DjvZuMZ46fxKBoBpGMPcRcos4xdTtHFxwMh69DpA2ZFY,9rvDPJLAng4uVVqnnSoEXgNDFhBZQTny9AoQioYDZbQX,28.43059780800013,23.59404834200032,5730.486131325978,201.56052187244083,2.2921944525303912,167.13592864231808,170.205314791,1442.327647352,275371.44282140344
RoBgmK8CvjdHvPrqdDyVw54VwjZv2TqJ493xnqJAQHx,ExiHJxM7qPAcy27NDHAF6G7vnW7muNHi2sVJpnaNynGQ,6rkPHSqZb7StM4HwS9EuVrmfkV7tRdc7dnsFhyB6cefE,19.38456699999999,49.78563200000008,0.0,0.0,0.0,0.962717790832231,6211.54473,19.92974,19.186715264660744
MiMUFdSLMyCLpqpH6zkqdDrGYs7XBomwENbivdYjv9V,,,0.009255237999999999,0.01348499999999997,0.0,0.0,0.0,0.962717790832231,6211.54473,19.92974,19.186715264660744
BerKDkt6v49dT1bHRedgnpsJS263C1DSJtEGvY9Mg35V,78XKqNb8wbfsMMrvo8WPUpdx7GEkfQutpNVH943aCGFa,DKYQwn4nDvFHCszi5tXbqfVMAP7DaXXp1KGTXEnYnKVH,0.0011689529999330261,0.0011689529999330261,0.001171272662103233,1.0019843930169474,4.6850906484129324e-07,1.0,1337.244815495,1688.073741794,3027.9721765628174
GokA1R67GqSavkd15zR62QD68Tuc5AEfvjssntVDEbM8,3YB7hfpBdbQEuZqLGWVDpRPmeZWCUsrrWyqGXegnQ6Cg,4DPCj6Z1DsG6HUtwSogBGqXEUxdEV5a8YVrrFtcnz7UW,7904.603431000007,7905.407836000002,7903.02282643472,0.9998000399920016,0.790302282643472,1.0,19710.996309,12733.649779,32440.704677020392
ALBpShJ9NLpE739pcHDF2LNVk5J4VYPvvKuV6jMPitZi,D6d156U1bPiJpDYRLextvDRccgFk7QzkQbJg42ceKEu5,GNcM8U5g8RwTZffwwm3kSQqUNPSwv5d2fbN9sLxPJqt2,1704.150579000001,1704.478995000005,1701.7799994607524,0.9986089377497147,0.680711999784301,0.9968708224882095,50233.90121,50099.223951,100106.47731239659
KysFMBBoavfov2tLpvefWW6tPFt6rAeZWDJVy1mMQae,B8ka2V21TH3x64dFV8ETcjuQcwmrciJ2qzy1mJUttRew,7fSf7EYxBANyxzk2s5pymFgshA91tFYQNKKs5UnLWcYS,53.83809900000006,67.8857329999737,0.0,0.0,0.0,0.022027332218691582,134037.709013,2971.134858,65.44617458370104
daob129AwBGn9Y5r91uLoWZeYiGzbPmksauMhFZKTze,6VW5GQNyj4LStgmxEHLr5zUfW92vQnmbw8jTnCH7a38F,4VPCCUifPeBA1c7HWK358CHn2nyjm8pdTRk6Ps3KmnMQ,29.307674263999957,26.167235935999976,5309.214122144795,181.15439916248698,2.123685648857918,166.52162633013313,47.90531638,224.704531875,46096.42289708399
Lee1XZJfJ9Hm2K1qTyeCz1LXNc1YBZaKZszvNY4KCDw,9DgFSWkPDGijNKcLGbr3p5xoJbHsPgXUTr6QvGBJ5vGN,2hNHZg7XBhuhHVZ3JDEi4buq2fPQwuWBdQ9xkH7t1GQX,1097.457978402177,921.7746078280325,218363.70347922452,198.97226843905858,21.836370347922458,166.50767958394394,6639.294509186,53922.7259209,10299583.45925777
SEQV6QiTpvTzrceiaYg9Avnwf7oc8ZALpnQMz6TyT4A,3dFMPj4r9mMmPHF32mz1gNDX7f8ftidWof7S8YiYTs1j,Fc1ED3YPeQfXQosHbd8DTaBd2AV5gHQtwiSAL5C5pUhi,748.3808752000004,748.5885904699994,746.7189245444906,0.9977792716107748,0.2986875698177963,0.9972456076317212,3073.433192307,2483.515493406,5543.282849248917
BSC8REUo9LpiiWUuqMuLXs2D2yJsJfGd4HdiF3wCLxk5,AZjEH1zWVx1UJ6udMyRijGTzPteuLnaY18yNNmprJEsh,Caf8ypkSVR8xYnXNhjvfvdGCC7mrM3C11rz8Xi6NA6aK,965.6117764269984,967.6408927500011,964.1378352851009,0.9984735675580185,0.3856551341140404,1.0,3546.331793707,2674.650354578,6215.568912385055
ercAoEmXjQzEvAFbdjAo81KtMxRGn9AW1ju882upmPH,CMRhskR2Eg6V42RTSdRTXGdozyPbWB8U9dVpijPWb9T4,7TKLLgrWswt6ZJ1pXhVR3FyufHGjJFqiEXxvWJfDcgRm,0.20194826300001978,0.17925480700000662,33.488641540106,165.82782660578133,0.013395456616042403,145.94464348861405,35.401582182,310.843277519,51236.47874998979
SoNcU2iwHMw6dGzsYNQkYFkUjwN1UdAjrWVRnStrZu2,8ivTTid27jZnYNc4w3CTA1Z6QS2twsFb8WMwUabeDJgc,CyXm53PMvHCbeXJBykU46Rcbo28xk5srhMZFg7gv6EYB,0.3918055320000118,0.3884749799999998,77.78913842300568,198.54017381000975,0.031115655369202272,189.74079131017533,13.494500174,16.908340462,5887.402309026903
BUSDgu5JdqP1rndBvXvanbEufS94FNh1w5FJcAj6vawb,Bgzr8cWubt89JQFXndVjtdKmDbGzuPxNhvjH1EhWCwbo,Dxaf8xPBBQsasRKW5Aa4Sw2YrbfGofY9xZueyyF23FBW,4985.399475150004,4990.167778049997,4979.018812751275,0.9987201301659909,1.99160752510051,1.0,8195.31849137,6946.19307822,15131.0226286728
BkwbeSfcX1h4thMDd7obGkHrPevf3QwgzJ4pCEqG18Lu,35yX27bmurdebhfAb8EPmjLETDiUaEUCn9zHaDPbakH2,2CxECn1ZJFoESyUnQysQU8rRgT3iJ5GRs2Mdd6gZjx5g,0.00046378999999996395,0.0007260000000002265,1.1528174790583479,2485.645397827546,0.0004611269916233391,1582.2784810126584,0.84329244,22.02780056,36950.240782635345
KZMu9QBEdL97EFgamLbN5DE1AoKBG4HdrKKJo4Vuon3,DD4ACBWyVqdaKWh7v5btsgqQCCMwbKnuL2xd9pv7Gyuw,GcYqiJ1MAuYbNTNYXm1F1gQYTfTgkErACAhNU5dpVj9T,202.49354747000143,201.91026680999926,203.14002434628154,1.00319258013086,0.08125600973851262,1.0,1409.57915752,1678.98682443,3093.0661763611733
KEN5P7p3asnb23Sw6yAmJRGvijfAzso3RqfyLAQhznt,9zj4aX38Uxf3h6AUjS4EipWS8mwbEofasHAf3a1uKGds,CwQDG1MWunn9cLNwcZLd8YBacweSR7ARo32w4mLua1Yr,54552.342473002616,54560.83479400072,54395.79138539545,0.9971302591142692,5.439579138539545,1.0,1147466.274738,1058096.156013,2202269.499867387
BSCuChvaSj9b5HUSqgDVRzcnr2sSn7cXaamt1jbKH6hn,GnKpRj5kBVPMJfiwZtEuD9GYApLzPdW5JFuZTcyX4BTc,3dmwD9okkomV9nDwyuh4UMhKdUR13QpuKxRo89ycZB5t,1636.852046707,1642.5131210139998,1634.7403789961336,0.9987099214525132,0.6538961515984534,0.9980059840438804,1473.58084085,1532.055166767,3000.6800301380426
C98Sspw7XqnMsgxea3SLQVdbMDL8pKUc3RE82UvX9eq2,CSqgQJurPCzGxb4Cgwx5R61hWQUiaoUHcShNc8r1cKEL,6S2CR5EnukPhC914XkAns8m5GixjMAoUuZMsS5ubHuWc,4.221009999999978,4.222132999999985,0.0,0.0,0.0,1.0,878.175364,885.853345,885.853345
Lid8SLUxQ9RmF7XMqUA8c24RitTwzja8VSKngJxRcUa,4PgzyzLtds9bKZ2to9PMnKqJzKEUpjvNUaeN23phegax,AtymwxoVN9peZo7EXTcDz9jKVc4vRmisJKKrNfe3ewBa,53.983316429998695,45.52487188800046,10700.097050141621,198.21118370926067,1.0700097050141621,167.50292501982815,957.019085037,7663.255271483,1473309.558824557
SAMyS8Jr2HJrkFwYVKbpUwsNStnQmvz3f8Tup8bWUWF,6jPzm5TFfquvgm25sTyN3MMGBfufRaFHMxobDWv6hMFW,Cj9ECoDmxsHTDzCY5ZA6RWrPbg9uFzEC1Qc2kso2vJG6,6941.829066310005,155.09880088999984,6968.849455994226,1.0038924020493902,2.787539782397691,0.022569419132213962,492.89905596,108411.68832172,2941.6064498194055
JSoLLrxK5bYdHwTEWYaGgmeycBCNXKDiBCTw5hXGBg7,xG4wXczA7Dk4hccJ61CHKpDHW4NrNfQwgmWgkb9BuF2,BVR6WgfhsRr9Lob4QDnkEAiNGgAbv7ZieKcY9kSg3QYR,0.6266723820000628,0.5340328939999992,117.3444900710732,187.25013809697685,0.04693779602842928,166.32047060709797,16.898272038,164.911455847,30592.354717690487
MATSnbbiTCv7Dc3trJrkrqjx7ckKdr6fwPoVwv9q3sD,631WX9JizSHJm4w6VanZeJAst9T8DeUUnPLesdGkCVtK,211maUSfpnXbPuW1iBu8b4dtJv5EbN1j7JJiEX5TZKEP,2165.825854000006,2167.098964000008,2161.602083528791,0.9980498106699509,0.8646408334115163,0.9934501829438511,25208.506698,20365.857782,45391.81047654744
vEnkoSUkpnbRrPgBz9DfcVxNz67zjwMYBZraAvDDNSf,DtfyjjsZ5yCjWKLKHvwsfXs5QVsmm1QkK6Sh9JZHoq1g,e5wrKCRv4GhHvEf1VD5Pq2KGaZDXP77nTL612Jyrxwy,19147.403521000007,19143.40350999999,19112.084389049043,0.9981554088045291,1.9112084389049044,0.9952982112500548,4801.804697,5416.727788,10184.206808558409
MARpDPs5A7XiyCWPNH8GsMWPLxmwNn9SBmKvPa9LzgA,6YjT74rmcfCpw8LSjPNx5JTmZoYLGrTKnf9arfSgZ4SR,F8GSmi3vA8M8TsybLya1LQ4n1aFHCRbZ6k437PeTdXtg,50229.06923999992,52003.281812999165,48319.6691922009,0.9619861550952558,19.327867676880363,1.0,293700.273767,18661.919983,301197.5170945403
STK75uPSyBnEhGTTzb1nwmP3n427XoXmfRhXxxhyady,6TYyD5fUmDe6N65avW1Ny2RxzRNobw2RRgKwH9CTzSAU,54zDfk4cx2vGrEajPtodWpArNe5eUurytyxd4X3aZAxK,350.2589436860018,396.4895998839952,58432.205722490035,166.82573500499393,5.843220572249004,189.4993484064905,1669.874134602,287.300557637,333021.2483398397
BUSDTd9WiT6uBHJRgNvFXBsA7JrifsAtWzKfioN7ERcy,DyBxrn7gSc1EwnpWhDyhzvMHPtxpmBqRqotapLcKcfTM,Cds99GeBgoCpqBsoRWu1C6fF9LiUMd4pXQQD24s9LPff,411.05589410000016,410.85526271,409.5425647011932,0.9963184340121911,0.04095425647011933,0.9985766189016514,106.63154758,78.77704288,184.90388962738285
BSCrK1Nx9PXU9mF7STWWBqeHLxmtJDr9h7jheEy4tAWX,FfSySSbVJPvEo5a5AvrP3nySoXpRE2QPn1uUMpJJ1x7v,HL7Vcj6838ZmvBHDbQxXfjBNckNi83WvPiZQoMQLFeRM,0.0015278749999999564,0.0015285199999999222,5.889058482980679,3854.4111808759535,0.002355623393192272,3827.0187523918867,0.636969464,1.168302055,6926.256096861141
YAkoNb6HKmSxQN9L8hiBE5tPJRsniSSMzND1boHmZxe,CfWX7o2TswwbxusJ4hCaPobu2jLCb1hfXuXJQjVq3jQF,EnTrdMMpdhugeH6Ban6gYZWXughWxKtVGfCwFn78ZmY3,5566771.212680004,5561454.331942015,5566771.212680004,1.0,556.6771212680004,0.9977699840855687,209563.757778,1283903.717538,1490604.349593293
HEDSDjj84KS7LKhZY7ejkCACTdPen62rKhCby1wXtgxc,EnnjMSFttpCTywBrYNt1J5QQeoSVkvzPipJDa8Y7kJow,6bjVT6JN2rSvpyn9PdfLYC8wJn4LWh49jpY47fnLDXZk,14.70562887500546,15.917360341002677,13.592003502390247,0.9242721693794411,0.005436801400956099,1.0,42291.790468566,5768.652406179,44857.77732950127
MATgk4zXLXtYkwBH678J1xZbRDZ45LicNzkRBHkxTuY,y8dALFo1bJrSzPYjMX14HJX448pXqYmrfXHD1K8MXih,GN7Yuet3UyiWS5YVkEHv6oQKi4HGBJc3XDPt9zQhAqZz,581.7953830000006,582.036885,581.7389543214314,0.9999030094080874,0.23269558172857258,1.0,4342.120489,3742.331026,8084.030370163616
MAR3XM1n9xWPQ3HJjAcC85o8DopWFP5p2WxGTaZ3fPB,6qG7GUhER8Cg9gDEgnebph9LdS6eu2eoWcA4R7z9uizK,4QV4CwRXVMY227KkFF9voNAfwWHVvVajXSXDKbUHkWZR,0.16064499999999882,0.003717999999999999,0.15533217366416344,0.9669281562710609,6.213286946566538e-05,0.022572204758609007,0.114209,24.180844,0.6562468598035437
7oAd7xG4m3oC2qeWB1szghTebAZyyGPAFDJ4wwwbRSNi,D9yh4KAysxt9GLacVe4Wwh2XqghhcjTCSTV9HuM7TBJd,HDYfJLpZKaMFb84jM4mRytn7XLR8UFZUnQpSfhJJaNEy,194.93922577711055,4.585215853000022,194.93922577711055,1.0,0.07797569031084423,0.023525493022035195,973.496227115,299310.990486852,8014.934845231879
parEAJhzYzHW87y9VoZAQ22dzQ2MD2ekEtTReaxbMcz,3oyc6hpjYSJEquK6dSvG72NXyz3pqLZz5D8AC71pwgQb,Di2vordgFJVZ1aj1aBpvzXtLfZgJsuLLXawGtVFwX6Rz,7.291321103999962,8.621870085000637,1191.9195474207238,163.4709993456256,0.47676781896828957,185.9195674767182,1104.934734898,138.578112204,206389.16800817774
ALLwa5WNZbvQsRKAqe1jdRGemdYQnW8E5k4msbRFcYtu,CGoM82Hbz7QVqTgvQatYtjvDWBvoUJp5qm21P8iMs9yb,3dxNNww8TivyN5FMy5dCNdi3Zcxv6e4kUfSPxfFwpdNq,3.6111969199999967,3.600056393000001,13842.367831953376,3833.1800061330878,5.536947132781351,3824.2380205744003,1.865091496,6.865836456,33405.82425015705
RajgMbScQbqqrdJfR2rxfHJiTiY5b6bJ2tTXiF4aPxy,725ZA3fhyBAKb5iopNRrcbSuQa3LXA1656Q3mBvYPxeg,GLA6i1dSZpUfk2f9Nj8uiG7xyDdAR2reff8oEiZH3617,8445.787800869992,8451.163011749974,8438.834370125694,0.9991766983840654,3.3755337480502785,0.9999844602414879,105560.43834613,78446.05630108,183918.36753496973
SUiuyGR7SFq3xeRVJonq84fjjeFwRSsFekcevJ53tzy,49GjCCPsv7fBqo6t3iKDrP1xxGDS8uWZbVCdfnp2gjMf,CEwj5xEbbJEjYqM8D6Ai8ByGz1mrh8mkAVsE5fzDSSSx,2.5692479999999467,3.293570000000078,0.01702643901040269,0.0066270126552217005,6.8105756041610765e-06,0.9364795299621944,673.843402,1.443233,5.817126914157571
AURHmCnNwiW4uA2Qj1XvEh4iKgRUZYXtiY7FKAapUV5Y,BKWm4TRnTeKwfWXRyuzjRHU7iZDkPuXBX5b5V5jSVfGJ,A5Ww74HVrkj9nPeC7pHKLfgeDMEhBCpW1efQdz3TGLEg,0.002677532999769028,0.0023750589999735894,0.4939797023002341,184.49061219519845,0.00019759188092009365,167.4516521031174,288.971585493,1788.251015504,352758.1316358429
BSCNHw8CmxbZ8hCWWzMf5FaG2ajPT6JxfznKUNuRVrn4,7n9kgNL633yGzCYksgnzHyjG73ZLBAwvEae5sbAekbzW,SscdxE99omdG9AiMVwmaEMQySQnCgeAh1sPj2Leutm2,1243.157482314,1238.792355049,1250.4570566435834,1.0058718017897428,0.5001828226574334,1.0,3916.169724862,7795.660251325,11734.824948586382
Cob4usZcpHEY7Qt4ZCwj6WVg9S44zvzYV2v9qYF65dTf,NhFM9UXE48PyNAyeyPYA3iXztqKVJwA4bTdLj4ysM8w,6TuFuynuBoeskxyR2cz4wxyidk8dpDK7kAWw3UkjQGx,377.5904339999886,3979.509480999975,2.5023831163962402,0.006627241823600636,0.001000953246558496,1.0,75456.528805,153.57752,653.6461835602221
SoN9GaFpSXfpyR5dth3x7PHPVhvJMpQqqDJfCSmPv1t,9kZ9iS68ViMPtoeqtnhAKuF2iqVyfHPdZHoUNdwCELr,BBhm5fJLjw3HRzjtKB8uMEYjGhY6EDm9co3cqpjrSzB9,0.2325239540000008,0.22840337400000021,46.9088826789497,201.73785053968908,0.01876355307157988,197.13134467232828,1.969256129,3.226039294,1033.226962618557
C2ypsDADXcCRz8HbV2zX1AXPSja7a1P3xZtRC91xGhJh,J9bYNuDpY1d1T86gLaw7DGk5D3CsUAf2tzUwxMvb6FTv,A2NGvvPrMGzsJ4jb52KEnSBVmsA7C34dV1GC7PerdgvG,30.639845548999574,30.91697281000006,5131.818481607107,167.48839263566936,2.0527273926428427,161.33104565910588,3353.045644376,1620.121174602,822972.068603568
B2izdXFYb2sNwbWWHmh75T4aQFtfXsUxem9u2p61HGzf,4DYwgJtxwuJdAjkj5RJSNH4e7U329V5cNp7d3a1nLrZv,EXNW64GEf1ACC6xY9BtKRiunrs6GoJSXBdxWN2eTPmrF,5217.724682000004,5147.626955999996,5226.740809897075,1.0017279807668227,0.5226740809897076,1.0,9424.184753,30326.999221,39767.46878399617
WiiQFxXqp8P9Fs1rt9SVcDyA3KUdJmUsog6wnVQAwba,3S2jpqSYxho6wiz3cafhjXruVY8cg4HYa2v3BqBHYFSj,Dfe67M6TfrG74gKRtdqys4e6E9QirPD53BkF4FujFjuv,24831.047083956004,24865.466243306993,24797.48393742154,0.9986483394590255,2.4797483937421543,1.0,19543.20568644,7296.180562673,26812.970469142492
SRMuKizofcAMicegrfSv7xs9q76tH1w8aAF7oX9FEWu,72Hj2KWntXPfbie4UgKeTPnm1XVkomDfCnRPKbvfTtPi,6aqJQ5wedqpUt4fFEDUqUmXhrdxCu4bEJsQdVPCADLko,0.5451460000003863,0.41245100000014645,0.022070775827385317,0.040485990592189394,8.828310330954127e-06,0.04008061012307954,16769.33793,5121.804473,884.2083058801827
KwnjUuZhTMTSGAaavkLEmSyfobY16JNH4poL9oeeEvE,J63v6qEZmQpDqCD8bd4PXu2Pq5ZbyXrFcSa3Xt1HdAPQ,BnKQtTdLw9qPCDgZkWX3sURkBAoKCUYL1yahh6Mw7mRK,1067.729098000001,47296.159856000275,23.64669068522067,0.022146713739949652,0.0023646690685220667,1.0,276366.325184,601.200999,6721.806890211887
DFWzVTzNBrQZLjoQ4yQwkj9HuoXmfkuZP9V5vbymZe23,DhgiEgiNdqZdRdo195UUHnoEJUtefK8buko8nU97XJUZ,2K2kkXsouBHtWVjtcgkyiXd8eP3oVBvq1bTJzcVdLLr2,3311.7236871070054,3334.5763957869967,3285.182898154158,0.9919858081590036,1.3140731592616632,1.0,40754.923132368,27214.579642945,67642.88500286514
heyk4SZTeCUV6a65WiVA5bzic3KcxgVf1qxobfeV4tQ,9ZDpBKPqMABtGfq66FbVribaArMvtk63xxy91onZAtDt,DaTP4s6N7xxSPinbNZ3FB52EpRDRt87QShTuN3VPCW52,62.16138512399766,53.81644689000029,11820.711250951315,190.16164500471982,4.728284500380526,167.42381295679493,611.723454742,4490.394555532,868125.3166093088
KEVpg4SYCVrqFxKijQH6hm4QxsRdoE51ud64bEEFUC9,2bPenuBYfqzD8p5dFjCcggwkHDsc2RQDnx9AoyYGUBjA,AE6n6iLuX8oYu61vt5hoDYkjswpnxFxrhSehxrnQTnbx,15377.773107797002,15400.160505811004,15357.841317389262,0.9987038571665728,6.143136526955706,1.0,5136.014925655,2404.758412486,7534.116329202738
AUSejoEUCh2DBs9mof6BNC8Pubs22w4cJa1ccV9h44R,4xkyD7AfGQDwsQMy9MosRRNGoVJ1zosNinesxg1TzHG7,Cbm5gsQe3nSiCsFrvepVzMCD9xLK3ri9g3ypS2hdmVJ7,5031.408753999993,5033.689566000003,5031.5496373898395,1.0000280007840219,0.5031549637389839,1.0,14372.184095,14508.371738,28880.958265422767
wrmcMSHFi3sWpAEy4rGDvQb3ezh3PhXoV2xNjgLBkKU,8p4mGnARWPBu6P2Gcw4adodLkNDorrXniZMhaY7eJXUn,AyY89zccbsgp9LKFgH4CFZMJmpSgqmPSdTfukhP227rc,0.009074989999998478,0.0643020500000081,3.403972243060194,375.0937734433608,0.0013615888972240778,3829.070301730739,27.10288356,0.09381563,10525.349508387588
ionytDfEj1mXodptgrsKEZro7DGsfpzANUfarJdm6Qb,3gkSjY95an9xNFSjCfsay6JZez7uv7yfW3Ad4ubc4fMK,9wXqANaSuEqkKL9yHzCPEDGHwbkStVAqV5rB3QDs3Jr6,0.0010304219999999198,0.00025643000000000193,0.9875447807110093,958.3886802796195,0.0003950179122844037,3829.2169251388095,3.168016692,0.080129136,3343.0231803176353
