0,1,2,3,4,5,6,7,8,9,10,11
C2ypsDADXcCRz8HbV2zX1AXPSja7a1P3xZtRC91xGhJh,J9bYNuDpY1d1T86gLaw7DGk5D3CsUAf2tzUwxMvb6FTv,A2NGvvPrMGzsJ4jb52KEnSBVmsA7C34dV1GC7PerdgvG,1248.0185913429984,1257.712494219998,214352.57920759404,171.75431575656918,85.74103168303762,173.22667420549152,3824.036917765,1980.509339191,999871.89029956
DA1mL7dfBow33EH5yjUuZE6SH2KeUK5zEXzsyhE5r5j5,B4UtLRZND3D83CitRCBUyeiNr7H8m7YFRqBmiPmXjhW4,AAmpYbuixWiSqDaJBCqYEs1pb5SrbdPr9mgXrB58Q2e,236.8568868210001,237.67713175200015,235.91611234400028,0.9960280889881374,0.09436644493760012,0.9999564568960845,2017.885335097,990.667332699,3000.494670082239
GokA1R67GqSavkd15zR62QD68Tuc5AEfvjssntVDEbM8,3YB7hfpBdbQEuZqLGWVDpRPmeZWCUsrrWyqGXegnQ6Cg,4DPCj6Z1DsG6HUtwSogBGqXEUxdEV5a8YVrrFtcnz7UW,15202.615173000002,15203.138866,15203.420954310579,1.0000530028091488,1.520342095431058,1.0,16897.452773,15542.420549,32440.76893446443
MATgk4zXLXtYkwBH678J1xZbRDZ45LicNzkRBHkxTuY,y8dALFo1bJrSzPYjMX14HJX448pXqYmrfXHD1K8MXih,GN7Yuet3UyiWS5YVkEHv6oQKi4HGBJc3XDPt9zQhAqZz,440.03976000000057,439.4104320000006,440.82796039318356,1.0017912026703746,0.17633118415727342,1.0,3257.078938,4822.516462,8085.429488491366
SRMuKizofcAMicegrfSv7xs9q76tH1w8aAF7oX9FEWu,72Hj2KWntXPfbie4UgKeTPnm1XVkomDfCnRPKbvfTtPi,6aqJQ5wedqpUt4fFEDUqUmXhrdxCu4bEJsQdVPCADLko,0.022001999999702093,0.022001999999702093,0.0009780609747670802,0.04445327582857572,3.9122438990683206e-07,0.044450501566124526,16769.751918,5121.302014,973.1148507815444
ercAoEmXjQzEvAFbdjAo81KtMxRGn9AW1ju882upmPH,CMRhskR2Eg6V42RTSdRTXGdozyPbWB8U9dVpijPWb9T4,7TKLLgrWswt6ZJ1pXhVR3FyufHGjJFqiEXxvWJfDcgRm,0.9731510340000114,0.8651297310000032,166.99231130910084,171.59958266981494,0.06679692452364033,152.38139356136801,37.642785003,310.641329256,53795.44484682941
KEnkcdADoLR5jS2CLLLesy8TtFsyWL37BhXNfDMzWzP,3qsjFRuw1qeLMPo4DLwaQevenGAGBj9dA3Q6rb8ax2YR,77iEv8zPQAEyCcEbvBRSB6AFcUdfkhiqnAKtPxk76rNN,0.012417000000000011,1.6110589999999974,9.141794780879648e-05,0.00736232164039594,3.656717912351859e-08,0.9977869086366439,122.007802,0.27603,1.1736798013527159
4vezWG46exH6pf9nry3n1VJ7hZHvjBJNgNeF4qEFCML5,,,0.35122499999999945,0.34994499999999995,0.0,0.0,0.0,0.9977869086366439,122.007802,0.27603,0.2754191203909728
YAkoNb6HKmSxQN9L8hiBE5tPJRsniSSMzND1boHmZxe,CfWX7o2TswwbxusJ4hCaPobu2jLCb1hfXuXJQjVq3jQF,EnTrdMMpdhugeH6Ban6gYZWXughWxKtVGfCwFn78ZmY3,3980082.076690005,3978558.544066991,3980082.076690005,1.0,398.0082076690005,0.9981135653614669,276649.566353,1219220.108672,1493569.695980005
MATSnbbiTCv7Dc3trJrkrqjx7ckKdr6fwPoVwv9q3sD,631WX9JizSHJm4w6VanZeJAst9T8DeUUnPLesdGkCVtK,211maUSfpnXbPuW1iBu8b4dtJv5EbN1j7JJiEX5TZKEP,1666.6615190000048,1665.607215,1666.394895816674,0.9998400255959047,0.6665579583266696,0.9981902810205098,20981.116407,24587.547002,45520.81041693691
C98Sspw7XqnMsgxea3SLQVdbMDL8pKUc3RE82UvX9eq2,CSqgQJurPCzGxb4Cgwx5R61hWQUiaoUHcShNc8r1cKEL,6S2CR5EnukPhC914XkAns8m5GixjMAoUuZMsS5ubHuWc,20.4207439999999,20.41252300000008,0.0,0.0,0.0,1.0,858.830206,905.175734,905.175734
FrnkTEL6yZ5Aycq2TrEgu29dCrwKG4LPUZydfiwqspkc,DjvZuMZ46fxKBoBpGMPcRcos4xdTtHFxwMh69DpA2ZFY,9rvDPJLAng4uVVqnnSoEXgNDFhBZQTny9AoQioYDZbQX,57.478346481997505,47.782353985999606,11863.7541321021,206.40388699799993,4.745501652840841,171.54215193797174,170.88247169,1441.437102392,282538.0288041999
HEDSDjj84KS7LKhZY7ejkCACTdPen62rKhCby1wXtgxc,EnnjMSFttpCTywBrYNt1J5QQeoSVkvzPipJDa8Y7kJow,6bjVT6JN2rSvpyn9PdfLYC8wJn4LWh49jpY47fnLDXZk,44.17716585500057,45.61682976999873,42.773466233345566,0.9682256750860329,0.017109386493338225,0.9999562459145038,38823.016614028,9064.929274191,46653.97411649405
BSCrK1Nx9PXU9mF7STWWBqeHLxmtJDr9h7jheEy4tAWX,FfSySSbVJPvEo5a5AvrP3nySoXpRE2QPn1uUMpJJ1x7v,HL7Vcj6838ZmvBHDbQxXfjBNckNi83WvPiZQoMQLFeRM,0.10438890099999998,0.10424958400000006,394.01107802173317,3774.4537421821624,0.15760443120869327,3765.7691583505934,0.837700047,0.966856599,6802.81883828727
parEAJhzYzHW87y9VoZAQ22dzQ2MD2ekEtTReaxbMcz,3oyc6hpjYSJEquK6dSvG72NXyz3pqLZz5D8AC71pwgQb,Di2vordgFJVZ1aj1aBpvzXtLfZgJsuLLXawGtVFwX6Rz,3.5037345600000265,4.153376203000107,569.9179216980199,162.6601307657323,0.22796716867920794,198.42376132478816,1104.410968586,139.012075033,207226.93136691937
SoNcU2iwHMw6dGzsYNQkYFkUjwN1UdAjrWVRnStrZu2,8ivTTid27jZnYNc4w3CTA1Z6QS2twsFb8WMwUabeDJgc,CyXm53PMvHCbeXJBykU46Rcbo28xk5srhMZFg7gv6EYB,6.603254472999996,6.525110027000007,1344.851223394743,203.66490931005254,0.5379404893578973,190.7909774183615,8.022413627,22.529403313,5932.291022530427
KZMu9QBEdL97EFgamLbN5DE1AoKBG4HdrKKJo4Vuon3,DD4ACBWyVqdaKWh7v5btsgqQCCMwbKnuL2xd9pv7Gyuw,GcYqiJ1MAuYbNTNYXm1F1gQYTfTgkErACAhNU5dpVj9T,56.01022232999958,55.84301001999961,56.20347855303899,1.0034503741460048,0.022481391421215597,1.0,1426.12613122,1662.15330025,3093.2001002021034
MAR3XM1n9xWPQ3HJjAcC85o8DopWFP5p2WxGTaZ3fPB,6qG7GUhER8Cg9gDEgnebph9LdS6eu2eoWcA4R7z9uizK,4QV4CwRXVMY227KkFF9voNAfwWHVvVajXSXDKbUHkWZR,0.2673060000000014,0.006149000000000002,0.2563862530944554,0.9591488896412879,0.00010255450123778218,0.022321165500549457,0.115033,24.146261,0.649306462222569
BUSDgu5JdqP1rndBvXvanbEufS94FNh1w5FJcAj6vawb,Bgzr8cWubt89JQFXndVjtdKmDbGzuPxNhvjH1EhWCwbo,Dxaf8xPBBQsasRKW5Aa4Sw2YrbfGofY9xZueyyF23FBW,6102.195397549999,6096.952559090002,6109.375869196582,1.0011767030025729,2.4437503476786335,1.0,6945.91012407,8186.87687278,15140.960270148595
STK75uPSyBnEhGTTzb1nwmP3n427XoXmfRhXxxhyady,6TYyD5fUmDe6N65avW1Ny2RxzRNobw2RRgKwH9CTzSAU,54zDfk4cx2vGrEajPtodWpArNe5eUurytyxd4X3aZAxK,563.595741008,636.9542219700077,96474.02259967275,171.17592554395003,9.647402259967276,193.60072174349068,1597.958266752,277.042119886,327167.5396551561
daob129AwBGn9Y5r91uLoWZeYiGzbPmksauMhFZKTze,6VW5GQNyj4LStgmxEHLr5zUfW92vQnmbw8jTnCH7a38F,4VPCCUifPeBA1c7HWK358CHn2nyjm8pdTRk6Ps3KmnMQ,26.60175599200015,23.617400077000028,5099.595815080187,191.70147326416233,2.0398383260320747,171.17950036469793,48.086626911,224.446782765,47638.96535531941
WiiQFxXqp8P9Fs1rt9SVcDyA3KUdJmUsog6wnVQAwba,3S2jpqSYxho6wiz3cafhjXruVY8cg4HYa2v3BqBHYFSj,Dfe67M6TfrG74gKRtdqys4e6E9QirPD53BkF4FujFjuv,808.6618490460005,811.0499229900015,806.1170608208992,0.9968530873218472,0.08061170608208992,0.9999564568960845,21699.571999247,5136.978550543,26768.040211564243
heyk4SZTeCUV6a65WiVA5bzic3KcxgVf1qxobfeV4tQ,9ZDpBKPqMABtGfq66FbVribaArMvtk63xxy91onZAtDt,DaTP4s6N7xxSPinbNZ3FB52EpRDRt87QShTuN3VPCW52,57.68970060100037,49.736222041999895,11160.291480894672,193.45379443174207,4.464116592357869,171.2914208349292,613.11566504,4488.681093311,887482.1139756535
7dwD9TF6uikvHXxPFK9AsSim54yJoujQjY9vU6gNFumk,CquVr6atkvwueDYficKjn6SSEWq4F4rH4VSiBbW4GBWU,8BCa6ge3b7ho3TfZuM64Vk1hgbrJ3J7EPiAb9uP86CGd,0.0004238880000000003,0.0004226960000000002,0.08616467900258365,203.27227711702994,3.446587160103346e-05,203.80221565616773,0.00369969,0.003811699,1.5288771125415033
BkwbeSfcX1h4thMDd7obGkHrPevf3QwgzJ4pCEqG18Lu,35yX27bmurdebhfAb8EPmjLETDiUaEUCn9zHaDPbakH2,2CxECn1ZJFoESyUnQysQU8rRgT3iJ5GRs2Mdd6gZjx5g,0.0695101800000053,0.047946890000000075,165.53984281973163,2381.5194093831865,0.06621593712789266,1683.5016835016834,0.92610553,21.9022468,39078.007655101464
DEDaBEWzMCXohXYXoLzB4jK1xqMsd3SS9izXp2xvg9pe,GC5zHpW5GuVdw3C7covC6viyGdLS8ZAaVGDKMeru7p78,F8juxtAFueW19vxkdDArUkjVWAv9QV6yy1wCXUWQiXvh,2327.100225520417,5520.742035029851,2327.100225520417,1.0,0.9308400902081669,0.0,38.1337582,8275234.23921236,38.1337582
AURHmCnNwiW4uA2Qj1XvEh4iKgRUZYXtiY7FKAapUV5Y,BKWm4TRnTeKwfWXRyuzjRHU7iZDkPuXBX5b5V5jSVfGJ,A5Ww74HVrkj9nPeC7pHKLfgeDMEhBCpW1efQdz3TGLEg,0.004597414000045319,0.003967584999884366,0.8795393977974886,191.3117673955007,0.0003518157591189954,171.39479196357246,290.087084777,1795.110527471,363169.6682948072
Dg3mAgpwDfVNnbGWcsxL8sUcSkEbjSJQhKAWNigG44Ju,EATxwd8YA2wV93VJcKMmH2Kn2Y9XfJVUB9hHVu3udwEy,GiGvrRi7NMHfHKanG2B8xyCEqe8jaafWins8bhrLVEaa,0.0009665320000000199,0.0009531600000000084,0.1991931142673233,206.09055289149165,7.967724570692933e-05,203.78859297426598,0.190825342,0.268885037,94.12300360055144
AUSejoEUCh2DBs9mof6BNC8Pubs22w4cJa1ccV9h44R,4xkyD7AfGQDwsQMy9MosRRNGoVJ1zosNinesxg1TzHG7,Cbm5gsQe3nSiCsFrvepVzMCD9xLK3ri9g3ypS2hdmVJ7,15.76954399999886,15.787059000000227,15.74952635200546,0.9987306133903808,0.0015749526352005461,1.0,14834.87867,14044.038303,28860.085776660977
RoBgmK8CvjdHvPrqdDyVw54VwjZv2TqJ493xnqJAQHx,ExiHJxM7qPAcy27NDHAF6G7vnW7muNHi2sVJpnaNynGQ,6rkPHSqZb7StM4HwS9EuVrmfkV7tRdc7dnsFhyB6cefE,0.3801419999999993,20.55240700000013,0.0,0.0,0.0,0.945167970525882,6229.792385,19.592044,18.517772465933785
ALLwa5WNZbvQsRKAqe1jdRGemdYQnW8E5k4msbRFcYtu,CGoM82Hbz7QVqTgvQatYtjvDWBvoUJp5qm21P8iMs9yb,3dxNNww8TivyN5FMy5dCNdi3Zcxv6e4kUfSPxfFwpdNq,12.36611302300001,12.364336309999999,46629.385456259464,3770.739064856712,18.651754182503787,3763.9831975790057,2.281616449,6.431827604,32812.67130644479
ALBpShJ9NLpE739pcHDF2LNVk5J4VYPvvKuV6jMPitZi,D6d156U1bPiJpDYRLextvDRccgFk7QzkQbJg42ceKEu5,GNcM8U5g8RwTZffwwm3kSQqUNPSwv5d2fbN9sLxPJqt2,95.30576000000292,95.41364600000088,94.8740829227046,0.9954706087302772,0.03794963316908184,0.9980567834426373,52963.388066,47361.850576,99993.31240225228
BSCuChvaSj9b5HUSqgDVRzcnr2sSn7cXaamt1jbKH6hn,GnKpRj5kBVPMJfiwZtEuD9GYApLzPdW5JFuZTcyX4BTc,3dmwD9okkomV9nDwyuh4UMhKdUR13QpuKxRo89ycZB5t,5.287125937999917,5.297822516999986,5.273138637195853,0.9973544604444669,0.0021092554548783416,0.9986597985503455,1683.726765743,1320.928569616,2998.4306592156277
SoN9GaFpSXfpyR5dth3x7PHPVhvJMpQqqDJfCSmPv1t,9kZ9iS68ViMPtoeqtnhAKuF2iqVyfHPdZHoUNdwCELr,BBhm5fJLjw3HRzjtKB8uMEYjGhY6EDm9co3cqpjrSzB9,1.4397325839999995,1.4071311529999997,294.8775547488609,204.81411480568465,0.11795102189954437,186.54777852376162,1.258011957,3.965134765,997.3456873460095
SAMyS8Jr2HJrkFwYVKbpUwsNStnQmvz3f8Tup8bWUWF,6jPzm5TFfquvgm25sTyN3MMGBfufRaFHMxobDWv6hMFW,Cj9ECoDmxsHTDzCY5ZA6RWrPbg9uFzEC1Qc2kso2vJG6,2255.1711283100303,51.37407480999991,2261.6079812497846,1.002854263633899,0.9046431924999139,0.02229172733267378,489.45854866,108555.87660584,2910.7535940525077
moFiBS1R4Lf3E3zzmBPnw3NF4RhWPkhREFviuzUaCAU,44ALBrpqi9PfZkBRTvbtRNtFJGsatfY4QydjtMbFWq8S,2ho8qEEie1UjVwWNBo9y4oAJZMyMLx8zPj9bxyUz6uWs,2529.0451253839965,2532.6943475580047,2524.252115854446,0.9981048145478136,1.0097008463417785,0.9999563049093444,36781.068678335,27645.085582129,64355.23935966825
vEnkoSUkpnbRrPgBz9DfcVxNz67zjwMYBZraAvDDNSf,DtfyjjsZ5yCjWKLKHvwsfXs5QVsmm1QkK6Sh9JZHoq1g,e5wrKCRv4GhHvEf1VD5Pq2KGaZDXP77nTL612Jyrxwy,3822.494404000002,3821.8835169999993,3814.1300168729995,0.9978117987253953,0.38141300168729997,0.9953140613989339,966.374872,984.724454,1944.3703449429313
DFWzVTzNBrQZLjoQ4yQwkj9HuoXmfkuZP9V5vbymZe23,DhgiEgiNdqZdRdo195UUHnoEJUtefK8buko8nU97XJUZ,2K2kkXsouBHtWVjtcgkyiXd8eP3oVBvq1bTJzcVdLLr2,14.060044013996958,14.128081574002863,14.002811512739916,0.9959294223261274,0.005601124605095966,0.9999564568960845,37727.536570436,30221.356637247,67794.00440795664
RajgMbScQbqqrdJfR2rxfHJiTiY5b6bJ2tTXiF4aPxy,725ZA3fhyBAKb5iopNRrcbSuQa3LXA1656Q3mBvYPxeg,GLA6i1dSZpUfk2f9Nj8uiG7xyDdAR2reff8oEiZH3617,8700.353641619979,8699.29407831002,8701.263967856295,1.0001046309464896,3.4805055871425186,1.0,90553.73538572,93442.53273357,184005.7428423316
Sid7E679i9ABqptiAVhkmQ27YHN8vaYT4fppPwmxFsJ,GP7KB8o1bv527HG8kTzzzf4wJ5aEGHvcMQvVhLziUfmT,9gYxhAZ1M9wu5pxr8SBoa5NDm21gi3s9vMHaYTME77sa,339.5039330000018,1038.5690269999868,2.493460620905791,0.0073444233734569955,0.0009973842483623164,0.02225998108613927,135779.744524,8766.652771,1192.3694541952955
KEVpg4SYCVrqFxKijQH6hm4QxsRdoE51ud64bEEFUC9,2bPenuBYfqzD8p5dFjCcggwkHDsc2RQDnx9AoyYGUBjA,AE6n6iLuX8oYu61vt5hoDYkjswpnxFxrhSehxrnQTnbx,89.4602073850001,89.70158534199982,89.20299474220172,0.9971248373962354,0.035681197896880686,0.9999564568960845,5892.368010122,1636.73367423,7512.0888997372185
KysFMBBoavfov2tLpvefWW6tPFt6rAeZWDJVy1mMQae,B8ka2V21TH3x64dFV8ETcjuQcwmrciJ2qzy1mJUttRew,7fSf7EYxBANyxzk2s5pymFgshA91tFYQNKKs5UnLWcYS,20.552407000010135,16.100222999999914,0.0,0.0,0.0,0.02232261346372359,134019.461358,2985.502259,66.64421292273059
BUSDTd9WiT6uBHJRgNvFXBsA7JrifsAtWzKfioN7ERcy,DyBxrn7gSc1EwnpWhDyhzvMHPtxpmBqRqotapLcKcfTM,Cds99GeBgoCpqBsoRWu1C6fF9LiUMd4pXQQD24s9LPff,189.30101108999997,189.05812313,188.98301315342698,0.9983201466556255,0.018898301315342696,0.9985780248925529,101.05647554,84.23439248,185.00132875229593
KwnjUuZhTMTSGAaavkLEmSyfobY16JNH4poL9oeeEvE,J63v6qEZmQpDqCD8bd4PXu2Pq5ZbyXrFcSa3Xt1HdAPQ,BnKQtTdLw9qPCDgZkWX3sURkBAoKCUYL1yahh6Mw7mRK,1333.7651160000005,57767.740626999934,29.773123135866467,0.02232261346372359,0.0029773123135866464,1.0,276526.540276,597.217988,6770.013059041941
Lid8SLUxQ9RmF7XMqUA8c24RitTwzja8VSKngJxRcUa,4PgzyzLtds9bKZ2to9PMnKqJzKEUpjvNUaeN23phegax,AtymwxoVN9peZo7EXTcDz9jKVc4vRmisJKKrNfe3ewBa,41.67763742399893,35.16059217499992,8458.481665992993,202.95012358647776,0.8458481665992993,170.9410767817744,958.549390117,7661.421085125,1504189.2871578461
SERgf3DMJpQxUifu7VoFKmfne73d2fDJxSrxUMrcNJB,AJfM2GZ2tTB8UtN2krcyR9xufRJEx2mhSCbJyMgPo3GU,F4yRYkufQvERZcEKnKjJwRLU1btiMBUuEwq46hfm11QD,6.550100000168868e-05,5.5770000031429845e-06,0.01119063841390049,170.84683308059394,4.476255365560196e-06,171.12794363593147,29.284858487,27.960816133,9788.102296939971
Lee1XZJfJ9Hm2K1qTyeCz1LXNc1YBZaKZszvNY4KCDw,9DgFSWkPDGijNKcLGbr3p5xoJbHsPgXUTr6QvGBJ5vGN,2hNHZg7XBhuhHVZ3JDEi4buq2fPQwuWBdQ9xkH7t1GQX,1525.768945174852,1283.3112424879873,308168.7892009973,201.97605291126263,30.81687892009973,170.4521242595986,6669.262164909,53917.970402795,10537463.838821316
BUSD5rCfUDpCxKGMvYU2yThChxgHoioK74PTPociGnv2,CcFHbafgYDZ8yA8Me1PdtDiVb2eeaS61LbqyKKK5CsNZ,26R9s4nmF3CFDTkiePDwRmtscn8i7r2eygbSijditJ58,164.27308121000002,164.30682716,164.1190800712152,0.9990625296752792,0.01641190800712152,1.0,80.90044183,67.14176042,147.96636048652758
KEN5P7p3asnb23Sw6yAmJRGvijfAzso3RqfyLAQhznt,9zj4aX38Uxf3h6AUjS4EipWS8mwbEofasHAf3a1uKGds,CwQDG1MWunn9cLNwcZLd8YBacweSR7ARo32w4mLua1Yr,76110.1802869991,76120.57090599905,75965.01115069013,0.9980926449554901,7.596501115069013,1.0,1148561.210613,1078147.285995,2224517.782589009
NorjjEePhxfwLF4vZjUHCrVVKLzQjEEGQFd3wgjEJmh,34M8pFVqgbV7aqHxvRT5tCv3vu2P1JJYT8J3VaxBK2oG,3AZWBSze3ucsY3xSeuLne3b2pauVqiaJ1SZSV5T9WGWw,1.8613869999994677,3.267672000001312,1.0540822613486887,0.5662886123890357,0.00042163290453947546,1.0,38237.245723,2130.660317,23783.97713905626
BSC8REUo9LpiiWUuqMuLXs2D2yJsJfGd4HdiF3wCLxk5,AZjEH1zWVx1UJ6udMyRijGTzPteuLnaY18yNNmprJEsh,Caf8ypkSVR8xYnXNhjvfvdGCC7mrM3C11rz8Xi6NA6aK,25.379322241000864,25.38323290999915,25.344979160613754,0.9986468086081657,0.010137991664245501,0.9999563429060252,3363.392603521,2856.284702881,6215.001295393864
wrmcMSHFi3sWpAEy4rGDvQb3ezh3PhXoV2xNjgLBkKU,8p4mGnARWPBu6P2Gcw4adodLkNDorrXniZMhaY7eJXUn,AyY89zccbsgp9LKFgH4CFZMJmpSgqmPSdTfukhP227rc,0.012851550000000503,0.1005530200000057,4.681803278688708,364.29872495446267,0.0018727213114754834,3745.3183520599255,27.10704206,0.09338361,10224.812208059599
B2izdXFYb2sNwbWWHmh75T4aQFtfXsUxem9u2p61HGzf,4DYwgJtxwuJdAjkj5RJSNH4e7U329V5cNp7d3a1nLrZv,EXNW64GEf1ACC6xY9BtKRiunrs6GoJSXBdxWN2eTPmrF,4020.243650999997,3958.2799619999987,3976.5178606047866,0.9891235969281778,0.3976517860604787,1.0,8986.901844,30768.4103,39657.566977177754
MARpDPs5A7XiyCWPNH8GsMWPLxmwNn9SBmKvPa9LzgA,6YjT74rmcfCpw8LSjPNx5JTmZoYLGrTKnf9arfSgZ4SR,F8GSmi3vA8M8TsybLya1LQ4n1aFHCRbZ6k437PeTdXtg,34043.18176299997,35136.233344000124,31840.786407948577,0.935305830977142,12.73631456317943,1.0,293903.462657,18398.035914,293287.6582814648
Cob4usZcpHEY7Qt4ZCwj6WVg9S44zvzYV2v9qYF65dTf,NhFM9UXE48PyNAyeyPYA3iXztqKVJwA4bTdLj4ysM8w,6TuFuynuBoeskxyR2cz4wxyidk8dpDK7kAWw3UkjQGx,8.112005999999951,1095.013839000021,0.05949904438165507,0.007334689395157675,2.379961775266203e-05,1.0,73733.079315,165.491961,706.3011959240503
JSoLLrxK5bYdHwTEWYaGgmeycBCNXKDiBCTw5hXGBg7,xG4wXczA7Dk4hccJ61CHKpDHW4NrNfQwgmWgkb9BuF2,BVR6WgfhsRr9Lob4QDnkEAiNGgAbv7ZieKcY9kSg3QYR,5.639381492000041,4.809016060999994,1061.5164469331403,188.23277844192575,0.42460657877325614,170.01812053128623,20.577825283,160.671809252,31190.54025869796
