0,1,2,3,4,5,6,7,8,9,10,11
Sid7E679i9ABqptiAVhkmQ27YHN8vaYT4fppPwmxFsJ,GP7KB8o1bv527HG8kTzzzf4wJ5aEGHvcMQvVhLziUfmT,9gYxhAZ1M9wu5pxr8SBoa5NDm21gi3s9vMHaYTME77sa,569.5761569999922,1365.204128999987,4.021482059368783,0.007060481745848145,0.001608592823747513,0.02159124495744571,136257.701485,8611.875483,1147.9861271625423
MATSnbbiTCv7Dc3trJrkrqjx7ckKdr6fwPoVwv9q3sD,631WX9JizSHJm4w6VanZeJAst9T8DeUUnPLesdGkCVtK,211maUSfpnXbPuW1iBu8b4dtJv5EbN1j7JJiEX5TZKEP,8751.774117999998,8755.707911000001,8741.939436134346,0.9988762642027719,3.4967757744537384,0.9993414339949973,25943.898716,19629.275071,45531.09252602856
SoNcU2iwHMw6dGzsYNQkYFkUjwN1UdAjrWVRnStrZu2,8ivTTid27jZnYNc4w3CTA1Z6QS2twsFb8WMwUabeDJgc,CyXm53PMvHCbeXJBykU46Rcbo28xk5srhMZFg7gv6EYB,27.264896672999996,26.29631441099999,5423.511228690035,198.91919245968953,2.169404491476014,196.14577475521497,13.398969924,17.004150984,6000.604645885078
NorjjEePhxfwLF4vZjUHCrVVKLzQjEEGQFd3wgjEJmh,34M8pFVqgbV7aqHxvRT5tCv3vu2P1JJYT8J3VaxBK2oG,3AZWBSze3ucsY3xSeuLne3b2pauVqiaJ1SZSV5T9WGWw,0.4571259999997892,0.8081089999977848,0.25881878676310865,0.5661869741892345,0.00010352751470524346,1.0,38238.053832,2130.203191,23780.09118902514
daob129AwBGn9Y5r91uLoWZeYiGzbPmksauMhFZKTze,6VW5GQNyj4LStgmxEHLr5zUfW92vQnmbw8jTnCH7a38F,4VPCCUifPeBA1c7HWK358CHn2nyjm8pdTRk6Ps3KmnMQ,18.38610792,16.42718636199998,3429.017629329212,186.5004624278966,1.371607051731685,163.98894583313927,48.127141369,224.410998151,45776.657140796306
KZMu9QBEdL97EFgamLbN5DE1AoKBG4HdrKKJo4Vuon3,DD4ACBWyVqdaKWh7v5btsgqQCCMwbKnuL2xd9pv7Gyuw,GcYqiJ1MAuYbNTNYXm1F1gQYTfTgkErACAhNU5dpVj9T,32.148341759999994,32.0898400399999,32.23225230474747,1.0026101049122191,0.012892900921898988,1.0,1458.24475733,1629.96826655,3092.0191956843246
BkwbeSfcX1h4thMDd7obGkHrPevf3QwgzJ4pCEqG18Lu,35yX27bmurdebhfAb8EPmjLETDiUaEUCn9zHaDPbakH2,2CxECn1ZJFoESyUnQysQU8rRgT3iJ5GRs2Mdd6gZjx5g,0.034926979999998053,0.02375826000000003,77.17816815821027,2209.700585570655,0.030871267263284107,1610.3059581320451,0.91659337,21.91628982,37317.328983713865
TETFuZgEmET6d9vYmz9iMFCxK1jKdKYxf3oPz8hSzJK,Eu1Ze6Z84LWNkq7SNoAHBJbXx5t1P95EwyqYohrfCRFV,ASMbv7WNu3qe4pkhREmvyEdwFNDZQ6B6iSrjkj4u8bdC,16.363595341,16.427998778999978,15.386817689327653,0.940307882753311,0.0061547270757310625,0.9462519433649286,213.091835778,38.608110332,236.90493236373
BSC8REUo9LpiiWUuqMuLXs2D2yJsJfGd4HdiF3wCLxk5,AZjEH1zWVx1UJ6udMyRijGTzPteuLnaY18yNNmprJEsh,Caf8ypkSVR8xYnXNhjvfvdGCC7mrM3C11rz8Xi6NA6aK,1482.1056919389994,1487.1262604730005,1478.6408652528546,0.9976622269889458,0.5914563461011418,0.9992384593860942,3534.565738966,2685.958600942,6210.215860955762
WiiQFxXqp8P9Fs1rt9SVcDyA3KUdJmUsog6wnVQAwba,3S2jpqSYxho6wiz3cafhjXruVY8cg4HYa2v3BqBHYFSj,Dfe67M6TfrG74gKRtdqys4e6E9QirPD53BkF4FujFjuv,12311.868784134002,12313.332625174997,12281.727165831253,0.9975518242736966,1.228172716583125,0.9990055139869584,21060.776710222,5775.199294541,26778.672167522986
SoN9GaFpSXfpyR5dth3x7PHPVhvJMpQqqDJfCSmPv1t,9kZ9iS68ViMPtoeqtnhAKuF2iqVyfHPdZHoUNdwCELr,BBhm5fJLjw3HRzjtKB8uMEYjGhY6EDm9co3cqpjrSzB9,4.739779979,4.536431092,952.7404678816077,201.00942915131205,0.3810961871526431,196.37850542996387,1.955223686,3.240226922,1029.3293171822763
Lid8SLUxQ9RmF7XMqUA8c24RitTwzja8VSKngJxRcUa,4PgzyzLtds9bKZ2to9PMnKqJzKEUpjvNUaeN23phegax,AtymwxoVN9peZo7EXTcDz9jKVc4vRmisJKKrNfe3ewBa,38.302012963999005,32.30711489400028,7564.858430818563,197.50550546596486,0.7564858430818563,167.00161624164198,958.04046425,7662.031233223,1468789.8657907262
HEDSDjj84KS7LKhZY7ejkCACTdPen62rKhCby1wXtgxc,EnnjMSFttpCTywBrYNt1J5QQeoSVkvzPipJDa8Y7kJow,6bjVT6JN2rSvpyn9PdfLYC8wJn4LWh49jpY47fnLDXZk,5.212280582998574,5.383187111001462,5.0366293239696525,0.9663004981731297,0.002014651729587861,0.9999371989442203,38828.399801139,9059.716993608,46579.0501049218
ALBpShJ9NLpE739pcHDF2LNVk5J4VYPvvKuV6jMPitZi,D6d156U1bPiJpDYRLextvDRccgFk7QzkQbJg42ceKEu5,GNcM8U5g8RwTZffwwm3kSQqUNPSwv5d2fbN9sLxPJqt2,5674.479368999993,5681.019215,5360.291257247678,0.9446313764979493,2.1441165028990716,0.9967068804669372,53489.720075,46838.218163,97212.0422148108
7dwD9TF6uikvHXxPFK9AsSim54yJoujQjY9vU6gNFumk,CquVr6atkvwueDYficKjn6SSEWq4F4rH4VSiBbW4GBWU,8BCa6ge3b7ho3TfZuM64Vk1hgbrJ3J7EPiAb9uP86CGd,0.0020775940000000003,0.0020830720000000013,0.4115244612739825,198.07742093690223,0.00016460978450959303,198.47105835485755,0.003957816,0.003554791,1.489477117823129
AURHmCnNwiW4uA2Qj1XvEh4iKgRUZYXtiY7FKAapUV5Y,BKWm4TRnTeKwfWXRyuzjRHU7iZDkPuXBX5b5V5jSVfGJ,A5Ww74HVrkj9nPeC7pHKLfgeDMEhBCpW1efQdz3TGLEg,0.008761227999855237,0.009321852000084618,1.6321570346923053,186.29318112932043,0.0006528628138769222,167.072457821305,290.069621607,1795.130079152,353954.78699102474
BSCrK1Nx9PXU9mF7STWWBqeHLxmtJDr9h7jheEy4tAWX,FfSySSbVJPvEo5a5AvrP3nySoXpRE2QPn1uUMpJJ1x7v,HL7Vcj6838ZmvBHDbQxXfjBNckNi83WvPiZQoMQLFeRM,0.06270490800000006,0.06269665600000007,234.40824215055554,3738.275832420571,0.09376329686022222,3728.9778871611293,0.890068846,0.914504175,6737.488702483799
STK75uPSyBnEhGTTzb1nwmP3n427XoXmfRhXxxhyady,6TYyD5fUmDe6N65avW1Ny2RxzRNobw2RRgKwH9CTzSAU,54zDfk4cx2vGrEajPtodWpArNe5eUurytyxd4X3aZAxK,307.0329136259998,346.9855760889947,51272.96346266147,166.9950066823052,5.127296346266147,188.85156342655299,1599.9980813,277.052266031,319513.4438691926
parEAJhzYzHW87y9VoZAQ22dzQ2MD2ekEtTReaxbMcz,3oyc6hpjYSJEquK6dSvG72NXyz3pqLZz5D8AC71pwgQb,Di2vordgFJVZ1aj1aBpvzXtLfZgJsuLLXawGtVFwX6Rz,4.3238310839999485,5.122861831000137,706.6002512745038,163.4199480847509,0.28264010050980154,190.16305531177707,1104.785285364,138.698903946,206919.36132174765
BSCuChvaSj9b5HUSqgDVRzcnr2sSn7cXaamt1jbKH6hn,GnKpRj5kBVPMJfiwZtEuD9GYApLzPdW5JFuZTcyX4BTc,3dmwD9okkomV9nDwyuh4UMhKdUR13QpuKxRo89ycZB5t,1161.188342348,1165.5361297600002,1158.8142321192738,0.9979554477580047,0.4635256928477095,0.9460344129478053,1736.982313577,1268.24022595,2933.2298601268703
ALLwa5WNZbvQsRKAqe1jdRGemdYQnW8E5k4msbRFcYtu,CGoM82Hbz7QVqTgvQatYtjvDWBvoUJp5qm21P8iMs9yb,3dxNNww8TivyN5FMy5dCNdi3Zcxv6e4kUfSPxfFwpdNq,3.0861637429999966,3.081103958000001,11525.427579639228,3734.5483063823426,4.610171031855692,3721.0409984297207,1.590950381,7.127387884,32462.78357897715
C2ypsDADXcCRz8HbV2zX1AXPSja7a1P3xZtRC91xGhJh,J9bYNuDpY1d1T86gLaw7DGk5D3CsUAf2tzUwxMvb6FTv,A2NGvvPrMGzsJ4jb52KEnSBVmsA7C34dV1GC7PerdgvG,1215.840411499001,1225.1767394339995,203056.36798025435,167.0090630808262,81.22254719210174,168.41058635682262,3210.239448382,1641.241450274,812541.5175331524
BUSDgu5JdqP1rndBvXvanbEufS94FNh1w5FJcAj6vawb,Bgzr8cWubt89JQFXndVjtdKmDbGzuPxNhvjH1EhWCwbo,Dxaf8xPBBQsasRKW5Aa4Sw2YrbfGofY9xZueyyF23FBW,4621.914168200005,4618.194000869998,4628.144344709636,1.0013479645624959,1.8512577378838548,1.0,7032.0875181,8102.4607346,15144.027257474769
KwnjUuZhTMTSGAaavkLEmSyfobY16JNH4poL9oeeEvE,J63v6qEZmQpDqCD8bd4PXu2Pq5ZbyXrFcSa3Xt1HdAPQ,BnKQtTdLw9qPCDgZkWX3sURkBAoKCUYL1yahh6Mw7mRK,261.6493980000024,9892.343550000049,5.732592700663004,0.02190944349378152,0.0005732592700663004,1.0,276809.114768,591.007595,6655.74125357318
BUSDTd9WiT6uBHJRgNvFXBsA7JrifsAtWzKfioN7ERcy,DyBxrn7gSc1EwnpWhDyhzvMHPtxpmBqRqotapLcKcfTM,Cds99GeBgoCpqBsoRWu1C6fF9LiUMd4pXQQD24s9LPff,131.77432870999996,132.27287268999999,131.40622832696135,0.9972065850257625,0.013140622832696137,0.9460227783364569,110.14535709,75.17720738,180.95702599336568
FrnkTEL6yZ5Aycq2TrEgu29dCrwKG4LPUZydfiwqspkc,DjvZuMZ46fxKBoBpGMPcRcos4xdTtHFxwMh69DpA2ZFY,9rvDPJLAng4uVVqnnSoEXgNDFhBZQTny9AoQioYDZbQX,42.36128414900054,35.20752773999993,8524.937533783877,201.24360498134268,3.4099750135135514,167.16473399159463,170.770583383,1441.598383166,275350.8980694192
B2izdXFYb2sNwbWWHmh75T4aQFtfXsUxem9u2p61HGzf,4DYwgJtxwuJdAjkj5RJSNH4e7U329V5cNp7d3a1nLrZv,EXNW64GEf1ACC6xY9BtKRiunrs6GoJSXBdxWN2eTPmrF,4544.053749000004,4482.156004000002,4356.430979571805,0.958710266253015,0.43564309795718054,1.0,9490.287779,30258.904605,39357.340928422826
BUSD5rCfUDpCxKGMvYU2yThChxgHoioK74PTPociGnv2,CcFHbafgYDZ8yA8Me1PdtDiVb2eeaS61LbqyKKK5CsNZ,26R9s4nmF3CFDTkiePDwRmtscn8i7r2eygbSijditJ58,3.6268511199999978,3.633025669999995,3.6243342011140345,0.999306031926129,0.00036243342011140346,1.0,84.5334675,63.5149093,147.98971327238138
C98Sspw7XqnMsgxea3SLQVdbMDL8pKUc3RE82UvX9eq2,CSqgQJurPCzGxb4Cgwx5R61hWQUiaoUHcShNc8r1cKEL,6S2CR5EnukPhC914XkAns8m5GixjMAoUuZMsS5ubHuWc,9.903472999999963,9.903637000000003,0.0,0.0,0.0,1.0,869.941211,894.064787,894.064787
DFWzVTzNBrQZLjoQ4yQwkj9HuoXmfkuZP9V5vbymZe23,DhgiEgiNdqZdRdo195UUHnoEJUtefK8buko8nU97XJUZ,2K2kkXsouBHtWVjtcgkyiXd8eP3oVBvq1bTJzcVdLLr2,0.4751328500024101,0.47743635599908885,0.47318939208347205,0.9959096536496514,0.00018927575683338883,0.9999371989442203,37728.014006792,30220.881504397,67792.67696352534
wrmcMSHFi3sWpAEy4rGDvQb3ezh3PhXoV2xNjgLBkKU,8p4mGnARWPBu6P2Gcw4adodLkNDorrXniZMhaY7eJXUn,AyY89zccbsgp9LKFgH4CFZMJmpSgqmPSdTfukhP227rc,0.011224399999999982,0.11290596999999991,4.052129963898911,361.01083032490976,0.0016208519855595643,3733.0147827385395,27.10950619,0.09315017,10134.55630097479
YAkoNb6HKmSxQN9L8hiBE5tPJRsniSSMzND1boHmZxe,CfWX7o2TswwbxusJ4hCaPobu2jLCb1hfXuXJQjVq3jQF,EnTrdMMpdhugeH6Ban6gYZWXughWxKtVGfCwFn78ZmY3,3392678.598661012,3391149.2909129863,3392678.598661012,1.0,339.2678598661012,0.9982102090950926,378100.529963,1107859.452708,1483977.1458986276
heyk4SZTeCUV6a65WiVA5bzic3KcxgVf1qxobfeV4tQ,9ZDpBKPqMABtGfq66FbVribaArMvtk63xxy91onZAtDt,DaTP4s6N7xxSPinbNZ3FB52EpRDRt87QShTuN3VPCW52,71.78782950699724,62.129860116000486,13708.184525685578,190.9541578262848,5.483273810274231,167.15411592773125,614.664307706,4486.933420203,867382.0943044996
KEVpg4SYCVrqFxKijQH6hm4QxsRdoE51ud64bEEFUC9,2bPenuBYfqzD8p5dFjCcggwkHDsc2RQDnx9AoyYGUBjA,AE6n6iLuX8oYu61vt5hoDYkjswpnxFxrhSehxrnQTnbx,591.3570353630003,593.5250114489991,589.2443398510793,0.9964273773954104,0.23569773594043175,0.9999371989442203,6115.589568263,1414.387880489,7508.039930167854
AUSejoEUCh2DBs9mof6BNC8Pubs22w4cJa1ccV9h44R,4xkyD7AfGQDwsQMy9MosRRNGoVJ1zosNinesxg1TzHG7,Cbm5gsQe3nSiCsFrvepVzMCD9xLK3ri9g3ypS2hdmVJ7,3776.483016999997,3780.028632999998,3772.2128720288606,0.9988692799750684,0.37722128720288606,1.0,14818.538776,14060.742723,28862.52588046575
Cob4usZcpHEY7Qt4ZCwj6WVg9S44zvzYV2v9qYF65dTf,NhFM9UXE48PyNAyeyPYA3iXztqKVJwA4bTdLj4ysM8w,6TuFuynuBoeskxyR2cz4wxyidk8dpDK7kAWw3UkjQGx,17.993426999999997,2526.395338000002,0.12704226287875112,0.007060481745848145,5.0816905151500454e-05,1.0,74311.571451,161.320356,685.9958497350756
MARpDPs5A7XiyCWPNH8GsMWPLxmwNn9SBmKvPa9LzgA,6YjT74rmcfCpw8LSjPNx5JTmZoYLGrTKnf9arfSgZ4SR,F8GSmi3vA8M8TsybLya1LQ4n1aFHCRbZ6k437PeTdXtg,30411.09748200003,31410.16684999999,27710.715925751476,0.9112040741756565,11.084286370300592,1.0,294605.290134,17739.448867,286184.98951080214
SUiuyGR7SFq3xeRVJonq84fjjeFwRSsFekcevJ53tzy,49GjCCPsv7fBqo6t3iKDrP1xxGDS8uWZbVCdfnp2gjMf,CEwj5xEbbJEjYqM8D6Ai8ByGz1mrh8mkAVsE5fzDSSSx,0.051920999999999884,6.806361000000038,0.0003665872727261807,0.007060481745848145,1.466349090904723e-07,0.9113211605128186,665.556272,1.502831,6.068709600265382
SAMyS8Jr2HJrkFwYVKbpUwsNStnQmvz3f8Tup8bWUWF,6jPzm5TFfquvgm25sTyN3MMGBfufRaFHMxobDWv6hMFW,Cj9ECoDmxsHTDzCY5ZA6RWrPbg9uFzEC1Qc2kso2vJG6,923.3211238600052,20.570794790000036,925.639406265786,1.0025108083697782,0.37025576250631437,0.021745627985878993,480.58663783,108960.02946398,2851.19756483679
SEQV6QiTpvTzrceiaYg9Avnwf7oc8ZALpnQMz6TyT4A,3dFMPj4r9mMmPHF32mz1gNDX7f8ftidWof7S8YiYTs1j,Fc1ED3YPeQfXQosHbd8DTaBd2AV5gHQtwiSAL5C5pUhi,457.7928821830001,459.54347955699996,430.77575057038314,0.9409839412885039,0.17231030022815327,0.9994023573902805,4724.296913108,827.724332586,5272.717178369224
BSCNHw8CmxbZ8hCWWzMf5FaG2ajPT6JxfznKUNuRVrn4,7n9kgNL633yGzCYksgnzHyjG73ZLBAwvEae5sbAekbzW,SscdxE99omdG9AiMVwmaEMQySQnCgeAh1sPj2Leutm2,462.0094606850016,461.1807598050018,463.0707428840901,1.0022971005777999,0.18522829715363606,0.9999371989442203,5023.023932458,6683.69197307,11717.834553793136
MATgk4zXLXtYkwBH678J1xZbRDZ45LicNzkRBHkxTuY,y8dALFo1bJrSzPYjMX14HJX448pXqYmrfXHD1K8MXih,GN7Yuet3UyiWS5YVkEHv6oQKi4HGBJc3XDPt9zQhAqZz,2834.747045000002,2829.5572869999987,2845.528753446812,1.0038034111247518,1.138211501378725,1.0,2518.276579,5564.149713,8092.00433315577
GokA1R67GqSavkd15zR62QD68Tuc5AEfvjssntVDEbM8,3YB7hfpBdbQEuZqLGWVDpRPmeZWCUsrrWyqGXegnQ6Cg,4DPCj6Z1DsG6HUtwSogBGqXEUxdEV5a8YVrrFtcnz7UW,9486.16795000001,9485.852376,9488.160463697386,1.000210044109263,0.9488160463697387,1.0,14214.476574,18226.488729,32443.950970070626
Lee1XZJfJ9Hm2K1qTyeCz1LXNc1YBZaKZszvNY4KCDw,9DgFSWkPDGijNKcLGbr3p5xoJbHsPgXUTr6QvGBJ5vGN,2hNHZg7XBhuhHVZ3JDEi4buq2fPQwuWBdQ9xkH7t1GQX,1065.0316031241455,895.8135480309929,211563.83607768425,198.64559460685157,21.156383607768426,167.14475638484612,6665.472108489,53922.666315192,10336957.595200296
KysFMBBoavfov2tLpvefWW6tPFt6rAeZWDJVy1mMQae,B8ka2V21TH3x64dFV8ETcjuQcwmrciJ2qzy1mJUttRew,7fSf7EYxBANyxzk2s5pymFgshA91tFYQNKKs5UnLWcYS,30.504048999999668,38.37521400002879,0.0,0.0,0.0,0.020800748960087354,134011.327524,2991.985868,62.235546932397064
CZgvH45CRmoaNJ7395Ao5CQZXkGznvqU7cErD6n7FaRg,4ZjU6MKvtqVQKCiowhvZ5yUsPxXX5SCzd5eFsPeXyey5,BsyWeshjDbCvjDojry3vKDCesmFRM37WtwcR4Kfgzqr,15.370908170000007,14.853359079999962,15.893295523518166,1.03398545796648,0.0063573182094072665,1.0,204.54073547,601.05684216,812.5489881977485
Dg3mAgpwDfVNnbGWcsxL8sUcSkEbjSJQhKAWNigG44Ju,EATxwd8YA2wV93VJcKMmH2Kn2Y9XfJVUB9hHVu3udwEy,GiGvrRi7NMHfHKanG2B8xyCEqe8jaafWins8bhrLVEaa,0.003287239999999969,0.0032455619999999796,0.6596803583325913,200.67909806786164,0.00026387214333303653,198.7613984692987,0.194070904,0.265597797,91.73656353801948
vEnkoSUkpnbRrPgBz9DfcVxNz67zjwMYBZraAvDDNSf,DtfyjjsZ5yCjWKLKHvwsfXs5QVsmm1QkK6Sh9JZHoq1g,e5wrKCRv4GhHvEf1VD5Pq2KGaZDXP77nTL612Jyrxwy,10654.633546999996,10653.649397000003,10085.31738085096,0.9465663306356193,1.008531738085096,0.9993893730930402,2724.524273,4230.506773,6806.866455555619
RoBgmK8CvjdHvPrqdDyVw54VwjZv2TqJ493xnqJAQHx,ExiHJxM7qPAcy27NDHAF6G7vnW7muNHi2sVJpnaNynGQ,6rkPHSqZb7StM4HwS9EuVrmfkV7tRdc7dnsFhyB6cefE,15.54624899999974,23.533052999999946,0.0,0.0,0.0,0.9606267897677876,6237.926219,19.445014,18.679401375809686
moFiBS1R4Lf3E3zzmBPnw3NF4RhWPkhREFviuzUaCAU,44ALBrpqi9PfZkBRTvbtRNtFJGsatfY4QydjtMbFWq8S,2ho8qEEie1UjVwWNBo9y4oAJZMyMLx8zPj9bxyUz6uWs,2969.829430773996,2977.047108093997,2963.0071896839504,0.997702817199078,1.1852028758735802,0.9999371989442203,39782.11424177,24651.302816259,64340.4821415653
JSoLLrxK5bYdHwTEWYaGgmeycBCNXKDiBCTw5hXGBg7,xG4wXczA7Dk4hccJ61CHKpDHW4NrNfQwgmWgkb9BuF2,BVR6WgfhsRr9Lob4QDnkEAiNGgAbv7ZieKcY9kSg3QYR,36.39465852600037,32.433603055000006,7158.759048799684,196.69806885769958,2.8635036195198738,167.29057687311496,16.975047899,164.820268291,30911.836903283216
KEN5P7p3asnb23Sw6yAmJRGvijfAzso3RqfyLAQhznt,9zj4aX38Uxf3h6AUjS4EipWS8mwbEofasHAf3a1uKGds,CwQDG1MWunn9cLNwcZLd8YBacweSR7ARo32w4mLua1Yr,71658.12719700183,71667.29335999954,71650.38895499469,0.9998920116627404,7.165038895499469,1.0,1147265.861694,1077869.48931,2225011.459671201
