0,1,2,3,4,5,6,7,8,9,10,11
wrmcMSHFi3sWpAEy4rGDvQb3ezh3PhXoV2xNjgLBkKU,8p4mGnARWPBu6P2Gcw4adodLkNDorrXniZMhaY7eJXUn,AyY89zccbsgp9LKFgH4CFZMJmpSgqmPSdTfukhP227rc,0.01813299999999997,0.1838949099999958,6.556766490450317,361.5930342717878,0.002622706596180127,3680.5299963194702,27.10271972,0.09380957,10145.42359689945
MAR3XM1n9xWPQ3HJjAcC85o8DopWFP5p2WxGTaZ3fPB,6qG7GUhER8Cg9gDEgnebph9LdS6eu2eoWcA4R7z9uizK,4QV4CwRXVMY227KkFF9voNAfwWHVvVajXSXDKbUHkWZR,0.2673060000000014,0.006149000000000002,0.2583153347732195,0.9663656437686328,0.0001033261339092878,0.021532270844960757,0.115033,24.146261,0.6310877708447501
DA1mL7dfBow33EH5yjUuZE6SH2KeUK5zEXzsyhE5r5j5,B4UtLRZND3D83CitRCBUyeiNr7H8m7YFRqBmiPmXjhW4,AAmpYbuixWiSqDaJBCqYEs1pb5SrbdPr9mgXrB58Q2e,236.8568868210001,237.67713175200015,235.91532587165966,0.9960247685343766,0.09436613034866387,0.9990662796485045,2017.885335097,990.667332699,2999.6061002678
BSC8REUo9LpiiWUuqMuLXs2D2yJsJfGd4HdiF3wCLxk5,AZjEH1zWVx1UJ6udMyRijGTzPteuLnaY18yNNmprJEsh,Caf8ypkSVR8xYnXNhjvfvdGCC7mrM3C11rz8Xi6NA6aK,1474.9166246359991,1479.9209400490004,1471.3142544015795,0.997557577035713,0.5885257017606319,0.9988868514804655,3527.360418542,2693.147668245,6208.894907357641
BSCrK1Nx9PXU9mF7STWWBqeHLxmtJDr9h7jheEy4tAWX,FfSySSbVJPvEo5a5AvrP3nySoXpRE2QPn1uUMpJJ1x7v,HL7Vcj6838ZmvBHDbQxXfjBNckNi83WvPiZQoMQLFeRM,0.15376558299999987,0.15362044200000002,566.579031146713,3684.693415084398,0.2266316124586852,3678.7698193724023,0.890068846,0.914479085,6643.788874173259
GokA1R67GqSavkd15zR62QD68Tuc5AEfvjssntVDEbM8,3YB7hfpBdbQEuZqLGWVDpRPmeZWCUsrrWyqGXegnQ6Cg,4DPCj6Z1DsG6HUtwSogBGqXEUxdEV5a8YVrrFtcnz7UW,13981.643606000007,13981.474096000002,13983.643266987187,1.0001430204519246,1.3983643266987187,1.0,15116.181637,17324.049725,32442.3932851291
WiiQFxXqp8P9Fs1rt9SVcDyA3KUdJmUsog6wnVQAwba,3S2jpqSYxho6wiz3cafhjXruVY8cg4HYa2v3BqBHYFSj,Dfe67M6TfrG74gKRtdqys4e6E9QirPD53BkF4FujFjuv,9541.083686643,9558.080106739002,9531.128946670295,0.9989566447271979,0.9531128946670295,0.9992676716977812,18687.345818732,8144.312321909,26806.196289430904
ALBpShJ9NLpE739pcHDF2LNVk5J4VYPvvKuV6jMPitZi,D6d156U1bPiJpDYRLextvDRccgFk7QzkQbJg42ceKEu5,GNcM8U5g8RwTZffwwm3kSQqUNPSwv5d2fbN9sLxPJqt2,5769.785128999996,5776.432861000001,5756.533588678857,0.9977032870332494,2.3026134354715433,0.9983577015808995,53489.720075,46838.218163,100128.1653726733
DEDaBEWzMCXohXYXoLzB4jK1xqMsd3SS9izXp2xvg9pe,GC5zHpW5GuVdw3C7covC6viyGdLS8ZAaVGDKMeru7p78,F8juxtAFueW19vxkdDArUkjVWAv9QV6yy1wCXUWQiXvh,2327.100225520417,5520.742035029851,2327.100225520417,1.0,0.9308400902081669,0.0,38.1337582,8275234.23921236,38.1337582
BkwbeSfcX1h4thMDd7obGkHrPevf3QwgzJ4pCEqG18Lu,35yX27bmurdebhfAb8EPmjLETDiUaEUCn9zHaDPbakH2,2CxECn1ZJFoESyUnQysQU8rRgT3iJ5GRs2Mdd6gZjx5g,0.0006960099999986369,0.0004737200000000108,1.6479460163339334,2367.7045104770923,0.0006591784065335735,1607.717041800643,0.92657925,21.90155079,37405.362316484825
Cob4usZcpHEY7Qt4ZCwj6WVg9S44zvzYV2v9qYF65dTf,NhFM9UXE48PyNAyeyPYA3iXztqKVJwA4bTdLj4ysM8w,6TuFuynuBoeskxyR2cz4wxyidk8dpDK7kAWw3UkjQGx,15.803878000002555,1919.0204430000354,0.11499469989966303,0.007276359631455295,4.5997879959865215e-05,1.0,73976.47526,163.716769,701.9962072592153
JSoLLrxK5bYdHwTEWYaGgmeycBCNXKDiBCTw5hXGBg7,xG4wXczA7Dk4hccJ61CHKpDHW4NrNfQwgmWgkb9BuF2,BVR6WgfhsRr9Lob4QDnkEAiNGgAbv7ZieKcY9kSg3QYR,26.944101605000306,24.060862131000025,4837.478395796003,179.53756509358843,1.9349913583184013,166.06702631249,25.049984054,155.762461907,30364.422002696363
SAMyS8Jr2HJrkFwYVKbpUwsNStnQmvz3f8Tup8bWUWF,6jPzm5TFfquvgm25sTyN3MMGBfufRaFHMxobDWv6hMFW,Cj9ECoDmxsHTDzCY5ZA6RWrPbg9uFzEC1Qc2kso2vJG6,1313.7618718100275,29.474964259999922,1312.350858414078,0.9989259747704463,0.5249403433656311,0.021879431336951184,484.77533539,108767.79806198,2864.032243817589
MATSnbbiTCv7Dc3trJrkrqjx7ckKdr6fwPoVwv9q3sD,631WX9JizSHJm4w6VanZeJAst9T8DeUUnPLesdGkCVtK,211maUSfpnXbPuW1iBu8b4dtJv5EbN1j7JJiEX5TZKEP,4429.066161000006,4429.9577640000025,4419.330376181279,0.9978018425408824,1.7677321504725116,0.9971054030150472,24236.795664,21333.109795,45454.8784105338
RoBgmK8CvjdHvPrqdDyVw54VwjZv2TqJ493xnqJAQHx,ExiHJxM7qPAcy27NDHAF6G7vnW7muNHi2sVJpnaNynGQ,6rkPHSqZb7StM4HwS9EuVrmfkV7tRdc7dnsFhyB6cefE,0.6586709999999982,35.67309699999987,0.0,0.0,0.0,0.9677431841847539,6214.671695,19.870573,19.2296115865956
SUiuyGR7SFq3xeRVJonq84fjjeFwRSsFekcevJ53tzy,49GjCCPsv7fBqo6t3iKDrP1xxGDS8uWZbVCdfnp2gjMf,CEwj5xEbbJEjYqM8D6Ai8ByGz1mrh8mkAVsE5fzDSSSx,0.051920999999999884,6.806361000000038,0.0003768415909091989,0.007257980218200723,1.5073663636367956e-07,0.9628234605415689,665.556272,1.502831,6.277555200304566
heyk4SZTeCUV6a65WiVA5bzic3KcxgVf1qxobfeV4tQ,9ZDpBKPqMABtGfq66FbVribaArMvtk63xxy91onZAtDt,DaTP4s6N7xxSPinbNZ3FB52EpRDRt87QShTuN3VPCW52,119.71574602200201,103.34630286000015,23037.55667407646,192.43547686569562,9.215022669630585,165.59935124798156,611.176680321,4490.961461756,861312.3804732449
CZgvH45CRmoaNJ7395Ao5CQZXkGznvqU7cErD6n7FaRg,4ZjU6MKvtqVQKCiowhvZ5yUsPxXX5SCzd5eFsPeXyey5,BsyWeshjDbCvjDojry3vKDCesmFRM37WtwcR4Kfgzqr,15.370908170000007,14.853359079999962,15.893295523518166,1.03398545796648,0.0063573182094072665,1.0,204.54073547,601.05684216,812.5489881977485
KEnkcdADoLR5jS2CLLLesy8TtFsyWL37BhXNfDMzWzP,3qsjFRuw1qeLMPo4DLwaQevenGAGBj9dA3Q6rb8ax2YR,77iEv8zPQAEyCcEbvBRSB6AFcUdfkhiqnAKtPxk76rNN,0.012417000000000011,1.6110589999999974,8.978524990820827e-05,0.007230832721930272,3.591409996328331e-08,0.9929342796658975,122.007802,0.27603,1.1562976562485674
BSCNHw8CmxbZ8hCWWzMf5FaG2ajPT6JxfznKUNuRVrn4,7n9kgNL633yGzCYksgnzHyjG73ZLBAwvEae5sbAekbzW,SscdxE99omdG9AiMVwmaEMQySQnCgeAh1sPj2Leutm2,440.90176668500135,440.12217284000144,441.897942962495,1.0022594064092407,0.176759177184998,0.993822066125108,5044.082519423,6662.58427907,11676.902425754135
MATgk4zXLXtYkwBH678J1xZbRDZ45LicNzkRBHkxTuY,y8dALFo1bJrSzPYjMX14HJX448pXqYmrfXHD1K8MXih,GN7Yuet3UyiWS5YVkEHv6oQKi4HGBJc3XDPt9zQhAqZz,1082.911243000001,1081.3744289999995,1085.6492504095338,1.0025283765656987,0.43425970016381354,1.0,2934.248548,5146.877875,8088.545308266699
vEnkoSUkpnbRrPgBz9DfcVxNz67zjwMYBZraAvDDNSf,DtfyjjsZ5yCjWKLKHvwsfXs5QVsmm1QkK6Sh9JZHoq1g,e5wrKCRv4GhHvEf1VD5Pq2KGaZDXP77nTL612Jyrxwy,7475.249523999999,7474.963559999997,7423.795199472455,0.9931167080961854,0.7423795199472456,0.996175681558497,3458.773426,3495.488576,6917.086393456426
B2izdXFYb2sNwbWWHmh75T4aQFtfXsUxem9u2p61HGzf,4DYwgJtxwuJdAjkj5RJSNH4e7U329V5cNp7d3a1nLrZv,EXNW64GEf1ACC6xY9BtKRiunrs6GoJSXBdxWN2eTPmrF,8956.531319000014,8824.46851199999,9045.89572284601,1.0099775683982057,0.9045895722846009,1.0,9356.125787,30394.605948,39844.08311998201
STK75uPSyBnEhGTTzb1nwmP3n427XoXmfRhXxxhyady,6TYyD5fUmDe6N65avW1Ny2RxzRNobw2RRgKwH9CTzSAU,54zDfk4cx2vGrEajPtodWpArNe5eUurytyxd4X3aZAxK,585.4123144260009,661.7515953319974,96531.91800566035,164.8956054166887,9.653191800566034,186.89852550146276,1599.042743603,277.392343415,315519.3412632385
SoNcU2iwHMw6dGzsYNQkYFkUjwN1UdAjrWVRnStrZu2,8ivTTid27jZnYNc4w3CTA1Z6QS2twsFb8WMwUabeDJgc,CyXm53PMvHCbeXJBykU46Rcbo28xk5srhMZFg7gv6EYB,24.344397044999987,23.432229312000004,4776.248839016119,196.19499428091592,1.9104995356064476,147.95468917235036,6.428377652,24.253835138,4849.6841557499265
HEDSDjj84KS7LKhZY7ejkCACTdPen62rKhCby1wXtgxc,EnnjMSFttpCTywBrYNt1J5QQeoSVkvzPipJDa8Y7kJow,6bjVT6JN2rSvpyn9PdfLYC8wJn4LWh49jpY47fnLDXZk,13.05329133899977,13.479716863999784,12.636850881117383,0.9680969000792793,0.005054740352446953,0.9936932515198916,38827.628757102,9060.463546081,46592.2285185622
Lid8SLUxQ9RmF7XMqUA8c24RitTwzja8VSKngJxRcUa,4PgzyzLtds9bKZ2to9PMnKqJzKEUpjvNUaeN23phegax,AtymwxoVN9peZo7EXTcDz9jKVc4vRmisJKKrNfe3ewBa,76.7021933329952,64.70237231800093,14990.6293329879,195.43938291187484,1.4990629332987901,165.81028418390417,957.818198733,7662.292638841,1457682.317648604
AURHmCnNwiW4uA2Qj1XvEh4iKgRUZYXtiY7FKAapUV5Y,BKWm4TRnTeKwfWXRyuzjRHU7iZDkPuXBX5b5V5jSVfGJ,A5Ww74HVrkj9nPeC7pHKLfgeDMEhBCpW1efQdz3TGLEg,0.012447044999930768,0.011145689000159109,2.3040359448171346,185.10706314871925,0.0009216143779268538,165.33377334161545,290.079925363,1795.118543086,350489.56538625626
KwnjUuZhTMTSGAaavkLEmSyfobY16JNH4poL9oeeEvE,J63v6qEZmQpDqCD8bd4PXu2Pq5ZbyXrFcSa3Xt1HdAPQ,BnKQtTdLw9qPCDgZkWX3sURkBAoKCUYL1yahh6Mw7mRK,282.26514900003394,9801.98054800024,6.08802698077447,0.021568468520971173,0.0006088026980774471,1.0,276935.046012,588.249515,6561.314337263526
SEQV6QiTpvTzrceiaYg9Avnwf7oc8ZALpnQMz6TyT4A,3dFMPj4r9mMmPHF32mz1gNDX7f8ftidWof7S8YiYTs1j,Fc1ED3YPeQfXQosHbd8DTaBd2AV5gHQtwiSAL5C5pUhi,457.7928821830001,459.54347955699996,454.58892895617157,0.9930013039705853,0.18183557158246866,0.9984035527192021,4724.296913108,827.724332586,5517.635909386448
RajgMbScQbqqrdJfR2rxfHJiTiY5b6bJ2tTXiF4aPxy,725ZA3fhyBAKb5iopNRrcbSuQa3LXA1656Q3mBvYPxeg,GLA6i1dSZpUfk2f9Nj8uiG7xyDdAR2reff8oEiZH3617,6545.10515453,6546.985461650009,6547.255076679529,1.0003284778622756,2.6189020306718116,1.0,90553.73538572,93442.53273357,184026.01301671058
ALLwa5WNZbvQsRKAqe1jdRGemdYQnW8E5k4msbRFcYtu,CGoM82Hbz7QVqTgvQatYtjvDWBvoUJp5qm21P8iMs9yb,3dxNNww8TivyN5FMy5dCNdi3Zcxv6e4kUfSPxfFwpdNq,20.756108546000007,20.742879761999998,75946.24422246618,3658.982802780827,30.378497688986474,3660.2417223633447,2.294973006,6.420706219,31898.603551621818
C98Sspw7XqnMsgxea3SLQVdbMDL8pKUc3RE82UvX9eq2,CSqgQJurPCzGxb4Cgwx5R61hWQUiaoUHcShNc8r1cKEL,6S2CR5EnukPhC914XkAns8m5GixjMAoUuZMsS5ubHuWc,16.87935200000004,16.87272500000006,0.0,0.0,0.0,1.0,862.668327,901.337314,901.337314
KysFMBBoavfov2tLpvefWW6tPFt6rAeZWDJVy1mMQae,B8ka2V21TH3x64dFV8ETcjuQcwmrciJ2qzy1mJUttRew,7fSf7EYxBANyxzk2s5pymFgshA91tFYQNKKs5UnLWcYS,32.5626270000098,31.22091300001057,0.0,0.0,0.0,0.021431536634747252,134034.582048,2973.492039,63.72650356695781
YAkoNb6HKmSxQN9L8hiBE5tPJRsniSSMzND1boHmZxe,CfWX7o2TswwbxusJ4hCaPobu2jLCb1hfXuXJQjVq3jQF,EnTrdMMpdhugeH6Ban6gYZWXughWxKtVGfCwFn78ZmY3,4497257.680168,4494840.813034013,4497257.680168,1.0,449.72576801680003,0.9993334445924569,365021.200446,1131044.94127,1495312.2375942222
ercAoEmXjQzEvAFbdjAo81KtMxRGn9AW1ju882upmPH,CMRhskR2Eg6V42RTSdRTXGdozyPbWB8U9dVpijPWb9T4,7TKLLgrWswt6ZJ1pXhVR3FyufHGjJFqiEXxvWJfDcgRm,0.9444521260000016,0.8936394450000122,156.75811536156388,165.97783100502397,0.06270324614462555,141.72819678223138,37.642785003,310.641329256,50274.50324927468
Lee1XZJfJ9Hm2K1qTyeCz1LXNc1YBZaKZszvNY4KCDw,9DgFSWkPDGijNKcLGbr3p5xoJbHsPgXUTr6QvGBJ5vGN,2hNHZg7XBhuhHVZ3JDEi4buq2fPQwuWBdQ9xkH7t1GQX,2212.4778519540323,1860.6229210129823,436409.5769938806,197.2492409849207,43.64095769938807,165.83043903940396,6675.139466363,53911.108783206,10256769.031828707
C2ypsDADXcCRz8HbV2zX1AXPSja7a1P3xZtRC91xGhJh,J9bYNuDpY1d1T86gLaw7DGk5D3CsUAf2tzUwxMvb6FTv,A2NGvvPrMGzsJ4jb52KEnSBVmsA7C34dV1GC7PerdgvG,2901.3772708430006,2923.6633193229977,480407.2434275059,165.57903319064835,192.16289737100237,163.51218950670335,3828.720267352,1976.386497511,957119.0837450932
7dwD9TF6uikvHXxPFK9AsSim54yJoujQjY9vU6gNFumk,CquVr6atkvwueDYficKjn6SSEWq4F4rH4VSiBbW4GBWU,8BCa6ge3b7ho3TfZuM64Vk1hgbrJ3J7EPiAb9uP86CGd,0.0012916000000000004,0.0012964120000000007,0.2542638308125793,196.85957789763026,0.00010170553232503174,197.39318610565152,0.004112664,0.003400351,1.480823416842318
Sid7E679i9ABqptiAVhkmQ27YHN8vaYT4fppPwmxFsJ,GP7KB8o1bv527HG8kTzzzf4wJ5aEGHvcMQvVhLziUfmT,9gYxhAZ1M9wu5pxr8SBoa5NDm21gi3s9vMHaYTME77sa,724.6227380000128,1741.0054890000447,5.153412459746809,0.007111855852012634,0.0020613649838987238,0.021672446672073364,135529.542218,8849.447857,1155.655754701803
AUSejoEUCh2DBs9mof6BNC8Pubs22w4cJa1ccV9h44R,4xkyD7AfGQDwsQMy9MosRRNGoVJ1zosNinesxg1TzHG7,Cbm5gsQe3nSiCsFrvepVzMCD9xLK3ri9g3ypS2hdmVJ7,2827.313885999998,2832.2084689999992,2824.4160351479363,0.9989750515970615,0.28244160351479364,1.0,14827.670647,14051.521271,28863.994320651058
BUSDTd9WiT6uBHJRgNvFXBsA7JrifsAtWzKfioN7ERcy,DyBxrn7gSc1EwnpWhDyhzvMHPtxpmBqRqotapLcKcfTM,Cds99GeBgoCpqBsoRWu1C6fF9LiUMd4pXQQD24s9LPff,197.41826508,198.35413803000003,196.38417279667146,0.9947619219381272,0.019638417279667145,0.9967400222137468,113.56211611,71.76903854,184.5023419495632
parEAJhzYzHW87y9VoZAQ22dzQ2MD2ekEtTReaxbMcz,3oyc6hpjYSJEquK6dSvG72NXyz3pqLZz5D8AC71pwgQb,Di2vordgFJVZ1aj1aBpvzXtLfZgJsuLLXawGtVFwX6Rz,9.573339552999954,11.340811659999645,1437.549964914687,150.1618068549766,0.5750199859658749,192.8918950876414,1105.173230255,138.371119753,192645.476657397
SRMuKizofcAMicegrfSv7xs9q76tH1w8aAF7oX9FEWu,72Hj2KWntXPfbie4UgKeTPnm1XVkomDfCnRPKbvfTtPi,6aqJQ5wedqpUt4fFEDUqUmXhrdxCu4bEJsQdVPCADLko,0.022001999999702093,0.022001999999702093,0.000925779747047035,0.04207707240521635,3.7031189881881403e-07,0.04205416778670933,16769.751918,5121.302014,920.9941598543702
SoN9GaFpSXfpyR5dth3x7PHPVhvJMpQqqDJfCSmPv1t,9kZ9iS68ViMPtoeqtnhAKuF2iqVyfHPdZHoUNdwCELr,BBhm5fJLjw3HRzjtKB8uMEYjGhY6EDm9co3cqpjrSzB9,4.826056761000001,4.5904115999999995,955.5600050371243,198.00015879612735,0.38222400201484974,178.97629852673867,1.032314671,4.212437029,958.3248560129641
BSCuChvaSj9b5HUSqgDVRzcnr2sSn7cXaamt1jbKH6hn,GnKpRj5kBVPMJfiwZtEuD9GYApLzPdW5JFuZTcyX4BTc,3dmwD9okkomV9nDwyuh4UMhKdUR13QpuKxRo89ycZB5t,1150.111872945,1154.4400123630003,1147.7419293286773,0.9979393799228816,0.4590967717314709,0.9987705134978841,1736.982313577,1268.24022595,3000.0839946587976
daob129AwBGn9Y5r91uLoWZeYiGzbPmksauMhFZKTze,6VW5GQNyj4LStgmxEHLr5zUfW92vQnmbw8jTnCH7a38F,4VPCCUifPeBA1c7HWK358CHn2nyjm8pdTRk6Ps3KmnMQ,30.364958444000187,27.001181872000075,5634.230496286151,185.55041024267953,2.2536921985144605,166.49323621227887,48.233652783,224.286226256,46291.91370858944
BUSD5rCfUDpCxKGMvYU2yThChxgHoioK74PTPociGnv2,CcFHbafgYDZ8yA8Me1PdtDiVb2eeaS61LbqyKKK5CsNZ,26R9s4nmF3CFDTkiePDwRmtscn8i7r2eygbSijditJ58,69.80472214000001,70.25127777,69.67974733237455,0.9982096510981763,0.006967974733237455,1.0,84.5334675,63.5149093,147.897032399294
BUSDgu5JdqP1rndBvXvanbEufS94FNh1w5FJcAj6vawb,Bgzr8cWubt89JQFXndVjtdKmDbGzuPxNhvjH1EhWCwbo,Dxaf8xPBBQsasRKW5Aa4Sw2YrbfGofY9xZueyyF23FBW,4473.1052221300015,4470.1004243,4478.415862011651,1.0011872378622744,1.7913663448046606,1.0,7120.84726975,8012.23728756,15141.538696800122
KZMu9QBEdL97EFgamLbN5DE1AoKBG4HdrKKJo4Vuon3,DD4ACBWyVqdaKWh7v5btsgqQCCMwbKnuL2xd9pv7Gyuw,GcYqiJ1MAuYbNTNYXm1F1gQYTfTgkErACAhNU5dpVj9T,34.036759349999784,33.94010662000005,34.09958305784223,1.001845760555417,0.013639833223136893,1.0,1445.52904859,1642.70890278,3090.906051869597
KEVpg4SYCVrqFxKijQH6hm4QxsRdoE51ud64bEEFUC9,2bPenuBYfqzD8p5dFjCcggwkHDsc2RQDnx9AoyYGUBjA,AE6n6iLuX8oYu61vt5hoDYkjswpnxFxrhSehxrnQTnbx,597.4977717410002,599.6832384629997,595.650017733988,0.9969075131416337,0.2382600070935952,0.9998743337939802,6115.589568263,1414.387880489,7510.887327622203
moFiBS1R4Lf3E3zzmBPnw3NF4RhWPkhREFviuzUaCAU,44ALBrpqi9PfZkBRTvbtRNtFJGsatfY4QydjtMbFWq8S,2ho8qEEie1UjVwWNBo9y4oAJZMyMLx8zPj9bxyUz6uWs,3020.1557484809928,3027.461084442999,3011.646651068005,0.9971825633769823,1.204658660427202,0.999855000028041,39778.623032417,24654.783519126,64317.75785927933
MARpDPs5A7XiyCWPNH8GsMWPLxmwNn9SBmKvPa9LzgA,6YjT74rmcfCpw8LSjPNx5JTmZoYLGrTKnf9arfSgZ4SR,F8GSmi3vA8M8TsybLya1LQ4n1aFHCRbZ6k437PeTdXtg,45033.717073999964,46516.02497000046,43489.40818920143,0.9657077189017973,17.395763275680572,1.0,293473.845757,18826.049902,302236.00804533035
FrnkTEL6yZ5Aycq2TrEgu29dCrwKG4LPUZydfiwqspkc,DjvZuMZ46fxKBoBpGMPcRcos4xdTtHFxwMh69DpA2ZFY,9rvDPJLAng4uVVqnnSoEXgNDFhBZQTny9AoQioYDZbQX,88.13383860699923,73.2712522379997,17661.458357906446,200.3936131349196,7.064583343162579,166.54492232844458,171.024778105,1441.282073446,274310.4841955025
KEN5P7p3asnb23Sw6yAmJRGvijfAzso3RqfyLAQhznt,9zj4aX38Uxf3h6AUjS4EipWS8mwbEofasHAf3a1uKGds,CwQDG1MWunn9cLNwcZLd8YBacweSR7ARo32w4mLua1Yr,133878.26190999895,133897.74896499934,133825.93596903505,0.9996091528212468,13.382593596903506,1.0,1149661.567935,1077056.120709,2226268.3466636515
