0,1,2,3,4,5,6,7,8,9,10,11
MARpDPs5A7XiyCWPNH8GsMWPLxmwNn9SBmKvPa9LzgA,6YjT74rmcfCpw8LSjPNx5JTmZoYLGrTKnf9arfSgZ4SR,F8GSmi3vA8M8TsybLya1LQ4n1aFHCRbZ6k437PeTdXtg,50417.60877800008,52077.11143500051,48728.95555229099,0.9665066775946355,19.4915822209164,1.0,293515.752843,18787.045567,302471.9806689761
FrnkTEL6yZ5Aycq2TrEgu29dCrwKG4LPUZydfiwqspkc,DjvZuMZ46fxKBoBpGMPcRcos4xdTtHFxwMh69DpA2ZFY,9rvDPJLAng4uVVqnnSoEXgNDFhBZQTny9AoQioYDZbQX,79.77565135399959,66.32170641499971,15849.178512444227,198.6718784922791,6.3396714049776905,165.22038251162076,171.192251134,1441.081098174,272107.05638668855
RoBgmK8CvjdHvPrqdDyVw54VwjZv2TqJ493xnqJAQHx,ExiHJxM7qPAcy27NDHAF6G7vnW7muNHi2sVJpnaNynGQ,6rkPHSqZb7StM4HwS9EuVrmfkV7tRdc7dnsFhyB6cefE,1.084229999999998,58.92762099999982,0.0,0.0,0.0,0.956163718176481,6237.926219,19.445014,18.592616886233728
BUSDgu5JdqP1rndBvXvanbEufS94FNh1w5FJcAj6vawb,Bgzr8cWubt89JQFXndVjtdKmDbGzuPxNhvjH1EhWCwbo,Dxaf8xPBBQsasRKW5Aa4Sw2YrbfGofY9xZueyyF23FBW,6073.613131510004,6069.418787079999,6080.367872983779,1.00111214549355,2.432147149193512,1.0,7020.39995396,8113.45303937,15141.660699501715
CZgvH45CRmoaNJ7395Ao5CQZXkGznvqU7cErD6n7FaRg,4ZjU6MKvtqVQKCiowhvZ5yUsPxXX5SCzd5eFsPeXyey5,BsyWeshjDbCvjDojry3vKDCesmFRM37WtwcR4Kfgzqr,15.370908170000007,14.853359079999962,15.893295523518166,1.03398545796648,0.0063573182094072665,1.0,204.54073547,601.05684216,812.5489881977485
BkwbeSfcX1h4thMDd7obGkHrPevf3QwgzJ4pCEqG18Lu,35yX27bmurdebhfAb8EPmjLETDiUaEUCn9zHaDPbakH2,2CxECn1ZJFoESyUnQysQU8rRgT3iJ5GRs2Mdd6gZjx5g,0.013888979999997275,0.009476319999999983,32.477446509990116,2338.36080907284,0.012990978603996048,1592.3566878980891,0.93087531,21.89525182,37041.77301182734
ALLwa5WNZbvQsRKAqe1jdRGemdYQnW8E5k4msbRFcYtu,CGoM82Hbz7QVqTgvQatYtjvDWBvoUJp5qm21P8iMs9yb,3dxNNww8TivyN5FMy5dCNdi3Zcxv6e4kUfSPxfFwpdNq,20.151774762000006,20.138556312000006,74553.36574916761,3699.593044765076,29.82134629966705,3696.5570267852527,2.276908179,6.439046088,32225.93472498761
parEAJhzYzHW87y9VoZAQ22dzQ2MD2ekEtTReaxbMcz,3oyc6hpjYSJEquK6dSvG72NXyz3pqLZz5D8AC71pwgQb,Di2vordgFJVZ1aj1aBpvzXtLfZgJsuLLXawGtVFwX6Rz,9.766176851999944,11.569698805999678,1573.129522625198,161.07936057937025,0.6292518090500793,191.95129044053783,1105.509809231,138.087356198,204580.85940087936
Lee1XZJfJ9Hm2K1qTyeCz1LXNc1YBZaKZszvNY4KCDw,9DgFSWkPDGijNKcLGbr3p5xoJbHsPgXUTr6QvGBJ5vGN,2hNHZg7XBhuhHVZ3JDEi4buq2fPQwuWBdQ9xkH7t1GQX,2054.342374092157,1727.6834883349838,403883.07471145206,196.59969039480757,40.388307471145204,165.27180021812572,6679.457056328,53905.993671787,10222319.80596263
YAkoNb6HKmSxQN9L8hiBE5tPJRsniSSMzND1boHmZxe,CfWX7o2TswwbxusJ4hCaPobu2jLCb1hfXuXJQjVq3jQF,EnTrdMMpdhugeH6Ban6gYZWXughWxKtVGfCwFn78ZmY3,4840297.603057001,4837837.154267001,4840297.603057001,1.0,484.0297603057001,0.9996121504856115,400466.581342,1095655.863622,1495697.4953693573
Cob4usZcpHEY7Qt4ZCwj6WVg9S44zvzYV2v9qYF65dTf,NhFM9UXE48PyNAyeyPYA3iXztqKVJwA4bTdLj4ysM8w,6TuFuynuBoeskxyR2cz4wxyidk8dpDK7kAWw3UkjQGx,17.662183,2398.448892000044,0.12811025549614646,0.0072533647452382565,5.1244102198458585e-05,1.0,73953.378182,163.885421,700.2962470965908
ALBpShJ9NLpE739pcHDF2LNVk5J4VYPvvKuV6jMPitZi,D6d156U1bPiJpDYRLextvDRccgFk7QzkQbJg42ceKEu5,GNcM8U5g8RwTZffwwm3kSQqUNPSwv5d2fbN9sLxPJqt2,5769.785128999996,5776.432861000001,5757.636515951338,0.9978944427258484,2.3030546063805355,0.9993364406034393,53489.720075,46838.218163,100184.23262902352
KEN5P7p3asnb23Sw6yAmJRGvijfAzso3RqfyLAQhznt,9zj4aX38Uxf3h6AUjS4EipWS8mwbEofasHAf3a1uKGds,CwQDG1MWunn9cLNwcZLd8YBacweSR7ARo32w4mLua1Yr,140256.03775899927,140276.0159709996,140185.94478660598,0.9995002498750625,14.018594478660598,1.0,1148874.470958,1077844.100373,2226144.421170601
MATSnbbiTCv7Dc3trJrkrqjx7ckKdr6fwPoVwv9q3sD,631WX9JizSHJm4w6VanZeJAst9T8DeUUnPLesdGkCVtK,211maUSfpnXbPuW1iBu8b4dtJv5EbN1j7JJiEX5TZKEP,3980.371266000009,3981.519766000005,3978.3224299485855,0.9994852650884793,1.5913289719794343,0.9988004406707545,24223.515309,21347.69583,45533.13462229993
Lid8SLUxQ9RmF7XMqUA8c24RitTwzja8VSKngJxRcUa,4PgzyzLtds9bKZ2to9PMnKqJzKEUpjvNUaeN23phegax,AtymwxoVN9peZo7EXTcDz9jKVc4vRmisJKKrNfe3ewBa,77.72706351099714,65.55963764900014,15237.711498819173,196.0412604119964,1.5237711498819175,165.34656723165037,958.395067363,7661.608981457,1454705.7215335788
WiiQFxXqp8P9Fs1rt9SVcDyA3KUdJmUsog6wnVQAwba,3S2jpqSYxho6wiz3cafhjXruVY8cg4HYa2v3BqBHYFSj,Dfe67M6TfrG74gKRtdqys4e6E9QirPD53BkF4FujFjuv,10976.449333173001,10995.607769639002,10954.63434007598,0.9980125637685866,1.095463434007598,0.9996801793179921,20124.873481632,6708.946675379,26791.67759439972
wrmcMSHFi3sWpAEy4rGDvQb3ezh3PhXoV2xNjgLBkKU,8p4mGnARWPBu6P2Gcw4adodLkNDorrXniZMhaY7eJXUn,AyY89zccbsgp9LKFgH4CFZMJmpSgqmPSdTfukhP227rc,0.015304760000000028,0.1551417199999925,5.4562424242424346,356.50623885918003,0.0021824969696969737,3696.584356055005,27.11205756,0.09290342,10009.042997445205
C98Sspw7XqnMsgxea3SLQVdbMDL8pKUc3RE82UvX9eq2,CSqgQJurPCzGxb4Cgwx5R61hWQUiaoUHcShNc8r1cKEL,6S2CR5EnukPhC914XkAns8m5GixjMAoUuZMsS5ubHuWc,15.847222999999985,15.845147999999995,0.0,0.0,0.0,1.0,862.985195,901.020435,901.020435
moFiBS1R4Lf3E3zzmBPnw3NF4RhWPkhREFviuzUaCAU,44ALBrpqi9PfZkBRTvbtRNtFJGsatfY4QydjtMbFWq8S,2ho8qEEie1UjVwWNBo9y4oAJZMyMLx8zPj9bxyUz6uWs,3011.4621172309926,3018.753015082999,3002.9788521226887,0.9971830078619405,1.2011915408490756,0.9996736635302561,39778.92651685,24654.480947798,64313.304885113714
KysFMBBoavfov2tLpvefWW6tPFt6rAeZWDJVy1mMQae,B8ka2V21TH3x64dFV8ETcjuQcwmrciJ2qzy1mJUttRew,7fSf7EYxBANyxzk2s5pymFgshA91tFYQNKKs5UnLWcYS,51.0564560000098,54.475437000028705,0.0,0.0,0.0,0.021764845599858845,134011.327524,2991.985868,65.12011045397965
HEDSDjj84KS7LKhZY7ejkCACTdPen62rKhCby1wXtgxc,EnnjMSFttpCTywBrYNt1J5QQeoSVkvzPipJDa8Y7kJow,6bjVT6JN2rSvpyn9PdfLYC8wJn4LWh49jpY47fnLDXZk,12.702062546999514,13.117047351996007,12.294623804105704,0.9679234186269965,0.004917849521642282,0.9996827756632127,38828.399801139,9059.716993608,46639.760506227474
BUSDTd9WiT6uBHJRgNvFXBsA7JrifsAtWzKfioN7ERcy,DyBxrn7gSc1EwnpWhDyhzvMHPtxpmBqRqotapLcKcfTM,Cds99GeBgoCpqBsoRWu1C6fF9LiUMd4pXQQD24s9LPff,206.44327498,207.44024330000002,205.84407728012295,0.9970975189192522,0.0205844077280123,0.9993893730930402,111.32299976,74.00272738,184.95742618281787
C2ypsDADXcCRz8HbV2zX1AXPSja7a1P3xZtRC91xGhJh,J9bYNuDpY1d1T86gLaw7DGk5D3CsUAf2tzUwxMvb6FTv,A2NGvvPrMGzsJ4jb52KEnSBVmsA7C34dV1GC7PerdgvG,3192.3214393749995,3216.793281162001,527792.2664353454,165.33180522656824,211.11690657413817,164.71145928917454,3851.965427712,1983.456093306,963550.3453983914
daob129AwBGn9Y5r91uLoWZeYiGzbPmksauMhFZKTze,6VW5GQNyj4LStgmxEHLr5zUfW92vQnmbw8jTnCH7a38F,4VPCCUifPeBA1c7HWK358CHn2nyjm8pdTRk6Ps3KmnMQ,29.664433995000167,26.39543459000007,5490.303547490443,185.0803405996492,2.1961214189961775,165.18768624911624,48.224321777,224.297951519,45976.6335415143
JSoLLrxK5bYdHwTEWYaGgmeycBCNXKDiBCTw5hXGBg7,xG4wXczA7Dk4hccJ61CHKpDHW4NrNfQwgmWgkb9BuF2,BVR6WgfhsRr9Lob4QDnkEAiNGgAbv7ZieKcY9kSg3QYR,43.33271612600041,38.54240091000001,7115.5579444831465,164.20752218238366,2.846223177793259,164.8434704100201,17.028395585,164.757291637,29955.354374553153
SEQV6QiTpvTzrceiaYg9Avnwf7oc8ZALpnQMz6TyT4A,3dFMPj4r9mMmPHF32mz1gNDX7f8ftidWof7S8YiYTs1j,Fc1ED3YPeQfXQosHbd8DTaBd2AV5gHQtwiSAL5C5pUhi,457.7928821830001,459.54347955699996,454.287751892942,0.992343414617231,0.1817151007571768,0.9983935847221821,4724.296913108,827.724332586,5514.519593991548
AUSejoEUCh2DBs9mof6BNC8Pubs22w4cJa1ccV9h44R,4xkyD7AfGQDwsQMy9MosRRNGoVJ1zosNinesxg1TzHG7,Cbm5gsQe3nSiCsFrvepVzMCD9xLK3ri9g3ypS2hdmVJ7,2891.438218999998,2896.4125559999993,2887.589062779313,0.9986687745235601,0.2887589062779313,1.0,14891.874734,13987.396938,28859.447228962148
RajgMbScQbqqrdJfR2rxfHJiTiY5b6bJ2tTXiF4aPxy,725ZA3fhyBAKb5iopNRrcbSuQa3LXA1656Q3mBvYPxeg,GLA6i1dSZpUfk2f9Nj8uiG7xyDdAR2reff8oEiZH3617,866.4179148199764,866.3947481300274,866.6398179453613,1.0002561155783938,0.34665592717814453,1.0,90553.73538572,93442.53273357,184019.46034160402
KwnjUuZhTMTSGAaavkLEmSyfobY16JNH4poL9oeeEvE,J63v6qEZmQpDqCD8bd4PXu2Pq5ZbyXrFcSa3Xt1HdAPQ,BnKQtTdLw9qPCDgZkWX3sURkBAoKCUYL1yahh6Mw7mRK,241.477307,10779.707000000053,5.2573460626332205,0.021771594722286763,0.0005257346062633221,1.0,276849.671443,590.110937,6617.569782655244
Sid7E679i9ABqptiAVhkmQ27YHN8vaYT4fppPwmxFsJ,GP7KB8o1bv527HG8kTzzzf4wJ5aEGHvcMQvVhLziUfmT,9gYxhAZ1M9wu5pxr8SBoa5NDm21gi3s9vMHaYTME77sa,883.9782130000149,2220.4458950000535,6.414930414613302,0.007256887466538945,0.002565972165845321,0.02177407830380975,135552.639296,8841.832228,1176.2129964450376
B2izdXFYb2sNwbWWHmh75T4aQFtfXsUxem9u2p61HGzf,4DYwgJtxwuJdAjkj5RJSNH4e7U329V5cNp7d3a1nLrZv,EXNW64GEf1ACC6xY9BtKRiunrs6GoJSXBdxWN2eTPmrF,9251.085916000022,9116.214094999996,9369.753848491162,1.0128274597780895,0.9369753848491164,1.0,9440.36762,30309.302662,39870.76621793593
SoNcU2iwHMw6dGzsYNQkYFkUjwN1UdAjrWVRnStrZu2,8ivTTid27jZnYNc4w3CTA1Z6QS2twsFb8WMwUabeDJgc,CyXm53PMvHCbeXJBykU46Rcbo28xk5srhMZFg7gv6EYB,34.011655009999984,32.802216524000016,6674.904406910316,196.2534432666621,2.6699617627641263,194.54624617181625,13.479345697,16.922982986,5937.6708199737295
TETFuZgEmET6d9vYmz9iMFCxK1jKdKYxf3oPz8hSzJK,Eu1Ze6Z84LWNkq7SNoAHBJbXx5t1P95EwyqYohrfCRFV,ASMbv7WNu3qe4pkhREmvyEdwFNDZQ6B6iSrjkj4u8bdC,16.363595341,16.427998778999978,16.24651189615519,0.9928448826553753,0.006498604758462077,0.9992875080067912,213.091835778,38.608110332,250.14774105034246
SAMyS8Jr2HJrkFwYVKbpUwsNStnQmvz3f8Tup8bWUWF,6jPzm5TFfquvgm25sTyN3MMGBfufRaFHMxobDWv6hMFW,Cj9ECoDmxsHTDzCY5ZA6RWrPbg9uFzEC1Qc2kso2vJG6,1408.8589744500268,109.17976719000364,1412.536244179863,1.0026101049122191,0.5650144976719451,0.021745627985878993,480.58663783,108960.02946398,2851.24528542827
BSCNHw8CmxbZ8hCWWzMf5FaG2ajPT6JxfznKUNuRVrn4,7n9kgNL633yGzCYksgnzHyjG73ZLBAwvEae5sbAekbzW,SscdxE99omdG9AiMVwmaEMQySQnCgeAh1sPj2Leutm2,451.2010546850015,450.3976403680017,452.11718697484366,1.0020304302933905,0.1808468747899375,0.9996783215103476,5023.023932458,6683.69197307,11714.764805545688
BSC8REUo9LpiiWUuqMuLXs2D2yJsJfGd4HdiF3wCLxk5,AZjEH1zWVx1UJ6udMyRijGTzPteuLnaY18yNNmprJEsh,Caf8ypkSVR8xYnXNhjvfvdGCC7mrM3C11rz8Xi6NA6aK,1474.9166246359991,1479.9209400490004,1471.6319245208856,0.9977729587827215,0.5886527698083542,0.9996827886549664,3527.360418542,2693.147668245,6211.798212752492
7dwD9TF6uikvHXxPFK9AsSim54yJoujQjY9vU6gNFumk,CquVr6atkvwueDYficKjn6SSEWq4F4rH4VSiBbW4GBWU,8BCa6ge3b7ho3TfZuM64Vk1hgbrJ3J7EPiAb9uP86CGd,0.0008677120000000001,0.0008737160000000005,0.1606467102408131,185.13828348670188,6.425868409632524e-05,191.95910196157246,0.004112664,0.003400351,1.4141398778316883
vEnkoSUkpnbRrPgBz9DfcVxNz67zjwMYBZraAvDDNSf,DtfyjjsZ5yCjWKLKHvwsfXs5QVsmm1QkK6Sh9JZHoq1g,e5wrKCRv4GhHvEf1VD5Pq2KGaZDXP77nTL612Jyrxwy,8524.533852999999,8524.047647999998,8517.2345829624,0.999143733820116,0.85172345829624,0.9977530601086354,3458.874905,3495.477156,6943.536216337229
ercAoEmXjQzEvAFbdjAo81KtMxRGn9AW1ju882upmPH,CMRhskR2Eg6V42RTSdRTXGdozyPbWB8U9dVpijPWb9T4,7TKLLgrWswt6ZJ1pXhVR3FyufHGjJFqiEXxvWJfDcgRm,0.9444521260000016,0.8936394450000122,156.29513691452988,165.48762251876133,0.06251805476581196,143.4913541436931,37.642785003,310.641329256,50803.75998307161
heyk4SZTeCUV6a65WiVA5bzic3KcxgVf1qxobfeV4tQ,9ZDpBKPqMABtGfq66FbVribaArMvtk63xxy91onZAtDt,DaTP4s6N7xxSPinbNZ3FB52EpRDRt87QShTuN3VPCW52,128.10484090200157,110.56957015700004,24591.352828810832,191.9627131625953,9.836541131524333,165.3855351826303,609.45043778,4492.969144796,860063.8661455115
BSCrK1Nx9PXU9mF7STWWBqeHLxmtJDr9h7jheEy4tAWX,FfSySSbVJPvEo5a5AvrP3nySoXpRE2QPn1uUMpJJ1x7v,HL7Vcj6838ZmvBHDbQxXfjBNckNi83WvPiZQoMQLFeRM,0.15376558299999987,0.15362044200000002,570.0637776476079,3707.356136045141,0.22802551105904317,3705.2132350216752,0.890068846,0.914479085,6688.142206613229
GokA1R67GqSavkd15zR62QD68Tuc5AEfvjssntVDEbM8,3YB7hfpBdbQEuZqLGWVDpRPmeZWCUsrrWyqGXegnQ6Cg,4DPCj6Z1DsG6HUtwSogBGqXEUxdEV5a8YVrrFtcnz7UW,14226.88956900001,14227.061725,14228.19856326783,1.0000920084647786,1.4228198563267829,1.0,15812.295059,16628.119657,32441.869580993007
KZMu9QBEdL97EFgamLbN5DE1AoKBG4HdrKKJo4Vuon3,DD4ACBWyVqdaKWh7v5btsgqQCCMwbKnuL2xd9pv7Gyuw,GcYqiJ1MAuYbNTNYXm1F1gQYTfTgkErACAhNU5dpVj9T,37.7568126000001,37.64941317999978,37.8553618420371,1.0026101049122191,0.015142144736814842,1.0,1458.24475733,1629.96826655,3092.0191956843246
BSCuChvaSj9b5HUSqgDVRzcnr2sSn7cXaamt1jbKH6hn,GnKpRj5kBVPMJfiwZtEuD9GYApLzPdW5JFuZTcyX4BTc,3dmwD9okkomV9nDwyuh4UMhKdUR13QpuKxRo89ycZB5t,1161.188342348,1165.5361297600002,1158.7353378759826,0.997887505082029,0.4634941351503931,0.9994599088560727,1736.982313577,1268.24022595,3000.868207902555
SRMuKizofcAMicegrfSv7xs9q76tH1w8aAF7oX9FEWu,72Hj2KWntXPfbie4UgKeTPnm1XVkomDfCnRPKbvfTtPi,6aqJQ5wedqpUt4fFEDUqUmXhrdxCu4bEJsQdVPCADLko,0.022001999999702093,0.022001999999702093,0.0009092169105792108,0.04132428463737486,3.636867642316844e-07,0.04125275712802265,16769.751918,5121.302014,904.2658297203902
SUiuyGR7SFq3xeRVJonq84fjjeFwRSsFekcevJ53tzy,49GjCCPsv7fBqo6t3iKDrP1xxGDS8uWZbVCdfnp2gjMf,CEwj5xEbbJEjYqM8D6Ai8ByGz1mrh8mkAVsE5fzDSSSx,0.051920999999999884,6.806361000000038,0.00037727348858264593,0.00726629858020159,1.5090939543305837e-07,0.9610958029907379,665.556272,1.502831,6.280495160982237
SoN9GaFpSXfpyR5dth3x7PHPVhvJMpQqqDJfCSmPv1t,9kZ9iS68ViMPtoeqtnhAKuF2iqVyfHPdZHoUNdwCELr,BBhm5fJLjw3HRzjtKB8uMEYjGhY6EDm9co3cqpjrSzB9,6.887709507000001,6.558364286999997,1372.779728521758,199.30859847190095,0.5491118914087033,194.69408011233068,1.958328146,3.237007719,1020.5378782945551
DA1mL7dfBow33EH5yjUuZE6SH2KeUK5zEXzsyhE5r5j5,B4UtLRZND3D83CitRCBUyeiNr7H8m7YFRqBmiPmXjhW4,AAmpYbuixWiSqDaJBCqYEs1pb5SrbdPr9mgXrB58Q2e,236.8568868210001,237.67713175200015,235.85178909142073,0.995756518870659,0.09434071563656829,0.999682816637206,2017.885335097,990.667332699,2999.6755862593463
AURHmCnNwiW4uA2Qj1XvEh4iKgRUZYXtiY7FKAapUV5Y,BKWm4TRnTeKwfWXRyuzjRHU7iZDkPuXBX5b5V5jSVfGJ,A5Ww74HVrkj9nPeC7pHKLfgeDMEhBCpW1efQdz3TGLEg,0.012860102999866285,0.011476784999956635,2.3557664248574754,183.18410240430967,0.0009423065699429903,165.59148117936903,290.079348838,1795.119188559,350394.37046990753
STK75uPSyBnEhGTTzb1nwmP3n427XoXmfRhXxxhyady,6TYyD5fUmDe6N65avW1Ny2RxzRNobw2RRgKwH9CTzSAU,54zDfk4cx2vGrEajPtodWpArNe5eUurytyxd4X3aZAxK,536.7807019079996,606.7821414019984,88919.13185236567,165.6526241280667,8.891913185236568,187.26889847497574,1598.970105221,277.461290126,316833.46400353126
BUSD5rCfUDpCxKGMvYU2yThChxgHoioK74PTPociGnv2,CcFHbafgYDZ8yA8Me1PdtDiVb2eeaS61LbqyKKK5CsNZ,26R9s4nmF3CFDTkiePDwRmtscn8i7r2eygbSijditJ58,73.43157326000001,73.88430344,73.32312469242368,0.9985231343581277,0.007332312469242369,1.0,84.5334675,63.5149093,147.92353222626093
MATgk4zXLXtYkwBH678J1xZbRDZ45LicNzkRBHkxTuY,y8dALFo1bJrSzPYjMX14HJX448pXqYmrfXHD1K8MXih,GN7Yuet3UyiWS5YVkEHv6oQKi4HGBJc3XDPt9zQhAqZz,2878.1242600000014,2870.1302299999993,2889.0187497051397,1.0037852742692694,1.155607499882056,1.0,2523.320736,5559.086344,8091.958541055095
KEVpg4SYCVrqFxKijQH6hm4QxsRdoE51ud64bEEFUC9,2bPenuBYfqzD8p5dFjCcggwkHDsc2RQDnx9AoyYGUBjA,AE6n6iLuX8oYu61vt5hoDYkjswpnxFxrhSehxrnQTnbx,597.4977717410002,599.6832384629997,595.5561592041162,0.996750427150169,0.23822246368164648,0.9996838259976164,6115.589568263,1414.387880489,7509.657202253165
