0,1,2,3,4,5,6,7,8,9,10,11
BSCNHw8CmxbZ8hCWWzMf5FaG2ajPT6JxfznKUNuRVrn4,7n9kgNL633yGzCYksgnzHyjG73ZLBAwvEae5sbAekbzW,SscdxE99omdG9AiMVwmaEMQySQnCgeAh1sPj2Leutm2,462.0094606850016,461.1807598050018,463.032442891406,1.0022142018583076,0.1852129771565624,0.999850939222428,5023.023932458,6683.69197307,11716.841618131013
RoBgmK8CvjdHvPrqdDyVw54VwjZv2TqJ493xnqJAQHx,ExiHJxM7qPAcy27NDHAF6G7vnW7muNHi2sVJpnaNynGQ,6rkPHSqZb7StM4HwS9EuVrmfkV7tRdc7dnsFhyB6cefE,1.084229999999998,58.92762099999982,0.0,0.0,0.0,0.9530789692641563,6237.926219,19.445014,18.532633900447088
7dwD9TF6uikvHXxPFK9AsSim54yJoujQjY9vU6gNFumk,CquVr6atkvwueDYficKjn6SSEWq4F4rH4VSiBbW4GBWU,8BCa6ge3b7ho3TfZuM64Vk1hgbrJ3J7EPiAb9uP86CGd,0.0020775940000000003,0.0020830720000000013,0.4117435236318199,198.1828613443338,0.00016469740945272796,197.93878426394582,0.003957816,0.003554791,1.4880023084068021
vEnkoSUkpnbRrPgBz9DfcVxNz67zjwMYBZraAvDDNSf,DtfyjjsZ5yCjWKLKHvwsfXs5QVsmm1QkK6Sh9JZHoq1g,e5wrKCRv4GhHvEf1VD5Pq2KGaZDXP77nTL612Jyrxwy,11090.832661,11090.218932999998,11085.145981111691,0.9994872630340635,1.108514598111169,0.9983248109671969,3234.131069,3720.49683,6946.737104962045
SEQV6QiTpvTzrceiaYg9Avnwf7oc8ZALpnQMz6TyT4A,3dFMPj4r9mMmPHF32mz1gNDX7f8ftidWof7S8YiYTs1j,Fc1ED3YPeQfXQosHbd8DTaBd2AV5gHQtwiSAL5C5pUhi,457.7928821830001,459.54347955699996,454.62115721507513,0.9930717031841988,0.18184846288603007,0.9988233860512318,4724.296913108,827.724332586,5518.316002438559
KysFMBBoavfov2tLpvefWW6tPFt6rAeZWDJVy1mMQae,B8ka2V21TH3x64dFV8ETcjuQcwmrciJ2qzy1mJUttRew,7fSf7EYxBANyxzk2s5pymFgshA91tFYQNKKs5UnLWcYS,51.0564560000098,54.475437000028705,0.0,0.0,0.0,0.021693020975524308,134011.327524,2991.985868,64.9052121929963
heyk4SZTeCUV6a65WiVA5bzic3KcxgVf1qxobfeV4tQ,9ZDpBKPqMABtGfq66FbVribaArMvtk63xxy91onZAtDt,DaTP4s6N7xxSPinbNZ3FB52EpRDRt87QShTuN3VPCW52,103.23223575700172,89.05781342200123,19982.732675232113,193.5706664560618,7.993093070092846,166.88470152921457,612.585731281,4489.334376904,867779.8558200037
FrnkTEL6yZ5Aycq2TrEgu29dCrwKG4LPUZydfiwqspkc,DjvZuMZ46fxKBoBpGMPcRcos4xdTtHFxwMh69DpA2ZFY,9rvDPJLAng4uVVqnnSoEXgNDFhBZQTny9AoQioYDZbQX,61.44337780099863,51.07910381799985,12338.865127994355,200.81684258891465,4.9355460511977425,167.35547390467934,171.020427369,1441.292213409,275551.9236526368
SoN9GaFpSXfpyR5dth3x7PHPVhvJMpQqqDJfCSmPv1t,9kZ9iS68ViMPtoeqtnhAKuF2iqVyfHPdZHoUNdwCELr,BBhm5fJLjw3HRzjtKB8uMEYjGhY6EDm9co3cqpjrSzB9,6.699792011000002,6.37453341,1349.5251862452935,201.42792254290669,0.5398100744981175,197.0122307162951,1.942479714,3.253220746,1032.1939295547493
B2izdXFYb2sNwbWWHmh75T4aQFtfXsUxem9u2p61HGzf,4DYwgJtxwuJdAjkj5RJSNH4e7U329V5cNp7d3a1nLrZv,EXNW64GEf1ACC6xY9BtKRiunrs6GoJSXBdxWN2eTPmrF,7962.510996000028,7847.466000999995,7970.05864153356,1.000947897659083,0.7970058641533561,1.0,9285.227603,30466.575526,39760.604574508936
ercAoEmXjQzEvAFbdjAo81KtMxRGn9AW1ju882upmPH,CMRhskR2Eg6V42RTSdRTXGdozyPbWB8U9dVpijPWb9T4,7TKLLgrWswt6ZJ1pXhVR3FyufHGjJFqiEXxvWJfDcgRm,0.9444521260000016,0.8936394450000122,158.00727188164524,167.30045656294595,0.06320290875265809,146.22397067098086,37.642864978,310.641329256,51720.87711548059
Lid8SLUxQ9RmF7XMqUA8c24RitTwzja8VSKngJxRcUa,4PgzyzLtds9bKZ2to9PMnKqJzKEUpjvNUaeN23phegax,AtymwxoVN9peZo7EXTcDz9jKVc4vRmisJKKrNfe3ewBa,71.92572755499805,60.674361727999894,14249.227826454193,198.1103050443044,1.4249227826454194,167.27748038629724,958.341612813,7661.673677927,1471482.8176366775
KZMu9QBEdL97EFgamLbN5DE1AoKBG4HdrKKJo4Vuon3,DD4ACBWyVqdaKWh7v5btsgqQCCMwbKnuL2xd9pv7Gyuw,GcYqiJ1MAuYbNTNYXm1F1gQYTfTgkErACAhNU5dpVj9T,37.39343718000009,37.30725741000015,37.487547042722554,1.0025167481199828,0.014995018817089022,0.9999068786723893,1458.24475733,1629.96826655,3091.7312738225405
daob129AwBGn9Y5r91uLoWZeYiGzbPmksauMhFZKTze,6VW5GQNyj4LStgmxEHLr5zUfW92vQnmbw8jTnCH7a38F,4VPCCUifPeBA1c7HWK358CHn2nyjm8pdTRk6Ps3KmnMQ,18.696235304000027,16.701933065000027,3444.351977539045,184.22703402765433,1.377740791015618,167.27056917825658,48.15166153,224.380706868,46403.12633760531
WiiQFxXqp8P9Fs1rt9SVcDyA3KUdJmUsog6wnVQAwba,3S2jpqSYxho6wiz3cafhjXruVY8cg4HYa2v3BqBHYFSj,Dfe67M6TfrG74gKRtdqys4e6E9QirPD53BkF4FujFjuv,10976.449333173001,10995.607769639002,10957.7208350306,0.9982937562435786,1.09577208350306,0.999850939222428,19937.284144473,6896.232883379,26798.471203424582
Dg3mAgpwDfVNnbGWcsxL8sUcSkEbjSJQhKAWNigG44Ju,EATxwd8YA2wV93VJcKMmH2Kn2Y9XfJVUB9hHVu3udwEy,GiGvrRi7NMHfHKanG2B8xyCEqe8jaafWins8bhrLVEaa,0.003287239999999969,0.0032455619999999796,0.6616986195925323,201.29306639993993,0.00026467944783701295,198.67385203764871,0.194070904,0.265597797,91.83246478787183
MATgk4zXLXtYkwBH678J1xZbRDZ45LicNzkRBHkxTuY,y8dALFo1bJrSzPYjMX14HJX448pXqYmrfXHD1K8MXih,GN7Yuet3UyiWS5YVkEHv6oQKi4HGBJc3XDPt9zQhAqZz,2878.1242600000014,2870.1302299999993,2889.0187497051397,1.0037852742692694,1.155607499882056,1.0,2523.320736,5559.086344,8091.958541055095
STK75uPSyBnEhGTTzb1nwmP3n427XoXmfRhXxxhyady,6TYyD5fUmDe6N65avW1Ny2RxzRNobw2RRgKwH9CTzSAU,54zDfk4cx2vGrEajPtodWpArNe5eUurytyxd4X3aZAxK,429.749938764,485.74644042799645,71881.79950302446,167.26424606310144,7.188179950302446,188.93159372679094,1599.141979099,277.313735943,319872.60357589164
DFWzVTzNBrQZLjoQ4yQwkj9HuoXmfkuZP9V5vbymZe23,DhgiEgiNdqZdRdo195UUHnoEJUtefK8buko8nU97XJUZ,2K2kkXsouBHtWVjtcgkyiXd8eP3oVBvq1bTJzcVdLLr2,0.4751328500024101,0.47743635599908885,0.47315025532937877,0.9958272835207641,0.0001892601021317515,0.999850939222428,37728.014006792,30220.881504397,67786.96245731806
Sid7E679i9ABqptiAVhkmQ27YHN8vaYT4fppPwmxFsJ,GP7KB8o1bv527HG8kTzzzf4wJ5aEGHvcMQvVhLziUfmT,9gYxhAZ1M9wu5pxr8SBoa5NDm21gi3s9vMHaYTME77sa,710.8759690000061,2163.6608780000533,5.191124845172014,0.0073024339991045175,0.002076449938068805,0.021926141354325128,135552.639296,8841.832228,1183.731465125817
BUSDTd9WiT6uBHJRgNvFXBsA7JrifsAtWzKfioN7ERcy,DyBxrn7gSc1EwnpWhDyhzvMHPtxpmBqRqotapLcKcfTM,Cds99GeBgoCpqBsoRWu1C6fF9LiUMd4pXQQD24s9LPff,198.28379831,199.27714784000005,197.62135571593177,0.9966591189007153,0.019762135571593176,0.99800100398901,111.32299976,74.00272738,184.80587907735116
HEDSDjj84KS7LKhZY7ejkCACTdPen62rKhCby1wXtgxc,EnnjMSFttpCTywBrYNt1J5QQeoSVkvzPipJDa8Y7kJow,6bjVT6JN2rSvpyn9PdfLYC8wJn4LWh49jpY47fnLDXZk,7.8205216900005325,7.975170360998163,7.57577284077628,0.9687042810024818,0.003030309136310512,0.999850939222428,38828.399801139,9059.716993608,46671.603656987616
BSC8REUo9LpiiWUuqMuLXs2D2yJsJfGd4HdiF3wCLxk5,AZjEH1zWVx1UJ6udMyRijGTzPteuLnaY18yNNmprJEsh,Caf8ypkSVR8xYnXNhjvfvdGCC7mrM3C11rz8Xi6NA6aK,1474.9166246359991,1479.9209400490004,1471.3918921159084,0.9976102157496797,0.5885567568463634,0.999850939222428,3527.360418542,2693.147668245,6211.67701372802
Lee1XZJfJ9Hm2K1qTyeCz1LXNc1YBZaKZszvNY4KCDw,9DgFSWkPDGijNKcLGbr3p5xoJbHsPgXUTr6QvGBJ5vGN,2hNHZg7XBhuhHVZ3JDEi4buq2fPQwuWBdQ9xkH7t1GQX,1885.6596887240903,1586.1235325869839,374907.83450738643,198.82051716397643,37.49078345073865,167.68330258301035,6672.901979557,53913.805171653,10367154.728559803
C2ypsDADXcCRz8HbV2zX1AXPSja7a1P3xZtRC91xGhJh,J9bYNuDpY1d1T86gLaw7DGk5D3CsUAf2tzUwxMvb6FTv,A2NGvvPrMGzsJ4jb52KEnSBVmsA7C34dV1GC7PerdgvG,3273.865397989,3298.9205989780003,546401.7279269828,166.89804298692755,218.56069117079315,165.8793479879996,3187.764934463,1649.415262167,805635.6573139434
BkwbeSfcX1h4thMDd7obGkHrPevf3QwgzJ4pCEqG18Lu,35yX27bmurdebhfAb8EPmjLETDiUaEUCn9zHaDPbakH2,2CxECn1ZJFoESyUnQysQU8rRgT3iJ5GRs2Mdd6gZjx5g,0.013888979999997275,0.009476319999999983,31.854728102560205,2293.525377858306,0.012741891241024083,1607.717041800643,0.93079823,21.89536482,37336.36051972686
RajgMbScQbqqrdJfR2rxfHJiTiY5b6bJ2tTXiF4aPxy,725ZA3fhyBAKb5iopNRrcbSuQa3LXA1656Q3mBvYPxeg,GLA6i1dSZpUfk2f9Nj8uiG7xyDdAR2reff8oEiZH3617,323.83734159999585,323.9518553900125,323.82088178457474,0.9999491725835576,0.12952835271382993,0.9999068786723893,90553.73538572,93442.53273357,183982.96401416766
parEAJhzYzHW87y9VoZAQ22dzQ2MD2ekEtTReaxbMcz,3oyc6hpjYSJEquK6dSvG72NXyz3pqLZz5D8AC71pwgQb,Di2vordgFJVZ1aj1aBpvzXtLfZgJsuLLXawGtVFwX6Rz,7.623017980000043,9.023344453999584,1246.7645987072872,163.55262469252108,0.4987058394829149,182.4154764208843,1105.315665545,138.251143981,205996.42650867192
BUSD5rCfUDpCxKGMvYU2yThChxgHoioK74PTPociGnv2,CcFHbafgYDZ8yA8Me1PdtDiVb2eeaS61LbqyKKK5CsNZ,26R9s4nmF3CFDTkiePDwRmtscn8i7r2eygbSijditJ58,73.43157326000001,73.88430344,73.16298535608912,0.9963423376078312,0.007316298535608912,0.9999068786723893,84.5334675,63.5149093,147.73326732236853
GokA1R67GqSavkd15zR62QD68Tuc5AEfvjssntVDEbM8,3YB7hfpBdbQEuZqLGWVDpRPmeZWCUsrrWyqGXegnQ6Cg,4DPCj6Z1DsG6HUtwSogBGqXEUxdEV5a8YVrrFtcnz7UW,8299.959567000009,8299.785677000003,8300.001067005345,1.0000050000250003,0.8300001067005346,1.0,16460.703202,15979.793329,32440.57883492753
JSoLLrxK5bYdHwTEWYaGgmeycBCNXKDiBCTw5hXGBg7,xG4wXczA7Dk4hccJ61CHKpDHW4NrNfQwgmWgkb9BuF2,BVR6WgfhsRr9Lob4QDnkEAiNGgAbv7ZieKcY9kSg3QYR,42.92699041000037,38.19164908200002,8473.063895486493,197.3831338875457,3.389225558194598,167.80539407083134,17.007226523,164.782267114,31008.29293879489
SoNcU2iwHMw6dGzsYNQkYFkUjwN1UdAjrWVRnStrZu2,8ivTTid27jZnYNc4w3CTA1Z6QS2twsFb8WMwUabeDJgc,CyXm53PMvHCbeXJBykU46Rcbo28xk5srhMZFg7gv6EYB,33.81535465099998,32.60803758600001,6742.644762157516,199.39594990934464,2.697057904863007,193.89641239285044,13.457013041,16.945526258,5968.950645787678
MATSnbbiTCv7Dc3trJrkrqjx7ckKdr6fwPoVwv9q3sD,631WX9JizSHJm4w6VanZeJAst9T8DeUUnPLesdGkCVtK,211maUSfpnXbPuW1iBu8b4dtJv5EbN1j7JJiEX5TZKEP,9091.729590000003,9095.457976000002,9072.830883270151,0.997921329869881,3.6291323533080604,0.9903107991412025,25944.720979,19628.406895,45329.01378052282
CZgvH45CRmoaNJ7395Ao5CQZXkGznvqU7cErD6n7FaRg,4ZjU6MKvtqVQKCiowhvZ5yUsPxXX5SCzd5eFsPeXyey5,BsyWeshjDbCvjDojry3vKDCesmFRM37WtwcR4Kfgzqr,15.370908170000007,14.853359079999962,15.89181583034061,1.0338891921400766,0.006356726332136244,0.9999068786723893,204.54073547,601.05684216,812.473326703704
BSCuChvaSj9b5HUSqgDVRzcnr2sSn7cXaamt1jbKH6hn,GnKpRj5kBVPMJfiwZtEuD9GYApLzPdW5JFuZTcyX4BTc,3dmwD9okkomV9nDwyuh4UMhKdUR13QpuKxRo89ycZB5t,1161.188342348,1165.5361297600002,1158.1009240353847,0.9973411562965121,0.4632403696141539,0.9990658734083633,1736.982313577,1268.24022595,2999.4194781198325
moFiBS1R4Lf3E3zzmBPnw3NF4RhWPkhREFviuzUaCAU,44ALBrpqi9PfZkBRTvbtRNtFJGsatfY4QydjtMbFWq8S,2ho8qEEie1UjVwWNBo9y4oAJZMyMLx8zPj9bxyUz6uWs,3011.559961291994,3018.8557885699993,3003.0773997977453,0.9971833330223285,1.2012309599190982,0.999850939222428,39782.11424177,24651.302816259,64317.6895481763
TETFuZgEmET6d9vYmz9iMFCxK1jKdKYxf3oPz8hSzJK,Eu1Ze6Z84LWNkq7SNoAHBJbXx5t1P95EwyqYohrfCRFV,ASMbv7WNu3qe4pkhREmvyEdwFNDZQ6B6iSrjkj4u8bdC,16.363595341,16.427998778999978,16.247631494430326,0.9929133027214918,0.006499052597772131,0.9966651583800602,213.091835778,38.608110332,250.06107684411734
ALBpShJ9NLpE739pcHDF2LNVk5J4VYPvvKuV6jMPitZi,D6d156U1bPiJpDYRLextvDRccgFk7QzkQbJg42ceKEu5,GNcM8U5g8RwTZffwwm3kSQqUNPSwv5d2fbN9sLxPJqt2,5769.785128999996,5776.432861000001,5753.864186795135,0.9972406351625054,2.301545674718054,0.9976356036194219,53489.720075,46838.218163,100069.59647176029
KwnjUuZhTMTSGAaavkLEmSyfobY16JNH4poL9oeeEvE,J63v6qEZmQpDqCD8bd4PXu2Pq5ZbyXrFcSa3Xt1HdAPQ,BnKQtTdLw9qPCDgZkWX3sURkBAoKCUYL1yahh6Mw7mRK,259.9009849999791,9561.324633000146,5.638036663021641,0.021693017681414694,0.0005638036663021641,1.0,276745.306133,592.395767,6595.836586191692
SUiuyGR7SFq3xeRVJonq84fjjeFwRSsFekcevJ53tzy,49GjCCPsv7fBqo6t3iKDrP1xxGDS8uWZbVCdfnp2gjMf,CEwj5xEbbJEjYqM8D6Ai8ByGz1mrh8mkAVsE5fzDSSSx,0.051920999999999884,6.806361000000038,0.0003791496756675048,0.0073024339991045175,1.5165987026700194e-07,0.9666299991686983,665.556272,1.502831,6.3128622772507486
MARpDPs5A7XiyCWPNH8GsMWPLxmwNn9SBmKvPa9LzgA,6YjT74rmcfCpw8LSjPNx5JTmZoYLGrTKnf9arfSgZ4SR,F8GSmi3vA8M8TsybLya1LQ4n1aFHCRbZ6k437PeTdXtg,43626.38034400006,45049.749203000276,41534.574565174196,0.9520518144679506,16.61382982606968,1.0,293334.191441,18964.822184,298234.1713908932
BUSDgu5JdqP1rndBvXvanbEufS94FNh1w5FJcAj6vawb,Bgzr8cWubt89JQFXndVjtdKmDbGzuPxNhvjH1EhWCwbo,Dxaf8xPBBQsasRKW5Aa4Sw2YrbfGofY9xZueyyF23FBW,4860.744839430003,4856.90665046,4862.7905667935465,1.0004208670545611,1.945116226717419,0.9999068786723893,7049.22623453,8084.94176183,15136.381902931744
Cob4usZcpHEY7Qt4ZCwj6WVg9S44zvzYV2v9qYF65dTf,NhFM9UXE48PyNAyeyPYA3iXztqKVJwA4bTdLj4ysM8w,6TuFuynuBoeskxyR2cz4wxyidk8dpDK7kAWw3UkjQGx,16.386145999999997,2225.346648000035,0.11965874966469046,0.0073024339991045175,4.7863499865876195e-05,1.0,73953.378182,163.885421,703.9250841848711
SRMuKizofcAMicegrfSv7xs9q76tH1w8aAF7oX9FEWu,72Hj2KWntXPfbie4UgKeTPnm1XVkomDfCnRPKbvfTtPi,6aqJQ5wedqpUt4fFEDUqUmXhrdxCu4bEJsQdVPCADLko,0.022001999999702093,0.022001999999702093,0.0008939062990086137,0.04062841100903178,3.575625196034455e-07,0.040058539947938315,16769.751918,5121.302014,886.480254757279
wrmcMSHFi3sWpAEy4rGDvQb3ezh3PhXoV2xNjgLBkKU,8p4mGnARWPBu6P2Gcw4adodLkNDorrXniZMhaY7eJXUn,AyY89zccbsgp9LKFgH4CFZMJmpSgqmPSdTfukhP227rc,0.014655540000000536,0.1392624499999993,5.258536060280063,358.8087549336204,0.002103414424112025,3717.74853148933,27.11171242,0.09293674,10073.435206194978
YAkoNb6HKmSxQN9L8hiBE5tPJRsniSSMzND1boHmZxe,CfWX7o2TswwbxusJ4hCaPobu2jLCb1hfXuXJQjVq3jQF,EnTrdMMpdhugeH6Ban6gYZWXughWxKtVGfCwFn78ZmY3,4425856.8444589935,4423545.575011029,4425856.8444589935,1.0,442.58568444589935,0.9986468335405525,270325.883272,1215591.543758,1484272.5293245986
AUSejoEUCh2DBs9mof6BNC8Pubs22w4cJa1ccV9h44R,4xkyD7AfGQDwsQMy9MosRRNGoVJ1zosNinesxg1TzHG7,Cbm5gsQe3nSiCsFrvepVzMCD9xLK3ri9g3ypS2hdmVJ7,3191.438218999998,3196.6290929999996,3189.205774957528,0.99930048965724,0.3189205774957528,1.0,14591.658197,14287.396938,28868.84811917318
SAMyS8Jr2HJrkFwYVKbpUwsNStnQmvz3f8Tup8bWUWF,6jPzm5TFfquvgm25sTyN3MMGBfufRaFHMxobDWv6hMFW,Cj9ECoDmxsHTDzCY5ZA6RWrPbg9uFzEC1Qc2kso2vJG6,1156.6327987500117,25.79396061999995,1159.5437521717763,1.0025167481199828,0.46381750086871054,0.021745627985878993,480.58663783,108960.02946398,2851.2004194013707
KEN5P7p3asnb23Sw6yAmJRGvijfAzso3RqfyLAQhznt,9zj4aX38Uxf3h6AUjS4EipWS8mwbEofasHAf3a1uKGds,CwQDG1MWunn9cLNwcZLd8YBacweSR7ARo32w4mLua1Yr,127690.02797000017,127707.64784300094,127629.40400309871,0.999525225517879,12.762940400309871,1.0,1143675.793197,1081456.114754,2224588.9198685708
KEVpg4SYCVrqFxKijQH6hm4QxsRdoE51ud64bEEFUC9,2bPenuBYfqzD8p5dFjCcggwkHDsc2RQDnx9AoyYGUBjA,AE6n6iLuX8oYu61vt5hoDYkjswpnxFxrhSehxrnQTnbx,597.4977717410002,599.6832384629997,595.657835318617,0.9969205970140743,0.23826313412744682,0.999850939222428,6115.589568263,1414.387880489,7510.934254217541
BSCrK1Nx9PXU9mF7STWWBqeHLxmtJDr9h7jheEy4tAWX,FfSySSbVJPvEo5a5AvrP3nySoXpRE2QPn1uUMpJJ1x7v,HL7Vcj6838ZmvBHDbQxXfjBNckNi83WvPiZQoMQLFeRM,0.052377514000000014,0.05236879900000002,195.2315978589853,3727.3933592759913,0.07809263914359413,3715.262297518205,0.890068846,0.914479085,6715.166372248291
AURHmCnNwiW4uA2Qj1XvEh4iKgRUZYXtiY7FKAapUV5Y,BKWm4TRnTeKwfWXRyuzjRHU7iZDkPuXBX5b5V5jSVfGJ,A5Ww74HVrkj9nPeC7pHKLfgeDMEhBCpW1efQdz3TGLEg,0.012406608999924629,0.011916333000044688,2.3297689330299667,187.7845052620035,0.0009319075732119867,167.83462784181788,290.079348838,1795.119188559,355755.56795177376
ALLwa5WNZbvQsRKAqe1jdRGemdYQnW8E5k4msbRFcYtu,CGoM82Hbz7QVqTgvQatYtjvDWBvoUJp5qm21P8iMs9yb,3dxNNww8TivyN5FMy5dCNdi3Zcxv6e4kUfSPxfFwpdNq,12.668600695999995,12.656245812000003,47065.42592413715,3715.124270906862,18.82617036965486,3721.4287309183746,2.285867739,6.430072283,32421.33845308
C98Sspw7XqnMsgxea3SLQVdbMDL8pKUc3RE82UvX9eq2,CSqgQJurPCzGxb4Cgwx5R61hWQUiaoUHcShNc8r1cKEL,6S2CR5EnukPhC914XkAns8m5GixjMAoUuZMsS5ubHuWc,9.043964999999957,9.042793999999958,0.0,0.0,0.0,1.0,865.218828,898.786798,898.786798
