0,1,2,3,4,5,6,7,8,9,10,11
BSCrK1Nx9PXU9mF7STWWBqeHLxmtJDr9h7jheEy4tAWX,FfSySSbVJPvEo5a5AvrP3nySoXpRE2QPn1uUMpJJ1x7v,HL7Vcj6838ZmvBHDbQxXfjBNckNi83WvPiZQoMQLFeRM,0.04185651400000001,0.04181014300000008,153.32618044617024,3663.1378438770653,0.0613304721784681,3651.767455448437,0.838242157,0.966227724,6599.035524695055
KZMu9QBEdL97EFgamLbN5DE1AoKBG4HdrKKJo4Vuon3,DD4ACBWyVqdaKWh7v5btsgqQCCMwbKnuL2xd9pv7Gyuw,GcYqiJ1MAuYbNTNYXm1F1gQYTfTgkErACAhNU5dpVj9T,54.52998155,54.310371069999746,54.33839848492576,0.9964866471686118,0.021735359393970307,1.0,1373.12535157,1715.27859802,3083.5796757482103
ercAoEmXjQzEvAFbdjAo81KtMxRGn9AW1ju882upmPH,CMRhskR2Eg6V42RTSdRTXGdozyPbWB8U9dVpijPWb9T4,7TKLLgrWswt6ZJ1pXhVR3FyufHGjJFqiEXxvWJfDcgRm,0.03808398400000357,0.04350662100000591,7.0903826823611045,186.17754598259575,0.0028361530729444423,131.88923414559517,36.271573088,316.845220906,48541.42599443646
BSC8REUo9LpiiWUuqMuLXs2D2yJsJfGd4HdiF3wCLxk5,AZjEH1zWVx1UJ6udMyRijGTzPteuLnaY18yNNmprJEsh,Caf8ypkSVR8xYnXNhjvfvdGCC7mrM3C11rz8Xi6NA6aK,6655.193039290001,6679.020240681,6644.112632720075,0.9983350736027474,2.6576450530880305,0.9998131729108835,3439.798005107,2777.165465841,6210.717610708102
wrmcMSHFi3sWpAEy4rGDvQb3ezh3PhXoV2xNjgLBkKU,8p4mGnARWPBu6P2Gcw4adodLkNDorrXniZMhaY7eJXUn,AyY89zccbsgp9LKFgH4CFZMJmpSgqmPSdTfukhP227rc,0.02540139000000001,0.2141665099999912,9.962071683772521,392.18608445335144,0.003984828673509008,3652.8345996493276,27.05531821,0.09864398,10971.049455610473
ALLwa5WNZbvQsRKAqe1jdRGemdYQnW8E5k4msbRFcYtu,CGoM82Hbz7QVqTgvQatYtjvDWBvoUJp5qm21P8iMs9yb,3dxNNww8TivyN5FMy5dCNdi3Zcxv6e4kUfSPxfFwpdNq,24.555851775000015,24.479282087000016,89816.57562179962,3657.64447695684,35.92663024871985,3661.447882950834,4.696799414,4.001563666,31830.739249359904
C2ypsDADXcCRz8HbV2zX1AXPSja7a1P3xZtRC91xGhJh,J9bYNuDpY1d1T86gLaw7DGk5D3CsUAf2tzUwxMvb6FTv,A2NGvvPrMGzsJ4jb52KEnSBVmsA7C34dV1GC7PerdgvG,86.16221519899955,86.90294106799774,16025.978529349151,185.997754263115,6.410391411739661,186.96159734005994,4235.114027323,2089.57288977,1178391.5833601789
BUSDTd9WiT6uBHJRgNvFXBsA7JrifsAtWzKfioN7ERcy,DyBxrn7gSc1EwnpWhDyhzvMHPtxpmBqRqotapLcKcfTM,Cds99GeBgoCpqBsoRWu1C6fF9LiUMd4pXQQD24s9LPff,477.40571362000003,475.90992621000004,475.793477904252,0.9966229232919668,0.04757934779042519,0.9992885065833126,117.35208504,67.91490506,184.82236209912713
SoNcU2iwHMw6dGzsYNQkYFkUjwN1UdAjrWVRnStrZu2,8ivTTid27jZnYNc4w3CTA1Z6QS2twsFb8WMwUabeDJgc,CyXm53PMvHCbeXJBykU46Rcbo28xk5srhMZFg7gv6EYB,9.60485478000001,9.574654641999995,2114.9033647399233,220.19108182080407,0.8459613458959694,217.58656463887593,15.255031512,19.44834081,7590.71955661169
KwnjUuZhTMTSGAaavkLEmSyfobY16JNH4poL9oeeEvE,J63v6qEZmQpDqCD8bd4PXu2Pq5ZbyXrFcSa3Xt1HdAPQ,BnKQtTdLw9qPCDgZkWX3sURkBAoKCUYL1yahh6Mw7mRK,382.18273499999975,17137.194788999797,8.431103587338525,0.02206039890142743,0.0008431103587338526,1.0,276695.312197,593.261962,6697.27092322082
WiiQFxXqp8P9Fs1rt9SVcDyA3KUdJmUsog6wnVQAwba,3S2jpqSYxho6wiz3cafhjXruVY8cg4HYa2v3BqBHYFSj,Dfe67M6TfrG74gKRtdqys4e6E9QirPD53BkF4FujFjuv,11583.355990973996,11591.375011481994,11552.736226087343,0.997356572230836,1.1552736226087343,0.9999082964103198,21021.120328818,5810.522809679,26775.542479481297
Lid8SLUxQ9RmF7XMqUA8c24RitTwzja8VSKngJxRcUa,4PgzyzLtds9bKZ2to9PMnKqJzKEUpjvNUaeN23phegax,AtymwxoVN9peZo7EXTcDz9jKVc4vRmisJKKrNfe3ewBa,64.06226158000356,54.05601398499823,14151.38879733867,220.90054968892784,1.415138879733867,186.35164294130723,959.125614937,7660.721556291,1639459.42369103
KysFMBBoavfov2tLpvefWW6tPFt6rAeZWDJVy1mMQae,B8ka2V21TH3x64dFV8ETcjuQcwmrciJ2qzy1mJUttRew,7fSf7EYxBANyxzk2s5pymFgshA91tFYQNKKs5UnLWcYS,28.242523000028996,33.03773600000159,0.0,0.0,0.0,0.022028300727189455,134139.643753,2890.506142,63.67293854976419
heyk4SZTeCUV6a65WiVA5bzic3KcxgVf1qxobfeV4tQ,9ZDpBKPqMABtGfq66FbVribaArMvtk63xxy91onZAtDt,DaTP4s6N7xxSPinbNZ3FB52EpRDRt87QShTuN3VPCW52,88.1800443559996,76.36960257400051,18919.26070226072,214.55263308646192,7.567704280904287,186.38300664119927,621.576572265,4478.829686793,968138.6335026536
AUSejoEUCh2DBs9mof6BNC8Pubs22w4cJa1ccV9h44R,4xkyD7AfGQDwsQMy9MosRRNGoVJ1zosNinesxg1TzHG7,Cbm5gsQe3nSiCsFrvepVzMCD9xLK3ri9g3ypS2hdmVJ7,1568.7004680000027,1572.2424930000016,1564.3796514028281,0.9972456076317212,0.15643796514028283,1.0,15441.534036,13438.288805,28837.290797496724
RoBgmK8CvjdHvPrqdDyVw54VwjZv2TqJ493xnqJAQHx,ExiHJxM7qPAcy27NDHAF6G7vnW7muNHi2sVJpnaNynGQ,6rkPHSqZb7StM4HwS9EuVrmfkV7tRdc7dnsFhyB6cefE,0.6137329999999999,34.3286449999996,0.0,0.0,0.0,0.946817273734342,6236.1915,19.476073,18.440282340911025
MiMUFdSLMyCLpqpH6zkqdDrGYs7XBomwENbivdYjv9V,,,0.018226069999999983,0.012538942999999997,0.0,0.0,0.0,0.946817273734342,6236.1915,19.476073,18.440282340911025
JSoLLrxK5bYdHwTEWYaGgmeycBCNXKDiBCTw5hXGBg7,xG4wXczA7Dk4hccJ61CHKpDHW4NrNfQwgmWgkb9BuF2,BVR6WgfhsRr9Lob4QDnkEAiNGgAbv7ZieKcY9kSg3QYR,3.4277554909999175,2.8982668400000016,745.8335417087154,217.58656463887593,0.29833341668348623,186.3549420585214,17.020277116,164.731425659,34401.89891077269
vEnkoSUkpnbRrPgBz9DfcVxNz67zjwMYBZraAvDDNSf,DtfyjjsZ5yCjWKLKHvwsfXs5QVsmm1QkK6Sh9JZHoq1g,e5wrKCRv4GhHvEf1VD5Pq2KGaZDXP77nTL612Jyrxwy,4893.733087999999,4895.364853999999,4893.116555314029,0.9998740158739998,0.48931165553140293,0.9999650012249571,1083.526738,866.412543,1949.7724504532284
FrnkTEL6yZ5Aycq2TrEgu29dCrwKG4LPUZydfiwqspkc,DjvZuMZ46fxKBoBpGMPcRcos4xdTtHFxwMh69DpA2ZFY,9rvDPJLAng4uVVqnnSoEXgNDFhBZQTny9AoQioYDZbQX,55.10766795500081,45.982891844000136,12352.248761416857,224.14755005607051,4.940899504566743,186.26649669227956,171.406413235,1440.753177267,306784.3745183186
BSCuChvaSj9b5HUSqgDVRzcnr2sSn7cXaamt1jbKH6hn,GnKpRj5kBVPMJfiwZtEuD9GYApLzPdW5JFuZTcyX4BTc,3dmwD9okkomV9nDwyuh4UMhKdUR13QpuKxRo89ycZB5t,897.452906709,900.6284910669997,894.8033635262843,0.9970477078374712,0.3579213454105138,0.9985171840084383,1621.235125695,1382.076417587,2996.475818513236
SAMyS8Jr2HJrkFwYVKbpUwsNStnQmvz3f8Tup8bWUWF,6jPzm5TFfquvgm25sTyN3MMGBfufRaFHMxobDWv6hMFW,Cj9ECoDmxsHTDzCY5ZA6RWrPbg9uFzEC1Qc2kso2vJG6,715.6089164300015,175.80998058999052,715.2398026250609,0.9994841961908718,0.28609592105002435,0.022126872121459886,487.83933565,108626.39976872,2891.1501629594763
RajgMbScQbqqrdJfR2rxfHJiTiY5b6bJ2tTXiF4aPxy,725ZA3fhyBAKb5iopNRrcbSuQa3LXA1656Q3mBvYPxeg,GLA6i1dSZpUfk2f9Nj8uiG7xyDdAR2reff8oEiZH3617,46010.17520299001,45947.77147845,45709.87549107504,0.993473189124143,18.28395019643002,1.0,40445.22024415,143577.03263286,183758.27457364404
DA1mL7dfBow33EH5yjUuZE6SH2KeUK5zEXzsyhE5r5j5,B4UtLRZND3D83CitRCBUyeiNr7H8m7YFRqBmiPmXjhW4,AAmpYbuixWiSqDaJBCqYEs1pb5SrbdPr9mgXrB58Q2e,1.6668111150000868,1.674766112000043,1.6600624118153988,0.9959511290007881,0.0006640249647261597,0.9999082964103198,2019.922910104,988.301801988,2999.9556739777063
daob129AwBGn9Y5r91uLoWZeYiGzbPmksauMhFZKTze,6VW5GQNyj4LStgmxEHLr5zUfW92vQnmbw8jTnCH7a38F,4VPCCUifPeBA1c7HWK358CHn2nyjm8pdTRk6Ps3KmnMQ,17.594664385999778,15.668456147000008,3669.5901005313294,208.5626653641233,1.467836040212532,185.95261852898835,45.317624578,227.507979874,51757.269163769066
BSCNHw8CmxbZ8hCWWzMf5FaG2ajPT6JxfznKUNuRVrn4,7n9kgNL633yGzCYksgnzHyjG73ZLBAwvEae5sbAekbzW,SscdxE99omdG9AiMVwmaEMQySQnCgeAh1sPj2Leutm2,857.7074243699999,856.6206766270006,859.6413750449832,1.0022547906430959,0.3438565500179933,0.9999082964103198,5007.749994307,6697.869297467,11716.29650094634
MATgk4zXLXtYkwBH678J1xZbRDZ45LicNzkRBHkxTuY,y8dALFo1bJrSzPYjMX14HJX448pXqYmrfXHD1K8MXih,GN7Yuet3UyiWS5YVkEHv6oQKi4HGBJc3XDPt9zQhAqZz,1330.9197760000006,1329.3523169999999,1334.2366884073815,1.0024921955982573,0.5336946753629527,1.0,2947.487467,5130.597526,8085.4307082911755
MATSnbbiTCv7Dc3trJrkrqjx7ckKdr6fwPoVwv9q3sD,631WX9JizSHJm4w6VanZeJAst9T8DeUUnPLesdGkCVtK,211maUSfpnXbPuW1iBu8b4dtJv5EbN1j7JJiEX5TZKEP,899.0205920000008,898.5207770000015,898.8731767990056,0.9998360268915897,0.35954927071960224,0.9972774326089776,21100.975237,24465.601858,45496.50785267957
Lee1XZJfJ9Hm2K1qTyeCz1LXNc1YBZaKZszvNY4KCDw,9DgFSWkPDGijNKcLGbr3p5xoJbHsPgXUTr6QvGBJ5vGN,2hNHZg7XBhuhHVZ3JDEi4buq2fPQwuWBdQ9xkH7t1GQX,1232.8406736501202,1036.919725434991,271171.8256423831,219.95691044124456,27.11718256423831,185.56921035661765,6677.716643569,53927.61313868,11476114.50828352
YakoMPuYrybnr9R7VC7hVGxMz94fJvPFCdZ4gmW61Ed,,,0.020828999999999986,0.020782999999999996,0.0,0.0,0.0,185.56921035661765,6677.716643569,53927.61313868,10007304.586562006
STK75uPSyBnEhGTTzb1nwmP3n427XoXmfRhXxxhyady,6TYyD5fUmDe6N65avW1Ny2RxzRNobw2RRgKwH9CTzSAU,54zDfk4cx2vGrEajPtodWpArNe5eUurytyxd4X3aZAxK,829.2080165530002,936.3702785470023,153716.36426737125,185.37732534999702,15.371636426737124,209.6788600515223,1586.127740213,275.285509202,351753.66990229907
GokA1R67GqSavkd15zR62QD68Tuc5AEfvjssntVDEbM8,3YB7hfpBdbQEuZqLGWVDpRPmeZWCUsrrWyqGXegnQ6Cg,4DPCj6Z1DsG6HUtwSogBGqXEUxdEV5a8YVrrFtcnz7UW,43313.78325499999,43301.71437800002,43315.819098497625,1.000047002209104,4.3315819098497625,1.0,16606.312648,15828.333303,32435.426484379524
C98Sspw7XqnMsgxea3SLQVdbMDL8pKUc3RE82UvX9eq2,CSqgQJurPCzGxb4Cgwx5R61hWQUiaoUHcShNc8r1cKEL,6S2CR5EnukPhC914XkAns8m5GixjMAoUuZMsS5ubHuWc,98.98988900000018,98.92206399999986,0.0,0.0,0.0,1.0,847.535671,916.442999,916.442999
4vezWG46exH6pf9nry3n1VJ7hZHvjBJNgNeF4qEFCML5,,,0.15200199999999953,0.15007799999999882,0.0,0.0,0.0,1.0,847.535671,916.442999,916.442999
YAkoNb6HKmSxQN9L8hiBE5tPJRsniSSMzND1boHmZxe,CfWX7o2TswwbxusJ4hCaPobu2jLCb1hfXuXJQjVq3jQF,EnTrdMMpdhugeH6Ban6gYZWXughWxKtVGfCwFn78ZmY3,8623262.398200003,8624190.373405965,8623262.398200003,1.0,862.3262398200004,0.9971889244220543,1157264.078542,337985.025957,1494299.0030468209
Cob4usZcpHEY7Qt4ZCwj6WVg9S44zvzYV2v9qYF65dTf,NhFM9UXE48PyNAyeyPYA3iXztqKVJwA4bTdLj4ysM8w,6TuFuynuBoeskxyR2cz4wxyidk8dpDK7kAWw3UkjQGx,115.59757200000868,2865.0245930000233,0.8382345791165776,0.007251316481945785,0.000335293831646631,1.0,74051.557143,163.143322,700.1145988247861
MARpDPs5A7XiyCWPNH8GsMWPLxmwNn9SBmKvPa9LzgA,6YjT74rmcfCpw8LSjPNx5JTmZoYLGrTKnf9arfSgZ4SR,F8GSmi3vA8M8TsybLya1LQ4n1aFHCRbZ6k437PeTdXtg,40539.21651400007,42782.02418799995,38184.02580250176,0.9419033983874614,15.273610321000707,1.0,297176.222764,15085.050241,294996.34438236087
SoN9GaFpSXfpyR5dth3x7PHPVhvJMpQqqDJfCSmPv1t,9kZ9iS68ViMPtoeqtnhAKuF2iqVyfHPdZHoUNdwCELr,BBhm5fJLjw3HRzjtKB8uMEYjGhY6EDm9co3cqpjrSzB9,5.691584708000001,5.865470765,1270.2280971210678,223.17652504330744,0.5080912388484271,217.55286099416438,0.850279539,1.414118461,497.40794980466006
B2izdXFYb2sNwbWWHmh75T4aQFtfXsUxem9u2p61HGzf,4DYwgJtxwuJdAjkj5RJSNH4e7U329V5cNp7d3a1nLrZv,EXNW64GEf1ACC6xY9BtKRiunrs6GoJSXBdxWN2eTPmrF,6677.781224000017,6573.714886999998,6771.45756799567,1.014028064240706,0.6771457567995669,1.0,8234.160593,31532.152378,39881.822304766894
AURHmCnNwiW4uA2Qj1XvEh4iKgRUZYXtiY7FKAapUV5Y,BKWm4TRnTeKwfWXRyuzjRHU7iZDkPuXBX5b5V5jSVfGJ,A5Ww74HVrkj9nPeC7pHKLfgeDMEhBCpW1efQdz3TGLEg,0.45959167699993486,0.41063977700008536,92.55621431782252,201.38792530360737,0.03702248572712902,185.39550608709067,290.093755115,1795.102760561,391225.3642586827
TETFuZgEmET6d9vYmz9iMFCxK1jKdKYxf3oPz8hSzJK,Eu1Ze6Z84LWNkq7SNoAHBJbXx5t1P95EwyqYohrfCRFV,ASMbv7WNu3qe4pkhREmvyEdwFNDZQ6B6iSrjkj4u8bdC,6.275800535000002,6.2493268959999995,6.294343614639637,1.0029546955063695,0.002517737445855855,0.9969523167676413,43.736788578,207.87222992,251.10471868107425
BkwbeSfcX1h4thMDd7obGkHrPevf3QwgzJ4pCEqG18Lu,35yX27bmurdebhfAb8EPmjLETDiUaEUCn9zHaDPbakH2,2CxECn1ZJFoESyUnQysQU8rRgT3iJ5GRs2Mdd6gZjx5g,0.2182301000000031,0.14595123999999837,479.96415061142585,2199.3489926981615,0.19198566024457034,1472.7540500736377,0.896522,21.9461218,34293.0045219911
moFiBS1R4Lf3E3zzmBPnw3NF4RhWPkhREFviuzUaCAU,44ALBrpqi9PfZkBRTvbtRNtFJGsatfY4QydjtMbFWq8S,2ho8qEEie1UjVwWNBo9y4oAJZMyMLx8zPj9bxyUz6uWs,2920.1796113279997,2921.071019439005,2920.6652390993004,1.0001663006513082,1.1682660956397202,0.9999151162058701,32692.950948807,31728.308522706,64424.003111340244
MAR3XM1n9xWPQ3HJjAcC85o8DopWFP5p2WxGTaZ3fPB,6qG7GUhER8Cg9gDEgnebph9LdS6eu2eoWcA4R7z9uizK,4QV4CwRXVMY227KkFF9voNAfwWHVvVajXSXDKbUHkWZR,0.010256000000000001,0.4334600000000002,0.009671156172764418,0.9429754458623651,3.868462469105768e-06,0.02206274193727024,0.108884,24.413567,0.6413051669365346
MiMuMS9C4vBqcrYeeQPph1E7oAW9aNKvW9k6Zw9XffM,Afy2q2hh6Y474pshJa5fnQ6PfEchGyTbKrQpCZw2hr3m,5pXz9ksgjeL8Wgb37bksUaBFMLdFfsNNY3FQnikkCPtS,0.012538942999999136,0.8271330000006856,0.0,0.0,0.0,0.022082492063994,26.006551294,7673.713867602,169.45472558268187
ALBpShJ9NLpE739pcHDF2LNVk5J4VYPvvKuV6jMPitZi,D6d156U1bPiJpDYRLextvDRccgFk7QzkQbJg42ceKEu5,GNcM8U5g8RwTZffwwm3kSQqUNPSwv5d2fbN9sLxPJqt2,237.05609399999958,237.10484900000301,236.3121832471376,0.9968618788055202,0.09452487329885505,0.9955370075949518,51177.007146,49139.380435,99936.47924853492
7dwD9TF6uikvHXxPFK9AsSim54yJoujQjY9vU6gNFumk,CquVr6atkvwueDYficKjn6SSEWq4F4rH4VSiBbW4GBWU,8BCa6ge3b7ho3TfZuM64Vk1hgbrJ3J7EPiAb9uP86CGd,0.0037083319999999995,0.003755396,0.8168123162859953,220.2640745990368,0.0003267249265143981,219.5211365926368,0.004123578,0.003389003,1.652233882682803
DFWzVTzNBrQZLjoQ4yQwkj9HuoXmfkuZP9V5vbymZe23,DhgiEgiNdqZdRdo195UUHnoEJUtefK8buko8nU97XJUZ,2K2kkXsouBHtWVjtcgkyiXd8eP3oVBvq1bTJzcVdLLr2,37.34455058599997,37.0225611479982,36.99997910459363,0.9907731790582716,0.014799991641837451,0.9999151162058701,41522.895387484,26448.880962005,67586.40694740001
KEN5P7p3asnb23Sw6yAmJRGvijfAzso3RqfyLAQhznt,9zj4aX38Uxf3h6AUjS4EipWS8mwbEofasHAf3a1uKGds,CwQDG1MWunn9cLNwcZLd8YBacweSR7ARo32w4mLua1Yr,107800.64253399917,107808.26051400043,107699.62029016699,0.9990628790194797,10.7699620290167,1.0,1157050.415389,1108887.370589,2264853.489758219
HEDSDjj84KS7LKhZY7ejkCACTdPen62rKhCby1wXtgxc,EnnjMSFttpCTywBrYNt1J5QQeoSVkvzPipJDa8Y7kJow,6bjVT6JN2rSvpyn9PdfLYC8wJn4LWh49jpY47fnLDXZk,5.65363226899899,5.834628072007035,5.477608450502353,0.9688653576813189,0.0021910433802009416,0.9999311737373804,38815.260015973,9072.407853316,46678.54421225957
KEVpg4SYCVrqFxKijQH6hm4QxsRdoE51ud64bEEFUC9,2bPenuBYfqzD8p5dFjCcggwkHDsc2RQDnx9AoyYGUBjA,AE6n6iLuX8oYu61vt5hoDYkjswpnxFxrhSehxrnQTnbx,851.0536022019999,852.2183118160001,849.199338929875,0.9978212144718885,0.33967973557195,0.9999508924116737,5650.648669758,1877.621288084,7515.866200842641
Sid7E679i9ABqptiAVhkmQ27YHN8vaYT4fppPwmxFsJ,GP7KB8o1bv527HG8kTzzzf4wJ5aEGHvcMQvVhLziUfmT,9gYxhAZ1M9wu5pxr8SBoa5NDm21gi3s9vMHaYTME77sa,971.5623769999966,2959.2692660000175,7.045106277578499,0.007251316481945785,0.0028180425110314,0.02208660799506497,135759.607478,8771.048215,1178.1585829182309
SEQV6QiTpvTzrceiaYg9Avnwf7oc8ZALpnQMz6TyT4A,3dFMPj4r9mMmPHF32mz1gNDX7f8ftidWof7S8YiYTs1j,Fc1ED3YPeQfXQosHbd8DTaBd2AV5gHQtwiSAL5C5pUhi,1228.169221737,1228.388828917,1226.3159615506343,0.998491038406137,0.4905263846202537,0.9985171840084383,3321.306256232,2226.700389689,5539.693135392641
parEAJhzYzHW87y9VoZAQ22dzQ2MD2ekEtTReaxbMcz,3oyc6hpjYSJEquK6dSvG72NXyz3pqLZz5D8AC71pwgQb,Di2vordgFJVZ1aj1aBpvzXtLfZgJsuLLXawGtVFwX6Rz,6.76234166699993,7.92401671099978,1226.1756724314314,181.32412303494513,0.49047026897257257,211.51191679290403,1103.036687015,140.170752973,229654.94458799003
BUSDgu5JdqP1rndBvXvanbEufS94FNh1w5FJcAj6vawb,Bgzr8cWubt89JQFXndVjtdKmDbGzuPxNhvjH1EhWCwbo,Dxaf8xPBBQsasRKW5Aa4Sw2YrbfGofY9xZueyyF23FBW,7831.090747989996,7837.05158107001,7817.647833481455,0.9982833918107779,3.127059133392582,1.0,7903.59647962,7223.11987943,15113.148980608777
oKQqupM9E7SSLAFDLxr7mdsXP7znck9qRbVWc6Yyj7Q,CMR2J7CwfW98RpvnJmFBgRFTLAd3x8CJ1SWs8Bt3uunG,FmRb5jHfSNj1YWP3b45d9vvYuhwjp4om8bALmtqZpr1v,376.63712561999955,371.5016343799998,381.2558032983611,1.0122629378895098,0.15250232131934444,1.0,2176.16186001,3720.4519216,5923.299919336823
