0,1,2,3,4,5,6,7,8,9,10,11
BSC8REUo9LpiiWUuqMuLXs2D2yJsJfGd4HdiF3wCLxk5,AZjEH1zWVx1UJ6udMyRijGTzPteuLnaY18yNNmprJEsh,Caf8ypkSVR8xYnXNhjvfvdGCC7mrM3C11rz8Xi6NA6aK,435.0300916230003,435.0876239919994,435.0269585588448,0.9999927980518685,0.17401078342353793,0.9999112928696531,2992.448903758,3218.699610402,6210.8414410923215
wrmcMSHFi3sWpAEy4rGDvQb3ezh3PhXoV2xNjgLBkKU,8p4mGnARWPBu6P2Gcw4adodLkNDorrXniZMhaY7eJXUn,AyY89zccbsgp9LKFgH4CFZMJmpSgqmPSdTfukhP227rc,0.012635829999999612,0.08848362999999784,4.744960570784683,375.51633496057076,0.0018979842283138734,3096.550442806713,26.98938068,0.1061392,10463.618702568387
KysFMBBoavfov2tLpvefWW6tPFt6rAeZWDJVy1mMQae,B8ka2V21TH3x64dFV8ETcjuQcwmrciJ2qzy1mJUttRew,7fSf7EYxBANyxzk2s5pymFgshA91tFYQNKKs5UnLWcYS,14.788923000000068,18.891635000007227,0.0,0.0,0.0,0.023186421308265533,134164.834796,2870.754016,66.56251208737125
B2izdXFYb2sNwbWWHmh75T4aQFtfXsUxem9u2p61HGzf,4DYwgJtxwuJdAjkj5RJSNH4e7U329V5cNp7d3a1nLrZv,EXNW64GEf1ACC6xY9BtKRiunrs6GoJSXBdxWN2eTPmrF,5084.228897000015,5012.995557999997,5160.281120148768,1.0149584577503243,0.5160281120148769,1.0,8754.323153,31001.683833,39886.95815901684
FrnkTEL6yZ5Aycq2TrEgu29dCrwKG4LPUZydfiwqspkc,DjvZuMZ46fxKBoBpGMPcRcos4xdTtHFxwMh69DpA2ZFY,9rvDPJLAng4uVVqnnSoEXgNDFhBZQTny9AoQioYDZbQX,63.64669514399782,53.01395363699967,13217.706861934312,207.67310591743748,5.287082744773725,172.94266967794442,172.100527254,1439.835466095,284749.6404283235
NorjjEePhxfwLF4vZjUHCrVVKLzQjEEGQFd3wgjEJmh,34M8pFVqgbV7aqHxvRT5tCv3vu2P1JJYT8J3VaxBK2oG,3AZWBSze3ucsY3xSeuLne3b2pauVqiaJ1SZSV5T9WGWw,135.48299300000008,237.68531300000905,76.77604026176269,0.5666839694171995,0.03071041610470508,1.0,38234.087171,2132.435082,23799.0793671055
Cob4usZcpHEY7Qt4ZCwj6WVg9S44zvzYV2v9qYF65dTf,NhFM9UXE48PyNAyeyPYA3iXztqKVJwA4bTdLj4ysM8w,6TuFuynuBoeskxyR2cz4wxyidk8dpDK7kAWw3UkjQGx,142.53187599999586,574.7565289999766,1.0621481587382435,0.00745200434138869,0.00042485926349529745,1.0,73657.070623,166.013055,714.9058650565694
KEVpg4SYCVrqFxKijQH6hm4QxsRdoE51ud64bEEFUC9,2bPenuBYfqzD8p5dFjCcggwkHDsc2RQDnx9AoyYGUBjA,AE6n6iLuX8oYu61vt5hoDYkjswpnxFxrhSehxrnQTnbx,163.56923378700048,163.22453600900008,163.87231202289598,1.0018529049068614,0.0655489248091584,0.9999112928696531,1697.117443244,5828.682952001,7528.427946744732
GokA1R67GqSavkd15zR62QD68Tuc5AEfvjssntVDEbM8,3YB7hfpBdbQEuZqLGWVDpRPmeZWCUsrrWyqGXegnQ6Cg,4DPCj6Z1DsG6HUtwSogBGqXEUxdEV5a8YVrrFtcnz7UW,16843.610445000002,16839.834690999996,16846.40694855346,1.000166027560575,1.6846406948553463,1.0,14802.96135,17622.602554,32428.02160356223
moFiBS1R4Lf3E3zzmBPnw3NF4RhWPkhREFviuzUaCAU,44ALBrpqi9PfZkBRTvbtRNtFJGsatfY4QydjtMbFWq8S,2ho8qEEie1UjVwWNBo9y4oAJZMyMLx8zPj9bxyUz6uWs,109.07514978700056,108.97508764400118,109.17329920314337,1.0008998329714374,0.043669319681257354,0.9999112928696531,28136.839051755,36284.527909303,64443.46672020196
YAkoNb6HKmSxQN9L8hiBE5tPJRsniSSMzND1boHmZxe,CfWX7o2TswwbxusJ4hCaPobu2jLCb1hfXuXJQjVq3jQF,EnTrdMMpdhugeH6Ban6gYZWXughWxKtVGfCwFn78ZmY3,5941174.204157047,5942366.7520290045,5941174.204157047,1.0,594.1174204157047,0.9986996929997145,1087390.154953,402263.541815,1489130.6306686183
MARpDPs5A7XiyCWPNH8GsMWPLxmwNn9SBmKvPa9LzgA,6YjT74rmcfCpw8LSjPNx5JTmZoYLGrTKnf9arfSgZ4SR,F8GSmi3vA8M8TsybLya1LQ4n1aFHCRbZ6k437PeTdXtg,22228.715642999974,23348.42814400042,20520.733917572572,0.9231632743493545,8.20829356702903,1.0,296283.83521,15907.380955,289425.73640424816
7dwD9TF6uikvHXxPFK9AsSim54yJoujQjY9vU6gNFumk,CquVr6atkvwueDYficKjn6SSEWq4F4rH4VSiBbW4GBWU,8BCa6ge3b7ho3TfZuM64Vk1hgbrJ3J7EPiAb9uP86CGd,4.328600000000002e-05,4.3464999999999476e-05,0.008787162127871218,203.00240557850609,3.514864851148487e-06,204.92407972694275,0.003957448,0.003552023,1.531266508395782
Lid8SLUxQ9RmF7XMqUA8c24RitTwzja8VSKngJxRcUa,4PgzyzLtds9bKZ2to9PMnKqJzKEUpjvNUaeN23phegax,AtymwxoVN9peZo7EXTcDz9jKVc4vRmisJKKrNfe3ewBa,43.013848546010195,36.33062910599995,8762.503131282821,203.7135347679927,0.876250313128282,171.91849000551858,962.947104701,7656.180887913,1512404.4159523584
heyk4SZTeCUV6a65WiVA5bzic3KcxgVf1qxobfeV4tQ,9ZDpBKPqMABtGfq66FbVribaArMvtk63xxy91onZAtDt,DaTP4s6N7xxSPinbNZ3FB52EpRDRt87QShTuN3VPCW52,71.15030105299866,61.63252047099979,13716.201908770325,192.77784782039583,5.48648076350813,171.88982549744915,626.658892595,4472.905966233,889652.9786342663
ALLwa5WNZbvQsRKAqe1jdRGemdYQnW8E5k4msbRFcYtu,CGoM82Hbz7QVqTgvQatYtjvDWBvoUJp5qm21P8iMs9yb,3dxNNww8TivyN5FMy5dCNdi3Zcxv6e4kUfSPxfFwpdNq,10.985154133000002,10.81500007,34032.94545201066,3098.085383233162,13.613178180804264,3087.324987264785,1.380580571,7.304326794,26827.987113654668
KZMu9QBEdL97EFgamLbN5DE1AoKBG4HdrKKJo4Vuon3,DD4ACBWyVqdaKWh7v5btsgqQCCMwbKnuL2xd9pv7Gyuw,GcYqiJ1MAuYbNTNYXm1F1gQYTfTgkErACAhNU5dpVj9T,20.491146889999868,21.32485837000013,19.687169733545822,0.9607646579876695,0.007874867893418328,1.0,2383.3244944,716.46898991,3006.282932645851
SoN9GaFpSXfpyR5dth3x7PHPVhvJMpQqqDJfCSmPv1t,9kZ9iS68ViMPtoeqtnhAKuF2iqVyfHPdZHoUNdwCELr,BBhm5fJLjw3HRzjtKB8uMEYjGhY6EDm9co3cqpjrSzB9,0.19371631999999983,0.18969330500000003,40.0791170013001,206.895923902024,0.01603164680052004,202.3973971694724,0.845499617,1.376861762,453.60366130899604
Lee1XZJfJ9Hm2K1qTyeCz1LXNc1YBZaKZszvNY4KCDw,9DgFSWkPDGijNKcLGbr3p5xoJbHsPgXUTr6QvGBJ5vGN,2hNHZg7XBhuhHVZ3JDEi4buq2fPQwuWBdQ9xkH7t1GQX,1689.7418754939808,1422.5485857510093,345392.41048656683,204.4054275364363,34.539241048656685,171.20359034473384,6698.120287014,53903.746039993,10597646.996035105
CZgvH45CRmoaNJ7395Ao5CQZXkGznvqU7cErD6n7FaRg,4ZjU6MKvtqVQKCiowhvZ5yUsPxXX5SCzd5eFsPeXyey5,BsyWeshjDbCvjDojry3vKDCesmFRM37WtwcR4Kfgzqr,12.541029229999936,12.24235440999999,12.86721215748739,1.026009262996308,0.005146884862994957,1.0,228.74426107,576.08989175,810.7836224650657
BUSDTd9WiT6uBHJRgNvFXBsA7JrifsAtWzKfioN7ERcy,DyBxrn7gSc1EwnpWhDyhzvMHPtxpmBqRqotapLcKcfTM,Cds99GeBgoCpqBsoRWu1C6fF9LiUMd4pXQQD24s9LPff,514.7689704700001,513.65382892,514.0196891093823,0.9985444317672572,0.05140196891093823,0.9996051559633945,99.89320176,74.25173648,173.97021901349444
MATgk4zXLXtYkwBH678J1xZbRDZ45LicNzkRBHkxTuY,y8dALFo1bJrSzPYjMX14HJX448pXqYmrfXHD1K8MXih,GN7Yuet3UyiWS5YVkEHv6oQKi4HGBJc3XDPt9zQhAqZz,3068.499881999999,3062.2032760000006,3072.8264216016146,1.001409985259245,1.2291305686406457,1.0,3450.076153,4624.570061,8079.510770519004
HEDSDjj84KS7LKhZY7ejkCACTdPen62rKhCby1wXtgxc,EnnjMSFttpCTywBrYNt1J5QQeoSVkvzPipJDa8Y7kJow,6bjVT6JN2rSvpyn9PdfLYC8wJn4LWh49jpY47fnLDXZk,7.840456357998846,8.026935150002828,7.596239925855293,0.9688517579854388,0.0030384959703421174,0.9999112928696531,38839.037615253,9049.366340666,46677.833469346915
STK75uPSyBnEhGTTzb1nwmP3n427XoXmfRhXxxhyady,6TYyD5fUmDe6N65avW1Ny2RxzRNobw2RRgKwH9CTzSAU,54zDfk4cx2vGrEajPtodWpArNe5eUurytyxd4X3aZAxK,922.9525325479997,1042.1578350420002,158863.04880031568,172.12483112402506,15.886304880031568,194.18999082646482,1809.34242448,315.702866452,372739.0959993566
BSCNHw8CmxbZ8hCWWzMf5FaG2ajPT6JxfznKUNuRVrn4,7n9kgNL633yGzCYksgnzHyjG73ZLBAwvEae5sbAekbzW,SscdxE99omdG9AiMVwmaEMQySQnCgeAh1sPj2Leutm2,112.54394791899995,112.25359415100047,112.82946864370574,1.0025369709343348,0.0451317874574823,0.9999112928696531,4798.099999677,6907.101929837,11716.761860562003
BSCrK1Nx9PXU9mF7STWWBqeHLxmtJDr9h7jheEy4tAWX,FfSySSbVJPvEo5a5AvrP3nySoXpRE2QPn1uUMpJJ1x7v,HL7Vcj6838ZmvBHDbQxXfjBNckNi83WvPiZQoMQLFeRM,0.006387440000000022,0.006381674000000004,19.920597545572274,3118.7138424113896,0.00796823901822891,3111.290874583865,0.839846374,0.964471397,5619.991568376065
KEN5P7p3asnb23Sw6yAmJRGvijfAzso3RqfyLAQhznt,9zj4aX38Uxf3h6AUjS4EipWS8mwbEofasHAf3a1uKGds,CwQDG1MWunn9cLNwcZLd8YBacweSR7ARo32w4mLua1Yr,142564.94041799917,142566.8885309978,142414.83518171762,0.9989471097463273,14.241483518171764,1.0,1137529.425606,1103229.584786,2239561.3167465134
AUSejoEUCh2DBs9mof6BNC8Pubs22w4cJa1ccV9h44R,4xkyD7AfGQDwsQMy9MosRRNGoVJ1zosNinesxg1TzHG7,Cbm5gsQe3nSiCsFrvepVzMCD9xLK3ri9g3ypS2hdmVJ7,358.5225849999988,357.52193499999885,359.3948362676203,1.0024329046596088,0.035939483626762025,1.0,13563.810171,15315.154983,28911.964610967072
RajgMbScQbqqrdJfR2rxfHJiTiY5b6bJ2tTXiF4aPxy,725ZA3fhyBAKb5iopNRrcbSuQa3LXA1656Q3mBvYPxeg,GLA6i1dSZpUfk2f9Nj8uiG7xyDdAR2reff8oEiZH3617,16725.57634439002,16727.268893889966,16736.672925906627,1.0006634498739009,6.694669170362651,1.0,83054.19205087,100889.51258295,183998.8069270631
vEnkoSUkpnbRrPgBz9DfcVxNz67zjwMYBZraAvDDNSf,DtfyjjsZ5yCjWKLKHvwsfXs5QVsmm1QkK6Sh9JZHoq1g,e5wrKCRv4GhHvEf1VD5Pq2KGaZDXP77nTL612Jyrxwy,1937.1943320000003,1938.6212789999997,1918.6942817355068,0.9904500803255016,0.19186942817355068,0.9926947592665575,1226.637176,722.48858,1932.1335164953834
Sid7E679i9ABqptiAVhkmQ27YHN8vaYT4fppPwmxFsJ,GP7KB8o1bv527HG8kTzzzf4wJ5aEGHvcMQvVhLziUfmT,9gYxhAZ1M9wu5pxr8SBoa5NDm21gi3s9vMHaYTME77sa,231.80947099999685,712.0854370000015,1.727445184266992,0.00745200434138869,0.0006909780737067969,0.0230727829322503,136154.093998,8642.003371,1214.0159674497982
BSCuChvaSj9b5HUSqgDVRzcnr2sSn7cXaamt1jbKH6hn,GnKpRj5kBVPMJfiwZtEuD9GYApLzPdW5JFuZTcyX4BTc,3dmwD9okkomV9nDwyuh4UMhKdUR13QpuKxRo89ycZB5t,120.11934243199994,119.95308599999998,120.0701778966075,0.9995907025929628,0.04802807115864301,0.9998500224966254,1635.987305723,1366.063243497,3001.1760651031104
SoNcU2iwHMw6dGzsYNQkYFkUjwN1UdAjrWVRnStrZu2,8ivTTid27jZnYNc4w3CTA1Z6QS2twsFb8WMwUabeDJgc,CyXm53PMvHCbeXJBykU46Rcbo28xk5srhMZFg7gv6EYB,0.8261965049999915,0.8181473560000025,169.20592788503603,204.8010695531056,0.06768237115401442,202.3811764458263,15.225448141,19.473782059,7059.314986652189
WiiQFxXqp8P9Fs1rt9SVcDyA3KUdJmUsog6wnVQAwba,3S2jpqSYxho6wiz3cafhjXruVY8cg4HYa2v3BqBHYFSj,Dfe67M6TfrG74gKRtdqys4e6E9QirPD53BkF4FujFjuv,1242.3713563490019,1237.0187545689996,1246.4801738192486,1.0033072377669117,0.12464801738192485,0.9999112928696531,5076.219843446,21753.047681449,26844.126140438268
MATSnbbiTCv7Dc3trJrkrqjx7ckKdr6fwPoVwv9q3sD,631WX9JizSHJm4w6VanZeJAst9T8DeUUnPLesdGkCVtK,211maUSfpnXbPuW1iBu8b4dtJv5EbN1j7JJiEX5TZKEP,5973.106094999999,5967.687721999995,5977.266272325538,1.0006964847533883,2.390906508930215,0.9982530571499876,20112.885712,25453.363676,45535.79213456249
parEAJhzYzHW87y9VoZAQ22dzQ2MD2ekEtTReaxbMcz,3oyc6hpjYSJEquK6dSvG72NXyz3pqLZz5D8AC71pwgQb,Di2vordgFJVZ1aj1aBpvzXtLfZgJsuLLXawGtVFwX6Rz,4.387178123000012,5.174248590000843,736.0995126873457,167.78427774069743,0.29443980507493833,197.62420137589922,1102.231366347,140.848845841,212772.23437971825
daob129AwBGn9Y5r91uLoWZeYiGzbPmksauMhFZKTze,6VW5GQNyj4LStgmxEHLr5zUfW92vQnmbw8jTnCH7a38F,4VPCCUifPeBA1c7HWK358CHn2nyjm8pdTRk6Ps3KmnMQ,10.739235113999996,9.599627209000005,2066.315184765592,192.40804050112288,0.826526073906237,171.62379103910996,48.022221664,224.438532139,47758.853311829116
SAMyS8Jr2HJrkFwYVKbpUwsNStnQmvz3f8Tup8bWUWF,6jPzm5TFfquvgm25sTyN3MMGBfufRaFHMxobDWv6hMFW,Cj9ECoDmxsHTDzCY5ZA6RWrPbg9uFzEC1Qc2kso2vJG6,473.4535968800046,10.91765203999995,454.8774830794496,0.9607646579876695,0.18195099323177985,0.022595834687810516,504.78499628,107882.70079058,2922.6792570467314
C98Sspw7XqnMsgxea3SLQVdbMDL8pKUc3RE82UvX9eq2,CSqgQJurPCzGxb4Cgwx5R61hWQUiaoUHcShNc8r1cKEL,6S2CR5EnukPhC914XkAns8m5GixjMAoUuZMsS5ubHuWc,32.62608999999986,32.63420499999995,0.0,0.0,0.0,1.0,890.064203,873.829055,873.829055
YakoMPuYrybnr9R7VC7hVGxMz94fJvPFCdZ4gmW61Ed,,,0.36621899999999985,0.36605299999999996,0.0,0.0,0.0,1.0,890.064203,873.829055,873.829055
2jQoGQRixdcfuRPt9Zui7pk6ivnrQv79mf8h13Tyoa9K,,,0.00023028300000000018,0.0002813360000000001,0.0,0.0,0.0,1.0,890.064203,873.829055,873.829055
ercAoEmXjQzEvAFbdjAo81KtMxRGn9AW1ju882upmPH,CMRhskR2Eg6V42RTSdRTXGdozyPbWB8U9dVpijPWb9T4,7TKLLgrWswt6ZJ1pXhVR3FyufHGjJFqiEXxvWJfDcgRm,22.86362120399997,18.795630689,3930.6853152671883,171.91875600963502,1.5722741261068753,152.77622667469862,39.737516891,323.712218332,56287.15571607175
DFWzVTzNBrQZLjoQ4yQwkj9HuoXmfkuZP9V5vbymZe23,DhgiEgiNdqZdRdo195UUHnoEJUtefK8buko8nU97XJUZ,2K2kkXsouBHtWVjtcgkyiXd8eP3oVBvq1bTJzcVdLLr2,4046.4583990839965,4075.7156867930025,4008.892780642704,0.9907164204505856,1.6035571122570818,0.9999112928696531,41558.101808165,26413.996530762,67583.94728503501
7oAd7xG4m3oC2qeWB1szghTebAZyyGPAFDJ4wwwbRSNi,D9yh4KAysxt9GLacVe4Wwh2XqghhcjTCSTV9HuM7TBJd,HDYfJLpZKaMFb84jM4mRytn7XLR8UFZUnQpSfhJJaNEy,0.180014179000068,7.918172976002097,0.17999821045882713,0.9999112928696531,7.199928418353086e-05,0.02276732843846204,955.224689799,300101.017633752,7787.638387742252
BUSDgu5JdqP1rndBvXvanbEufS94FNh1w5FJcAj6vawb,Bgzr8cWubt89JQFXndVjtdKmDbGzuPxNhvjH1EhWCwbo,Dxaf8xPBBQsasRKW5Aa4Sw2YrbfGofY9xZueyyF23FBW,6818.419508969998,6832.770500579997,6797.280781413496,0.9968997613701103,2.7189123125653984,1.0,8768.01596075,6346.61168139,15087.444700350992
JSoLLrxK5bYdHwTEWYaGgmeycBCNXKDiBCTw5hXGBg7,xG4wXczA7Dk4hccJ61CHKpDHW4NrNfQwgmWgkb9BuF2,BVR6WgfhsRr9Lob4QDnkEAiNGgAbv7ZieKcY9kSg3QYR,0.5951255620000211,0.5059212519999896,119.8395419269397,201.36850032823065,0.04793581677077588,171.80132139268338,17.074058518,164.665626383,31727.949758839415
RoBgmK8CvjdHvPrqdDyVw54VwjZv2TqJ493xnqJAQHx,ExiHJxM7qPAcy27NDHAF6G7vnW7muNHi2sVJpnaNynGQ,6rkPHSqZb7StM4HwS9EuVrmfkV7tRdc7dnsFhyB6cefE,18.89163499999995,0.34897399999999834,0.0,0.0,0.0,0.9504944472114394,6211.000457,19.938985,18.95189452553218
KwnjUuZhTMTSGAaavkLEmSyfobY16JNH4poL9oeeEvE,J63v6qEZmQpDqCD8bd4PXu2Pq5ZbyXrFcSa3Xt1HdAPQ,BnKQtTdLw9qPCDgZkWX3sURkBAoKCUYL1yahh6Mw7mRK,257.20701700003895,6902.359884000198,5.898991043182393,0.022934798249230892,0.0005898991043182394,1.0,275946.890415,610.081078,6938.86733717065
C2ypsDADXcCRz8HbV2zX1AXPSja7a1P3xZtRC91xGhJh,J9bYNuDpY1d1T86gLaw7DGk5D3CsUAf2tzUwxMvb6FTv,A2NGvvPrMGzsJ4jb52KEnSBVmsA7C34dV1GC7PerdgvG,4113.690832583996,4140.513798952997,707723.3547823683,172.04096845990128,283.0893419129473,172.85080762811356,3796.199107817,2095.519595756,1015314.0255024125
AURHmCnNwiW4uA2Qj1XvEh4iKgRUZYXtiY7FKAapUV5Y,BKWm4TRnTeKwfWXRyuzjRHU7iZDkPuXBX5b5V5jSVfGJ,A5Ww74HVrkj9nPeC7pHKLfgeDMEhBCpW1efQdz3TGLEg,0.009341367999923023,0.008350471000028392,1.8013015679485895,192.83059697074702,0.0007205206271794359,172.1190836861918,290.125761278,1795.066754965,364910.36876395077
