0,1,2,3,4,5,6,7,8,9,10,11
B2izdXFYb2sNwbWWHmh75T4aQFtfXsUxem9u2p61HGzf,4DYwgJtxwuJdAjkj5RJSNH4e7U329V5cNp7d3a1nLrZv,EXNW64GEf1ACC6xY9BtKRiunrs6GoJSXBdxWN2eTPmrF,5202.600710000021,5130.154312999995,5245.583017243312,1.0082616963398083,0.5245583017243312,1.0,8750.005927,31007.2575,39829.553318940394
C98Sspw7XqnMsgxea3SLQVdbMDL8pKUc3RE82UvX9eq2,CSqgQJurPCzGxb4Cgwx5R61hWQUiaoUHcShNc8r1cKEL,6S2CR5EnukPhC914XkAns8m5GixjMAoUuZMsS5ubHuWc,49.95637699999952,49.939514999999915,0.0,0.0,0.0,1.0,857.225389,906.716654,906.716654
AUSejoEUCh2DBs9mof6BNC8Pubs22w4cJa1ccV9h44R,4xkyD7AfGQDwsQMy9MosRRNGoVJ1zosNinesxg1TzHG7,Cbm5gsQe3nSiCsFrvepVzMCD9xLK3ri9g3ypS2hdmVJ7,1842.5103629999994,1846.6096300000008,1840.5906269760635,0.9989580867155557,0.18405906269760636,1.0,14859.633766,14018.903432,28863.05474817723
FrnkTEL6yZ5Aycq2TrEgu29dCrwKG4LPUZydfiwqspkc,DjvZuMZ46fxKBoBpGMPcRcos4xdTtHFxwMh69DpA2ZFY,9rvDPJLAng4uVVqnnSoEXgNDFhBZQTny9AoQioYDZbQX,34.246778856000645,28.553951843000192,7249.146183203819,211.67381065777636,2.899658473281528,177.6440000028423,171.434656386,1440.707544508,292221.27803670516
BUSDTd9WiT6uBHJRgNvFXBsA7JrifsAtWzKfioN7ERcy,DyBxrn7gSc1EwnpWhDyhzvMHPtxpmBqRqotapLcKcfTM,Cds99GeBgoCpqBsoRWu1C6fF9LiUMd4pXQQD24s9LPff,1660.25238778,1637.37641193,1655.0041544556811,0.9968388942771909,0.1655004154455681,0.997750073584068,137.99206074,86.40476376,223.76621264664658
GokA1R67GqSavkd15zR62QD68Tuc5AEfvjssntVDEbM8,3YB7hfpBdbQEuZqLGWVDpRPmeZWCUsrrWyqGXegnQ6Cg,4DPCj6Z1DsG6HUtwSogBGqXEUxdEV5a8YVrrFtcnz7UW,20621.07523999999,20616.280630999998,20627.34595316975,1.000304092444103,2.062734595316975,1.0,12733.866086,19696.812792,32434.55115046097
SEQV6QiTpvTzrceiaYg9Avnwf7oc8ZALpnQMz6TyT4A,3dFMPj4r9mMmPHF32mz1gNDX7f8ftidWof7S8YiYTs1j,Fc1ED3YPeQfXQosHbd8DTaBd2AV5gHQtwiSAL5C5pUhi,1842.622670368,1843.1873042359998,1829.1483787057987,0.9926874384653531,0.7316593514823195,0.997750073584068,3321.306256232,2226.700389689,5518.709477519768
ALLwa5WNZbvQsRKAqe1jdRGemdYQnW8E5k4msbRFcYtu,CGoM82Hbz7QVqTgvQatYtjvDWBvoUJp5qm21P8iMs9yb,3dxNNww8TivyN5FMy5dCNdi3Zcxv6e4kUfSPxfFwpdNq,19.633097432999993,19.440574781000002,60919.37890343798,3102.8918952463696,24.367751561375197,3078.8840892506923,1.182752787,7.512455034,26799.932312256227
vEnkoSUkpnbRrPgBz9DfcVxNz67zjwMYBZraAvDDNSf,DtfyjjsZ5yCjWKLKHvwsfXs5QVsmm1QkK6Sh9JZHoq1g,e5wrKCRv4GhHvEf1VD5Pq2KGaZDXP77nTL612Jyrxwy,2545.2143319999996,2545.972831,2539.5587346978273,0.9977779485086712,0.25395587346978277,0.9985032436377871,907.181183,1042.429379,1946.0344958942335
JSoLLrxK5bYdHwTEWYaGgmeycBCNXKDiBCTw5hXGBg7,xG4wXczA7Dk4hccJ61CHKpDHW4NrNfQwgmWgkb9BuF2,BVR6WgfhsRr9Lob4QDnkEAiNGgAbv7ZieKcY9kSg3QYR,3.1635941349998795,2.6742754370000306,663.1722261631696,209.6262029399656,0.2652688904652679,177.47158014483455,16.897882553,164.875451077,32802.945787038436
ercAoEmXjQzEvAFbdjAo81KtMxRGn9AW1ju882upmPH,CMRhskR2Eg6V42RTSdRTXGdozyPbWB8U9dVpijPWb9T4,7TKLLgrWswt6ZJ1pXhVR3FyufHGjJFqiEXxvWJfDcgRm,4.53500356699994,4.084533832999966,800.6254525251442,176.5435110902868,0.32025018101005764,154.92260376561077,36.309657072,320.546389312,56070.115605855324
Lid8SLUxQ9RmF7XMqUA8c24RitTwzja8VSKngJxRcUa,4PgzyzLtds9bKZ2to9PMnKqJzKEUpjvNUaeN23phegax,AtymwxoVN9peZo7EXTcDz9jKVc4vRmisJKKrNfe3ewBa,58.10552058500525,49.038093720000234,12231.03140634767,210.49689053993293,1.2231031406347672,177.56829454176372,959.620171099,7660.132441476,1562193.715712668
BUSDgu5JdqP1rndBvXvanbEufS94FNh1w5FJcAj6vawb,Bgzr8cWubt89JQFXndVjtdKmDbGzuPxNhvjH1EhWCwbo,Dxaf8xPBBQsasRKW5Aa4Sw2YrbfGofY9xZueyyF23FBW,19113.608636139998,19157.006074290013,19081.208743693205,0.9983048783166184,7.632483497477283,1.0,7907.93351937,7216.19592088,15110.724530670575
RajgMbScQbqqrdJfR2rxfHJiTiY5b6bJ2tTXiF4aPxy,725ZA3fhyBAKb5iopNRrcbSuQa3LXA1656Q3mBvYPxeg,GLA6i1dSZpUfk2f9Nj8uiG7xyDdAR2reff8oEiZH3617,18065.717781849977,18059.182217599984,18080.614219098952,1.0008245693544455,7.232245687639581,1.0,77996.1834906,105957.86418186,184018.36093513004
KEVpg4SYCVrqFxKijQH6hm4QxsRdoE51ud64bEEFUC9,2bPenuBYfqzD8p5dFjCcggwkHDsc2RQDnx9AoyYGUBjA,AE6n6iLuX8oYu61vt5hoDYkjswpnxFxrhSehxrnQTnbx,2466.777206997,2469.8374986690005,2465.3896930739074,0.999437519562303,0.9861558772295631,0.9999830112886213,4977.90700164,2549.198246588,7524.261965325644
Cob4usZcpHEY7Qt4ZCwj6WVg9S44zvzYV2v9qYF65dTf,NhFM9UXE48PyNAyeyPYA3iXztqKVJwA4bTdLj4ysM8w,6TuFuynuBoeskxyR2cz4wxyidk8dpDK7kAWw3UkjQGx,11.15712000000002,1559.3855810000387,0.07995642941029726,0.0071664040012384125,3.1982571764118906e-05,1.0,74221.793605,161.917225,693.8205836699636
parEAJhzYzHW87y9VoZAQ22dzQ2MD2ekEtTReaxbMcz,3oyc6hpjYSJEquK6dSvG72NXyz3pqLZz5D8AC71pwgQb,Di2vordgFJVZ1aj1aBpvzXtLfZgJsuLLXawGtVFwX6Rz,4.629487962000013,5.470598342999892,805.1388430283896,173.91531193885137,0.3220555372113559,205.21226849234446,1103.522126619,139.758248452,220599.50208771962
KwnjUuZhTMTSGAaavkLEmSyfobY16JNH4poL9oeeEvE,J63v6qEZmQpDqCD8bd4PXu2Pq5ZbyXrFcSa3Xt1HdAPQ,BnKQtTdLw9qPCDgZkWX3sURkBAoKCUYL1yahh6Mw7mRK,227.8542509999994,10418.469912000117,4.952829897692755,0.021736833418538097,0.0004952829897692754,1.0,276817.171265,590.562838,6607.691577178236
KZMu9QBEdL97EFgamLbN5DE1AoKBG4HdrKKJo4Vuon3,DD4ACBWyVqdaKWh7v5btsgqQCCMwbKnuL2xd9pv7Gyuw,GcYqiJ1MAuYbNTNYXm1F1gQYTfTgkErACAhNU5dpVj9T,57.61544720000029,57.40207994000002,57.87996733270586,1.0045911321626533,0.023151986933082347,1.0,1383.50713815,1704.84781702,3094.706819289221
AURHmCnNwiW4uA2Qj1XvEh4iKgRUZYXtiY7FKAapUV5Y,BKWm4TRnTeKwfWXRyuzjRHU7iZDkPuXBX5b5V5jSVfGJ,A5Ww74HVrkj9nPeC7pHKLfgeDMEhBCpW1efQdz3TGLEg,0.005013251999741897,0.00451339499994674,0.995619929379062,198.5976227467362,0.00039824797175162476,177.5368641983243,290.132871419,1795.058802336,376308.809362831
BSC8REUo9LpiiWUuqMuLXs2D2yJsJfGd4HdiF3wCLxk5,AZjEH1zWVx1UJ6udMyRijGTzPteuLnaY18yNNmprJEsh,Caf8ypkSVR8xYnXNhjvfvdGCC7mrM3C11rz8Xi6NA6aK,6907.732977863001,6928.813534736,6898.543931086108,0.9986697449356626,2.7594175724344434,0.9999830112886213,3436.690341446,2779.866646697,6211.9380870596
KEN5P7p3asnb23Sw6yAmJRGvijfAzso3RqfyLAQhznt,9zj4aX38Uxf3h6AUjS4EipWS8mwbEofasHAf3a1uKGds,CwQDG1MWunn9cLNwcZLd8YBacweSR7ARo32w4mLua1Yr,42568.02601100062,42571.85857400112,42500.832195299845,0.9984214956154319,4.250083219529985,1.0,1154351.657752,1092253.75153,2244783.260128905
4vezWG46exH6pf9nry3n1VJ7hZHvjBJNgNeF4qEFCML5,,,0.15200199999999953,0.15007799999999882,0.0,0.0,0.0,1.0,1154351.657752,1092253.75153,1092253.75153
MiMUFdSLMyCLpqpH6zkqdDrGYs7XBomwENbivdYjv9V,,,0.018226069999999983,0.012538942999999997,0.0,0.0,0.0,1.0,1154351.657752,1092253.75153,1092253.75153
BSCNHw8CmxbZ8hCWWzMf5FaG2ajPT6JxfznKUNuRVrn4,7n9kgNL633yGzCYksgnzHyjG73ZLBAwvEae5sbAekbzW,SscdxE99omdG9AiMVwmaEMQySQnCgeAh1sPj2Leutm2,1165.3254212729998,1164.1018627250005,1168.0988301487303,1.0023799436836285,0.46723953205949215,0.9999830122885872,5008.122570054,6697.495828965,11717.423673570107
BUSD5rCfUDpCxKGMvYU2yThChxgHoioK74PTPociGnv2,CcFHbafgYDZ8yA8Me1PdtDiVb2eeaS61LbqyKKK5CsNZ,26R9s4nmF3CFDTkiePDwRmtscn8i7r2eygbSijditJ58,268.25207138,268.64038798999997,267.56775080325565,0.9974489644265412,0.026756775080325566,0.999995390021252,80.34389143,67.68113763,147.81975692624582
BSCuChvaSj9b5HUSqgDVRzcnr2sSn7cXaamt1jbKH6hn,GnKpRj5kBVPMJfiwZtEuD9GYApLzPdW5JFuZTcyX4BTc,3dmwD9okkomV9nDwyuh4UMhKdUR13QpuKxRo89ycZB5t,1036.497559255,1040.0400577139999,1034.0259167658953,0.9976153899572313,0.4136103667063581,0.9987655258100987,1621.235125695,1382.076417587,2997.739392053596
SoNcU2iwHMw6dGzsYNQkYFkUjwN1UdAjrWVRnStrZu2,8ivTTid27jZnYNc4w3CTA1Z6QS2twsFb8WMwUabeDJgc,CyXm53PMvHCbeXJBykU46Rcbo28xk5srhMZFg7gv6EYB,8.34163047800001,8.321905136999995,1761.1849228967158,211.13197564212624,0.7044739691586864,209.3997890087726,15.850345693,18.847615318,7293.2014716814665
MiMuMS9C4vBqcrYeeQPph1E7oAW9aNKvW9k6Zw9XffM,Afy2q2hh6Y474pshJa5fnQ6PfEchGyTbKrQpCZw2hr3m,5pXz9ksgjeL8Wgb37bksUaBFMLdFfsNNY3FQnikkCPtS,0.012538942999999136,0.8271330000006856,0.0,0.0,0.0,0.021736833418538097,26.006551294,7673.713867602,166.80224004159038
YakoMPuYrybnr9R7VC7hVGxMz94fJvPFCdZ4gmW61Ed,,,0.020828999999999986,0.020782999999999996,0.0,0.0,0.0,0.021736833418538097,26.006551294,7673.713867602,166.80224004159038
Sid7E679i9ABqptiAVhkmQ27YHN8vaYT4fppPwmxFsJ,GP7KB8o1bv527HG8kTzzzf4wJ5aEGHvcMQvVhLziUfmT,9gYxhAZ1M9wu5pxr8SBoa5NDm21gi3s9vMHaYTME77sa,607.1634699999904,1467.0125209999878,4.3511787208137305,0.0071664040012384125,0.0017404714883254922,0.021736833418538097,135589.371016,8826.91615,1163.5574169264155
WiiQFxXqp8P9Fs1rt9SVcDyA3KUdJmUsog6wnVQAwba,3S2jpqSYxho6wiz3cafhjXruVY8cg4HYa2v3BqBHYFSj,Dfe67M6TfrG74gKRtdqys4e6E9QirPD53BkF4FujFjuv,12205.190436222,12230.996132864006,12191.006724111783,0.9988378950591281,1.2191006724111784,0.9999840142555482,18770.647282138,8056.036984449,26804.74202288854
C2ypsDADXcCRz8HbV2zX1AXPSja7a1P3xZtRC91xGhJh,J9bYNuDpY1d1T86gLaw7DGk5D3CsUAf2tzUwxMvb6FTv,A2NGvvPrMGzsJ4jb52KEnSBVmsA7C34dV1GC7PerdgvG,12.985183838999092,13.035321414998634,2306.41017338934,177.6185999355955,0.9225640693557361,176.43660862019868,4344.188291446,2178.235445288,1155929.1169261683
daob129AwBGn9Y5r91uLoWZeYiGzbPmksauMhFZKTze,6VW5GQNyj4LStgmxEHLr5zUfW92vQnmbw8jTnCH7a38F,4VPCCUifPeBA1c7HWK358CHn2nyjm8pdTRk6Ps3KmnMQ,18.364683714000016,16.287215889000002,3642.5151844822444,198.34347496578079,1.4570060737928978,177.0264304001116,48.218547007,224.234993779,49259.35469065683
MAR3XM1n9xWPQ3HJjAcC85o8DopWFP5p2WxGTaZ3fPB,6qG7GUhER8Cg9gDEgnebph9LdS6eu2eoWcA4R7z9uizK,4QV4CwRXVMY227KkFF9voNAfwWHVvVajXSXDKbUHkWZR,0.010256000000000001,0.4334600000000002,0.009649236697958946,0.9408382115794602,3.859694679183579e-06,0.021736833418538097,0.108884,24.413567,0.6331158668609369
RoBgmK8CvjdHvPrqdDyVw54VwjZv2TqJ493xnqJAQHx,ExiHJxM7qPAcy27NDHAF6G7vnW7muNHi2sVJpnaNynGQ,6rkPHSqZb7StM4HwS9EuVrmfkV7tRdc7dnsFhyB6cefE,0.9596419999999988,53.05563499999971,0.0,0.0,0.0,0.9470306800059094,6236.1915,19.476073,18.44443865703473
KysFMBBoavfov2tLpvefWW6tPFt6rAeZWDJVy1mMQae,B8ka2V21TH3x64dFV8ETcjuQcwmrciJ2qzy1mJUttRew,7fSf7EYxBANyxzk2s5pymFgshA91tFYQNKKs5UnLWcYS,45.67860399999563,49.00029100003076,0.0,0.0,0.0,0.021736833418538097,134139.643753,2890.506142,62.83045050391523
7oAd7xG4m3oC2qeWB1szghTebAZyyGPAFDJ4wwwbRSNi,D9yh4KAysxt9GLacVe4Wwh2XqghhcjTCSTV9HuM7TBJd,HDYfJLpZKaMFb84jM4mRytn7XLR8UFZUnQpSfhJJaNEy,22.332587543001864,0.5098649999999907,22.329481467470778,0.9998609173466754,0.008931792586988313,0.022861224003138687,957.467941799,300002.607269457,7815.76158092988
YAkoNb6HKmSxQN9L8hiBE5tPJRsniSSMzND1boHmZxe,CfWX7o2TswwbxusJ4hCaPobu2jLCb1hfXuXJQjVq3jQF,EnTrdMMpdhugeH6Ban6gYZWXughWxKtVGfCwFn78ZmY3,5931407.066291997,5931895.048930016,5931407.066291997,1.0,593.1407066291997,0.9975709148224075,689230.288911,804004.563566,1491281.8569089249
HEDSDjj84KS7LKhZY7ejkCACTdPen62rKhCby1wXtgxc,EnnjMSFttpCTywBrYNt1J5QQeoSVkvzPipJDa8Y7kJow,6bjVT6JN2rSvpyn9PdfLYC8wJn4LWh49jpY47fnLDXZk,4.70017983300022,4.843776554002034,4.554602635737451,0.9690273133294468,0.0018218410542949807,0.9998609183463971,38823.889376623,9064.045406757,46684.19397996214
MATgk4zXLXtYkwBH678J1xZbRDZ45LicNzkRBHkxTuY,y8dALFo1bJrSzPYjMX14HJX448pXqYmrfXHD1K8MXih,GN7Yuet3UyiWS5YVkEHv6oQKi4HGBJc3XDPt9zQhAqZz,1330.9197760000006,1329.3523169999999,1334.2366884073815,1.0024921955982573,0.5336946753629527,1.0,2947.487467,5130.597526,8085.4307082911755
TETFuZgEmET6d9vYmz9iMFCxK1jKdKYxf3oPz8hSzJK,Eu1Ze6Z84LWNkq7SNoAHBJbXx5t1P95EwyqYohrfCRFV,ASMbv7WNu3qe4pkhREmvyEdwFNDZQ6B6iSrjkj4u8bdC,6.275800535000002,6.2493268959999995,6.291400755226669,1.0024857737494468,0.0025165603020906677,0.9990838401186112,43.736788578,207.87222992,251.52729406142475
SoN9GaFpSXfpyR5dth3x7PHPVhvJMpQqqDJfCSmPv1t,9kZ9iS68ViMPtoeqtnhAKuF2iqVyfHPdZHoUNdwCELr,BBhm5fJLjw3HRzjtKB8uMEYjGhY6EDm9co3cqpjrSzB9,5.557399569000001,5.733842150000002,1186.63091065506,213.52269094960585,0.47465236426202406,209.24179144452162,0.88116046,1.382542779,477.4334804042399
STK75uPSyBnEhGTTzb1nwmP3n427XoXmfRhXxxhyady,6TYyD5fUmDe6N65avW1Ny2RxzRNobw2RRgKwH9CTzSAU,54zDfk4cx2vGrEajPtodWpArNe5eUurytyxd4X3aZAxK,716.14670544,809.5993180490026,127182.24811441218,177.59245018975756,12.718224811441218,200.6383107217301,1809.829569584,314.270676407,384466.80531197286
DA1mL7dfBow33EH5yjUuZE6SH2KeUK5zEXzsyhE5r5j5,B4UtLRZND3D83CitRCBUyeiNr7H8m7YFRqBmiPmXjhW4,AAmpYbuixWiSqDaJBCqYEs1pb5SrbdPr9mgXrB58Q2e,3.3559347780000053,3.35721211200007,3.342596797286807,0.9960255542507453,0.001337038718914723,0.9999813723469958,2019.922910104,988.301801988,3000.178228325084
heyk4SZTeCUV6a65WiVA5bzic3KcxgVf1qxobfeV4tQ,9ZDpBKPqMABtGfq66FbVribaArMvtk63xxy91onZAtDt,DaTP4s6N7xxSPinbNZ3FB52EpRDRt87QShTuN3VPCW52,63.5985060039975,55.04974891300037,12806.073041032045,201.35807970437412,5.122429216412818,177.67568927506898,618.980211808,4481.81044987,920945.427705525
MARpDPs5A7XiyCWPNH8GsMWPLxmwNn9SBmKvPa9LzgA,6YjT74rmcfCpw8LSjPNx5JTmZoYLGrTKnf9arfSgZ4SR,F8GSmi3vA8M8TsybLya1LQ4n1aFHCRbZ6k437PeTdXtg,16243.183475000009,17103.28861699981,15278.13977604606,0.9405877732995349,6.111255910418424,1.0,297292.214077,14962.630301,294592.0519589741
7dwD9TF6uikvHXxPFK9AsSim54yJoujQjY9vU6gNFumk,CquVr6atkvwueDYficKjn6SSEWq4F4rH4VSiBbW4GBWU,8BCa6ge3b7ho3TfZuM64Vk1hgbrJ3J7EPiAb9uP86CGd,0.0010312839999999995,0.0010387109999999999,0.21726793915644874,210.67711625163275,8.69071756625795e-05,211.10086568243,0.002926164,0.004590734,1.5855837147171075
wrmcMSHFi3sWpAEy4rGDvQb3ezh3PhXoV2xNjgLBkKU,8p4mGnARWPBu6P2Gcw4adodLkNDorrXniZMhaY7eJXUn,AyY89zccbsgp9LKFgH4CFZMJmpSgqmPSdTfukhP227rc,0.009313149999999978,0.07693823999999694,3.636528699726661,390.4724716907458,0.0014546114798906643,3091.9547337826975,26.96968677,0.10857976,10866.643956732096
MATSnbbiTCv7Dc3trJrkrqjx7ckKdr6fwPoVwv9q3sD,631WX9JizSHJm4w6VanZeJAst9T8DeUUnPLesdGkCVtK,211maUSfpnXbPuW1iBu8b4dtJv5EbN1j7JJiEX5TZKEP,1784.3212600000043,1783.6387840000025,1784.580024103499,1.000145021028049,0.7138320096413997,0.9985610734930964,21099.336834,24467.155393,45534.345636075304
ALBpShJ9NLpE739pcHDF2LNVk5J4VYPvvKuV6jMPitZi,D6d156U1bPiJpDYRLextvDRccgFk7QzkQbJg42ceKEu5,GNcM8U5g8RwTZffwwm3kSQqUNPSwv5d2fbN9sLxPJqt2,1369.8509330000015,1370.4803889999966,1367.013013982973,0.9979283008474408,0.5468052055931892,0.9944420633081705,51137.855851,49178.505736,99937.08831289032
oKQqupM9E7SSLAFDLxr7mdsXP7znck9qRbVWc6Yyj7Q,CMR2J7CwfW98RpvnJmFBgRFTLAd3x8CJ1SWs8Bt3uunG,FmRb5jHfSNj1YWP3b45d9vvYuhwjp4om8bALmtqZpr1v,376.63712561999955,371.5016343799998,381.25404346057934,1.012258265387353,0.15250161738423174,0.999995390021252,2176.16186001,3720.4519216,5923.272600011547
SAMyS8Jr2HJrkFwYVKbpUwsNStnQmvz3f8Tup8bWUWF,6jPzm5TFfquvgm25sTyN3MMGBfufRaFHMxobDWv6hMFW,Cj9ECoDmxsHTDzCY5ZA6RWrPbg9uFzEC1Qc2kso2vJG6,883.7667964000088,136.76603401999324,887.824286563246,1.0045911321626533,0.3551297146252984,0.021556461779005352,477.45754907,109102.53760319,2831.514301615496
Lee1XZJfJ9Hm2K1qTyeCz1LXNc1YBZaKZszvNY4KCDw,9DgFSWkPDGijNKcLGbr3p5xoJbHsPgXUTr6QvGBJ5vGN,2hNHZg7XBhuhHVZ3JDEi4buq2fPQwuWBdQ9xkH7t1GQX,1795.2716464789482,1512.910854940008,379286.5350792131,211.26971833098614,37.92865350792131,177.76880242846406,6678.410498779,53928.989126824,10997837.718228903
