0,1,2,3,4,5,6,7,8,9,10,11
heyk4SZTeCUV6a65WiVA5bzic3KcxgVf1qxobfeV4tQ,9ZDpBKPqMABtGfq66FbVribaArMvtk63xxy91onZAtDt,DaTP4s6N7xxSPinbNZ3FB52EpRDRt87QShTuN3VPCW52,98.69044884100185,85.15249594100032,19321.82046803698,195.78207106106052,7.728728187214793,174.71835837425965,616.268498823,4485.048561655,904274.6449504539
4vezWG46exH6pf9nry3n1VJ7hZHvjBJNgNeF4qEFCML5,,,0.35122499999999945,0.34994499999999995,0.0,0.0,0.0,174.71835837425965,616.268498823,4485.048561655,783620.3219211962
KysFMBBoavfov2tLpvefWW6tPFt6rAeZWDJVy1mMQae,B8ka2V21TH3x64dFV8ETcjuQcwmrciJ2qzy1mJUttRew,7fSf7EYxBANyxzk2s5pymFgshA91tFYQNKKs5UnLWcYS,32.5626270000098,31.22091300001057,0.0,0.0,0.0,0.022107240988027424,134034.582048,2973.492039,65.73570508215404
MATSnbbiTCv7Dc3trJrkrqjx7ckKdr6fwPoVwv9q3sD,631WX9JizSHJm4w6VanZeJAst9T8DeUUnPLesdGkCVtK,211maUSfpnXbPuW1iBu8b4dtJv5EbN1j7JJiEX5TZKEP,4826.4623830000055,4826.739441999998,4808.957776692843,0.9963732015463711,1.9235831106771373,0.9951981688353693,24287.543841,21282.298627,45379.56243675291
ALLwa5WNZbvQsRKAqe1jdRGemdYQnW8E5k4msbRFcYtu,CGoM82Hbz7QVqTgvQatYtjvDWBvoUJp5qm21P8iMs9yb,3dxNNww8TivyN5FMy5dCNdi3Zcxv6e4kUfSPxfFwpdNq,19.045839634000007,19.034882937,71922.66014878596,3776.2924360862507,28.769064059514385,3776.4065226093458,3.138743031,5.575460074,32908.01535678532
RajgMbScQbqqrdJfR2rxfHJiTiY5b6bJ2tTXiF4aPxy,725ZA3fhyBAKb5iopNRrcbSuQa3LXA1656Q3mBvYPxeg,GLA6i1dSZpUfk2f9Nj8uiG7xyDdAR2reff8oEiZH3617,7136.974496969982,7135.149453230028,7137.942045014183,1.0001355683762934,2.8551768180056736,1.0,90553.73538572,93442.53273357,184008.54434216354
AURHmCnNwiW4uA2Qj1XvEh4iKgRUZYXtiY7FKAapUV5Y,BKWm4TRnTeKwfWXRyuzjRHU7iZDkPuXBX5b5V5jSVfGJ,A5Ww74HVrkj9nPeC7pHKLfgeDMEhBCpW1efQdz3TGLEg,0.004597414000045319,0.003967584999884366,0.8720829961681348,189.68989874732583,0.0003488331984672539,174.58143228702025,290.087084777,1795.110527471,368419.55673865165
SERgf3DMJpQxUifu7VoFKmfne73d2fDJxSrxUMrcNJB,AJfM2GZ2tTB8UtN2krcyR9xufRJEx2mhSCbJyMgPo3GU,F4yRYkufQvERZcEKnKjJwRLU1btiMBUuEwq46hfm11QD,6.550100000168868e-05,5.5770000031429845e-06,0.011398862741809028,174.02578191959137,4.559545096723611e-06,175.26677355602962,29.284858487,27.960816133,9996.922426229048
BSCuChvaSj9b5HUSqgDVRzcnr2sSn7cXaamt1jbKH6hn,GnKpRj5kBVPMJfiwZtEuD9GYApLzPdW5JFuZTcyX4BTc,3dmwD9okkomV9nDwyuh4UMhKdUR13QpuKxRo89ycZB5t,5.287125937999917,5.297822516999986,5.273138805489885,0.9973544922753772,0.0021092555221959544,0.9981374754707716,1683.726765743,1320.928569616,2997.7407613318046
DFWzVTzNBrQZLjoQ4yQwkj9HuoXmfkuZP9V5vbymZe23,DhgiEgiNdqZdRdo195UUHnoEJUtefK8buko8nU97XJUZ,2K2kkXsouBHtWVjtcgkyiXd8eP3oVBvq1bTJzcVdLLr2,14.060044013996958,14.128081574002863,14.003421264135952,0.9959727899994738,0.00560136850565438,1.0,37727.536570436,30221.356637247,67796.95649511133
B2izdXFYb2sNwbWWHmh75T4aQFtfXsUxem9u2p61HGzf,4DYwgJtxwuJdAjkj5RJSNH4e7U329V5cNp7d3a1nLrZv,EXNW64GEf1ACC6xY9BtKRiunrs6GoJSXBdxWN2eTPmrF,7877.224100000025,7758.697680999991,7986.827331469785,1.0139139410125149,0.7986827331469786,1.0,8687.318547,31073.022645,39881.21602981989
SRMuKizofcAMicegrfSv7xs9q76tH1w8aAF7oX9FEWu,72Hj2KWntXPfbie4UgKeTPnm1XVkomDfCnRPKbvfTtPi,6aqJQ5wedqpUt4fFEDUqUmXhrdxCu4bEJsQdVPCADLko,0.022001999999702093,0.022001999999702093,0.0009905825324804814,0.04502238580555831,3.9623301299219265e-07,0.04438030602617542,16769.751918,5121.302014,982.2991913494861
moFiBS1R4Lf3E3zzmBPnw3NF4RhWPkhREFviuzUaCAU,44ALBrpqi9PfZkBRTvbtRNtFJGsatfY4QydjtMbFWq8S,2ho8qEEie1UjVwWNBo9y4oAJZMyMLx8zPj9bxyUz6uWs,73.17924122299883,73.31487862000358,73.04344498573073,0.9981443338985397,0.02921737799429229,1.0,36809.750656483,27616.457304926,64357.90135491256
Cob4usZcpHEY7Qt4ZCwj6WVg9S44zvzYV2v9qYF65dTf,NhFM9UXE48PyNAyeyPYA3iXztqKVJwA4bTdLj4ysM8w,6TuFuynuBoeskxyR2cz4wxyidk8dpDK7kAWw3UkjQGx,16.030636999999984,2166.7395350000297,0.11925621773900628,0.00743926880379154,4.770248709560252e-05,1.0,73573.267559,166.681509,714.0128231446769
Dg3mAgpwDfVNnbGWcsxL8sUcSkEbjSJQhKAWNigG44Ju,EATxwd8YA2wV93VJcKMmH2Kn2Y9XfJVUB9hHVu3udwEy,GiGvrRi7NMHfHKanG2B8xyCEqe8jaafWins8bhrLVEaa,0.0009665320000000199,0.0009531600000000084,0.2035218538174024,210.56918324214635,8.140874152696096e-05,208.42013163398676,0.190825342,0.268885037,96.22299121279265
BSC8REUo9LpiiWUuqMuLXs2D2yJsJfGd4HdiF3wCLxk5,AZjEH1zWVx1UJ6udMyRijGTzPteuLnaY18yNNmprJEsh,Caf8ypkSVR8xYnXNhjvfvdGCC7mrM3C11rz8Xi6NA6aK,25.379322241000864,25.38323290999915,25.344979995866304,0.9986468415189166,0.010137991998346522,1.0,3363.392603521,2856.284702881,6215.126103175333
parEAJhzYzHW87y9VoZAQ22dzQ2MD2ekEtTReaxbMcz,3oyc6hpjYSJEquK6dSvG72NXyz3pqLZz5D8AC71pwgQb,Di2vordgFJVZ1aj1aBpvzXtLfZgJsuLLXawGtVFwX6Rz,6.86384049199998,8.129161265999755,1065.8139064928394,155.27952721731788,0.42632556259713583,201.18036544011022,1103.555661559,139.736751728,199471.892162929
vEnkoSUkpnbRrPgBz9DfcVxNz67zjwMYBZraAvDDNSf,DtfyjjsZ5yCjWKLKHvwsfXs5QVsmm1QkK6Sh9JZHoq1g,e5wrKCRv4GhHvEf1VD5Pq2KGaZDXP77nTL612Jyrxwy,4704.772058,4704.159522000002,4695.1282645446245,0.9979502102681093,0.46951282645446246,0.9955806176383035,3378.907039,3574.943724,6931.125670808542
BUSD5rCfUDpCxKGMvYU2yThChxgHoioK74PTPociGnv2,CcFHbafgYDZ8yA8Me1PdtDiVb2eeaS61LbqyKKK5CsNZ,26R9s4nmF3CFDTkiePDwRmtscn8i7r2eygbSijditJ58,164.27308121000002,164.30682716,164.11495480989112,0.9990374174579051,0.016411495480989115,1.0,80.90044183,67.14176042,147.9643288970467
Sid7E679i9ABqptiAVhkmQ27YHN8vaYT4fppPwmxFsJ,GP7KB8o1bv527HG8kTzzzf4wJ5aEGHvcMQvVhLziUfmT,9gYxhAZ1M9wu5pxr8SBoa5NDm21gi3s9vMHaYTME77sa,690.8915760000036,2110.2947230000827,5.126523504643747,0.0074201563352738285,0.0020506094018574988,0.02248910189366784,135939.55628,8714.580402,1204.675846366494
MARpDPs5A7XiyCWPNH8GsMWPLxmwNn9SBmKvPa9LzgA,6YjT74rmcfCpw8LSjPNx5JTmZoYLGrTKnf9arfSgZ4SR,F8GSmi3vA8M8TsybLya1LQ4n1aFHCRbZ6k437PeTdXtg,45125.69265000001,46598.25460400025,43542.529808686,0.9649165974339008,17.4170119234744,1.0,292403.904032,19856.391138,302001.7712929463
DEDaBEWzMCXohXYXoLzB4jK1xqMsd3SS9izXp2xvg9pe,GC5zHpW5GuVdw3C7covC6viyGdLS8ZAaVGDKMeru7p78,F8juxtAFueW19vxkdDArUkjVWAv9QV6yy1wCXUWQiXvh,2327.100225520417,5520.742035029851,2327.100225520417,1.0,0.9308400902081669,0.0,38.1337582,8275234.23921236,38.1337582
MAR3XM1n9xWPQ3HJjAcC85o8DopWFP5p2WxGTaZ3fPB,6qG7GUhER8Cg9gDEgnebph9LdS6eu2eoWcA4R7z9uizK,4QV4CwRXVMY227KkFF9voNAfwWHVvVajXSXDKbUHkWZR,0.2673060000000014,0.006149000000000002,0.25501066098081154,0.954002757067968,0.00010200426439232464,0.02272612454148055,0.115033,24.146261,0.6584927338508942
BSCrK1Nx9PXU9mF7STWWBqeHLxmtJDr9h7jheEy4tAWX,FfSySSbVJPvEo5a5AvrP3nySoXpRE2QPn1uUMpJJ1x7v,HL7Vcj6838ZmvBHDbQxXfjBNckNi83WvPiZQoMQLFeRM,0.15376558299999987,0.15362044200000002,582.0331166938565,3785.197606241034,0.23281324667754263,3777.2909269471934,0.890068846,0.914479085,6823.340015922391
daob129AwBGn9Y5r91uLoWZeYiGzbPmksauMhFZKTze,6VW5GQNyj4LStgmxEHLr5zUfW92vQnmbw8jTnCH7a38F,4VPCCUifPeBA1c7HWK358CHn2nyjm8pdTRk6Ps3KmnMQ,30.98662578900023,27.534660456000047,6049.972038822485,195.24462198688735,2.4199888155289937,175.06825035740184,48.169670714,224.356375952,48682.54734423187
HEDSDjj84KS7LKhZY7ejkCACTdPen62rKhCby1wXtgxc,EnnjMSFttpCTywBrYNt1J5QQeoSVkvzPipJDa8Y7kJow,6bjVT6JN2rSvpyn9PdfLYC8wJn4LWh49jpY47fnLDXZk,42.21915873100079,43.59556833199895,40.767273304150415,0.965610744730821,0.016306909321660165,0.9998063395116493,38823.016614028,9064.929274191,46551.09574092951
SAMyS8Jr2HJrkFwYVKbpUwsNStnQmvz3f8Tup8bWUWF,6jPzm5TFfquvgm25sTyN3MMGBfufRaFHMxobDWv6hMFW,Cj9ECoDmxsHTDzCY5ZA6RWrPbg9uFzEC1Qc2kso2vJG6,2621.6496191700426,59.61648365999986,2631.1010075874783,1.003605130276878,1.0524404030349914,0.022697661049154442,495.30799064,108296.29247298,2955.1661799052317
KEN5P7p3asnb23Sw6yAmJRGvijfAzso3RqfyLAQhznt,9zj4aX38Uxf3h6AUjS4EipWS8mwbEofasHAf3a1uKGds,CwQDG1MWunn9cLNwcZLd8YBacweSR7ARo32w4mLua1Yr,123772.07114899904,123790.42211499927,123382.30644294577,0.9968509478557238,12.33823064429458,1.0,1150660.237947,1076055.739821,2223092.4886783594
C2ypsDADXcCRz8HbV2zX1AXPSja7a1P3xZtRC91xGhJh,J9bYNuDpY1d1T86gLaw7DGk5D3CsUAf2tzUwxMvb6FTv,A2NGvvPrMGzsJ4jb52KEnSBVmsA7C34dV1GC7PerdgvG,2521.265023964996,2540.679279064998,440412.56152463437,174.6792016461768,176.16502460985376,175.80003519516706,3823.75266048,1981.449302496,1016268.9191413269
KEVpg4SYCVrqFxKijQH6hm4QxsRdoE51ud64bEEFUC9,2bPenuBYfqzD8p5dFjCcggwkHDsc2RQDnx9AoyYGUBjA,AE6n6iLuX8oYu61vt5hoDYkjswpnxFxrhSehxrnQTnbx,100.50716575399997,100.78009896799995,100.21944634679963,0.9971373244380947,0.04008777853871985,0.9998682083713228,5903.446523748,1625.686715861,7512.019335614449
C98Sspw7XqnMsgxea3SLQVdbMDL8pKUc3RE82UvX9eq2,CSqgQJurPCzGxb4Cgwx5R61hWQUiaoUHcShNc8r1cKEL,6S2CR5EnukPhC914XkAns8m5GixjMAoUuZMsS5ubHuWc,17.401720999999952,17.394816000000105,0.0,0.0,0.0,1.0,860.833626,903.172118,903.172118
ercAoEmXjQzEvAFbdjAo81KtMxRGn9AW1ju882upmPH,CMRhskR2Eg6V42RTSdRTXGdozyPbWB8U9dVpijPWb9T4,7TKLLgrWswt6ZJ1pXhVR3FyufHGjJFqiEXxvWJfDcgRm,0.9731510340000114,0.8651297310000032,169.96371305216735,174.65296455942044,0.06798548522086693,155.04755773738478,37.642785003,310.641329256,54738.60342848446
GokA1R67GqSavkd15zR62QD68Tuc5AEfvjssntVDEbM8,3YB7hfpBdbQEuZqLGWVDpRPmeZWCUsrrWyqGXegnQ6Cg,4DPCj6Z1DsG6HUtwSogBGqXEUxdEV5a8YVrrFtcnz7UW,17618.043937000002,17618.437452,17619.101083064983,1.0000600036002159,1.7619101083064983,1.0,15159.012293,17281.118596,32441.040484313296
JSoLLrxK5bYdHwTEWYaGgmeycBCNXKDiBCTw5hXGBg7,xG4wXczA7Dk4hccJ61CHKpDHW4NrNfQwgmWgkb9BuF2,BVR6WgfhsRr9Lob4QDnkEAiNGgAbv7ZieKcY9kSg3QYR,11.63013790800008,10.109635540000014,2126.1783025254563,182.81625887367267,0.8504713210101826,174.03659432661587,20.311025338,160.971771545,31728.164568595384
KEnkcdADoLR5jS2CLLLesy8TtFsyWL37BhXNfDMzWzP,3qsjFRuw1qeLMPo4DLwaQevenGAGBj9dA3Q6rb8ax2YR,77iEv8zPQAEyCcEbvBRSB6AFcUdfkhiqnAKtPxk76rNN,0.012417000000000011,1.6110589999999974,9.186176385506154e-05,0.007398064255058505,3.674470554202462e-08,0.9972267125125028,122.007802,0.27603,1.177886048269282
AUSejoEUCh2DBs9mof6BNC8Pubs22w4cJa1ccV9h44R,4xkyD7AfGQDwsQMy9MosRRNGoVJ1zosNinesxg1TzHG7,Cbm5gsQe3nSiCsFrvepVzMCD9xLK3ri9g3ypS2hdmVJ7,15.76954399999886,15.787059000000227,15.749636459514035,0.9987375956790617,0.0015749636459514037,1.0,14834.87867,14044.038303,28860.189358066396
RoBgmK8CvjdHvPrqdDyVw54VwjZv2TqJ493xnqJAQHx,ExiHJxM7qPAcy27NDHAF6G7vnW7muNHi2sVJpnaNynGQ,6rkPHSqZb7StM4HwS9EuVrmfkV7tRdc7dnsFhyB6cefE,0.6586709999999982,35.67309699999987,0.0,0.0,0.0,0.9383406946160825,6214.671695,19.870573,18.645367271239575
Lee1XZJfJ9Hm2K1qTyeCz1LXNc1YBZaKZszvNY4KCDw,9DgFSWkPDGijNKcLGbr3p5xoJbHsPgXUTr6QvGBJ5vGN,2hNHZg7XBhuhHVZ3JDEi4buq2fPQwuWBdQ9xkH7t1GQX,2137.3288314789825,1797.3607103489867,443224.52566075965,207.3731094312046,44.322452566075974,174.48355919939266,6677.477214801,53908.293278627,10790840.09480884
STK75uPSyBnEhGTTzb1nwmP3n427XoXmfRhXxxhyady,6TYyD5fUmDe6N65avW1Ny2RxzRNobw2RRgKwH9CTzSAU,54zDfk4cx2vGrEajPtodWpArNe5eUurytyxd4X3aZAxK,634.4210081379991,717.1351882890006,110696.03553078494,174.48355919939266,11.069603553078496,197.22383781416033,1597.920105643,277.095007704,333460.52820738737
BkwbeSfcX1h4thMDd7obGkHrPevf3QwgzJ4pCEqG18Lu,35yX27bmurdebhfAb8EPmjLETDiUaEUCn9zHaDPbakH2,2CxECn1ZJFoESyUnQysQU8rRgT3iJ5GRs2Mdd6gZjx5g,0.07020619000000394,0.048420610000000086,178.59171733103696,2543.817252168604,0.07143668693241478,1721.170395869191,0.92657925,21.90155079,40053.34912502494
SoN9GaFpSXfpyR5dth3x7PHPVhvJMpQqqDJfCSmPv1t,9kZ9iS68ViMPtoeqtnhAKuF2iqVyfHPdZHoUNdwCELr,BBhm5fJLjw3HRzjtKB8uMEYjGhY6EDm9co3cqpjrSzB9,3.4567967840000007,3.300900912999999,726.3165358820833,210.1125930352298,0.29052661435283333,196.32730510343015,1.282838837,3.938595128,1042.794361862108
wrmcMSHFi3sWpAEy4rGDvQb3ezh3PhXoV2xNjgLBkKU,8p4mGnARWPBu6P2Gcw4adodLkNDorrXniZMhaY7eJXUn,AyY89zccbsgp9LKFgH4CFZMJmpSgqmPSdTfukhP227rc,0.01908765000000054,0.16310383999999706,7.218576982422374,378.18049798807976,0.0028874307929689503,3766.903981617508,27.0905123,0.09501713,10603.023837685068
YAkoNb6HKmSxQN9L8hiBE5tPJRsniSSMzND1boHmZxe,CfWX7o2TswwbxusJ4hCaPobu2jLCb1hfXuXJQjVq3jQF,EnTrdMMpdhugeH6Ban6gYZWXughWxKtVGfCwFn78ZmY3,4441710.893147024,4439362.41122601,4441710.893147024,1.0,444.17108931470244,0.9990239535973354,319110.875712,1176866.370732,1494828.5702564302
KZMu9QBEdL97EFgamLbN5DE1AoKBG4HdrKKJo4Vuon3,DD4ACBWyVqdaKWh7v5btsgqQCCMwbKnuL2xd9pv7Gyuw,GcYqiJ1MAuYbNTNYXm1F1gQYTfTgkErACAhNU5dpVj9T,64.27956928999947,64.08541886999956,64.51130551143153,1.003605130276878,0.025804522204572612,1.0,1420.27668924,1668.02330025,3093.420271983923
NorjjEePhxfwLF4vZjUHCrVVKLzQjEEGQFd3wgjEJmh,34M8pFVqgbV7aqHxvRT5tCv3vu2P1JJYT8J3VaxBK2oG,3AZWBSze3ucsY3xSeuLne3b2pauVqiaJ1SZSV5T9WGWw,0.012774999999692227,0.001160999999683554,0.007234337023095643,0.5662886123890357,2.893734809238257e-06,1.0,38237.245723,2130.660317,23783.97713905626
SoNcU2iwHMw6dGzsYNQkYFkUjwN1UdAjrWVRnStrZu2,8ivTTid27jZnYNc4w3CTA1Z6QS2twsFb8WMwUabeDJgc,CyXm53PMvHCbeXJBykU46Rcbo28xk5srhMZFg7gv6EYB,12.87991277099999,12.564682806000002,2669.689731657053,207.27545124902113,1.0678758926628213,194.74553185588988,8.204160504,22.337225176,6050.595867670891
BUSDgu5JdqP1rndBvXvanbEufS94FNh1w5FJcAj6vawb,Bgzr8cWubt89JQFXndVjtdKmDbGzuPxNhvjH1EhWCwbo,Dxaf8xPBBQsasRKW5Aa4Sw2YrbfGofY9xZueyyF23FBW,6005.420565649999,6000.2708818400015,6012.819099038602,1.0012319758970623,2.405127639615441,1.0,7095.82342177,8037.17548561,15141.74079080543
BUSDTd9WiT6uBHJRgNvFXBsA7JrifsAtWzKfioN7ERcy,DyBxrn7gSc1EwnpWhDyhzvMHPtxpmBqRqotapLcKcfTM,Cds99GeBgoCpqBsoRWu1C6fF9LiUMd4pXQQD24s9LPff,291.48336847,291.90536833,290.3585571661508,0.9961410789584552,0.029035855716615076,0.9973510356493154,115.16862196,70.16793354,184.70625652688415
WiiQFxXqp8P9Fs1rt9SVcDyA3KUdJmUsog6wnVQAwba,3S2jpqSYxho6wiz3cafhjXruVY8cg4HYa2v3BqBHYFSj,Dfe67M6TfrG74gKRtdqys4e6E9QirPD53BkF4FujFjuv,808.6618490460005,811.0499229900015,806.0467263618798,0.9967661109681311,0.08060467263618798,0.999866820739078,21699.571999247,5136.978550543,26765.69240289865
KwnjUuZhTMTSGAaavkLEmSyfobY16JNH4poL9oeeEvE,J63v6qEZmQpDqCD8bd4PXu2Pq5ZbyXrFcSa3Xt1HdAPQ,BnKQtTdLw9qPCDgZkWX3sURkBAoKCUYL1yahh6Mw7mRK,1267.6838460000006,55029.53872500011,28.6501739576115,0.022600409438057543,0.00286501739576115,1.0,276202.404119,604.528534,6846.815954865232
MATgk4zXLXtYkwBH678J1xZbRDZ45LicNzkRBHkxTuY,y8dALFo1bJrSzPYjMX14HJX448pXqYmrfXHD1K8MXih,GN7Yuet3UyiWS5YVkEHv6oQKi4HGBJc3XDPt9zQhAqZz,1094.2390800000012,1091.9697489999999,1097.755189873165,1.003213292174836,0.439102075949266,1.0,2691.108653,5389.90973,8089.665701376318
7dwD9TF6uikvHXxPFK9AsSim54yJoujQjY9vU6gNFumk,CquVr6atkvwueDYficKjn6SSEWq4F4rH4VSiBbW4GBWU,8BCa6ge3b7ho3TfZuM64Vk1hgbrJ3J7EPiAb9uP86CGd,0.0004238880000000003,0.0004226960000000002,0.08773651393236923,206.98041447828,3.509460557294769e-05,207.79920279913838,0.00369969,0.003811699,1.5578313831514208
DA1mL7dfBow33EH5yjUuZE6SH2KeUK5zEXzsyhE5r5j5,B4UtLRZND3D83CitRCBUyeiNr7H8m7YFRqBmiPmXjhW4,AAmpYbuixWiSqDaJBCqYEs1pb5SrbdPr9mgXrB58Q2e,236.8568868210001,237.67713175200015,235.8952933905206,0.9959401922258388,0.09435811735620825,0.9992733374224865,2017.885335097,990.667332699,2999.6405603477697
FrnkTEL6yZ5Aycq2TrEgu29dCrwKG4LPUZydfiwqspkc,DjvZuMZ46fxKBoBpGMPcRcos4xdTtHFxwMh69DpA2ZFY,9rvDPJLAng4uVVqnnSoEXgNDFhBZQTny9AoQioYDZbQX,76.79341600899875,63.844658352999744,16154.09127107811,210.3577638633129,6.461636508431245,174.6176179747185,171.132301441,1441.146067393,287648.50169770996
ALBpShJ9NLpE739pcHDF2LNVk5J4VYPvvKuV6jMPitZi,D6d156U1bPiJpDYRLextvDRccgFk7QzkQbJg42ceKEu5,GNcM8U5g8RwTZffwwm3kSQqUNPSwv5d2fbN9sLxPJqt2,95.30576000000292,95.41364600000088,95.0487481849109,0.9973032918987058,0.03801949927396436,0.9972943404543474,52963.388066,47361.850576,100054.2668012197
Lid8SLUxQ9RmF7XMqUA8c24RitTwzja8VSKngJxRcUa,4PgzyzLtds9bKZ2to9PMnKqJzKEUpjvNUaeN23phegax,AtymwxoVN9peZo7EXTcDz9jKVc4vRmisJKKrNfe3ewBa,78.66059413599487,66.35187976399993,16305.187468025175,207.28533323604742,1.6305187468025175,175.17190494892162,958.335172391,7661.678758094,1540759.6887229073
