0,1,2,3,4,5,6,7,8,9,10,11
B2izdXFYb2sNwbWWHmh75T4aQFtfXsUxem9u2p61HGzf,4DYwgJtxwuJdAjkj5RJSNH4e7U329V5cNp7d3a1nLrZv,EXNW64GEf1ACC6xY9BtKRiunrs6GoJSXBdxWN2eTPmrF,6203.6755100000155,6098.194935000005,6265.914842126861,1.0100326543557152,0.6265914842126862,1.0,8784.950735,30972.610854,39845.69796325624
C2ypsDADXcCRz8HbV2zX1AXPSja7a1P3xZtRC91xGhJh,J9bYNuDpY1d1T86gLaw7DGk5D3CsUAf2tzUwxMvb6FTv,A2NGvvPrMGzsJ4jb52KEnSBVmsA7C34dV1GC7PerdgvG,182.24981041800083,183.75318564600002,31917.92896611562,175.13285140275286,12.76717158644625,175.34784629007794,4226.129004213,2099.518733692,1108280.1111022632
KZMu9QBEdL97EFgamLbN5DE1AoKBG4HdrKKJo4Vuon3,DD4ACBWyVqdaKWh7v5btsgqQCCMwbKnuL2xd9pv7Gyuw,GcYqiJ1MAuYbNTNYXm1F1gQYTfTgkErACAhNU5dpVj9T,26.744429249999712,26.723569899999347,26.778918354526873,1.001289580877003,0.010711567341810748,1.0,1375.82261261,1712.57595535,3090.17280249137
TETFuZgEmET6d9vYmz9iMFCxK1jKdKYxf3oPz8hSzJK,Eu1Ze6Z84LWNkq7SNoAHBJbXx5t1P95EwyqYohrfCRFV,ASMbv7WNu3qe4pkhREmvyEdwFNDZQ6B6iSrjkj4u8bdC,35.24918380899999,35.19051904,35.24968523577247,1.0000142252023536,0.014099874094308988,0.9982002449583401,78.927307618,172.623046111,251.24079728837717
YAkoNb6HKmSxQN9L8hiBE5tPJRsniSSMzND1boHmZxe,CfWX7o2TswwbxusJ4hCaPobu2jLCb1hfXuXJQjVq3jQF,EnTrdMMpdhugeH6Ban6gYZWXughWxKtVGfCwFn78ZmY3,7359391.105046991,7360421.766173989,7359391.105046991,1.0,735.9391105046992,0.994528106358814,405420.040789,1089496.333274,1488954.7660048625
SoN9GaFpSXfpyR5dth3x7PHPVhvJMpQqqDJfCSmPv1t,9kZ9iS68ViMPtoeqtnhAKuF2iqVyfHPdZHoUNdwCELr,BBhm5fJLjw3HRzjtKB8uMEYjGhY6EDm9co3cqpjrSzB9,0.19463315500000022,0.190791088,40.99130567923517,210.60803170577552,0.016396522271694067,205.8602229672075,0.863686496,1.400481392,470.20272455196334
vEnkoSUkpnbRrPgBz9DfcVxNz67zjwMYBZraAvDDNSf,DtfyjjsZ5yCjWKLKHvwsfXs5QVsmm1QkK6Sh9JZHoq1g,e5wrKCRv4GhHvEf1VD5Pq2KGaZDXP77nTL612Jyrxwy,5507.697042999998,5506.344504999998,5448.935720193433,0.9893310539145852,0.5448935720193433,0.9974375828496592,831.889813,1118.460073,1938.6085371630707
BUSDTd9WiT6uBHJRgNvFXBsA7JrifsAtWzKfioN7ERcy,DyBxrn7gSc1EwnpWhDyhzvMHPtxpmBqRqotapLcKcfTM,Cds99GeBgoCpqBsoRWu1C6fF9LiUMd4pXQQD24s9LPff,235.79404023,235.69265520000005,235.56734905865392,0.9990386051694734,0.023556734905865392,0.9977301638771794,92.38505501,92.84674631,184.93223590703468
ercAoEmXjQzEvAFbdjAo81KtMxRGn9AW1ju882upmPH,CMRhskR2Eg6V42RTSdRTXGdozyPbWB8U9dVpijPWb9T4,7TKLLgrWswt6ZJ1pXhVR3FyufHGjJFqiEXxvWJfDcgRm,7.413743876999966,6.624641311999973,1298.576819410307,175.15803633828622,0.5194307277641228,155.5592440380753,37.632334472,310.652583411,54916.48684283141
DFWzVTzNBrQZLjoQ4yQwkj9HuoXmfkuZP9V5vbymZe23,DhgiEgiNdqZdRdo195UUHnoEJUtefK8buko8nU97XJUZ,2K2kkXsouBHtWVjtcgkyiXd8eP3oVBvq1bTJzcVdLLr2,4013.2486770410032,4038.313081346998,3971.6723136636297,0.9896402224922608,1.588668925465452,0.9987942745288799,41529.382469367,26444.060114668,67511.32314477846
ALBpShJ9NLpE739pcHDF2LNVk5J4VYPvvKuV6jMPitZi,D6d156U1bPiJpDYRLextvDRccgFk7QzkQbJg42ceKEu5,GNcM8U5g8RwTZffwwm3kSQqUNPSwv5d2fbN9sLxPJqt2,2591.087520000001,2593.7183039999945,2584.391361981108,0.9974156959318405,1.033756544792443,0.9972764380476917,53770.72545,46548.292915,100053.28130094349
WiiQFxXqp8P9Fs1rt9SVcDyA3KUdJmUsog6wnVQAwba,3S2jpqSYxho6wiz3cafhjXruVY8cg4HYa2v3BqBHYFSj,Dfe67M6TfrG74gKRtdqys4e6E9QirPD53BkF4FujFjuv,9254.357731125,9268.387735685992,9230.99575168771,0.9974755698757227,0.9230995751687708,0.9987942745288799,19470.537936208,7358.853350459,26771.366517242066
moFiBS1R4Lf3E3zzmBPnw3NF4RhWPkhREFviuzUaCAU,44ALBrpqi9PfZkBRTvbtRNtFJGsatfY4QydjtMbFWq8S,2ho8qEEie1UjVwWNBo9y4oAJZMyMLx8zPj9bxyUz6uWs,840.689557370999,841.2544858999972,839.671791192894,0.998789367407765,0.3358687164771576,0.99879427652406,33518.184554119,30903.639845923,64343.984949334015
4vezWG46exH6pf9nry3n1VJ7hZHvjBJNgNeF4qEFCML5,,,0.4340700000000002,0.433939999999998,0.0,0.0,0.0,0.99879427652406,33518.184554119,30903.639845923,30866.37860186878
Lid8SLUxQ9RmF7XMqUA8c24RitTwzja8VSKngJxRcUa,4PgzyzLtds9bKZ2to9PMnKqJzKEUpjvNUaeN23phegax,AtymwxoVN9peZo7EXTcDz9jKVc4vRmisJKKrNfe3ewBa,40.251211822002915,34.04054727500045,8338.585653134585,207.16359273875034,0.8338585653134586,174.79574679997057,960.139289325,7659.522862046,1537757.9235089761
SEQV6QiTpvTzrceiaYg9Avnwf7oc8ZALpnQMz6TyT4A,3dFMPj4r9mMmPHF32mz1gNDX7f8ftidWof7S8YiYTs1j,Fc1ED3YPeQfXQosHbd8DTaBd2AV5gHQtwiSAL5C5pUhi,635.9815613530002,636.7405492580001,634.1636184595618,0.9971415163521866,0.25366544738382474,0.9980428379946923,3958.04680549,1590.718828336,5534.3383273032805
MATSnbbiTCv7Dc3trJrkrqjx7ckKdr6fwPoVwv9q3sD,631WX9JizSHJm4w6VanZeJAst9T8DeUUnPLesdGkCVtK,211maUSfpnXbPuW1iBu8b4dtJv5EbN1j7JJiEX5TZKEP,2381.692754999989,2379.3636540000043,2381.0998611345667,0.9997510619855656,0.9524399444538267,0.9977102549648558,19775.326053,25793.050479,45504.39419232206
KwnjUuZhTMTSGAaavkLEmSyfobY16JNH4poL9oeeEvE,J63v6qEZmQpDqCD8bd4PXu2Pq5ZbyXrFcSa3Xt1HdAPQ,BnKQtTdLw9qPCDgZkWX3sURkBAoKCUYL1yahh6Mw7mRK,426.1393519999997,19050.179099999717,9.347429824690122,0.021935148164138874,0.0009347429824690124,1.0,276761.456979,591.827889,6662.631453957312
AURHmCnNwiW4uA2Qj1XvEh4iKgRUZYXtiY7FKAapUV5Y,BKWm4TRnTeKwfWXRyuzjRHU7iZDkPuXBX5b5V5jSVfGJ,A5Ww74HVrkj9nPeC7pHKLfgeDMEhBCpW1efQdz3TGLEg,7.729000117251417e-06,7.729000117251417e-06,0.0015153140266732548,196.0556350996835,6.061256106693019e-07,175.59176179643015,290.093755115,1795.10276829,372079.77308721346
MARpDPs5A7XiyCWPNH8GsMWPLxmwNn9SBmKvPa9LzgA,6YjT74rmcfCpw8LSjPNx5JTmZoYLGrTKnf9arfSgZ4SR,F8GSmi3vA8M8TsybLya1LQ4n1aFHCRbZ6k437PeTdXtg,34945.77777099998,36840.05819500028,33092.87462771935,0.9469777678029454,13.237149851087741,1.0,297438.849278,14846.143743,296514.12129015714
parEAJhzYzHW87y9VoZAQ22dzQ2MD2ekEtTReaxbMcz,3oyc6hpjYSJEquK6dSvG72NXyz3pqLZz5D8AC71pwgQb,Di2vordgFJVZ1aj1aBpvzXtLfZgJsuLLXawGtVFwX6Rz,4.463955725999909,5.097993015999805,764.0308583211744,171.15556363409817,0.30561234332846976,200.89785268321182,1105.381199954,138.189982633,216954.2130819627
DA1mL7dfBow33EH5yjUuZE6SH2KeUK5zEXzsyhE5r5j5,B4UtLRZND3D83CitRCBUyeiNr7H8m7YFRqBmiPmXjhW4,AAmpYbuixWiSqDaJBCqYEs1pb5SrbdPr9mgXrB58Q2e,366.6338695569999,366.78031208899995,364.743430254773,0.9948437952431641,0.14589737210190917,0.9987952880813514,2019.922910104,988.44824452,2996.7652231253396
heyk4SZTeCUV6a65WiVA5bzic3KcxgVf1qxobfeV4tQ,9ZDpBKPqMABtGfq66FbVribaArMvtk63xxy91onZAtDt,DaTP4s6N7xxSPinbNZ3FB52EpRDRt87QShTuN3VPCW52,71.16352209300328,61.80030518300009,14407.910371886952,202.46201913751992,5.763164148754781,175.55597259852158,609.108474719,4493.285008979,912144.3515790489
BUSDgu5JdqP1rndBvXvanbEufS94FNh1w5FJcAj6vawb,Bgzr8cWubt89JQFXndVjtdKmDbGzuPxNhvjH1EhWCwbo,Dxaf8xPBBQsasRKW5Aa4Sw2YrbfGofY9xZueyyF23FBW,5889.895814829999,5894.135739100005,5888.730906082158,0.9998022191250128,2.3554923624328636,1.0,7903.51823865,7224.97823517,15126.93330906728
Cob4usZcpHEY7Qt4ZCwj6WVg9S44zvzYV2v9qYF65dTf,NhFM9UXE48PyNAyeyPYA3iXztqKVJwA4bTdLj4ysM8w,6TuFuynuBoeskxyR2cz4wxyidk8dpDK7kAWw3UkjQGx,436.16064200001074,4161.910781000008,3.1294176977738934,0.007174919963947175,0.0012517670791095574,1.0,74068.48882,163.030467,694.4659461340161
BSCuChvaSj9b5HUSqgDVRzcnr2sSn7cXaamt1jbKH6hn,GnKpRj5kBVPMJfiwZtEuD9GYApLzPdW5JFuZTcyX4BTc,3dmwD9okkomV9nDwyuh4UMhKdUR13QpuKxRo89ycZB5t,917.021304587,919.357019796,914.5951598356943,0.997354320189542,0.3658380639342777,0.997905396572594,1796.220651507,1207.820495017,2996.759016862626
BSC8REUo9LpiiWUuqMuLXs2D2yJsJfGd4HdiF3wCLxk5,AZjEH1zWVx1UJ6udMyRijGTzPteuLnaY18yNNmprJEsh,Caf8ypkSVR8xYnXNhjvfvdGCC7mrM3C11rz8Xi6NA6aK,2242.010116579,2247.470036814001,2236.544589812725,0.9975622202924692,0.89461783592509,0.9987952920717195,3482.32626587,2735.692871884,6206.234282555962
BSCrK1Nx9PXU9mF7STWWBqeHLxmtJDr9h7jheEy4tAWX,FfSySSbVJPvEo5a5AvrP3nySoXpRE2QPn1uUMpJJ1x7v,HL7Vcj6838ZmvBHDbQxXfjBNckNi83WvPiZQoMQLFeRM,0.14463659000000006,0.14447481299999998,542.221834840374,3748.8565987373854,0.21688873393614957,3734.5483063823426,0.838180813,0.966330248,6751.026662824546
YakoMPuYrybnr9R7VC7hVGxMz94fJvPFCdZ4gmW61Ed,,,0.08675300000000008,0.08663500000000002,0.0,0.0,0.0,3734.5483063823426,0.838180813,0.966330248,3608.8069910744293
CZgvH45CRmoaNJ7395Ao5CQZXkGznvqU7cErD6n7FaRg,4ZjU6MKvtqVQKCiowhvZ5yUsPxXX5SCzd5eFsPeXyey5,BsyWeshjDbCvjDojry3vKDCesmFRM37WtwcR4Kfgzqr,59.60732510999989,57.88105914000005,62.27958451415339,1.0448310572437547,0.02491183380566136,1.0,180.89489102,625.57993244,814.5845326744204
Lee1XZJfJ9Hm2K1qTyeCz1LXNc1YBZaKZszvNY4KCDw,9DgFSWkPDGijNKcLGbr3p5xoJbHsPgXUTr6QvGBJ5vGN,2hNHZg7XBhuhHVZ3JDEi4buq2fPQwuWBdQ9xkH7t1GQX,1402.2505728871556,1179.6070162690212,292156.77825057606,208.34848200421237,29.215677825057604,175.3073005498163,6686.408326594,53908.99364106,10843743.175477628
AUSejoEUCh2DBs9mof6BNC8Pubs22w4cJa1ccV9h44R,4xkyD7AfGQDwsQMy9MosRRNGoVJ1zosNinesxg1TzHG7,Cbm5gsQe3nSiCsFrvepVzMCD9xLK3ri9g3ypS2hdmVJ7,1794.6072909999984,1798.157858999999,1788.2268974299682,0.9964446853626261,0.17882268974299684,1.0,15751.646764,13129.243268,28824.887971697208
RajgMbScQbqqrdJfR2rxfHJiTiY5b6bJ2tTXiF4aPxy,725ZA3fhyBAKb5iopNRrcbSuQa3LXA1656Q3mBvYPxeg,GLA6i1dSZpUfk2f9Nj8uiG7xyDdAR2reff8oEiZH3617,12047.968531399943,12009.226637270003,12083.19151800258,1.00292356230105,4.833276607201032,1.0,39757.28992926,144270.92377961,184144.4466228991
FrnkTEL6yZ5Aycq2TrEgu29dCrwKG4LPUZydfiwqspkc,DjvZuMZ46fxKBoBpGMPcRcos4xdTtHFxwMh69DpA2ZFY,9rvDPJLAng4uVVqnnSoEXgNDFhBZQTny9AoQioYDZbQX,51.64308597100012,43.02201634899993,10918.975633575688,211.43150972246656,4.367590253430276,175.85194110648152,171.51359564,1440.638035586,289602.37345372036
SoNcU2iwHMw6dGzsYNQkYFkUjwN1UdAjrWVRnStrZu2,8ivTTid27jZnYNc4w3CTA1Z6QS2twsFb8WMwUabeDJgc,CyXm53PMvHCbeXJBykU46Rcbo28xk5srhMZFg7gv6EYB,1.3592010969999997,1.346010188000001,283.7034493569295,208.72809033417784,0.11348137974277181,206.32446378850918,15.466209446,19.235725431,7197.033097506067
C98Sspw7XqnMsgxea3SLQVdbMDL8pKUc3RE82UvX9eq2,CSqgQJurPCzGxb4Cgwx5R61hWQUiaoUHcShNc8r1cKEL,6S2CR5EnukPhC914XkAns8m5GixjMAoUuZMsS5ubHuWc,34.09182899999996,34.078421999999705,0.0,0.0,0.0,1.0,855.230184,908.752843,908.752843
HEDSDjj84KS7LKhZY7ejkCACTdPen62rKhCby1wXtgxc,EnnjMSFttpCTywBrYNt1J5QQeoSVkvzPipJDa8Y7kJow,6bjVT6JN2rSvpyn9PdfLYC8wJn4LWh49jpY47fnLDXZk,11.06151252699783,10.94409789599922,10.697893957037905,0.9671275904563286,0.004279157582815162,0.9987953130211525,38818.905395067,9068.877991921,46600.78727157469
ALLwa5WNZbvQsRKAqe1jdRGemdYQnW8E5k4msbRFcYtu,CGoM82Hbz7QVqTgvQatYtjvDWBvoUJp5qm21P8iMs9yb,3dxNNww8TivyN5FMy5dCNdi3Zcxv6e4kUfSPxfFwpdNq,5.766041337999998,5.768754929000003,21535.168395891684,3734.8272642390293,8.614067358356674,3747.760712973998,4.66319803,4.036776042,32545.109798272002
MATgk4zXLXtYkwBH678J1xZbRDZ45LicNzkRBHkxTuY,y8dALFo1bJrSzPYjMX14HJX448pXqYmrfXHD1K8MXih,GN7Yuet3UyiWS5YVkEHv6oQKi4HGBJc3XDPt9zQhAqZz,2872.475337,2864.5778499999997,2878.909700179902,1.002240006414336,1.1515638800719608,1.0,3051.853905,5027.175707,8085.865784322817
STK75uPSyBnEhGTTzb1nwmP3n427XoXmfRhXxxhyady,6TYyD5fUmDe6N65avW1Ny2RxzRNobw2RRgKwH9CTzSAU,54zDfk4cx2vGrEajPtodWpArNe5eUurytyxd4X3aZAxK,521.8662159340004,589.1096730180079,91758.19770485924,175.82705088628262,9.175819770485925,198.50974762264727,1601.532073361,278.500739951,336877.7729592518
Sid7E679i9ABqptiAVhkmQ27YHN8vaYT4fppPwmxFsJ,GP7KB8o1bv527HG8kTzzzf4wJ5aEGHvcMQvVhLziUfmT,9gYxhAZ1M9wu5pxr8SBoa5NDm21gi3s9vMHaYTME77sa,3331.475417999998,9924.06132800004,23.903069486007446,0.007174919963947175,0.00956122779440298,0.021965113249927407,135954.615393,8708.440137,1166.7453580134138
7oAd7xG4m3oC2qeWB1szghTebAZyyGPAFDJ4wwwbRSNi,D9yh4KAysxt9GLacVe4Wwh2XqghhcjTCSTV9HuM7TBJd,HDYfJLpZKaMFb84jM4mRytn7XLR8UFZUnQpSfhJJaNEy,43.76990669302177,1.0006506990000616,43.717134384874626,0.9987943244083827,0.01748685375394985,0.022875216339173155,958.468592498,299958.837362764,7818.936287830776
SAMyS8Jr2HJrkFwYVKbpUwsNStnQmvz3f8Tup8bWUWF,6jPzm5TFfquvgm25sTyN3MMGBfufRaFHMxobDWv6hMFW,Cj9ECoDmxsHTDzCY5ZA6RWrPbg9uFzEC1Qc2kso2vJG6,1220.2804097300104,26.674575480000044,1221.8540600109798,1.001289580877003,0.48874162400439186,0.021965113249927407,485.14207461,108748.83637146,2874.4482112489904
KEVpg4SYCVrqFxKijQH6hm4QxsRdoE51ud64bEEFUC9,2bPenuBYfqzD8p5dFjCcggwkHDsc2RQDnx9AoyYGUBjA,AE6n6iLuX8oYu61vt5hoDYkjswpnxFxrhSehxrnQTnbx,734.310596149,736.1100469150006,731.356184110202,0.9959766179947667,0.2925424736440808,0.9987943293963332,6092.114208484,1437.395823791,7503.266103704181
GokA1R67GqSavkd15zR62QD68Tuc5AEfvjssntVDEbM8,3YB7hfpBdbQEuZqLGWVDpRPmeZWCUsrrWyqGXegnQ6Cg,4DPCj6Z1DsG6HUtwSogBGqXEUxdEV5a8YVrrFtcnz7UW,40642.53958900002,40624.61775600002,40660.83696563455,1.000450202591166,4.066083696563455,1.0,10964.892561,21473.419663,32443.24864704282
SUiuyGR7SFq3xeRVJonq84fjjeFwRSsFekcevJ53tzy,49GjCCPsv7fBqo6t3iKDrP1xxGDS8uWZbVCdfnp2gjMf,CEwj5xEbbJEjYqM8D6Ai8ByGz1mrh8mkAVsE5fzDSSSx,9.63379400000006,7.035949000000089,0.06912170089915494,0.007174919963947175,2.7648680359661977e-05,0.9462340358490227,662.38827,1.526559,6.197064905839079
wrmcMSHFi3sWpAEy4rGDvQb3ezh3PhXoV2xNjgLBkKU,8p4mGnARWPBu6P2Gcw4adodLkNDorrXniZMhaY7eJXUn,AyY89zccbsgp9LKFgH4CFZMJmpSgqmPSdTfukhP227rc,0.016813010000000003,0.15541673000000245,6.58043444227006,391.3894324853229,0.0026321737769080243,3740.695021134927,27.06736867,0.09737395,10958.12831257555
daob129AwBGn9Y5r91uLoWZeYiGzbPmksauMhFZKTze,6VW5GQNyj4LStgmxEHLr5zUfW92vQnmbw8jTnCH7a38F,4VPCCUifPeBA1c7HWK358CHn2nyjm8pdTRk6Ps3KmnMQ,42.50827844499989,37.749117452000014,8337.914065008528,196.14800622416854,3.3351656260034117,176.20195281100263,48.223279483,224.248073159,48971.84852890168
KEN5P7p3asnb23Sw6yAmJRGvijfAzso3RqfyLAQhznt,9zj4aX38Uxf3h6AUjS4EipWS8mwbEofasHAf3a1uKGds,CwQDG1MWunn9cLNwcZLd8YBacweSR7ARo32w4mLua1Yr,79427.67741300026,79431.69135900191,79355.86035937503,0.9990958182844526,7.9355860359375034,1.0,1151608.186315,1109144.940468,2259711.863717459
BkwbeSfcX1h4thMDd7obGkHrPevf3QwgzJ4pCEqG18Lu,35yX27bmurdebhfAb8EPmjLETDiUaEUCn9zHaDPbakH2,2CxECn1ZJFoESyUnQysQU8rRgT3iJ5GRs2Mdd6gZjx5g,0.002634450000000288,0.00311778000000118,5.436675815672221,2063.6853292609944,0.0021746703262688887,1371.7421124828531,0.89422377,21.9495758,31954.553951219972
BSCNHw8CmxbZ8hCWWzMf5FaG2ajPT6JxfznKUNuRVrn4,7n9kgNL633yGzCYksgnzHyjG73ZLBAwvEae5sbAekbzW,SscdxE99omdG9AiMVwmaEMQySQnCgeAh1sPj2Leutm2,627.6331497079982,626.8594862989994,628.4873337566676,1.0013609606966534,0.251394933502667,0.998795343946508,4941.964295404,6764.043108875,11704.584877972124
JSoLLrxK5bYdHwTEWYaGgmeycBCNXKDiBCTw5hXGBg7,xG4wXczA7Dk4hccJ61CHKpDHW4NrNfQwgmWgkb9BuF2,BVR6WgfhsRr9Lob4QDnkEAiNGgAbv7ZieKcY9kSg3QYR,0.7799511089999562,0.6639028300000085,161.5180143221526,207.08735773098525,0.06460720572886104,176.24716902984744,16.991372099,164.765700768,32558.18666578485
