0,1,2,3,4,5,6,7,8,9,10,11
Dg3mAgpwDfVNnbGWcsxL8sUcSkEbjSJQhKAWNigG44Ju,EATxwd8YA2wV93VJcKMmH2Kn2Y9XfJVUB9hHVu3udwEy,GiGvrRi7NMHfHKanG2B8xyCEqe8jaafWins8bhrLVEaa,0.0009665320000000199,0.0009531600000000084,0.20433440983242385,211.40987554723446,8.173376393296953e-05,208.89495612683683,0.190825342,0.268885037,96.51108981075635
ALBpShJ9NLpE739pcHDF2LNVk5J4VYPvvKuV6jMPitZi,D6d156U1bPiJpDYRLextvDRccgFk7QzkQbJg42ceKEu5,GNcM8U5g8RwTZffwwm3kSQqUNPSwv5d2fbN9sLxPJqt2,95.30576000000292,95.41364600000088,95.02751942313199,0.9970805481550021,0.03801100776925279,0.9985700476917054,52963.388066,47361.850576,100102.88939343713
RajgMbScQbqqrdJfR2rxfHJiTiY5b6bJ2tTXiF4aPxy,725ZA3fhyBAKb5iopNRrcbSuQa3LXA1656Q3mBvYPxeg,GLA6i1dSZpUfk2f9Nj8uiG7xyDdAR2reff8oEiZH3617,7136.974496969982,7135.149453230028,7138.418670451202,1.0002023509376183,2.855367468180481,1.0,90553.73538572,93442.53273357,184014.59175255016
KEN5P7p3asnb23Sw6yAmJRGvijfAzso3RqfyLAQhznt,9zj4aX38Uxf3h6AUjS4EipWS8mwbEofasHAf3a1uKGds,CwQDG1MWunn9cLNwcZLd8YBacweSR7ARo32w4mLua1Yr,120627.48725499841,120645.2740469994,120476.40983706272,0.9987475705465345,12.047640983706273,1.0,1149830.949967,1076874.578091,2225265.4459097553
Sid7E679i9ABqptiAVhkmQ27YHN8vaYT4fppPwmxFsJ,GP7KB8o1bv527HG8kTzzzf4wJ5aEGHvcMQvVhLziUfmT,9gYxhAZ1M9wu5pxr8SBoa5NDm21gi3s9vMHaYTME77sa,690.8915760000036,2110.2947230000827,5.14251689874064,0.007443305255672437,0.002057006759496256,0.022005248031603055,135939.55628,8714.580402,1203.6061169500601
7dwD9TF6uikvHXxPFK9AsSim54yJoujQjY9vU6gNFumk,CquVr6atkvwueDYficKjn6SSEWq4F4rH4VSiBbW4GBWU,8BCa6ge3b7ho3TfZuM64Vk1hgbrJ3J7EPiAb9uP86CGd,0.0004238880000000003,0.0004226960000000002,0.08828158436503257,208.2662976187873,3.531263374601303e-05,208.90534227364634,0.00369969,0.003811699,1.5668050228763666
Lee1XZJfJ9Hm2K1qTyeCz1LXNc1YBZaKZszvNY4KCDw,9DgFSWkPDGijNKcLGbr3p5xoJbHsPgXUTr6QvGBJ5vGN,2hNHZg7XBhuhHVZ3JDEi4buq2fPQwuWBdQ9xkH7t1GQX,2072.8558738219435,1743.1393323369866,433009.5890868865,208.8951743125782,43.30095890868865,175.54244370529375,6671.207679706,53915.736657586,10858083.258171327
AUSejoEUCh2DBs9mof6BNC8Pubs22w4cJa1ccV9h44R,4xkyD7AfGQDwsQMy9MosRRNGoVJ1zosNinesxg1TzHG7,Cbm5gsQe3nSiCsFrvepVzMCD9xLK3ri9g3ypS2hdmVJ7,15.76954399999886,15.787059000000227,15.74957354074919,0.998733605787861,0.001574957354074919,1.0,14834.87867,14044.038303,28860.130168514526
MATSnbbiTCv7Dc3trJrkrqjx7ckKdr6fwPoVwv9q3sD,631WX9JizSHJm4w6VanZeJAst9T8DeUUnPLesdGkCVtK,211maUSfpnXbPuW1iBu8b4dtJv5EbN1j7JJiEX5TZKEP,1522.1567050000049,1521.2571559999997,1518.1275943645614,0.9973530250714604,0.6072510377458246,0.9983108580282163,24287.543841,21282.298627,45469.60512451017
KysFMBBoavfov2tLpvefWW6tPFt6rAeZWDJVy1mMQae,B8ka2V21TH3x64dFV8ETcjuQcwmrciJ2qzy1mJUttRew,7fSf7EYxBANyxzk2s5pymFgshA91tFYQNKKs5UnLWcYS,32.5626270000098,31.22091300001057,0.0,0.0,0.0,0.021904544507373034,134034.582048,2973.492039,65.1329887105949
SoNcU2iwHMw6dGzsYNQkYFkUjwN1UdAjrWVRnStrZu2,8ivTTid27jZnYNc4w3CTA1Z6QS2twsFb8WMwUabeDJgc,CyXm53PMvHCbeXJBykU46Rcbo28xk5srhMZFg7gv6EYB,12.854237365999989,12.540390918000003,2680.3331871625774,208.51748033315255,1.072133274865031,194.17098697112675,8.17350932,22.369620423,6047.850844589324
heyk4SZTeCUV6a65WiVA5bzic3KcxgVf1qxobfeV4tQ,9ZDpBKPqMABtGfq66FbVribaArMvtk63xxy91onZAtDt,DaTP4s6N7xxSPinbNZ3FB52EpRDRt87QShTuN3VPCW52,97.33926332200281,83.98105270500037,19734.261244347,202.73690770665837,7.893704497738801,175.43988920620117,617.119522262,4484.063155574,911796.4468363196
BSCuChvaSj9b5HUSqgDVRzcnr2sSn7cXaamt1jbKH6hn,GnKpRj5kBVPMJfiwZtEuD9GYApLzPdW5JFuZTcyX4BTc,3dmwD9okkomV9nDwyuh4UMhKdUR13QpuKxRo89ycZB5t,5.287125937999917,5.297822516999986,5.273138805489885,0.9973544922753772,0.0021092555221959544,0.9985162049194896,1683.726765743,1320.928569616,2998.241035880771
GokA1R67GqSavkd15zR62QD68Tuc5AEfvjssntVDEbM8,3YB7hfpBdbQEuZqLGWVDpRPmeZWCUsrrWyqGXegnQ6Cg,4DPCj6Z1DsG6HUtwSogBGqXEUxdEV5a8YVrrFtcnz7UW,16216.831175000001,16217.408667999998,16217.46365608259,1.0000390015210594,1.621746365608259,1.0,17212.579225,15227.341914,32440.592455771133
C2ypsDADXcCRz8HbV2zX1AXPSja7a1P3xZtRC91xGhJh,J9bYNuDpY1d1T86gLaw7DGk5D3CsUAf2tzUwxMvb6FTv,A2NGvvPrMGzsJ4jb52KEnSBVmsA7C34dV1GC7PerdgvG,2482.5739720679967,2501.7113870599983,434284.97168056486,174.93334602183205,173.71398867222595,162.10779033302614,3816.135964516,1988.974051155,989997.6216094996
BSC8REUo9LpiiWUuqMuLXs2D2yJsJfGd4HdiF3wCLxk5,AZjEH1zWVx1UJ6udMyRijGTzPteuLnaY18yNNmprJEsh,Caf8ypkSVR8xYnXNhjvfvdGCC7mrM3C11rz8Xi6NA6aK,25.379322241000864,25.38323290999915,25.344979995866304,0.9986468415189166,0.010137991998346522,0.9987977401685749,3363.392603521,2856.284702881,6211.692106809945
AURHmCnNwiW4uA2Qj1XvEh4iKgRUZYXtiY7FKAapUV5Y,BKWm4TRnTeKwfWXRyuzjRHU7iZDkPuXBX5b5V5jSVfGJ,A5Ww74HVrkj9nPeC7pHKLfgeDMEhBCpW1efQdz3TGLEg,0.004597414000045319,0.003967584999884366,0.8830723155242924,192.08022499509235,0.00035322892620971697,175.22798475025894,290.087084777,1795.110527471,370273.5926448543
HEDSDjj84KS7LKhZY7ejkCACTdPen62rKhCby1wXtgxc,EnnjMSFttpCTywBrYNt1J5QQeoSVkvzPipJDa8Y7kJow,6bjVT6JN2rSvpyn9PdfLYC8wJn4LWh49jpY47fnLDXZk,45.189034001001346,46.661852280994935,43.774664861355355,0.9687010538969554,0.017509865944542142,0.9999837302647087,38823.016614028,9064.929274191,46672.6788996592
SAMyS8Jr2HJrkFwYVKbpUwsNStnQmvz3f8Tup8bWUWF,6jPzm5TFfquvgm25sTyN3MMGBfufRaFHMxobDWv6hMFW,Cj9ECoDmxsHTDzCY5ZA6RWrPbg9uFzEC1Qc2kso2vJG6,2362.0654863100353,53.76704167999986,2370.5810401107,1.003605130276878,0.9482324160442801,0.022754633104978453,495.30799064,108296.29247298,2961.3360423255353
KEVpg4SYCVrqFxKijQH6hm4QxsRdoE51ud64bEEFUC9,2bPenuBYfqzD8p5dFjCcggwkHDsc2RQDnx9AoyYGUBjA,AE6n6iLuX8oYu61vt5hoDYkjswpnxFxrhSehxrnQTnbx,95.60094376300003,95.85981235600048,95.32673897216854,0.9971317773649677,0.03813069558886742,0.9999837302647087,5898.526237136,1630.592937852,7512.174359205848
YAkoNb6HKmSxQN9L8hiBE5tPJRsniSSMzND1boHmZxe,CfWX7o2TswwbxusJ4hCaPobu2jLCb1hfXuXJQjVq3jQF,EnTrdMMpdhugeH6Ban6gYZWXughWxKtVGfCwFn78ZmY3,4533861.3785010185,4531534.914053002,4533861.3785010185,1.0,453.3861378501019,0.9945686605447651,286837.924357,1209146.873269,1489417.5105060404
BUSDgu5JdqP1rndBvXvanbEufS94FNh1w5FJcAj6vawb,Bgzr8cWubt89JQFXndVjtdKmDbGzuPxNhvjH1EhWCwbo,Dxaf8xPBBQsasRKW5Aa4Sw2YrbfGofY9xZueyyF23FBW,5634.666151649999,5629.850615500001,5639.936672470422,1.000935374107103,2.255974668988169,1.0,6945.91012407,8186.87687278,15139.28402133032
STK75uPSyBnEhGTTzb1nwmP3n427XoXmfRhXxxhyady,6TYyD5fUmDe6N65avW1Ny2RxzRNobw2RRgKwH9CTzSAU,54zDfk4cx2vGrEajPtodWpArNe5eUurytyxd4X3aZAxK,610.0047740580003,689.4873561050047,106379.63701424349,174.39148271998397,10.637963701424349,197.76466598042327,1597.95613904,277.060964486,333462.8095064742
DEDaBEWzMCXohXYXoLzB4jK1xqMsd3SS9izXp2xvg9pe,GC5zHpW5GuVdw3C7covC6viyGdLS8ZAaVGDKMeru7p78,F8juxtAFueW19vxkdDArUkjVWAv9QV6yy1wCXUWQiXvh,2327.100225520417,5520.742035029851,2327.100225520417,1.0,0.9308400902081669,0.0,38.1337582,8275234.23921236,38.1337582
JSoLLrxK5bYdHwTEWYaGgmeycBCNXKDiBCTw5hXGBg7,xG4wXczA7Dk4hccJ61CHKpDHW4NrNfQwgmWgkb9BuF2,BVR6WgfhsRr9Lob4QDnkEAiNGgAbv7ZieKcY9kSg3QYR,11.660897700000078,10.134000884000017,2153.6485372108477,184.68977197277303,0.8614594148843392,174.71332164617687,20.286261492,160.999614073,31875.44236758392
MARpDPs5A7XiyCWPNH8GsMWPLxmwNn9SBmKvPa9LzgA,6YjT74rmcfCpw8LSjPNx5JTmZoYLGrTKnf9arfSgZ4SR,F8GSmi3vA8M8TsybLya1LQ4n1aFHCRbZ6k437PeTdXtg,44281.21544599999,45729.58191400021,40227.85661361241,0.9084632435771649,16.09114264544496,1.0,292193.406958,20060.400943,285507.3711799272
MATgk4zXLXtYkwBH678J1xZbRDZ45LicNzkRBHkxTuY,y8dALFo1bJrSzPYjMX14HJX448pXqYmrfXHD1K8MXih,GN7Yuet3UyiWS5YVkEHv6oQKi4HGBJc3XDPt9zQhAqZz,1005.6295390000005,1003.6147610000007,1008.859908426783,1.003212285738936,0.40354396337071324,1.0,2691.108653,5389.874279,8089.627541947959
FrnkTEL6yZ5Aycq2TrEgu29dCrwKG4LPUZydfiwqspkc,DjvZuMZ46fxKBoBpGMPcRcos4xdTtHFxwMh69DpA2ZFY,9rvDPJLAng4uVVqnnSoEXgNDFhBZQTny9AoQioYDZbQX,75.66480100899844,62.907156366999686,15854.395441071098,209.53462151027944,6.341758176428439,174.66110941592802,171.106759063,1441.176369551,287570.25356791343
ercAoEmXjQzEvAFbdjAo81KtMxRGn9AW1ju882upmPH,CMRhskR2Eg6V42RTSdRTXGdozyPbWB8U9dVpijPWb9T4,7TKLLgrWswt6ZJ1pXhVR3FyufHGjJFqiEXxvWJfDcgRm,0.9731510340000114,0.8651297310000032,170.37631986139706,175.07695507560348,0.06815052794455882,154.74745061312487,37.642785003,310.641329256,54661.33793632915
WiiQFxXqp8P9Fs1rt9SVcDyA3KUdJmUsog6wnVQAwba,3S2jpqSYxho6wiz3cafhjXruVY8cg4HYa2v3BqBHYFSj,Dfe67M6TfrG74gKRtdqys4e6E9QirPD53BkF4FujFjuv,808.6618490460005,811.0499229900015,806.1390465734175,0.996880275141508,0.08061390465734176,0.9982577507302282,21699.571999247,5136.978550543,26759.903958476796
DA1mL7dfBow33EH5yjUuZE6SH2KeUK5zEXzsyhE5r5j5,B4UtLRZND3D83CitRCBUyeiNr7H8m7YFRqBmiPmXjhW4,AAmpYbuixWiSqDaJBCqYEs1pb5SrbdPr9mgXrB58Q2e,236.8568868210001,237.67713175200015,235.92254671650556,0.9960552546432789,0.09436901868660223,0.9973602308249028,2017.885335097,990.667332699,2997.977490902346
BUSD5rCfUDpCxKGMvYU2yThChxgHoioK74PTPociGnv2,CcFHbafgYDZ8yA8Me1PdtDiVb2eeaS61LbqyKKK5CsNZ,26R9s4nmF3CFDTkiePDwRmtscn8i7r2eygbSijditJ58,164.27308121000002,164.30682716,164.03599506525237,0.9985567559639028,0.01640359950652524,1.0,80.90044183,67.14176042,147.92544316981122
B2izdXFYb2sNwbWWHmh75T4aQFtfXsUxem9u2p61HGzf,4DYwgJtxwuJdAjkj5RJSNH4e7U329V5cNp7d3a1nLrZv,EXNW64GEf1ACC6xY9BtKRiunrs6GoJSXBdxWN2eTPmrF,7779.149289000019,7662.113284999996,7849.029195931395,1.0089829754302555,0.7849029195931396,1.0,8661.382192,31099.356901,39838.54407642278
vEnkoSUkpnbRrPgBz9DfcVxNz67zjwMYBZraAvDDNSf,DtfyjjsZ5yCjWKLKHvwsfXs5QVsmm1QkK6Sh9JZHoq1g,e5wrKCRv4GhHvEf1VD5Pq2KGaZDXP77nTL612Jyrxwy,3721.209221,3720.6720450000003,3716.426180505689,0.9987146542399931,0.3716426180505689,0.998976049549212,3402.429567,3551.314142,6945.734040865744
moFiBS1R4Lf3E3zzmBPnw3NF4RhWPkhREFviuzUaCAU,44ALBrpqi9PfZkBRTvbtRNtFJGsatfY4QydjtMbFWq8S,2ho8qEEie1UjVwWNBo9y4oAJZMyMLx8zPj9bxyUz6uWs,2568.830013691997,2572.553782433002,2564.0315440387476,0.9981320408015816,1.0256126176154992,0.9977834699196131,36809.422109494,27616.785235163,64296.23541084178
MAR3XM1n9xWPQ3HJjAcC85o8DopWFP5p2WxGTaZ3fPB,6qG7GUhER8Cg9gDEgnebph9LdS6eu2eoWcA4R7z9uizK,4QV4CwRXVMY227KkFF9voNAfwWHVvVajXSXDKbUHkWZR,0.2673060000000014,0.006149000000000002,0.2354154465351212,0.8806964547564214,9.416617861404848e-05,0.02227004293285687,0.115033,24.146261,0.6390474244179628
parEAJhzYzHW87y9VoZAQ22dzQ2MD2ekEtTReaxbMcz,3oyc6hpjYSJEquK6dSvG72NXyz3pqLZz5D8AC71pwgQb,Di2vordgFJVZ1aj1aBpvzXtLfZgJsuLLXawGtVFwX6Rz,6.478277063999997,7.673808212999575,1109.8147185494558,171.31325313588908,0.44392588741978234,198.75274701140464,1103.477630447,139.802764725,216826.5261634408
4vezWG46exH6pf9nry3n1VJ7hZHvjBJNgNeF4qEFCML5,,,0.35122499999999945,0.34994499999999995,0.0,0.0,0.0,198.75274701140464,1103.477630447,139.802764725,27786.18352888285
KEnkcdADoLR5jS2CLLLesy8TtFsyWL37BhXNfDMzWzP,3qsjFRuw1qeLMPo4DLwaQevenGAGBj9dA3Q6rb8ax2YR,77iEv8zPQAEyCcEbvBRSB6AFcUdfkhiqnAKtPxk76rNN,0.012417000000000011,1.6110589999999974,9.219577571385077e-05,0.007424963816851952,3.687831028554031e-08,0.9978317116904966,122.007802,0.27603,1.181335002601565
BSCrK1Nx9PXU9mF7STWWBqeHLxmtJDr9h7jheEy4tAWX,FfSySSbVJPvEo5a5AvrP3nySoXpRE2QPn1uUMpJJ1x7v,HL7Vcj6838ZmvBHDbQxXfjBNckNi83WvPiZQoMQLFeRM,0.15376558299999987,0.15362044200000002,582.6064896732804,3788.9264834594414,0.23304259586931217,3783.8655970939913,0.890068846,0.914479085,6832.671371705075
DFWzVTzNBrQZLjoQ4yQwkj9HuoXmfkuZP9V5vbymZe23,DhgiEgiNdqZdRdo195UUHnoEJUtefK8buko8nU97XJUZ,2K2kkXsouBHtWVjtcgkyiXd8eP3oVBvq1bTJzcVdLLr2,14.060044013996958,14.128081574002863,14.003193429217218,0.9959565855751842,0.005601277371686887,0.9969899964745536,37727.536570436,30221.356637247,67705.37875207944
BUSDTd9WiT6uBHJRgNvFXBsA7JrifsAtWzKfioN7ERcy,DyBxrn7gSc1EwnpWhDyhzvMHPtxpmBqRqotapLcKcfTM,Cds99GeBgoCpqBsoRWu1C6fF9LiUMd4pXQQD24s9LPff,199.73893508999998,199.50347875,199.6201331639488,0.9994052139809514,0.01996201331639488,0.9976624768168182,92.16346175,93.12321348,185.0141800210821
Cob4usZcpHEY7Qt4ZCwj6WVg9S44zvzYV2v9qYF65dTf,NhFM9UXE48PyNAyeyPYA3iXztqKVJwA4bTdLj4ysM8w,6TuFuynuBoeskxyR2cz4wxyidk8dpDK7kAWw3UkjQGx,16.030636999999984,2166.7395350000297,0.11896717353376325,0.007421238066445106,4.75868694135053e-05,1.0,73573.267559,166.681509,712.6862428816016
SoN9GaFpSXfpyR5dth3x7PHPVhvJMpQqqDJfCSmPv1t,9kZ9iS68ViMPtoeqtnhAKuF2iqVyfHPdZHoUNdwCELr,BBhm5fJLjw3HRzjtKB8uMEYjGhY6EDm9co3cqpjrSzB9,3.471487670000001,3.3153986619999998,731.2219000420432,210.636467575886,0.2924887600168173,196.81188365898484,1.27938468,3.942290812,1045.374750307134
ALLwa5WNZbvQsRKAqe1jdRGemdYQnW8E5k4msbRFcYtu,CGoM82Hbz7QVqTgvQatYtjvDWBvoUJp5qm21P8iMs9yb,3dxNNww8TivyN5FMy5dCNdi3Zcxv6e4kUfSPxfFwpdNq,18.70609959400001,18.695723066,70792.08141840754,3784.4383893430213,28.316832567363015,3780.9184607124766,2.347145251,6.367749795,32958.56934636215
SERgf3DMJpQxUifu7VoFKmfne73d2fDJxSrxUMrcNJB,AJfM2GZ2tTB8UtN2krcyR9xufRJEx2mhSCbJyMgPo3GU,F4yRYkufQvERZcEKnKjJwRLU1btiMBUuEwq46hfm11QD,6.550100000168868e-05,5.5770000031429845e-06,0.01102404214345993,168.30341740089034,4.409616857383972e-06,174.5031676687511,29.284858487,27.960816133,9807.992747275588
wrmcMSHFi3sWpAEy4rGDvQb3ezh3PhXoV2xNjgLBkKU,8p4mGnARWPBu6P2Gcw4adodLkNDorrXniZMhaY7eJXUn,AyY89zccbsgp9LKFgH4CFZMJmpSgqmPSdTfukhP227rc,0.014269670000000553,0.11568298000000159,5.388848187311387,377.64350453172204,0.002155539274924555,3785.154623566373,27.0931546,0.09475306,10590.208835119807
BkwbeSfcX1h4thMDd7obGkHrPevf3QwgzJ4pCEqG18Lu,35yX27bmurdebhfAb8EPmjLETDiUaEUCn9zHaDPbakH2,2CxECn1ZJFoESyUnQysQU8rRgT3iJ5GRs2Mdd6gZjx5g,0.0695101800000053,0.047946890000000075,176.5158587064306,2539.424566393255,0.07060634348257225,1724.1379310344828,0.92657925,21.90155079,40114.27257567748
SRMuKizofcAMicegrfSv7xs9q76tH1w8aAF7oX9FEWu,72Hj2KWntXPfbie4UgKeTPnm1XVkomDfCnRPKbvfTtPi,6aqJQ5wedqpUt4fFEDUqUmXhrdxCu4bEJsQdVPCADLko,0.022001999999702093,0.022001999999702093,0.000985890677516965,0.04480913905691818,3.94356271006786e-07,0.04488288036782418,16769.751918,5121.302014,981.2969312655415
KwnjUuZhTMTSGAaavkLEmSyfobY16JNH4poL9oeeEvE,J63v6qEZmQpDqCD8bd4PXu2Pq5ZbyXrFcSa3Xt1HdAPQ,BnKQtTdLw9qPCDgZkWX3sURkBAoKCUYL1yahh6Mw7mRK,1275.1806710000012,55348.94091000006,28.878153925158188,0.022646323444121715,0.002887815392515819,1.0,276202.404119,604.528534,6859.49751372289
daob129AwBGn9Y5r91uLoWZeYiGzbPmksauMhFZKTze,6VW5GQNyj4LStgmxEHLr5zUfW92vQnmbw8jTnCH7a38F,4VPCCUifPeBA1c7HWK358CHn2nyjm8pdTRk6Ps3KmnMQ,30.559925713000226,27.15309718100005,5157.313760863795,168.76067727710046,2.062925504345518,175.174728032476,48.128423406,224.402400478,47431.81480384403
RoBgmK8CvjdHvPrqdDyVw54VwjZv2TqJ493xnqJAQHx,ExiHJxM7qPAcy27NDHAF6G7vnW7muNHi2sVJpnaNynGQ,6rkPHSqZb7StM4HwS9EuVrmfkV7tRdc7dnsFhyB6cefE,0.6586709999999982,35.67309699999987,0.0,0.0,0.0,0.9300223298361394,6214.671695,19.870573,18.480076596639087
NorjjEePhxfwLF4vZjUHCrVVKLzQjEEGQFd3wgjEJmh,34M8pFVqgbV7aqHxvRT5tCv3vu2P1JJYT8J3VaxBK2oG,3AZWBSze3ucsY3xSeuLne3b2pauVqiaJ1SZSV5T9WGWw,0.012774999999692227,0.001160999999683554,0.007234337023095643,0.5662886123890357,2.893734809238257e-06,1.0,38237.245723,2130.660317,23783.97713905626
C98Sspw7XqnMsgxea3SLQVdbMDL8pKUc3RE82UvX9eq2,CSqgQJurPCzGxb4Cgwx5R61hWQUiaoUHcShNc8r1cKEL,6S2CR5EnukPhC914XkAns8m5GixjMAoUuZMsS5ubHuWc,17.71548299999995,17.708367000000067,0.0,0.0,0.0,1.0,860.07482,903.930988,903.930988
KZMu9QBEdL97EFgamLbN5DE1AoKBG4HdrKKJo4Vuon3,DD4ACBWyVqdaKWh7v5btsgqQCCMwbKnuL2xd9pv7Gyuw,GcYqiJ1MAuYbNTNYXm1F1gQYTfTgkErACAhNU5dpVj9T,58.40956928999958,58.23597688999962,58.62014339670636,1.003605130276878,0.023448057358682547,0.999349603291186,1420.27668924,1668.02330025,3092.3353951192157
Lid8SLUxQ9RmF7XMqUA8c24RitTwzja8VSKngJxRcUa,4PgzyzLtds9bKZ2to9PMnKqJzKEUpjvNUaeN23phegax,AtymwxoVN9peZo7EXTcDz9jKVc4vRmisJKKrNfe3ewBa,73.3414203389948,61.86520131899999,15230.414290602223,207.6645669010092,1.5230414290602223,175.1489554291447,958.482966698,7661.502954207,1540947.189607997
