0,1,2,3,4,5,6,7,8,9,10,11
SAMyS8Jr2HJrkFwYVKbpUwsNStnQmvz3f8Tup8bWUWF,6jPzm5TFfquvgm25sTyN3MMGBfufRaFHMxobDWv6hMFW,Cj9ECoDmxsHTDzCY5ZA6RWrPbg9uFzEC1Qc2kso2vJG6,12.535646069990776,55.93589091999212,12.56844543931594,1.002616488144451,0.005027378175726377,0.021764031055411928,480.83202175,108948.70115673,2853.2530284562467
RajgMbScQbqqrdJfR2rxfHJiTiY5b6bJ2tTXiF4aPxy,725ZA3fhyBAKb5iopNRrcbSuQa3LXA1656Q3mBvYPxeg,GLA6i1dSZpUfk2f9Nj8uiG7xyDdAR2reff8oEiZH3617,801.8330807200109,801.8071330400126,802.0856655169388,1.000315009199547,0.3208342662067755,1.0,90583.64620696,93412.94147373,184025.1223625737
STK75uPSyBnEhGTTzb1nwmP3n427XoXmfRhXxxhyady,6TYyD5fUmDe6N65avW1Ny2RxzRNobw2RRgKwH9CTzSAU,54zDfk4cx2vGrEajPtodWpArNe5eUurytyxd4X3aZAxK,255.8992181290003,289.2727708519983,43239.31524007192,168.9700951656473,4.323931524007192,191.13456714519117,1600.682968074,276.455441229,323307.7445397323
B2izdXFYb2sNwbWWHmh75T4aQFtfXsUxem9u2p61HGzf,4DYwgJtxwuJdAjkj5RJSNH4e7U329V5cNp7d3a1nLrZv,EXNW64GEf1ACC6xY9BtKRiunrs6GoJSXBdxWN2eTPmrF,2820.040240999995,2782.629516000001,2797.7061527823334,0.9920802235751991,0.2797706152782334,1.0,9376.365029,30374.376944,39676.483258292996
BUSDgu5JdqP1rndBvXvanbEufS94FNh1w5FJcAj6vawb,Bgzr8cWubt89JQFXndVjtdKmDbGzuPxNhvjH1EhWCwbo,Dxaf8xPBBQsasRKW5Aa4Sw2YrbfGofY9xZueyyF23FBW,3641.8939246100017,3639.1671763799995,3642.8205853104932,1.0002544447256494,1.4571282341241973,1.0,7010.79458944,8124.3131815,15136.891630645894
moFiBS1R4Lf3E3zzmBPnw3NF4RhWPkhREFviuzUaCAU,44ALBrpqi9PfZkBRTvbtRNtFJGsatfY4QydjtMbFWq8S,2ho8qEEie1UjVwWNBo9y4oAJZMyMLx8zPj9bxyUz6uWs,4.258197756993468,4.270748317008838,4.248386673007584,0.9976959538880573,0.0016993546692030336,1.0,39782.135965928,24651.281459889,64341.75755011993
vEnkoSUkpnbRrPgBz9DfcVxNz67zjwMYBZraAvDDNSf,DtfyjjsZ5yCjWKLKHvwsfXs5QVsmm1QkK6Sh9JZHoq1g,e5wrKCRv4GhHvEf1VD5Pq2KGaZDXP77nTL612Jyrxwy,6091.238719000001,6090.072152000001,6088.559752708809,0.9995601935148535,0.608855975270881,0.9993374392777588,2926.02427,4029.011425,6951.079345830692
7dwD9TF6uikvHXxPFK9AsSim54yJoujQjY9vU6gNFumk,CquVr6atkvwueDYficKjn6SSEWq4F4rH4VSiBbW4GBWU,8BCa6ge3b7ho3TfZuM64Vk1hgbrJ3J7EPiAb9uP86CGd,0.0012098820000000002,0.0012093560000000008,0.2424805655919789,200.41670641598012,9.699222623679157e-05,200.57078433806927,0.003957816,0.003554791,1.5061996663483783
parEAJhzYzHW87y9VoZAQ22dzQ2MD2ekEtTReaxbMcz,3oyc6hpjYSJEquK6dSvG72NXyz3pqLZz5D8AC71pwgQb,Di2vordgFJVZ1aj1aBpvzXtLfZgJsuLLXawGtVFwX6Rz,1.2680316649999668,1.5021910739999385,182.3200895761619,143.78196902217476,0.07292803583046477,192.93015176078669,1104.344197133,139.071624308,185615.89272535703
BSCNHw8CmxbZ8hCWWzMf5FaG2ajPT6JxfznKUNuRVrn4,7n9kgNL633yGzCYksgnzHyjG73ZLBAwvEae5sbAekbzW,SscdxE99omdG9AiMVwmaEMQySQnCgeAh1sPj2Leutm2,48.45719672799987,48.34360620500047,48.56658134506669,1.0022573451304007,0.019426632538026678,1.0,4995.73932749,6711.04189007,11718.058325403661
JSoLLrxK5bYdHwTEWYaGgmeycBCNXKDiBCTw5hXGBg7,xG4wXczA7Dk4hccJ61CHKpDHW4NrNfQwgmWgkb9BuF2,BVR6WgfhsRr9Lob4QDnkEAiNGgAbv7ZieKcY9kSg3QYR,17.873297651000083,15.728158615000016,3534.6850698085377,197.7634535510999,1.4138740279234152,168.76267091228544,16.976509461,164.81858651,31172.558015665458
YAkoNb6HKmSxQN9L8hiBE5tPJRsniSSMzND1boHmZxe,CfWX7o2TswwbxusJ4hCaPobu2jLCb1hfXuXJQjVq3jQF,EnTrdMMpdhugeH6Ban6gYZWXughWxKtVGfCwFn78ZmY3,3323933.599390998,3322621.2277739933,3323933.599390998,1.0,332.3933599390998,0.9980747138769314,393099.308393,1092983.195702,1483978.1987155678
ALBpShJ9NLpE739pcHDF2LNVk5J4VYPvvKuV6jMPitZi,D6d156U1bPiJpDYRLextvDRccgFk7QzkQbJg42ceKEu5,GNcM8U5g8RwTZffwwm3kSQqUNPSwv5d2fbN9sLxPJqt2,159.9978459999984,160.20719400000235,156.67385352364084,0.9792247673361953,0.06266954140945634,0.9943936088333972,53649.927269,46678.220317,98951.86150253235
Cob4usZcpHEY7Qt4ZCwj6WVg9S44zvzYV2v9qYF65dTf,NhFM9UXE48PyNAyeyPYA3iXztqKVJwA4bTdLj4ysM8w,6TuFuynuBoeskxyR2cz4wxyidk8dpDK7kAWw3UkjQGx,16.940014000000048,2394.7129730000015,0.12069675027118483,0.00712494985371231,4.827870010847393e-05,1.0,74310.731473,161.327119,690.7873543378062
GokA1R67GqSavkd15zR62QD68Tuc5AEfvjssntVDEbM8,3YB7hfpBdbQEuZqLGWVDpRPmeZWCUsrrWyqGXegnQ6Cg,4DPCj6Z1DsG6HUtwSogBGqXEUxdEV5a8YVrrFtcnz7UW,8395.553654000012,8394.961464,8397.20790395709,1.0001970388166468,0.8397207903957091,1.0,14393.816915,18047.321104,32443.97415965196
HEDSDjj84KS7LKhZY7ejkCACTdPen62rKhCby1wXtgxc,EnnjMSFttpCTywBrYNt1J5QQeoSVkvzPipJDa8Y7kJow,6bjVT6JN2rSvpyn9PdfLYC8wJn4LWh49jpY47fnLDXZk,1.524047363001955,1.5737189369974658,1.4454118338122082,0.9484034872545847,0.0005781647335248832,1.0,38828.378074047,9059.738349978,45884.707519843636
AUSejoEUCh2DBs9mof6BNC8Pubs22w4cJa1ccV9h44R,4xkyD7AfGQDwsQMy9MosRRNGoVJ1zosNinesxg1TzHG7,Cbm5gsQe3nSiCsFrvepVzMCD9xLK3ri9g3ypS2hdmVJ7,1116.9194869999992,1118.0452239999995,1115.3668962803767,0.998609934970521,0.1115366896280377,1.0,14944.844139,13934.601784,28858.671617791362
C98Sspw7XqnMsgxea3SLQVdbMDL8pKUc3RE82UvX9eq2,CSqgQJurPCzGxb4Cgwx5R61hWQUiaoUHcShNc8r1cKEL,6S2CR5EnukPhC914XkAns8m5GixjMAoUuZMsS5ubHuWc,8.651909000000046,8.651108000000022,0.0,0.0,0.0,1.0,868.283365,895.723776,895.723776
KEnkcdADoLR5jS2CLLLesy8TtFsyWL37BhXNfDMzWzP,3qsjFRuw1qeLMPo4DLwaQevenGAGBj9dA3Q6rb8ax2YR,77iEv8zPQAEyCcEbvBRSB6AFcUdfkhiqnAKtPxk76rNN,0.009099999999999997,1.2548290000000009,6.4837043668782e-05,0.00712494985371231,2.5934817467512802e-08,0.9992315909065929,123.262631,0.26693,1.1449649532723414
DFWzVTzNBrQZLjoQ4yQwkj9HuoXmfkuZP9V5vbymZe23,DhgiEgiNdqZdRdo195UUHnoEJUtefK8buko8nU97XJUZ,2K2kkXsouBHtWVjtcgkyiXd8eP3oVBvq1bTJzcVdLLr2,0.4751328500024101,0.47743635599908885,0.4732191112197937,0.9959722027584355,0.0001892876444879175,1.0,37728.014006792,30220.881504397,67796.93472044273
BSC8REUo9LpiiWUuqMuLXs2D2yJsJfGd4HdiF3wCLxk5,AZjEH1zWVx1UJ6udMyRijGTzPteuLnaY18yNNmprJEsh,Caf8ypkSVR8xYnXNhjvfvdGCC7mrM3C11rz8Xi6NA6aK,44.49513852900009,44.59971115600001,44.39180634522431,0.99767767474848,0.017756722538089725,1.0,3571.960129698,2648.652529716,6212.3174062073795
SAMGk1Nd4haC8zQA63DG37pzuEZy8j4q13tSFtCbcRE,9U9TnkHD3jXMAVZtynCVLgDruuqN4pTvLJTmVHCLWS8g,C6zoEbvqSknmi96QWq96UBiPCyNW3YSTvKhavR2BfifE,0.00639400999999995,0.01225300000000118,0.009119188202407367,1.4262079981744538,3.6476752809629472e-06,0.0,53.67157856,1.12284929,76.54683461692053
KEN5P7p3asnb23Sw6yAmJRGvijfAzso3RqfyLAQhznt,9zj4aX38Uxf3h6AUjS4EipWS8mwbEofasHAf3a1uKGds,CwQDG1MWunn9cLNwcZLd8YBacweSR7ARo32w4mLua1Yr,51811.39255100163,51817.63924700022,51788.24320628841,0.9995531997197252,5.178824320628841,1.0,1145825.108993,1077799.891966,2223113.045979156
Lid8SLUxQ9RmF7XMqUA8c24RitTwzja8VSKngJxRcUa,4PgzyzLtds9bKZ2to9PMnKqJzKEUpjvNUaeN23phegax,AtymwxoVN9peZo7EXTcDz9jKVc4vRmisJKKrNfe3ewBa,27.46592470500059,23.17008393200092,5502.027800080407,200.32195745001368,0.5502027800080408,168.86480801675546,956.911005232,7663.371316762,1485764.0118396601
wrmcMSHFi3sWpAEy4rGDvQb3ezh3PhXoV2xNjgLBkKU,8p4mGnARWPBu6P2Gcw4adodLkNDorrXniZMhaY7eJXUn,AyY89zccbsgp9LKFgH4CFZMJmpSgqmPSdTfukhP227rc,0.004510769999999983,0.04628098000000591,1.6834372084344034,373.2039559619332,0.0006733748833737613,3746.440881162895,27.09490745,0.09458198,10466.272443255788
WiiQFxXqp8P9Fs1rt9SVcDyA3KUdJmUsog6wnVQAwba,3S2jpqSYxho6wiz3cafhjXruVY8cg4HYa2v3BqBHYFSj,Dfe67M6TfrG74gKRtdqys4e6E9QirPD53BkF4FujFjuv,4039.5710651630006,4048.1108205579985,4026.2788852076474,0.9967095070885164,0.40262788852076475,1.0,21793.456907222,5044.702602746,26766.448294498063
Sid7E679i9ABqptiAVhkmQ27YHN8vaYT4fppPwmxFsJ,GP7KB8o1bv527HG8kTzzzf4wJ5aEGHvcMQvVhLziUfmT,9gYxhAZ1M9wu5pxr8SBoa5NDm21gi3s9vMHaYTME77sa,541.1044379999839,1224.1260599999641,3.855341986371067,0.00712494985371231,0.001542136794548427,0.02135656380747553,136257.286634,8612.045237,1154.7500280870108
C2ypsDADXcCRz8HbV2zX1AXPSja7a1P3xZtRC91xGhJh,J9bYNuDpY1d1T86gLaw7DGk5D3CsUAf2tzUwxMvb6FTv,A2NGvvPrMGzsJ4jb52KEnSBVmsA7C34dV1GC7PerdgvG,479.38270025799966,483.04649590999907,80905.27737098647,168.76970597279364,32.362110948394594,169.22644224081532,3213.557703561,1637.951030604,819535.8142303877
DEDaBEWzMCXohXYXoLzB4jK1xqMsd3SS9izXp2xvg9pe,GC5zHpW5GuVdw3C7covC6viyGdLS8ZAaVGDKMeru7p78,F8juxtAFueW19vxkdDArUkjVWAv9QV6yy1wCXUWQiXvh,6483.636009570211,0.05487699999999762,6483.636009570211,1.0,2.5934544038280847,0.0,33.20994712,8501406.34612797,33.20994712
SoNcU2iwHMw6dGzsYNQkYFkUjwN1UdAjrWVRnStrZu2,8ivTTid27jZnYNc4w3CTA1Z6QS2twsFb8WMwUabeDJgc,CyXm53PMvHCbeXJBykU46Rcbo28xk5srhMZFg7gv6EYB,12.333847541999997,12.010578779999998,2475.1434135968807,200.67893697958937,0.9900573654387524,194.9100792095071,13.471317149,16.931203692,6003.471857896252
NorjjEePhxfwLF4vZjUHCrVVKLzQjEEGQFd3wgjEJmh,34M8pFVqgbV7aqHxvRT5tCv3vu2P1JJYT8J3VaxBK2oG,3AZWBSze3ucsY3xSeuLne3b2pauVqiaJ1SZSV5T9WGWw,0.4571259999997892,0.8081089999977848,0.25881878676310865,0.5661869741892345,0.00010352751470524346,1.0,38238.053832,2130.203191,23780.09118902514
KZMu9QBEdL97EFgamLbN5DE1AoKBG4HdrKKJo4Vuon3,DD4ACBWyVqdaKWh7v5btsgqQCCMwbKnuL2xd9pv7Gyuw,GcYqiJ1MAuYbNTNYXm1F1gQYTfTgkErACAhNU5dpVj9T,12.986658230000103,12.961092660000077,13.020637667294935,1.002616488144451,0.005208255066917975,1.0,1457.99937341,1630.21428855,3092.028500035144
KwnjUuZhTMTSGAaavkLEmSyfobY16JNH4poL9oeeEvE,J63v6qEZmQpDqCD8bd4PXu2Pq5ZbyXrFcSa3Xt1HdAPQ,BnKQtTdLw9qPCDgZkWX3sURkBAoKCUYL1yahh6Mw7mRK,158.04242899999986,7244.200224000029,3.4774185031069953,0.02200306920812384,0.00034774185031069955,1.0,276587.834119,595.88556,6681.666816245433
MATgk4zXLXtYkwBH678J1xZbRDZ45LicNzkRBHkxTuY,y8dALFo1bJrSzPYjMX14HJX448pXqYmrfXHD1K8MXih,GN7Yuet3UyiWS5YVkEHv6oQKi4HGBJc3XDPt9zQhAqZz,255.88713000000052,255.26336599999968,256.65015089862214,1.0029818650848974,0.10266006035944886,1.0,2768.276579,5313.506737,8090.037943276258
ALLwa5WNZbvQsRKAqe1jdRGemdYQnW8E5k4msbRFcYtu,CGoM82Hbz7QVqTgvQatYtjvDWBvoUJp5qm21P8iMs9yb,3dxNNww8TivyN5FMy5dCNdi3Zcxv6e4kUfSPxfFwpdNq,3.9155868229999977,3.907224589999999,14654.142301646698,3742.5149700598804,5.86165692065868,3746.665467733717,3.404771203,5.311210468,32641.73604917772
MARpDPs5A7XiyCWPNH8GsMWPLxmwNn9SBmKvPa9LzgA,6YjT74rmcfCpw8LSjPNx5JTmZoYLGrTKnf9arfSgZ4SR,F8GSmi3vA8M8TsybLya1LQ4n1aFHCRbZ6k437PeTdXtg,17505.98207799999,18119.00505200005,16595.408603343156,0.9479850104610146,6.638163441337262,1.0,293914.574752,18407.825659,297034.4368799194
BSCrK1Nx9PXU9mF7STWWBqeHLxmtJDr9h7jheEy4tAWX,FfSySSbVJPvEo5a5AvrP3nySoXpRE2QPn1uUMpJJ1x7v,HL7Vcj6838ZmvBHDbQxXfjBNckNi83WvPiZQoMQLFeRM,0.06270490800000006,0.06269665600000007,235.23573502599797,3751.4724529377786,0.09409429401039919,3742.094824682858,0.871409897,0.933176505,6761.105193688984
CZgvH45CRmoaNJ7395Ao5CQZXkGznvqU7cErD6n7FaRg,4ZjU6MKvtqVQKCiowhvZ5yUsPxXX5SCzd5eFsPeXyey5,BsyWeshjDbCvjDojry3vKDCesmFRM37WtwcR4Kfgzqr,0.16617503999998462,0.17179699999996956,0.1718332103451981,1.034049459805841,6.873328413807926e-05,1.0,204.37456043,601.22863916,812.5620429706976
heyk4SZTeCUV6a65WiVA5bzic3KcxgVf1qxobfeV4tQ,9ZDpBKPqMABtGfq66FbVribaArMvtk63xxy91onZAtDt,DaTP4s6N7xxSPinbNZ3FB52EpRDRt87QShTuN3VPCW52,45.69560581599626,39.46980663000011,8824.158701823331,193.10737967575727,3.529663480729333,168.20668295243772,616.919933147,4484.325126268,873425.2465295722
MATSnbbiTCv7Dc3trJrkrqjx7ckKdr6fwPoVwv9q3sD,631WX9JizSHJm4w6VanZeJAst9T8DeUUnPLesdGkCVtK,211maUSfpnXbPuW1iBu8b4dtJv5EbN1j7JJiEX5TZKEP,5235.037178999992,5237.7255430000005,5226.653626582953,0.998398568695812,2.0906614506331813,0.9982949122898089,25943.898716,19629.275119,45498.15682767815
FrnkTEL6yZ5Aycq2TrEgu29dCrwKG4LPUZydfiwqspkc,DjvZuMZ46fxKBoBpGMPcRcos4xdTtHFxwMh69DpA2ZFY,9rvDPJLAng4uVVqnnSoEXgNDFhBZQTny9AoQioYDZbQX,37.032320761999074,30.82277892699983,7513.626498978851,202.89375184633315,3.00545059959154,168.48893061423652,170.833120984,1441.527651461,277542.42530157807
Lee1XZJfJ9Hm2K1qTyeCz1LXNc1YBZaKZszvNY4KCDw,9DgFSWkPDGijNKcLGbr3p5xoJbHsPgXUTr6QvGBJ5vGN,2hNHZg7XBhuhHVZ3JDEi4buq2fPQwuWBdQ9xkH7t1GQX,731.067716470131,614.8729459339856,146426.9165968912,200.2918653061241,14.642691659689122,168.43432880267446,6653.006168787,53937.41158001,10417454.732272083
KEVpg4SYCVrqFxKijQH6hm4QxsRdoE51ud64bEEFUC9,2bPenuBYfqzD8p5dFjCcggwkHDsc2RQDnx9AoyYGUBjA,AE6n6iLuX8oYu61vt5hoDYkjswpnxFxrhSehxrnQTnbx,28.732541801000025,28.84237346900045,28.62093592104365,0.9961156976389576,0.01144837436841746,1.0,6144.431941732,1385.655338688,7506.2204489214655
daob129AwBGn9Y5r91uLoWZeYiGzbPmksauMhFZKTze,6VW5GQNyj4LStgmxEHLr5zUfW92vQnmbw8jTnCH7a38F,4VPCCUifPeBA1c7HWK358CHn2nyjm8pdTRk6Ps3KmnMQ,54.12013990699969,48.34892767199995,10209.299513512608,188.64141022281757,4.083719805405043,168.3838451191922,47.994419997,224.575821228,46868.67537023122
SoN9GaFpSXfpyR5dth3x7PHPVhvJMpQqqDJfCSmPv1t,9kZ9iS68ViMPtoeqtnhAKuF2iqVyfHPdZHoUNdwCELr,BBhm5fJLjw3HRzjtKB8uMEYjGhY6EDm9co3cqpjrSzB9,2.5721536990000016,2.4675384859999996,521.6496405152344,202.80655884523568,0.20865985620609379,196.67748786204882,1.953710793,3.241788074,1033.8120974825963
AURHmCnNwiW4uA2Qj1XvEh4iKgRUZYXtiY7FKAapUV5Y,BKWm4TRnTeKwfWXRyuzjRHU7iZDkPuXBX5b5V5jSVfGJ,A5Ww74HVrkj9nPeC7pHKLfgeDMEhBCpW1efQdz3TGLEg,0.001467118000107348,0.0014409329998557041,0.2708632883864471,184.62270135505676,0.00010834531535457882,168.52950757868769,290.069621607,1795.130079152,356085.8254013007
BUSDTd9WiT6uBHJRgNvFXBsA7JrifsAtWzKfioN7ERcy,DyBxrn7gSc1EwnpWhDyhzvMHPtxpmBqRqotapLcKcfTM,Cds99GeBgoCpqBsoRWu1C6fF9LiUMd4pXQQD24s9LPff,76.12726837999998,76.46256537999999,75.88861840615341,0.9968651183876018,0.007588861840615342,0.9989650721852161,112.09417259,73.24134052,184.9083116489944
MAR3XM1n9xWPQ3HJjAcC85o8DopWFP5p2WxGTaZ3fPB,6qG7GUhER8Cg9gDEgnebph9LdS6eu2eoWcA4R7z9uizK,4QV4CwRXVMY227KkFF9voNAfwWHVvVajXSXDKbUHkWZR,0.0045419999999999905,0.19522800000000018,0.004040105743674762,0.8894992830635778,1.616042297469905e-06,0.02203259890455681,0.110491,24.341489,0.6345879291616594
Dg3mAgpwDfVNnbGWcsxL8sUcSkEbjSJQhKAWNigG44Ju,EATxwd8YA2wV93VJcKMmH2Kn2Y9XfJVUB9hHVu3udwEy,GiGvrRi7NMHfHKanG2B8xyCEqe8jaafWins8bhrLVEaa,0.003287239999999969,0.0032455619999999796,0.6673626058170543,203.01608821292652,0.0002669450423268217,200.44852361644416,0.194070904,0.265597797,92.63820205045644
BkwbeSfcX1h4thMDd7obGkHrPevf3QwgzJ4pCEqG18Lu,35yX27bmurdebhfAb8EPmjLETDiUaEUCn9zHaDPbakH2,2CxECn1ZJFoESyUnQysQU8rRgT3iJ5GRs2Mdd6gZjx5g,0.03992675000000345,0.02724304999999827,96.10251287730095,2406.970586819429,0.03844100515092038,1623.3766233766235,0.91677689,21.91602057,37784.61047968502
