0,1,2,3,4,5,6,7,8,9,10,11
Dg3mAgpwDfVNnbGWcsxL8sUcSkEbjSJQhKAWNigG44Ju,EATxwd8YA2wV93VJcKMmH2Kn2Y9XfJVUB9hHVu3udwEy,GiGvrRi7NMHfHKanG2B8xyCEqe8jaafWins8bhrLVEaa,0.003287239999999969,0.0032455619999999796,0.6637151971203221,201.90652252963835,0.00026548607884812887,199.03032426020428,0.194070904,0.265597797,92.0461970105292
Lee1XZJfJ9Hm2K1qTyeCz1LXNc1YBZaKZszvNY4KCDw,9DgFSWkPDGijNKcLGbr3p5xoJbHsPgXUTr6QvGBJ5vGN,2hNHZg7XBhuhHVZ3JDEi4buq2fPQwuWBdQ9xkH7t1GQX,932.1012038241124,783.9653046489839,185981.1392949471,199.52891223820558,18.598113929494712,167.74504363719564,6658.638075666,53930.802843817,10375215.688650614
SoNcU2iwHMw6dGzsYNQkYFkUjwN1UdAjrWVRnStrZu2,8ivTTid27jZnYNc4w3CTA1Z6QS2twsFb8WMwUabeDJgc,CyXm53PMvHCbeXJBykU46Rcbo28xk5srhMZFg7gv6EYB,27.23200578499999,26.265673172999996,5433.57249234557,199.52891223820558,2.173428996938228,196.25706378236816,13.409608411,16.993417,6010.682703836503
AUSejoEUCh2DBs9mof6BNC8Pubs22w4cJa1ccV9h44R,4xkyD7AfGQDwsQMy9MosRRNGoVJ1zosNinesxg1TzHG7,Cbm5gsQe3nSiCsFrvepVzMCD9xLK3ri9g3ypS2hdmVJ7,3815.8396379999976,3819.4276539999973,3811.5249917093834,0.9988692799750684,0.3811524991709383,1.0,14818.538776,14060.742723,28862.52588046575
ALLwa5WNZbvQsRKAqe1jdRGemdYQnW8E5k4msbRFcYtu,CGoM82Hbz7QVqTgvQatYtjvDWBvoUJp5qm21P8iMs9yb,3dxNNww8TivyN5FMy5dCNdi3Zcxv6e4kUfSPxfFwpdNq,3.892543490999997,3.8838942459999997,14492.51085669607,3723.1468036784695,5.797004342678428,3723.909360046177,3.504427873,5.211436291,32454.415817420922
wrmcMSHFi3sWpAEy4rGDvQb3ezh3PhXoV2xNjgLBkKU,8p4mGnARWPBu6P2Gcw4adodLkNDorrXniZMhaY7eJXUn,AyY89zccbsgp9LKFgH4CFZMJmpSgqmPSdTfukhP227rc,0.005265820000000018,0.0541028500000067,1.9127569923719647,363.2401017072285,0.000765102796948786,3722.4538415723646,27.1059523,0.09349518,10194.000362282784
MATSnbbiTCv7Dc3trJrkrqjx7ckKdr6fwPoVwv9q3sD,631WX9JizSHJm4w6VanZeJAst9T8DeUUnPLesdGkCVtK,211maUSfpnXbPuW1iBu8b4dtJv5EbN1j7JJiEX5TZKEP,5447.530193999995,5450.283959000004,5108.748636893069,0.937810063452229,2.0434994547572276,0.9997150812018574,25943.838655,19629.335098,43954.13530667548
SEQV6QiTpvTzrceiaYg9Avnwf7oc8ZALpnQMz6TyT4A,3dFMPj4r9mMmPHF32mz1gNDX7f8ftidWof7S8YiYTs1j,Fc1ED3YPeQfXQosHbd8DTaBd2AV5gHQtwiSAL5C5pUhi,457.7928821830001,459.54347955699996,427.31454572412156,0.9334233063792046,0.17092581828964865,0.9383970489289605,4724.296913108,827.724332586,5186.502915975735
Lid8SLUxQ9RmF7XMqUA8c24RitTwzja8VSKngJxRcUa,4PgzyzLtds9bKZ2to9PMnKqJzKEUpjvNUaeN23phegax,AtymwxoVN9peZo7EXTcDz9jKVc4vRmisJKKrNfe3ewBa,29.207521938001037,24.64860480599998,5803.285112506263,198.69145779723894,0.5803285112506265,167.51821760616468,957.783762297,7662.335710603,1473884.272925595
SUiuyGR7SFq3xeRVJonq84fjjeFwRSsFekcevJ53tzy,49GjCCPsv7fBqo6t3iKDrP1xxGDS8uWZbVCdfnp2gjMf,CEwj5xEbbJEjYqM8D6Ai8ByGz1mrh8mkAVsE5fzDSSSx,0.051920999999999884,6.806361000000038,0.00036951007615426023,0.007116775026564609,1.478040304617041e-07,0.9588794151602672,665.556272,1.502831,6.177647965707761
KEVpg4SYCVrqFxKijQH6hm4QxsRdoE51ud64bEEFUC9,2bPenuBYfqzD8p5dFjCcggwkHDsc2RQDnx9AoyYGUBjA,AE6n6iLuX8oYu61vt5hoDYkjswpnxFxrhSehxrnQTnbx,586.4747813400008,588.5807568689991,584.3795282791639,0.9964273773954104,0.23375181131166553,1.0,6115.589568263,1414.387880489,7508.128755220031
DFWzVTzNBrQZLjoQ4yQwkj9HuoXmfkuZP9V5vbymZe23,DhgiEgiNdqZdRdo195UUHnoEJUtefK8buko8nU97XJUZ,2K2kkXsouBHtWVjtcgkyiXd8eP3oVBvq1bTJzcVdLLr2,0.4751328500024101,0.47743635599908885,0.4732191112197937,0.9959722027584355,0.0001892876444879175,1.0,37728.014006792,30220.881504397,67796.93472044273
SAMyS8Jr2HJrkFwYVKbpUwsNStnQmvz3f8Tup8bWUWF,6jPzm5TFfquvgm25sTyN3MMGBfufRaFHMxobDWv6hMFW,Cj9ECoDmxsHTDzCY5ZA6RWrPbg9uFzEC1Qc2kso2vJG6,464.63676058000567,213.8215832299923,465.84951127119314,1.0026101049122191,0.18633980450847726,0.021745627985878993,480.58663783,108960.02946398,2851.24528542827
MARpDPs5A7XiyCWPNH8GsMWPLxmwNn9SBmKvPa9LzgA,6YjT74rmcfCpw8LSjPNx5JTmZoYLGrTKnf9arfSgZ4SR,F8GSmi3vA8M8TsybLya1LQ4n1aFHCRbZ6k437PeTdXtg,29661.477239000025,30650.784184999706,26896.90568506618,0.9067958911264581,10.758762274026472,1.0,293854.278001,18464.620824,284930.47270523873
KZMu9QBEdL97EFgamLbN5DE1AoKBG4HdrKKJo4Vuon3,DD4ACBWyVqdaKWh7v5btsgqQCCMwbKnuL2xd9pv7Gyuw,GcYqiJ1MAuYbNTNYXm1F1gQYTfTgkErACAhNU5dpVj9T,26.289017090000016,26.22972273000005,26.357634182644038,1.0026101049122191,0.010543053673057617,1.0,1458.24475733,1629.96826655,3092.0191956843246
BSC8REUo9LpiiWUuqMuLXs2D2yJsJfGd4HdiF3wCLxk5,AZjEH1zWVx1UJ6udMyRijGTzPteuLnaY18yNNmprJEsh,Caf8ypkSVR8xYnXNhjvfvdGCC7mrM3C11rz8Xi6NA6aK,1519.4117631649992,1524.5206512050004,1515.8831948599448,0.99767767474848,0.6063532779439779,0.978699650298577,3571.960129698,2648.652529716,6155.90018108687
ALBpShJ9NLpE739pcHDF2LNVk5J4VYPvvKuV6jMPitZi,D6d156U1bPiJpDYRLextvDRccgFk7QzkQbJg42ceKEu5,GNcM8U5g8RwTZffwwm3kSQqUNPSwv5d2fbN9sLxPJqt2,5834.477214999992,5841.226409000003,5469.5540390674505,0.9374540061628227,2.1878216156269805,0.998721636305529,53649.927269,46678.220317,96912.88782349235
HEDSDjj84KS7LKhZY7ejkCACTdPen62rKhCby1wXtgxc,EnnjMSFttpCTywBrYNt1J5QQeoSVkvzPipJDa8Y7kJow,6bjVT6JN2rSvpyn9PdfLYC8wJn4LWh49jpY47fnLDXZk,5.590349842999785,5.77366101500229,5.369863433015524,0.9605594611828537,0.00214794537320621,1.0,38828.790275043,9059.338924348,46356.70078932533
Sid7E679i9ABqptiAVhkmQ27YHN8vaYT4fppPwmxFsJ,GP7KB8o1bv527HG8kTzzzf4wJ5aEGHvcMQvVhLziUfmT,9gYxhAZ1M9wu5pxr8SBoa5NDm21gi3s9vMHaYTME77sa,615.3852839999927,1507.3531689999763,4.384211474227378,0.0071243359050286136,0.0017536845896909514,0.022007836066094022,136257.286634,8612.045237,1160.2751592580635
BUSD5rCfUDpCxKGMvYU2yThChxgHoioK74PTPociGnv2,CcFHbafgYDZ8yA8Me1PdtDiVb2eeaS61LbqyKKK5CsNZ,26R9s4nmF3CFDTkiePDwRmtscn8i7r2eygbSijditJ58,3.6268511199999978,3.633025669999995,3.619512160947339,0.9979764928832648,0.0003619512160947339,1.0,84.5334675,63.5149093,147.87732272691144
CZgvH45CRmoaNJ7395Ao5CQZXkGznvqU7cErD6n7FaRg,4ZjU6MKvtqVQKCiowhvZ5yUsPxXX5SCzd5eFsPeXyey5,BsyWeshjDbCvjDojry3vKDCesmFRM37WtwcR4Kfgzqr,0.16617503999998462,0.17179699999996956,0.1718332103451981,1.034049459805841,6.873328413807926e-05,1.0,204.37456043,601.22863916,812.5620429706976
parEAJhzYzHW87y9VoZAQ22dzQ2MD2ekEtTReaxbMcz,3oyc6hpjYSJEquK6dSvG72NXyz3pqLZz5D8AC71pwgQb,Di2vordgFJVZ1aj1aBpvzXtLfZgJsuLLXawGtVFwX6Rz,3.3739529879999566,3.999992574999851,529.8382868302347,157.03783920958458,0.21193531473209387,194.31051052754916,1104.748812103,138.729712138,200444.0075128852
YAkoNb6HKmSxQN9L8hiBE5tPJRsniSSMzND1boHmZxe,CfWX7o2TswwbxusJ4hCaPobu2jLCb1hfXuXJQjVq3jQF,EnTrdMMpdhugeH6Ban6gYZWXughWxKtVGfCwFn78ZmY3,3326466.453635007,3325037.514354991,3326466.453635007,1.0,332.64664536350074,0.9974067424695792,398319.744542,1087664.868808,1483164.0182383894
KEN5P7p3asnb23Sw6yAmJRGvijfAzso3RqfyLAQhznt,9zj4aX38Uxf3h6AUjS4EipWS8mwbEofasHAf3a1uKGds,CwQDG1MWunn9cLNwcZLd8YBacweSR7ARo32w4mLua1Yr,68610.18753200117,68619.04079599958,68522.41032437564,0.9987206388616182,6.852241032437565,1.0,1144536.773453,1080598.492786,2223670.9903695956
BkwbeSfcX1h4thMDd7obGkHrPevf3QwgzJ4pCEqG18Lu,35yX27bmurdebhfAb8EPmjLETDiUaEUCn9zHaDPbakH2,2CxECn1ZJFoESyUnQysQU8rRgT3iJ5GRs2Mdd6gZjx5g,0.03992675000000345,0.02724304999999827,94.14021974913574,2357.8232575686125,0.0376560878996543,1615.5088852988692,0.91677689,21.91602057,37567.12383447121
BUSDgu5JdqP1rndBvXvanbEufS94FNh1w5FJcAj6vawb,Bgzr8cWubt89JQFXndVjtdKmDbGzuPxNhvjH1EhWCwbo,Dxaf8xPBBQsasRKW5Aa4Sw2YrbfGofY9xZueyyF23FBW,3862.371291070004,3858.9992063399986,3867.0320701428645,1.0012067144046033,1.5468128280571458,1.0,7110.64431983,8023.88781122,15143.11264797675
GokA1R67GqSavkd15zR62QD68Tuc5AEfvjssntVDEbM8,3YB7hfpBdbQEuZqLGWVDpRPmeZWCUsrrWyqGXegnQ6Cg,4DPCj6Z1DsG6HUtwSogBGqXEUxdEV5a8YVrrFtcnz7UW,7285.386854000008,7284.902373000001,7286.989991798203,1.0002200484106503,0.7286989991798203,1.0,14316.476574,18124.486278,32444.11316991622
Cob4usZcpHEY7Qt4ZCwj6WVg9S44zvzYV2v9qYF65dTf,NhFM9UXE48PyNAyeyPYA3iXztqKVJwA4bTdLj4ysM8w,6TuFuynuBoeskxyR2cz4wxyidk8dpDK7kAWw3UkjQGx,18.99556100000001,2668.544378000006,0.1353307572684613,0.0071243359050286136,5.413230290738452e-05,1.0,74311.986302,161.318222,690.7417741853332
BSCrK1Nx9PXU9mF7STWWBqeHLxmtJDr9h7jheEy4tAWX,FfSySSbVJPvEo5a5AvrP3nySoXpRE2QPn1uUMpJJ1x7v,HL7Vcj6838ZmvBHDbQxXfjBNckNi83WvPiZQoMQLFeRM,0.06270490800000006,0.06269665600000007,233.691886271397,3726.8515930427134,0.0934767545085588,3723.9786988418427,0.890068846,0.914504175,6722.748564334723
DEDaBEWzMCXohXYXoLzB4jK1xqMsd3SS9izXp2xvg9pe,GC5zHpW5GuVdw3C7covC6viyGdLS8ZAaVGDKMeru7p78,F8juxtAFueW19vxkdDArUkjVWAv9QV6yy1wCXUWQiXvh,6483.636009570211,0.05487699999999762,6483.636009570211,1.0,2.5934544038280847,0.0,33.20994712,8501406.34612797,33.20994712
WiiQFxXqp8P9Fs1rt9SVcDyA3KUdJmUsog6wnVQAwba,3S2jpqSYxho6wiz3cafhjXruVY8cg4HYa2v3BqBHYFSj,Dfe67M6TfrG74gKRtdqys4e6E9QirPD53BkF4FujFjuv,12644.431118232002,12646.812822174998,12609.923281357325,0.9972709063340208,1.2609923281357325,1.0,21394.256907222,5442.636960443,26778.506936651167
moFiBS1R4Lf3E3zzmBPnw3NF4RhWPkhREFviuzUaCAU,44ALBrpqi9PfZkBRTvbtRNtFJGsatfY4QydjtMbFWq8S,2ho8qEEie1UjVwWNBo9y4oAJZMyMLx8zPj9bxyUz6uWs,2959.901095902991,2967.0996655390118,2953.1004746474373,0.997702416048642,1.181240189858975,1.0,39781.735334367,24651.680885519,64342.01434322458
BSCNHw8CmxbZ8hCWWzMf5FaG2ajPT6JxfznKUNuRVrn4,7n9kgNL633yGzCYksgnzHyjG73ZLBAwvEae5sbAekbzW,SscdxE99omdG9AiMVwmaEMQySQnCgeAh1sPj2Leutm2,475.57107568500123,474.7102275970019,476.6819500786048,1.0023358745945672,0.19067278003144192,1.0,5009.494464666,6697.25358807,11718.449603587636
BUSDTd9WiT6uBHJRgNvFXBsA7JrifsAtWzKfioN7ERcy,DyBxrn7gSc1EwnpWhDyhzvMHPtxpmBqRqotapLcKcfTM,Cds99GeBgoCpqBsoRWu1C6fF9LiUMd4pXQQD24s9LPff,41.82622574999998,41.984442369999954,41.669718454456884,0.9962581539993937,0.0041669718454456885,0.9992685354320637,114.01730418,71.31940064,184.85790201177952
STK75uPSyBnEhGTTzb1nwmP3n427XoXmfRhXxxhyady,6TYyD5fUmDe6N65avW1Ny2RxzRNobw2RRgKwH9CTzSAU,54zDfk4cx2vGrEajPtodWpArNe5eUurytyxd4X3aZAxK,255.1944857420002,288.4490572169942,42916.416075908564,168.17140837163996,4.291641607590857,190.49952213194874,1599.783738731,277.24314845,321852.5717265219
KysFMBBoavfov2tLpvefWW6tPFt6rAeZWDJVy1mMQae,B8ka2V21TH3x64dFV8ETcjuQcwmrciJ2qzy1mJUttRew,7fSf7EYxBANyxzk2s5pymFgshA91tFYQNKKs5UnLWcYS,23.254524000018137,18.493829000000005,0.0,0.0,0.0,0.022101244918923794,134011.327524,2991.985868,66.1266124626268
KwnjUuZhTMTSGAaavkLEmSyfobY16JNH4poL9oeeEvE,J63v6qEZmQpDqCD8bd4PXu2Pq5ZbyXrFcSa3Xt1HdAPQ,BnKQtTdLw9qPCDgZkWX3sURkBAoKCUYL1yahh6Mw7mRK,194.29821899999968,8877.65598300012,4.212096388910428,0.021678512600830556,0.00042120963889104285,1.0,276645.96843,594.597039,6591.870151578728
FrnkTEL6yZ5Aycq2TrEgu29dCrwKG4LPUZydfiwqspkc,DjvZuMZ46fxKBoBpGMPcRcos4xdTtHFxwMh69DpA2ZFY,9rvDPJLAng4uVVqnnSoEXgNDFhBZQTny9AoQioYDZbQX,43.640669700999524,36.268821946999935,8852.26931277292,202.84448825885391,3.540907725109168,168.5805617846073,170.80479588,1441.55964679,277665.7465143149
NorjjEePhxfwLF4vZjUHCrVVKLzQjEEGQFd3wgjEJmh,34M8pFVqgbV7aqHxvRT5tCv3vu2P1JJYT8J3VaxBK2oG,3AZWBSze3ucsY3xSeuLne3b2pauVqiaJ1SZSV5T9WGWw,0.4571259999997892,0.8081089999977848,0.25881878676310865,0.5661869741892345,0.00010352751470524346,1.0,38238.053832,2130.203191,23780.09118902514
B2izdXFYb2sNwbWWHmh75T4aQFtfXsUxem9u2p61HGzf,4DYwgJtxwuJdAjkj5RJSNH4e7U329V5cNp7d3a1nLrZv,EXNW64GEf1ACC6xY9BtKRiunrs6GoJSXBdxWN2eTPmrF,4191.566091000001,4134.830613,3405.725567767711,0.8125186371462395,0.3405725567767711,1.0,9448.378606,30301.382747,37978.36645518881
RoBgmK8CvjdHvPrqdDyVw54VwjZv2TqJ493xnqJAQHx,ExiHJxM7qPAcy27NDHAF6G7vnW7muNHi2sVJpnaNynGQ,6rkPHSqZb7StM4HwS9EuVrmfkV7tRdc7dnsFhyB6cefE,0.4255589999999998,23.254523999999947,0.0,0.0,0.0,0.9596468499592151,6237.926219,19.445014,18.66034643251284
7dwD9TF6uikvHXxPFK9AsSim54yJoujQjY9vU6gNFumk,CquVr6atkvwueDYficKjn6SSEWq4F4rH4VSiBbW4GBWU,8BCa6ge3b7ho3TfZuM64Vk1hgbrJ3J7EPiAb9uP86CGd,0.0020775940000000003,0.0020830720000000013,0.4150340402409986,199.76667252648906,0.00016601361609639944,200.41285047197226,0.003957816,0.003554791,1.5030655299342115
TETFuZgEmET6d9vYmz9iMFCxK1jKdKYxf3oPz8hSzJK,Eu1Ze6Z84LWNkq7SNoAHBJbXx5t1P95EwyqYohrfCRFV,ASMbv7WNu3qe4pkhREmvyEdwFNDZQ6B6iSrjkj4u8bdC,16.363595341,16.427998778999978,16.261109018444674,0.9937369312538217,0.00650444360737787,0.9383847208446213,213.091835778,38.608110332,247.9864877975052
JSoLLrxK5bYdHwTEWYaGgmeycBCNXKDiBCTw5hXGBg7,xG4wXczA7Dk4hccJ61CHKpDHW4NrNfQwgmWgkb9BuF2,BVR6WgfhsRr9Lob4QDnkEAiNGgAbv7ZieKcY9kSg3QYR,36.31383375000033,32.35809094899999,5126.199574871079,141.16382230975634,2.050479829948432,168.44667071050975,16.991587116,164.800797761,30158.74309768025
BSCuChvaSj9b5HUSqgDVRzcnr2sSn7cXaamt1jbKH6hn,GnKpRj5kBVPMJfiwZtEuD9GYApLzPdW5JFuZTcyX4BTc,3dmwD9okkomV9nDwyuh4UMhKdUR13QpuKxRo89ycZB5t,1161.188342348,1165.5361297600002,1158.824309468428,0.9979641262374441,0.46352972378737123,0.999001997004992,1736.982313577,1268.24022595,3000.4205552648773
vEnkoSUkpnbRrPgBz9DfcVxNz67zjwMYBZraAvDDNSf,DtfyjjsZ5yCjWKLKHvwsfXs5QVsmm1QkK6Sh9JZHoq1g,e5wrKCRv4GhHvEf1VD5Pq2KGaZDXP77nTL612Jyrxwy,8717.500597999999,8716.507153,8709.792431697946,0.9991157825324587,0.8709792431697946,0.9993614080602494,2890.502298,4064.476347,6949.827270543639
daob129AwBGn9Y5r91uLoWZeYiGzbPmksauMhFZKTze,6VW5GQNyj4LStgmxEHLr5zUfW92vQnmbw8jTnCH7a38F,4VPCCUifPeBA1c7HWK358CHn2nyjm8pdTRk6Ps3KmnMQ,18.67931164999996,16.687608569999973,3508.1563226706166,187.80972170731056,1.4032625290682466,168.47113289255668,48.303048434,224.215076764,46845.55007802693
C2ypsDADXcCRz8HbV2zX1AXPSja7a1P3xZtRC91xGhJh,J9bYNuDpY1d1T86gLaw7DGk5D3CsUAf2tzUwxMvb6FTv,A2NGvvPrMGzsJ4jb52KEnSBVmsA7C34dV1GC7PerdgvG,604.6463646460002,609.2982198759992,101850.77002037031,168.44684095636705,40.740308008148126,169.38251772545703,3210.257423225,1641.223663259,818752.3178323854
heyk4SZTeCUV6a65WiVA5bzic3KcxgVf1qxobfeV4tQ,9ZDpBKPqMABtGfq66FbVribaArMvtk63xxy91onZAtDt,DaTP4s6N7xxSPinbNZ3FB52EpRDRt87QShTuN3VPCW52,66.00217600399719,57.01132490500049,12848.967123886083,194.67490167457402,5.1395868495544335,168.46965701431,615.616617444,4485.831955113,875571.6753718632
MATgk4zXLXtYkwBH678J1xZbRDZ45LicNzkRBHkxTuY,y8dALFo1bJrSzPYjMX14HJX448pXqYmrfXHD1K8MXih,GN7Yuet3UyiWS5YVkEHv6oQKi4HGBJc3XDPt9zQhAqZz,2179.4745320000006,2173.7234789999998,2185.9734310103945,1.0029818650848974,0.8743893724041579,1.0,2768.276579,5313.506737,8090.037943276258
SoN9GaFpSXfpyR5dth3x7PHPVhvJMpQqqDJfCSmPv1t,9kZ9iS68ViMPtoeqtnhAKuF2iqVyfHPdZHoUNdwCELr,BBhm5fJLjw3HRzjtKB8uMEYjGhY6EDm9co3cqpjrSzB9,4.735687828,4.532734389,960.4813407710642,202.81770582346422,0.3841925363084257,193.1198727880774,1.95805823,3.237332399,1022.3220991449546
AURHmCnNwiW4uA2Qj1XvEh4iKgRUZYXtiY7FKAapUV5Y,BKWm4TRnTeKwfWXRyuzjRHU7iZDkPuXBX5b5V5jSVfGJ,A5Ww74HVrkj9nPeC7pHKLfgeDMEhBCpW1efQdz3TGLEg,0.008761227999855237,0.009321852000084618,1.6516175005170453,188.51438411879423,0.0006606470002068182,168.66122621771297,290.069621607,1795.130079152,357451.13643889176
C98Sspw7XqnMsgxea3SLQVdbMDL8pKUc3RE82UvX9eq2,CSqgQJurPCzGxb4Cgwx5R61hWQUiaoUHcShNc8r1cKEL,6S2CR5EnukPhC914XkAns8m5GixjMAoUuZMsS5ubHuWc,9.832889999999907,9.832651000000055,0.0,0.0,0.0,1.0,868.283365,895.723776,895.723776
