0,1,2,3,4,5,6,7,8,9,10,11
Sid7E679i9ABqptiAVhkmQ27YHN8vaYT4fppPwmxFsJ,GP7KB8o1bv527HG8kTzzzf4wJ5aEGHvcMQvVhLziUfmT,9gYxhAZ1M9wu5pxr8SBoa5NDm21gi3s9vMHaYTME77sa,514.9859959999922,1187.5311809999894,3.682855681852517,0.0071513705430012765,0.0014731422727410068,0.021234823232943654,135589.778536,8826.744284,1157.087102747553
MARpDPs5A7XiyCWPNH8GsMWPLxmwNn9SBmKvPa9LzgA,6YjT74rmcfCpw8LSjPNx5JTmZoYLGrTKnf9arfSgZ4SR,F8GSmi3vA8M8TsybLya1LQ4n1aFHCRbZ6k437PeTdXtg,14805.317485000012,15589.067243999976,13886.59429315891,0.9379464038665902,5.5546377172635655,1.0,297486.511576,14776.760897,293803.16462852596
MiMUFdSLMyCLpqpH6zkqdDrGYs7XBomwENbivdYjv9V,,,0.018226069999999983,0.012538942999999997,0.0,0.0,0.0,1.0,297486.511576,14776.760897,14776.760897
BUSDTd9WiT6uBHJRgNvFXBsA7JrifsAtWzKfioN7ERcy,DyBxrn7gSc1EwnpWhDyhzvMHPtxpmBqRqotapLcKcfTM,Cds99GeBgoCpqBsoRWu1C6fF9LiUMd4pXQQD24s9LPff,1646.84177329,1623.9045230199995,1640.2567983473546,0.9960014525685184,0.16402567983473545,0.9967843736107318,141.4645375,82.94468076,223.57684649263234
HEDSDjj84KS7LKhZY7ejkCACTdPen62rKhCby1wXtgxc,EnnjMSFttpCTywBrYNt1J5QQeoSVkvzPipJDa8Y7kJow,6bjVT6JN2rSvpyn9PdfLYC8wJn4LWh49jpY47fnLDXZk,4.124994832998709,4.250213154004086,3.9442821240953596,0.9561908035719942,0.001577712849638144,1.0,38824.482940023,9063.470221757,46187.083762444774
7dwD9TF6uikvHXxPFK9AsSim54yJoujQjY9vU6gNFumk,CquVr6atkvwueDYficKjn6SSEWq4F4rH4VSiBbW4GBWU,8BCa6ge3b7ho3TfZuM64Vk1hgbrJ3J7EPiAb9uP86CGd,0.0010312839999999995,0.0010387109999999999,0.21406859102363435,207.57482034399297,8.562743640945374e-05,208.5869837967545,0.002926164,0.004590734,1.56496532507027
BUSDgu5JdqP1rndBvXvanbEufS94FNh1w5FJcAj6vawb,Bgzr8cWubt89JQFXndVjtdKmDbGzuPxNhvjH1EhWCwbo,Dxaf8xPBBQsasRKW5Aa4Sw2YrbfGofY9xZueyyF23FBW,17904.59579183,17946.458423940014,17861.72907099793,0.9976058258264825,7.1446916283991735,1.0,8894.43363227,6230.64608189,15103.784890869554
YakoMPuYrybnr9R7VC7hVGxMz94fJvPFCdZ4gmW61Ed,,,0.020828999999999986,0.020782999999999996,0.0,0.0,0.0,1.0,8894.43363227,6230.64608189,6230.64608189
ALBpShJ9NLpE739pcHDF2LNVk5J4VYPvvKuV6jMPitZi,D6d156U1bPiJpDYRLextvDRccgFk7QzkQbJg42ceKEu5,GNcM8U5g8RwTZffwwm3kSQqUNPSwv5d2fbN9sLxPJqt2,2001.3526209999982,2002.2446809999965,1994.2769264649005,0.9964645437986025,0.7977107705859603,0.9984583802608772,51335.786644,48980.552182,100059.33401467896
BSCuChvaSj9b5HUSqgDVRzcnr2sSn7cXaamt1jbKH6hn,GnKpRj5kBVPMJfiwZtEuD9GYApLzPdW5JFuZTcyX4BTc,3dmwD9okkomV9nDwyuh4UMhKdUR13QpuKxRo89ycZB5t,1141.0056151600002,1144.212670795,1137.9285096770554,0.9973031635935349,0.4551714038708222,0.9967843736107318,1831.013448014,1172.579920506,2994.8848458567636
AURHmCnNwiW4uA2Qj1XvEh4iKgRUZYXtiY7FKAapUV5Y,BKWm4TRnTeKwfWXRyuzjRHU7iZDkPuXBX5b5V5jSVfGJ,A5Ww74HVrkj9nPeC7pHKLfgeDMEhBCpW1efQdz3TGLEg,0.004461795999930018,0.004020430999901237,0.8765271905645879,196.4516509894975,0.00035061087622583517,138.28361000426605,290.132378455,1795.059353792,305224.2723672772
KysFMBBoavfov2tLpvefWW6tPFt6rAeZWDJVy1mMQae,B8ka2V21TH3x64dFV8ETcjuQcwmrciJ2qzy1mJUttRew,7fSf7EYxBANyxzk2s5pymFgshA91tFYQNKKs5UnLWcYS,34.74303699999564,35.06799500001716,0.0,0.0,0.0,0.02156504055047095,134125.711457,2901.441709,62.56970810941274
GokA1R67GqSavkd15zR62QD68Tuc5AEfvjssntVDEbM8,3YB7hfpBdbQEuZqLGWVDpRPmeZWCUsrrWyqGXegnQ6Cg,4DPCj6Z1DsG6HUtwSogBGqXEUxdEV5a8YVrrFtcnz7UW,22162.699885,22158.258098000006,22168.352814967817,1.0002550650415856,2.2168352814967816,1.0,13120.762525,19309.417808,32433.526980839073
SEQV6QiTpvTzrceiaYg9Avnwf7oc8ZALpnQMz6TyT4A,3dFMPj4r9mMmPHF32mz1gNDX7f8ftidWof7S8YiYTs1j,Fc1ED3YPeQfXQosHbd8DTaBd2AV5gHQtwiSAL5C5pUhi,1289.290913447,1289.4781897920002,1284.5735547134227,0.9963411215541997,0.5138294218853691,0.9967843736107318,3296.746873743,2250.758205776,5528.205085959047
STK75uPSyBnEhGTTzb1nwmP3n427XoXmfRhXxxhyady,6TYyD5fUmDe6N65avW1Ny2RxzRNobw2RRgKwH9CTzSAU,54zDfk4cx2vGrEajPtodWpArNe5eUurytyxd4X3aZAxK,671.8384355410008,759.5045939580029,118223.63498772445,175.97033562470173,11.822363498772445,198.54995000512258,1809.620218484,314.442259312,380871.9720657709
vEnkoSUkpnbRrPgBz9DfcVxNz67zjwMYBZraAvDDNSf,DtfyjjsZ5yCjWKLKHvwsfXs5QVsmm1QkK6Sh9JZHoq1g,e5wrKCRv4GhHvEf1VD5Pq2KGaZDXP77nTL612Jyrxwy,2052.1581229999997,2052.839431000001,2043.0156280644114,0.9955449364095672,0.20430156280644116,0.994308577701238,1076.763134,872.750852,1939.74974410586
KwnjUuZhTMTSGAaavkLEmSyfobY16JNH4poL9oeeEvE,J63v6qEZmQpDqCD8bd4PXu2Pq5ZbyXrFcSa3Xt1HdAPQ,BnKQtTdLw9qPCDgZkWX3sURkBAoKCUYL1yahh6Mw7mRK,282.4172300000125,11199.966460000198,6.108012750174801,0.021627620772905854,0.0006108012750174802,1.0,276906.991286,588.603226,6577.442622899955
JSoLLrxK5bYdHwTEWYaGgmeycBCNXKDiBCTw5hXGBg7,xG4wXczA7Dk4hccJ61CHKpDHW4NrNfQwgmWgkb9BuF2,BVR6WgfhsRr9Lob4QDnkEAiNGgAbv7ZieKcY9kSg3QYR,0.6554672709999849,0.558390398000018,135.73659593722152,207.08371255538194,0.054294638374888606,175.5880928095447,17.038793096,164.708352322,32449.28198580521
4vezWG46exH6pf9nry3n1VJ7hZHvjBJNgNeF4qEFCML5,,,0.035823000000000604,0.03630800000000001,0.0,0.0,0.0,175.5880928095447,17.038793096,164.708352322,28920.82545402252
parEAJhzYzHW87y9VoZAQ22dzQ2MD2ekEtTReaxbMcz,3oyc6hpjYSJEquK6dSvG72NXyz3pqLZz5D8AC71pwgQb,Di2vordgFJVZ1aj1aBpvzXtLfZgJsuLLXawGtVFwX6Rz,4.160561139000038,4.870937585999997,717.7882301367318,172.52197628064357,0.2871152920546928,203.45772331621438,1102.347644733,140.752867747,218816.45223968278
heyk4SZTeCUV6a65WiVA5bzic3KcxgVf1qxobfeV4tQ,9ZDpBKPqMABtGfq66FbVribaArMvtk63xxy91onZAtDt,DaTP4s6N7xxSPinbNZ3FB52EpRDRt87QShTuN3VPCW52,48.80932376799899,42.42732686000056,9922.066438312797,203.28219430931827,3.9688265753251195,176.14245556322166,623.021486683,4477.133924965,915262.5383435136
MATgk4zXLXtYkwBH678J1xZbRDZ45LicNzkRBHkxTuY,y8dALFo1bJrSzPYjMX14HJX448pXqYmrfXHD1K8MXih,GN7Yuet3UyiWS5YVkEHv6oQKi4HGBJc3XDPt9zQhAqZz,376.26055800000086,376.1160639999998,376.49662138160716,1.0006273933756467,0.15059864855264288,1.0,3900.72372,4175.938308,8079.109316222155
MATSnbbiTCv7Dc3trJrkrqjx7ckKdr6fwPoVwv9q3sD,631WX9JizSHJm4w6VanZeJAst9T8DeUUnPLesdGkCVtK,211maUSfpnXbPuW1iBu8b4dtJv5EbN1j7JJiEX5TZKEP,1031.181617000002,1030.9169810000021,1029.2332784039834,0.998110576678348,0.4116933113615934,0.9987904647471911,21102.022343,24464.166811,45496.728228662614
daob129AwBGn9Y5r91uLoWZeYiGzbPmksauMhFZKTze,6VW5GQNyj4LStgmxEHLr5zUfW92vQnmbw8jTnCH7a38F,4VPCCUifPeBA1c7HWK358CHn2nyjm8pdTRk6Ps3KmnMQ,20.554366805000008,18.191366921999972,4035.970590014049,196.3558706674568,1.6143882360056196,176.14797839368896,48.086349873,224.382276994,48966.52157639871
wrmcMSHFi3sWpAEy4rGDvQb3ezh3PhXoV2xNjgLBkKU,8p4mGnARWPBu6P2Gcw4adodLkNDorrXniZMhaY7eJXUn,AyY89zccbsgp9LKFgH4CFZMJmpSgqmPSdTfukhP227rc,0.0097383300000011,0.05869743999999695,3.6790064223653567,377.7861730260672,0.0014716025689461428,3079.7659377887285,26.98215461,0.1070262,10523.10057532052
7oAd7xG4m3oC2qeWB1szghTebAZyyGPAFDJ4wwwbRSNi,D9yh4KAysxt9GLacVe4Wwh2XqghhcjTCSTV9HuM7TBJd,HDYfJLpZKaMFb84jM4mRytn7XLR8UFZUnQpSfhJJaNEy,98.41036429500673,2.243251999999984,98.41002989772512,0.9999966020115463,0.039364011959090055,0.022861600325753482,957.467941799,300002.607269457,7816.004392412302
SAMyS8Jr2HJrkFwYVKbpUwsNStnQmvz3f8Tup8bWUWF,6jPzm5TFfquvgm25sTyN3MMGBfufRaFHMxobDWv6hMFW,Cj9ECoDmxsHTDzCY5ZA6RWrPbg9uFzEC1Qc2kso2vJG6,1100.8474594499967,56.265726640010314,1105.9015956272526,1.0045911321626533,0.4423606382509011,0.021556461779005352,477.45754907,109102.53760319,2831.514301615496
C2ypsDADXcCRz8HbV2zX1AXPSja7a1P3xZtRC91xGhJh,J9bYNuDpY1d1T86gLaw7DGk5D3CsUAf2tzUwxMvb6FTv,A2NGvvPrMGzsJ4jb52KEnSBVmsA7C34dV1GC7PerdgvG,39.91351538799927,40.25287561499954,7023.760319231666,175.9744851074553,2.8095041276926667,172.9174599255141,4353.923163614,2178.073782074,1142806.3728409903
YAkoNb6HKmSxQN9L8hiBE5tPJRsniSSMzND1boHmZxe,CfWX7o2TswwbxusJ4hCaPobu2jLCb1hfXuXJQjVq3jQF,EnTrdMMpdhugeH6Ban6gYZWXughWxKtVGfCwFn78ZmY3,5189653.550662001,5190376.458317993,5189653.550662001,1.0,518.9653550662001,0.998496264625474,722368.604887,772020.579763,1493228.2699943483
BSCNHw8CmxbZ8hCWWzMf5FaG2ajPT6JxfznKUNuRVrn4,7n9kgNL633yGzCYksgnzHyjG73ZLBAwvEae5sbAekbzW,SscdxE99omdG9AiMVwmaEMQySQnCgeAh1sPj2Leutm2,1377.2473111569998,1374.7454094630011,1380.6694010563842,1.0024847315886278,0.5522677604225538,0.9999976020057505,4946.515019407,6759.143472705,11717.933045847163
RoBgmK8CvjdHvPrqdDyVw54VwjZv2TqJ493xnqJAQHx,ExiHJxM7qPAcy27NDHAF6G7vnW7muNHi2sVJpnaNynGQ,6rkPHSqZb7StM4HwS9EuVrmfkV7tRdc7dnsFhyB6cefE,0.711276999999999,39.12333899999976,0.0,0.0,0.0,0.897254490983041,6250.123796,19.227708,17.252147354310544
DA1mL7dfBow33EH5yjUuZE6SH2KeUK5zEXzsyhE5r5j5,B4UtLRZND3D83CitRCBUyeiNr7H8m7YFRqBmiPmXjhW4,AAmpYbuixWiSqDaJBCqYEs1pb5SrbdPr9mgXrB58Q2e,3.3559347780000053,3.35721211200007,3.34261707957753,0.9960315979590009,0.001337046831831012,0.9999890841191579,2019.922910104,988.301801988,3000.198057708176
SoNcU2iwHMw6dGzsYNQkYFkUjwN1UdAjrWVRnStrZu2,8ivTTid27jZnYNc4w3CTA1Z6QS2twsFb8WMwUabeDJgc,CyXm53PMvHCbeXJBykU46Rcbo28xk5srhMZFg7gv6EYB,0.43157963300000013,0.42748670100000297,90.54391072905766,209.7965330283731,0.03621756429162307,197.2391645185678,15.192037124,19.508162871,7035.010464221721
Lee1XZJfJ9Hm2K1qTyeCz1LXNc1YBZaKZszvNY4KCDw,9DgFSWkPDGijNKcLGbr3p5xoJbHsPgXUTr6QvGBJ5vGN,2hNHZg7XBhuhHVZ3JDEi4buq2fPQwuWBdQ9xkH7t1GQX,1873.0748578908888,1578.518973713004,392720.4032406187,209.66615487158262,39.27204032406187,176.51104041255573,6681.246689421,53925.601976377,10919295.412843067
WiiQFxXqp8P9Fs1rt9SVcDyA3KUdJmUsog6wnVQAwba,3S2jpqSYxho6wiz3cafhjXruVY8cg4HYa2v3BqBHYFSj,Dfe67M6TfrG74gKRtdqys4e6E9QirPD53BkF4FujFjuv,19912.400694722,19938.294003264007,19890.036616011468,0.9988768768239753,1.9890036616011468,0.9999971400081796,18770.647282138,8056.036984449,26805.579477395568
C98Sspw7XqnMsgxea3SLQVdbMDL8pKUc3RE82UvX9eq2,CSqgQJurPCzGxb4Cgwx5R61hWQUiaoUHcShNc8r1cKEL,6S2CR5EnukPhC914XkAns8m5GixjMAoUuZMsS5ubHuWc,38.89422399999967,38.882966999999894,0.0,0.0,0.0,1.0,869.260304,894.667669,894.667669
AUSejoEUCh2DBs9mof6BNC8Pubs22w4cJa1ccV9h44R,4xkyD7AfGQDwsQMy9MosRRNGoVJ1zosNinesxg1TzHG7,Cbm5gsQe3nSiCsFrvepVzMCD9xLK3ri9g3ypS2hdmVJ7,2057.0909379999994,2061.3126580000007,2054.947627624387,0.9989580867155557,0.20549476276243872,1.0,14859.633766,14018.903432,28863.05474817723
B2izdXFYb2sNwbWWHmh75T4aQFtfXsUxem9u2p61HGzf,4DYwgJtxwuJdAjkj5RJSNH4e7U329V5cNp7d3a1nLrZv,EXNW64GEf1ACC6xY9BtKRiunrs6GoJSXBdxWN2eTPmrF,5273.890718000017,5201.629782000004,5344.637687063679,1.0134145686451559,0.5344637687063679,1.0,8903.094576,30851.753398,39874.27914734407
MAR3XM1n9xWPQ3HJjAcC85o8DopWFP5p2WxGTaZ3fPB,6qG7GUhER8Cg9gDEgnebph9LdS6eu2eoWcA4R7z9uizK,4QV4CwRXVMY227KkFF9voNAfwWHVvVajXSXDKbUHkWZR,0.010256000000000001,0.4334600000000002,0.009722543484113654,0.9479859091374466,3.889017393645461e-06,0.021668770054175824,0.108884,24.413567,0.6322324672557369
KEVpg4SYCVrqFxKijQH6hm4QxsRdoE51ud64bEEFUC9,2bPenuBYfqzD8p5dFjCcggwkHDsc2RQDnx9AoyYGUBjA,AE6n6iLuX8oYu61vt5hoDYkjswpnxFxrhSehxrnQTnbx,2952.114286154,2955.4236019600003,2950.453652820047,0.9994374766106645,1.1801814611280188,0.9999880861419418,4977.90700164,2549.198246588,7524.274688323569
MiMuMS9C4vBqcrYeeQPph1E7oAW9aNKvW9k6Zw9XffM,Afy2q2hh6Y474pshJa5fnQ6PfEchGyTbKrQpCZw2hr3m,5pXz9ksgjeL8Wgb37bksUaBFMLdFfsNNY3FQnikkCPtS,0.012538942999999136,0.8271330000006856,0.0,0.0,0.0,0.021732928046100233,26.006551294,7673.713867602,166.77227133095582
KEN5P7p3asnb23Sw6yAmJRGvijfAzso3RqfyLAQhznt,9zj4aX38Uxf3h6AUjS4EipWS8mwbEofasHAf3a1uKGds,CwQDG1MWunn9cLNwcZLd8YBacweSR7ARo32w4mLua1Yr,48672.680258000735,48676.414555000374,48640.38304365974,0.9993364406034393,4.864038304365974,1.0,1152829.72108,1093774.920311,2245839.6703969426
BSC8REUo9LpiiWUuqMuLXs2D2yJsJfGd4HdiF3wCLxk5,AZjEH1zWVx1UJ6udMyRijGTzPteuLnaY18yNNmprJEsh,Caf8ypkSVR8xYnXNhjvfvdGCC7mrM3C11rz8Xi6NA6aK,9951.622087993,9982.468338294002,9950.963742182783,0.9999338453767238,3.980385496873113,0.9999880851419656,3205.961354176,3010.089980536,6215.803380751588
FrnkTEL6yZ5Aycq2TrEgu29dCrwKG4LPUZydfiwqspkc,DjvZuMZ46fxKBoBpGMPcRcos4xdTtHFxwMh69DpA2ZFY,9rvDPJLAng4uVVqnnSoEXgNDFhBZQTny9AoQioYDZbQX,13.605997793999961,11.332907348999981,2891.8831280292857,212.5447300384366,1.1567532512117145,176.74220982198878,171.317446909,1440.839322623,291069.74638295406
Cob4usZcpHEY7Qt4ZCwj6WVg9S44zvzYV2v9qYF65dTf,NhFM9UXE48PyNAyeyPYA3iXztqKVJwA4bTdLj4ysM8w,6TuFuynuBoeskxyR2cz4wxyidk8dpDK7kAWw3UkjQGx,9.15501500000002,1279.9042410000256,0.06560998806695677,0.007166562596233498,2.6243995226782705e-05,1.0,74221.386085,161.91933,693.8315393573664
BUSD5rCfUDpCxKGMvYU2yThChxgHoioK74PTPociGnv2,CcFHbafgYDZ8yA8Me1PdtDiVb2eeaS61LbqyKKK5CsNZ,26R9s4nmF3CFDTkiePDwRmtscn8i7r2eygbSijditJ58,268.25207138,268.64038798999997,267.6045753494844,0.9975862403328905,0.02676045753494844,1.0,80.34389143,67.68113763,147.83109821536763
KZMu9QBEdL97EFgamLbN5DE1AoKBG4HdrKKJo4Vuon3,DD4ACBWyVqdaKWh7v5btsgqQCCMwbKnuL2xd9pv7Gyuw,GcYqiJ1MAuYbNTNYXm1F1gQYTfTgkErACAhNU5dpVj9T,60.697058290000314,60.47326561,60.97572650649398,1.0045911321626533,0.024390290602597592,1.0,1383.50713815,1704.84781702,3094.706819289221
oKQqupM9E7SSLAFDLxr7mdsXP7znck9qRbVWc6Yyj7Q,CMR2J7CwfW98RpvnJmFBgRFTLAd3x8CJ1SWs8Bt3uunG,FmRb5jHfSNj1YWP3b45d9vvYuhwjp4om8bALmtqZpr1v,376.63712561999955,371.5016343799998,381.2558032983611,1.0122629378895098,0.15250232131934444,1.0,2176.16186001,3720.4519216,5923.299919336823
RajgMbScQbqqrdJfR2rxfHJiTiY5b6bJ2tTXiF4aPxy,725ZA3fhyBAKb5iopNRrcbSuQa3LXA1656Q3mBvYPxeg,GLA6i1dSZpUfk2f9Nj8uiG7xyDdAR2reff8oEiZH3617,20135.19065670998,20129.18267822999,20150.24087161699,1.0007474582765867,8.060096348646796,1.0,77996.1834906,105957.86418186,184012.34656535223
ALLwa5WNZbvQsRKAqe1jdRGemdYQnW8E5k4msbRFcYtu,CGoM82Hbz7QVqTgvQatYtjvDWBvoUJp5qm21P8iMs9yb,3dxNNww8TivyN5FMy5dCNdi3Zcxv6e4kUfSPxfFwpdNq,19.315012576000004,19.124598968000004,59691.61436429941,3090.425860683602,23.876645745719767,3078.3817562783597,1.597890323,7.094412483,26777.471535915935
Lid8SLUxQ9RmF7XMqUA8c24RitTwzja8VSKngJxRcUa,4PgzyzLtds9bKZ2to9PMnKqJzKEUpjvNUaeN23phegax,AtymwxoVN9peZo7EXTcDz9jKVc4vRmisJKKrNfe3ewBa,49.30824497500964,41.617233746000466,10336.274166698035,209.62567562355252,1.0336274166698036,177.03849648994625,959.618906015,7660.132312047,1557299.0689533853
ercAoEmXjQzEvAFbdjAo81KtMxRGn9AW1ju882upmPH,CMRhskR2Eg6V42RTSdRTXGdozyPbWB8U9dVpijPWb9T4,7TKLLgrWswt6ZJ1pXhVR3FyufHGjJFqiEXxvWJfDcgRm,4.764027970999912,4.132811439000008,842.795796058752,176.9082384043726,0.3371183184235008,154.8104323034879,36.309657072,320.546389312,56047.40257238723
SoN9GaFpSXfpyR5dth3x7PHPVhvJMpQqqDJfCSmPv1t,9kZ9iS68ViMPtoeqtnhAKuF2iqVyfHPdZHoUNdwCELr,BBhm5fJLjw3HRzjtKB8uMEYjGhY6EDm9co3cqpjrSzB9,0.1369718659999999,0.13403556199999977,29.159062145615327,212.88358695219463,0.011663624858246131,205.47935353729628,0.854923984,1.408314994,471.3789388293819
moFiBS1R4Lf3E3zzmBPnw3NF4RhWPkhREFviuzUaCAU,44ALBrpqi9PfZkBRTvbtRNtFJGsatfY4QydjtMbFWq8S,2ho8qEEie1UjVwWNBo9y4oAJZMyMLx8zPj9bxyUz6uWs,1650.407410439002,1650.2116016490036,1650.5605907146232,1.0000928136135674,0.6602242362858494,0.9999890921189832,31367.10083433,33053.063956034,64422.71554545069
