0,1,2,3,4,5,6,7,8,9,10,11
BSC8REUo9LpiiWUuqMuLXs2D2yJsJfGd4HdiF3wCLxk5,AZjEH1zWVx1UJ6udMyRijGTzPteuLnaY18yNNmprJEsh,Caf8ypkSVR8xYnXNhjvfvdGCC7mrM3C11rz8Xi6NA6aK,1474.9166246359991,1479.9209400490004,1471.4133424945073,0.9976247592013165,0.588565336997803,0.9981620851507739,3534.565738966,2685.958600942,6207.192331962101
KEN5P7p3asnb23Sw6yAmJRGvijfAzso3RqfyLAQhznt,9zj4aX38Uxf3h6AUjS4EipWS8mwbEofasHAf3a1uKGds,CwQDG1MWunn9cLNwcZLd8YBacweSR7ARo32w4mLua1Yr,113561.0014380007,113576.53245900036,113286.16919154202,0.9975798712323902,11.328616919154204,1.0,1143167.870245,1081964.382342,2222365.639138013
RajgMbScQbqqrdJfR2rxfHJiTiY5b6bJ2tTXiF4aPxy,725ZA3fhyBAKb5iopNRrcbSuQa3LXA1656Q3mBvYPxeg,GLA6i1dSZpUfk2f9Nj8uiG7xyDdAR2reff8oEiZH3617,323.83734159999585,323.9518553900125,323.9308539589167,1.000288763360207,0.1295723415835667,1.0,90553.73538572,93442.53273357,184022.41672019928
MATgk4zXLXtYkwBH678J1xZbRDZ45LicNzkRBHkxTuY,y8dALFo1bJrSzPYjMX14HJX448pXqYmrfXHD1K8MXih,GN7Yuet3UyiWS5YVkEHv6oQKi4HGBJc3XDPt9zQhAqZz,2878.1242600000014,2870.1302299999993,2889.0187497051397,1.0037852742692694,1.155607499882056,1.0,2523.320736,5559.086344,8091.958541055095
SEQV6QiTpvTzrceiaYg9Avnwf7oc8ZALpnQMz6TyT4A,3dFMPj4r9mMmPHF32mz1gNDX7f8ftidWof7S8YiYTs1j,Fc1ED3YPeQfXQosHbd8DTaBd2AV5gHQtwiSAL5C5pUhi,457.7928821830001,459.54347955699996,452.56954668678856,0.988590177568284,0.18102781867471546,0.9943886647647325,4724.296913108,827.724332586,5493.473218088206
SoN9GaFpSXfpyR5dth3x7PHPVhvJMpQqqDJfCSmPv1t,9kZ9iS68ViMPtoeqtnhAKuF2iqVyfHPdZHoUNdwCELr,BBhm5fJLjw3HRzjtKB8uMEYjGhY6EDm9co3cqpjrSzB9,6.744982254000002,6.418703180999999,1348.9287345775247,199.9899605039827,0.5395714938310099,194.32263114397148,1.946075855,3.249546609,1020.6560804650546
SoNcU2iwHMw6dGzsYNQkYFkUjwN1UdAjrWVRnStrZu2,8ivTTid27jZnYNc4w3CTA1Z6QS2twsFb8WMwUabeDJgc,CyXm53PMvHCbeXJBykU46Rcbo28xk5srhMZFg7gv6EYB,33.74636129699998,32.540333341000014,6662.286778307699,197.42237450945476,2.6649147113230796,193.88859277792136,13.431851226,16.970933591,5942.218395181197
vEnkoSUkpnbRrPgBz9DfcVxNz67zjwMYBZraAvDDNSf,DtfyjjsZ5yCjWKLKHvwsfXs5QVsmm1QkK6Sh9JZHoq1g,e5wrKCRv4GhHvEf1VD5Pq2KGaZDXP77nTL612Jyrxwy,11906.32183,11905.687859000001,11868.816370269948,0.9968499541449021,1.1868816370269948,0.993734503952579,2986.360339,3968.446709,6920.535588822664
KysFMBBoavfov2tLpvefWW6tPFt6rAeZWDJVy1mMQae,B8ka2V21TH3x64dFV8ETcjuQcwmrciJ2qzy1mJUttRew,7fSf7EYxBANyxzk2s5pymFgshA91tFYQNKKs5UnLWcYS,51.0564560000098,54.475437000028705,0.0,0.0,0.0,0.02049079175579222,134011.327524,2991.985868,61.308159357461236
Lid8SLUxQ9RmF7XMqUA8c24RitTwzja8VSKngJxRcUa,4PgzyzLtds9bKZ2to9PMnKqJzKEUpjvNUaeN23phegax,AtymwxoVN9peZo7EXTcDz9jKVc4vRmisJKKrNfe3ewBa,71.97805008399905,60.7256104640004,14147.163195623549,196.54829742002843,1.4147163195623549,165.6625857345297,958.340188806,7661.675445002,1457613.0977367926
daob129AwBGn9Y5r91uLoWZeYiGzbPmksauMhFZKTze,6VW5GQNyj4LStgmxEHLr5zUfW92vQnmbw8jTnCH7a38F,4VPCCUifPeBA1c7HWK358CHn2nyjm8pdTRk6Ps3KmnMQ,21.669304293000067,19.35571855700004,4010.021914816418,185.05540651398732,1.6040087659265672,165.71768434725212,48.051021724,224.494309203,46094.77842880442
Sid7E679i9ABqptiAVhkmQ27YHN8vaYT4fppPwmxFsJ,GP7KB8o1bv527HG8kTzzzf4wJ5aEGHvcMQvVhLziUfmT,9gYxhAZ1M9wu5pxr8SBoa5NDm21gi3s9vMHaYTME77sa,710.8759690000061,2163.6608780000533,5.12048296495167,0.007203060995513306,0.0020481931859806677,0.021384002584898233,135552.639296,8841.832228,1165.4676921706905
SAMyS8Jr2HJrkFwYVKbpUwsNStnQmvz3f8Tup8bWUWF,6jPzm5TFfquvgm25sTyN3MMGBfufRaFHMxobDWv6hMFW,Cj9ECoDmxsHTDzCY5ZA6RWrPbg9uFzEC1Qc2kso2vJG6,1156.6327987500117,25.79396061999995,1159.6517316996628,1.0026101049122191,0.4638606926798652,0.021653058116613107,480.58663783,108960.02946398,2841.1588697455823
BUSDgu5JdqP1rndBvXvanbEufS94FNh1w5FJcAj6vawb,Bgzr8cWubt89JQFXndVjtdKmDbGzuPxNhvjH1EhWCwbo,Dxaf8xPBBQsasRKW5Aa4Sw2YrbfGofY9xZueyyF23FBW,4879.124123940002,4875.279478199998,4885.53042227212,1.0013130017128862,1.9542121689088479,1.0,7051.43811086,8083.04612824,15143.742789417869
7dwD9TF6uikvHXxPFK9AsSim54yJoujQjY9vU6gNFumk,CquVr6atkvwueDYficKjn6SSEWq4F4rH4VSiBbW4GBWU,8BCa6ge3b7ho3TfZuM64Vk1hgbrJ3J7EPiAb9uP86CGd,0.0020775940000000003,0.0020830720000000013,0.40851417091695535,196.62848993448927,0.00016340566836678215,196.9210216735215,0.003957816,0.003554791,1.4782324590743998
BSCNHw8CmxbZ8hCWWzMf5FaG2ajPT6JxfznKUNuRVrn4,7n9kgNL633yGzCYksgnzHyjG73ZLBAwvEae5sbAekbzW,SscdxE99omdG9AiMVwmaEMQySQnCgeAh1sPj2Leutm2,462.0094606850016,461.1807598050018,463.0602457928995,1.00227438006646,0.1852240983171598,0.9990066567120248,5023.023932458,6683.69197307,11711.500970472991
moFiBS1R4Lf3E3zzmBPnw3NF4RhWPkhREFviuzUaCAU,44ALBrpqi9PfZkBRTvbtRNtFJGsatfY4QydjtMbFWq8S,2ho8qEEie1UjVwWNBo9y4oAJZMyMLx8zPj9bxyUz6uWs,3008.9006442139944,3016.1915094270007,3000.4247443536697,0.9971830575806404,1.2001698977414679,0.9998445351730705,39782.11424177,24651.302816259,64317.52072236364
Cob4usZcpHEY7Qt4ZCwj6WVg9S44zvzYV2v9qYF65dTf,NhFM9UXE48PyNAyeyPYA3iXztqKVJwA4bTdLj4ysM8w,6TuFuynuBoeskxyR2cz4wxyidk8dpDK7kAWw3UkjQGx,88.06379400001072,2098.386666000009,0.6338427976216323,0.007197541337153328,0.00025353711904865296,1.0,73953.378182,163.885421,696.1679174870781
CZgvH45CRmoaNJ7395Ao5CQZXkGznvqU7cErD6n7FaRg,4ZjU6MKvtqVQKCiowhvZ5yUsPxXX5SCzd5eFsPeXyey5,BsyWeshjDbCvjDojry3vKDCesmFRM37WtwcR4Kfgzqr,15.370908170000007,14.853359079999962,15.893295523518166,1.03398545796648,0.0063573182094072665,1.0,204.54073547,601.05684216,812.5489881977485
AURHmCnNwiW4uA2Qj1XvEh4iKgRUZYXtiY7FKAapUV5Y,BKWm4TRnTeKwfWXRyuzjRHU7iZDkPuXBX5b5V5jSVfGJ,A5Ww74HVrkj9nPeC7pHKLfgeDMEhBCpW1efQdz3TGLEg,0.007870634999733284,0.008526392000078431,1.446338376132543,183.76387371305566,0.0005785353504530172,165.31567938214258,290.079348838,1795.119188559,350067.4530551832
YAkoNb6HKmSxQN9L8hiBE5tPJRsniSSMzND1boHmZxe,CfWX7o2TswwbxusJ4hCaPobu2jLCb1hfXuXJQjVq3jQF,EnTrdMMpdhugeH6Ban6gYZWXughWxKtVGfCwFn78ZmY3,4238211.161407999,4235921.343070017,4238211.161407999,1.0,423.8211161407999,0.9943382380724156,310614.499442,1175299.445569,1479259.6793565664
ALLwa5WNZbvQsRKAqe1jdRGemdYQnW8E5k4msbRFcYtu,CGoM82Hbz7QVqTgvQatYtjvDWBvoUJp5qm21P8iMs9yb,3dxNNww8TivyN5FMy5dCNdi3Zcxv6e4kUfSPxfFwpdNq,9.651135538999998,9.638438071000003,35350.84992857403,3662.869491960001,14.140339971429615,3669.2534903773826,2.294905989,6.421019832,31966.290564372786
KwnjUuZhTMTSGAaavkLEmSyfobY16JNH4poL9oeeEvE,J63v6qEZmQpDqCD8bd4PXu2Pq5ZbyXrFcSa3Xt1HdAPQ,BnKQtTdLw9qPCDgZkWX3sURkBAoKCUYL1yahh6Mw7mRK,250.1182009999634,10534.433996000103,5.027886173562612,0.02010204036915869,0.0005027886173562613,1.0,276907.357823,588.857635,6155.260520475017
MATSnbbiTCv7Dc3trJrkrqjx7ckKdr6fwPoVwv9q3sD,631WX9JizSHJm4w6VanZeJAst9T8DeUUnPLesdGkCVtK,211maUSfpnXbPuW1iBu8b4dtJv5EbN1j7JJiEX5TZKEP,9093.335165000004,9097.064447,9065.811361705864,0.9969731893969906,3.626324544682346,0.9989520992478889,25944.720979,19628.406895,45474.02949510063
HEDSDjj84KS7LKhZY7ejkCACTdPen62rKhCby1wXtgxc,EnnjMSFttpCTywBrYNt1J5QQeoSVkvzPipJDa8Y7kJow,6bjVT6JN2rSvpyn9PdfLYC8wJn4LWh49jpY47fnLDXZk,7.8205216900005325,7.975170360998163,7.571350329910505,0.9681387802544397,0.0030285401319642023,0.9998996460719217,38828.399801139,9059.716993608,46650.08743812685
BSCrK1Nx9PXU9mF7STWWBqeHLxmtJDr9h7jheEy4tAWX,FfSySSbVJPvEo5a5AvrP3nySoXpRE2QPn1uUMpJJ1x7v,HL7Vcj6838ZmvBHDbQxXfjBNckNi83WvPiZQoMQLFeRM,0.052377514000000014,0.05236879900000002,192.8174626255785,3681.302297500764,0.0771269850502314,3670.667694453621,0.890068846,0.914479085,6633.36132227666
GokA1R67GqSavkd15zR62QD68Tuc5AEfvjssntVDEbM8,3YB7hfpBdbQEuZqLGWVDpRPmeZWCUsrrWyqGXegnQ6Cg,4DPCj6Z1DsG6HUtwSogBGqXEUxdEV5a8YVrrFtcnz7UW,9279.33996100001,9279.124437000002,9280.648532443085,1.0001410198838037,0.9280648532443087,1.0,15544.794726,16895.805708,32442.79255914601
STK75uPSyBnEhGTTzb1nwmP3n427XoXmfRhXxxhyady,6TYyD5fUmDe6N65avW1Ny2RxzRNobw2RRgKwH9CTzSAU,54zDfk4cx2vGrEajPtodWpArNe5eUurytyxd4X3aZAxK,449.0831736179993,507.60704506299504,74284.5397375147,165.41376765254375,7.428453973751471,186.923225023786,1599.76052521,277.254920999,316447.79980364634
Dg3mAgpwDfVNnbGWcsxL8sUcSkEbjSJQhKAWNigG44Ju,EATxwd8YA2wV93VJcKMmH2Kn2Y9XfJVUB9hHVu3udwEy,GiGvrRi7NMHfHKanG2B8xyCEqe8jaafWins8bhrLVEaa,0.003287239999999969,0.0032455619999999796,0.6541042192312835,198.98279992677433,0.0002616416876925134,196.8091335182683,0.194070904,0.265597797,90.88884415417115
TETFuZgEmET6d9vYmz9iMFCxK1jKdKYxf3oPz8hSzJK,Eu1Ze6Z84LWNkq7SNoAHBJbXx5t1P95EwyqYohrfCRFV,ASMbv7WNu3qe4pkhREmvyEdwFNDZQ6B6iSrjkj4u8bdC,16.363595341,16.427998778999978,16.221822935058533,0.9913361090281764,0.006488729174023414,0.9963126468938459,213.091835778,38.608110332,249.71137994227823
C98Sspw7XqnMsgxea3SLQVdbMDL8pKUc3RE82UvX9eq2,CSqgQJurPCzGxb4Cgwx5R61hWQUiaoUHcShNc8r1cKEL,6S2CR5EnukPhC914XkAns8m5GixjMAoUuZMsS5ubHuWc,11.538116000000059,11.537244999999984,0.0,0.0,0.0,1.0,866.622418,897.383262,897.383262
BSCuChvaSj9b5HUSqgDVRzcnr2sSn7cXaamt1jbKH6hn,GnKpRj5kBVPMJfiwZtEuD9GYApLzPdW5JFuZTcyX4BTc,3dmwD9okkomV9nDwyuh4UMhKdUR13QpuKxRo89ycZB5t,1161.188342348,1165.5361297600002,1158.6473117699102,0.9978116981669384,0.4634589247079641,0.9946398856561987,1736.982313577,1268.24022595,2994.623585319703
RoBgmK8CvjdHvPrqdDyVw54VwjZv2TqJ493xnqJAQHx,ExiHJxM7qPAcy27NDHAF6G7vnW7muNHi2sVJpnaNynGQ,6rkPHSqZb7StM4HwS9EuVrmfkV7tRdc7dnsFhyB6cefE,1.084229999999998,58.92762099999982,0.0,0.0,0.0,0.9549055407439097,6237.926219,19.445014,18.568151608442893
JSoLLrxK5bYdHwTEWYaGgmeycBCNXKDiBCTw5hXGBg7,xG4wXczA7Dk4hccJ61CHKpDHW4NrNfQwgmWgkb9BuF2,BVR6WgfhsRr9Lob4QDnkEAiNGgAbv7ZieKcY9kSg3QYR,42.90603554000042,38.17290862999999,8349.555373798348,194.6009522602998,3.339822149519339,165.04681470375667,16.971171931,164.82476711,30506.409014539888
B2izdXFYb2sNwbWWHmh75T4aQFtfXsUxem9u2p61HGzf,4DYwgJtxwuJdAjkj5RJSNH4e7U329V5cNp7d3a1nLrZv,EXNW64GEf1ACC6xY9BtKRiunrs6GoJSXBdxWN2eTPmrF,8050.87153500002,7934.740252999996,8060.858939225722,1.0012405370253745,0.8060858939225721,1.0,9390.776017,30359.636091,39762.06171334609
C2ypsDADXcCRz8HbV2zX1AXPSja7a1P3xZtRC91xGhJh,J9bYNuDpY1d1T86gLaw7DGk5D3CsUAf2tzUwxMvb6FTv,A2NGvvPrMGzsJ4jb52KEnSBVmsA7C34dV1GC7PerdgvG,3315.607142829,3340.9840035950015,548024.8178922214,165.28641491121476,219.20992715688857,162.45942778865262,3202.119373981,1635.192283723,794919.2341811215
BkwbeSfcX1h4thMDd7obGkHrPevf3QwgzJ4pCEqG18Lu,35yX27bmurdebhfAb8EPmjLETDiUaEUCn9zHaDPbakH2,2CxECn1ZJFoESyUnQysQU8rRgT3iJ5GRs2Mdd6gZjx5g,0.014001979999999747,0.009553400000000045,32.90093519432244,2349.7344800037595,0.01316037407772898,1589.825119236884,0.93079823,21.89536482,36996.929680649046
Lee1XZJfJ9Hm2K1qTyeCz1LXNc1YBZaKZszvNY4KCDw,9DgFSWkPDGijNKcLGbr3p5xoJbHsPgXUTr6QvGBJ5vGN,2hNHZg7XBhuhHVZ3JDEi4buq2fPQwuWBdQ9xkH7t1GQX,1803.5202828171377,1516.8030325239852,354537.7934447196,196.58098487859746,35.45377934447196,165.24058533503023,6669.40504686,53917.971585096,10220515.397464817
wrmcMSHFi3sWpAEy4rGDvQb3ezh3PhXoV2xNjgLBkKU,8p4mGnARWPBu6P2Gcw4adodLkNDorrXniZMhaY7eJXUn,AyY89zccbsgp9LKFgH4CFZMJmpSgqmPSdTfukhP227rc,0.014655540000000536,0.1392624499999993,5.202534611288795,354.98757543485976,0.002081013844515518,3666.2267194603314,27.10666479,0.09342546,9965.048129657454
ALBpShJ9NLpE739pcHDF2LNVk5J4VYPvvKuV6jMPitZi,D6d156U1bPiJpDYRLextvDRccgFk7QzkQbJg42ceKEu5,GNcM8U5g8RwTZffwwm3kSQqUNPSwv5d2fbN9sLxPJqt2,5769.785128999996,5776.432861000001,5754.466738541998,0.9973450674305001,2.3017866954167996,0.9965529234378284,53489.720075,46838.218163,100024.47171399588
WiiQFxXqp8P9Fs1rt9SVcDyA3KUdJmUsog6wnVQAwba,3S2jpqSYxho6wiz3cafhjXruVY8cg4HYa2v3BqBHYFSj,Dfe67M6TfrG74gKRtdqys4e6E9QirPD53BkF4FujFjuv,11163.735541173,11183.197106798001,11145.35666969896,0.9983536987770575,1.114535666969896,0.9955023849325298,19937.284144473,6896.232883379,26769.67765165773
KZMu9QBEdL97EFgamLbN5DE1AoKBG4HdrKKJo4Vuon3,DD4ACBWyVqdaKWh7v5btsgqQCCMwbKnuL2xd9pv7Gyuw,GcYqiJ1MAuYbNTNYXm1F1gQYTfTgkErACAhNU5dpVj9T,37.39343718000009,37.30725741000015,37.49103797406837,1.0026101049122191,0.014996415189627348,1.0,1458.24475733,1629.96826655,3092.0191956843246
AUSejoEUCh2DBs9mof6BNC8Pubs22w4cJa1ccV9h44R,4xkyD7AfGQDwsQMy9MosRRNGoVJ1zosNinesxg1TzHG7,Cbm5gsQe3nSiCsFrvepVzMCD9xLK3ri9g3ypS2hdmVJ7,3189.185422999997,3192.1084169999995,3186.9545548116294,0.99930048965724,0.31869545548116296,1.0,14592.344771,14286.710717,28868.84799190757
FrnkTEL6yZ5Aycq2TrEgu29dCrwKG4LPUZydfiwqspkc,DjvZuMZ46fxKBoBpGMPcRcos4xdTtHFxwMh69DpA2ZFY,9rvDPJLAng4uVVqnnSoEXgNDFhBZQTny9AoQioYDZbQX,63.202773660999355,52.540128228999805,12577.623849033616,199.00430187599366,5.031049539613447,165.40755677655739,171.025762334,1441.286514469,272434.54340940487
heyk4SZTeCUV6a65WiVA5bzic3KcxgVf1qxobfeV4tQ,9ZDpBKPqMABtGfq66FbVribaArMvtk63xxy91onZAtDt,DaTP4s6N7xxSPinbNZ3FB52EpRDRt87QShTuN3VPCW52,105.95663695000167,91.40399908600057,19784.007820869065,186.71796680565328,7.913603128347627,165.35939044560055,610.648666653,4491.583749003,856744.6283405325
MARpDPs5A7XiyCWPNH8GsMWPLxmwNn9SBmKvPa9LzgA,6YjT74rmcfCpw8LSjPNx5JTmZoYLGrTKnf9arfSgZ4SR,F8GSmi3vA8M8TsybLya1LQ4n1aFHCRbZ6k437PeTdXtg,46211.72475400008,47719.38695100014,43570.68752940518,0.942849195985348,17.428275011762075,1.0,294073.756182,18250.962527,295518.1671035899
BUSDTd9WiT6uBHJRgNvFXBsA7JrifsAtWzKfioN7ERcy,DyBxrn7gSc1EwnpWhDyhzvMHPtxpmBqRqotapLcKcfTM,Cds99GeBgoCpqBsoRWu1C6fF9LiUMd4pXQQD24s9LPff,190.45708312,191.37377251000004,189.89734171555924,0.9970610628112576,0.018989734171555923,0.9988024358793807,110.14535709,75.17720738,184.90882465763423
KEVpg4SYCVrqFxKijQH6hm4QxsRdoE51ud64bEEFUC9,2bPenuBYfqzD8p5dFjCcggwkHDsc2RQDnx9AoyYGUBjA,AE6n6iLuX8oYu61vt5hoDYkjswpnxFxrhSehxrnQTnbx,597.4977717410002,599.6832384629997,595.6936010840266,0.9969804562589136,0.23827744043361065,0.9998996460719217,6115.589568263,1414.387880489,7511.369219168465
SUiuyGR7SFq3xeRVJonq84fjjeFwRSsFekcevJ53tzy,49GjCCPsv7fBqo6t3iKDrP1xxGDS8uWZbVCdfnp2gjMf,CEwj5xEbbJEjYqM8D6Ai8ByGz1mrh8mkAVsE5fzDSSSx,0.051920999999999884,6.806361000000038,0.0003721462578013465,0.007167547963277813,1.488585031205386e-07,0.9582995932018227,665.556272,1.502831,6.210568837771463
ercAoEmXjQzEvAFbdjAo81KtMxRGn9AW1ju882upmPH,CMRhskR2Eg6V42RTSdRTXGdozyPbWB8U9dVpijPWb9T4,7TKLLgrWswt6ZJ1pXhVR3FyufHGjJFqiEXxvWJfDcgRm,0.4859861640000105,0.4861691420000085,80.13978425294329,164.90137001707225,0.032055913701177316,144.697257885675,37.642864978,310.641329256,51156.30853554417
parEAJhzYzHW87y9VoZAQ22dzQ2MD2ekEtTReaxbMcz,3oyc6hpjYSJEquK6dSvG72NXyz3pqLZz5D8AC71pwgQb,Di2vordgFJVZ1aj1aBpvzXtLfZgJsuLLXawGtVFwX6Rz,7.64665026000003,9.046865526999568,1219.2526454225037,159.44924953616214,0.48770105816900156,188.59452008446772,1105.231757279,138.321951315,202315.1362870698
DFWzVTzNBrQZLjoQ4yQwkj9HuoXmfkuZP9V5vbymZe23,DhgiEgiNdqZdRdo195UUHnoEJUtefK8buko8nU97XJUZ,2K2kkXsouBHtWVjtcgkyiXd8eP3oVBvq1bTJzcVdLLr2,0.4751328500024101,0.47743635599908885,0.4731786656457305,0.9958870779895146,0.00018927146625829223,0.9998996460719217,37728.014006792,30220.881504397,67790.69034779961
BUSD5rCfUDpCxKGMvYU2yThChxgHoioK74PTPociGnv2,CcFHbafgYDZ8yA8Me1PdtDiVb2eeaS61LbqyKKK5CsNZ,26R9s4nmF3CFDTkiePDwRmtscn8i7r2eygbSijditJ58,73.43157326000001,73.88430344,73.33492809166513,0.9986838744691922,0.007333492809166514,1.0,84.5334675,63.5149093,147.93712014521554
