0,1,2,3,4,5,6,7,8,9,10,11
moFiBS1R4Lf3E3zzmBPnw3NF4RhWPkhREFviuzUaCAU,44ALBrpqi9PfZkBRTvbtRNtFJGsatfY4QydjtMbFWq8S,2ho8qEEie1UjVwWNBo9y4oAJZMyMLx8zPj9bxyUz6uWs,952.5668855969998,953.2286150670006,950.8617508605457,0.9982099579964031,0.3803447003442183,1.0,36738.808509168,27687.266068534,64360.31056730849
KEN5P7p3asnb23Sw6yAmJRGvijfAzso3RqfyLAQhznt,9zj4aX38Uxf3h6AUjS4EipWS8mwbEofasHAf3a1uKGds,CwQDG1MWunn9cLNwcZLd8YBacweSR7ARo32w4mLua1Yr,66575.31417900068,66580.65141100134,66425.98855672516,0.9977570421692036,6.6425988556725155,1.0,1147480.987806,1079289.048974,2224196.2853127103
KwnjUuZhTMTSGAaavkLEmSyfobY16JNH4poL9oeeEvE,J63v6qEZmQpDqCD8bd4PXu2Pq5ZbyXrFcSa3Xt1HdAPQ,BnKQtTdLw9qPCDgZkWX3sURkBAoKCUYL1yahh6Mw7mRK,188.90402700000004,8577.632981999952,4.228110849615951,0.02238232247751897,0.00042281108496159515,1.0,276180.841462,604.896034,6786.464689715025
ALLwa5WNZbvQsRKAqe1jdRGemdYQnW8E5k4msbRFcYtu,CGoM82Hbz7QVqTgvQatYtjvDWBvoUJp5qm21P8iMs9yb,3dxNNww8TivyN5FMy5dCNdi3Zcxv6e4kUfSPxfFwpdNq,3.912086804000001,3.9137806270000004,14709.85825907126,3760.1052829479227,5.883943303628504,3767.485843671942,3.068274368,5.63800909,32778.154093719226
AURHmCnNwiW4uA2Qj1XvEh4iKgRUZYXtiY7FKAapUV5Y,BKWm4TRnTeKwfWXRyuzjRHU7iZDkPuXBX5b5V5jSVfGJ,A5Ww74HVrkj9nPeC7pHKLfgeDMEhBCpW1efQdz3TGLEg,0.002803070000027219,0.0025044980001212025,0.5529896005883715,197.27998251310234,0.00022119584023534862,176.5197645649988,290.091044092,1795.106008231,374100.8460478283
heyk4SZTeCUV6a65WiVA5bzic3KcxgVf1qxobfeV4tQ,9ZDpBKPqMABtGfq66FbVribaArMvtk63xxy91onZAtDt,DaTP4s6N7xxSPinbNZ3FB52EpRDRt87QShTuN3VPCW52,38.15850118800199,32.950769722999894,7405.664544376925,194.07640011566951,2.96226581775077,176.84257138294606,613.906777787,4487.744943205,912769.1729066966
SoNcU2iwHMw6dGzsYNQkYFkUjwN1UdAjrWVRnStrZu2,8ivTTid27jZnYNc4w3CTA1Z6QS2twsFb8WMwUabeDJgc,CyXm53PMvHCbeXJBykU46Rcbo28xk5srhMZFg7gv6EYB,2.265698347000015,2.243585241,476.1673110282537,210.16359554604495,0.1904669244113015,177.93537316072653,15.35352871,19.354175912,6670.5453111330935
vEnkoSUkpnbRrPgBz9DfcVxNz67zjwMYBZraAvDDNSf,DtfyjjsZ5yCjWKLKHvwsfXs5QVsmm1QkK6Sh9JZHoq1g,e5wrKCRv4GhHvEf1VD5Pq2KGaZDXP77nTL612Jyrxwy,3427.932042999998,3426.754514000001,3425.4349009572,0.9992715310538618,0.34254349009572005,0.9977331502825579,958.045989,992.89629,1947.9936255736056
BUSDgu5JdqP1rndBvXvanbEufS94FNh1w5FJcAj6vawb,Bgzr8cWubt89JQFXndVjtdKmDbGzuPxNhvjH1EhWCwbo,Dxaf8xPBBQsasRKW5Aa4Sw2YrbfGofY9xZueyyF23FBW,5894.728928979999,5899.578293970003,5904.262068601204,1.0016172312138625,2.361704827440482,1.0,6798.99230081,8331.80112639,15141.788969771682
AUSejoEUCh2DBs9mof6BNC8Pubs22w4cJa1ccV9h44R,4xkyD7AfGQDwsQMy9MosRRNGoVJ1zosNinesxg1TzHG7,Cbm5gsQe3nSiCsFrvepVzMCD9xLK3ri9g3ypS2hdmVJ7,1442.0268989999986,1445.3992219999982,1440.6381238486085,0.9990369284010214,0.14406381238486088,1.0,14826.384646,14052.521489,28864.627265031908
STK75uPSyBnEhGTTzb1nwmP3n427XoXmfRhXxxhyady,6TYyD5fUmDe6N65avW1Ny2RxzRNobw2RRgKwH9CTzSAU,54zDfk4cx2vGrEajPtodWpArNe5eUurytyxd4X3aZAxK,529.4288405090003,598.1841293860034,93525.51134310444,176.6536013663096,9.352551134310445,199.31054496286447,1594.231425797,277.201072349,336875.81957255624
BSCrK1Nx9PXU9mF7STWWBqeHLxmtJDr9h7jheEy4tAWX,FfSySSbVJPvEo5a5AvrP3nySoXpRE2QPn1uUMpJJ1x7v,HL7Vcj6838ZmvBHDbQxXfjBNckNi83WvPiZQoMQLFeRM,0.11118000399999994,0.11105633599999998,419.811745515098,3775.964475726212,0.1679246982060392,3748.406927056001,0.838132202,0.966383468,6787.155906357788
FrnkTEL6yZ5Aycq2TrEgu29dCrwKG4LPUZydfiwqspkc,DjvZuMZ46fxKBoBpGMPcRcos4xdTtHFxwMh69DpA2ZFY,9rvDPJLAng4uVVqnnSoEXgNDFhBZQTny9AoQioYDZbQX,45.10845988100067,37.52617282099985,9595.103008043201,212.7118290749843,3.838041203217281,176.8198073548199,171.576941698,1440.580693914,291219.64587261976
Dg3mAgpwDfVNnbGWcsxL8sUcSkEbjSJQhKAWNigG44Ju,EATxwd8YA2wV93VJcKMmH2Kn2Y9XfJVUB9hHVu3udwEy,GiGvrRi7NMHfHKanG2B8xyCEqe8jaafWins8bhrLVEaa,0.0003208690000000014,0.0003245530000000052,0.06825761196957264,212.72734969589564,2.7303044787829057e-05,208.38621133445946,0.191034622,0.268672473,96.6259275765471
C2ypsDADXcCRz8HbV2zX1AXPSja7a1P3xZtRC91xGhJh,J9bYNuDpY1d1T86gLaw7DGk5D3CsUAf2tzUwxMvb6FTv,A2NGvvPrMGzsJ4jb52KEnSBVmsA7C34dV1GC7PerdgvG,151.32647476900138,152.55270539499998,26701.90915581171,176.45233060885053,10.680763662324685,152.3745903790074,3812.378185007,1901.373883094,962424.0825006156
SoN9GaFpSXfpyR5dth3x7PHPVhvJMpQqqDJfCSmPv1t,9kZ9iS68ViMPtoeqtnhAKuF2iqVyfHPdZHoUNdwCELr,BBhm5fJLjw3HRzjtKB8uMEYjGhY6EDm9co3cqpjrSzB9,1.3084020810000003,1.2328881239999998,278.42897720924987,212.8007752757845,0.11137159088369994,177.93537316072653,1.973490215,3.218251618,992.6010503251166
Lee1XZJfJ9Hm2K1qTyeCz1LXNc1YBZaKZszvNY4KCDw,9DgFSWkPDGijNKcLGbr3p5xoJbHsPgXUTr6QvGBJ5vGN,2hNHZg7XBhuhHVZ3JDEi4buq2fPQwuWBdQ9xkH7t1GQX,1084.638739578042,912.5300110650123,228166.83553369422,210.36205623861284,22.816683553369423,176.9795919523132,6683.517728917,53903.239877307,10945731.930755654
BkwbeSfcX1h4thMDd7obGkHrPevf3QwgzJ4pCEqG18Lu,35yX27bmurdebhfAb8EPmjLETDiUaEUCn9zHaDPbakH2,2CxECn1ZJFoESyUnQysQU8rRgT3iJ5GRs2Mdd6gZjx5g,0.002634450000000288,0.00311778000000118,5.773630804971154,2191.588682636043,0.002309452321988462,1763.668430335097,0.95377318,21.86191698,40647.45131132259
SEQV6QiTpvTzrceiaYg9Avnwf7oc8ZALpnQMz6TyT4A,3dFMPj4r9mMmPHF32mz1gNDX7f8ftidWof7S8YiYTs1j,Fc1ED3YPeQfXQosHbd8DTaBd2AV5gHQtwiSAL5C5pUhi,635.9815613530002,636.7405492580001,633.49551400205,0.9960910071894831,0.25339820560082,0.9987196414196999,4264.753433551,1285.517214769,5531.953834813569
wrmcMSHFi3sWpAEy4rGDvQb3ezh3PhXoV2xNjgLBkKU,8p4mGnARWPBu6P2Gcw4adodLkNDorrXniZMhaY7eJXUn,AyY89zccbsgp9LKFgH4CFZMJmpSgqmPSdTfukhP227rc,0.011944000000001537,0.08653438000000553,4.4885381435556315,375.7985719654265,0.0017954152574222526,3770.028275212064,27.09140089,0.09492182,10538.767712339475
MATSnbbiTCv7Dc3trJrkrqjx7ckKdr6fwPoVwv9q3sD,631WX9JizSHJm4w6VanZeJAst9T8DeUUnPLesdGkCVtK,211maUSfpnXbPuW1iBu8b4dtJv5EbN1j7JJiEX5TZKEP,527.6524279999976,527.4054380000016,527.6434580612106,0.9999830002889951,0.21105738322448425,0.9949783442963364,20543.942266,25024.373843,45442.30307827926
KEVpg4SYCVrqFxKijQH6hm4QxsRdoE51ud64bEEFUC9,2bPenuBYfqzD8p5dFjCcggwkHDsc2RQDnx9AoyYGUBjA,AE6n6iLuX8oYu61vt5hoDYkjswpnxFxrhSehxrnQTnbx,619.0235221169999,620.7011769569999,617.4091275218561,0.9973920302905088,0.24696365100874249,1.0,5802.66642478,1726.193881615,7513.727128124892
RajgMbScQbqqrdJfR2rxfHJiTiY5b6bJ2tTXiF4aPxy,725ZA3fhyBAKb5iopNRrcbSuQa3LXA1656Q3mBvYPxeg,GLA6i1dSZpUfk2f9Nj8uiG7xyDdAR2reff8oEiZH3617,11623.62715415997,11584.19634612,11618.625800497888,0.9995697252160834,4.647450320199156,1.0,95860.64041547,88132.95887514,183952.35287426913
B2izdXFYb2sNwbWWHmh75T4aQFtfXsUxem9u2p61HGzf,4DYwgJtxwuJdAjkj5RJSNH4e7U329V5cNp7d3a1nLrZv,EXNW64GEf1ACC6xY9BtKRiunrs6GoJSXBdxWN2eTPmrF,3952.5239980000188,3888.407338999994,4013.7171293541523,1.0154820391691732,0.40137171293541524,1.0,8602.698449,31158.265403,39894.151166348005
4vezWG46exH6pf9nry3n1VJ7hZHvjBJNgNeF4qEFCML5,,,0.46350100000000083,0.4638039999999979,0.0,0.0,0.0,1.0,8602.698449,31158.265403,31158.265403
MARpDPs5A7XiyCWPNH8GsMWPLxmwNn9SBmKvPa9LzgA,6YjT74rmcfCpw8LSjPNx5JTmZoYLGrTKnf9arfSgZ4SR,F8GSmi3vA8M8TsybLya1LQ4n1aFHCRbZ6k437PeTdXtg,161158.98751499987,164537.55520099972,133182.5317194752,0.8264046192712599,53.27301268779008,1.0,293064.009906,19199.114689,261388.56621747665
Sid7E679i9ABqptiAVhkmQ27YHN8vaYT4fppPwmxFsJ,GP7KB8o1bv527HG8kTzzzf4wJ5aEGHvcMQvVhLziUfmT,9gYxhAZ1M9wu5pxr8SBoa5NDm21gi3s9vMHaYTME77sa,3866.477228999989,11091.269192000007,28.89213179187844,0.007472469144568321,0.011556852716751376,0.01955740497330727,135915.5566,8722.098212,1186.2064099093725
daob129AwBGn9Y5r91uLoWZeYiGzbPmksauMhFZKTze,6VW5GQNyj4LStgmxEHLr5zUfW92vQnmbw8jTnCH7a38F,4VPCCUifPeBA1c7HWK358CHn2nyjm8pdTRk6Ps3KmnMQ,39.24309694999991,34.98227810000001,7763.334502489434,197.82675440678878,3.105333800995774,176.76520384033012,47.805519923,224.751918325,49185.52950532002
BUSDTd9WiT6uBHJRgNvFXBsA7JrifsAtWzKfioN7ERcy,DyBxrn7gSc1EwnpWhDyhzvMHPtxpmBqRqotapLcKcfTM,Cds99GeBgoCpqBsoRWu1C6fF9LiUMd4pXQQD24s9LPff,345.95814206,347.31231681,347.17141589398136,1.0035069960393386,0.03471714158939814,0.9983586982999948,70.53697741,114.7759606,185.37192893115127
MATgk4zXLXtYkwBH678J1xZbRDZ45LicNzkRBHkxTuY,y8dALFo1bJrSzPYjMX14HJX448pXqYmrfXHD1K8MXih,GN7Yuet3UyiWS5YVkEHv6oQKi4HGBJc3XDPt9zQhAqZz,2873.1355970000004,2865.237163,2876.5327822157974,1.0011823964101605,1.150613112886319,1.0,3577.58211,4501.492486,8083.304716243918
7oAd7xG4m3oC2qeWB1szghTebAZyyGPAFDJ4wwwbRSNi,D9yh4KAysxt9GLacVe4Wwh2XqghhcjTCSTV9HuM7TBJd,HDYfJLpZKaMFb84jM4mRytn7XLR8UFZUnQpSfhJJaNEy,43.76990669302177,1.0006506990000616,43.76990669302177,1.0,0.017507962677208708,0.022902804823539038,958.468592498,299958.837362764,7828.367299713073
GokA1R67GqSavkd15zR62QD68Tuc5AEfvjssntVDEbM8,3YB7hfpBdbQEuZqLGWVDpRPmeZWCUsrrWyqGXegnQ6Cg,4DPCj6Z1DsG6HUtwSogBGqXEUxdEV5a8YVrrFtcnz7UW,9659.075795,9654.946434000001,9658.312788289726,0.9999210062405071,0.9658312788289726,1.0,15898.907449,16539.296497,32436.948031528773
YakoMPuYrybnr9R7VC7hVGxMz94fJvPFCdZ4gmW61Ed,,,0.015805999999999987,0.01579699999999984,0.0,0.0,0.0,1.0,15898.907449,16539.296497,16539.296497
WiiQFxXqp8P9Fs1rt9SVcDyA3KUdJmUsog6wnVQAwba,3S2jpqSYxho6wiz3cafhjXruVY8cg4HYa2v3BqBHYFSj,Dfe67M6TfrG74gKRtdqys4e6E9QirPD53BkF4FujFjuv,20061.893249545996,20070.52132094399,20010.65189320047,0.9974458364568017,2.0010651893200473,1.0,21230.608650369,5604.492821589,26780.875025343317
Cob4usZcpHEY7Qt4ZCwj6WVg9S44zvzYV2v9qYF65dTf,NhFM9UXE48PyNAyeyPYA3iXztqKVJwA4bTdLj4ysM8w,6TuFuynuBoeskxyR2cz4wxyidk8dpDK7kAWw3UkjQGx,30.703112000000004,4193.290173000045,0.2291451062603845,0.007463253440250111,9.16580425041538e-05,1.0,73617.379345,166.346866,715.7720256587686
ALBpShJ9NLpE739pcHDF2LNVk5J4VYPvvKuV6jMPitZi,D6d156U1bPiJpDYRLextvDRccgFk7QzkQbJg42ceKEu5,GNcM8U5g8RwTZffwwm3kSQqUNPSwv5d2fbN9sLxPJqt2,2591.087520000001,2593.7183039999945,2587.7286482146183,0.9987036826199592,1.0350914592858473,0.9940525833935563,52867.97442,47457.156336,99974.34960222448
CZgvH45CRmoaNJ7395Ao5CQZXkGznvqU7cErD6n7FaRg,4ZjU6MKvtqVQKCiowhvZ5yUsPxXX5SCzd5eFsPeXyey5,BsyWeshjDbCvjDojry3vKDCesmFRM37WtwcR4Kfgzqr,84.95988079999981,82.30054984000003,87.84515945454223,1.0339604837880425,0.03513806378181689,1.0,204.60413167,600.98517833,812.5377652965456
C98Sspw7XqnMsgxea3SLQVdbMDL8pKUc3RE82UvX9eq2,CSqgQJurPCzGxb4Cgwx5R61hWQUiaoUHcShNc8r1cKEL,6S2CR5EnukPhC914XkAns8m5GixjMAoUuZMsS5ubHuWc,46.700488000000064,46.67656199999965,0.0,0.0,0.0,1.0,854.873943,909.128679,909.128679
HEDSDjj84KS7LKhZY7ejkCACTdPen62rKhCby1wXtgxc,EnnjMSFttpCTywBrYNt1J5QQeoSVkvzPipJDa8Y7kJow,6bjVT6JN2rSvpyn9PdfLYC8wJn4LWh49jpY47fnLDXZk,3.529861394999898,3.6453790939995088,3.3388483168153167,0.9458865216478034,0.0013355393267261266,1.0,38782.613792512,9104.054510578,45788.0061711873
DA1mL7dfBow33EH5yjUuZE6SH2KeUK5zEXzsyhE5r5j5,B4UtLRZND3D83CitRCBUyeiNr7H8m7YFRqBmiPmXjhW4,AAmpYbuixWiSqDaJBCqYEs1pb5SrbdPr9mgXrB58Q2e,366.6338695569999,366.78031208899995,366.0648886774255,0.9984480951520874,0.14642595547097018,1.0,1780.208203345,1227.52421952,3004.969709123935
YAkoNb6HKmSxQN9L8hiBE5tPJRsniSSMzND1boHmZxe,CfWX7o2TswwbxusJ4hCaPobu2jLCb1hfXuXJQjVq3jQF,EnTrdMMpdhugeH6Ban6gYZWXughWxKtVGfCwFn78ZmY3,5944663.494911002,5944363.62688599,5944663.494911002,1.0,594.4663494911002,0.9963801509117377,378318.125786,1117199.340333,1491473.3731054883
BSC8REUo9LpiiWUuqMuLXs2D2yJsJfGd4HdiF3wCLxk5,AZjEH1zWVx1UJ6udMyRijGTzPteuLnaY18yNNmprJEsh,Caf8ypkSVR8xYnXNhjvfvdGCC7mrM3C11rz8Xi6NA6aK,2471.9463206160003,2477.755715700001,2469.957678650273,0.9991955157160405,0.9879830714601093,0.9998288333030539,3388.783405672,2830.912949881,6216.485574542421
BSCNHw8CmxbZ8hCWWzMf5FaG2ajPT6JxfznKUNuRVrn4,7n9kgNL633yGzCYksgnzHyjG73ZLBAwvEae5sbAekbzW,SscdxE99omdG9AiMVwmaEMQySQnCgeAh1sPj2Leutm2,627.6331497079982,626.8594862989994,629.0963504402711,1.0023312993154578,0.2516385401761084,0.9997798034971788,4943.647544837,6763.046995755,11716.730463432265
ercAoEmXjQzEvAFbdjAo81KtMxRGn9AW1ju882upmPH,CMRhskR2Eg6V42RTSdRTXGdozyPbWB8U9dVpijPWb9T4,7TKLLgrWswt6ZJ1pXhVR3FyufHGjJFqiEXxvWJfDcgRm,6.832468379999966,6.005712609999996,1204.2887472113455,176.2596883340939,0.48171549888453824,156.47953591925153,37.632344445,310.652583411,55243.83738742683
parEAJhzYzHW87y9VoZAQ22dzQ2MD2ekEtTReaxbMcz,3oyc6hpjYSJEquK6dSvG72NXyz3pqLZz5D8AC71pwgQb,Di2vordgFJVZ1aj1aBpvzXtLfZgJsuLLXawGtVFwX6Rz,2.0341342830000144,2.4084839140002714,325.79723888250504,160.16505970392848,0.13031889555300202,184.35976554599898,1104.272150706,139.128081055,202515.43535137654
SAMyS8Jr2HJrkFwYVKbpUwsNStnQmvz3f8Tup8bWUWF,6jPzm5TFfquvgm25sTyN3MMGBfufRaFHMxobDWv6hMFW,Cj9ECoDmxsHTDzCY5ZA6RWrPbg9uFzEC1Qc2kso2vJG6,572.9941987000188,73.37439686999926,567.3843729493254,0.9902096290618287,0.22695374917973019,0.02279226019516602,501.01804948,108046.57467815,2958.7385401897027
JSoLLrxK5bYdHwTEWYaGgmeycBCNXKDiBCTw5hXGBg7,xG4wXczA7Dk4hccJ61CHKpDHW4NrNfQwgmWgkb9BuF2,BVR6WgfhsRr9Lob4QDnkEAiNGgAbv7ZieKcY9kSg3QYR,2.2465534309999953,1.9117804669999998,442.0715001422693,196.7776479482585,0.17682860005690773,176.1576596961668,16.990432778,164.782488453,32371.034924468946
BSCuChvaSj9b5HUSqgDVRzcnr2sSn7cXaamt1jbKH6hn,GnKpRj5kBVPMJfiwZtEuD9GYApLzPdW5JFuZTcyX4BTc,3dmwD9okkomV9nDwyuh4UMhKdUR13QpuKxRo89ycZB5t,791.536398665,792.9470962880002,789.5664540491409,0.9975112393830763,0.3158265816196564,0.9988603003972467,1678.428943226,1326.215695554,2998.955943426406
Lid8SLUxQ9RmF7XMqUA8c24RitTwzja8VSKngJxRcUa,4PgzyzLtds9bKZ2to9PMnKqJzKEUpjvNUaeN23phegax,AtymwxoVN9peZo7EXTcDz9jKVc4vRmisJKKrNfe3ewBa,25.725251970999125,21.70854181600032,5379.045320495776,209.09592359133123,0.5379045320495777,176.43579924711315,960.035624774,7659.655466803,1552176.9698856073
TETFuZgEmET6d9vYmz9iMFCxK1jKdKYxf3oPz8hSzJK,Eu1Ze6Z84LWNkq7SNoAHBJbXx5t1P95EwyqYohrfCRFV,ASMbv7WNu3qe4pkhREmvyEdwFNDZQ6B6iSrjkj4u8bdC,35.24918380899999,35.19051904,35.12153578133494,0.9963786955080516,0.014048614312533975,0.9982102090950926,196.663836999,54.971705673,250.82497517683095
DFWzVTzNBrQZLjoQ4yQwkj9HuoXmfkuZP9V5vbymZe23,DhgiEgiNdqZdRdo195UUHnoEJUtefK8buko8nU97XJUZ,2K2kkXsouBHtWVjtcgkyiXd8eP3oVBvq1bTJzcVdLLr2,8011.806765041005,8062.462751946005,7979.541536714548,0.9959727899994738,3.1918166146858193,1.0,37727.536570436,30221.356637247,67796.95649511133
KZMu9QBEdL97EFgamLbN5DE1AoKBG4HdrKKJo4Vuon3,DD4ACBWyVqdaKWh7v5btsgqQCCMwbKnuL2xd9pv7Gyuw,GcYqiJ1MAuYbNTNYXm1F1gQYTfTgkErACAhNU5dpVj9T,13.893059549999862,13.83220123999945,13.75704134353926,0.9902096290618287,0.005502816537415705,1.0,1410.10323308,1678.20486543,3074.5026647970326
SUiuyGR7SFq3xeRVJonq84fjjeFwRSsFekcevJ53tzy,49GjCCPsv7fBqo6t3iKDrP1xxGDS8uWZbVCdfnp2gjMf,CEwj5xEbbJEjYqM8D6Ai8ByGz1mrh8mkAVsE5fzDSSSx,9.70280700000006,16.38620399999992,0.07239734986852199,0.007461485101014741,2.8958939947408796e-05,0.9613868582262027,658.749911,1.554752,6.409970786822192
