0,1,2,3,4,5,6,7,8,9,10,11
MiMuMS9C4vBqcrYeeQPph1E7oAW9aNKvW9k6Zw9XffM,Afy2q2hh6Y474pshJa5fnQ6PfEchGyTbKrQpCZw2hr3m,5pXz9ksgjeL8Wgb37bksUaBFMLdFfsNNY3FQnikkCPtS,0.566657459000453,0.008596070999999483,0.0,0.0,0.0,0.022907196259053266,26.015147365,7673.147210143,175.77028906735273
SAMGk1Nd4haC8zQA63DG37pzuEZy8j4q13tSFtCbcRE,9U9TnkHD3jXMAVZtynCVLgDruuqN4pTvLJTmVHCLWS8g,C6zoEbvqSknmi96QWq96UBiPCyNW3YSTvKhavR2BfifE,0.005792830000000082,0.011044999999995753,0.00961283674126403,1.6594370525742848,3.845134696505612e-06,0.0,53.65932556,1.1292433,89.04427305041038
KwnjUuZhTMTSGAaavkLEmSyfobY16JNH4poL9oeeEvE,J63v6qEZmQpDqCD8bd4PXu2Pq5ZbyXrFcSa3Xt1HdAPQ,BnKQtTdLw9qPCDgZkWX3sURkBAoKCUYL1yahh6Mw7mRK,1907.6197120000027,82051.85340399988,42.87716352287962,0.022476787827866374,0.004287716352287962,1.0,276107.078971,606.690192,6812.690423803112
MARpDPs5A7XiyCWPNH8GsMWPLxmwNn9SBmKvPa9LzgA,6YjT74rmcfCpw8LSjPNx5JTmZoYLGrTKnf9arfSgZ4SR,F8GSmi3vA8M8TsybLya1LQ4n1aFHCRbZ6k437PeTdXtg,237717.141172,241331.05538399966,229029.8113959406,0.963455181510139,91.61192455837624,1.0,292696.606509,19558.418679,301558.48083053034
SAMyS8Jr2HJrkFwYVKbpUwsNStnQmvz3f8Tup8bWUWF,6jPzm5TFfquvgm25sTyN3MMGBfufRaFHMxobDWv6hMFW,Cj9ECoDmxsHTDzCY5ZA6RWrPbg9uFzEC1Qc2kso2vJG6,4250.535366600016,98.7976694899998,4259.738873214706,1.0021652582135911,1.7038955492858825,0.02269617311552344,492.93024761,108400.90351379,2954.2832409054963
SEQV6QiTpvTzrceiaYg9Avnwf7oc8ZALpnQMz6TyT4A,3dFMPj4r9mMmPHF32mz1gNDX7f8ftidWof7S8YiYTs1j,Fc1ED3YPeQfXQosHbd8DTaBd2AV5gHQtwiSAL5C5pUhi,2492.5789656589996,2500.425243845002,2479.990985256189,0.9949498168057106,0.9919963941024758,0.998505237659224,4264.753433551,1285.517214769,5526.811319481037
RajgMbScQbqqrdJfR2rxfHJiTiY5b6bJ2tTXiF4aPxy,725ZA3fhyBAKb5iopNRrcbSuQa3LXA1656Q3mBvYPxeg,GLA6i1dSZpUfk2f9Nj8uiG7xyDdAR2reff8oEiZH3617,11150.218045119997,11154.314981429998,11146.175327328776,0.9996374315035937,4.45847013093151,1.0,96450.81077182,87543.09589747,183958.9366438513
WiiQFxXqp8P9Fs1rt9SVcDyA3KUdJmUsog6wnVQAwba,3S2jpqSYxho6wiz3cafhjXruVY8cg4HYa2v3BqBHYFSj,Dfe67M6TfrG74gKRtdqys4e6E9QirPD53BkF4FujFjuv,6484.974452193,6493.020380192998,6465.567566225406,0.9970074074908605,0.6465567566225405,0.9998500894765344,21491.608650369,5344.248430552,26770.74029478479
daob129AwBGn9Y5r91uLoWZeYiGzbPmksauMhFZKTze,6VW5GQNyj4LStgmxEHLr5zUfW92vQnmbw8jTnCH7a38F,4VPCCUifPeBA1c7HWK358CHn2nyjm8pdTRk6Ps3KmnMQ,79.02963458899994,70.62429413099993,15407.257955303332,194.95544975539914,6.162903182121334,175.64339052165033,46.899062923,225.771682749,48798.531747072986
KEN5P7p3asnb23Sw6yAmJRGvijfAzso3RqfyLAQhznt,9zj4aX38Uxf3h6AUjS4EipWS8mwbEofasHAf3a1uKGds,CwQDG1MWunn9cLNwcZLd8YBacweSR7ARo32w4mLua1Yr,108001.17297199974,108015.52887500008,107905.99988010549,0.9991187772384756,10.79059998801055,1.0,1148262.872487,1078507.813974,2225758.811081551
FrnkTEL6yZ5Aycq2TrEgu29dCrwKG4LPUZydfiwqspkc,DjvZuMZ46fxKBoBpGMPcRcos4xdTtHFxwMh69DpA2ZFY,9rvDPJLAng4uVVqnnSoEXgNDFhBZQTny9AoQioYDZbQX,31.461954785000216,26.17079242200012,6706.112496467087,213.14989937193252,2.682444998586835,176.78864140050547,171.141835967,1441.105416552,291249.9338218314
BSC8REUo9LpiiWUuqMuLXs2D2yJsJfGd4HdiF3wCLxk5,AZjEH1zWVx1UJ6udMyRijGTzPteuLnaY18yNNmprJEsh,Caf8ypkSVR8xYnXNhjvfvdGCC7mrM3C11rz8Xi6NA6aK,4538.779291298,4553.564290925999,4532.670393840043,0.9986540659798838,1.8130681575360177,0.9998500774801322,3363.392603521,2856.284702881,6214.722180473798
C2ypsDADXcCRz8HbV2zX1AXPSja7a1P3xZtRC91xGhJh,J9bYNuDpY1d1T86gLaw7DGk5D3CsUAf2tzUwxMvb6FTv,A2NGvvPrMGzsJ4jb52KEnSBVmsA7C34dV1GC7PerdgvG,323.8177186759999,326.4870075519998,57044.006510200576,176.16085600083147,22.817602604080232,165.80140440421587,3847.773306676,1866.295682207,987261.4845446388
BSCrK1Nx9PXU9mF7STWWBqeHLxmtJDr9h7jheEy4tAWX,FfSySSbVJPvEo5a5AvrP3nySoXpRE2QPn1uUMpJJ1x7v,HL7Vcj6838ZmvBHDbQxXfjBNckNi83WvPiZQoMQLFeRM,0.00300083200000012,0.0029979410000000595,11.519154882000244,3838.6537073717504,0.004607661952800098,3818.8344917131294,0.838132202,0.966383468,6907.757804294701
SoNcU2iwHMw6dGzsYNQkYFkUjwN1UdAjrWVRnStrZu2,8ivTTid27jZnYNc4w3CTA1Z6QS2twsFb8WMwUabeDJgc,CyXm53PMvHCbeXJBykU46Rcbo28xk5srhMZFg7gv6EYB,14.319027332000005,14.171712882000005,3008.9405082386907,210.13581708265502,1.2035762032954764,207.51628120863293,14.132985755,16.249962696,6341.978337897381
KysFMBBoavfov2tLpvefWW6tPFt6rAeZWDJVy1mMQae,B8ka2V21TH3x64dFV8ETcjuQcwmrciJ2qzy1mJUttRew,7fSf7EYxBANyxzk2s5pymFgshA91tFYQNKKs5UnLWcYS,21.10410600000023,26.951521999988472,0.0,0.0,0.0,0.022764591135422684,134166.595275,2869.402036,65.3207641526894
BSCNHw8CmxbZ8hCWWzMf5FaG2ajPT6JxfznKUNuRVrn4,7n9kgNL633yGzCYksgnzHyjG73ZLBAwvEae5sbAekbzW,SscdxE99omdG9AiMVwmaEMQySQnCgeAh1sPj2Leutm2,1726.0578899500024,1722.9181446389994,1729.56559772483,1.0020322074915629,0.691826239089932,0.9998500854777337,4943.647544837,6763.046995755,11715.727179208832
parEAJhzYzHW87y9VoZAQ22dzQ2MD2ekEtTReaxbMcz,3oyc6hpjYSJEquK6dSvG72NXyz3pqLZz5D8AC71pwgQb,Di2vordgFJVZ1aj1aBpvzXtLfZgJsuLLXawGtVFwX6Rz,3.261138821000003,3.8574139200002264,558.0487743984081,171.12082773197824,0.22321950975936325,200.75894913129596,1104.510984574,138.926363246,216895.54461126478
Dg3mAgpwDfVNnbGWcsxL8sUcSkEbjSJQhKAWNigG44Ju,EATxwd8YA2wV93VJcKMmH2Kn2Y9XfJVUB9hHVu3udwEy,GiGvrRi7NMHfHKanG2B8xyCEqe8jaafWins8bhrLVEaa,0.00792560100000006,0.007823842000000025,1.6793082325630697,211.88402400815497,0.0006717232930252278,210.03942229917135,0.190825342,0.268885037,96.90929918206369
DA1mL7dfBow33EH5yjUuZE6SH2KeUK5zEXzsyhE5r5j5,B4UtLRZND3D83CitRCBUyeiNr7H8m7YFRqBmiPmXjhW4,AAmpYbuixWiSqDaJBCqYEs1pb5SrbdPr9mgXrB58Q2e,239.71470675900014,239.07597500000008,239.30681356003697,0.998298422301752,0.09572272542401479,0.9998500984738364,1780.208203345,1227.52421952,3004.5192525340412
TETFuZgEmET6d9vYmz9iMFCxK1jKdKYxf3oPz8hSzJK,Eu1Ze6Z84LWNkq7SNoAHBJbXx5t1P95EwyqYohrfCRFV,ASMbv7WNu3qe4pkhREmvyEdwFNDZQ6B6iSrjkj4u8bdC,117.651340438,117.73652938100001,117.1290170562745,0.995560412828439,0.04685160682250981,0.9988164025629629,196.663836999,54.971705673,250.69737205420518
C98Sspw7XqnMsgxea3SLQVdbMDL8pKUc3RE82UvX9eq2,CSqgQJurPCzGxb4Cgwx5R61hWQUiaoUHcShNc8r1cKEL,6S2CR5EnukPhC914XkAns8m5GixjMAoUuZMsS5ubHuWc,18.228786000000127,18.217192000000068,0.0,0.0,0.0,1.0,854.873943,909.128679,909.128679
ALLwa5WNZbvQsRKAqe1jdRGemdYQnW8E5k4msbRFcYtu,CGoM82Hbz7QVqTgvQatYtjvDWBvoUJp5qm21P8iMs9yb,3dxNNww8TivyN5FMy5dCNdi3Zcxv6e4kUfSPxfFwpdNq,12.520924682000004,12.501844026000008,48151.84664077223,3845.71011037188,19.260738656308895,3845.9911311444516,2.970637604,5.735796026,33484.031714003286
SUiuyGR7SFq3xeRVJonq84fjjeFwRSsFekcevJ53tzy,49GjCCPsv7fBqo6t3iKDrP1xxGDS8uWZbVCdfnp2gjMf,CEwj5xEbbJEjYqM8D6Ai8ByGz1mrh8mkAVsE5fzDSSSx,0.14069600000000015,17.997217999999975,0.001049091472513176,0.0074564413523708906,4.1963658900527043e-07,0.966949660600669,658.749911,1.554752,6.415296995969255
NorjjEePhxfwLF4vZjUHCrVVKLzQjEEGQFd3wgjEJmh,34M8pFVqgbV7aqHxvRT5tCv3vu2P1JJYT8J3VaxBK2oG,3AZWBSze3ucsY3xSeuLne3b2pauVqiaJ1SZSV5T9WGWw,16.207027999999355,28.5619370000054,9.177855397069884,0.5662886123890357,0.0036711421588279535,1.0,38237.245723,2130.660317,23783.97713905626
AUSejoEUCh2DBs9mof6BNC8Pubs22w4cJa1ccV9h44R,4xkyD7AfGQDwsQMy9MosRRNGoVJ1zosNinesxg1TzHG7,Cbm5gsQe3nSiCsFrvepVzMCD9xLK3ri9g3ypS2hdmVJ7,579.1480410000022,580.0008799999996,578.4573629086892,0.9988074239358207,0.05784573629086893,1.0,14831.489952,14047.423057,28861.22532908713
KEnkcdADoLR5jS2CLLLesy8TtFsyWL37BhXNfDMzWzP,3qsjFRuw1qeLMPo4DLwaQevenGAGBj9dA3Q6rb8ax2YR,77iEv8zPQAEyCcEbvBRSB6AFcUdfkhiqnAKtPxk76rNN,2.4505280000000056,0.018571000000000004,0.018272218314342774,0.0074564413523708906,7.308887325737111e-06,0.9961260657303745,120.396743,0.288447,1.1850608284777
SRMuKizofcAMicegrfSv7xs9q76tH1w8aAF7oX9FEWu,72Hj2KWntXPfbie4UgKeTPnm1XVkomDfCnRPKbvfTtPi,6aqJQ5wedqpUt4fFEDUqUmXhrdxCu4bEJsQdVPCADLko,800.0854449999988,803.1181749999996,35.40709003477396,0.044254135925162356,0.014162836013909585,0.04377032310814815,16769.751918,5121.280012,966.290961662965
BSCuChvaSj9b5HUSqgDVRzcnr2sSn7cXaamt1jbKH6hn,GnKpRj5kBVPMJfiwZtEuD9GYApLzPdW5JFuZTcyX4BTc,3dmwD9okkomV9nDwyuh4UMhKdUR13QpuKxRo89ycZB5t,2148.5436994070005,2153.3586822690004,2142.9325377036507,0.997388388374461,0.8571730150814603,0.9982709946372882,1683.726765743,1320.928569616,2997.9742023827293
BUSD5rCfUDpCxKGMvYU2yThChxgHoioK74PTPociGnv2,CcFHbafgYDZ8yA8Me1PdtDiVb2eeaS61LbqyKKK5CsNZ,26R9s4nmF3CFDTkiePDwRmtscn8i7r2eygbSijditJ58,94.46835907,94.05554939,94.23233157979882,0.9975015180476853,0.009423233157979884,1.0,80.65676158,67.37810656,147.83334867686023
Sid7E679i9ABqptiAVhkmQ27YHN8vaYT4fppPwmxFsJ,GP7KB8o1bv527HG8kTzzzf4wJ5aEGHvcMQvVhLziUfmT,9gYxhAZ1M9wu5pxr8SBoa5NDm21gi3s9vMHaYTME77sa,1393.252274999997,4321.313152999992,10.388703877594798,0.0074564413523708906,0.004155481551037919,0.02281720310329478,135880.231666,8733.72377,1212.4621274722624
HEDSDjj84KS7LKhZY7ejkCACTdPen62rKhCby1wXtgxc,EnnjMSFttpCTywBrYNt1J5QQeoSVkvzPipJDa8Y7kJow,6bjVT6JN2rSvpyn9PdfLYC8wJn4LWh49jpY47fnLDXZk,75.66225516100167,78.09649143099523,73.25331009604312,0.9681618653867433,0.02930132403841725,0.9998495616351067,38817.341787054,9070.422915076,46650.52840939275
ercAoEmXjQzEvAFbdjAo81KtMxRGn9AW1ju882upmPH,CMRhskR2Eg6V42RTSdRTXGdozyPbWB8U9dVpijPWb9T4,7TKLLgrWswt6ZJ1pXhVR3FyufHGjJFqiEXxvWJfDcgRm,0.0,0.000209140000009711,0.0,176.3480574556079,0.0,156.95911183744812,37.632439042,310.652583411,55396.16110457261
moFiBS1R4Lf3E3zzmBPnw3NF4RhWPkhREFviuzUaCAU,44ALBrpqi9PfZkBRTvbtRNtFJGsatfY4QydjtMbFWq8S,2ho8qEEie1UjVwWNBo9y4oAJZMyMLx8zPj9bxyUz6uWs,3112.022179544998,3116.2031080359957,3106.5036497753763,0.9982267061572072,1.2426014599101505,0.9998511271664207,36755.056601968,27671.048123887,64356.80774294891
CZgvH45CRmoaNJ7395Ao5CQZXkGznvqU7cErD6n7FaRg,4ZjU6MKvtqVQKCiowhvZ5yUsPxXX5SCzd5eFsPeXyey5,BsyWeshjDbCvjDojry3vKDCesmFRM37WtwcR4Kfgzqr,40.021050419999824,38.57814327999995,41.38018465396866,1.0339604837880425,0.01655207386158746,1.0,204.60413167,600.98517833,812.5377652965456
Lee1XZJfJ9Hm2K1qTyeCz1LXNc1YBZaKZszvNY4KCDw,9DgFSWkPDGijNKcLGbr3p5xoJbHsPgXUTr6QvGBJ5vGN,2hNHZg7XBhuhHVZ3JDEi4buq2fPQwuWBdQ9xkH7t1GQX,1507.5141800639467,1268.4400603980012,316997.3494568928,210.27818752819041,31.699734945689283,176.41441580983656,6670.070112726,53916.911612902,10914290.718450675
GokA1R67GqSavkd15zR62QD68Tuc5AEfvjssntVDEbM8,3YB7hfpBdbQEuZqLGWVDpRPmeZWCUsrrWyqGXegnQ6Cg,4DPCj6Z1DsG6HUtwSogBGqXEUxdEV5a8YVrrFtcnz7UW,10613.091209,10612.396401000005,10611.955729736917,0.999893011447775,1.0611955729736917,1.0,17208.26662,15230.38717,32436.81270246802
B2izdXFYb2sNwbWWHmh75T4aQFtfXsUxem9u2p61HGzf,4DYwgJtxwuJdAjkj5RJSNH4e7U329V5cNp7d3a1nLrZv,EXNW64GEf1ACC6xY9BtKRiunrs6GoJSXBdxWN2eTPmrF,4119.616270000013,4052.4539600000007,4184.224886472029,1.0156831637311732,0.41842248864720283,1.0,8631.151787,31129.386476,39895.90202966413
ALBpShJ9NLpE739pcHDF2LNVk5J4VYPvvKuV6jMPitZi,D6d156U1bPiJpDYRLextvDRccgFk7QzkQbJg42ceKEu5,GNcM8U5g8RwTZffwwm3kSQqUNPSwv5d2fbN9sLxPJqt2,17166.545204999988,17190.234491999974,17121.976699650797,0.9974037580178795,6.848790679860319,0.9984563864265844,52867.97442,47457.156336,100114.61719062517
BUSDgu5JdqP1rndBvXvanbEufS94FNh1w5FJcAj6vawb,Bgzr8cWubt89JQFXndVjtdKmDbGzuPxNhvjH1EhWCwbo,Dxaf8xPBBQsasRKW5Aa4Sw2YrbfGofY9xZueyyF23FBW,4886.053259609997,4882.781173530003,4888.7578671248275,1.0005535362328501,1.9555031468499309,1.0,7026.84898989,8104.50666317,15135.24526857867
MiMUFdSLMyCLpqpH6zkqdDrGYs7XBomwENbivdYjv9V,,,0.008596070999999997,0.012289999999999912,0.0,0.0,0.0,1.0,7026.84898989,8104.50666317,8104.50666317
KZMu9QBEdL97EFgamLbN5DE1AoKBG4HdrKKJo4Vuon3,DD4ACBWyVqdaKWh7v5btsgqQCCMwbKnuL2xd9pv7Gyuw,GcYqiJ1MAuYbNTNYXm1F1gQYTfTgkErACAhNU5dpVj9T,149.54776601999902,148.95980272000043,150.09515856041412,1.003660319073853,0.06003806342416565,1.0,1418.19103495,1670.10627252,3093.4883391655944
KEVpg4SYCVrqFxKijQH6hm4QxsRdoE51ud64bEEFUC9,2bPenuBYfqzD8p5dFjCcggwkHDsc2RQDnx9AoyYGUBjA,AE6n6iLuX8oYu61vt5hoDYkjswpnxFxrhSehxrnQTnbx,89.4602073850001,89.70158534199982,89.2101583587231,0.9972049134069085,0.03568406334348924,0.9998511471604664,5892.368010122,1636.73367423,7512.388373070377
JSoLLrxK5bYdHwTEWYaGgmeycBCNXKDiBCTw5hXGBg7,xG4wXczA7Dk4hccJ61CHKpDHW4NrNfQwgmWgkb9BuF2,BVR6WgfhsRr9Lob4QDnkEAiNGgAbv7ZieKcY9kSg3QYR,40.245861067999726,34.21809011499999,8414.226809417236,209.07061213575457,3.3656907237668943,175.89066636178953,16.802659474,165.005330188,32535.839781752242
vEnkoSUkpnbRrPgBz9DfcVxNz67zjwMYBZraAvDDNSf,DtfyjjsZ5yCjWKLKHvwsfXs5QVsmm1QkK6Sh9JZHoq1g,e5wrKCRv4GhHvEf1VD5Pq2KGaZDXP77nTL612Jyrxwy,4974.8106259999995,4973.949512999999,4969.235144168242,0.9988792574731151,0.49692351441682425,0.9817810883436078,927.152012,1023.86581,1931.3250025708744
wrmcMSHFi3sWpAEy4rGDvQb3ezh3PhXoV2xNjgLBkKU,8p4mGnARWPBu6P2Gcw4adodLkNDorrXniZMhaY7eJXUn,AyY89zccbsgp9LKFgH4CFZMJmpSgqmPSdTfukhP227rc,0.010660420000000587,0.07531529000000152,4.000157598499282,375.234521575985,0.0016000630393997132,3796.795504594122,27.09868559,0.09419931,10526.017839445556
MATgk4zXLXtYkwBH678J1xZbRDZ45LicNzkRBHkxTuY,y8dALFo1bJrSzPYjMX14HJX448pXqYmrfXHD1K8MXih,GN7Yuet3UyiWS5YVkEHv6oQKi4HGBJc3XDPt9zQhAqZz,1811.7613659999997,1807.894808000001,1815.1866231578983,1.001890567500874,0.7260746492631595,1.0,3209.874608,4869.76981,8085.712902615765
DFWzVTzNBrQZLjoQ4yQwkj9HuoXmfkuZP9V5vbymZe23,DhgiEgiNdqZdRdo195UUHnoEJUtefK8buko8nU97XJUZ,2K2kkXsouBHtWVjtcgkyiXd8eP3oVBvq1bTJzcVdLLr2,221.26156542099852,222.30377166800463,220.33771911036087,0.9958246417136214,0.08813508764414434,0.9998501604552539,37727.536570436,30221.356637247,67786.83887091884
MATSnbbiTCv7Dc3trJrkrqjx7ckKdr6fwPoVwv9q3sD,631WX9JizSHJm4w6VanZeJAst9T8DeUUnPLesdGkCVtK,211maUSfpnXbPuW1iBu8b4dtJv5EbN1j7JJiEX5TZKEP,1288.3476680000022,1287.3156669999953,1288.7987475616485,1.00035012254289,0.5155194990246594,0.998242095669526,20015.477488,25553.449165,45531.01400392956
BkwbeSfcX1h4thMDd7obGkHrPevf3QwgzJ4pCEqG18Lu,35yX27bmurdebhfAb8EPmjLETDiUaEUCn9zHaDPbakH2,2CxECn1ZJFoESyUnQysQU8rRgT3iJ5GRs2Mdd6gZjx5g,0.15879002000000852,0.10861838000000013,410.4586155198483,2584.914439332058,0.16418344620793934,1754.3859649122808,0.92610553,21.9022468,40818.89794280718
Cob4usZcpHEY7Qt4ZCwj6WVg9S44zvzYV2v9qYF65dTf,NhFM9UXE48PyNAyeyPYA3iXztqKVJwA4bTdLj4ysM8w,6TuFuynuBoeskxyR2cz4wxyidk8dpDK7kAWw3UkjQGx,29.013238999999885,3824.7789569999877,0.216335515045819,0.0074564413523708906,8.653420601832761e-05,1.0,73652.704279,166.085649,715.27271889988
BUSDTd9WiT6uBHJRgNvFXBsA7JrifsAtWzKfioN7ERcy,DyBxrn7gSc1EwnpWhDyhzvMHPtxpmBqRqotapLcKcfTM,Cds99GeBgoCpqBsoRWu1C6fF9LiUMd4pXQQD24s9LPff,226.79393281999992,226.27571494000006,226.15530190915078,0.9971840917307254,0.022615530190915077,0.996244943596148,84.93705446,100.34565822,184.6667341194805
YAkoNb6HKmSxQN9L8hiBE5tPJRsniSSMzND1boHmZxe,CfWX7o2TswwbxusJ4hCaPobu2jLCb1hfXuXJQjVq3jQF,EnTrdMMpdhugeH6Ban6gYZWXughWxKtVGfCwFn78ZmY3,4975746.391153989,4974751.029453005,4975746.391153989,1.0,497.57463911539895,0.9980458262721592,322516.91816,1173102.888733,1493327.3600477837
STK75uPSyBnEhGTTzb1nwmP3n427XoXmfRhXxxhyady,6TYyD5fUmDe6N65avW1Ny2RxzRNobw2RRgKwH9CTzSAU,54zDfk4cx2vGrEajPtodWpArNe5eUurytyxd4X3aZAxK,857.7775678159991,969.0767795720017,151547.11206970553,176.6741376270331,15.154711206970553,200.13060523297503,1595.041992181,276.49469271,337137.7186432408
AURHmCnNwiW4uA2Qj1XvEh4iKgRUZYXtiY7FKAapUV5Y,BKWm4TRnTeKwfWXRyuzjRHU7iZDkPuXBX5b5V5jSVfGJ,A5Ww74HVrkj9nPeC7pHKLfgeDMEhBCpW1efQdz3TGLEg,0.5120756839999103,0.4574079839998717,100.40809938303445,196.08058441426022,0.040163239753213786,176.80014370315678,290.091044092,1795.106081878,374256.2346973434
SoN9GaFpSXfpyR5dth3x7PHPVhvJMpQqqDJfCSmPv1t,9kZ9iS68ViMPtoeqtnhAKuF2iqVyfHPdZHoUNdwCELr,BBhm5fJLjw3HRzjtKB8uMEYjGhY6EDm9co3cqpjrSzB9,2.531197992999998,2.4766557009999985,539.2709126898988,213.04967615383975,0.2157083650759595,206.86515102086918,2.046255395,3.144426385,1086.4262882398282
RoBgmK8CvjdHvPrqdDyVw54VwjZv2TqJ493xnqJAQHx,ExiHJxM7qPAcy27NDHAF6G7vnW7muNHi2sVJpnaNynGQ,6rkPHSqZb7StM4HwS9EuVrmfkV7tRdc7dnsFhyB6cefE,26.951522000000296,0.49611300000000114,0.0,0.0,0.0,0.9620898130082239,6209.239978,19.972186,19.215036694105468
heyk4SZTeCUV6a65WiVA5bzic3KcxgVf1qxobfeV4tQ,9ZDpBKPqMABtGfq66FbVribaArMvtk63xxy91onZAtDt,DaTP4s6N7xxSPinbNZ3FB52EpRDRt87QShTuN3VPCW52,49.71489881400066,42.94056740200028,10166.689634863598,204.49985572535178,4.06667585394544,176.2757827570202,613.464451056,4488.260420233,916625.0105275087
4vezWG46exH6pf9nry3n1VJ7hZHvjBJNgNeF4qEFCML5,,,0.35122499999999945,0.34994499999999995,0.0,0.0,0.0,176.2757827570202,613.464451056,4488.260420233,791171.6187939246
SERgf3DMJpQxUifu7VoFKmfne73d2fDJxSrxUMrcNJB,AJfM2GZ2tTB8UtN2krcyR9xufRJEx2mhSCbJyMgPo3GU,F4yRYkufQvERZcEKnKjJwRLU1btiMBUuEwq46hfm11QD,6.550100000168868e-05,5.5770000031429845e-06,0.011539917728106542,176.179260283187,4.615967091242617e-06,176.3690515348605,29.284858487,27.960816133,10090.807327255308
Lid8SLUxQ9RmF7XMqUA8c24RitTwzja8VSKngJxRcUa,4PgzyzLtds9bKZ2to9PMnKqJzKEUpjvNUaeN23phegax,AtymwxoVN9peZo7EXTcDz9jKVc4vRmisJKKrNfe3ewBa,91.85917325900209,77.55810216999885,19206.206018626403,209.08315780802235,1.9206206018626402,176.42060931444362,959.135983477,7660.722432209,1552048.4994718125
