0,1,2,3,4,5,6,7,8,9,10,11
RajgMbScQbqqrdJfR2rxfHJiTiY5b6bJ2tTXiF4aPxy,725ZA3fhyBAKb5iopNRrcbSuQa3LXA1656Q3mBvYPxeg,GLA6i1dSZpUfk2f9Nj8uiG7xyDdAR2reff8oEiZH3617,11623.62715415997,11584.19634612,11620.277841477722,0.9997118530525947,4.64811113659109,1.0,95860.64041547,88132.95887514,183965.97733969794
Lee1XZJfJ9Hm2K1qTyeCz1LXNc1YBZaKZszvNY4KCDw,9DgFSWkPDGijNKcLGbr3p5xoJbHsPgXUTr6QvGBJ5vGN,2hNHZg7XBhuhHVZ3JDEi4buq2fPQwuWBdQ9xkH7t1GQX,1084.638739578042,912.5300110650123,227386.19399966794,209.64233131496684,22.738619399966794,176.41005883099052,6686.505307347,53900.458452307,10910357.607570961
WiiQFxXqp8P9Fs1rt9SVcDyA3KUdJmUsog6wnVQAwba,3S2jpqSYxho6wiz3cafhjXruVY8cg4HYa2v3BqBHYFSj,Dfe67M6TfrG74gKRtdqys4e6E9QirPD53BkF4FujFjuv,20061.893249545996,20070.52132094399,19993.93815246248,0.9966127276105882,1.9993938152462483,0.9970169422580519,21230.608650369,5604.492821589,26746.469091765062
SoNcU2iwHMw6dGzsYNQkYFkUjwN1UdAjrWVRnStrZu2,8ivTTid27jZnYNc4w3CTA1Z6QS2twsFb8WMwUabeDJgc,CyXm53PMvHCbeXJBykU46Rcbo28xk5srhMZFg7gv6EYB,2.265698347000015,2.243585241,476.7466372893314,210.419289893814,0.19069865491573254,207.0718344618058,15.35352871,19.354175912,7238.38331911682
C98Sspw7XqnMsgxea3SLQVdbMDL8pKUc3RE82UvX9eq2,CSqgQJurPCzGxb4Cgwx5R61hWQUiaoUHcShNc8r1cKEL,6S2CR5EnukPhC914XkAns8m5GixjMAoUuZMsS5ubHuWc,46.700488000000064,46.67656199999965,0.0,0.0,0.0,1.0,853.36151,910.641455,910.641455
Lid8SLUxQ9RmF7XMqUA8c24RitTwzja8VSKngJxRcUa,4PgzyzLtds9bKZ2to9PMnKqJzKEUpjvNUaeN23phegax,AtymwxoVN9peZo7EXTcDz9jKVc4vRmisJKKrNfe3ewBa,25.725251970999125,21.70854181600032,5397.073203945924,209.7967090868619,0.5397073203945925,177.0638876607541,960.319978816,7659.318335058,1557660.6524626256
ALLwa5WNZbvQsRKAqe1jdRGemdYQnW8E5k4msbRFcYtu,CGoM82Hbz7QVqTgvQatYtjvDWBvoUJp5qm21P8iMs9yb,3dxNNww8TivyN5FMy5dCNdi3Zcxv6e4kUfSPxfFwpdNq,3.912086804000001,3.9137806270000004,14648.718654983903,3744.476896577548,5.859487461993561,3742.5149700598804,3.068274368,5.63800909,32589.41590399576
STK75uPSyBnEhGTTzb1nwmP3n427XoXmfRhXxxhyady,6TYyD5fUmDe6N65avW1Ny2RxzRNobw2RRgKwH9CTzSAU,54zDfk4cx2vGrEajPtodWpArNe5eUurytyxd4X3aZAxK,529.4288405090003,598.1841293860034,93731.01169785707,177.04175618340466,9.373101169785707,200.01244077381614,1594.143087596,277.275418313,337688.42501899495
daob129AwBGn9Y5r91uLoWZeYiGzbPmksauMhFZKTze,6VW5GQNyj4LStgmxEHLr5zUfW92vQnmbw8jTnCH7a38F,4VPCCUifPeBA1c7HWK358CHn2nyjm8pdTRk6Ps3KmnMQ,39.24309694999991,34.98227810000001,7737.679634472764,197.17301221999458,3.095071853789106,177.04175618340466,47.967265328,224.570442014,49216.19563371947
FrnkTEL6yZ5Aycq2TrEgu29dCrwKG4LPUZydfiwqspkc,DjvZuMZ46fxKBoBpGMPcRcos4xdTtHFxwMh69DpA2ZFY,9rvDPJLAng4uVVqnnSoEXgNDFhBZQTny9AoQioYDZbQX,45.10845988100067,37.52617282099985,9568.186608917758,212.115125059896,3.8272746435671037,176.89662815568107,171.449792706,1440.73328843,291227.9550162397
MATgk4zXLXtYkwBH678J1xZbRDZ45LicNzkRBHkxTuY,y8dALFo1bJrSzPYjMX14HJX448pXqYmrfXHD1K8MXih,GN7Yuet3UyiWS5YVkEHv6oQKi4HGBJc3XDPt9zQhAqZz,2873.1355970000004,2865.237163,2876.5327822157974,1.0011823964101605,1.150613112886319,1.0,3577.58211,4501.492486,8083.304716243918
moFiBS1R4Lf3E3zzmBPnw3NF4RhWPkhREFviuzUaCAU,44ALBrpqi9PfZkBRTvbtRNtFJGsatfY4QydjtMbFWq8S,2ho8qEEie1UjVwWNBo9y4oAJZMyMLx8zPj9bxyUz6uWs,952.5668855969998,953.2286150670006,951.550232201012,0.998932722298707,0.3806200928804048,0.996778735081306,34239.569605355,30182.916841003,64288.71614605255
C2ypsDADXcCRz8HbV2zX1AXPSja7a1P3xZtRC91xGhJh,J9bYNuDpY1d1T86gLaw7DGk5D3CsUAf2tzUwxMvb6FTv,A2NGvvPrMGzsJ4jb52KEnSBVmsA7C34dV1GC7PerdgvG,151.32647476900138,152.55270539499998,26765.69623101306,176.8738502094275,10.706278492405223,177.79200113786882,3829.729910119,1884.091259064,1012355.4297403076
YakoMPuYrybnr9R7VC7hVGxMz94fJvPFCdZ4gmW61Ed,,,0.015805999999999987,0.01579699999999984,0.0,0.0,0.0,177.79200113786882,3829.729910119,1884.091259064,334976.3552753554
BUSDgu5JdqP1rndBvXvanbEufS94FNh1w5FJcAj6vawb,Bgzr8cWubt89JQFXndVjtdKmDbGzuPxNhvjH1EhWCwbo,Dxaf8xPBBQsasRKW5Aa4Sw2YrbfGofY9xZueyyF23FBW,5894.728928979999,5899.578293970003,5898.992957049072,1.000723362875621,2.359597182819629,1.0,6998.67545209,8131.80112639,15135.539160480563
BSC8REUo9LpiiWUuqMuLXs2D2yJsJfGd4HdiF3wCLxk5,AZjEH1zWVx1UJ6udMyRijGTzPteuLnaY18yNNmprJEsh,Caf8ypkSVR8xYnXNhjvfvdGCC7mrM3C11rz8Xi6NA6aK,2471.9463206160003,2477.755715700001,2467.8947457293048,0.9983609778040464,0.9871578982917221,0.9967549198290331,3388.783405672,2830.912949881,6204.955524854432
BSCrK1Nx9PXU9mF7STWWBqeHLxmtJDr9h7jheEy4tAWX,FfSySSbVJPvEo5a5AvrP3nySoXpRE2QPn1uUMpJJ1x7v,HL7Vcj6838ZmvBHDbQxXfjBNckNi83WvPiZQoMQLFeRM,0.11118000399999994,0.11105633599999998,416.9667116711669,3750.3750375037503,0.16678668466846677,3742.234862659981,0.838132202,0.966383468,6759.743993156707
vEnkoSUkpnbRrPgBz9DfcVxNz67zjwMYBZraAvDDNSf,DtfyjjsZ5yCjWKLKHvwsfXs5QVsmm1QkK6Sh9JZHoq1g,e5wrKCRv4GhHvEf1VD5Pq2KGaZDXP77nTL612Jyrxwy,3427.932042999998,3426.754514000001,3423.1806682324914,0.9986139238736634,0.34231806682324917,0.9988463324859786,958.045989,992.89629,1948.4688821321492
Sid7E679i9ABqptiAVhkmQ27YHN8vaYT4fppPwmxFsJ,GP7KB8o1bv527HG8kTzzzf4wJ5aEGHvcMQvVhLziUfmT,9gYxhAZ1M9wu5pxr8SBoa5NDm21gi3s9vMHaYTME77sa,3866.477228999989,11091.269192000007,28.611565026230437,0.007399905219053992,0.011444626010492176,0.022156076486764126,136050.182057,8678.312926,1199.0358172213698
SEQV6QiTpvTzrceiaYg9Avnwf7oc8ZALpnQMz6TyT4A,3dFMPj4r9mMmPHF32mz1gNDX7f8ftidWof7S8YiYTs1j,Fc1ED3YPeQfXQosHbd8DTaBd2AV5gHQtwiSAL5C5pUhi,635.9815613530002,636.7405492580001,633.692988629958,0.9964015108894455,0.2534771954519832,0.998505237659224,4264.753433551,1285.517214769,5533.002436809111
AURHmCnNwiW4uA2Qj1XvEh4iKgRUZYXtiY7FKAapUV5Y,BKWm4TRnTeKwfWXRyuzjRHU7iZDkPuXBX5b5V5jSVfGJ,A5Ww74HVrkj9nPeC7pHKLfgeDMEhBCpW1efQdz3TGLEg,0.002803070000027219,0.0025044980001212025,0.551085619428403,196.6007339891803,0.00022043424777136116,176.9518138976539,290.091044092,1795.106008231,374679.37648722716
wrmcMSHFi3sWpAEy4rGDvQb3ezh3PhXoV2xNjgLBkKU,8p4mGnARWPBu6P2Gcw4adodLkNDorrXniZMhaY7eJXUn,AyY89zccbsgp9LKFgH4CFZMJmpSgqmPSdTfukhP227rc,0.011944000000001537,0.08653438000000553,4.475084301236994,374.67216185837395,0.0017900337204947976,3744.476896577548,27.08826918,0.09523542,10505.827204598021
BUSDTd9WiT6uBHJRgNvFXBsA7JrifsAtWzKfioN7ERcy,DyBxrn7gSc1EwnpWhDyhzvMHPtxpmBqRqotapLcKcfTM,Cds99GeBgoCpqBsoRWu1C6fF9LiUMd4pXQQD24s9LPff,345.95814206,347.31231681,345.1578452736348,0.9976867236550645,0.03451578452736348,0.9992954966748443,108.48789346,76.79723021,184.9800572883014
AUSejoEUCh2DBs9mof6BNC8Pubs22w4cJa1ccV9h44R,4xkyD7AfGQDwsQMy9MosRRNGoVJ1zosNinesxg1TzHG7,Cbm5gsQe3nSiCsFrvepVzMCD9xLK3ri9g3ypS2hdmVJ7,1442.0268989999986,1445.3992219999982,1440.6381238486085,0.9990369284010214,0.14406381238486088,1.0,14826.384646,14052.521489,28864.627265031908
BSCuChvaSj9b5HUSqgDVRzcnr2sSn7cXaamt1jbKH6hn,GnKpRj5kBVPMJfiwZtEuD9GYApLzPdW5JFuZTcyX4BTc,3dmwD9okkomV9nDwyuh4UMhKdUR13QpuKxRo89ycZB5t,791.536398665,792.9470962880002,789.5664540491409,0.9975112393830763,0.3158265816196564,0.9990618808938406,1678.428943226,1326.215695554,2999.2232826449062
ercAoEmXjQzEvAFbdjAo81KtMxRGn9AW1ju882upmPH,CMRhskR2Eg6V42RTSdRTXGdozyPbWB8U9dVpijPWb9T4,7TKLLgrWswt6ZJ1pXhVR3FyufHGjJFqiEXxvWJfDcgRm,6.832468379999966,6.005712609999996,1206.0782707378842,176.5216029785549,0.48243130829515374,157.36064652565787,37.632344445,310.652583411,55527.413135693336
BkwbeSfcX1h4thMDd7obGkHrPevf3QwgzJ4pCEqG18Lu,35yX27bmurdebhfAb8EPmjLETDiUaEUCn9zHaDPbakH2,2CxECn1ZJFoESyUnQysQU8rRgT3iJ5GRs2Mdd6gZjx5g,0.002634450000000288,0.00311778000000118,6.722765202746544,2551.8666904840893,0.0026891060810986175,1760.5633802816901,0.95377318,21.86191698,40923.192466065564
GokA1R67GqSavkd15zR62QD68Tuc5AEfvjssntVDEbM8,3YB7hfpBdbQEuZqLGWVDpRPmeZWCUsrrWyqGXegnQ6Cg,4DPCj6Z1DsG6HUtwSogBGqXEUxdEV5a8YVrrFtcnz7UW,9659.075795,9654.946434000001,9660.602170142884,1.000158024967945,0.9660602170142883,1.0,14311.821004,18126.33472,32440.417349055388
DFWzVTzNBrQZLjoQ4yQwkj9HuoXmfkuZP9V5vbymZe23,DhgiEgiNdqZdRdo195UUHnoEJUtefK8buko8nU97XJUZ,2K2kkXsouBHtWVjtcgkyiXd8eP3oVBvq1bTJzcVdLLr2,8011.806765041005,8062.462751946005,7973.0162708735925,0.9951583337810053,3.189206508349437,0.9967916128805389,37713.408488862,30235.416681261,67669.22251280762
SAMyS8Jr2HJrkFwYVKbpUwsNStnQmvz3f8Tup8bWUWF,6jPzm5TFfquvgm25sTyN3MMGBfufRaFHMxobDWv6hMFW,Cj9ECoDmxsHTDzCY5ZA6RWrPbg9uFzEC1Qc2kso2vJG6,572.9941987000188,73.37439686999926,572.163531684719,0.9985503046676836,0.22886541267388763,0.02295941906608476,501.01804948,108046.57467815,2980.9783126429306
JSoLLrxK5bYdHwTEWYaGgmeycBCNXKDiBCTw5hXGBg7,xG4wXczA7Dk4hccJ61CHKpDHW4NrNfQwgmWgkb9BuF2,BVR6WgfhsRr9Lob4QDnkEAiNGgAbv7ZieKcY9kSg3QYR,2.2465534309999953,1.9117804669999998,461.06630946592804,205.2327370022516,0.18442652378637123,176.42686550680116,16.992685347,164.77977925,32559.035274763
BSCNHw8CmxbZ8hCWWzMf5FaG2ajPT6JxfznKUNuRVrn4,7n9kgNL633yGzCYksgnzHyjG73ZLBAwvEae5sbAekbzW,SscdxE99omdG9AiMVwmaEMQySQnCgeAh1sPj2Leutm2,627.6331497079982,626.8594862989994,628.716916840041,1.001726752534577,0.2514867667360164,0.9952790698963421,4943.647544837,6763.046995755,11683.30312436539
SoN9GaFpSXfpyR5dth3x7PHPVhvJMpQqqDJfCSmPv1t,9kZ9iS68ViMPtoeqtnhAKuF2iqVyfHPdZHoUNdwCELr,BBhm5fJLjw3HRzjtKB8uMEYjGhY6EDm9co3cqpjrSzB9,1.3084020810000003,1.2328881239999998,277.79544084138513,212.31656910012595,0.11111817633655406,205.2572119173979,1.956806654,3.23528133,1079.5273007337883
DA1mL7dfBow33EH5yjUuZE6SH2KeUK5zEXzsyhE5r5j5,B4UtLRZND3D83CitRCBUyeiNr7H8m7YFRqBmiPmXjhW4,AAmpYbuixWiSqDaJBCqYEs1pb5SrbdPr9mgXrB58Q2e,366.6338695569999,366.78031208899995,365.7587993105841,0.9976132312940069,0.14630351972423364,0.9937094120011738,1780.208203345,1227.52421952,2995.7616285115228
MATSnbbiTCv7Dc3trJrkrqjx7ckKdr6fwPoVwv9q3sD,631WX9JizSHJm4w6VanZeJAst9T8DeUUnPLesdGkCVtK,211maUSfpnXbPuW1iBu8b4dtJv5EbN1j7JJiEX5TZKEP,527.6524279999976,527.4054380000016,527.7806787049229,1.0002430590633524,0.21111227148196918,0.9986468335405525,20543.942266,25024.373843,45539.44735701171
KEN5P7p3asnb23Sw6yAmJRGvijfAzso3RqfyLAQhznt,9zj4aX38Uxf3h6AUjS4EipWS8mwbEofasHAf3a1uKGds,CwQDG1MWunn9cLNwcZLd8YBacweSR7ARo32w4mLua1Yr,66575.31417900068,66580.65141100134,66486.95301843918,0.9986727638967813,6.648695301843918,1.0,1146396.562813,1080373.197761,2225248.2216672287
4vezWG46exH6pf9nry3n1VJ7hZHvjBJNgNeF4qEFCML5,,,0.46350100000000083,0.4638039999999979,0.0,0.0,0.0,1.0,1146396.562813,1080373.197761,1080373.197761
KEVpg4SYCVrqFxKijQH6hm4QxsRdoE51ud64bEEFUC9,2bPenuBYfqzD8p5dFjCcggwkHDsc2RQDnx9AoyYGUBjA,AE6n6iLuX8oYu61vt5hoDYkjswpnxFxrhSehxrnQTnbx,619.0235221169999,620.7011769569999,617.4091275218561,0.9973920302905088,0.24696365100874249,0.993294430215314,5802.66642478,1726.193881615,7502.152014589825
TETFuZgEmET6d9vYmz9iMFCxK1jKdKYxf3oPz8hSzJK,Eu1Ze6Z84LWNkq7SNoAHBJbXx5t1P95EwyqYohrfCRFV,ASMbv7WNu3qe4pkhREmvyEdwFNDZQ6B6iSrjkj4u8bdC,35.24918380899999,35.19051904,35.02345536266302,0.9935962078566105,0.014009382145065209,0.9920142663079501,196.663836999,54.971705673,249.93715893563467
MARpDPs5A7XiyCWPNH8GsMWPLxmwNn9SBmKvPa9LzgA,6YjT74rmcfCpw8LSjPNx5JTmZoYLGrTKnf9arfSgZ4SR,F8GSmi3vA8M8TsybLya1LQ4n1aFHCRbZ6k437PeTdXtg,161158.98751499987,164537.55520099972,152360.6188578175,0.9454056593873582,60.94424754312699,1.0,293214.200606,19052.951748,296259.31641365256
Dg3mAgpwDfVNnbGWcsxL8sUcSkEbjSJQhKAWNigG44Ju,EATxwd8YA2wV93VJcKMmH2Kn2Y9XfJVUB9hHVu3udwEy,GiGvrRi7NMHfHKanG2B8xyCEqe8jaafWins8bhrLVEaa,0.0003208690000000014,0.0003245530000000052,0.06806061946874528,212.11341534627834,2.7224247787498113e-05,209.63929881524444,0.191034622,0.268672473,96.84531497248298
KwnjUuZhTMTSGAaavkLEmSyfobY16JNH4poL9oeeEvE,J63v6qEZmQpDqCD8bd4PXu2Pq5ZbyXrFcSa3Xt1HdAPQ,BnKQtTdLw9qPCDgZkWX3sURkBAoKCUYL1yahh6Mw7mRK,188.90402700000004,8577.632981999952,4.293559545685171,0.022728787807605448,0.0004293559545685172,1.0,276012.58284,608.750554,6882.18198159948
heyk4SZTeCUV6a65WiVA5bzic3KcxgVf1qxobfeV4tQ,9ZDpBKPqMABtGfq66FbVribaArMvtk63xxy91onZAtDt,DaTP4s6N7xxSPinbNZ3FB52EpRDRt87QShTuN3VPCW52,38.15850118800199,32.950769722999894,7787.674905681346,204.087547026873,3.1150699622725386,176.00174030520813,613.078125412,4488.965916148,915187.4241639797
B2izdXFYb2sNwbWWHmh75T4aQFtfXsUxem9u2p61HGzf,4DYwgJtxwuJdAjkj5RJSNH4e7U329V5cNp7d3a1nLrZv,EXNW64GEf1ACC6xY9BtKRiunrs6GoJSXBdxWN2eTPmrF,3952.5239980000188,3888.407338999994,4007.4338567045847,1.013892353021095,0.4007433856704585,1.0,8618.758571,31141.895196,39880.38860367192
ALBpShJ9NLpE739pcHDF2LNVk5J4VYPvvKuV6jMPitZi,D6d156U1bPiJpDYRLextvDRccgFk7QzkQbJg42ceKEu5,GNcM8U5g8RwTZffwwm3kSQqUNPSwv5d2fbN9sLxPJqt2,2591.087520000001,2593.7183039999945,2585.3583658612524,0.9977888997980475,1.0341433463445011,0.9985530965630801,52867.97442,47457.156336,100139.5684444741
YAkoNb6HKmSxQN9L8hiBE5tPJRsniSSMzND1boHmZxe,CfWX7o2TswwbxusJ4hCaPobu2jLCb1hfXuXJQjVq3jQF,EnTrdMMpdhugeH6Ban6gYZWXughWxKtVGfCwFn78ZmY3,5944663.494911002,5944363.62688599,5944663.494911002,1.0,594.4663494911002,0.984460294255182,515193.219462,1014336.174424,1513766.9082091267
HEDSDjj84KS7LKhZY7ejkCACTdPen62rKhCby1wXtgxc,EnnjMSFttpCTywBrYNt1J5QQeoSVkvzPipJDa8Y7kJow,6bjVT6JN2rSvpyn9PdfLYC8wJn4LWh49jpY47fnLDXZk,3.529861394999898,3.6453790939995088,3.3719309302883747,0.955258734823063,0.0013487723721153499,0.9925338940498732,38779.547508563,9107.024385848,46083.531866933634
SUiuyGR7SFq3xeRVJonq84fjjeFwRSsFekcevJ53tzy,49GjCCPsv7fBqo6t3iKDrP1xxGDS8uWZbVCdfnp2gjMf,CEwj5xEbbJEjYqM8D6Ai8ByGz1mrh8mkAVsE5fzDSSSx,9.70280700000006,16.38620399999992,0.07238483794922163,0.00746019558558891,2.895393517968865e-05,0.9641137577104997,658.749911,1.554752,6.413360971077202
7oAd7xG4m3oC2qeWB1szghTebAZyyGPAFDJ4wwwbRSNi,D9yh4KAysxt9GLacVe4Wwh2XqghhcjTCSTV9HuM7TBJd,HDYfJLpZKaMFb84jM4mRytn7XLR8UFZUnQpSfhJJaNEy,43.76990669302177,1.0006506990000616,43.43434450094311,0.992333495375439,0.017373737800377247,0.02288367212576734,958.468592498,299958.837362764,7815.28017403698
KZMu9QBEdL97EFgamLbN5DE1AoKBG4HdrKKJo4Vuon3,DD4ACBWyVqdaKWh7v5btsgqQCCMwbKnuL2xd9pv7Gyuw,GcYqiJ1MAuYbNTNYXm1F1gQYTfTgkErACAhNU5dpVj9T,13.893059549999862,13.83220123999945,13.872918846418633,0.9985503046676836,0.0055491675385674535,1.0,1410.10323308,1678.20486543,3086.2638784349197
CZgvH45CRmoaNJ7395Ao5CQZXkGznvqU7cErD6n7FaRg,4ZjU6MKvtqVQKCiowhvZ5yUsPxXX5SCzd5eFsPeXyey5,BsyWeshjDbCvjDojry3vKDCesmFRM37WtwcR4Kfgzqr,84.95988079999981,82.30054984000003,87.84515945454223,1.0339604837880425,0.03513806378181689,1.0,204.60413167,600.98517833,812.5377652965456
parEAJhzYzHW87y9VoZAQ22dzQ2MD2ekEtTReaxbMcz,3oyc6hpjYSJEquK6dSvG72NXyz3pqLZz5D8AC71pwgQb,Di2vordgFJVZ1aj1aBpvzXtLfZgJsuLLXawGtVFwX6Rz,2.0341342830000144,2.4084839140002714,350.20621600822506,172.1647478905514,0.14008248640329002,203.61091745450517,1104.232388478,139.16167282,218444.7266522802
Cob4usZcpHEY7Qt4ZCwj6WVg9S44zvzYV2v9qYF65dTf,NhFM9UXE48PyNAyeyPYA3iXztqKVJwA4bTdLj4ysM8w,6TuFuynuBoeskxyR2cz4wxyidk8dpDK7kAWw3UkjQGx,30.703112000000004,4193.290173000045,0.22943890454640317,0.007472822447001566,9.177556181856127e-05,1.0,73482.753888,167.352386,716.475958721738
