0,1,2,3,4,5,6,7,8,9,10,11
YAkoNb6HKmSxQN9L8hiBE5tPJRsniSSMzND1boHmZxe,CfWX7o2TswwbxusJ4hCaPobu2jLCb1hfXuXJQjVq3jQF,EnTrdMMpdhugeH6Ban6gYZWXughWxKtVGfCwFn78ZmY3,4489073.988715008,4486132.287881999,4489073.988715008,1.0,448.9073988715008,0.9966949595142507,244128.954873,1247919.03747,1487923.5694012244
C98Sspw7XqnMsgxea3SLQVdbMDL8pKUc3RE82UvX9eq2,CSqgQJurPCzGxb4Cgwx5R61hWQUiaoUHcShNc8r1cKEL,6S2CR5EnukPhC914XkAns8m5GixjMAoUuZMsS5ubHuWc,6.128808000000049,6.129728,0.0,0.0,0.0,1.0,873.953231,890.074355,890.074355
7oAd7xG4m3oC2qeWB1szghTebAZyyGPAFDJ4wwwbRSNi,D9yh4KAysxt9GLacVe4Wwh2XqghhcjTCSTV9HuM7TBJd,HDYfJLpZKaMFb84jM4mRytn7XLR8UFZUnQpSfhJJaNEy,788.8001295330469,18.342075530000102,788.8001295330469,1.0,0.31552005181321874,0.023538618074914277,973.810848968,299297.525321745,8018.860988283541
AURHmCnNwiW4uA2Qj1XvEh4iKgRUZYXtiY7FKAapUV5Y,BKWm4TRnTeKwfWXRyuzjRHU7iZDkPuXBX5b5V5jSVfGJ,A5Ww74HVrkj9nPeC7pHKLfgeDMEhBCpW1efQdz3TGLEg,0.01689217400007692,0.01509976399995594,3.1870733545859786,188.67159162411338,0.0012748293418343914,170.90558081919832,288.970725444,1788.251887033,360142.79410669644
KwnjUuZhTMTSGAaavkLEmSyfobY16JNH4poL9oeeEvE,J63v6qEZmQpDqCD8bd4PXu2Pq5ZbyXrFcSa3Xt1HdAPQ,BnKQtTdLw9qPCDgZkWX3sURkBAoKCUYL1yahh6Mw7mRK,1531.8993089999685,68374.24949700008,34.566602193759906,0.02256453932101135,0.0034566602193759908,1.0,276222.320889,604.389762,6837.219183040856
KZMu9QBEdL97EFgamLbN5DE1AoKBG4HdrKKJo4Vuon3,DD4ACBWyVqdaKWh7v5btsgqQCCMwbKnuL2xd9pv7Gyuw,GcYqiJ1MAuYbNTNYXm1F1gQYTfTgkErACAhNU5dpVj9T,249.73073860999966,249.1466834400003,250.4748844632469,1.0029797927855784,0.10018995378529877,1.0,1444.12438245,1644.28102676,3092.7086006263025
B2izdXFYb2sNwbWWHmh75T4aQFtfXsUxem9u2p61HGzf,4DYwgJtxwuJdAjkj5RJSNH4e7U329V5cNp7d3a1nLrZv,EXNW64GEf1ACC6xY9BtKRiunrs6GoJSXBdxWN2eTPmrF,3246.069604999986,3204.523315999997,3267.445231705806,1.0065850795906823,0.32674452317058056,1.0,9191.089309,30562.755197,39814.36856062483
BUSDgu5JdqP1rndBvXvanbEufS94FNh1w5FJcAj6vawb,Bgzr8cWubt89JQFXndVjtdKmDbGzuPxNhvjH1EhWCwbo,Dxaf8xPBBQsasRKW5Aa4Sw2YrbfGofY9xZueyyF23FBW,1590.7594027399991,1591.3371027799976,1589.7854524782474,0.9993877450857281,0.635914180991299,1.0,8097.9129483,7041.50444855,15134.459409852057
BkwbeSfcX1h4thMDd7obGkHrPevf3QwgzJ4pCEqG18Lu,35yX27bmurdebhfAb8EPmjLETDiUaEUCn9zHaDPbakH2,2CxECn1ZJFoESyUnQysQU8rRgT3iJ5GRs2Mdd6gZjx5g,1.9169999999957277e-05,2.999999999886427e-05,0.0463794062854312,2419.3743497931437,1.8551762514172482e-05,1545.595054095827,0.84375623,22.02707456,36086.29967647618
BUSDTd9WiT6uBHJRgNvFXBsA7JrifsAtWzKfioN7ERcy,DyBxrn7gSc1EwnpWhDyhzvMHPtxpmBqRqotapLcKcfTM,Cds99GeBgoCpqBsoRWu1C6fF9LiUMd4pXQQD24s9LPff,75.0835639,75.19941048999999,74.9771712939339,0.9985830107078055,0.007497717129393391,0.9982361167816468,97.48641747,87.86846196,185.06175251483688
Lid8SLUxQ9RmF7XMqUA8c24RitTwzja8VSKngJxRcUa,4PgzyzLtds9bKZ2to9PMnKqJzKEUpjvNUaeN23phegax,AtymwxoVN9peZo7EXTcDz9jKVc4vRmisJKKrNfe3ewBa,37.41624334799633,31.55463552499964,7579.0585807418565,202.5606502034823,0.7579058580741856,164.37422158532692,957.809748322,7662.312194289,1453501.167871351
SEQV6QiTpvTzrceiaYg9Avnwf7oc8ZALpnQMz6TyT4A,3dFMPj4r9mMmPHF32mz1gNDX7f8ftidWof7S8YiYTs1j,Fc1ED3YPeQfXQosHbd8DTaBd2AV5gHQtwiSAL5C5pUhi,11703.641256201003,11706.704311949,11698.991082730485,0.9996026729315499,4.679596433092194,0.9979701287581059,2467.69316299,3088.984058282,5549.426500075138
Cob4usZcpHEY7Qt4ZCwj6WVg9S44zvzYV2v9qYF65dTf,NhFM9UXE48PyNAyeyPYA3iXztqKVJwA4bTdLj4ysM8w,6TuFuynuBoeskxyR2cz4wxyidk8dpDK7kAWw3UkjQGx,214.35299999999492,11620.709896999952,1.4214195087922432,0.006631208841454408,0.0005685678035168973,1.0,75300.061623,154.60175,653.9321843964995
WiiQFxXqp8P9Fs1rt9SVcDyA3KUdJmUsog6wnVQAwba,3S2jpqSYxho6wiz3cafhjXruVY8cg4HYa2v3BqBHYFSj,Dfe67M6TfrG74gKRtdqys4e6E9QirPD53BkF4FujFjuv,23742.102251610995,23774.32582037,23712.146815100212,0.9987382989006902,2.3712146815100215,1.0,19349.251867384,7487.587748705,26812.426643737097
wrmcMSHFi3sWpAEy4rGDvQb3ezh3PhXoV2xNjgLBkKU,8p4mGnARWPBu6P2Gcw4adodLkNDorrXniZMhaY7eJXUn,AyY89zccbsgp9LKFgH4CFZMJmpSgqmPSdTfukhP227rc,0.01869706000000003,0.18974143999999882,7.1767681808062385,383.84474247856224,0.0028707072723224954,3929.118698675887,27.10597631,0.093511,10771.902314973839
MiMUFdSLMyCLpqpH6zkqdDrGYs7XBomwENbivdYjv9V,,,0.009574077999999986,0.006652219000000001,0.0,0.0,0.0,3929.118698675887,27.10597631,0.093511,367.4158186318809
SoN9GaFpSXfpyR5dth3x7PHPVhvJMpQqqDJfCSmPv1t,9kZ9iS68ViMPtoeqtnhAKuF2iqVyfHPdZHoUNdwCELr,BBhm5fJLjw3HRzjtKB8uMEYjGhY6EDm9co3cqpjrSzB9,0.031956874000000024,0.031439024000000426,6.582147823219506,205.9697022687357,0.0026328591292878027,198.62925948032628,1.94682398,3.248860803,1046.3055709847831
MARpDPs5A7XiyCWPNH8GsMWPLxmwNn9SBmKvPa9LzgA,6YjT74rmcfCpw8LSjPNx5JTmZoYLGrTKnf9arfSgZ4SR,F8GSmi3vA8M8TsybLya1LQ4n1aFHCRbZ6k437PeTdXtg,35426.78000300008,36645.8393779989,34116.403077207615,0.9630116842207648,13.646561230883046,1.0,294033.788368,18319.715515,301477.6892690796
daob129AwBGn9Y5r91uLoWZeYiGzbPmksauMhFZKTze,6VW5GQNyj4LStgmxEHLr5zUfW92vQnmbw8jTnCH7a38F,4VPCCUifPeBA1c7HWK358CHn2nyjm8pdTRk6Ps3KmnMQ,23.221511699999894,20.675695606999987,4415.786283011396,190.15929453944275,1.7663145132045583,170.2152865923291,48.807341995,223.684560218,47355.70124590049
MiMuMS9C4vBqcrYeeQPph1E7oAW9aNKvW9k6Zw9XffM,Afy2q2hh6Y474pshJa5fnQ6PfEchGyTbKrQpCZw2hr3m,5pXz9ksgjeL8Wgb37bksUaBFMLdFfsNNY3FQnikkCPtS,0.006652218999999349,0.43884200000047713,0.0,0.0,0.0,0.022707624439144383,26.008495146,7673.586052143,174.24891017351987
SAMyS8Jr2HJrkFwYVKbpUwsNStnQmvz3f8Tup8bWUWF,6jPzm5TFfquvgm25sTyN3MMGBfufRaFHMxobDWv6hMFW,Cj9ECoDmxsHTDzCY5ZA6RWrPbg9uFzEC1Qc2kso2vJG6,11212.710064289959,316.01146350000283,11246.121616846312,1.0029797927855784,4.498448646738525,0.02271926986446297,494.71606444,108329.76609378,2957.363406038466
BSCrK1Nx9PXU9mF7STWWBqeHLxmtJDr9h7jheEy4tAWX,FfSySSbVJPvEo5a5AvrP3nySoXpRE2QPn1uUMpJJ1x7v,HL7Vcj6838ZmvBHDbQxXfjBNckNi83WvPiZQoMQLFeRM,0.2941874529999998,0.29332185200000005,1163.141061579519,3953.7412276366513,0.4652564246318076,3932.3633503735746,0.636975971,1.168294903,7112.598216542039
STK75uPSyBnEhGTTzb1nwmP3n427XoXmfRhXxxhyady,6TYyD5fUmDe6N65avW1Ny2RxzRNobw2RRgKwH9CTzSAU,54zDfk4cx2vGrEajPtodWpArNe5eUurytyxd4X3aZAxK,222.66375217200078,251.92964360200136,37820.54857589346,169.8549863054417,3.7820548575893462,192.98950195006242,1669.317448774,287.757825959,339076.1319150028
RajgMbScQbqqrdJfR2rxfHJiTiY5b6bJ2tTXiF4aPxy,725ZA3fhyBAKb5iopNRrcbSuQa3LXA1656Q3mBvYPxeg,GLA6i1dSZpUfk2f9Nj8uiG7xyDdAR2reff8oEiZH3617,657.4590958000044,657.8503055000037,656.9444652142895,0.9992172431882037,0.26277778608571584,1.0,98987.79454358,85013.31157689,183923.62275000633
KEVpg4SYCVrqFxKijQH6hm4QxsRdoE51ud64bEEFUC9,2bPenuBYfqzD8p5dFjCcggwkHDsc2RQDnx9AoyYGUBjA,AE6n6iLuX8oYu61vt5hoDYkjswpnxFxrhSehxrnQTnbx,6684.456540242,6693.537696078999,6664.83874070004,0.997065161629243,2.6659354962800164,1.0,6036.164216742,1501.257511267,7519.706561653515
KEN5P7p3asnb23Sw6yAmJRGvijfAzso3RqfyLAQhznt,9zj4aX38Uxf3h6AUjS4EipWS8mwbEofasHAf3a1uKGds,CwQDG1MWunn9cLNwcZLd8YBacweSR7ARo32w4mLua1Yr,64908.51289199898,64916.86603399832,64825.40672058319,0.9987196414196999,6.482540672058319,1.0,1159295.995456,1110118.518954,2267930.1998351105
C2ypsDADXcCRz8HbV2zX1AXPSja7a1P3xZtRC91xGhJh,J9bYNuDpY1d1T86gLaw7DGk5D3CsUAf2tzUwxMvb6FTv,A2NGvvPrMGzsJ4jb52KEnSBVmsA7C34dV1GC7PerdgvG,56.69209571400029,57.197407194000334,9662.296673865874,170.43463559029695,3.86491866954635,166.47962680595018,3350.669904595,1620.944608209,840924.4576207753
GokA1R67GqSavkd15zR62QD68Tuc5AEfvjssntVDEbM8,3YB7hfpBdbQEuZqLGWVDpRPmeZWCUsrrWyqGXegnQ6Cg,4DPCj6Z1DsG6HUtwSogBGqXEUxdEV5a8YVrrFtcnz7UW,13603.22318,13599.526118,13605.59055275618,1.000174030281269,1.3605590552756182,1.0,14115.601285,18327.974862,32446.03268906191
JSoLLrxK5bYdHwTEWYaGgmeycBCNXKDiBCTw5hXGBg7,xG4wXczA7Dk4hccJ61CHKpDHW4NrNfQwgmWgkb9BuF2,BVR6WgfhsRr9Lob4QDnkEAiNGgAbv7ZieKcY9kSg3QYR,0.3364019059998782,0.2852479520000024,67.38392333657463,200.30779295465413,0.026953569334629852,170.2561486731172,16.949823459,164.85039637,31461.97532123633
FrnkTEL6yZ5Aycq2TrEgu29dCrwKG4LPUZydfiwqspkc,DjvZuMZ46fxKBoBpGMPcRcos4xdTtHFxwMh69DpA2ZFY,9rvDPJLAng4uVVqnnSoEXgNDFhBZQTny9AoQioYDZbQX,34.92346778400247,28.993592570000033,7170.31140822522,205.31498912343844,2.868124563290088,170.4095418437222,170.325321928,1442.171968871,280730.2060942594
BSCuChvaSj9b5HUSqgDVRzcnr2sSn7cXaamt1jbKH6hn,GnKpRj5kBVPMJfiwZtEuD9GYApLzPdW5JFuZTcyX4BTc,3dmwD9okkomV9nDwyuh4UMhKdUR13QpuKxRo89ycZB5t,23.60451111300017,23.63875063599994,23.533380857490503,0.9969865821338493,0.009413352342996202,0.9977749618351077,1713.341195946,1291.842370068,2997.146154466898
HEDSDjj84KS7LKhZY7ejkCACTdPen62rKhCby1wXtgxc,EnnjMSFttpCTywBrYNt1J5QQeoSVkvzPipJDa8Y7kJow,6bjVT6JN2rSvpyn9PdfLYC8wJn4LWh49jpY47fnLDXZk,3194.9750764169958,3366.6702777200044,2907.0576981999598,0.909884311667332,1.1628230792799839,1.0,42288.410585181,5771.769293392,44249.33065019493
SERgf3DMJpQxUifu7VoFKmfne73d2fDJxSrxUMrcNJB,AJfM2GZ2tTB8UtN2krcyR9xufRJEx2mhSCbJyMgPo3GU,F4yRYkufQvERZcEKnKjJwRLU1btiMBUuEwq46hfm11QD,6.493800000129113e-05,5.403999999487041e-06,0.010888344585521095,167.6729277973545,4.355337834208438e-06,170.21102763205823,29.169443875,28.076799464,9669.906946128522
Sid7E679i9ABqptiAVhkmQ27YHN8vaYT4fppPwmxFsJ,GP7KB8o1bv527HG8kTzzzf4wJ5aEGHvcMQvVhLziUfmT,9gYxhAZ1M9wu5pxr8SBoa5NDm21gi3s9vMHaYTME77sa,3449.854118999998,11758.143174999917,22.8259418429824,0.006616494801118984,0.00913037673719296,0.020534195030293585,138431.361172,7950.393149,1079.1853049954384
vEnkoSUkpnbRrPgBz9DfcVxNz67zjwMYBZraAvDDNSf,DtfyjjsZ5yCjWKLKHvwsfXs5QVsmm1QkK6Sh9JZHoq1g,e5wrKCRv4GhHvEf1VD5Pq2KGaZDXP77nTL612Jyrxwy,9842.10692,9840.148323999998,9811.710241671302,0.9969115679624523,0.9811710241671303,0.9964853960082788,4037.593295,6169.12052,10172.561966908133
ALLwa5WNZbvQsRKAqe1jdRGemdYQnW8E5k4msbRFcYtu,CGoM82Hbz7QVqTgvQatYtjvDWBvoUJp5qm21P8iMs9yb,3dxNNww8TivyN5FMy5dCNdi3Zcxv6e4kUfSPxfFwpdNq,7.935120749000001,7.894697127000003,31153.550111891956,3926.0335283263316,12.461420044756784,3921.7531805418294,2.051065203,6.677895814,34241.60990364292
parEAJhzYzHW87y9VoZAQ22dzQ2MD2ekEtTReaxbMcz,3oyc6hpjYSJEquK6dSvG72NXyz3pqLZz5D8AC71pwgQb,Di2vordgFJVZ1aj1aBpvzXtLfZgJsuLLXawGtVFwX6Rz,3.346885343000082,3.957910129999618,541.7661181751167,161.87172928054005,0.2167064472700467,196.10304038153808,1102.523516987,140.615062504,206042.429547623
moFiBS1R4Lf3E3zzmBPnw3NF4RhWPkhREFviuzUaCAU,44ALBrpqi9PfZkBRTvbtRNtFJGsatfY4QydjtMbFWq8S,2ho8qEEie1UjVwWNBo9y4oAJZMyMLx8zPj9bxyUz6uWs,36.130502523999894,36.23521193800116,36.03352290938023,0.9973158520406618,0.014413409163752094,1.0,39512.818096934,24920.369068863,64327.128915734414
BUSD5rCfUDpCxKGMvYU2yThChxgHoioK74PTPociGnv2,CcFHbafgYDZ8yA8Me1PdtDiVb2eeaS61LbqyKKK5CsNZ,26R9s4nmF3CFDTkiePDwRmtscn8i7r2eygbSijditJ58,37.29728981,37.364886,37.27677938044929,0.9994500825755652,0.003727677938044929,1.0,48.05586112,100.05511356,148.0845479246239
AUSejoEUCh2DBs9mof6BNC8Pubs22w4cJa1ccV9h44R,4xkyD7AfGQDwsQMy9MosRRNGoVJ1zosNinesxg1TzHG7,Cbm5gsQe3nSiCsFrvepVzMCD9xLK3ri9g3ypS2hdmVJ7,5134.394271000001,5140.086559999998,5131.048827164689,0.9993484248270127,0.5131048827164689,1.0,14606.140415,14273.998713,28870.62212953242
SRMuKizofcAMicegrfSv7xs9q76tH1w8aAF7oX9FEWu,72Hj2KWntXPfbie4UgKeTPnm1XVkomDfCnRPKbvfTtPi,6aqJQ5wedqpUt4fFEDUqUmXhrdxCu4bEJsQdVPCADLko,0.024429000000054657,0.024429000000054657,0.0010067558431445078,0.04121150448820071,4.027023372578031e-07,0.0410428158655109,16769.751918,5121.326443,901.3003646218905
TETFuZgEmET6d9vYmz9iMFCxK1jKdKYxf3oPz8hSzJK,Eu1Ze6Z84LWNkq7SNoAHBJbXx5t1P95EwyqYohrfCRFV,ASMbv7WNu3qe4pkhREmvyEdwFNDZQ6B6iSrjkj4u8bdC,184.337537572,184.11568917800003,186.5151538443455,1.0118132003987248,0.0746060615377382,0.9979751085048436,25.264466039,226.636218642,251.7402251296629
SoNcU2iwHMw6dGzsYNQkYFkUjwN1UdAjrWVRnStrZu2,8ivTTid27jZnYNc4w3CTA1Z6QS2twsFb8WMwUabeDJgc,CyXm53PMvHCbeXJBykU46Rcbo28xk5srhMZFg7gv6EYB,0.446722335000004,0.44243524700000236,90.46817216648066,202.51544433407352,0.036187268866592265,196.57990285021202,13.398658825,17.004899633,6056.256863258277
ALBpShJ9NLpE739pcHDF2LNVk5J4VYPvvKuV6jMPitZi,D6d156U1bPiJpDYRLextvDRccgFk7QzkQbJg42ceKEu5,GNcM8U5g8RwTZffwwm3kSQqUNPSwv5d2fbN9sLxPJqt2,5421.576282999995,5420.202489999996,5414.742877488604,0.9987395906366165,2.1658971509954417,0.9863285006524564,48529.422215,51803.37453,99563.40000575318
MATSnbbiTCv7Dc3trJrkrqjx7ckKdr6fwPoVwv9q3sD,631WX9JizSHJm4w6VanZeJAst9T8DeUUnPLesdGkCVtK,211maUSfpnXbPuW1iBu8b4dtJv5EbN1j7JJiEX5TZKEP,1475.970867,1476.8856959999976,1470.821520855485,0.9965112142389495,0.5883286083421941,0.9959207087768499,25268.285521,20305.256189,45402.55502191257
RoBgmK8CvjdHvPrqdDyVw54VwjZv2TqJ493xnqJAQHx,ExiHJxM7qPAcy27NDHAF6G7vnW7muNHi2sVJpnaNynGQ,6rkPHSqZb7StM4HwS9EuVrmfkV7tRdc7dnsFhyB6cefE,2.7309620000000017,149.2288669999989,0.0,0.0,0.0,0.9279545376512913,6212.168546,19.917968,18.482968786393215
Lee1XZJfJ9Hm2K1qTyeCz1LXNc1YBZaKZszvNY4KCDw,9DgFSWkPDGijNKcLGbr3p5xoJbHsPgXUTr6QvGBJ5vGN,2hNHZg7XBhuhHVZ3JDEi4buq2fPQwuWBdQ9xkH7t1GQX,732.4238020868843,615.2964054240028,148503.30646077558,202.75598094661495,14.85033064607756,169.96512315672823,6651.268733935,53928.060607026,10514473.979365218
MATgk4zXLXtYkwBH678J1xZbRDZ45LicNzkRBHkxTuY,y8dALFo1bJrSzPYjMX14HJX448pXqYmrfXHD1K8MXih,GN7Yuet3UyiWS5YVkEHv6oQKi4HGBJc3XDPt9zQhAqZz,3422.404645999999,3420.0872679999993,3425.3813023517428,1.0008697558178057,1.370152520940697,1.0,3760.083604,4324.126409,8087.480367590015
heyk4SZTeCUV6a65WiVA5bzic3KcxgVf1qxobfeV4tQ,9ZDpBKPqMABtGfq66FbVribaArMvtk63xxy91onZAtDt,DaTP4s6N7xxSPinbNZ3FB52EpRDRt87QShTuN3VPCW52,27.775748973999725,24.252184376000173,5405.190355648962,194.601065868958,2.1620761422595853,170.18857745324706,622.16227,4478.288668592,883227.0188181187
KysFMBBoavfov2tLpvefWW6tPFt6rAeZWDJVy1mMQae,B8ka2V21TH3x64dFV8ETcjuQcwmrciJ2qzy1mJUttRew,7fSf7EYxBANyxzk2s5pymFgshA91tFYQNKKs5UnLWcYS,124.2981390000109,143.55922900001678,0.0,0.0,0.0,0.020935033983840664,134037.085197,2971.614283,62.2108460014713
