0,1,2,3,4,5,6,7,8,9,10,11
7dwD9TF6uikvHXxPFK9AsSim54yJoujQjY9vU6gNFumk,CquVr6atkvwueDYficKjn6SSEWq4F4rH4VSiBbW4GBWU,8BCa6ge3b7ho3TfZuM64Vk1hgbrJ3J7EPiAb9uP86CGd,0.0004238880000000003,0.0004226960000000002,0.08663638361036034,204.38508193286972,3.465455344414414e-05,204.7633273794983,0.00369969,0.003811699,1.536657613985325
BkwbeSfcX1h4thMDd7obGkHrPevf3QwgzJ4pCEqG18Lu,35yX27bmurdebhfAb8EPmjLETDiUaEUCn9zHaDPbakH2,2CxECn1ZJFoESyUnQysQU8rRgT3iJ5GRs2Mdd6gZjx5g,0.07060537000000622,0.048705660000000095,175.12555497682422,2480.3432795098843,0.07005022199072969,1686.3406408094436,0.92610553,21.9022468,39231.70853133102
BSCuChvaSj9b5HUSqgDVRzcnr2sSn7cXaamt1jbKH6hn,GnKpRj5kBVPMJfiwZtEuD9GYApLzPdW5JFuZTcyX4BTc,3dmwD9okkomV9nDwyuh4UMhKdUR13QpuKxRo89ycZB5t,5.287125937999917,5.297822516999986,5.273333644592493,0.9973913438852864,0.002109333457836997,0.9967366840962688,1683.726765743,1320.928569616,2995.9524640271165
SoNcU2iwHMw6dGzsYNQkYFkUjwN1UdAjrWVRnStrZu2,8ivTTid27jZnYNc4w3CTA1Z6QS2twsFb8WMwUabeDJgc,CyXm53PMvHCbeXJBykU46Rcbo28xk5srhMZFg7gv6EYB,6.917036898999996,6.836049987000008,1417.725698698105,204.96141908727813,0.567090279479242,202.82873060855923,12.991115957,17.402572024,6192.419155026049
Sid7E679i9ABqptiAVhkmQ27YHN8vaYT4fppPwmxFsJ,GP7KB8o1bv527HG8kTzzzf4wJ5aEGHvcMQvVhLziUfmT,9gYxhAZ1M9wu5pxr8SBoa5NDm21gi3s9vMHaYTME77sa,366.0686489999989,1122.0120699999934,2.7094660382644076,0.007401524401682417,0.001083786415305763,0.021499157308280566,135779.744524,8766.652771,1193.4527393393932
moFiBS1R4Lf3E3zzmBPnw3NF4RhWPkhREFviuzUaCAU,44ALBrpqi9PfZkBRTvbtRNtFJGsatfY4QydjtMbFWq8S,2ho8qEEie1UjVwWNBo9y4oAJZMyMLx8zPj9bxyUz6uWs,3129.1985878129963,3133.4104589810013,3123.2362080855487,0.9980945984858012,1.2492944832342194,0.9999587846987712,36769.562674619,27656.570123471,64354.93214382476
Cob4usZcpHEY7Qt4ZCwj6WVg9S44zvzYV2v9qYF65dTf,NhFM9UXE48PyNAyeyPYA3iXztqKVJwA4bTdLj4ysM8w,6TuFuynuBoeskxyR2cz4wxyidk8dpDK7kAWw3UkjQGx,8.717301999999933,1173.474791000015,0.06452132346983444,0.007401524401682417,2.5808529387933776e-05,1.0,73733.079315,165.491961,711.2291467611576
STK75uPSyBnEhGTTzb1nwmP3n427XoXmfRhXxxhyady,6TYyD5fUmDe6N65avW1Ny2RxzRNobw2RRgKwH9CTzSAU,54zDfk4cx2vGrEajPtodWpArNe5eUurytyxd4X3aZAxK,783.1317409969982,884.9078691850086,135243.1136046188,172.69522677301006,13.52431136046188,194.83754542880916,1598.036257099,276.968660815,329937.12784510304
KZMu9QBEdL97EFgamLbN5DE1AoKBG4HdrKKJo4Vuon3,DD4ACBWyVqdaKWh7v5btsgqQCCMwbKnuL2xd9pv7Gyuw,GcYqiJ1MAuYbNTNYXm1F1gQYTfTgkErACAhNU5dpVj9T,94.14946689999942,93.84471565999957,94.48026877545756,1.0035135820345058,0.037792107510183026,1.0,1423.73316435,1664.55264721,3093.28821482819
4vezWG46exH6pf9nry3n1VJ7hZHvjBJNgNeF4qEFCML5,,,0.35122499999999945,0.34994499999999995,0.0,0.0,0.0,1.0,1423.73316435,1664.55264721,1664.55264721
AURHmCnNwiW4uA2Qj1XvEh4iKgRUZYXtiY7FKAapUV5Y,BKWm4TRnTeKwfWXRyuzjRHU7iZDkPuXBX5b5V5jSVfGJ,A5Ww74HVrkj9nPeC7pHKLfgeDMEhBCpW1efQdz3TGLEg,0.5162941989999581,0.4611530449998895,93.97010195587744,182.0088277921656,0.03758804078235098,122.33066835972312,290.087084777,1795.110527471,272395.48086301086
DA1mL7dfBow33EH5yjUuZE6SH2KeUK5zEXzsyhE5r5j5,B4UtLRZND3D83CitRCBUyeiNr7H8m7YFRqBmiPmXjhW4,AAmpYbuixWiSqDaJBCqYEs1pb5SrbdPr9mgXrB58Q2e,236.8568868210001,237.67713175200015,235.91640865298547,0.9960293399924428,0.0943665634611942,0.9999817063346643,2017.885335097,990.667332699,3000.522208259451
Lee1XZJfJ9Hm2K1qTyeCz1LXNc1YBZaKZszvNY4KCDw,9DgFSWkPDGijNKcLGbr3p5xoJbHsPgXUTr6QvGBJ5vGN,2hNHZg7XBhuhHVZ3JDEi4buq2fPQwuWBdQ9xkH7t1GQX,1663.8420940438664,1399.6056236069871,341889.41294520814,205.48188687441296,34.188941294520816,172.5958817587037,6668.091069049,53919.355045589,10676430.562672654
SAMyS8Jr2HJrkFwYVKbpUwsNStnQmvz3f8Tup8bWUWF,6jPzm5TFfquvgm25sTyN3MMGBfufRaFHMxobDWv6hMFW,Cj9ECoDmxsHTDzCY5ZA6RWrPbg9uFzEC1Qc2kso2vJG6,2374.70131742004,54.29669347999993,2379.0113723232785,1.0018149882141476,0.9516045489293113,0.022479539011194316,491.85151553,108448.98224784,2930.6273473984365
SUiuyGR7SFq3xeRVJonq84fjjeFwRSsFekcevJ53tzy,49GjCCPsv7fBqo6t3iKDrP1xxGDS8uWZbVCdfnp2gjMf,CEwj5xEbbJEjYqM8D6Ai8ByGz1mrh8mkAVsE5fzDSSSx,0.039815000000000156,4.9820909999999685,0.0002946916940529866,0.007401524401682417,1.1787667762119465e-07,0.9655454752607938,658.749911,1.554752,6.37693729962529
BUSDgu5JdqP1rndBvXvanbEufS94FNh1w5FJcAj6vawb,Bgzr8cWubt89JQFXndVjtdKmDbGzuPxNhvjH1EhWCwbo,Dxaf8xPBBQsasRKW5Aa4Sw2YrbfGofY9xZueyyF23FBW,5704.461785410001,5699.245684410002,5702.67941295948,0.9996875476569798,2.281071765183792,1.0,7012.89831638,8119.79215078,15130.499270649685
RoBgmK8CvjdHvPrqdDyVw54VwjZv2TqJ493xnqJAQHx,ExiHJxM7qPAcy27NDHAF6G7vnW7muNHi2sVJpnaNynGQ,6rkPHSqZb7StM4HwS9EuVrmfkV7tRdc7dnsFhyB6cefE,26.951522000000296,0.49611300000000114,0.0,0.0,0.0,0.9631062874467763,6229.792385,19.592044,18.86922076033389
KwnjUuZhTMTSGAaavkLEmSyfobY16JNH4poL9oeeEvE,J63v6qEZmQpDqCD8bd4PXu2Pq5ZbyXrFcSa3Xt1HdAPQ,BnKQtTdLw9qPCDgZkWX3sURkBAoKCUYL1yahh6Mw7mRK,1463.6683700000015,63327.11498699989,32.72350686243785,0.022357186595784548,0.0032723506862437856,1.0,276421.576431,599.563927,6779.572690368787
HEDSDjj84KS7LKhZY7ejkCACTdPen62rKhCby1wXtgxc,EnnjMSFttpCTywBrYNt1J5QQeoSVkvzPipJDa8Y7kJow,6bjVT6JN2rSvpyn9PdfLYC8wJn4LWh49jpY47fnLDXZk,42.63020511600007,44.02045680899755,41.291196922477646,0.9685901536274837,0.01651647876899106,0.9999587866986063,38823.567964478,9064.394181598,46668.146267069445
KEVpg4SYCVrqFxKijQH6hm4QxsRdoE51ud64bEEFUC9,2bPenuBYfqzD8p5dFjCcggwkHDsc2RQDnx9AoyYGUBjA,AE6n6iLuX8oYu61vt5hoDYkjswpnxFxrhSehxrnQTnbx,89.4602073850001,89.70158534199982,89.21103374166589,0.9972146985724963,0.03568441349666635,0.9999576857905681,5892.368010122,1636.73367423,7512.620406230554
CZgvH45CRmoaNJ7395Ao5CQZXkGznvqU7cErD6n7FaRg,4ZjU6MKvtqVQKCiowhvZ5yUsPxXX5SCzd5eFsPeXyey5,BsyWeshjDbCvjDojry3vKDCesmFRM37WtwcR4Kfgzqr,40.021050419999824,38.57814327999995,41.38018465396866,1.0339604837880425,0.01655207386158746,1.0,204.60413167,600.98517833,812.5377652965456
KysFMBBoavfov2tLpvefWW6tPFt6rAeZWDJVy1mMQae,B8ka2V21TH3x64dFV8ETcjuQcwmrciJ2qzy1mJUttRew,7fSf7EYxBANyxzk2s5pymFgshA91tFYQNKKs5UnLWcYS,21.10410600000023,26.951521999988472,0.0,0.0,0.0,0.021809852675099477,134019.461358,2985.502259,65.11336442996668
B2izdXFYb2sNwbWWHmh75T4aQFtfXsUxem9u2p61HGzf,4DYwgJtxwuJdAjkj5RJSNH4e7U329V5cNp7d3a1nLrZv,EXNW64GEf1ACC6xY9BtKRiunrs6GoJSXBdxWN2eTPmrF,4413.859999000004,4344.56063,4402.43128737797,0.9974107217662946,0.4402431287377971,1.0,8933.004537,30823.070307,39732.94480979076
wrmcMSHFi3sWpAEy4rGDvQb3ezh3PhXoV2xNjgLBkKU,8p4mGnARWPBu6P2Gcw4adodLkNDorrXniZMhaY7eJXUn,AyY89zccbsgp9LKFgH4CFZMJmpSgqmPSdTfukhP227rc,0.012608480000000505,0.09769753000000751,4.58645287315365,363.7593804450232,0.00183458114926146,3794.922393837046,27.1167127,0.09245192,10214.806473018925
vEnkoSUkpnbRrPgBz9DfcVxNz67zjwMYBZraAvDDNSf,DtfyjjsZ5yCjWKLKHvwsfXs5QVsmm1QkK6Sh9JZHoq1g,e5wrKCRv4GhHvEf1VD5Pq2KGaZDXP77nTL612Jyrxwy,4213.002869000002,4212.199598999999,4209.938034111168,0.9992725295984523,0.42099380341111686,0.9977022916223937,919.027715,1032.03545,1948.0232830396837
SERgf3DMJpQxUifu7VoFKmfne73d2fDJxSrxUMrcNJB,AJfM2GZ2tTB8UtN2krcyR9xufRJEx2mhSCbJyMgPo3GU,F4yRYkufQvERZcEKnKjJwRLU1btiMBUuEwq46hfm11QD,6.550100000168868e-05,5.5770000031429845e-06,0.011251291087703022,171.77281396334334,4.500516435081209e-06,172.79205875344698,29.284858487,27.960816133,9861.749532877951
AUSejoEUCh2DBs9mof6BNC8Pubs22w4cJa1ccV9h44R,4xkyD7AfGQDwsQMy9MosRRNGoVJ1zosNinesxg1TzHG7,Cbm5gsQe3nSiCsFrvepVzMCD9xLK3ri9g3ypS2hdmVJ7,482.09137400000145,482.8094770000007,481.52221474217623,0.9988193954745491,0.048152221474217625,1.0,14834.87867,14044.038303,28861.402848107682
Lid8SLUxQ9RmF7XMqUA8c24RitTwzja8VSKngJxRcUa,4PgzyzLtds9bKZ2to9PMnKqJzKEUpjvNUaeN23phegax,AtymwxoVN9peZo7EXTcDz9jKVc4vRmisJKKrNfe3ewBa,49.73582608599918,41.96381057100018,10203.26931772869,205.14928816274247,1.020326931772869,173.07673668659126,958.213528325,7661.818452282,1522659.3580498614
SRMuKizofcAMicegrfSv7xs9q76tH1w8aAF7oX9FEWu,72Hj2KWntXPfbie4UgKeTPnm1XVkomDfCnRPKbvfTtPi,6aqJQ5wedqpUt4fFEDUqUmXhrdxCu4bEJsQdVPCADLko,0.022001999999702093,0.022001999999702093,0.0009853401431928295,0.04478411704418558,3.9413605727713187e-07,0.042218424534207294,16769.751918,5121.302014,967.2318352926104
BUSDTd9WiT6uBHJRgNvFXBsA7JrifsAtWzKfioN7ERcy,DyBxrn7gSc1EwnpWhDyhzvMHPtxpmBqRqotapLcKcfTM,Cds99GeBgoCpqBsoRWu1C6fF9LiUMd4pXQQD24s9LPff,265.6774286,265.33126178,264.72440485904315,0.9964128539410411,0.026472440485904317,0.9957233681338651,112.73998639,72.57484748,184.60004316672118
parEAJhzYzHW87y9VoZAQ22dzQ2MD2ekEtTReaxbMcz,3oyc6hpjYSJEquK6dSvG72NXyz3pqLZz5D8AC71pwgQb,Di2vordgFJVZ1aj1aBpvzXtLfZgJsuLLXawGtVFwX6Rz,3.482931585999978,4.1278367780000735,576.7472383316059,165.5924683246447,0.23069889533264237,196.05213732119063,1104.581892682,138.867626091,210135.73697578066
Dg3mAgpwDfVNnbGWcsxL8sUcSkEbjSJQhKAWNigG44Ju,EATxwd8YA2wV93VJcKMmH2Kn2Y9XfJVUB9hHVu3udwEy,GiGvrRi7NMHfHKanG2B8xyCEqe8jaafWins8bhrLVEaa,0.0009665320000000199,0.0009531600000000084,0.20134099285633308,208.3128058422576,8.053639714253323e-05,205.78972940502692,0.190825342,0.268885037,95.08514142311907
WiiQFxXqp8P9Fs1rt9SVcDyA3KUdJmUsog6wnVQAwba,3S2jpqSYxho6wiz3cafhjXruVY8cg4HYa2v3BqBHYFSj,Dfe67M6TfrG74gKRtdqys4e6E9QirPD53BkF4FujFjuv,1448.1987275010006,1450.9797529999978,1443.914949507102,0.9970419957478552,0.1443914949507102,0.9999634133386328,21487.339228458,5348.538985256,26772.122887724283
BUSD5rCfUDpCxKGMvYU2yThChxgHoioK74PTPociGnv2,CcFHbafgYDZ8yA8Me1PdtDiVb2eeaS61LbqyKKK5CsNZ,26R9s4nmF3CFDTkiePDwRmtscn8i7r2eygbSijditJ58,94.46835907,94.05554939,94.10635732209838,0.9961680106284752,0.009410635732209838,1.0,115.90424059,32.35757242,147.81766919194445
C98Sspw7XqnMsgxea3SLQVdbMDL8pKUc3RE82UvX9eq2,CSqgQJurPCzGxb4Cgwx5R61hWQUiaoUHcShNc8r1cKEL,6S2CR5EnukPhC914XkAns8m5GixjMAoUuZMsS5ubHuWc,24.353138999999942,24.339063000000124,0.0,0.0,0.0,1.0,857.207272,906.798894,906.798894
ercAoEmXjQzEvAFbdjAo81KtMxRGn9AW1ju882upmPH,CMRhskR2Eg6V42RTSdRTXGdozyPbWB8U9dVpijPWb9T4,7TKLLgrWswt6ZJ1pXhVR3FyufHGjJFqiEXxvWJfDcgRm,0.9731510340000114,0.8651297310000032,168.35969648056746,173.00469361733784,0.067343878592227,153.51486875937113,37.642785003,310.641329256,54200.44137831877
DFWzVTzNBrQZLjoQ4yQwkj9HuoXmfkuZP9V5vbymZe23,DhgiEgiNdqZdRdo195UUHnoEJUtefK8buko8nU97XJUZ,2K2kkXsouBHtWVjtcgkyiXd8eP3oVBvq1bTJzcVdLLr2,14.060044013996958,14.128081574002863,14.00284167759621,0.9959315677572701,0.005601136671038485,0.9999701418915332,37727.536570436,30221.356637247,67794.49892891658
KEnkcdADoLR5jS2CLLLesy8TtFsyWL37BhXNfDMzWzP,3qsjFRuw1qeLMPo4DLwaQevenGAGBj9dA3Q6rb8ax2YR,77iEv8zPQAEyCcEbvBRSB6AFcUdfkhiqnAKtPxk76rNN,0.012417000000000011,1.6110589999999974,9.190472849569066e-05,0.007401524401682417,3.6761891398276265e-08,0.9965082351440553,122.007802,0.27603,1.1781098918454505
MARpDPs5A7XiyCWPNH8GsMWPLxmwNn9SBmKvPa9LzgA,6YjT74rmcfCpw8LSjPNx5JTmZoYLGrTKnf9arfSgZ4SR,F8GSmi3vA8M8TsybLya1LQ4n1aFHCRbZ6k437PeTdXtg,41516.19676500002,42762.58507900039,40085.0792650782,0.9655286945472733,16.034031706031282,1.0,293279.059124,19000.498633,302169.84572704835
KEN5P7p3asnb23Sw6yAmJRGvijfAzso3RqfyLAQhznt,9zj4aX38Uxf3h6AUjS4EipWS8mwbEofasHAf3a1uKGds,CwQDG1MWunn9cLNwcZLd8YBacweSR7ARo32w4mLua1Yr,99780.02817199938,99794.50778599945,99735.04766550224,0.9995492033093075,9.973504766550224,1.0,1146000.876736,1080706.434478,2226190.6978112366
FrnkTEL6yZ5Aycq2TrEgu29dCrwKG4LPUZydfiwqspkc,DjvZuMZ46fxKBoBpGMPcRcos4xdTtHFxwMh69DpA2ZFY,9rvDPJLAng4uVVqnnSoEXgNDFhBZQTny9AoQioYDZbQX,55.69148291199872,46.30394452499979,11605.472559174816,208.38864315237004,4.642189023669926,172.09920762082828,170.960571057,1441.341432133,283679.9598162817
NorjjEePhxfwLF4vZjUHCrVVKLzQjEEGQFd3wgjEJmh,34M8pFVqgbV7aqHxvRT5tCv3vu2P1JJYT8J3VaxBK2oG,3AZWBSze3ucsY3xSeuLne3b2pauVqiaJ1SZSV5T9WGWw,1.8613869999994677,3.267672000001312,1.0540822613486887,0.5662886123890357,0.00042163290453947546,1.0,38237.245723,2130.660317,23783.97713905626
MATSnbbiTCv7Dc3trJrkrqjx7ckKdr6fwPoVwv9q3sD,631WX9JizSHJm4w6VanZeJAst9T8DeUUnPLesdGkCVtK,211maUSfpnXbPuW1iBu8b4dtJv5EbN1j7JJiEX5TZKEP,1637.537782000003,1636.454217999999,1635.6290029535564,0.9988343603015282,0.6542516011814226,0.997644561191028,20981.116407,24587.547002,45486.292524371805
MATgk4zXLXtYkwBH678J1xZbRDZ45LicNzkRBHkxTuY,y8dALFo1bJrSzPYjMX14HJX448pXqYmrfXHD1K8MXih,GN7Yuet3UyiWS5YVkEHv6oQKi4HGBJc3XDPt9zQhAqZz,392.7864120000004,392.20610200000056,393.48997207006164,1.0017912026703746,0.15739598882802466,1.0,3257.078938,4822.516462,8085.429488491366
MAR3XM1n9xWPQ3HJjAcC85o8DopWFP5p2WxGTaZ3fPB,6qG7GUhER8Cg9gDEgnebph9LdS6eu2eoWcA4R7z9uizK,4QV4CwRXVMY227KkFF9voNAfwWHVvVajXSXDKbUHkWZR,0.2673060000000014,0.006149000000000002,0.24918106751136007,0.9321940678898296,9.967242700454405e-05,0.021489506459100957,0.115033,24.146261,0.6261243119342083
ALLwa5WNZbvQsRKAqe1jdRGemdYQnW8E5k4msbRFcYtu,CGoM82Hbz7QVqTgvQatYtjvDWBvoUJp5qm21P8iMs9yb,3dxNNww8TivyN5FMy5dCNdi3Zcxv6e4kUfSPxfFwpdNq,21.63013307800001,21.61176228999998,82212.59246674273,3800.8361839604713,32.885036986697095,3807.5946282454984,4.16809158,4.542609051,33138.64711613195
heyk4SZTeCUV6a65WiVA5bzic3KcxgVf1qxobfeV4tQ,9ZDpBKPqMABtGfq66FbVribaArMvtk63xxy91onZAtDt,DaTP4s6N7xxSPinbNZ3FB52EpRDRt87QShTuN3VPCW52,62.675016104999486,54.04779038499987,12073.310181029197,192.63353934848257,4.829324072411679,172.60678534533872,614.978116207,4486.520225078,892869.244584376
C2ypsDADXcCRz8HbV2zX1AXPSja7a1P3xZtRC91xGhJh,J9bYNuDpY1d1T86gLaw7DGk5D3CsUAf2tzUwxMvb6FTv,A2NGvvPrMGzsJ4jb52KEnSBVmsA7C34dV1GC7PerdgvG,429.53552774999935,433.0544146899988,74234.59193621491,172.82526622436072,29.69383677448597,174.0421676325427,3814.183519428,1990.166751333,1005560.2175259241
RajgMbScQbqqrdJfR2rxfHJiTiY5b6bJ2tTXiF4aPxy,725ZA3fhyBAKb5iopNRrcbSuQa3LXA1656Q3mBvYPxeg,GLA6i1dSZpUfk2f9Nj8uiG7xyDdAR2reff8oEiZH3617,8376.516300019983,8375.342222920008,8378.347220238022,1.0002185777657993,3.3513388880952086,1.0,90553.73538572,93442.53273357,184016.0611524554
daob129AwBGn9Y5r91uLoWZeYiGzbPmksauMhFZKTze,6VW5GQNyj4LStgmxEHLr5zUfW92vQnmbw8jTnCH7a38F,4VPCCUifPeBA1c7HWK358CHn2nyjm8pdTRk6Ps3KmnMQ,28.08191228599999,24.93688826399999,5428.815786029521,193.320730110535,2.1715263144118087,173.00846495817348,48.205475944,224.31306303,48127.17650970622
JSoLLrxK5bYdHwTEWYaGgmeycBCNXKDiBCTw5hXGBg7,xG4wXczA7Dk4hccJ61CHKpDHW4NrNfQwgmWgkb9BuF2,BVR6WgfhsRr9Lob4QDnkEAiNGgAbv7ZieKcY9kSg3QYR,5.6872415049999745,4.849360258999997,1143.4495817850354,201.05521820723888,0.4573798327140142,173.3189062675756,17.141523087,164.606708386,31975.8473264285
YAkoNb6HKmSxQN9L8hiBE5tPJRsniSSMzND1boHmZxe,CfWX7o2TswwbxusJ4hCaPobu2jLCb1hfXuXJQjVq3jQF,EnTrdMMpdhugeH6Ban6gYZWXughWxKtVGfCwFn78ZmY3,4618916.45755501,4617464.939971006,4618916.45755501,1.0,461.89164575550103,0.9945726172277879,282732.124882,1213099.429609,1489247.5995457598
BSC8REUo9LpiiWUuqMuLXs2D2yJsJfGd4HdiF3wCLxk5,AZjEH1zWVx1UJ6udMyRijGTzPteuLnaY18yNNmprJEsh,Caf8ypkSVR8xYnXNhjvfvdGCC7mrM3C11rz8Xi6NA6aK,25.379322241000864,25.38323290999915,25.345705015844505,0.9986754088687976,0.010138282006337804,0.9999587926981117,3363.392603521,2856.284702881,6215.104486602594
DEDaBEWzMCXohXYXoLzB4jK1xqMsd3SS9izXp2xvg9pe,GC5zHpW5GuVdw3C7covC6viyGdLS8ZAaVGDKMeru7p78,F8juxtAFueW19vxkdDArUkjVWAv9QV6yy1wCXUWQiXvh,2327.100225520417,5520.742035029851,2327.100225520417,1.0,0.9308400902081669,0.0,38.1337582,8275234.23921236,38.1337582
GokA1R67GqSavkd15zR62QD68Tuc5AEfvjssntVDEbM8,3YB7hfpBdbQEuZqLGWVDpRPmeZWCUsrrWyqGXegnQ6Cg,4DPCj6Z1DsG6HUtwSogBGqXEUxdEV5a8YVrrFtcnz7UW,16315.847085,16315.988516999998,16315.19447722091,0.9999600015999359,1.631519447722091,1.0,18354.262903,14085.593389,32439.122150849522
SoN9GaFpSXfpyR5dth3x7PHPVhvJMpQqqDJfCSmPv1t,9kZ9iS68ViMPtoeqtnhAKuF2iqVyfHPdZHoUNdwCELr,BBhm5fJLjw3HRzjtKB8uMEYjGhY6EDm9co3cqpjrSzB9,1.499091650999999,1.4652718949999992,312.46536588416126,208.43646595971967,0.1249861463536645,202.82873060855923,1.908815802,3.284931749,1064.1453567223723
BSCrK1Nx9PXU9mF7STWWBqeHLxmtJDr9h7jheEy4tAWX,FfSySSbVJPvEo5a5AvrP3nySoXpRE2QPn1uUMpJJ1x7v,HL7Vcj6838ZmvBHDbQxXfjBNckNi83WvPiZQoMQLFeRM,0.10438890099999998,0.10424958400000006,398.272826816836,3815.2794310655313,0.15930913072673442,3810.104396860474,0.837700047,0.966856599,6879.884337705193
