0,1,2,3,4,5,6,7,8,9,10,11
AUSejoEUCh2DBs9mof6BNC8Pubs22w4cJa1ccV9h44R,4xkyD7AfGQDwsQMy9MosRRNGoVJ1zosNinesxg1TzHG7,Cbm5gsQe3nSiCsFrvepVzMCD9xLK3ri9g3ypS2hdmVJ7,1368.7846860000009,1367.6540219999988,1370.0204444408864,1.0009028143385332,0.13700204444408864,1.0,14144.531208,14733.641623,28890.94271658641
BerKDkt6v49dT1bHRedgnpsJS263C1DSJtEGvY9Mg35V,78XKqNb8wbfsMMrvo8WPUpdx7GEkfQutpNVH943aCGFa,DKYQwn4nDvFHCszi5tXbqfVMAP7DaXXp1KGTXEnYnKVH,268.4959405540003,267.89515474400014,269.00782747867464,1.001906497817502,0.10760313099146988,0.999926568392597,1337.244815495,1688.072572841,3027.7428847757706
ALLwa5WNZbvQsRKAqe1jdRGemdYQnW8E5k4msbRFcYtu,CGoM82Hbz7QVqTgvQatYtjvDWBvoUJp5qm21P8iMs9yb,3dxNNww8TivyN5FMy5dCNdi3Zcxv6e4kUfSPxfFwpdNq,1.8744082659999999,1.862564137999999,5864.6734019586365,3128.8132411376364,2.3458693607834546,3111.8427399152956,1.277064362,7.409188214,27051.924438012466
HEDSDjj84KS7LKhZY7ejkCACTdPen62rKhCby1wXtgxc,EnnjMSFttpCTywBrYNt1J5QQeoSVkvzPipJDa8Y7kJow,6bjVT6JN2rSvpyn9PdfLYC8wJn4LWh49jpY47fnLDXZk,11.221164043998215,11.354566317004355,10.872656764157485,0.9689419672973114,0.004349062705662994,0.9999222660430378,38827.571881824,9060.476337598,46681.43591547263
STK75uPSyBnEhGTTzb1nwmP3n427XoXmfRhXxxhyady,6TYyD5fUmDe6N65avW1Ny2RxzRNobw2RRgKwH9CTzSAU,54zDfk4cx2vGrEajPtodWpArNe5eUurytyxd4X3aZAxK,317.20020596300037,358.10917196099757,55190.37202897395,173.99223263875055,5.519037202897395,196.8229237297393,1808.368878359,314.701505722,376582.60903847084
BkwbeSfcX1h4thMDd7obGkHrPevf3QwgzJ4pCEqG18Lu,35yX27bmurdebhfAb8EPmjLETDiUaEUCn9zHaDPbakH2,2CxECn1ZJFoESyUnQysQU8rRgT3iJ5GRs2Mdd6gZjx5g,0.1630987200000007,0.10615536000000003,362.78019484852683,2224.2982339072023,0.14511207793941072,1506.0240963855422,0.92007253,21.91098061,35044.98047764192
BUSDTd9WiT6uBHJRgNvFXBsA7JrifsAtWzKfioN7ERcy,DyBxrn7gSc1EwnpWhDyhzvMHPtxpmBqRqotapLcKcfTM,Cds99GeBgoCpqBsoRWu1C6fF9LiUMd4pXQQD24s9LPff,196.93571838000003,197.29095891999998,196.1486288540249,0.9960033175675305,0.01961486288540249,1.000004000016,109.74049604,64.45319034,173.75534628113905
YakoMPuYrybnr9R7VC7hVGxMz94fJvPFCdZ4gmW61Ed,,,0.019330999999999987,0.019413000000000125,0.0,0.0,0.0,1.000004000016,109.74049604,64.45319034,64.45344815379262
KZMu9QBEdL97EFgamLbN5DE1AoKBG4HdrKKJo4Vuon3,DD4ACBWyVqdaKWh7v5btsgqQCCMwbKnuL2xd9pv7Gyuw,GcYqiJ1MAuYbNTNYXm1F1gQYTfTgkErACAhNU5dpVj9T,1030.8500636599997,1043.2375729300002,1028.8848421672183,0.998093591335869,0.4115539368668873,1.0,1395.9983931,1692.28222731,3085.619276978281
Lid8SLUxQ9RmF7XMqUA8c24RitTwzja8VSKngJxRcUa,4PgzyzLtds9bKZ2to9PMnKqJzKEUpjvNUaeN23phegax,AtymwxoVN9peZo7EXTcDz9jKVc4vRmisJKKrNfe3ewBa,48.72966220999342,41.1621335250004,10045.67323072233,206.1510951467703,1.0045673230722332,174.19393498524926,960.50910214,7659.072322223,1532173.9494492374
Cob4usZcpHEY7Qt4ZCwj6WVg9S44zvzYV2v9qYF65dTf,NhFM9UXE48PyNAyeyPYA3iXztqKVJwA4bTdLj4ysM8w,6TuFuynuBoeskxyR2cz4wxyidk8dpDK7kAWw3UkjQGx,11.492816999999974,1532.7015719999908,0.08541287033930298,0.007431848113417552,3.4165148135721194e-05,1.0,73696.337975,165.726894,713.4268843452861
WiiQFxXqp8P9Fs1rt9SVcDyA3KUdJmUsog6wnVQAwba,3S2jpqSYxho6wiz3cafhjXruVY8cg4HYa2v3BqBHYFSj,Dfe67M6TfrG74gKRtdqys4e6E9QirPD53BkF4FujFjuv,7906.338909149996,7888.394394452001,7947.5779373575915,1.0052159449122362,0.7947577937357592,0.9999222680427268,4054.736585932,22779.593304299,26853.708470523416
vEnkoSUkpnbRrPgBz9DfcVxNz67zjwMYBZraAvDDNSf,DtfyjjsZ5yCjWKLKHvwsfXs5QVsmm1QkK6Sh9JZHoq1g,e5wrKCRv4GhHvEf1VD5Pq2KGaZDXP77nTL612Jyrxwy,2426.7629540000003,2428.3390779999995,2424.7964440838487,0.9991896571880207,0.24247964440838488,0.9973848569051946,1233.869103,715.49779,1946.4959069365937
wrmcMSHFi3sWpAEy4rGDvQb3ezh3PhXoV2xNjgLBkKU,8p4mGnARWPBu6P2Gcw4adodLkNDorrXniZMhaY7eJXUn,AyY89zccbsgp9LKFgH4CFZMJmpSgqmPSdTfukhP227rc,0.0077512100000026035,0.03180111999999484,2.931057171272789,378.1418863986145,0.0011724228685091158,3126.367785906334,26.99257559,0.10575439,10537.650570473968
daob129AwBGn9Y5r91uLoWZeYiGzbPmksauMhFZKTze,6VW5GQNyj4LStgmxEHLr5zUfW92vQnmbw8jTnCH7a38F,4VPCCUifPeBA1c7HWK358CHn2nyjm8pdTRk6Ps3KmnMQ,14.01900313599991,12.492441054000011,2766.438765101777,197.33491306509075,1.1065755060407108,174.1492201075476,45.409782545,227.388247889,48560.42152231331
MATgk4zXLXtYkwBH678J1xZbRDZ45LicNzkRBHkxTuY,y8dALFo1bJrSzPYjMX14HJX448pXqYmrfXHD1K8MXih,GN7Yuet3UyiWS5YVkEHv6oQKi4HGBJc3XDPt9zQhAqZz,3773.4817990000006,3771.217390999999,3766.6566172096173,0.9981912774053416,1.5066626468838469,1.0,5178.44362,2898.584168,8067.661420019342
C2ypsDADXcCRz8HbV2zX1AXPSja7a1P3xZtRC91xGhJh,J9bYNuDpY1d1T86gLaw7DGk5D3CsUAf2tzUwxMvb6FTv,A2NGvvPrMGzsJ4jb52KEnSBVmsA7C34dV1GC7PerdgvG,342.74224954800025,345.41969900300046,59624.70631415133,173.96368960285133,23.84988252566053,175.2663434988981,4314.701336473,2191.849931153,1134758.8869586946
Sid7E679i9ABqptiAVhkmQ27YHN8vaYT4fppPwmxFsJ,GP7KB8o1bv527HG8kTzzzf4wJ5aEGHvcMQvVhLziUfmT,9gYxhAZ1M9wu5pxr8SBoa5NDm21gi3s9vMHaYTME77sa,691.9830649999858,1331.4241290000064,5.14271303613704,0.007431848113417552,0.002057085214454816,0.022975027064581884,136114.826646,8654.876307,1210.4307350111658
SoNcU2iwHMw6dGzsYNQkYFkUjwN1UdAjrWVRnStrZu2,8ivTTid27jZnYNc4w3CTA1Z6QS2twsFb8WMwUabeDJgc,CyXm53PMvHCbeXJBykU46Rcbo28xk5srhMZFg7gv6EYB,0.980114464000005,0.971980481000001,202.71474995367166,206.82762820003708,0.08108589998146867,204.67841643584057,15.30396688,19.394893539,7134.999268346558
Lee1XZJfJ9Hm2K1qTyeCz1LXNc1YBZaKZszvNY4KCDw,9DgFSWkPDGijNKcLGbr3p5xoJbHsPgXUTr6QvGBJ5vGN,2hNHZg7XBhuhHVZ3JDEi4buq2fPQwuWBdQ9xkH7t1GQX,1034.8727480940406,871.0287818060197,214042.04676949958,206.8293393209048,21.404204676949956,173.4881333249365,6682.693680331,53927.646797005,10737983.896205736
SAMyS8Jr2HJrkFwYVKbpUwsNStnQmvz3f8Tup8bWUWF,6jPzm5TFfquvgm25sTyN3MMGBfufRaFHMxobDWv6hMFW,Cj9ECoDmxsHTDzCY5ZA6RWrPbg9uFzEC1Qc2kso2vJG6,483.04483451000124,11.548888359999978,482.1239536523276,0.998093591335869,0.19284958146093106,0.023038418613457196,500.34610952,108073.64415507,2989.2381004880613
KwnjUuZhTMTSGAaavkLEmSyfobY16JNH4poL9oeeEvE,J63v6qEZmQpDqCD8bd4PXu2Pq5ZbyXrFcSa3Xt1HdAPQ,BnKQtTdLw9qPCDgZkWX3sURkBAoKCUYL1yahh6Mw7mRK,269.8657290000076,9678.055919999839,6.1330399387737975,0.02272626450753821,0.0006133039938773797,1.0,276045.293502,607.835154,6881.3135101874705
KEVpg4SYCVrqFxKijQH6hm4QxsRdoE51ud64bEEFUC9,2bPenuBYfqzD8p5dFjCcggwkHDsc2RQDnx9AoyYGUBjA,AE6n6iLuX8oYu61vt5hoDYkjswpnxFxrhSehxrnQTnbx,2665.3460013569993,2664.189008895,2667.156146890771,1.0006791409193592,1.0668624587563087,0.9999212701988696,3129.209327485,4396.146334644,7527.134728501868
oKQqupM9E7SSLAFDLxr7mdsXP7znck9qRbVWc6Yyj7Q,CMR2J7CwfW98RpvnJmFBgRFTLAd3x8CJ1SWs8Bt3uunG,FmRb5jHfSNj1YWP3b45d9vvYuhwjp4om8bALmtqZpr1v,473.29990818999977,466.88436657999955,479.1034269405241,1.0122618209936238,0.19164137077620969,1.0,2176.16186239,3720.30118522,5923.146754819778
ercAoEmXjQzEvAFbdjAo81KtMxRGn9AW1ju882upmPH,CMRhskR2Eg6V42RTSdRTXGdozyPbWB8U9dVpijPWb9T4,7TKLLgrWswt6ZJ1pXhVR3FyufHGjJFqiEXxvWJfDcgRm,2.5258922980000023,2.29166591300001,440.06180954302397,174.220337855048,0.17602472381720957,151.34683548901677,35.54285717,323.912540228,55215.42652320776
GokA1R67GqSavkd15zR62QD68Tuc5AEfvjssntVDEbM8,3YB7hfpBdbQEuZqLGWVDpRPmeZWCUsrrWyqGXegnQ6Cg,4DPCj6Z1DsG6HUtwSogBGqXEUxdEV5a8YVrrFtcnz7UW,9136.468742000005,9135.938217000004,9136.61492783885,1.0000160002560041,0.913661492783885,1.0,16143.616373,16282.880966,32426.7556409948
BSC8REUo9LpiiWUuqMuLXs2D2yJsJfGd4HdiF3wCLxk5,AZjEH1zWVx1UJ6udMyRijGTzPteuLnaY18yNNmprJEsh,Caf8ypkSVR8xYnXNhjvfvdGCC7mrM3C11rz8Xi6NA6aK,2385.573838106,2387.956501729,2384.0222592031764,0.9993495992963874,0.9536089036812705,0.9999212711987122,3332.157797541,2880.028572462,6209.792391029747
C98Sspw7XqnMsgxea3SLQVdbMDL8pKUc3RE82UvX9eq2,CSqgQJurPCzGxb4Cgwx5R61hWQUiaoUHcShNc8r1cKEL,6S2CR5EnukPhC914XkAns8m5GixjMAoUuZMsS5ubHuWc,42.14324199999976,42.13950699999987,0.0,0.0,0.0,1.0,872.049478,891.860997,891.860997
BkMBnJpvHKtWhUvrgRrLesXfi9RUV3ELgdBaJcdH7hcY,5uerVwBnZQsuVhZ15igs7ZgmcqhHnYWbwoRtLyRqLvR,9YWiQh5d4jCtgMdzcGLv9bWgnLaFtzvDDh2nnhJdzhBX,1.4684738939999988,1.4598249719999785,1.4782334499272725,1.0066460534076567,0.000591293379970909,0.9999212721985548,918.704587353,1955.76814113,2880.4245149105195
BSCrK1Nx9PXU9mF7STWWBqeHLxmtJDr9h7jheEy4tAWX,FfSySSbVJPvEo5a5AvrP3nySoXpRE2QPn1uUMpJJ1x7v,HL7Vcj6838ZmvBHDbQxXfjBNckNi83WvPiZQoMQLFeRM,0.3345804990000003,0.3340488739999997,1048.9699336282501,3135.1795360561323,0.41958797345130006,3128.8132411376364,0.838420608,0.966032358,5651.133965887153
FrnkTEL6yZ5Aycq2TrEgu29dCrwKG4LPUZydfiwqspkc,DjvZuMZ46fxKBoBpGMPcRcos4xdTtHFxwMh69DpA2ZFY,9rvDPJLAng4uVVqnnSoEXgNDFhBZQTny9AoQioYDZbQX,119.52696119799771,99.73553923600036,25056.550295914567,209.63094890706807,10.022620118365827,174.3177334650478,171.544261488,1440.560869097,287076.2919347201
RajgMbScQbqqrdJfR2rxfHJiTiY5b6bJ2tTXiF4aPxy,725ZA3fhyBAKb5iopNRrcbSuQa3LXA1656Q3mBvYPxeg,GLA6i1dSZpUfk2f9Nj8uiG7xyDdAR2reff8oEiZH3617,2572.3702738699794,2572.8270769200026,2572.082123509683,0.9998879825493151,1.0288328494038732,1.0,83191.62571015,100752.59704843,183934.9038447496
SoN9GaFpSXfpyR5dth3x7PHPVhvJMpQqqDJfCSmPv1t,9kZ9iS68ViMPtoeqtnhAKuF2iqVyfHPdZHoUNdwCELr,BBhm5fJLjw3HRzjtKB8uMEYjGhY6EDm9co3cqpjrSzB9,0.1669595620000004,0.16499974800000017,34.96135562300109,209.4001397955333,0.013984542249200439,203.64761387109067,0.85388894,1.409307591,465.8065915234247
YAkoNb6HKmSxQN9L8hiBE5tPJRsniSSMzND1boHmZxe,CfWX7o2TswwbxusJ4hCaPobu2jLCb1hfXuXJQjVq3jQF,EnTrdMMpdhugeH6Ban6gYZWXughWxKtVGfCwFn78ZmY3,6212706.034888013,6214058.895951022,6212706.034888013,1.0,621.2706034888014,0.9974982743279854,985390.822734,505042.407412,1489169.7525899215
BUSDgu5JdqP1rndBvXvanbEufS94FNh1w5FJcAj6vawb,Bgzr8cWubt89JQFXndVjtdKmDbGzuPxNhvjH1EhWCwbo,Dxaf8xPBBQsasRKW5Aa4Sw2YrbfGofY9xZueyyF23FBW,2607.374940310001,2613.7375001800046,2601.9424747141693,0.9979165000354012,1.0407769898856678,1.0,8891.07879847,6224.85903841,15097.413274518141
BSCNHw8CmxbZ8hCWWzMf5FaG2ajPT6JxfznKUNuRVrn4,7n9kgNL633yGzCYksgnzHyjG73ZLBAwvEae5sbAekbzW,SscdxE99omdG9AiMVwmaEMQySQnCgeAh1sPj2Leutm2,635.5042636199987,633.8551567059985,637.150390714991,1.0025902691598252,0.2548601562859964,0.9999222740417941,4903.576766191,6801.625462217,11717.37514922189
ACUSESXyNnwRLAg1dpSGMLSzUDdLjUMybY8rkXiAKhCP,AhFPQdu8GKBsxuhiH46UmCu1YpaLgNpoP325HnYtsgas,A8wxWpT3aFEr2XqZp1kDmbxbFfcBE95UUmdsNTDBJYbT,409.696043249,409.859189042,409.66378714172805,0.9999212681991845,0.1638655148566912,0.9878330080272466,1045.506892269,1840.979146512,2864.004545642989
KEN5P7p3asnb23Sw6yAmJRGvijfAzso3RqfyLAQhznt,9zj4aX38Uxf3h6AUjS4EipWS8mwbEofasHAf3a1uKGds,CwQDG1MWunn9cLNwcZLd8YBacweSR7ARo32w4mLua1Yr,50275.868593000574,50280.67125899927,50204.32742641793,0.998577027735477,5.020432742641793,1.0,1142662.431075,1095775.228922,2236811.683049868
parEAJhzYzHW87y9VoZAQ22dzQ2MD2ekEtTReaxbMcz,3oyc6hpjYSJEquK6dSvG72NXyz3pqLZz5D8AC71pwgQb,Di2vordgFJVZ1aj1aBpvzXtLfZgJsuLLXawGtVFwX6Rz,2.0754161659999113,2.4422093499997573,344.5835137813921,166.03104448469776,0.13783340551255688,201.10620479006823,1103.015223508,140.185238648,211326.89095364485
BSCuChvaSj9b5HUSqgDVRzcnr2sSn7cXaamt1jbKH6hn,GnKpRj5kBVPMJfiwZtEuD9GYApLzPdW5JFuZTcyX4BTc,3dmwD9okkomV9nDwyuh4UMhKdUR13QpuKxRo89ycZB5t,1658.239276577,1660.2466888440001,1655.2488609483403,0.9981966320114956,0.6620995443793362,0.9986597985503455,1749.418212821,1253.49457092,2998.0780036964106
AURHmCnNwiW4uA2Qj1XvEh4iKgRUZYXtiY7FKAapUV5Y,BKWm4TRnTeKwfWXRyuzjRHU7iZDkPuXBX5b5V5jSVfGJ,A5Ww74HVrkj9nPeC7pHKLfgeDMEhBCpW1efQdz3TGLEg,0.005294287999959124,0.004732710999974188,1.0317248862434403,194.87509675548554,0.0004126899544973762,174.4100666699921,290.130493989,1795.061460677,369615.99712123215
JSoLLrxK5bYdHwTEWYaGgmeycBCNXKDiBCTw5hXGBg7,xG4wXczA7Dk4hccJ61CHKpDHW4NrNfQwgmWgkb9BuF2,BVR6WgfhsRr9Lob4QDnkEAiNGgAbv7ZieKcY9kSg3QYR,2.0709025439999316,1.762318461999996,424.38388568677635,204.92701934060224,0.16975355427471056,174.77173500620177,17.052305914,164.69204997,32277.993538825125
heyk4SZTeCUV6a65WiVA5bzic3KcxgVf1qxobfeV4tQ,9ZDpBKPqMABtGfq66FbVribaArMvtk63xxy91onZAtDt,DaTP4s6N7xxSPinbNZ3FB52EpRDRt87QShTuN3VPCW52,28.451197300997592,24.623335081999926,5723.047401734702,201.15313043553473,2.2892189606938813,174.40869783152434,620.725429123,4479.763816185,906170.636982638
B2izdXFYb2sNwbWWHmh75T4aQFtfXsUxem9u2p61HGzf,4DYwgJtxwuJdAjkj5RJSNH4e7U329V5cNp7d3a1nLrZv,EXNW64GEf1ACC6xY9BtKRiunrs6GoJSXBdxWN2eTPmrF,5616.945141999997,5541.807844999994,5659.772641578824,1.007624696075201,0.5659772641578824,1.0,9007.658201,30745.057765,39821.39662213192
MARpDPs5A7XiyCWPNH8GsMWPLxmwNn9SBmKvPa9LzgA,6YjT74rmcfCpw8LSjPNx5JTmZoYLGrTKnf9arfSgZ4SR,F8GSmi3vA8M8TsybLya1LQ4n1aFHCRbZ6k437PeTdXtg,14352.154054000017,15059.611640999909,13661.744151556935,0.9518950326309618,5.464697660622774,1.0,296442.420323,15762.237962,297944.3053285634
