0,1,2,3,4,5,6,7,8,9,10,11
DFWzVTzNBrQZLjoQ4yQwkj9HuoXmfkuZP9V5vbymZe23,DhgiEgiNdqZdRdo195UUHnoEJUtefK8buko8nU97XJUZ,2K2kkXsouBHtWVjtcgkyiXd8eP3oVBvq1bTJzcVdLLr2,14.060044013996958,14.128081574002863,14.001451314595146,0.995832680228918,0.005600580525838058,0.9998603235122466,37727.536570436,30221.356637247,67787.44928566857
4vezWG46exH6pf9nry3n1VJ7hZHvjBJNgNeF4qEFCML5,,,0.35122499999999945,0.34994499999999995,0.0,0.0,0.0,0.9998603235122466,37727.536570436,30221.356637247,30217.135424296768
FrnkTEL6yZ5Aycq2TrEgu29dCrwKG4LPUZydfiwqspkc,DjvZuMZ46fxKBoBpGMPcRcos4xdTtHFxwMh69DpA2ZFY,9rvDPJLAng4uVVqnnSoEXgNDFhBZQTny9AoQioYDZbQX,36.78694548000021,30.596090075999967,7779.378363581158,211.47116897244257,3.111751345432463,175.63114368717564,171.210465532,1441.02713912,289295.3218142725
BSC8REUo9LpiiWUuqMuLXs2D2yJsJfGd4HdiF3wCLxk5,AZjEH1zWVx1UJ6udMyRijGTzPteuLnaY18yNNmprJEsh,Caf8ypkSVR8xYnXNhjvfvdGCC7mrM3C11rz8Xi6NA6aK,3737.7078778030013,3750.9818016509985,3732.6886470926033,0.9986571367066417,1.4930754588370414,0.9960891111040623,3363.392603521,2856.284702881,6203.990117805445
SRMuKizofcAMicegrfSv7xs9q76tH1w8aAF7oX9FEWu,72Hj2KWntXPfbie4UgKeTPnm1XVkomDfCnRPKbvfTtPi,6aqJQ5wedqpUt4fFEDUqUmXhrdxCu4bEJsQdVPCADLko,800.0854449999988,803.1181749999996,35.07998588356735,0.04384529940244995,0.014031994353426943,0.04361649481622321,16769.751918,5121.280012,958.6470768453449
BUSDgu5JdqP1rndBvXvanbEufS94FNh1w5FJcAj6vawb,Bgzr8cWubt89JQFXndVjtdKmDbGzuPxNhvjH1EhWCwbo,Dxaf8xPBBQsasRKW5Aa4Sw2YrbfGofY9xZueyyF23FBW,4691.28450155,4687.508655980004,4697.502914983767,1.0013255246898185,1.8790011659935069,1.0,7043.04325008,8088.32626466,15140.70524245944
Sid7E679i9ABqptiAVhkmQ27YHN8vaYT4fppPwmxFsJ,GP7KB8o1bv527HG8kTzzzf4wJ5aEGHvcMQvVhLziUfmT,9gYxhAZ1M9wu5pxr8SBoa5NDm21gi3s9vMHaYTME77sa,1347.2054309999967,4179.346401000013,10.046489442842873,0.00745728098452336,0.004018595777137149,0.022811925709770257,135880.231666,8733.72377,1212.5301255863853
ercAoEmXjQzEvAFbdjAo81KtMxRGn9AW1ju882upmPH,CMRhskR2Eg6V42RTSdRTXGdozyPbWB8U9dVpijPWb9T4,7TKLLgrWswt6ZJ1pXhVR3FyufHGjJFqiEXxvWJfDcgRm,0.0,0.000209140000009711,0.0,176.16836622161838,0.0,156.3090555150368,37.632439042,310.652583411,55187.45720924338
KZMu9QBEdL97EFgamLbN5DE1AoKBG4HdrKKJo4Vuon3,DD4ACBWyVqdaKWh7v5btsgqQCCMwbKnuL2xd9pv7Gyuw,GcYqiJ1MAuYbNTNYXm1F1gQYTfTgkErACAhNU5dpVj9T,150.0271570199991,149.43744868000022,150.578205491907,1.0036729914960292,0.06023128219676279,1.0,1417.71338899,1670.58566352,3093.506301731567
ALLwa5WNZbvQsRKAqe1jdRGemdYQnW8E5k4msbRFcYtu,CGoM82Hbz7QVqTgvQatYtjvDWBvoUJp5qm21P8iMs9yb,3dxNNww8TivyN5FMy5dCNdi3Zcxv6e4kUfSPxfFwpdNq,13.008837898000005,12.988935765000004,49652.05304580154,3816.793893129771,19.86082121832062,3814.857343409643,2.705443191,6.001750758,33221.94200208901
B2izdXFYb2sNwbWWHmh75T4aQFtfXsUxem9u2p61HGzf,4DYwgJtxwuJdAjkj5RJSNH4e7U329V5cNp7d3a1nLrZv,EXNW64GEf1ACC6xY9BtKRiunrs6GoJSXBdxWN2eTPmrF,4259.011765000007,4189.734891000002,4321.847099986713,1.0147535011532673,0.43218470999867137,1.0,8670.238478,31089.706307,39887.86115838427
SoN9GaFpSXfpyR5dth3x7PHPVhvJMpQqqDJfCSmPv1t,9kZ9iS68ViMPtoeqtnhAKuF2iqVyfHPdZHoUNdwCELr,BBhm5fJLjw3HRzjtKB8uMEYjGhY6EDm9co3cqpjrSzB9,1.3299236409999986,1.2997929599999996,282.05480045597915,212.08345483947934,0.11282192018239166,199.5051872346207,1.876610424,3.317836124,1059.9235392421085
Lee1XZJfJ9Hm2K1qTyeCz1LXNc1YBZaKZszvNY4KCDw,9DgFSWkPDGijNKcLGbr3p5xoJbHsPgXUTr6QvGBJ5vGN,2hNHZg7XBhuhHVZ3JDEi4buq2fPQwuWBdQ9xkH7t1GQX,1676.821962471884,1410.7587182319985,351933.12234802387,209.88103103636732,35.193312234802384,176.48129130654922,6670.433216629,53916.507695713,10915252.301844254
C98Sspw7XqnMsgxea3SLQVdbMDL8pKUc3RE82UvX9eq2,CSqgQJurPCzGxb4Cgwx5R61hWQUiaoUHcShNc8r1cKEL,6S2CR5EnukPhC914XkAns8m5GixjMAoUuZMsS5ubHuWc,18.986016000000177,18.974284000000125,0.0,0.0,0.0,1.0,857.064845,906.937372,906.937372
ALBpShJ9NLpE739pcHDF2LNVk5J4VYPvvKuV6jMPitZi,D6d156U1bPiJpDYRLextvDRccgFk7QzkQbJg42ceKEu5,GNcM8U5g8RwTZffwwm3kSQqUNPSwv5d2fbN9sLxPJqt2,17166.545204999988,17190.234491999974,17142.63123442796,0.9986069433140768,6.857052493771184,0.9957729438533425,52867.97442,47457.156336,100050.87860637004
MATgk4zXLXtYkwBH678J1xZbRDZ45LicNzkRBHkxTuY,y8dALFo1bJrSzPYjMX14HJX448pXqYmrfXHD1K8MXih,GN7Yuet3UyiWS5YVkEHv6oQKi4HGBJc3XDPt9zQhAqZz,562.5321320000003,561.859762000001,563.5956369669568,1.001890567500874,0.22543825478678273,1.0,3209.874608,4869.76981,8085.712902615765
SoNcU2iwHMw6dGzsYNQkYFkUjwN1UdAjrWVRnStrZu2,8ivTTid27jZnYNc4w3CTA1Z6QS2twsFb8WMwUabeDJgc,CyXm53PMvHCbeXJBykU46Rcbo28xk5srhMZFg7gv6EYB,6.604183742000004,6.527466406000006,1382.8228907355335,209.38589002927424,0.5531291562942134,205.9959233406771,12.918360857,17.476067325,6304.921110739495
CZgvH45CRmoaNJ7395Ao5CQZXkGznvqU7cErD6n7FaRg,4ZjU6MKvtqVQKCiowhvZ5yUsPxXX5SCzd5eFsPeXyey5,BsyWeshjDbCvjDojry3vKDCesmFRM37WtwcR4Kfgzqr,40.021050419999824,38.57814327999995,41.38018465396866,1.0339604837880425,0.01655207386158746,1.0,204.60413167,600.98517833,812.5377652965456
Cob4usZcpHEY7Qt4ZCwj6WVg9S44zvzYV2v9qYF65dTf,NhFM9UXE48PyNAyeyPYA3iXztqKVJwA4bTdLj4ysM8w,6TuFuynuBoeskxyR2cz4wxyidk8dpDK7kAWw3UkjQGx,28.02519599999991,3688.436865999989,0.20899176121833943,0.00745728098452336,8.359670448733578e-05,1.0,73651.09322,166.097606,715.3345029588634
daob129AwBGn9Y5r91uLoWZeYiGzbPmksauMhFZKTze,6VW5GQNyj4LStgmxEHLr5zUfW92vQnmbw8jTnCH7a38F,4VPCCUifPeBA1c7HWK358CHn2nyjm8pdTRk6Ps3KmnMQ,19.74794837799992,17.610899069999938,3949.9104083251395,200.01624131879507,1.5799641633300558,175.08691752303136,44.900957251,228.034166274,48906.71996380998
MARpDPs5A7XiyCWPNH8GsMWPLxmwNn9SBmKvPa9LzgA,6YjT74rmcfCpw8LSjPNx5JTmZoYLGrTKnf9arfSgZ4SR,F8GSmi3vA8M8TsybLya1LQ4n1aFHCRbZ6k437PeTdXtg,224485.5084499998,227605.95699899993,216873.25712491528,0.9660902328277462,86.74930284996611,1.0,292834.278432,19426.334969,302330.671199316
SERgf3DMJpQxUifu7VoFKmfne73d2fDJxSrxUMrcNJB,AJfM2GZ2tTB8UtN2krcyR9xufRJEx2mhSCbJyMgPo3GU,F4yRYkufQvERZcEKnKjJwRLU1btiMBUuEwq46hfm11QD,6.550100000168868e-05,5.5770000031429845e-06,0.01150898398688816,175.7069966350353,4.603593594755264e-06,174.13736268615938,29.284858487,27.960816133,10014.577311586032
BkwbeSfcX1h4thMDd7obGkHrPevf3QwgzJ4pCEqG18Lu,35yX27bmurdebhfAb8EPmjLETDiUaEUCn9zHaDPbakH2,2CxECn1ZJFoESyUnQysQU8rRgT3iJ5GRs2Mdd6gZjx5g,0.15879002000000852,0.10861838000000013,402.6728711264607,2535.882740782066,0.1610691484505843,1724.1379310344828,0.92610553,21.9022468,40110.98951242845
vEnkoSUkpnbRrPgBz9DfcVxNz67zjwMYBZraAvDDNSf,DtfyjjsZ5yCjWKLKHvwsfXs5QVsmm1QkK6Sh9JZHoq1g,e5wrKCRv4GhHvEf1VD5Pq2KGaZDXP77nTL612Jyrxwy,4846.481846,4845.649918999999,4841.901407268724,0.9990548940702096,0.4841901407268724,0.9978456512389751,907.15642,1043.86581,1947.9160200737606
WiiQFxXqp8P9Fs1rt9SVcDyA3KUdJmUsog6wnVQAwba,3S2jpqSYxho6wiz3cafhjXruVY8cg4HYa2v3BqBHYFSj,Dfe67M6TfrG74gKRtdqys4e6E9QirPD53BkF4FujFjuv,6129.813581727,6137.594611192997,6111.466238924732,0.9970068677362455,0.6111466238924733,0.9998608743586375,21491.608650369,5344.248430552,26770.786331679094
TETFuZgEmET6d9vYmz9iMFCxK1jKdKYxf3oPz8hSzJK,Eu1Ze6Z84LWNkq7SNoAHBJbXx5t1P95EwyqYohrfCRFV,ASMbv7WNu3qe4pkhREmvyEdwFNDZQ6B6iSrjkj4u8bdC,117.651340438,117.73652938100001,117.20039445746615,0.9961670986590119,0.046880157782986466,0.9993955895329445,196.663836999,54.971705673,250.84852411314202
BSCrK1Nx9PXU9mF7STWWBqeHLxmtJDr9h7jheEy4tAWX,FfSySSbVJPvEo5a5AvrP3nySoXpRE2QPn1uUMpJJ1x7v,HL7Vcj6838ZmvBHDbQxXfjBNckNi83WvPiZQoMQLFeRM,0.00300083200000012,0.0029979410000000595,11.489648782243917,3828.8210677050424,0.004595859512897567,3822.1916446890646,0.838132202,0.966383468,6902.76104949486
C2ypsDADXcCRz8HbV2zX1AXPSja7a1P3xZtRC91xGhJh,J9bYNuDpY1d1T86gLaw7DGk5D3CsUAf2tzUwxMvb6FTv,A2NGvvPrMGzsJ4jb52KEnSBVmsA7C34dV1GC7PerdgvG,306.4234891369997,308.93767009399926,53805.903259169114,175.5932726003028,21.522361303667648,176.9669701768183,3780.146175671,1863.478506649,993542.3832048856
JSoLLrxK5bYdHwTEWYaGgmeycBCNXKDiBCTw5hXGBg7,xG4wXczA7Dk4hccJ61CHKpDHW4NrNfQwgmWgkb9BuF2,BVR6WgfhsRr9Lob4QDnkEAiNGgAbv7ZieKcY9kSg3QYR,5.429019505999918,4.629274249999977,1114.0694016161474,205.20637297120155,0.445627760646459,175.51200361695138,17.170263428,164.57272577,32407.936321615736
RajgMbScQbqqrdJfR2rxfHJiTiY5b6bJ2tTXiF4aPxy,725ZA3fhyBAKb5iopNRrcbSuQa3LXA1656Q3mBvYPxeg,GLA6i1dSZpUfk2f9Nj8uiG7xyDdAR2reff8oEiZH3617,7833.884281319988,7832.950775660007,7836.098292531561,1.000282619851413,3.1344393170126246,1.0,90772.17497759,93223.73805647,184021.56705266458
GokA1R67GqSavkd15zR62QD68Tuc5AEfvjssntVDEbM8,3YB7hfpBdbQEuZqLGWVDpRPmeZWCUsrrWyqGXegnQ6Cg,4DPCj6Z1DsG6HUtwSogBGqXEUxdEV5a8YVrrFtcnz7UW,11647.381369999996,11646.782914000001,11646.158523355043,0.9998950110238425,1.1646158523355044,1.0,17013.570467,15425.212604,32436.99683365589
AUSejoEUCh2DBs9mof6BNC8Pubs22w4cJa1ccV9h44R,4xkyD7AfGQDwsQMy9MosRRNGoVJ1zosNinesxg1TzHG7,Cbm5gsQe3nSiCsFrvepVzMCD9xLK3ri9g3ypS2hdmVJ7,579.1480410000022,580.0008799999996,578.4631406414827,0.9988174001981653,0.05784631406414827,1.0,14831.489952,14047.423057,28861.373291921853
BUSDTd9WiT6uBHJRgNvFXBsA7JrifsAtWzKfioN7ERcy,DyBxrn7gSc1EwnpWhDyhzvMHPtxpmBqRqotapLcKcfTM,Cds99GeBgoCpqBsoRWu1C6fF9LiUMd4pXQQD24s9LPff,222.85336575999997,222.32903862,222.40315727276428,0.9979797994717273,0.022240315727276427,0.998011611565697,90.94839928,94.33084696,184.90794587063573
wrmcMSHFi3sWpAEy4rGDvQb3ezh3PhXoV2xNjgLBkKU,8p4mGnARWPBu6P2Gcw4adodLkNDorrXniZMhaY7eJXUn,AyY89zccbsgp9LKFgH4CFZMJmpSgqmPSdTfukhP227rc,0.01105204000000054,0.08017673000000773,4.1116220238097245,372.0238095238095,0.00164464880952389,3820.7312879685173,27.10207982,0.0938665,10441.25765409686
Dg3mAgpwDfVNnbGWcsxL8sUcSkEbjSJQhKAWNigG44Ju,EATxwd8YA2wV93VJcKMmH2Kn2Y9XfJVUB9hHVu3udwEy,GiGvrRi7NMHfHKanG2B8xyCEqe8jaafWins8bhrLVEaa,0.0009665320000000199,0.0009531600000000084,0.2043596407618165,211.4359801453157,8.17438563047266e-05,209.4090852550456,0.190825342,0.268885037,96.65431285927417
STK75uPSyBnEhGTTzb1nwmP3n427XoXmfRhXxxhyady,6TYyD5fUmDe6N65avW1Ny2RxzRNobw2RRgKwH9CTzSAU,54zDfk4cx2vGrEajPtodWpArNe5eUurytyxd4X3aZAxK,846.5285711639984,956.4038156130005,148924.1357262658,175.92334245906352,14.892413572626582,198.65443405636265,1595.191344107,276.370299989,335533.5786513716
KEVpg4SYCVrqFxKijQH6hm4QxsRdoE51ud64bEEFUC9,2bPenuBYfqzD8p5dFjCcggwkHDsc2RQDnx9AoyYGUBjA,AE6n6iLuX8oYu61vt5hoDYkjswpnxFxrhSehxrnQTnbx,89.4602073850001,89.70158534199982,89.2110832048734,0.9972152514798611,0.03568443328194936,0.9998603864946525,5892.368010122,1636.73367423,7512.464411130119
BSCNHw8CmxbZ8hCWWzMf5FaG2ajPT6JxfznKUNuRVrn4,7n9kgNL633yGzCYksgnzHyjG73ZLBAwvEae5sbAekbzW,SscdxE99omdG9AiMVwmaEMQySQnCgeAh1sPj2Leutm2,1415.925581374002,1413.4041602159987,1418.8075043221988,1.002035363288938,0.5675230017288796,0.9998603884940943,4943.647544837,6763.046995755,11715.81246014262
KEnkcdADoLR5jS2CLLLesy8TtFsyWL37BhXNfDMzWzP,3qsjFRuw1qeLMPo4DLwaQevenGAGBj9dA3Q6rb8ax2YR,77iEv8zPQAEyCcEbvBRSB6AFcUdfkhiqnAKtPxk76rNN,2.4629450000000057,1.6296299999999975,0.01836687291442693,0.00745728098452336,7.346749165770772e-06,0.9964357493246657,122.007802,0.27603,1.1848926217041786
BSCuChvaSj9b5HUSqgDVRzcnr2sSn7cXaamt1jbKH6hn,GnKpRj5kBVPMJfiwZtEuD9GYApLzPdW5JFuZTcyX4BTc,3dmwD9okkomV9nDwyuh4UMhKdUR13QpuKxRo89ycZB5t,1953.8108283450003,1958.3590851010003,1948.7082332715904,0.997388388374461,0.7794832933086362,0.9989650721852161,1683.726765743,1320.928569616,2998.891029245316
SUiuyGR7SFq3xeRVJonq84fjjeFwRSsFekcevJ53tzy,49GjCCPsv7fBqo6t3iKDrP1xxGDS8uWZbVCdfnp2gjMf,CEwj5xEbbJEjYqM8D6Ai8ByGz1mrh8mkAVsE5fzDSSSx,0.11068000000000033,13.983615999999984,0.000825371859367048,0.00745728098452336,3.301487437468192e-07,0.9660379691563398,658.749911,1.554752,6.414432649478513
Lid8SLUxQ9RmF7XMqUA8c24RitTwzja8VSKngJxRcUa,4PgzyzLtds9bKZ2to9PMnKqJzKEUpjvNUaeN23phegax,AtymwxoVN9peZo7EXTcDz9jKVc4vRmisJKKrNfe3ewBa,91.35581511900546,77.13186150799936,19066.905052649367,208.7103599022317,1.906690505264937,176.0630953793649,958.976226102,7660.912168467,1548952.1830971749
KEN5P7p3asnb23Sw6yAmJRGvijfAzso3RqfyLAQhznt,9zj4aX38Uxf3h6AUjS4EipWS8mwbEofasHAf3a1uKGds,CwQDG1MWunn9cLNwcZLd8YBacweSR7ARo32w4mLua1Yr,103036.81347200065,103050.19738000073,102996.43886796442,0.9996081536037874,10.299643886796442,1.0,1148304.836562,1078472.088789,2226326.96623904
BUSD5rCfUDpCxKGMvYU2yThChxgHoioK74PTPociGnv2,CcFHbafgYDZ8yA8Me1PdtDiVb2eeaS61LbqyKKK5CsNZ,26R9s4nmF3CFDTkiePDwRmtscn8i7r2eygbSijditJ58,94.46835907,94.05554939,94.35939378565028,0.9988465420017618,0.009435939378565029,1.0,80.65676158,67.37810656,147.94183395324356
SEQV6QiTpvTzrceiaYg9Avnwf7oc8ZALpnQMz6TyT4A,3dFMPj4r9mMmPHF32mz1gNDX7f8ftidWof7S8YiYTs1j,Fc1ED3YPeQfXQosHbd8DTaBd2AV5gHQtwiSAL5C5pUhi,2420.320946248,2428.0406873520024,2412.27849658242,0.9966771143810297,0.9649113986329679,0.9994245633180274,4264.753433551,1285.517214769,5535.359626706514
RoBgmK8CvjdHvPrqdDyVw54VwjZv2TqJ493xnqJAQHx,ExiHJxM7qPAcy27NDHAF6G7vnW7muNHi2sVJpnaNynGQ,6rkPHSqZb7StM4HwS9EuVrmfkV7tRdc7dnsFhyB6cefE,26.951522000000296,0.49611300000000114,0.0,0.0,0.0,0.957036708099976,6209.239978,19.972186,19.11411514300043
NorjjEePhxfwLF4vZjUHCrVVKLzQjEEGQFd3wgjEJmh,34M8pFVqgbV7aqHxvRT5tCv3vu2P1JJYT8J3VaxBK2oG,3AZWBSze3ucsY3xSeuLne3b2pauVqiaJ1SZSV5T9WGWw,1.8613869999994677,3.267672000001312,1.0540822613486887,0.5662886123890357,0.00042163290453947546,1.0,38237.245723,2130.660317,23783.97713905626
DA1mL7dfBow33EH5yjUuZE6SH2KeUK5zEXzsyhE5r5j5,B4UtLRZND3D83CitRCBUyeiNr7H8m7YFRqBmiPmXjhW4,AAmpYbuixWiSqDaJBCqYEs1pb5SrbdPr9mgXrB58Q2e,239.71470675900014,239.07597500000008,239.30904323091247,0.9983077236537868,0.09572361729236499,0.9998600585863403,1780.208203345,1227.52421952,3004.5480371565636
AURHmCnNwiW4uA2Qj1XvEh4iKgRUZYXtiY7FKAapUV5Y,BKWm4TRnTeKwfWXRyuzjRHU7iZDkPuXBX5b5V5jSVfGJ,A5Ww74HVrkj9nPeC7pHKLfgeDMEhBCpW1efQdz3TGLEg,0.512328086000025,0.4576334259998589,100.18533877820968,195.54918325950374,0.04007413551128387,176.20595798157484,290.09081865,1795.10633428,373035.45396868885
MATSnbbiTCv7Dc3trJrkrqjx7ckKdr6fwPoVwv9q3sD,631WX9JizSHJm4w6VanZeJAst9T8DeUUnPLesdGkCVtK,211maUSfpnXbPuW1iBu8b4dtJv5EbN1j7JJiEX5TZKEP,1715.6983530000034,1714.5933349999978,1716.3763216470538,1.0003951560866542,0.6865505286588216,0.9977490780798518,20540.190167,25028.553326,45520.522754854435
HEDSDjj84KS7LKhZY7ejkCACTdPen62rKhCby1wXtgxc,EnnjMSFttpCTywBrYNt1J5QQeoSVkvzPipJDa8Y7kJow,6bjVT6JN2rSvpyn9PdfLYC8wJn4LWh49jpY47fnLDXZk,73.60638193000159,75.97463642399816,71.0596055258364,0.9654000599216094,0.02842384221033456,0.999859419765581,38818.475500603,9069.325133811,46543.408740305335
moFiBS1R4Lf3E3zzmBPnw3NF4RhWPkhREFviuzUaCAU,44ALBrpqi9PfZkBRTvbtRNtFJGsatfY4QydjtMbFWq8S,2ho8qEEie1UjVwWNBo9y4oAJZMyMLx8zPj9bxyUz6uWs,3121.0838633269996,3125.281676802995,3115.5704128393413,0.998233482107789,1.2462281651357365,0.9998594227647376,36765.296839947,27660.826933511,64357.2887362024
heyk4SZTeCUV6a65WiVA5bzic3KcxgVf1qxobfeV4tQ,9ZDpBKPqMABtGfq66FbVribaArMvtk63xxy91onZAtDt,DaTP4s6N7xxSPinbNZ3FB52EpRDRt87QShTuN3VPCW52,45.25954339600139,39.089798024000174,9126.354175480508,201.64485743103646,3.6505416701922035,175.69819828525587,612.843721128,4488.98029945,912282.5355257348
DEDaBEWzMCXohXYXoLzB4jK1xqMsd3SS9izXp2xvg9pe,GC5zHpW5GuVdw3C7covC6viyGdLS8ZAaVGDKMeru7p78,F8juxtAFueW19vxkdDArUkjVWAv9QV6yy1wCXUWQiXvh,2327.100225520417,5520.742035029851,2327.100225520417,1.0,0.9308400902081669,0.0,38.1337582,8275234.23921236,38.1337582
parEAJhzYzHW87y9VoZAQ22dzQ2MD2ekEtTReaxbMcz,3oyc6hpjYSJEquK6dSvG72NXyz3pqLZz5D8AC71pwgQb,Di2vordgFJVZ1aj1aBpvzXtLfZgJsuLLXawGtVFwX6Rz,2.6790109709999967,3.1695769810003185,459.40679507711314,171.4837303953369,0.18376271803084526,203.69751733465876,1104.618676404,138.83543699,217704.5651270529
KwnjUuZhTMTSGAaavkLEmSyfobY16JNH4poL9oeeEvE,J63v6qEZmQpDqCD8bd4PXu2Pq5ZbyXrFcSa3Xt1HdAPQ,BnKQtTdLw9qPCDgZkWX3sURkBAoKCUYL1yahh6Mw7mRK,1932.565643000003,83111.32125400001,43.87933859678308,0.022705225437345215,0.004387933859678309,1.0,276108.579833,606.658606,6875.766156293494
KysFMBBoavfov2tLpvefWW6tPFt6rAeZWDJVy1mMQae,B8ka2V21TH3x64dFV8ETcjuQcwmrciJ2qzy1mJUttRew,7fSf7EYxBANyxzk2s5pymFgshA91tFYQNKKs5UnLWcYS,21.10410600000023,26.951521999988472,0.0,0.0,0.0,0.022736977799546663,134166.595275,2869.402036,65.241530390506
SAMyS8Jr2HJrkFwYVKbpUwsNStnQmvz3f8Tup8bWUWF,6jPzm5TFfquvgm25sTyN3MMGBfufRaFHMxobDWv6hMFW,Cj9ECoDmxsHTDzCY5ZA6RWrPbg9uFzEC1Qc2kso2vJG6,4271.675914630017,99.27531544999982,4287.365743938246,1.0036729914960292,1.7149462975752985,0.022732673328475374,493.40789357,108379.76296576,2958.9819234853717
YAkoNb6HKmSxQN9L8hiBE5tPJRsniSSMzND1boHmZxe,CfWX7o2TswwbxusJ4hCaPobu2jLCb1hfXuXJQjVq3jQF,EnTrdMMpdhugeH6Ban6gYZWXughWxKtVGfCwFn78ZmY3,4672034.961625002,4671018.830132002,4672034.961625002,1.0,467.20349616250024,0.9970040029710721,361722.523523,1133915.486299,1492240.802393993
