0,1,2,3,4,5,6,7,8,9,10,11
BSCuChvaSj9b5HUSqgDVRzcnr2sSn7cXaamt1jbKH6hn,GnKpRj5kBVPMJfiwZtEuD9GYApLzPdW5JFuZTcyX4BTc,3dmwD9okkomV9nDwyuh4UMhKdUR13QpuKxRo89ycZB5t,1161.188342348,1165.5361297600002,1158.824309468428,0.9979641262374441,0.46352972378737123,0.9983038817049833,1736.982313577,1268.24022595,2999.535177359055
FrnkTEL6yZ5Aycq2TrEgu29dCrwKG4LPUZydfiwqspkc,DjvZuMZ46fxKBoBpGMPcRcos4xdTtHFxwMh69DpA2ZFY,9rvDPJLAng4uVVqnnSoEXgNDFhBZQTny9AoQioYDZbQX,45.98300146799994,38.221019098999875,9399.857165022127,204.42026107329224,3.7599428660088514,169.44040611476538,170.777093025,1441.594314044,279174.62396586034
MATSnbbiTCv7Dc3trJrkrqjx7ckKdr6fwPoVwv9q3sD,631WX9JizSHJm4w6VanZeJAst9T8DeUUnPLesdGkCVtK,211maUSfpnXbPuW1iBu8b4dtJv5EbN1j7JJiEX5TZKEP,5447.530193999995,5450.283959000004,5436.906478740536,0.9980498106699509,2.1747625914962145,0.998911186806381,25943.898716,19629.275119,45501.205706813445
AURHmCnNwiW4uA2Qj1XvEh4iKgRUZYXtiY7FKAapUV5Y,BKWm4TRnTeKwfWXRyuzjRHU7iZDkPuXBX5b5V5jSVfGJ,A5Ww74HVrkj9nPeC7pHKLfgeDMEhBCpW1efQdz3TGLEg,0.008761227999855237,0.009321852000084618,1.6437782613506093,187.61961923348755,0.0006575113045402438,169.18850594198491,290.069621607,1795.130079152,358138.12802035117
BkwbeSfcX1h4thMDd7obGkHrPevf3QwgzJ4pCEqG18Lu,35yX27bmurdebhfAb8EPmjLETDiUaEUCn9zHaDPbakH2,2CxECn1ZJFoESyUnQysQU8rRgT3iJ5GRs2Mdd6gZjx5g,0.03992675000000345,0.02724304999999827,96.73349485161344,2422.7740763173833,0.03869339794064538,1631.321370309951,0.91677689,21.91602057,37973.215990852346
Lee1XZJfJ9Hm2K1qTyeCz1LXNc1YBZaKZszvNY4KCDw,9DgFSWkPDGijNKcLGbr3p5xoJbHsPgXUTr6QvGBJ5vGN,2hNHZg7XBhuhHVZ3JDEi4buq2fPQwuWBdQ9xkH7t1GQX,924.5788708261753,777.6140520219869,186549.6129856863,201.76711676202518,18.65496129856863,168.37463085966868,6656.421238006,53933.341703687,10424053.421532655
heyk4SZTeCUV6a65WiVA5bzic3KcxgVf1qxobfeV4tQ,9ZDpBKPqMABtGfq66FbVribaArMvtk63xxy91onZAtDt,DaTP4s6N7xxSPinbNZ3FB52EpRDRt87QShTuN3VPCW52,67.48977361999641,58.16328568800043,13247.963012363385,196.29585790221367,5.2991852049453545,169.8090395464876,617.254082868,4483.938283234,882577.6730019101
SoN9GaFpSXfpyR5dth3x7PHPVhvJMpQqqDJfCSmPv1t,9kZ9iS68ViMPtoeqtnhAKuF2iqVyfHPdZHoUNdwCELr,BBhm5fJLjw3HRzjtKB8uMEYjGhY6EDm9co3cqpjrSzB9,4.732199216,4.529471317999999,967.5991069509827,204.47133833238493,0.3870396427803931,198.03035052758256,1.940507788,3.255275842,1041.4216405120073
SEQV6QiTpvTzrceiaYg9Avnwf7oc8ZALpnQMz6TyT4A,3dFMPj4r9mMmPHF32mz1gNDX7f8ftidWof7S8YiYTs1j,Fc1ED3YPeQfXQosHbd8DTaBd2AV5gHQtwiSAL5C5pUhi,457.7928821830001,459.54347955699996,455.1304654477892,0.9941842330039842,0.1820521861791157,0.9985162049194896,4724.296913108,827.724332586,5523.317662334657
Dg3mAgpwDfVNnbGWcsxL8sUcSkEbjSJQhKAWNigG44Ju,EATxwd8YA2wV93VJcKMmH2Kn2Y9XfJVUB9hHVu3udwEy,GiGvrRi7NMHfHKanG2B8xyCEqe8jaafWins8bhrLVEaa,0.003287239999999969,0.0032455619999999796,0.6706103373350029,204.00406947317785,0.00026824413493400115,201.8975951169855,0.194070904,0.265597797,93.21481066500775
BSCrK1Nx9PXU9mF7STWWBqeHLxmtJDr9h7jheEy4tAWX,FfSySSbVJPvEo5a5AvrP3nySoXpRE2QPn1uUMpJJ1x7v,HL7Vcj6838ZmvBHDbQxXfjBNckNi83WvPiZQoMQLFeRM,0.06270490800000006,0.06269665600000007,236.6892818722282,3774.6532037369066,0.09467571274889128,3767.7555480200444,0.890068846,0.914504175,6805.329400144055
KwnjUuZhTMTSGAaavkLEmSyfobY16JNH4poL9oeeEvE,J63v6qEZmQpDqCD8bd4PXu2Pq5ZbyXrFcSa3Xt1HdAPQ,BnKQtTdLw9qPCDgZkWX3sURkBAoKCUYL1yahh6Mw7mRK,202.87793099999965,9269.697105000087,4.492619289526018,0.022144445516481658,0.00044926192895260175,1.0,276540.995852,596.926791,6720.7738067181945
Cob4usZcpHEY7Qt4ZCwj6WVg9S44zvzYV2v9qYF65dTf,NhFM9UXE48PyNAyeyPYA3iXztqKVJwA4bTdLj4ysM8w,6TuFuynuBoeskxyR2cz4wxyidk8dpDK7kAWw3UkjQGx,19.99556100000001,2810.278567000001,0.14245509317348992,0.0071243359050286136,5.698203726939597e-05,1.0,74311.986302,161.318222,690.7417741853332
KZMu9QBEdL97EFgamLbN5DE1AoKBG4HdrKKJo4Vuon3,DD4ACBWyVqdaKWh7v5btsgqQCCMwbKnuL2xd9pv7Gyuw,GcYqiJ1MAuYbNTNYXm1F1gQYTfTgkErACAhNU5dpVj9T,26.289017090000016,26.22972273000005,26.357737774658236,1.0026140454176342,0.010543095109863296,1.0,1458.09332193,1630.12009555,3092.0249396466743
HEDSDjj84KS7LKhZY7ejkCACTdPen62rKhCby1wXtgxc,EnnjMSFttpCTywBrYNt1J5QQeoSVkvzPipJDa8Y7kJow,6bjVT6JN2rSvpyn9PdfLYC8wJn4LWh49jpY47fnLDXZk,5.3435241320003115,5.518746754001768,5.1779387660650515,0.9690119550609619,0.0020711755064260207,1.0,38828.378074047,9059.738349978,46684.90089935648
KEVpg4SYCVrqFxKijQH6hm4QxsRdoE51ud64bEEFUC9,2bPenuBYfqzD8p5dFjCcggwkHDsc2RQDnx9AoyYGUBjA,AE6n6iLuX8oYu61vt5hoDYkjswpnxFxrhSehxrnQTnbx,586.4747813400008,588.5807568689991,584.19673596215,0.9961156976389576,0.23367869438486003,1.0,6144.431941732,1385.655338688,7506.2204489214655
BUSDTd9WiT6uBHJRgNvFXBsA7JrifsAtWzKfioN7ERcy,DyBxrn7gSc1EwnpWhDyhzvMHPtxpmBqRqotapLcKcfTM,Cds99GeBgoCpqBsoRWu1C6fF9LiUMd4pXQQD24s9LPff,41.82622574999998,41.984442369999954,41.69786221699393,0.9969310275860584,0.004169786221699393,0.9995861713250715,112.2667945,73.06579448,184.95780856376558
DFWzVTzNBrQZLjoQ4yQwkj9HuoXmfkuZP9V5vbymZe23,DhgiEgiNdqZdRdo195UUHnoEJUtefK8buko8nU97XJUZ,2K2kkXsouBHtWVjtcgkyiXd8eP3oVBvq1bTJzcVdLLr2,0.4751328500024101,0.47743635599908885,0.4732191112197937,0.9959722027584355,0.0001892876444879175,1.0,37728.014006792,30220.881504397,67796.93472044273
TETFuZgEmET6d9vYmz9iMFCxK1jKdKYxf3oPz8hSzJK,Eu1Ze6Z84LWNkq7SNoAHBJbXx5t1P95EwyqYohrfCRFV,ASMbv7WNu3qe4pkhREmvyEdwFNDZQ6B6iSrjkj4u8bdC,16.363595341,16.427998778999978,16.256868705325896,0.9934778003580489,0.00650274748213036,0.9995671874078524,213.091835778,38.608110332,250.2934085386753
KysFMBBoavfov2tLpvefWW6tPFt6rAeZWDJVy1mMQae,B8ka2V21TH3x64dFV8ETcjuQcwmrciJ2qzy1mJUttRew,7fSf7EYxBANyxzk2s5pymFgshA91tFYQNKKs5UnLWcYS,23.254524000018137,18.493829000000005,0.0,0.0,0.0,0.022215946957738226,134011.327524,2991.985868,66.46979934179036
moFiBS1R4Lf3E3zzmBPnw3NF4RhWPkhREFviuzUaCAU,44ALBrpqi9PfZkBRTvbtRNtFJGsatfY4QydjtMbFWq8S,2ho8qEEie1UjVwWNBo9y4oAJZMyMLx8zPj9bxyUz6uWs,2860.5554645249867,2867.565443963016,2853.987688255548,0.9977040206523214,1.1415950753022195,1.0,39782.135965928,24651.281459889,64342.07846323268
ALBpShJ9NLpE739pcHDF2LNVk5J4VYPvvKuV6jMPitZi,D6d156U1bPiJpDYRLextvDRccgFk7QzkQbJg42ceKEu5,GNcM8U5g8RwTZffwwm3kSQqUNPSwv5d2fbN9sLxPJqt2,5834.477214999992,5841.226409000003,5823.889384099698,0.9981852991261885,2.3295557536398794,0.9989810393398733,53649.927269,46678.220317,100183.22574591727
BSC8REUo9LpiiWUuqMuLXs2D2yJsJfGd4HdiF3wCLxk5,AZjEH1zWVx1UJ6udMyRijGTzPteuLnaY18yNNmprJEsh,Caf8ypkSVR8xYnXNhjvfvdGCC7mrM3C11rz8Xi6NA6aK,1519.4117631649992,1524.5206512050004,1515.8831948599448,0.99767767474848,0.6063532779439779,1.0,3571.960129698,2648.652529716,6212.3174062073795
WiiQFxXqp8P9Fs1rt9SVcDyA3KUdJmUsog6wnVQAwba,3S2jpqSYxho6wiz3cafhjXruVY8cg4HYa2v3BqBHYFSj,Dfe67M6TfrG74gKRtdqys4e6E9QirPD53BkF4FujFjuv,12644.431118232002,12646.812822174998,12602.824707267717,0.9967095070885164,1.2602824707267717,1.0,21793.456907222,5044.702602746,26766.448294498063
BSCNHw8CmxbZ8hCWWzMf5FaG2ajPT6JxfznKUNuRVrn4,7n9kgNL633yGzCYksgnzHyjG73ZLBAwvEae5sbAekbzW,SscdxE99omdG9AiMVwmaEMQySQnCgeAh1sPj2Leutm2,475.57107568500123,474.7102275970019,476.6446037368582,1.0022573451304007,0.19065784149474327,1.0,4995.73932749,6711.04189007,11718.058325403661
SoNcU2iwHMw6dGzsYNQkYFkUjwN1UdAjrWVRnStrZu2,8ivTTid27jZnYNc4w3CTA1Z6QS2twsFb8WMwUabeDJgc,CyXm53PMvHCbeXJBykU46Rcbo28xk5srhMZFg7gv6EYB,27.23222731399999,26.266442146999996,5477.484174623922,201.13977866981034,2.190993669849569,198.04466540947914,13.369210124,17.034213893,6062.615156284233
SUiuyGR7SFq3xeRVJonq84fjjeFwRSsFekcevJ53tzy,49GjCCPsv7fBqo6t3iKDrP1xxGDS8uWZbVCdfnp2gjMf,CEwj5xEbbJEjYqM8D6Ai8ByGz1mrh8mkAVsE5fzDSSSx,0.051920999999999884,6.806361000000038,0.0003699026445249898,0.0071243359050286136,1.4796105780999593e-07,0.9645461762013664,665.556272,1.502831,6.191196339953466
GokA1R67GqSavkd15zR62QD68Tuc5AEfvjssntVDEbM8,3YB7hfpBdbQEuZqLGWVDpRPmeZWCUsrrWyqGXegnQ6Cg,4DPCj6Z1DsG6HUtwSogBGqXEUxdEV5a8YVrrFtcnz7UW,7285.386854000008,7284.902373000001,7286.968126083369,1.0002170470992207,0.7286968126083369,1.0,14373.356809,18067.625606,32444.102110401458
BUSD5rCfUDpCxKGMvYU2yThChxgHoioK74PTPociGnv2,CcFHbafgYDZ8yA8Me1PdtDiVb2eeaS61LbqyKKK5CsNZ,26R9s4nmF3CFDTkiePDwRmtscn8i7r2eygbSijditJ58,3.6268511199999978,3.633025669999995,3.620730420054113,0.9983123928324125,0.0003620730420054113,1.0,84.5334675,63.5149093,147.90571751434595
MATgk4zXLXtYkwBH678J1xZbRDZ45LicNzkRBHkxTuY,y8dALFo1bJrSzPYjMX14HJX448pXqYmrfXHD1K8MXih,GN7Yuet3UyiWS5YVkEHv6oQKi4HGBJc3XDPt9zQhAqZz,2430.1175080000007,2423.7234789999998,2437.3637905493038,1.0029818650848974,0.9749455162197216,1.0,2768.276579,5313.506737,8090.037943276258
Sid7E679i9ABqptiAVhkmQ27YHN8vaYT4fppPwmxFsJ,GP7KB8o1bv527HG8kTzzzf4wJ5aEGHvcMQvVhLziUfmT,9gYxhAZ1M9wu5pxr8SBoa5NDm21gi3s9vMHaYTME77sa,661.0246569999927,1649.087357999957,4.709361697974272,0.0071243359050286136,0.0018837446791897087,0.022124594743798076,136257.286634,8612.045237,1161.280690272263
C2ypsDADXcCRz8HbV2zX1AXPSja7a1P3xZtRC91xGhJh,J9bYNuDpY1d1T86gLaw7DGk5D3CsUAf2tzUwxMvb6FTv,A2NGvvPrMGzsJ4jb52KEnSBVmsA7C34dV1GC7PerdgvG,566.080038095,570.433339114999,95811.7788318404,169.25482685146585,38.32471153273617,167.40161555951144,3211.470606616,1640.020607894,818099.0007737107
YAkoNb6HKmSxQN9L8hiBE5tPJRsniSSMzND1boHmZxe,CfWX7o2TswwbxusJ4hCaPobu2jLCb1hfXuXJQjVq3jQF,EnTrdMMpdhugeH6Ban6gYZWXughWxKtVGfCwFn78ZmY3,3279698.354651007,3278312.958061984,3279698.354651007,1.0,327.9698354651007,0.9994233327370107,409884.694117,1076151.031852,1485415.144898899
MARpDPs5A7XiyCWPNH8GsMWPLxmwNn9SBmKvPa9LzgA,6YjT74rmcfCpw8LSjPNx5JTmZoYLGrTKnf9arfSgZ4SR,F8GSmi3vA8M8TsybLya1LQ4n1aFHCRbZ6k437PeTdXtg,30561.92379300002,31584.25237799983,29420.440136157253,0.9626501373220421,11.768176054462902,1.0,293879.52455,18441.19316,301344.35782419395
SAMyS8Jr2HJrkFwYVKbpUwsNStnQmvz3f8Tup8bWUWF,6jPzm5TFfquvgm25sTyN3MMGBfufRaFHMxobDWv6hMFW,Cj9ECoDmxsHTDzCY5ZA6RWrPbg9uFzEC1Qc2kso2vJG6,464.63676058000567,213.8215832299923,465.8513421748642,1.0026140454176342,0.18634053686994573,0.021756984443246138,480.73807323,108953.0372262,2852.48428036226
parEAJhzYzHW87y9VoZAQ22dzQ2MD2ekEtTReaxbMcz,3oyc6hpjYSJEquK6dSvG72NXyz3pqLZz5D8AC71pwgQb,Di2vordgFJVZ1aj1aBpvzXtLfZgJsuLLXawGtVFwX6Rz,3.322068706999943,3.938603334999925,531.5490232628599,160.00542738409686,0.21261960930514398,195.60238885285457,1104.366736279,139.052571168,203903.68672369394
B2izdXFYb2sNwbWWHmh75T4aQFtfXsUxem9u2p61HGzf,4DYwgJtxwuJdAjkj5RJSNH4e7U329V5cNp7d3a1nLrZv,EXNW64GEf1ACC6xY9BtKRiunrs6GoJSXBdxWN2eTPmrF,4257.006568000001,4199.433777,4311.9144870784585,1.0128982462679765,0.4311914487078458,1.0,9355.333951,30395.683658,39871.68501021916
DEDaBEWzMCXohXYXoLzB4jK1xqMsd3SS9izXp2xvg9pe,GC5zHpW5GuVdw3C7covC6viyGdLS8ZAaVGDKMeru7p78,F8juxtAFueW19vxkdDArUkjVWAv9QV6yy1wCXUWQiXvh,6483.636009570211,0.05487699999999762,6483.636009570211,1.0,2.5934544038280847,0.0,33.20994712,8501406.34612797,33.20994712
ALLwa5WNZbvQsRKAqe1jdRGemdYQnW8E5k4msbRFcYtu,CGoM82Hbz7QVqTgvQatYtjvDWBvoUJp5qm21P8iMs9yb,3dxNNww8TivyN5FMy5dCNdi3Zcxv6e4kUfSPxfFwpdNq,3.8951726279999974,3.886522,14657.281761053613,3762.9350893697087,5.862912704421446,3766.1520847534866,3.504674733,5.211210468,32814.07469778051
CZgvH45CRmoaNJ7395Ao5CQZXkGznvqU7cErD6n7FaRg,4ZjU6MKvtqVQKCiowhvZ5yUsPxXX5SCzd5eFsPeXyey5,BsyWeshjDbCvjDojry3vKDCesmFRM37WtwcR4Kfgzqr,0.16617503999998462,0.17179699999996956,0.1718332103451981,1.034049459805841,6.873328413807926e-05,1.0,204.37456043,601.22863916,812.5620429706976
wrmcMSHFi3sWpAEy4rGDvQb3ezh3PhXoV2xNjgLBkKU,8p4mGnARWPBu6P2Gcw4adodLkNDorrXniZMhaY7eJXUn,AyY89zccbsgp9LKFgH4CFZMJmpSgqmPSdTfukhP227rc,0.005202070000000003,0.053492690000009446,1.9217103804950137,369.41263391207974,0.0007686841521980056,3766.052800060257,27.10236067,0.0938463,10365.384561230152
vEnkoSUkpnbRrPgBz9DfcVxNz67zjwMYBZraAvDDNSf,DtfyjjsZ5yCjWKLKHvwsfXs5QVsmm1QkK6Sh9JZHoq1g,e5wrKCRv4GhHvEf1VD5Pq2KGaZDXP77nTL612Jyrxwy,8717.500597999999,8716.507153,8712.42996376109,0.9994183385269773,0.8712429963761089,0.997990048043241,2756.783239,4198.301827,6945.043166428155
daob129AwBGn9Y5r91uLoWZeYiGzbPmksauMhFZKTze,6VW5GQNyj4LStgmxEHLr5zUfW92vQnmbw8jTnCH7a38F,4VPCCUifPeBA1c7HWK358CHn2nyjm8pdTRk6Ps3KmnMQ,19.065982677999955,17.03337532499996,3610.731278475764,189.38081186039,1.4442925113903056,169.39821284885446,48.074808804,224.472509632,47129.68828669261
RoBgmK8CvjdHvPrqdDyVw54VwjZv2TqJ493xnqJAQHx,ExiHJxM7qPAcy27NDHAF6G7vnW7muNHi2sVJpnaNynGQ,6rkPHSqZb7StM4HwS9EuVrmfkV7tRdc7dnsFhyB6cefE,0.4255589999999998,23.254523999999947,0.0,0.0,0.0,0.9658634867865047,6237.926219,19.445014,18.7812290226524
AUSejoEUCh2DBs9mof6BNC8Pubs22w4cJa1ccV9h44R,4xkyD7AfGQDwsQMy9MosRRNGoVJ1zosNinesxg1TzHG7,Cbm5gsQe3nSiCsFrvepVzMCD9xLK3ri9g3ypS2hdmVJ7,3815.8396379999976,3819.4276539999973,3810.535372761114,0.998609934970521,0.3810535372761114,1.0,14920.844139,13958.567194,28858.670389352068
BUSDgu5JdqP1rndBvXvanbEufS94FNh1w5FJcAj6vawb,Bgzr8cWubt89JQFXndVjtdKmDbGzuPxNhvjH1EhWCwbo,Dxaf8xPBBQsasRKW5Aa4Sw2YrbfGofY9xZueyyF23FBW,3862.371291070004,3858.9992063399986,3864.89680788912,1.0006538772761062,1.545958723155648,1.0,6975.57834707,8159.47115753,15139.610676768847
STK75uPSyBnEhGTTzb1nwmP3n427XoXmfRhXxxhyady,6TYyD5fUmDe6N65avW1Ny2RxzRNobw2RRgKwH9CTzSAU,54zDfk4cx2vGrEajPtodWpArNe5eUurytyxd4X3aZAxK,256.1070697699997,289.4795735839939,43380.51585479357,169.38429655125103,4.3380515854793575,191.5658535398592,1600.764298748,276.377689751,324088.86272431136
C98Sspw7XqnMsgxea3SLQVdbMDL8pKUc3RE82UvX9eq2,CSqgQJurPCzGxb4Cgwx5R61hWQUiaoUHcShNc8r1cKEL,6S2CR5EnukPhC914XkAns8m5GixjMAoUuZMsS5ubHuWc,10.80359199999998,10.802677000000017,0.0,0.0,0.0,1.0,868.283365,895.723776,895.723776
7dwD9TF6uikvHXxPFK9AsSim54yJoujQjY9vU6gNFumk,CquVr6atkvwueDYficKjn6SSEWq4F4rH4VSiBbW4GBWU,8BCa6ge3b7ho3TfZuM64Vk1hgbrJ3J7EPiAb9uP86CGd,0.0014402530000000003,0.0014375380000000008,0.2893485597694137,200.90120261468897,0.00011573942390776547,201.54362260553577,0.003957816,0.003554791,1.511575449873213
Lid8SLUxQ9RmF7XMqUA8c24RitTwzja8VSKngJxRcUa,4PgzyzLtds9bKZ2to9PMnKqJzKEUpjvNUaeN23phegax,AtymwxoVN9peZo7EXTcDz9jKVc4vRmisJKKrNfe3ewBa,29.549667562002583,24.92879193900046,5930.702833724219,200.70286142069529,0.593070283372422,169.2556003293037,957.234426887,7662.987500117,1489123.2381748732
NorjjEePhxfwLF4vZjUHCrVVKLzQjEEGQFd3wgjEJmh,34M8pFVqgbV7aqHxvRT5tCv3vu2P1JJYT8J3VaxBK2oG,3AZWBSze3ucsY3xSeuLne3b2pauVqiaJ1SZSV5T9WGWw,0.4571259999997892,0.8081089999977848,0.25881878676310865,0.5661869741892345,0.00010352751470524346,1.0,38238.053832,2130.203191,23780.09118902514
KEN5P7p3asnb23Sw6yAmJRGvijfAzso3RqfyLAQhznt,9zj4aX38Uxf3h6AUjS4EipWS8mwbEofasHAf3a1uKGds,CwQDG1MWunn9cLNwcZLd8YBacweSR7ARo32w4mLua1Yr,67460.36356400116,67469.15954399947,67457.39543860187,0.9999560019359149,6.7457395438601875,1.0,1144846.294729,1080289.120807,2225085.044515357
JSoLLrxK5bYdHwTEWYaGgmeycBCNXKDiBCTw5hXGBg7,xG4wXczA7Dk4hccJ61CHKpDHW4NrNfQwgmWgkb9BuF2,BVR6WgfhsRr9Lob4QDnkEAiNGgAbv7ZieKcY9kSg3QYR,36.34524764900033,32.384759897999984,7247.879922123528,199.41754124553006,2.899151968849411,168.15839983157255,16.978327246,164.816443558,31101.045688503287
