0,1,2,3,4,5,6,7,8,9,10,11
AUSejoEUCh2DBs9mof6BNC8Pubs22w4cJa1ccV9h44R,4xkyD7AfGQDwsQMy9MosRRNGoVJ1zosNinesxg1TzHG7,Cbm5gsQe3nSiCsFrvepVzMCD9xLK3ri9g3ypS2hdmVJ7,599.3276040000019,599.9075960000009,598.0997053050106,0.9979512061737252,0.05980997053050107,1.0,15186.785897,13692.331293,28848.00259681327
BSCNHw8CmxbZ8hCWWzMf5FaG2ajPT6JxfznKUNuRVrn4,7n9kgNL633yGzCYksgnzHyjG73ZLBAwvEae5sbAekbzW,SscdxE99omdG9AiMVwmaEMQySQnCgeAh1sPj2Leutm2,857.7074243699999,856.6206766270006,859.6413750449832,1.0022547906430959,0.3438565500179933,0.9983432872518506,5007.749994307,6697.869297467,11705.814274153574
MiMUFdSLMyCLpqpH6zkqdDrGYs7XBomwENbivdYjv9V,,,0.018226069999999983,0.012538942999999997,0.0,0.0,0.0,0.9983432872518506,5007.749994307,6697.869297467,6686.772852016448
MATSnbbiTCv7Dc3trJrkrqjx7ckKdr6fwPoVwv9q3sD,631WX9JizSHJm4w6VanZeJAst9T8DeUUnPLesdGkCVtK,211maUSfpnXbPuW1iBu8b4dtJv5EbN1j7JJiEX5TZKEP,1792.5657380000048,1791.8824740000018,1781.113180250991,0.9936110807507726,0.7124452721003964,0.9908593227476529,21101.695003,24464.800863,45208.05399187238
GokA1R67GqSavkd15zR62QD68Tuc5AEfvjssntVDEbM8,3YB7hfpBdbQEuZqLGWVDpRPmeZWCUsrrWyqGXegnQ6Cg,4DPCj6Z1DsG6HUtwSogBGqXEUxdEV5a8YVrrFtcnz7UW,24548.280599000005,24541.345649000017,24556.06487156429,1.000317100520865,2.455606487156429,1.0,12118.919384,20314.811749,32437.57404864899
BSC8REUo9LpiiWUuqMuLXs2D2yJsJfGd4HdiF3wCLxk5,AZjEH1zWVx1UJ6udMyRijGTzPteuLnaY18yNNmprJEsh,Caf8ypkSVR8xYnXNhjvfvdGCC7mrM3C11rz8Xi6NA6aK,6655.193039290001,6679.020240681,6644.112632720075,0.9983350736027474,2.6576450530880305,0.9999085123707521,3439.798005107,2777.165465841,6210.982384163581
WiiQFxXqp8P9Fs1rt9SVcDyA3KUdJmUsog6wnVQAwba,3S2jpqSYxho6wiz3cafhjXruVY8cg4HYa2v3BqBHYFSj,Dfe67M6TfrG74gKRtdqys4e6E9QirPD53BkF4FujFjuv,9038.367029898,9044.194552947996,9026.374372274013,0.9986731388995029,0.9026374372274013,0.787253621333003,19481.97386976,7346.507949454,25239.688983830674
7oAd7xG4m3oC2qeWB1szghTebAZyyGPAFDJ4wwwbRSNi,D9yh4KAysxt9GLacVe4Wwh2XqghhcjTCSTV9HuM7TBJd,HDYfJLpZKaMFb84jM4mRytn7XLR8UFZUnQpSfhJJaNEy,22.332587543001864,0.5098649999999907,22.31216156232937,0.9990853733078101,0.008924864624931748,0.022861581572987493,957.467941799,300002.607269457,7815.126294262136
B2izdXFYb2sNwbWWHmh75T4aQFtfXsUxem9u2p61HGzf,4DYwgJtxwuJdAjkj5RJSNH4e7U329V5cNp7d3a1nLrZv,EXNW64GEf1ACC6xY9BtKRiunrs6GoJSXBdxWN2eTPmrF,4762.519054000013,4694.393869999993,4364.974625049046,0.9165264381216341,0.4364974625049047,1.0,8175.712716,31591.493949,39084.75080370123
MAR3XM1n9xWPQ3HJjAcC85o8DopWFP5p2WxGTaZ3fPB,6qG7GUhER8Cg9gDEgnebph9LdS6eu2eoWcA4R7z9uizK,4QV4CwRXVMY227KkFF9voNAfwWHVvVajXSXDKbUHkWZR,0.010256000000000001,0.4334600000000002,0.009637648473913699,0.939708314539167,3.85505938956548e-06,0.022600925846927317,0.108884,24.413567,0.6540884175462744
DA1mL7dfBow33EH5yjUuZE6SH2KeUK5zEXzsyhE5r5j5,B4UtLRZND3D83CitRCBUyeiNr7H8m7YFRqBmiPmXjhW4,AAmpYbuixWiSqDaJBCqYEs1pb5SrbdPr9mgXrB58Q2e,1.6668111150000868,1.674766112000043,1.6602132962041212,0.996041651788502,0.0006640853184816486,0.9999095141884231,2019.922910104,988.301801988,3000.13972656279
ALBpShJ9NLpE739pcHDF2LNVk5J4VYPvvKuV6jMPitZi,D6d156U1bPiJpDYRLextvDRccgFk7QzkQbJg42ceKEu5,GNcM8U5g8RwTZffwwm3kSQqUNPSwv5d2fbN9sLxPJqt2,1408.9762340000016,1409.631684,1402.7801540595208,0.9956024240927823,0.5611120616238084,0.9971461676681339,51177.007146,49139.380435,99951.09725471798
ercAoEmXjQzEvAFbdjAo81KtMxRGn9AW1ju882upmPH,CMRhskR2Eg6V42RTSdRTXGdozyPbWB8U9dVpijPWb9T4,7TKLLgrWswt6ZJ1pXhVR3FyufHGjJFqiEXxvWJfDcgRm,0.05213910800000576,0.047944040999972515,9.281442760342918,178.01307149984024,0.003712577104137167,160.97768833141959,36.271573088,320.589895933,58064.63448323053
MATgk4zXLXtYkwBH678J1xZbRDZ45LicNzkRBHkxTuY,y8dALFo1bJrSzPYjMX14HJX448pXqYmrfXHD1K8MXih,GN7Yuet3UyiWS5YVkEHv6oQKi4HGBJc3XDPt9zQhAqZz,1330.9197760000006,1329.3523169999999,1334.2366884073815,1.0024921955982573,0.5336946753629527,1.0,2947.487467,5130.597526,8085.4307082911755
KwnjUuZhTMTSGAaavkLEmSyfobY16JNH4poL9oeeEvE,J63v6qEZmQpDqCD8bd4PXu2Pq5ZbyXrFcSa3Xt1HdAPQ,BnKQtTdLw9qPCDgZkWX3sURkBAoKCUYL1yahh6Mw7mRK,207.82808600002556,8854.920513999909,4.683651736919399,0.022536182799272,0.00046836517369193984,1.0,276274.715827,602.640383,6828.817881694197
BUSDTd9WiT6uBHJRgNvFXBsA7JrifsAtWzKfioN7ERcy,DyBxrn7gSc1EwnpWhDyhzvMHPtxpmBqRqotapLcKcfTM,Cds99GeBgoCpqBsoRWu1C6fF9LiUMd4pXQQD24s9LPff,405.78916678,404.46431995000006,404.5680509404853,0.9969907628407026,0.04045680509404853,0.9935706046175201,113.4939952,71.74497254,184.43616059712224
BkwbeSfcX1h4thMDd7obGkHrPevf3QwgzJ4pCEqG18Lu,35yX27bmurdebhfAb8EPmjLETDiUaEUCn9zHaDPbakH2,2CxECn1ZJFoESyUnQysQU8rRgT3iJ5GRs2Mdd6gZjx5g,0.2182301000000031,0.14595123999999837,486.27412095013835,2228.263291590534,0.19450964838005533,1483.679525222552,0.896522,21.9461218,34558.69863540363
BUSDgu5JdqP1rndBvXvanbEufS94FNh1w5FJcAj6vawb,Bgzr8cWubt89JQFXndVjtdKmDbGzuPxNhvjH1EhWCwbo,Dxaf8xPBBQsasRKW5Aa4Sw2YrbfGofY9xZueyyF23FBW,6576.821495249997,6582.237254260008,6569.006676457349,0.9988117635854507,2.62760267058294,1.0,7905.47562954,7220.62520364,15116.70725916265
wrmcMSHFi3sWpAEy4rGDvQb3ezh3PhXoV2xNjgLBkKU,8p4mGnARWPBu6P2Gcw4adodLkNDorrXniZMhaY7eJXUn,AyY89zccbsgp9LKFgH4CFZMJmpSgqmPSdTfukhP227rc,0.00975181,0.07957072999999681,3.943311767084513,404.36716538617065,0.0015773247068338054,3438.080176029705,27.0042734,0.10436981,11278.473262808157
MARpDPs5A7XiyCWPNH8GsMWPLxmwNn9SBmKvPa9LzgA,6YjT74rmcfCpw8LSjPNx5JTmZoYLGrTKnf9arfSgZ4SR,F8GSmi3vA8M8TsybLya1LQ4n1aFHCRbZ6k437PeTdXtg,32397.138809000084,34188.83241399946,29760.151320769353,0.918604309356536,11.904060528307742,1.0,297589.644085,14689.466267,288056.5957433588
7dwD9TF6uikvHXxPFK9AsSim54yJoujQjY9vU6gNFumk,CquVr6atkvwueDYficKjn6SSEWq4F4rH4VSiBbW4GBWU,8BCa6ge3b7ho3TfZuM64Vk1hgbrJ3J7EPiAb9uP86CGd,0.0037083319999999995,0.003755396,0.8103450913173659,218.52010319393355,0.00032413803652694636,218.9166297609715,0.005642849,0.001913686,1.6520136353285393
YAkoNb6HKmSxQN9L8hiBE5tPJRsniSSMzND1boHmZxe,CfWX7o2TswwbxusJ4hCaPobu2jLCb1hfXuXJQjVq3jQF,EnTrdMMpdhugeH6Ban6gYZWXughWxKtVGfCwFn78ZmY3,7441815.840759016,7442091.160947986,7441815.840759016,1.0,744.1815840759016,0.9913209847782662,1070670.381159,414088.533553,1481165.0340261483
daob129AwBGn9Y5r91uLoWZeYiGzbPmksauMhFZKTze,6VW5GQNyj4LStgmxEHLr5zUfW92vQnmbw8jTnCH7a38F,4VPCCUifPeBA1c7HWK358CHn2nyjm8pdTRk6Ps3KmnMQ,12.934972345999824,11.541614676000037,2613.358552953874,202.03820178727034,1.0453434211815498,184.62392844271932,48.132961843,224.332502199,51141.84489081937
AURHmCnNwiW4uA2Qj1XvEh4iKgRUZYXtiY7FKAapUV5Y,BKWm4TRnTeKwfWXRyuzjRHU7iZDkPuXBX5b5V5jSVfGJ,A5Ww74HVrkj9nPeC7pHKLfgeDMEhBCpW1efQdz3TGLEg,0.45959167699993486,0.41063977700008536,94.79406503327542,206.25714036437796,0.037917626013310175,183.40247912467134,290.093755115,1795.102760561,389060.20493801276
KEVpg4SYCVrqFxKijQH6hm4QxsRdoE51ud64bEEFUC9,2bPenuBYfqzD8p5dFjCcggwkHDsc2RQDnx9AoyYGUBjA,AE6n6iLuX8oYu61vt5hoDYkjswpnxFxrhSehxrnQTnbx,556.9684703459998,557.5738036269995,556.0478247428123,0.9983470417946358,0.22241912989712492,0.9923167671361263,5356.004161569,2171.70641994,7502.171604345802
4vezWG46exH6pf9nry3n1VJ7hZHvjBJNgNeF4qEFCML5,,,0.15200199999999953,0.15007799999999882,0.0,0.0,0.0,0.9923167671361263,5356.004161569,2171.70641994,2155.0206938036317
C2ypsDADXcCRz8HbV2zX1AXPSja7a1P3xZtRC91xGhJh,J9bYNuDpY1d1T86gLaw7DGk5D3CsUAf2tzUwxMvb6FTv,A2NGvvPrMGzsJ4jb52KEnSBVmsA7C34dV1GC7PerdgvG,43.018488387999696,43.3645155139975,7928.931347823715,184.31450394792452,3.1715725391294862,184.60818205615854,4220.972132887,2103.58753421,1166325.8553375858
ALLwa5WNZbvQsRKAqe1jdRGemdYQnW8E5k4msbRFcYtu,CGoM82Hbz7QVqTgvQatYtjvDWBvoUJp5qm21P8iMs9yb,3dxNNww8TivyN5FMy5dCNdi3Zcxv6e4kUfSPxfFwpdNq,25.839866064000017,25.729163436000018,88769.33616407303,3435.3636332405786,35.50773446562921,3447.9667340169503,4.516732061,4.180751257,29931.708320786714
Lid8SLUxQ9RmF7XMqUA8c24RitTwzja8VSKngJxRcUa,4PgzyzLtds9bKZ2to9PMnKqJzKEUpjvNUaeN23phegax,AtymwxoVN9peZo7EXTcDz9jKVc4vRmisJKKrNfe3ewBa,50.81111905099988,42.877158856999245,11095.097378789087,218.35963438736258,1.1095097378789087,183.5077880705257,959.311574917,7660.499848047,1615236.3073921443
RajgMbScQbqqrdJfR2rxfHJiTiY5b6bJ2tTXiF4aPxy,725ZA3fhyBAKb5iopNRrcbSuQa3LXA1656Q3mBvYPxeg,GLA6i1dSZpUfk2f9Nj8uiG7xyDdAR2reff8oEiZH3617,47386.97111435997,47322.39024545998,47546.49674290693,1.003366444927699,19.018598697162773,1.0,41673.56684368,142344.42705386,184158.28566526005
Cob4usZcpHEY7Qt4ZCwj6WVg9S44zvzYV2v9qYF65dTf,NhFM9UXE48PyNAyeyPYA3iXztqKVJwA4bTdLj4ysM8w,6TuFuynuBoeskxyR2cz4wxyidk8dpDK7kAWw3UkjQGx,12.140937000000008,1702.7043540000159,0.08820093738010436,0.007264755379268033,3.528037495204175e-05,1.0,73677.192577,165.876392,701.1231731031276
FrnkTEL6yZ5Aycq2TrEgu29dCrwKG4LPUZydfiwqspkc,DjvZuMZ46fxKBoBpGMPcRcos4xdTtHFxwMh69DpA2ZFY,9rvDPJLAng4uVVqnnSoEXgNDFhBZQTny9AoQioYDZbQX,37.44234990500172,31.165922518999963,8307.284082410391,221.86866218299684,3.3229136329641564,184.46321665112566,171.533108676,1440.599636729,303795.4642395092
Sid7E679i9ABqptiAVhkmQ27YHN8vaYT4fppPwmxFsJ,GP7KB8o1bv527HG8kTzzzf4wJ5aEGHvcMQvVhLziUfmT,9gYxhAZ1M9wu5pxr8SBoa5NDm21gi3s9vMHaYTME77sa,572.9965310000098,1693.016228000035,4.168080022907338,0.007274180204255489,0.0016672320091629352,0.02151906941386854,136133.972044,8649.038305,1176.3823002176377
RoBgmK8CvjdHvPrqdDyVw54VwjZv2TqJ493xnqJAQHx,ExiHJxM7qPAcy27NDHAF6G7vnW7muNHi2sVJpnaNynGQ,6rkPHSqZb7StM4HwS9EuVrmfkV7tRdc7dnsFhyB6cefE,0.6137329999999999,34.3286449999996,0.0,0.0,0.0,0.8308566880224532,6236.1915,19.476073,16.181825508463522
KZMu9QBEdL97EFgamLbN5DE1AoKBG4HdrKKJo4Vuon3,DD4ACBWyVqdaKWh7v5btsgqQCCMwbKnuL2xd9pv7Gyuw,GcYqiJ1MAuYbNTNYXm1F1gQYTfTgkErACAhNU5dpVj9T,47.57516005000025,47.394011309999996,47.807087049474234,1.0048749599419158,0.019122834819789696,1.0,1373.12535157,1715.27859802,3095.0978806741327
moFiBS1R4Lf3E3zzmBPnw3NF4RhWPkhREFviuzUaCAU,44ALBrpqi9PfZkBRTvbtRNtFJGsatfY4QydjtMbFWq8S,2ho8qEEie1UjVwWNBo9y4oAJZMyMLx8zPj9bxyUz6uWs,2122.467522327999,2123.4605669580014,2122.9989535490504,1.0002503836762922,0.8491995814196202,0.9996460423303936,32692.950948807,31728.308522706,64418.214774615146
SoN9GaFpSXfpyR5dth3x7PHPVhvJMpQqqDJfCSmPv1t,9kZ9iS68ViMPtoeqtnhAKuF2iqVyfHPdZHoUNdwCELr,BBhm5fJLjw3HRzjtKB8uMEYjGhY6EDm9co3cqpjrSzB9,5.635964973000001,5.811016426000001,1242.3255113658283,220.42818174303585,0.49693020454633136,214.51539898791637,0.856653444,1.407583199,490.7788325870023
SAMyS8Jr2HJrkFwYVKbpUwsNStnQmvz3f8Tup8bWUWF,6jPzm5TFfquvgm25sTyN3MMGBfufRaFHMxobDWv6hMFW,Cj9ECoDmxsHTDzCY5ZA6RWrPbg9uFzEC1Qc2kso2vJG6,399.81593370000047,166.04459209000476,401.7650203609276,1.0048749599419158,0.16070600814437105,0.02233917971246056,487.83933565,108626.39976872,2916.842198820405
DFWzVTzNBrQZLjoQ4yQwkj9HuoXmfkuZP9V5vbymZe23,DhgiEgiNdqZdRdo195UUHnoEJUtefK8buko8nU97XJUZ,2K2kkXsouBHtWVjtcgkyiXd8eP3oVBvq1bTJzcVdLLr2,36.28082282900141,35.94815899999958,35.9490881664124,0.9908564735658687,0.014379635266564961,0.9996481908132626,41522.895387484,26448.880962005,67582.80569859053
YakoMPuYrybnr9R7VC7hVGxMz94fJvPFCdZ4gmW61Ed,,,0.020828999999999986,0.020782999999999996,0.0,0.0,0.0,0.9996481908132626,41522.895387484,26448.880962005,26439.576002703645
TETFuZgEmET6d9vYmz9iMFCxK1jKdKYxf3oPz8hSzJK,Eu1Ze6Z84LWNkq7SNoAHBJbXx5t1P95EwyqYohrfCRFV,ASMbv7WNu3qe4pkhREmvyEdwFNDZQ6B6iSrjkj4u8bdC,6.275800535000002,6.2493268959999995,6.246279332142754,0.9952960259503772,0.0024985117328571015,0.993218305410656,43.736788578,207.87222992,249.9935558025919
HEDSDjj84KS7LKhZY7ejkCACTdPen62rKhCby1wXtgxc,EnnjMSFttpCTywBrYNt1J5QQeoSVkvzPipJDa8Y7kJow,6bjVT6JN2rSvpyn9PdfLYC8wJn4LWh49jpY47fnLDXZk,4.58990451200043,4.736918554001022,4.34807857797028,0.9473135152598731,0.001739231431188112,0.9948388011704976,38822.791667105,9065.109134514,45795.677550226574
Lee1XZJfJ9Hm2K1qTyeCz1LXNc1YBZaKZszvNY4KCDw,9DgFSWkPDGijNKcLGbr3p5xoJbHsPgXUTr6QvGBJ5vGN,2hNHZg7XBhuhHVZ3JDEi4buq2fPQwuWBdQ9xkH7t1GQX,949.5131491349239,798.7031796979945,205489.8130046791,216.41597400930718,20.548981300467908,181.34572674209318,6673.38072194,53932.742834789,11224698.633442808
STK75uPSyBnEhGTTzb1nwmP3n427XoXmfRhXxxhyady,6TYyD5fUmDe6N65avW1Ny2RxzRNobw2RRgKwH9CTzSAU,54zDfk4cx2vGrEajPtodWpArNe5eUurytyxd4X3aZAxK,744.2858652419995,840.838915844005,135867.70422702067,182.5477421673784,13.586770422702067,207.15260663232215,1753.824208858,304.465102769,383227.3891526928
SoNcU2iwHMw6dGzsYNQkYFkUjwN1UdAjrWVRnStrZu2,8ivTTid27jZnYNc4w3CTA1Z6QS2twsFb8WMwUabeDJgc,CyXm53PMvHCbeXJBykU46Rcbo28xk5srhMZFg7gv6EYB,9.397887623000013,9.369222234999997,2042.116521763319,217.29526928642187,0.8168466087053277,214.78465904868438,15.147979372,19.556394992,7491.997887362022
BSCuChvaSj9b5HUSqgDVRzcnr2sSn7cXaamt1jbKH6hn,GnKpRj5kBVPMJfiwZtEuD9GYApLzPdW5JFuZTcyX4BTc,3dmwD9okkomV9nDwyuh4UMhKdUR13QpuKxRo89ycZB5t,1032.651827224,1035.8417187559996,1029.6031373278656,0.9970477078374712,0.41184125493114626,0.9875011973452018,1621.235125695,1382.076417587,2981.250883129524
JSoLLrxK5bYdHwTEWYaGgmeycBCNXKDiBCTw5hXGBg7,xG4wXczA7Dk4hccJ61CHKpDHW4NrNfQwgmWgkb9BuF2,BVR6WgfhsRr9Lob4QDnkEAiNGgAbv7ZieKcY9kSg3QYR,3.30622774299988,2.7923969480000004,710.1269985175305,214.78465904868438,0.2840507994070122,181.4934076149552,17.03725553,164.711364608,33553.36795575161
SEQV6QiTpvTzrceiaYg9Avnwf7oc8ZALpnQMz6TyT4A,3dFMPj4r9mMmPHF32mz1gNDX7f8ftidWof7S8YiYTs1j,Fc1ED3YPeQfXQosHbd8DTaBd2AV5gHQtwiSAL5C5pUhi,1842.622670368,1843.1873042359998,1827.5589571815447,0.9918248519196571,0.7310235828726179,0.991710293655335,3321.306256232,2226.700389689,5502.395783108062
oKQqupM9E7SSLAFDLxr7mdsXP7znck9qRbVWc6Yyj7Q,CMR2J7CwfW98RpvnJmFBgRFTLAd3x8CJ1SWs8Bt3uunG,FmRb5jHfSNj1YWP3b45d9vvYuhwjp4om8bALmtqZpr1v,376.63712561999955,371.5016343799998,381.2558032983611,1.0122629378895098,0.15250232131934444,1.0,2176.16186001,3720.4519216,5923.299919336823
C98Sspw7XqnMsgxea3SLQVdbMDL8pKUc3RE82UvX9eq2,CSqgQJurPCzGxb4Cgwx5R61hWQUiaoUHcShNc8r1cKEL,6S2CR5EnukPhC914XkAns8m5GixjMAoUuZMsS5ubHuWc,113.46615500000007,113.40012299999978,0.0,0.0,0.0,1.0,849.249545,914.725354,914.725354
KysFMBBoavfov2tLpvefWW6tPFt6rAeZWDJVy1mMQae,B8ka2V21TH3x64dFV8ETcjuQcwmrciJ2qzy1mJUttRew,7fSf7EYxBANyxzk2s5pymFgshA91tFYQNKKs5UnLWcYS,28.242523000028996,33.03773600000159,0.0,0.0,0.0,0.022336998157175315,134139.643753,2890.506142,64.56523036715794
MiMuMS9C4vBqcrYeeQPph1E7oAW9aNKvW9k6Zw9XffM,Afy2q2hh6Y474pshJa5fnQ6PfEchGyTbKrQpCZw2hr3m,5pXz9ksgjeL8Wgb37bksUaBFMLdFfsNNY3FQnikkCPtS,0.012538942999999136,0.8271330000006856,0.0,0.0,0.0,0.022447696866301516,26.006551294,7673.713867602,172.25720273866392
heyk4SZTeCUV6a65WiVA5bzic3KcxgVf1qxobfeV4tQ,9ZDpBKPqMABtGfq66FbVribaArMvtk63xxy91onZAtDt,DaTP4s6N7xxSPinbNZ3FB52EpRDRt87QShTuN3VPCW52,56.698609366999335,49.048588202000246,11966.392263104859,211.0526589047127,4.786556905241944,180.34518790345473,626.162764849,4473.529006904,938932.7457701649
vEnkoSUkpnbRrPgBz9DfcVxNz67zjwMYBZraAvDDNSf,DtfyjjsZ5yCjWKLKHvwsfXs5QVsmm1QkK6Sh9JZHoq1g,e5wrKCRv4GhHvEf1VD5Pq2KGaZDXP77nTL612Jyrxwy,3232.7009129999997,3232.9136070000004,3215.2197631477657,0.9945924011151371,0.32152197631477664,0.9942650790241885,998.69393,951.067197,1938.906295600331
KEN5P7p3asnb23Sw6yAmJRGvijfAzso3RqfyLAQhznt,9zj4aX38Uxf3h6AUjS4EipWS8mwbEofasHAf3a1uKGds,CwQDG1MWunn9cLNwcZLd8YBacweSR7ARo32w4mLua1Yr,82112.93506199983,82119.7184319999,81931.37513470133,0.9977888997980475,8.193137513470132,1.0,1155641.711633,1110294.370115,2263380.842126024
parEAJhzYzHW87y9VoZAQ22dzQ2MD2ekEtTReaxbMcz,3oyc6hpjYSJEquK6dSvG72NXyz3pqLZz5D8AC71pwgQb,Di2vordgFJVZ1aj1aBpvzXtLfZgJsuLLXawGtVFwX6Rz,4.22341001399991,4.9635804930001655,757.6263418846524,179.38735272522575,0.303050536753861,211.1695604991288,1101.411240154,141.549048831,227470.09706374592
