0,1,2,3,4,5,6,7,8,9,10,11
AUSejoEUCh2DBs9mof6BNC8Pubs22w4cJa1ccV9h44R,4xkyD7AfGQDwsQMy9MosRRNGoVJ1zosNinesxg1TzHG7,Cbm5gsQe3nSiCsFrvepVzMCD9xLK3ri9g3ypS2hdmVJ7,579.1480410000022,580.0008799999996,578.4631406414827,0.9988174001981653,0.05784631406414827,1.0,14831.489952,14047.423057,28861.373291921853
GokA1R67GqSavkd15zR62QD68Tuc5AEfvjssntVDEbM8,3YB7hfpBdbQEuZqLGWVDpRPmeZWCUsrrWyqGXegnQ6Cg,4DPCj6Z1DsG6HUtwSogBGqXEUxdEV5a8YVrrFtcnz7UW,11647.317427999995,11646.782914000001,11647.666858005734,1.000030000900027,1.1647666858005734,1.0,16888.531972,15550.169341,32439.207984159293
BSCNHw8CmxbZ8hCWWzMf5FaG2ajPT6JxfznKUNuRVrn4,7n9kgNL633yGzCYksgnzHyjG73ZLBAwvEae5sbAekbzW,SscdxE99omdG9AiMVwmaEMQySQnCgeAh1sPj2Leutm2,1415.925581374002,1413.4041602159987,1418.8075043221988,1.002035363288938,0.5675230017288796,0.9998495206474434,4943.647544837,6763.046995755,11715.738960384979
vEnkoSUkpnbRrPgBz9DfcVxNz67zjwMYBZraAvDDNSf,DtfyjjsZ5yCjWKLKHvwsfXs5QVsmm1QkK6Sh9JZHoq1g,e5wrKCRv4GhHvEf1VD5Pq2KGaZDXP77nTL612Jyrxwy,4846.481846,4845.649918999999,4839.3631428169165,0.9985311606626652,0.4839363142816916,0.9973510356493154,907.15642,1043.86581,1946.9245996475997
RajgMbScQbqqrdJfR2rxfHJiTiY5b6bJ2tTXiF4aPxy,725ZA3fhyBAKb5iopNRrcbSuQa3LXA1656Q3mBvYPxeg,GLA6i1dSZpUfk2f9Nj8uiG7xyDdAR2reff8oEiZH3617,7833.884281319988,7832.950775660007,7835.902966642254,1.0002576863851664,3.1343611866569017,1.0,90772.17497759,93223.73805647,184019.30378770368
SoNcU2iwHMw6dGzsYNQkYFkUjwN1UdAjrWVRnStrZu2,8ivTTid27jZnYNc4w3CTA1Z6QS2twsFb8WMwUabeDJgc,CyXm53PMvHCbeXJBykU46Rcbo28xk5srhMZFg7gv6EYB,6.604183742000004,6.527466406000006,1392.4804231639555,210.84822554350347,0.5569921692655823,183.16041463854668,12.70726828,17.689727835,5919.362853444888
KwnjUuZhTMTSGAaavkLEmSyfobY16JNH4poL9oeeEvE,J63v6qEZmQpDqCD8bd4PXu2Pq5ZbyXrFcSa3Xt1HdAPQ,BnKQtTdLw9qPCDgZkWX3sURkBAoKCUYL1yahh6Mw7mRK,1932.565643000003,83111.32125400001,44.27463008514377,0.022909767771931613,0.004427463008514377,1.0,276108.579833,606.658606,6932.242049811871
Lee1XZJfJ9Hm2K1qTyeCz1LXNc1YBZaKZszvNY4KCDw,9DgFSWkPDGijNKcLGbr3p5xoJbHsPgXUTr6QvGBJ5vGN,2hNHZg7XBhuhHVZ3JDEi4buq2fPQwuWBdQ9xkH7t1GQX,1680.3875846298833,1413.7586017489975,347266.22638021124,206.65840997432682,34.72662263802113,173.7637577455195,6670.709579834,53916.175625626,10747235.515145164
wrmcMSHFi3sWpAEy4rGDvQb3ezh3PhXoV2xNjgLBkKU,8p4mGnARWPBu6P2Gcw4adodLkNDorrXniZMhaY7eJXUn,AyY89zccbsgp9LKFgH4CFZMJmpSgqmPSdTfukhP227rc,0.01105204000000054,0.08017673000000773,4.159593526533888,376.3643206624012,0.0016638374106135554,3883.947644385754,27.09902193,0.09416638,10564.842269081295
AURHmCnNwiW4uA2Qj1XvEh4iKgRUZYXtiY7FKAapUV5Y,BKWm4TRnTeKwfWXRyuzjRHU7iZDkPuXBX5b5V5jSVfGJ,A5Ww74HVrkj9nPeC7pHKLfgeDMEhBCpW1efQdz3TGLEg,0.512328086000025,0.4576334259998589,101.46740120047497,198.05160789188125,0.04058696048018998,177.18997955227636,290.09081865,1795.10633428,375527.8077335396
C2ypsDADXcCRz8HbV2zX1AXPSja7a1P3xZtRC91xGhJh,J9bYNuDpY1d1T86gLaw7DGk5D3CsUAf2tzUwxMvb6FTv,A2NGvvPrMGzsJ4jb52KEnSBVmsA7C34dV1GC7PerdgvG,306.4234891369997,308.93767009399926,54404.91359745149,177.5481173152736,21.761965438980596,178.52775303184757,3797.180167281,1866.617715163,1007425.256265129
KEnkcdADoLR5jS2CLLLesy8TtFsyWL37BhXNfDMzWzP,3qsjFRuw1qeLMPo4DLwaQevenGAGBj9dA3Q6rb8ax2YR,77iEv8zPQAEyCcEbvBRSB6AFcUdfkhiqnAKtPxk76rNN,2.4629450000000057,1.6296299999999975,0.01836687291442693,0.00745728098452336,7.346749165770772e-06,0.99453206271917,122.007802,0.27603,1.1843671470904638
B2izdXFYb2sNwbWWHmh75T4aQFtfXsUxem9u2p61HGzf,4DYwgJtxwuJdAjkj5RJSNH4e7U329V5cNp7d3a1nLrZv,EXNW64GEf1ACC6xY9BtKRiunrs6GoJSXBdxWN2eTPmrF,4259.011765000007,4189.734891000002,4268.453584328541,1.002216903791186,0.42684535843285415,1.0,8589.881878,31171.352745,39780.27756470118
HEDSDjj84KS7LKhZY7ejkCACTdPen62rKhCby1wXtgxc,EnnjMSFttpCTywBrYNt1J5QQeoSVkvzPipJDa8Y7kJow,6bjVT6JN2rSvpyn9PdfLYC8wJn4LWh49jpY47fnLDXZk,73.60638193000159,75.97463642399816,69.65411303572327,0.9463053502882826,0.027861645214289306,0.99653366626407,38817.341787054,9070.422915076,45772.040019184446
MARpDPs5A7XiyCWPNH8GsMWPLxmwNn9SBmKvPa9LzgA,6YjT74rmcfCpw8LSjPNx5JTmZoYLGrTKnf9arfSgZ4SR,F8GSmi3vA8M8TsybLya1LQ4n1aFHCRbZ6k437PeTdXtg,224480.4162039998,227600.7013779999,216441.35152563467,0.9641881246733812,86.57654061025387,1.0,292893.75521,19368.29882,301772.9793844743
CZgvH45CRmoaNJ7395Ao5CQZXkGznvqU7cErD6n7FaRg,4ZjU6MKvtqVQKCiowhvZ5yUsPxXX5SCzd5eFsPeXyey5,BsyWeshjDbCvjDojry3vKDCesmFRM37WtwcR4Kfgzqr,40.021050419999824,38.57814327999995,41.38018465396866,1.0339604837880425,0.01655207386158746,1.0,204.60413167,600.98517833,812.5377652965456
ALLwa5WNZbvQsRKAqe1jdRGemdYQnW8E5k4msbRFcYtu,CGoM82Hbz7QVqTgvQatYtjvDWBvoUJp5qm21P8iMs9yb,3dxNNww8TivyN5FMy5dCNdi3Zcxv6e4kUfSPxfFwpdNq,13.008837898000005,12.988935765000004,50169.06246818359,3856.5368299267257,20.067624987273437,3867.409724988495,2.894134403,5.812699637,33641.42702049839
STK75uPSyBnEhGTTzb1nwmP3n427XoXmfRhXxxhyady,6TYyD5fUmDe6N65avW1Ny2RxzRNobw2RRgKwH9CTzSAU,54zDfk4cx2vGrEajPtodWpArNe5eUurytyxd4X3aZAxK,845.4901810119984,955.2299602910002,149950.6036955491,177.35345372795186,14.99506036955491,200.3371674528231,1595.347540894,276.228260877,338279.1836284635
BSCuChvaSj9b5HUSqgDVRzcnr2sSn7cXaamt1jbKH6hn,GnKpRj5kBVPMJfiwZtEuD9GYApLzPdW5JFuZTcyX4BTc,3dmwD9okkomV9nDwyuh4UMhKdUR13QpuKxRo89ycZB5t,1953.8108283450003,1958.3590851010003,1948.7082332715904,0.997388388374461,0.7794832933086362,0.9988183978353609,1683.726765743,1320.928569616,2998.6972829061624
SAMyS8Jr2HJrkFwYVKbpUwsNStnQmvz3f8Tup8bWUWF,6jPzm5TFfquvgm25sTyN3MMGBfufRaFHMxobDWv6hMFW,Cj9ECoDmxsHTDzCY5ZA6RWrPbg9uFzEC1Qc2kso2vJG6,4271.675914630017,99.27531544999982,4287.365743938246,1.0036729914960292,1.7149462975752985,0.022732673328475374,493.40789357,108379.76296576,2958.9819234853717
parEAJhzYzHW87y9VoZAQ22dzQ2MD2ekEtTReaxbMcz,3oyc6hpjYSJEquK6dSvG72NXyz3pqLZz5D8AC71pwgQb,Di2vordgFJVZ1aj1aBpvzXtLfZgJsuLLXawGtVFwX6Rz,2.6790109709999967,3.1695769810003185,464.5970311001257,173.4211005962044,0.18583881244005027,199.23779588805067,1104.510984574,138.926363246,219224.89296929617
DFWzVTzNBrQZLjoQ4yQwkj9HuoXmfkuZP9V5vbymZe23,DhgiEgiNdqZdRdo195UUHnoEJUtefK8buko8nU97XJUZ,2K2kkXsouBHtWVjtcgkyiXd8eP3oVBvq1bTJzcVdLLr2,14.060044013996958,14.128081574002863,14.0013666804728,0.995826660751151,0.00560054667218912,0.9998507542776106,37727.536570436,30221.356637247,67786.9329903483
NorjjEePhxfwLF4vZjUHCrVVKLzQjEEGQFd3wgjEJmh,34M8pFVqgbV7aqHxvRT5tCv3vu2P1JJYT8J3VaxBK2oG,3AZWBSze3ucsY3xSeuLne3b2pauVqiaJ1SZSV5T9WGWw,1.8613869999994677,3.267672000001312,1.0540822613486887,0.5662886123890357,0.00042163290453947546,1.0,38237.245723,2130.660317,23783.97713905626
SUiuyGR7SFq3xeRVJonq84fjjeFwRSsFekcevJ53tzy,49GjCCPsv7fBqo6t3iKDrP1xxGDS8uWZbVCdfnp2gjMf,CEwj5xEbbJEjYqM8D6Ai8ByGz1mrh8mkAVsE5fzDSSSx,0.11068000000000033,13.983615999999984,0.000825371859367048,0.00745728098452336,3.301487437468192e-07,0.9670319468673967,658.749911,1.554752,6.415978038312734
KEN5P7p3asnb23Sw6yAmJRGvijfAzso3RqfyLAQhznt,9zj4aX38Uxf3h6AUjS4EipWS8mwbEofasHAf3a1uKGds,CwQDG1MWunn9cLNwcZLd8YBacweSR7ARo32w4mLua1Yr,103036.81347200065,103050.19738000073,103015.38627165614,0.9997920432550029,10.301538627165614,1.0,1147762.561882,1079014.180079,2226538.0569946016
FrnkTEL6yZ5Aycq2TrEgu29dCrwKG4LPUZydfiwqspkc,DjvZuMZ46fxKBoBpGMPcRcos4xdTtHFxwMh69DpA2ZFY,9rvDPJLAng4uVVqnnSoEXgNDFhBZQTny9AoQioYDZbQX,36.78694548000021,30.596090075999967,7838.228349384366,213.0709208690822,3.1352913397537465,177.41962669136348,171.054207033,1441.214252787,292146.37212279387
ercAoEmXjQzEvAFbdjAo81KtMxRGn9AW1ju882upmPH,CMRhskR2Eg6V42RTSdRTXGdozyPbWB8U9dVpijPWb9T4,7TKLLgrWswt6ZJ1pXhVR3FyufHGjJFqiEXxvWJfDcgRm,0.0,0.000209140000009711,0.0,177.36735759529594,0.0,157.2781320642456,37.632439042,310.652583411,55533.62431255992
KEVpg4SYCVrqFxKijQH6hm4QxsRdoE51ud64bEEFUC9,2bPenuBYfqzD8p5dFjCcggwkHDsc2RQDnx9AoyYGUBjA,AE6n6iLuX8oYu61vt5hoDYkjswpnxFxrhSehxrnQTnbx,89.4602073850001,89.70158534199982,89.2110832048734,0.9972152514798611,0.03568443328194936,0.9998420579496319,5892.368010122,1636.73367423,7512.434412183284
ALBpShJ9NLpE739pcHDF2LNVk5J4VYPvvKuV6jMPitZi,D6d156U1bPiJpDYRLextvDRccgFk7QzkQbJg42ceKEu5,GNcM8U5g8RwTZffwwm3kSQqUNPSwv5d2fbN9sLxPJqt2,17166.545204999988,17190.234491999974,17135.307539355745,0.9981803172815957,6.854123015742298,0.9918430824896055,52867.97442,47457.156336,99841.82370708024
DA1mL7dfBow33EH5yjUuZE6SH2KeUK5zEXzsyhE5r5j5,B4UtLRZND3D83CitRCBUyeiNr7H8m7YFRqBmiPmXjhW4,AAmpYbuixWiSqDaJBCqYEs1pb5SrbdPr9mgXrB58Q2e,239.71470675900014,239.07597500000008,239.30700945788112,0.9982992395142076,0.09572280378315245,0.9998519989075657,1780.208203345,1227.52421952,3004.5230401707886
TETFuZgEmET6d9vYmz9iMFCxK1jKdKYxf3oPz8hSzJK,Eu1Ze6Z84LWNkq7SNoAHBJbXx5t1P95EwyqYohrfCRFV,ASMbv7WNu3qe4pkhREmvyEdwFNDZQ6B6iSrjkj4u8bdC,117.651340438,117.73652938100001,117.17475882233518,0.9959492036904078,0.04686990352893408,0.9971392076133573,196.663836999,54.971705673,250.68163488978414
YAkoNb6HKmSxQN9L8hiBE5tPJRsniSSMzND1boHmZxe,CfWX7o2TswwbxusJ4hCaPobu2jLCb1hfXuXJQjVq3jQF,EnTrdMMpdhugeH6Ban6gYZWXughWxKtVGfCwFn78ZmY3,4674995.177956001,4673980.9506490035,4674995.177956001,1.0,467.4995177956001,0.9934669612627364,320376.213923,1175265.303891,1487963.4640571184
C98Sspw7XqnMsgxea3SLQVdbMDL8pKUc3RE82UvX9eq2,CSqgQJurPCzGxb4Cgwx5R61hWQUiaoUHcShNc8r1cKEL,6S2CR5EnukPhC914XkAns8m5GixjMAoUuZMsS5ubHuWc,18.986016000000177,18.974284000000125,0.0,0.0,0.0,1.0,855.94235,908.060061,908.060061
BUSDgu5JdqP1rndBvXvanbEufS94FNh1w5FJcAj6vawb,Bgzr8cWubt89JQFXndVjtdKmDbGzuPxNhvjH1EhWCwbo,Dxaf8xPBBQsasRKW5Aa4Sw2YrbfGofY9xZueyyF23FBW,4691.28450155,4687.508655980004,4697.502914983767,1.0013255246898185,1.8790011659935069,1.0,7043.04325008,8088.32626466,15140.70524245944
BkwbeSfcX1h4thMDd7obGkHrPevf3QwgzJ4pCEqG18Lu,35yX27bmurdebhfAb8EPmjLETDiUaEUCn9zHaDPbakH2,2CxECn1ZJFoESyUnQysQU8rRgT3iJ5GRs2Mdd6gZjx5g,0.15879002000000852,0.10861838000000013,405.46963893572473,2553.495735662121,0.1621878555742899,1736.111111111111,0.92610553,21.9022468,40389.54054940589
BSCrK1Nx9PXU9mF7STWWBqeHLxmtJDr9h7jheEy4tAWX,FfSySSbVJPvEo5a5AvrP3nySoXpRE2QPn1uUMpJJ1x7v,HL7Vcj6838ZmvBHDbQxXfjBNckNi83WvPiZQoMQLFeRM,0.00300083200000012,0.0029979410000000595,11.536869300444891,3844.556876374429,0.004614747720177957,3840.098306516647,0.838132202,0.966383468,6933.254439422426
KysFMBBoavfov2tLpvefWW6tPFt6rAeZWDJVy1mMQae,B8ka2V21TH3x64dFV8ETcjuQcwmrciJ2qzy1mJUttRew,7fSf7EYxBANyxzk2s5pymFgshA91tFYQNKKs5UnLWcYS,21.10410600000023,26.951521999988472,0.0,0.0,0.0,0.022909767771931613,134166.595275,2869.402036,65.73733428906776
SoN9GaFpSXfpyR5dth3x7PHPVhvJMpQqqDJfCSmPv1t,9kZ9iS68ViMPtoeqtnhAKuF2iqVyfHPdZHoUNdwCELr,BBhm5fJLjw3HRzjtKB8uMEYjGhY6EDm9co3cqpjrSzB9,1.3299236409999986,1.2997929599999996,283.43309635829337,213.11982704899796,0.11337323854331735,208.37887279949305,1.871301102,3.323277094,1091.3121020629342
WiiQFxXqp8P9Fs1rt9SVcDyA3KUdJmUsog6wnVQAwba,3S2jpqSYxho6wiz3cafhjXruVY8cg4HYa2v3BqBHYFSj,Dfe67M6TfrG74gKRtdqys4e6E9QirPD53BkF4FujFjuv,6129.813581727,6137.594611192997,6111.477986586423,0.9970087842156838,0.6111477986586423,0.9998509362233222,21491.608650369,5344.248430552,26770.774408041107
MATgk4zXLXtYkwBH678J1xZbRDZ45LicNzkRBHkxTuY,y8dALFo1bJrSzPYjMX14HJX448pXqYmrfXHD1K8MXih,GN7Yuet3UyiWS5YVkEHv6oQKi4HGBJc3XDPt9zQhAqZz,562.5321320000003,561.859762000001,563.5956369669568,1.001890567500874,0.22543825478678273,1.0,3209.874608,4869.76981,8085.712902615765
Lid8SLUxQ9RmF7XMqUA8c24RitTwzja8VSKngJxRcUa,4PgzyzLtds9bKZ2to9PMnKqJzKEUpjvNUaeN23phegax,AtymwxoVN9peZo7EXTcDz9jKVc4vRmisJKKrNfe3ewBa,91.40546609900593,77.17377324199936,19231.215255754803,210.39458663144381,1.9231215255754808,177.1099238055397,959.101057447,7660.764156766,1558587.026616378
Dg3mAgpwDfVNnbGWcsxL8sUcSkEbjSJQhKAWNigG44Ju,EATxwd8YA2wV93VJcKMmH2Kn2Y9XfJVUB9hHVu3udwEy,GiGvrRi7NMHfHKanG2B8xyCEqe8jaafWins8bhrLVEaa,0.0009665320000000199,0.0009531600000000084,0.2063060759343488,213.4498143200065,8.252243037373952e-05,210.76339132628553,0.190825342,0.268885037,97.40275609246551
KZMu9QBEdL97EFgamLbN5DE1AoKBG4HdrKKJo4Vuon3,DD4ACBWyVqdaKWh7v5btsgqQCCMwbKnuL2xd9pv7Gyuw,GcYqiJ1MAuYbNTNYXm1F1gQYTfTgkErACAhNU5dpVj9T,150.0271570199991,149.43744868000022,150.578205491907,1.0036729914960292,0.06023128219676279,1.0,1417.71338899,1670.58566352,3093.506301731567
SERgf3DMJpQxUifu7VoFKmfne73d2fDJxSrxUMrcNJB,AJfM2GZ2tTB8UtN2krcyR9xufRJEx2mhSCbJyMgPo3GU,F4yRYkufQvERZcEKnKjJwRLU1btiMBUuEwq46hfm11QD,6.550100000168868e-05,5.5770000031429845e-06,0.011557965222470438,176.45479034171177,4.623186088988175e-06,176.29104099507126,29.284858487,27.960816133,10096.694947668637
RoBgmK8CvjdHvPrqdDyVw54VwjZv2TqJ493xnqJAQHx,ExiHJxM7qPAcy27NDHAF6G7vnW7muNHi2sVJpnaNynGQ,6rkPHSqZb7StM4HwS9EuVrmfkV7tRdc7dnsFhyB6cefE,26.951522000000296,0.49611300000000114,0.0,0.0,0.0,0.9669337660039624,6209.239978,19.972186,19.311781024311614
SEQV6QiTpvTzrceiaYg9Avnwf7oc8ZALpnQMz6TyT4A,3dFMPj4r9mMmPHF32mz1gNDX7f8ftidWof7S8YiYTs1j,Fc1ED3YPeQfXQosHbd8DTaBd2AV5gHQtwiSAL5C5pUhi,2492.5789656589996,2500.425243845002,2483.9438800282805,0.9965356822192247,0.9935775520113124,0.9993226630962441,4264.753433551,1285.517214769,5534.6254589195505
DEDaBEWzMCXohXYXoLzB4jK1xqMsd3SS9izXp2xvg9pe,GC5zHpW5GuVdw3C7covC6viyGdLS8ZAaVGDKMeru7p78,F8juxtAFueW19vxkdDArUkjVWAv9QV6yy1wCXUWQiXvh,2327.100225520417,5520.742035029851,2327.100225520417,1.0,0.9308400902081669,0.0,38.1337582,8275234.23921236,38.1337582
BSC8REUo9LpiiWUuqMuLXs2D2yJsJfGd4HdiF3wCLxk5,AZjEH1zWVx1UJ6udMyRijGTzPteuLnaY18yNNmprJEsh,Caf8ypkSVR8xYnXNhjvfvdGCC7mrM3C11rz8Xi6NA6aK,3737.7078778030013,3750.9818016509985,3732.6886470926033,0.9986571367066417,1.4930754588370414,0.9998458347705825,3363.392603521,2856.284702881,6214.720390147078
Sid7E679i9ABqptiAVhkmQ27YHN8vaYT4fppPwmxFsJ,GP7KB8o1bv527HG8kTzzzf4wJ5aEGHvcMQvVhLziUfmT,9gYxhAZ1M9wu5pxr8SBoa5NDm21gi3s9vMHaYTME77sa,1347.2054309999967,4179.346401000013,10.046489442842873,0.00745728098452336,0.004018595777137149,0.022899157970482437,135880.231666,8733.72377,1213.2919880552781
daob129AwBGn9Y5r91uLoWZeYiGzbPmksauMhFZKTze,6VW5GQNyj4LStgmxEHLr5zUfW92vQnmbw8jTnCH7a38F,4VPCCUifPeBA1c7HWK358CHn2nyjm8pdTRk6Ps3KmnMQ,19.75279070699993,17.61522160899994,3968.428769836313,200.90471410857373,1.5873715079345252,177.22307742202807,45.455936566,227.403419242,49433.44571468857
Cob4usZcpHEY7Qt4ZCwj6WVg9S44zvzYV2v9qYF65dTf,NhFM9UXE48PyNAyeyPYA3iXztqKVJwA4bTdLj4ysM8w,6TuFuynuBoeskxyR2cz4wxyidk8dpDK7kAWw3UkjQGx,28.02519599999991,3688.436865999989,0.20899176121833943,0.00745728098452336,8.359670448733578e-05,1.0,73651.09322,166.097606,715.3345029588634
JSoLLrxK5bYdHwTEWYaGgmeycBCNXKDiBCTw5hXGBg7,xG4wXczA7Dk4hccJ61CHKpDHW4NrNfQwgmWgkb9BuF2,BVR6WgfhsRr9Lob4QDnkEAiNGgAbv7ZieKcY9kSg3QYR,5.4230173549998995,4.624160207999978,1121.9275317404135,206.8825265156162,0.44877101269616543,176.04493230016084,17.191743627,164.547493878,32524.423776676147
BUSDTd9WiT6uBHJRgNvFXBsA7JrifsAtWzKfioN7ERcy,DyBxrn7gSc1EwnpWhDyhzvMHPtxpmBqRqotapLcKcfTM,Cds99GeBgoCpqBsoRWu1C6fF9LiUMd4pXQQD24s9LPff,222.85336575999997,222.32903862,222.40315727276428,0.9979797994717273,0.022240315727276427,0.998011611565697,90.94839928,94.33084696,184.90794587063573
SRMuKizofcAMicegrfSv7xs9q76tH1w8aAF7oX9FEWu,72Hj2KWntXPfbie4UgKeTPnm1XVkomDfCnRPKbvfTtPi,6aqJQ5wedqpUt4fFEDUqUmXhrdxCu4bEJsQdVPCADLko,800.0854449999988,803.1181749999996,35.30409353138339,0.04412540404529349,0.014121637412553357,0.0441695040051802,16769.751918,5121.280012,966.1764771227689
BUSD5rCfUDpCxKGMvYU2yThChxgHoioK74PTPociGnv2,CcFHbafgYDZ8yA8Me1PdtDiVb2eeaS61LbqyKKK5CsNZ,26R9s4nmF3CFDTkiePDwRmtscn8i7r2eygbSijditJ58,94.46835907,94.05554939,94.35939378565028,0.9988465420017618,0.009435939378565029,1.0,80.65676158,67.37810656,147.94183395324356
4vezWG46exH6pf9nry3n1VJ7hZHvjBJNgNeF4qEFCML5,,,0.35122499999999945,0.34994499999999995,0.0,0.0,0.0,1.0,80.65676158,67.37810656,67.37810656
moFiBS1R4Lf3E3zzmBPnw3NF4RhWPkhREFviuzUaCAU,44ALBrpqi9PfZkBRTvbtRNtFJGsatfY4QydjtMbFWq8S,2ho8qEEie1UjVwWNBo9y4oAJZMyMLx8zPj9bxyUz6uWs,3121.0838633269996,3125.281676802995,3115.5714173912093,0.99823380396773,1.2462285669564839,0.9998519759143737,36764.135170735,27661.986440105,64357.094300922196
MATSnbbiTCv7Dc3trJrkrqjx7ckKdr6fwPoVwv9q3sD,631WX9JizSHJm4w6VanZeJAst9T8DeUUnPLesdGkCVtK,211maUSfpnXbPuW1iBu8b4dtJv5EbN1j7JJiEX5TZKEP,1715.6983530000034,1714.5933349999978,1715.5319464012025,0.9999030094080874,0.6862127785604811,0.9982640188711831,20540.190167,25028.553326,45523.302191542185
heyk4SZTeCUV6a65WiVA5bzic3KcxgVf1qxobfeV4tQ,9ZDpBKPqMABtGfq66FbVribaArMvtk63xxy91onZAtDt,DaTP4s6N7xxSPinbNZ3FB52EpRDRt87QShTuN3VPCW52,45.25954339600139,39.089798024000174,9244.718374563858,204.26008927391462,3.697887349825543,176.96916241557244,613.469716564,4488.25431945,919589.9866933475
