0,1,2,3,4,5,6,7,8,9,10,11
7dwD9TF6uikvHXxPFK9AsSim54yJoujQjY9vU6gNFumk,CquVr6atkvwueDYficKjn6SSEWq4F4rH4VSiBbW4GBWU,8BCa6ge3b7ho3TfZuM64Vk1hgbrJ3J7EPiAb9uP86CGd,0.0004238880000000003,0.0004226960000000002,0.08721932237371674,205.76030077217726,3.4887728949486696e-05,207.01567853942987,0.00369969,0.003811699,1.5503307820368826
SERgf3DMJpQxUifu7VoFKmfne73d2fDJxSrxUMrcNJB,AJfM2GZ2tTB8UtN2krcyR9xufRJEx2mhSCbJyMgPo3GU,F4yRYkufQvERZcEKnKjJwRLU1btiMBUuEwq46hfm11QD,6.550100000168868e-05,5.5770000031429845e-06,0.011332831351650257,173.01768448356646,4.5331325406601035e-06,174.10467974227635,29.284858487,27.960816133,9934.907344018298
C2ypsDADXcCRz8HbV2zX1AXPSja7a1P3xZtRC91xGhJh,J9bYNuDpY1d1T86gLaw7DGk5D3CsUAf2tzUwxMvb6FTv,A2NGvvPrMGzsJ4jb52KEnSBVmsA7C34dV1GC7PerdgvG,353.5190668319997,356.44429400799845,61333.491126034256,173.49415316029143,24.533396450413704,171.4822600744542,3845.561753171,1885.779124523,990560.1460664379
4vezWG46exH6pf9nry3n1VJ7hZHvjBJNgNeF4qEFCML5,,,0.35122499999999945,0.34994499999999995,0.0,0.0,0.0,171.4822600744542,3845.561753171,1885.779124523,323377.66627442965
moFiBS1R4Lf3E3zzmBPnw3NF4RhWPkhREFviuzUaCAU,44ALBrpqi9PfZkBRTvbtRNtFJGsatfY4QydjtMbFWq8S,2ho8qEEie1UjVwWNBo9y4oAJZMyMLx8zPj9bxyUz6uWs,3125.323657398996,3129.5282974479996,3119.8071893682973,0.9982349130408817,1.247922875747319,1.0,36765.680513086,27660.445053885,64361.23094375424
BUSDTd9WiT6uBHJRgNvFXBsA7JrifsAtWzKfioN7ERcy,DyBxrn7gSc1EwnpWhDyhzvMHPtxpmBqRqotapLcKcfTM,Cds99GeBgoCpqBsoRWu1C6fF9LiUMd4pXQQD24s9LPff,231.01284242999998,230.49213407999997,230.66877227589782,0.998510601616417,0.023066877227589783,0.998795452684063,99.11149474,86.17137029,185.03145103714633
SoNcU2iwHMw6dGzsYNQkYFkUjwN1UdAjrWVRnStrZu2,8ivTTid27jZnYNc4w3CTA1Z6QS2twsFb8WMwUabeDJgc,CyXm53PMvHCbeXJBykU46Rcbo28xk5srhMZFg7gv6EYB,6.795935181999997,6.7164530030000105,1404.7535905170369,206.70497185401751,0.5619014362068148,204.87374143499716,13.002661271,17.390825635,6250.638246535489
RajgMbScQbqqrdJfR2rxfHJiTiY5b6bJ2tTXiF4aPxy,725ZA3fhyBAKb5iopNRrcbSuQa3LXA1656Q3mBvYPxeg,GLA6i1dSZpUfk2f9Nj8uiG7xyDdAR2reff8oEiZH3617,8376.516300019983,8375.342222920008,8378.054091848542,1.0001835836967876,3.351221636739417,1.0,90229.78353033,93766.37007517,184012.71832272084
BSCNHw8CmxbZ8hCWWzMf5FaG2ajPT6JxfznKUNuRVrn4,7n9kgNL633yGzCYksgnzHyjG73ZLBAwvEae5sbAekbzW,SscdxE99omdG9AiMVwmaEMQySQnCgeAh1sPj2Leutm2,1413.925581374002,1411.4093486949987,1416.8034335956208,1.002035363288938,0.5667213734382485,1.0,4943.647544837,6763.046995755,11716.75665931821
NorjjEePhxfwLF4vZjUHCrVVKLzQjEEGQFd3wgjEJmh,34M8pFVqgbV7aqHxvRT5tCv3vu2P1JJYT8J3VaxBK2oG,3AZWBSze3ucsY3xSeuLne3b2pauVqiaJ1SZSV5T9WGWw,1.8613869999994677,3.267672000001312,1.0540822613486887,0.5662886123890357,0.00042163290453947546,1.0,38237.245723,2130.660317,23783.97713905626
FrnkTEL6yZ5Aycq2TrEgu29dCrwKG4LPUZydfiwqspkc,DjvZuMZ46fxKBoBpGMPcRcos4xdTtHFxwMh69DpA2ZFY,9rvDPJLAng4uVVqnnSoEXgNDFhBZQTny9AoQioYDZbQX,37.654736861999936,31.31552385699996,7850.878523094615,208.4964383595917,3.140351409237846,174.24264996585717,170.967589044,1441.320520053,286785.6402548025
AURHmCnNwiW4uA2Qj1XvEh4iKgRUZYXtiY7FKAapUV5Y,BKWm4TRnTeKwfWXRyuzjRHU7iZDkPuXBX5b5V5jSVfGJ,A5Ww74HVrkj9nPeC7pHKLfgeDMEhBCpW1efQdz3TGLEg,0.5123420319998786,0.4576334259998589,99.7079906780538,194.61216228708213,0.03988319627122152,174.22492123726872,290.09081865,1795.106341253,369207.4623944319
WiiQFxXqp8P9Fs1rt9SVcDyA3KUdJmUsog6wnVQAwba,3S2jpqSYxho6wiz3cafhjXruVY8cg4HYa2v3BqBHYFSj,Dfe67M6TfrG74gKRtdqys4e6E9QirPD53BkF4FujFjuv,5337.784229727001,5345.171387199998,5322.008683688733,0.9970445515668447,0.5322008683688733,1.0,21491.608650369,5344.248430552,26772.33973980928
KysFMBBoavfov2tLpvefWW6tPFt6rAeZWDJVy1mMQae,B8ka2V21TH3x64dFV8ETcjuQcwmrciJ2qzy1mJUttRew,7fSf7EYxBANyxzk2s5pymFgshA91tFYQNKKs5UnLWcYS,21.10410600000023,26.951521999988472,0.0,0.0,0.0,0.021471308073527467,134166.595275,2869.402036,61.60981510176295
Dg3mAgpwDfVNnbGWcsxL8sUcSkEbjSJQhKAWNigG44Ju,EATxwd8YA2wV93VJcKMmH2Kn2Y9XfJVUB9hHVu3udwEy,GiGvrRi7NMHfHKanG2B8xyCEqe8jaafWins8bhrLVEaa,0.0009665320000000199,0.0009531600000000084,0.20222945095633052,209.23202848568528,8.089178038253222e-05,206.77357136004076,0.190825342,0.268885037,95.52509277890134
SEQV6QiTpvTzrceiaYg9Avnwf7oc8ZALpnQMz6TyT4A,3dFMPj4r9mMmPHF32mz1gNDX7f8ftidWof7S8YiYTs1j,Fc1ED3YPeQfXQosHbd8DTaBd2AV5gHQtwiSAL5C5pUhi,2420.320946248,2428.0406873520024,2409.3286589052123,0.9954583348295902,0.9637314635620848,0.9959226924969176,4264.753433551,1285.517214769,5525.660117205337
ercAoEmXjQzEvAFbdjAo81KtMxRGn9AW1ju882upmPH,CMRhskR2Eg6V42RTSdRTXGdozyPbWB8U9dVpijPWb9T4,7TKLLgrWswt6ZJ1pXhVR3FyufHGjJFqiEXxvWJfDcgRm,0.0,0.000209140000009711,0.0,173.7508659308781,0.0,154.57610979850233,37.632439042,310.652583411,54558.13671316563
MARpDPs5A7XiyCWPNH8GsMWPLxmwNn9SBmKvPa9LzgA,6YjT74rmcfCpw8LSjPNx5JTmZoYLGrTKnf9arfSgZ4SR,F8GSmi3vA8M8TsybLya1LQ4n1aFHCRbZ6k437PeTdXtg,226329.21168099967,229475.0623889999,215654.322707003,0.9528346831824678,86.26172908280121,1.0,293457.274231,18824.938764,298441.20768348547
SAMyS8Jr2HJrkFwYVKbpUwsNStnQmvz3f8Tup8bWUWF,6jPzm5TFfquvgm25sTyN3MMGBfufRaFHMxobDWv6hMFW,Cj9ECoDmxsHTDzCY5ZA6RWrPbg9uFzEC1Qc2kso2vJG6,4271.675914630017,99.27531544999982,4278.6345146592785,1.0016290093556557,1.7114538058637117,0.02262470414522816,494.91063269,108313.47130173,2946.2770898851672
TETFuZgEmET6d9vYmz9iMFCxK1jKdKYxf3oPz8hSzJK,Eu1Ze6Z84LWNkq7SNoAHBJbXx5t1P95EwyqYohrfCRFV,ASMbv7WNu3qe4pkhREmvyEdwFNDZQ6B6iSrjkj4u8bdC,117.651340438,117.73652938100001,116.86881826858567,0.9933488036217768,0.046747527307434276,0.9972843945935218,196.663836999,54.971705673,250.17821141049586
HEDSDjj84KS7LKhZY7ejkCACTdPen62rKhCby1wXtgxc,EnnjMSFttpCTywBrYNt1J5QQeoSVkvzPipJDa8Y7kJow,6bjVT6JN2rSvpyn9PdfLYC8wJn4LWh49jpY47fnLDXZk,76.05336755400094,78.50172867899528,72.56888259807124,0.954183686166749,0.0290275530392285,0.9951730415393357,38821.13306408,9066.751834787,46065.47884856104
SUiuyGR7SFq3xeRVJonq84fjjeFwRSsFekcevJ53tzy,49GjCCPsv7fBqo6t3iKDrP1xxGDS8uWZbVCdfnp2gjMf,CEwj5xEbbJEjYqM8D6Ai8ByGz1mrh8mkAVsE5fzDSSSx,0.07083600000000012,8.843606999999906,0.0005202748278550698,0.0073447798838876975,2.0810993114202793e-07,0.9390658923755362,658.749911,1.554752,6.29838766912826
GokA1R67GqSavkd15zR62QD68Tuc5AEfvjssntVDEbM8,3YB7hfpBdbQEuZqLGWVDpRPmeZWCUsrrWyqGXegnQ6Cg,4DPCj6Z1DsG6HUtwSogBGqXEUxdEV5a8YVrrFtcnz7UW,12583.79897799999,12583.288469000003,12582.465236684902,0.9998940112348091,1.2582465236684903,1.0,16341.826875,16097.34462,32437.439444948555
AUSejoEUCh2DBs9mof6BNC8Pubs22w4cJa1ccV9h44R,4xkyD7AfGQDwsQMy9MosRRNGoVJ1zosNinesxg1TzHG7,Cbm5gsQe3nSiCsFrvepVzMCD9xLK3ri9g3ypS2hdmVJ7,579.1480410000022,580.0008799999996,578.4631406414827,0.9988174001981653,0.05784631406414827,1.0,14831.489952,14047.423057,28861.373291921853
parEAJhzYzHW87y9VoZAQ22dzQ2MD2ekEtTReaxbMcz,3oyc6hpjYSJEquK6dSvG72NXyz3pqLZz5D8AC71pwgQb,Di2vordgFJVZ1aj1aBpvzXtLfZgJsuLLXawGtVFwX6Rz,3.1513352050000094,3.72933581600023,516.1029942581271,163.77280126825656,0.20644119770325084,194.35567788733823,1105.111883995,138.419249077,207889.83594371838
KZMu9QBEdL97EFgamLbN5DE1AoKBG4HdrKKJo4Vuon3,DD4ACBWyVqdaKWh7v5btsgqQCCMwbKnuL2xd9pv7Gyuw,GcYqiJ1MAuYbNTNYXm1F1gQYTfTgkErACAhNU5dpVj9T,154.50304241999902,153.900846,154.75472932157845,1.0016290093556557,0.06190189172863139,1.0,1420.67404719,1667.61786912,3090.6062076242097
BUSDgu5JdqP1rndBvXvanbEufS94FNh1w5FJcAj6vawb,Bgzr8cWubt89JQFXndVjtdKmDbGzuPxNhvjH1EhWCwbo,Dxaf8xPBBQsasRKW5Aa4Sw2YrbfGofY9xZueyyF23FBW,6009.3419054,6004.267529870002,6017.611969706087,1.001376201327246,2.4070447878824344,1.0,7015.39021427,8116.84696124,15141.891764834028
STK75uPSyBnEhGTTzb1nwmP3n427XoXmfRhXxxhyady,6TYyD5fUmDe6N65avW1Ny2RxzRNobw2RRgKwH9CTzSAU,54zDfk4cx2vGrEajPtodWpArNe5eUurytyxd4X3aZAxK,846.2570118499997,956.1399043760059,144540.3504380582,170.79958973938545,14.45403504380582,189.3042350007629,1597.868222007,277.104101551,325372.2167360826
BkwbeSfcX1h4thMDd7obGkHrPevf3QwgzJ4pCEqG18Lu,35yX27bmurdebhfAb8EPmjLETDiUaEUCn9zHaDPbakH2,2CxECn1ZJFoESyUnQysQU8rRgT3iJ5GRs2Mdd6gZjx5g,0.10642602000000778,0.07333684000000007,263.7702488351536,2478.4375929414095,0.10550809953406144,1691.703884152118,0.92610553,21.9022468,39347.41074380122
RoBgmK8CvjdHvPrqdDyVw54VwjZv2TqJ493xnqJAQHx,ExiHJxM7qPAcy27NDHAF6G7vnW7muNHi2sVJpnaNynGQ,6rkPHSqZb7StM4HwS9EuVrmfkV7tRdc7dnsFhyB6cefE,26.951522000000296,0.49611300000000114,0.0,0.0,0.0,0.9549420159207934,6209.239978,19.972186,19.07227956118505
Sid7E679i9ABqptiAVhkmQ27YHN8vaYT4fppPwmxFsJ,GP7KB8o1bv527HG8kTzzzf4wJ5aEGHvcMQvVhLziUfmT,9gYxhAZ1M9wu5pxr8SBoa5NDm21gi3s9vMHaYTME77sa,1052.6584299999959,3279.472934000045,7.728190176165394,0.007341593394322054,0.0030912760704661577,0.022272413353184882,135880.231666,8733.72377,1192.0985171360321
vEnkoSUkpnbRrPgBz9DfcVxNz67zjwMYBZraAvDDNSf,DtfyjjsZ5yCjWKLKHvwsfXs5QVsmm1QkK6Sh9JZHoq1g,e5wrKCRv4GhHvEf1VD5Pq2KGaZDXP77nTL612Jyrxwy,4534.640288000001,4533.925643999999,4476.36694313428,0.9871492905358049,0.44763669431342795,0.9929342796658975,886.848792,1064.179296,1932.1122585444575
Lid8SLUxQ9RmF7XMqUA8c24RitTwzja8VSKngJxRcUa,4PgzyzLtds9bKZ2to9PMnKqJzKEUpjvNUaeN23phegax,AtymwxoVN9peZo7EXTcDz9jKVc4vRmisJKKrNfe3ewBa,95.42002156500348,80.55619636499989,19358.205551353396,202.8736237306958,1.9358205551353396,170.6411551314099,957.948594629,7662.131627613,1501817.4944449048
Lee1XZJfJ9Hm2K1qTyeCz1LXNc1YBZaKZszvNY4KCDw,9DgFSWkPDGijNKcLGbr3p5xoJbHsPgXUTr6QvGBJ5vGN,2hNHZg7XBhuhHVZ3JDEi4buq2fPQwuWBdQ9xkH7t1GQX,1685.0163119348726,1417.579931600002,343129.35666920384,203.6356290671126,34.31293566692038,171.75316528202126,6668.045784264,53919.366403839,10618673.547787331
KwnjUuZhTMTSGAaavkLEmSyfobY16JNH4poL9oeeEvE,J63v6qEZmQpDqCD8bd4PXu2Pq5ZbyXrFcSa3Xt1HdAPQ,BnKQtTdLw9qPCDgZkWX3sURkBAoKCUYL1yahh6Mw7mRK,1760.634523000002,75602.84606300009,37.281742936221285,0.021175174318799405,0.0037281742936221282,1.0,276420.021213,599.596427,6452.838561391505
DA1mL7dfBow33EH5yjUuZE6SH2KeUK5zEXzsyhE5r5j5,B4UtLRZND3D83CitRCBUyeiNr7H8m7YFRqBmiPmXjhW4,AAmpYbuixWiSqDaJBCqYEs1pb5SrbdPr9mgXrB58Q2e,476.57159358000024,476.75310675200024,474.69936362478506,0.9960714612863285,0.18987974544991404,0.9967204210282613,2017.885335097,990.667332699,2997.3763553850135
daob129AwBGn9Y5r91uLoWZeYiGzbPmksauMhFZKTze,6VW5GQNyj4LStgmxEHLr5zUfW92vQnmbw8jTnCH7a38F,4VPCCUifPeBA1c7HWK358CHn2nyjm8pdTRk6Ps3KmnMQ,28.795482057,25.570326197999975,5532.743041195814,192.13927484332004,2.213097216478326,171.06155153853615,47.423692913,225.187731535,47632.91671051656
KEN5P7p3asnb23Sw6yAmJRGvijfAzso3RqfyLAQhznt,9zj4aX38Uxf3h6AUjS4EipWS8mwbEofasHAf3a1uKGds,CwQDG1MWunn9cLNwcZLd8YBacweSR7ARo32w4mLua1Yr,114002.9650539998,114017.95636299998,112928.33898026361,0.9905737006644768,11.29283389802636,1.0,1144968.98394,1081809.64341,2215985.806977492
SoN9GaFpSXfpyR5dth3x7PHPVhvJMpQqqDJfCSmPv1t,9kZ9iS68ViMPtoeqtnhAKuF2iqVyfHPdZHoUNdwCELr,BBhm5fJLjw3HRzjtKB8uMEYjGhY6EDm9co3cqpjrSzB9,1.365640821999999,1.3346644269999994,279.9410333401934,204.98877071514025,0.11197641333607737,201.9468076147679,1.909290253,3.284374549,1054.652017082612
wrmcMSHFi3sWpAEy4rGDvQb3ezh3PhXoV2xNjgLBkKU,8p4mGnARWPBu6P2Gcw4adodLkNDorrXniZMhaY7eJXUn,AyY89zccbsgp9LKFgH4CFZMJmpSgqmPSdTfukhP227rc,0.013321910000000506,0.10404940000001421,4.886210172276752,366.78000168718796,0.0019544840689107008,3837.8876266502916,27.11941882,0.0921939,10300.690308617792
BSCrK1Nx9PXU9mF7STWWBqeHLxmtJDr9h7jheEy4tAWX,FfSySSbVJPvEo5a5AvrP3nySoXpRE2QPn1uUMpJJ1x7v,HL7Vcj6838ZmvBHDbQxXfjBNckNi83WvPiZQoMQLFeRM,0.00300083200000012,0.0029979410000000595,11.61317187760061,3869.98401696601,0.004645268751040244,3861.7493724657274,0.837700047,0.966856599,6975.643657354272
DEDaBEWzMCXohXYXoLzB4jK1xqMsd3SS9izXp2xvg9pe,GC5zHpW5GuVdw3C7covC6viyGdLS8ZAaVGDKMeru7p78,F8juxtAFueW19vxkdDArUkjVWAv9QV6yy1wCXUWQiXvh,2327.100225520417,5520.742035029851,2327.100225520417,1.0,0.9308400902081669,0.0,38.1337582,8275234.23921236,38.1337582
KEnkcdADoLR5jS2CLLLesy8TtFsyWL37BhXNfDMzWzP,3qsjFRuw1qeLMPo4DLwaQevenGAGBj9dA3Q6rb8ax2YR,77iEv8zPQAEyCcEbvBRSB6AFcUdfkhiqnAKtPxk76rNN,2.4629450000000057,1.6296299999999975,0.018085696097859722,0.007343118136158006,7.2342784391438895e-06,0.9922239409745821,122.007802,0.27603,1.1698012780461888
heyk4SZTeCUV6a65WiVA5bzic3KcxgVf1qxobfeV4tQ,9ZDpBKPqMABtGfq66FbVribaArMvtk63xxy91onZAtDt,DaTP4s6N7xxSPinbNZ3FB52EpRDRt87QShTuN3VPCW52,49.53259717600031,42.764749902000176,9872.475191748836,199.3126901193923,3.9489900766995345,171.26654349176857,608.224712721,4494.346808953,890958.1469121573
YAkoNb6HKmSxQN9L8hiBE5tPJRsniSSMzND1boHmZxe,CfWX7o2TswwbxusJ4hCaPobu2jLCb1hfXuXJQjVq3jQF,EnTrdMMpdhugeH6Ban6gYZWXughWxKtVGfCwFn78ZmY3,4691523.092046008,4690386.866773996,4691523.092046008,1.0,469.15230920460084,0.9959742719926058,333964.317461,1161742.280437,1491029.7394622709
CZgvH45CRmoaNJ7395Ao5CQZXkGznvqU7cErD6n7FaRg,4ZjU6MKvtqVQKCiowhvZ5yUsPxXX5SCzd5eFsPeXyey5,BsyWeshjDbCvjDojry3vKDCesmFRM37WtwcR4Kfgzqr,40.021050419999824,38.57814327999995,41.38018465396866,1.0339604837880425,0.01655207386158746,1.0,204.60413167,600.98517833,812.5377652965456
B2izdXFYb2sNwbWWHmh75T4aQFtfXsUxem9u2p61HGzf,4DYwgJtxwuJdAjkj5RJSNH4e7U329V5cNp7d3a1nLrZv,EXNW64GEf1ACC6xY9BtKRiunrs6GoJSXBdxWN2eTPmrF,4513.950685000011,4440.837331999999,4570.029517205641,1.0124234481320282,0.4570029517205642,1.0,8962.287536,30793.24976,39866.87981034782
Cob4usZcpHEY7Qt4ZCwj6WVg9S44zvzYV2v9qYF65dTf,NhFM9UXE48PyNAyeyPYA3iXztqKVJwA4bTdLj4ysM8w,6TuFuynuBoeskxyR2cz4wxyidk8dpDK7kAWw3UkjQGx,25.02519599999991,3282.368289999984,0.18455763731907995,0.0073748728009595055,7.382305492763198e-05,1.0,73651.09322,166.097606,709.2650501491111
JSoLLrxK5bYdHwTEWYaGgmeycBCNXKDiBCTw5hXGBg7,xG4wXczA7Dk4hccJ61CHKpDHW4NrNfQwgmWgkb9BuF2,BVR6WgfhsRr9Lob4QDnkEAiNGgAbv7ZieKcY9kSg3QYR,5.459739152999845,4.655494222999987,1044.1905239581158,191.25282265259634,0.41767620958324636,171.09122840935632,17.120899291,164.630853123,31441.315210648972
BSC8REUo9LpiiWUuqMuLXs2D2yJsJfGd4HdiF3wCLxk5,AZjEH1zWVx1UJ6udMyRijGTzPteuLnaY18yNNmprJEsh,Caf8ypkSVR8xYnXNhjvfvdGCC7mrM3C11rz8Xi6NA6aK,3737.7078778030013,3750.9818016509985,3732.756943097038,0.9986754088687976,1.4931027772388152,0.9974590747479054,3363.392603521,2856.284702881,6207.964580459903
ALBpShJ9NLpE739pcHDF2LNVk5J4VYPvvKuV6jMPitZi,D6d156U1bPiJpDYRLextvDRccgFk7QzkQbJg42ceKEu5,GNcM8U5g8RwTZffwwm3kSQqUNPSwv5d2fbN9sLxPJqt2,17166.545204999988,17190.234491999974,17099.191489721976,0.9960764548443681,6.83967659588879,0.988930896475747,52867.97442,47457.156336,99592.3926946265
KEVpg4SYCVrqFxKijQH6hm4QxsRdoE51ud64bEEFUC9,2bPenuBYfqzD8p5dFjCcggwkHDsc2RQDnx9AoyYGUBjA,AE6n6iLuX8oYu61vt5hoDYkjswpnxFxrhSehxrnQTnbx,89.4602073850001,89.70158534199982,89.2110832048734,0.9972152514798611,0.03568443328194936,0.997492995866025,5892.368010122,1636.73367423,7508.589623168187
MATgk4zXLXtYkwBH678J1xZbRDZ45LicNzkRBHkxTuY,y8dALFo1bJrSzPYjMX14HJX448pXqYmrfXHD1K8MXih,GN7Yuet3UyiWS5YVkEHv6oQKi4HGBJc3XDPt9zQhAqZz,410.51026,409.91604400000097,411.28635735633134,1.001890567500874,0.16451454294253257,1.0,3209.874608,4869.76981,8085.712902615765
ALLwa5WNZbvQsRKAqe1jdRGemdYQnW8E5k4msbRFcYtu,CGoM82Hbz7QVqTgvQatYtjvDWBvoUJp5qm21P8iMs9yb,3dxNNww8TivyN5FMy5dCNdi3Zcxv6e4kUfSPxfFwpdNq,20.609324152000006,20.588146400999996,79431.60468665694,3854.158637169506,31.772641874662774,3865.2571362309873,4.099354589,4.609942579,33618.176347109635
MAR3XM1n9xWPQ3HJjAcC85o8DopWFP5p2WxGTaZ3fPB,6qG7GUhER8Cg9gDEgnebph9LdS6eu2eoWcA4R7z9uizK,4QV4CwRXVMY227KkFF9voNAfwWHVvVajXSXDKbUHkWZR,0.2673060000000014,0.006149000000000002,0.2498604906802179,0.9347358109440739,9.994419627208717e-05,0.022047076328389262,0.115033,24.146261,0.6398799238525384
BSCuChvaSj9b5HUSqgDVRzcnr2sSn7cXaamt1jbKH6hn,GnKpRj5kBVPMJfiwZtEuD9GYApLzPdW5JFuZTcyX4BTc,3dmwD9okkomV9nDwyuh4UMhKdUR13QpuKxRo89ycZB5t,1953.8108283450003,1958.3590851010003,1948.7140077806446,0.9973913438852864,0.7794856031122578,0.9948189827379009,1683.726765743,1320.928569616,2993.4193175148575
MATSnbbiTCv7Dc3trJrkrqjx7ckKdr6fwPoVwv9q3sD,631WX9JizSHJm4w6VanZeJAst9T8DeUUnPLesdGkCVtK,211maUSfpnXbPuW1iBu8b4dtJv5EbN1j7JJiEX5TZKEP,1636.774252000003,1635.6935569999987,1633.9246873452728,0.998259036240796,0.6535698749381091,0.9659707813158067,20533.419241,25035.331489,44681.07002117843
BUSD5rCfUDpCxKGMvYU2yThChxgHoioK74PTPociGnv2,CcFHbafgYDZ8yA8Me1PdtDiVb2eeaS61LbqyKKK5CsNZ,26R9s4nmF3CFDTkiePDwRmtscn8i7r2eygbSijditJ58,94.46835907,94.05554939,94.39569326532435,0.9992307921362135,0.009439569326532437,1.0,80.65676158,67.37810656,147.9728263247251
DFWzVTzNBrQZLjoQ4yQwkj9HuoXmfkuZP9V5vbymZe23,DhgiEgiNdqZdRdo195UUHnoEJUtefK8buko8nU97XJUZ,2K2kkXsouBHtWVjtcgkyiXd8eP3oVBvq1bTJzcVdLLr2,14.060044013996958,14.128081574002863,14.003421264135952,0.9959727899994738,0.00560136850565438,0.9984211566880828,37727.536570436,30221.356637247,67749.24170830756
SRMuKizofcAMicegrfSv7xs9q76tH1w8aAF7oX9FEWu,72Hj2KWntXPfbie4UgKeTPnm1XVkomDfCnRPKbvfTtPi,6aqJQ5wedqpUt4fFEDUqUmXhrdxCu4bEJsQdVPCADLko,800.0854449999988,803.1181749999996,35.27149538299138,0.044084660711446184,0.014108598153196556,0.04032726869014652,16769.751918,5121.280012,945.8160586015548
C98Sspw7XqnMsgxea3SLQVdbMDL8pKUc3RE82UvX9eq2,CSqgQJurPCzGxb4Cgwx5R61hWQUiaoUHcShNc8r1cKEL,6S2CR5EnukPhC914XkAns8m5GixjMAoUuZMsS5ubHuWc,21.54743600000006,21.533886000000166,0.0,0.0,0.0,1.0,853.942401,910.0644,910.0644
