0,1,2,3,4,5,6,7,8,9,10,11
Sid7E679i9ABqptiAVhkmQ27YHN8vaYT4fppPwmxFsJ,GP7KB8o1bv527HG8kTzzzf4wJ5aEGHvcMQvVhLziUfmT,9gYxhAZ1M9wu5pxr8SBoa5NDm21gi3s9vMHaYTME77sa,3866.477228999989,11091.269192000007,29.17583319924361,0.007545843793004708,0.011670333279697446,0.02321774171660048,136055.662014,8676.501542,1228.10354451733
TETFuZgEmET6d9vYmz9iMFCxK1jKdKYxf3oPz8hSzJK,Eu1Ze6Z84LWNkq7SNoAHBJbXx5t1P95EwyqYohrfCRFV,ASMbv7WNu3qe4pkhREmvyEdwFNDZQ6B6iSrjkj4u8bdC,35.24918380899999,35.19051904,35.07541899075554,0.9950703874680898,0.014030167596302214,0.9920142663079501,196.663836999,54.971705673,250.2270767544539
KZMu9QBEdL97EFgamLbN5DE1AoKBG4HdrKKJo4Vuon3,DD4ACBWyVqdaKWh7v5btsgqQCCMwbKnuL2xd9pv7Gyuw,GcYqiJ1MAuYbNTNYXm1F1gQYTfTgkErACAhNU5dpVj9T,13.893059549999862,13.83220123999945,13.960070120187984,1.0048233126725583,0.0055840280480751936,1.0,1375.02414611,1713.407793,3095.0641104990063
moFiBS1R4Lf3E3zzmBPnw3NF4RhWPkhREFviuzUaCAU,44ALBrpqi9PfZkBRTvbtRNtFJGsatfY4QydjtMbFWq8S,2ho8qEEie1UjVwWNBo9y4oAJZMyMLx8zPj9bxyUz6uWs,952.5668855969998,953.2286150670006,951.9429441137098,0.9993449893201999,0.38077717764548397,1.0,33638.853493932,30783.070303432,64399.88998906924
BSCNHw8CmxbZ8hCWWzMf5FaG2ajPT6JxfznKUNuRVrn4,7n9kgNL633yGzCYksgnzHyjG73ZLBAwvEae5sbAekbzW,SscdxE99omdG9AiMVwmaEMQySQnCgeAh1sPj2Leutm2,627.6331497079982,626.8594862989994,629.0332947898054,1.0022308335409922,0.2516133179159221,1.0,4943.647544837,6763.046995755,11717.722995349866
KEN5P7p3asnb23Sw6yAmJRGvijfAzso3RqfyLAQhznt,9zj4aX38Uxf3h6AUjS4EipWS8mwbEofasHAf3a1uKGds,CwQDG1MWunn9cLNwcZLd8YBacweSR7ARo32w4mLua1Yr,66575.31417900068,66580.65141100134,66487.21861433669,0.998676753301875,6.6487218614336685,1.0,1141742.325304,1084968.294623,2225199.8131649317
7oAd7xG4m3oC2qeWB1szghTebAZyyGPAFDJ4wwwbRSNi,D9yh4KAysxt9GLacVe4Wwh2XqghhcjTCSTV9HuM7TBJd,HDYfJLpZKaMFb84jM4mRytn7XLR8UFZUnQpSfhJJaNEy,43.76990669302177,1.0006506990000616,43.76990669302177,1.0,0.017507962677208708,0.022902804823539038,958.468592498,299958.837362764,7828.367299713073
ALLwa5WNZbvQsRKAqe1jdRGemdYQnW8E5k4msbRFcYtu,CGoM82Hbz7QVqTgvQatYtjvDWBvoUJp5qm21P8iMs9yb,3dxNNww8TivyN5FMy5dCNdi3Zcxv6e4kUfSPxfFwpdNq,3.912086804000001,3.9137806270000004,14727.578978278061,3764.6350186349437,5.891031591311226,3766.549275880902,3.165826542,5.540307856,32786.02400611124
KwnjUuZhTMTSGAaavkLEmSyfobY16JNH4poL9oeeEvE,J63v6qEZmQpDqCD8bd4PXu2Pq5ZbyXrFcSa3Xt1HdAPQ,BnKQtTdLw9qPCDgZkWX3sURkBAoKCUYL1yahh6Mw7mRK,188.90402700000004,8577.632981999952,4.401948033699422,0.023302563230689737,0.0004401948033699423,1.0,275832.860275,612.898002,7040.510669660194
STK75uPSyBnEhGTTzb1nwmP3n427XoXmfRhXxxhyady,6TYyD5fUmDe6N65avW1Ny2RxzRNobw2RRgKwH9CTzSAU,54zDfk4cx2vGrEajPtodWpArNe5eUurytyxd4X3aZAxK,529.4288405090003,598.1841293860034,95954.11426780256,181.24081448897067,9.595411426780258,204.26714056643277,1601.558696989,278.561022282,347168.66618898744
WiiQFxXqp8P9Fs1rt9SVcDyA3KUdJmUsog6wnVQAwba,3S2jpqSYxho6wiz3cafhjXruVY8cg4HYa2v3BqBHYFSj,Dfe67M6TfrG74gKRtdqys4e6E9QirPD53BkF4FujFjuv,20061.893249545996,20070.52132094399,20010.65189320047,0.9974458364568017,2.0010651893200473,1.0,21230.608650369,5604.492821589,26780.875025343317
vEnkoSUkpnbRrPgBz9DfcVxNz67zjwMYBZraAvDDNSf,DtfyjjsZ5yCjWKLKHvwsfXs5QVsmm1QkK6Sh9JZHoq1g,e5wrKCRv4GhHvEf1VD5Pq2KGaZDXP77nTL612Jyrxwy,3427.932042999998,3426.754514000001,3424.2372909630485,0.9989221629861379,0.34242372909630486,0.9983337809196452,869.686191,1081.007967,1947.9555819322645
ALBpShJ9NLpE739pcHDF2LNVk5J4VYPvvKuV6jMPitZi,D6d156U1bPiJpDYRLextvDRccgFk7QzkQbJg42ceKEu5,GNcM8U5g8RwTZffwwm3kSQqUNPSwv5d2fbN9sLxPJqt2,2591.087520000001,2593.7183039999945,2586.277044696865,0.9981434531770906,1.0345108178787459,0.9983008918820168,52867.97442,47457.156336,100146.34404647
heyk4SZTeCUV6a65WiVA5bzic3KcxgVf1qxobfeV4tQ,9ZDpBKPqMABtGfq66FbVribaArMvtk63xxy91onZAtDt,DaTP4s6N7xxSPinbNZ3FB52EpRDRt87QShTuN3VPCW52,38.15850118800199,32.950769722999894,7976.96064356741,209.0480599399321,3.1907842574269645,180.49564103026913,619.080433983,4481.749073075,938353.735552404
wrmcMSHFi3sWpAEy4rGDvQb3ezh3PhXoV2xNjgLBkKU,8p4mGnARWPBu6P2Gcw4adodLkNDorrXniZMhaY7eJXUn,AyY89zccbsgp9LKFgH4CFZMJmpSgqmPSdTfukhP227rc,0.011944000000001537,0.08653438000000553,4.558100130133888,381.62258289796563,0.001823240052053555,3755.1633496057075,27.08490025,0.09557448,10695.10737539238
SoN9GaFpSXfpyR5dth3x7PHPVhvJMpQqqDJfCSmPv1t,9kZ9iS68ViMPtoeqtnhAKuF2iqVyfHPdZHoUNdwCELr,BBhm5fJLjw3HRzjtKB8uMEYjGhY6EDm9co3cqpjrSzB9,1.3084020810000003,1.2328881239999998,284.90402599407594,217.74959710880793,0.11396161039763038,213.1629394060897,1.971312309,3.220450728,1115.7332044533453
CZgvH45CRmoaNJ7395Ao5CQZXkGznvqU7cErD6n7FaRg,4ZjU6MKvtqVQKCiowhvZ5yUsPxXX5SCzd5eFsPeXyey5,BsyWeshjDbCvjDojry3vKDCesmFRM37WtwcR4Kfgzqr,84.95988079999981,82.30054984000003,87.84502866180704,1.0339589443233685,0.03513801146472281,1.0,204.60413167,600.96914875,812.5214207357127
SoNcU2iwHMw6dGzsYNQkYFkUjwN1UdAjrWVRnStrZu2,8ivTTid27jZnYNc4w3CTA1Z6QS2twsFb8WMwUabeDJgc,CyXm53PMvHCbeXJBykU46Rcbo28xk5srhMZFg7gv6EYB,2.265698347000015,2.243585241,487.8747934977,215.33086879976295,0.19514991739908003,212.88104909484042,15.199189656,19.50978103,7426.117366955867
C2ypsDADXcCRz8HbV2zX1AXPSja7a1P3xZtRC91xGhJh,J9bYNuDpY1d1T86gLaw7DGk5D3CsUAf2tzUwxMvb6FTv,A2NGvvPrMGzsJ4jb52KEnSBVmsA7C34dV1GC7PerdgvG,151.32647476900138,152.55270539499998,27358.32516957682,180.7900779512579,10.943330067830729,178.84077555375364,3949.733193126,1942.404120195,1061453.6311664006
JSoLLrxK5bYdHwTEWYaGgmeycBCNXKDiBCTw5hXGBg7,xG4wXczA7Dk4hccJ61CHKpDHW4NrNfQwgmWgkb9BuF2,BVR6WgfhsRr9Lob4QDnkEAiNGgAbv7ZieKcY9kSg3QYR,2.2465534309999953,1.9117804669999998,469.29799390062806,208.89687617700335,0.18771919756025124,180.38682873100393,17.013869283,164.754518428,33273.68924323324
BSCuChvaSj9b5HUSqgDVRzcnr2sSn7cXaamt1jbKH6hn,GnKpRj5kBVPMJfiwZtEuD9GYApLzPdW5JFuZTcyX4BTc,3dmwD9okkomV9nDwyuh4UMhKdUR13QpuKxRo89ycZB5t,791.536398665,792.9470962880002,789.4951290081347,0.9974211297669846,0.31579805160325386,0.9965360407224487,1678.428943226,1326.215695554,2995.7222311774344
YAkoNb6HKmSxQN9L8hiBE5tPJRsniSSMzND1boHmZxe,CfWX7o2TswwbxusJ4hCaPobu2jLCb1hfXuXJQjVq3jQF,EnTrdMMpdhugeH6Ban6gYZWXughWxKtVGfCwFn78ZmY3,5944663.494911002,5944363.62688599,5944663.494911002,1.0,594.4663494911002,0.9987026852119097,545432.672052,983949.659108,1528105.8387165028
SUiuyGR7SFq3xeRVJonq84fjjeFwRSsFekcevJ53tzy,49GjCCPsv7fBqo6t3iKDrP1xxGDS8uWZbVCdfnp2gjMf,CEwj5xEbbJEjYqM8D6Ai8ByGz1mrh8mkAVsE5fzDSSSx,9.70280700000006,16.38620399999992,0.07321586597567309,0.007545843793004708,2.9286346390269238e-05,0.9558831260819401,653.76782,1.594567,6.45744953532032
ercAoEmXjQzEvAFbdjAo81KtMxRGn9AW1ju882upmPH,CMRhskR2Eg6V42RTSdRTXGdozyPbWB8U9dVpijPWb9T4,7TKLLgrWswt6ZJ1pXhVR3FyufHGjJFqiEXxvWJfDcgRm,6.832468379999966,6.005712609999996,1234.2767195274891,180.64872764584902,0.4937106878109957,160.54353619614565,37.632344445,310.652583411,56671.499411589626
Cob4usZcpHEY7Qt4ZCwj6WVg9S44zvzYV2v9qYF65dTf,NhFM9UXE48PyNAyeyPYA3iXztqKVJwA4bTdLj4ysM8w,6TuFuynuBoeskxyR2cz4wxyidk8dpDK7kAWw3UkjQGx,30.703112000000004,4193.290173000045,0.2316808871111284,0.007545843793004708,9.267235484445136e-05,1.0,73482.256022,167.355317,721.8409424995915
GokA1R67GqSavkd15zR62QD68Tuc5AEfvjssntVDEbM8,3YB7hfpBdbQEuZqLGWVDpRPmeZWCUsrrWyqGXegnQ6Cg,4DPCj6Z1DsG6HUtwSogBGqXEUxdEV5a8YVrrFtcnz7UW,9659.075795,9654.946434000001,9661.83908097716,1.0002860818194004,0.966183908097716,1.0,12318.323306,20119.914485,32441.761839343344
BSCrK1Nx9PXU9mF7STWWBqeHLxmtJDr9h7jheEy4tAWX,FfSySSbVJPvEo5a5AvrP3nySoXpRE2QPn1uUMpJJ1x7v,HL7Vcj6838ZmvBHDbQxXfjBNckNi83WvPiZQoMQLFeRM,0.11118000399999994,0.11105633599999998,419.8608922893329,3776.4065226093458,0.1679443569157332,3765.7691583505934,0.838144997,0.96636946,6804.300541603108
AUSejoEUCh2DBs9mof6BNC8Pubs22w4cJa1ccV9h44R,4xkyD7AfGQDwsQMy9MosRRNGoVJ1zosNinesxg1TzHG7,Cbm5gsQe3nSiCsFrvepVzMCD9xLK3ri9g3ypS2hdmVJ7,1442.0268989999986,1445.3992219999982,1440.6381238486085,0.9990369284010214,0.14406381238486088,1.0,14826.384646,14052.521489,28864.627265031908
FrnkTEL6yZ5Aycq2TrEgu29dCrwKG4LPUZydfiwqspkc,DjvZuMZ46fxKBoBpGMPcRcos4xdTtHFxwMh69DpA2ZFY,9rvDPJLAng4uVVqnnSoEXgNDFhBZQTny9AoQioYDZbQX,45.10845988100067,37.52617282099985,9796.0331293565,217.166206853418,3.9184132517426,179.67308123523088,171.757341092,1440.360160107,296093.8383190735
4vezWG46exH6pf9nry3n1VJ7hZHvjBJNgNeF4qEFCML5,,,0.46350100000000083,0.4638039999999979,0.0,0.0,0.0,179.67308123523088,171.757341092,1440.360160107,258793.94805489515
SAMyS8Jr2HJrkFwYVKbpUwsNStnQmvz3f8Tup8bWUWF,6jPzm5TFfquvgm25sTyN3MMGBfufRaFHMxobDWv6hMFW,Cj9ECoDmxsHTDzCY5ZA6RWrPbg9uFzEC1Qc2kso2vJG6,572.9941987000188,73.37439686999926,575.757928879911,1.0048233126725583,0.23030317155196442,0.023281173106650448,501.01804948,108046.57467815,3018.8856248498823
B2izdXFYb2sNwbWWHmh75T4aQFtfXsUxem9u2p61HGzf,4DYwgJtxwuJdAjkj5RJSNH4e7U329V5cNp7d3a1nLrZv,EXNW64GEf1ACC6xY9BtKRiunrs6GoJSXBdxWN2eTPmrF,3952.5239980000188,3888.407338999994,3962.5492475964384,1.0025364171353526,0.3962549247596438,1.0,8404.718855,31359.390802,39785.427529921646
RajgMbScQbqqrdJfR2rxfHJiTiY5b6bJ2tTXiF4aPxy,725ZA3fhyBAKb5iopNRrcbSuQa3LXA1656Q3mBvYPxeg,GLA6i1dSZpUfk2f9Nj8uiG7xyDdAR2reff8oEiZH3617,11623.62715415997,11584.19634612,11535.825334300782,0.9924462632279317,4.614330133720313,1.0,94296.49579039,89696.33801979,183280.54290245095
C98Sspw7XqnMsgxea3SLQVdbMDL8pKUc3RE82UvX9eq2,CSqgQJurPCzGxb4Cgwx5R61hWQUiaoUHcShNc8r1cKEL,6S2CR5EnukPhC914XkAns8m5GixjMAoUuZMsS5ubHuWc,46.700488000000064,46.67656199999965,0.0,0.0,0.0,1.0,851.669984,912.330761,912.330761
YakoMPuYrybnr9R7VC7hVGxMz94fJvPFCdZ4gmW61Ed,,,0.015805999999999987,0.01579699999999984,0.0,0.0,0.0,1.0,851.669984,912.330761,912.330761
SEQV6QiTpvTzrceiaYg9Avnwf7oc8ZALpnQMz6TyT4A,3dFMPj4r9mMmPHF32mz1gNDX7f8ftidWof7S8YiYTs1j,Fc1ED3YPeQfXQosHbd8DTaBd2AV5gHQtwiSAL5C5pUhi,635.9815613530002,636.7405492580001,633.6100596437532,0.9962711156213367,0.25344402385750125,0.9986747585953439,4264.753433551,1285.517214769,5532.664255223372
KEVpg4SYCVrqFxKijQH6hm4QxsRdoE51ud64bEEFUC9,2bPenuBYfqzD8p5dFjCcggwkHDsc2RQDnx9AoyYGUBjA,AE6n6iLuX8oYu61vt5hoDYkjswpnxFxrhSehxrnQTnbx,619.0235221169999,620.7011769569999,617.4091275218561,0.9973920302905088,0.24696365100874249,1.0,5802.66642478,1726.193881615,7513.727128124892
HEDSDjj84KS7LKhZY7ejkCACTdPen62rKhCby1wXtgxc,EnnjMSFttpCTywBrYNt1J5QQeoSVkvzPipJDa8Y7kJow,6bjVT6JN2rSvpyn9PdfLYC8wJn4LWh49jpY47fnLDXZk,3.529861394999898,3.6453790939995088,3.360098704766541,0.9519066979587844,0.0013440394819066164,1.0,38779.547508563,9107.024385848,46021.535403060014
BSC8REUo9LpiiWUuqMuLXs2D2yJsJfGd4HdiF3wCLxk5,AZjEH1zWVx1UJ6udMyRijGTzPteuLnaY18yNNmprJEsh,Caf8ypkSVR8xYnXNhjvfvdGCC7mrM3C11rz8Xi6NA6aK,2471.9463206160003,2477.755715700001,2469.957678650273,0.9991955157160405,0.9879830714601093,1.0,3388.783405672,2830.912949881,6216.970132561393
parEAJhzYzHW87y9VoZAQ22dzQ2MD2ekEtTReaxbMcz,3oyc6hpjYSJEquK6dSvG72NXyz3pqLZz5D8AC71pwgQb,Di2vordgFJVZ1aj1aBpvzXtLfZgJsuLLXawGtVFwX6Rz,2.0341342830000144,2.4084839140002714,348.8980562824286,171.52164397320968,0.13955922251297145,206.32378267420793,1103.58248643,139.711058515,218113.99640674837
Lid8SLUxQ9RmF7XMqUA8c24RitTwzja8VSKngJxRcUa,4PgzyzLtds9bKZ2to9PMnKqJzKEUpjvNUaeN23phegax,AtymwxoVN9peZo7EXTcDz9jKVc4vRmisJKKrNfe3ewBa,25.725251970999125,21.70854181600032,5489.400486732558,213.3856839544635,0.548940048673256,180.0260389662761,960.297110193,7659.343983858,1583795.0141521608
BUSDgu5JdqP1rndBvXvanbEufS94FNh1w5FJcAj6vawb,Bgzr8cWubt89JQFXndVjtdKmDbGzuPxNhvjH1EhWCwbo,Dxaf8xPBBQsasRKW5Aa4Sw2YrbfGofY9xZueyyF23FBW,5894.728928979999,5899.578293970003,5898.718763364352,1.0006768478130923,2.359487505345741,1.0,7000.53332082,8129.50429588,15134.775912368677
DFWzVTzNBrQZLjoQ4yQwkj9HuoXmfkuZP9V5vbymZe23,DhgiEgiNdqZdRdo195UUHnoEJUtefK8buko8nU97XJUZ,2K2kkXsouBHtWVjtcgkyiXd8eP3oVBvq1bTJzcVdLLr2,8011.806765041005,8062.462751946005,7979.680730015577,0.9959901635214659,3.191872292006231,1.0,37713.408488862,30235.416681261,67797.60056903449
MARpDPs5A7XiyCWPNH8GsMWPLxmwNn9SBmKvPa9LzgA,6YjT74rmcfCpw8LSjPNx5JTmZoYLGrTKnf9arfSgZ4SR,F8GSmi3vA8M8TsybLya1LQ4n1aFHCRbZ6k437PeTdXtg,161158.98751499987,164537.55520099972,141970.15887173702,0.8809323082804994,56.78806354869481,1.0,289927.055629,22245.06745,277651.17779822374
AURHmCnNwiW4uA2Qj1XvEh4iKgRUZYXtiY7FKAapUV5Y,BKWm4TRnTeKwfWXRyuzjRHU7iZDkPuXBX5b5V5jSVfGJ,A5Ww74HVrkj9nPeC7pHKLfgeDMEhBCpW1efQdz3TGLEg,0.002803070000027219,0.0025044980001212025,0.552584831881243,197.13558058695543,0.0002210339327524972,180.3618419272745,290.091044092,1795.105803506,380955.8555748348
Lee1XZJfJ9Hm2K1qTyeCz1LXNc1YBZaKZszvNY4KCDw,9DgFSWkPDGijNKcLGbr3p5xoJbHsPgXUTr6QvGBJ5vGN,2hNHZg7XBhuhHVZ3JDEi4buq2fPQwuWBdQ9xkH7t1GQX,1084.638739578042,912.5300110650123,232910.63465087462,214.73567755977814,23.29106346508746,180.25861703786424,6679.934818336,53908.227244928,11151842.81940417
daob129AwBGn9Y5r91uLoWZeYiGzbPmksauMhFZKTze,6VW5GQNyj4LStgmxEHLr5zUfW92vQnmbw8jTnCH7a38F,4VPCCUifPeBA1c7HWK358CHn2nyjm8pdTRk6Ps3KmnMQ,39.24309694999991,34.98227810000001,7812.006079904684,199.06701272476158,3.124802431961874,180.63854642329358,47.61312927,224.966060388,50115.74555332001
BkwbeSfcX1h4thMDd7obGkHrPevf3QwgzJ4pCEqG18Lu,35yX27bmurdebhfAb8EPmjLETDiUaEUCn9zHaDPbakH2,2CxECn1ZJFoESyUnQysQU8rRgT3iJ5GRs2Mdd6gZjx5g,0.002634450000000288,0.00311778000000118,6.862870242530773,2605.0485841560944,0.0027451480970123094,1795.3321364452424,0.95348171,21.86233762,41734.02348565603
Dg3mAgpwDfVNnbGWcsxL8sUcSkEbjSJQhKAWNigG44Ju,EATxwd8YA2wV93VJcKMmH2Kn2Y9XfJVUB9hHVu3udwEy,GiGvrRi7NMHfHKanG2B8xyCEqe8jaafWins8bhrLVEaa,0.0003208690000000014,0.0003245530000000052,0.06976350300975248,217.42051432127187,2.7905401203900995e-05,215.1993585337521,0.191034622,0.268672473,99.35298961368659
MATSnbbiTCv7Dc3trJrkrqjx7ckKdr6fwPoVwv9q3sD,631WX9JizSHJm4w6VanZeJAst9T8DeUUnPLesdGkCVtK,211maUSfpnXbPuW1iBu8b4dtJv5EbN1j7JJiEX5TZKEP,527.6524279999976,527.4054380000016,527.2706840247637,0.9992765237967712,0.2109082736099055,0.9970079790548564,20274.017837,25294.259883,45477.92899518926
MATgk4zXLXtYkwBH678J1xZbRDZ45LicNzkRBHkxTuY,y8dALFo1bJrSzPYjMX14HJX448pXqYmrfXHD1K8MXih,GN7Yuet3UyiWS5YVkEHv6oQKi4HGBJc3XDPt9zQhAqZz,2873.1355970000004,2865.237163,2876.5212625259937,1.0011783869614537,1.1506085050103976,1.0,3579.348066,4499.724448,8083.290371091479
BUSDTd9WiT6uBHJRgNvFXBsA7JrifsAtWzKfioN7ERcy,DyBxrn7gSc1EwnpWhDyhzvMHPtxpmBqRqotapLcKcfTM,Cds99GeBgoCpqBsoRWu1C6fF9LiUMd4pXQQD24s9LPff,345.95814206,347.31231681,344.9279698374444,0.9970222633974691,0.03449279698374444,0.9971541221354255,109.86220796,75.41757172,184.73800976416476
DA1mL7dfBow33EH5yjUuZE6SH2KeUK5zEXzsyhE5r5j5,B4UtLRZND3D83CitRCBUyeiNr7H8m7YFRqBmiPmXjhW4,AAmpYbuixWiSqDaJBCqYEs1pb5SrbdPr9mgXrB58Q2e,366.6338695569999,366.78031208899995,366.0648886774255,0.9984480951520874,0.14642595547097018,1.0,1780.208203345,1227.52421952,3004.969709123935
