0,1,2,3,4,5,6,7,8,9,10,11
MATSnbbiTCv7Dc3trJrkrqjx7ckKdr6fwPoVwv9q3sD,631WX9JizSHJm4w6VanZeJAst9T8DeUUnPLesdGkCVtK,211maUSfpnXbPuW1iBu8b4dtJv5EbN1j7JJiEX5TZKEP,527.6524279999976,527.4054380000016,527.7453111747643,1.0001760309814527,0.21109812446990575,0.9992405771613573,20543.942266,25024.377051,45552.93160386465
BUSDgu5JdqP1rndBvXvanbEufS94FNh1w5FJcAj6vawb,Bgzr8cWubt89JQFXndVjtdKmDbGzuPxNhvjH1EhWCwbo,Dxaf8xPBBQsasRKW5Aa4Sw2YrbfGofY9xZueyyF23FBW,5894.728928979999,5899.578293970003,5901.321531315492,1.0011183893975315,2.3605286125261973,1.0,6798.99230081,8331.80112639,15138.397348103124
vEnkoSUkpnbRrPgBz9DfcVxNz67zjwMYBZraAvDDNSf,DtfyjjsZ5yCjWKLKHvwsfXs5QVsmm1QkK6Sh9JZHoq1g,e5wrKCRv4GhHvEf1VD5Pq2KGaZDXP77nTL612Jyrxwy,3427.932042999998,3426.754514000001,3425.914179548244,0.9994113467167839,0.34259141795482445,0.9967505930666029,825.206497,1125.790516,1946.8531009779665
SoN9GaFpSXfpyR5dth3x7PHPVhvJMpQqqDJfCSmPv1t,9kZ9iS68ViMPtoeqtnhAKuF2iqVyfHPdZHoUNdwCELr,BBhm5fJLjw3HRzjtKB8uMEYjGhY6EDm9co3cqpjrSzB9,1.3084020810000003,1.2328881239999998,280.39919339284205,214.30659387100286,0.11215967735713682,208.3437939279868,1.905256398,3.288032675,1093.350211175003
moFiBS1R4Lf3E3zzmBPnw3NF4RhWPkhREFviuzUaCAU,44ALBrpqi9PfZkBRTvbtRNtFJGsatfY4QydjtMbFWq8S,2ho8qEEie1UjVwWNBo9y4oAJZMyMLx8zPj9bxyUz6uWs,952.5668855969998,953.2286150670006,950.8629610406631,0.9982112284374983,0.38034518441626525,0.9998499095305308,36740.101467489,27685.975505936,64356.20192365513
BSCNHw8CmxbZ8hCWWzMf5FaG2ajPT6JxfznKUNuRVrn4,7n9kgNL633yGzCYksgnzHyjG73ZLBAwvEae5sbAekbzW,SscdxE99omdG9AiMVwmaEMQySQnCgeAh1sPj2Leutm2,627.6331497079982,626.8594862989994,629.1408473711315,1.0024021957154983,0.2516563389484526,0.9998499135293301,4943.647544837,6763.046995755,11717.555107688573
TETFuZgEmET6d9vYmz9iMFCxK1jKdKYxf3oPz8hSzJK,Eu1Ze6Z84LWNkq7SNoAHBJbXx5t1P95EwyqYohrfCRFV,ASMbv7WNu3qe4pkhREmvyEdwFNDZQ6B6iSrjkj4u8bdC,35.24918380899999,35.19051904,35.129799611375475,0.9966131358311329,0.01405191984455019,0.9993256600412326,196.663836999,54.971705673,250.93239935141926
SoNcU2iwHMw6dGzsYNQkYFkUjwN1UdAjrWVRnStrZu2,8ivTTid27jZnYNc4w3CTA1Z6QS2twsFb8WMwUabeDJgc,CyXm53PMvHCbeXJBykU46Rcbo28xk5srhMZFg7gv6EYB,2.265698347000015,2.243585241,479.5537792958881,211.65826418634225,0.19182151171835524,208.55644528052406,14.705376334,20.009629758,7285.651682769229
AUSejoEUCh2DBs9mof6BNC8Pubs22w4cJa1ccV9h44R,4xkyD7AfGQDwsQMy9MosRRNGoVJ1zosNinesxg1TzHG7,Cbm5gsQe3nSiCsFrvepVzMCD9xLK3ri9g3ypS2hdmVJ7,1442.0268989999986,1445.3992219999982,1440.6352453529876,0.9990349322554413,0.14406352453529878,1.0,14822.738244,14056.164668,28864.597965434677
RajgMbScQbqqrdJfR2rxfHJiTiY5b6bJ2tTXiF4aPxy,725ZA3fhyBAKb5iopNRrcbSuQa3LXA1656Q3mBvYPxeg,GLA6i1dSZpUfk2f9Nj8uiG7xyDdAR2reff8oEiZH3617,11623.62715415997,11584.19634612,11618.433365892417,0.9995531697465283,4.647373346356967,1.0,95974.64041547,88019.01745525,183950.7734978163
C98Sspw7XqnMsgxea3SLQVdbMDL8pKUc3RE82UvX9eq2,CSqgQJurPCzGxb4Cgwx5R61hWQUiaoUHcShNc8r1cKEL,6S2CR5EnukPhC914XkAns8m5GixjMAoUuZMsS5ubHuWc,46.700488000000064,46.67656199999965,0.0,0.0,0.0,1.0,854.873943,909.128679,909.128679
DFWzVTzNBrQZLjoQ4yQwkj9HuoXmfkuZP9V5vbymZe23,DhgiEgiNdqZdRdo195UUHnoEJUtefK8buko8nU97XJUZ,2K2kkXsouBHtWVjtcgkyiXd8eP3oVBvq1bTJzcVdLLr2,8011.806765041005,8062.462751946005,7978.336017865512,0.995822322210573,3.191334407146205,0.9998499255257285,37727.536570436,30221.356637247,67786.7442618938
JSoLLrxK5bYdHwTEWYaGgmeycBCNXKDiBCTw5hXGBg7,xG4wXczA7Dk4hccJ61CHKpDHW4NrNfQwgmWgkb9BuF2,BVR6WgfhsRr9Lob4QDnkEAiNGgAbv7ZieKcY9kSg3QYR,2.2465534309999953,1.9117804669999998,467.8313820865961,208.2440486974543,0.18713255283463842,177.76709595050113,17.180986005,164.558539171,32830.93170858096
SAMyS8Jr2HJrkFwYVKbpUwsNStnQmvz3f8Tup8bWUWF,6jPzm5TFfquvgm25sTyN3MMGBfufRaFHMxobDWv6hMFW,Cj9ECoDmxsHTDzCY5ZA6RWrPbg9uFzEC1Qc2kso2vJG6,572.9941987000188,73.37439686999926,575.1506917095422,1.0037635512094467,0.2300602766838169,0.022993996729403346,496.81735386,108229.61663558,2987.3186023560984
wrmcMSHFi3sWpAEy4rGDvQb3ezh3PhXoV2xNjgLBkKU,8p4mGnARWPBu6P2Gcw4adodLkNDorrXniZMhaY7eJXUn,AyY89zccbsgp9LKFgH4CFZMJmpSgqmPSdTfukhP227rc,0.011944000000001537,0.08653438000000553,4.5105740181274685,377.64350453172204,0.0018042296072509874,3781.5761609438814,27.09126237,0.0949359,10589.846599852917
ercAoEmXjQzEvAFbdjAo81KtMxRGn9AW1ju882upmPH,CMRhskR2Eg6V42RTSdRTXGdozyPbWB8U9dVpijPWb9T4,7TKLLgrWswt6ZJ1pXhVR3FyufHGjJFqiEXxvWJfDcgRm,6.832468379999966,6.005712609999996,1214.9906587991634,177.82602000115943,0.48599626351966535,158.25308846727452,37.632439042,310.652583411,55853.75762290347
MATgk4zXLXtYkwBH678J1xZbRDZ45LicNzkRBHkxTuY,y8dALFo1bJrSzPYjMX14HJX448pXqYmrfXHD1K8MXih,GN7Yuet3UyiWS5YVkEHv6oQKi4HGBJc3XDPt9zQhAqZz,2873.1355970000004,2865.237163,2876.469425063649,1.001160344839669,1.1505877700254596,1.0,3588.948432,4490.121961,8083.23481079291
AURHmCnNwiW4uA2Qj1XvEh4iKgRUZYXtiY7FKAapUV5Y,BKWm4TRnTeKwfWXRyuzjRHU7iZDkPuXBX5b5V5jSVfGJ,A5Ww74HVrkj9nPeC7pHKLfgeDMEhBCpW1efQdz3TGLEg,0.002803070000027219,0.0025044980001212025,0.505490740269766,180.33468313843662,0.00020219629610790642,178.11843522242182,290.091044092,1795.106081878,372054.96287999104
MARpDPs5A7XiyCWPNH8GsMWPLxmwNn9SBmKvPa9LzgA,6YjT74rmcfCpw8LSjPNx5JTmZoYLGrTKnf9arfSgZ4SR,F8GSmi3vA8M8TsybLya1LQ4n1aFHCRbZ6k437PeTdXtg,161158.98751499987,164537.55520099972,155558.11749460656,0.9652463067263188,62.22324699784262,1.0,292327.227987,19914.032742,302081.8099119944
BkwbeSfcX1h4thMDd7obGkHrPevf3QwgzJ4pCEqG18Lu,35yX27bmurdebhfAb8EPmjLETDiUaEUCn9zHaDPbakH2,2CxECn1ZJFoESyUnQysQU8rRgT3iJ5GRs2Mdd6gZjx5g,0.002634450000000288,0.00311778000000118,6.840950402493607,2596.7281225655674,0.002736380160997443,1773.1754025108164,0.92610553,21.9022468,41241.36955969573
KEVpg4SYCVrqFxKijQH6hm4QxsRdoE51ud64bEEFUC9,2bPenuBYfqzD8p5dFjCcggwkHDsc2RQDnx9AoyYGUBjA,AE6n6iLuX8oYu61vt5hoDYkjswpnxFxrhSehxrnQTnbx,619.0235221169999,620.7011769569999,617.4091269060572,0.9973920292957179,0.2469636507624229,0.9998499455197262,5802.66642478,1726.193881615,7513.468099226695
SUiuyGR7SFq3xeRVJonq84fjjeFwRSsFekcevJ53tzy,49GjCCPsv7fBqo6t3iKDrP1xxGDS8uWZbVCdfnp2gjMf,CEwj5xEbbJEjYqM8D6Ai8ByGz1mrh8mkAVsE5fzDSSSx,9.70280700000006,16.38620399999992,0.0725266614035521,0.007474812330447431,2.901066456142084e-05,0.9690579787388679,658.749911,1.554752,6.43067678798416
Cob4usZcpHEY7Qt4ZCwj6WVg9S44zvzYV2v9qYF65dTf,NhFM9UXE48PyNAyeyPYA3iXztqKVJwA4bTdLj4ysM8w,6TuFuynuBoeskxyR2cz4wxyidk8dpDK7kAWw3UkjQGx,30.703112000000004,4193.290173000045,0.2295000001607085,0.007474812330447431,9.18000000642834e-05,1.0,73617.379345,166.346866,716.6229608632319
B2izdXFYb2sNwbWWHmh75T4aQFtfXsUxem9u2p61HGzf,4DYwgJtxwuJdAjkj5RJSNH4e7U329V5cNp7d3a1nLrZv,EXNW64GEf1ACC6xY9BtKRiunrs6GoJSXBdxWN2eTPmrF,3952.5239980000188,3888.407338999994,3940.556527825014,0.9969721954424413,0.39405565278250143,1.0,8562.535044,31199.10867,39735.71803136952
BUSDTd9WiT6uBHJRgNvFXBsA7JrifsAtWzKfioN7ERcy,DyBxrn7gSc1EwnpWhDyhzvMHPtxpmBqRqotapLcKcfTM,Cds99GeBgoCpqBsoRWu1C6fF9LiUMd4pXQQD24s9LPff,345.95814206,347.31231681,347.0189164241035,1.0030661927994733,0.03470189164241036,0.9985830107078055,70.53697741,114.7759606,185.36658167505962
C2ypsDADXcCRz8HbV2zX1AXPSja7a1P3xZtRC91xGhJh,J9bYNuDpY1d1T86gLaw7DGk5D3CsUAf2tzUwxMvb6FTv,A2NGvvPrMGzsJ4jb52KEnSBVmsA7C34dV1GC7PerdgvG,151.32647476900138,152.55270539499998,26964.47633367974,178.18743464975836,10.785790533471896,179.03464875460813,3823.265102074,1890.582700035,1019737.6101668174
ALLwa5WNZbvQsRKAqe1jdRGemdYQnW8E5k4msbRFcYtu,CGoM82Hbz7QVqTgvQatYtjvDWBvoUJp5qm21P8iMs9yb,3dxNNww8TivyN5FMy5dCNdi3Zcxv6e4kUfSPxfFwpdNq,3.912086804000001,3.9137806270000004,14783.791111782937,3779.003854583931,5.913516444713175,3778.01873141687,3.068274368,5.63800909,32895.524613511654
4vezWG46exH6pf9nry3n1VJ7hZHvjBJNgNeF4qEFCML5,,,0.46350100000000083,0.4638039999999979,0.0,0.0,0.0,3778.01873141687,3.068274368,5.63800909,21300.50394991858
KEN5P7p3asnb23Sw6yAmJRGvijfAzso3RqfyLAQhznt,9zj4aX38Uxf3h6AUjS4EipWS8mwbEofasHAf3a1uKGds,CwQDG1MWunn9cLNwcZLd8YBacweSR7ARo32w4mLua1Yr,66575.31417900068,66580.65141100134,66442.62825038466,0.9980069800608186,6.644262825038466,1.0,1147371.095124,1079399.203804,2224483.565457777
STK75uPSyBnEhGTTzb1nwmP3n427XoXmfRhXxxhyady,6TYyD5fUmDe6N65avW1Ny2RxzRNobw2RRgKwH9CTzSAU,54zDfk4cx2vGrEajPtodWpArNe5eUurytyxd4X3aZAxK,529.4288405090003,598.1841293860034,94247.60286234357,178.01750802191395,9.424760286234358,201.40917946504513,1595.113534967,276.426647017,339633.0006648191
YAkoNb6HKmSxQN9L8hiBE5tPJRsniSSMzND1boHmZxe,CfWX7o2TswwbxusJ4hCaPobu2jLCb1hfXuXJQjVq3jQF,EnTrdMMpdhugeH6Ban6gYZWXughWxKtVGfCwFn78ZmY3,5944663.494911002,5944363.62688599,5944663.494911002,1.0,594.4663494911002,0.9987555505839723,327686.370648,1167907.480271,1494140.4491372022
heyk4SZTeCUV6a65WiVA5bzic3KcxgVf1qxobfeV4tQ,9ZDpBKPqMABtGfq66FbVribaArMvtk63xxy91onZAtDt,DaTP4s6N7xxSPinbNZ3FB52EpRDRt87QShTuN3VPCW52,38.15850118800199,32.950769722999894,7844.254431068166,205.57029722998135,3.1377017724272664,178.16654509769407,615.091087246,4486.37492466,925766.3779682723
KZMu9QBEdL97EFgamLbN5DE1AoKBG4HdrKKJo4Vuon3,DD4ACBWyVqdaKWh7v5btsgqQCCMwbKnuL2xd9pv7Gyuw,GcYqiJ1MAuYbNTNYXm1F1gQYTfTgkErACAhNU5dpVj9T,13.893059549999862,13.83220123999945,13.94534679107218,1.0037635512094467,0.005578138716428872,1.0,1414.3039287,1674.00281159,3093.6295455513837
CZgvH45CRmoaNJ7395Ao5CQZXkGznvqU7cErD6n7FaRg,4ZjU6MKvtqVQKCiowhvZ5yUsPxXX5SCzd5eFsPeXyey5,BsyWeshjDbCvjDojry3vKDCesmFRM37WtwcR4Kfgzqr,84.95988079999981,82.30054984000003,87.84515945454223,1.0339604837880425,0.03513806378181689,1.0,204.60413167,600.98517833,812.5377652965456
YakoMPuYrybnr9R7VC7hVGxMz94fJvPFCdZ4gmW61Ed,,,0.015805999999999987,0.01579699999999984,0.0,0.0,0.0,1.0,204.60413167,600.98517833,600.98517833
ALBpShJ9NLpE739pcHDF2LNVk5J4VYPvvKuV6jMPitZi,D6d156U1bPiJpDYRLextvDRccgFk7QzkQbJg42ceKEu5,GNcM8U5g8RwTZffwwm3kSQqUNPSwv5d2fbN9sLxPJqt2,2591.087520000001,2593.7183039999945,2586.1195842786015,0.9980826831656388,1.0344478337114407,0.998676753301875,52867.97442,47457.156336,100160.96857322194
parEAJhzYzHW87y9VoZAQ22dzQ2MD2ekEtTReaxbMcz,3oyc6hpjYSJEquK6dSvG72NXyz3pqLZz5D8AC71pwgQb,Di2vordgFJVZ1aj1aBpvzXtLfZgJsuLLXawGtVFwX6Rz,2.0341342830000144,2.4084839140002714,353.3333836490423,173.7020936139641,0.14133335345961692,205.83539220184383,1104.362237166,139.051983862,220451.85233861458
daob129AwBGn9Y5r91uLoWZeYiGzbPmksauMhFZKTze,6VW5GQNyj4LStgmxEHLr5zUfW92vQnmbw8jTnCH7a38F,4VPCCUifPeBA1c7HWK358CHn2nyjm8pdTRk6Ps3KmnMQ,39.24309694999991,34.98227810000001,7832.048342117729,199.5777334316054,3.132819336847092,178.11665857423313,47.88174589,224.667287363,49573.11683350888
DA1mL7dfBow33EH5yjUuZE6SH2KeUK5zEXzsyhE5r5j5,B4UtLRZND3D83CitRCBUyeiNr7H8m7YFRqBmiPmXjhW4,AAmpYbuixWiSqDaJBCqYEs1pb5SrbdPr9mgXrB58Q2e,366.6338695569999,366.78031208899995,366.00960576945715,0.9982973100976813,0.14640384230778286,0.9998489718129586,1780.208203345,1227.52421952,3004.515889575716
Dg3mAgpwDfVNnbGWcsxL8sUcSkEbjSJQhKAWNigG44Ju,EATxwd8YA2wV93VJcKMmH2Kn2Y9XfJVUB9hHVu3udwEy,GiGvrRi7NMHfHKanG2B8xyCEqe8jaafWins8bhrLVEaa,0.0003208690000000014,0.0003245530000000052,0.0687530855097608,214.27151114554692,2.750123420390432e-05,211.72100168593434,0.190825342,0.268885037,97.81704376720532
BSCuChvaSj9b5HUSqgDVRzcnr2sSn7cXaamt1jbKH6hn,GnKpRj5kBVPMJfiwZtEuD9GYApLzPdW5JFuZTcyX4BTc,3dmwD9okkomV9nDwyuh4UMhKdUR13QpuKxRo89ycZB5t,791.536398665,792.9470962880002,789.6436985254295,0.9976088274111429,0.31585747941017184,0.9986338688673894,1678.428943226,1326.215695554,2998.8194409483604
BSCrK1Nx9PXU9mF7STWWBqeHLxmtJDr9h7jheEy4tAWX,FfSySSbVJPvEo5a5AvrP3nySoXpRE2QPn1uUMpJJ1x7v,HL7Vcj6838ZmvBHDbQxXfjBNckNi83WvPiZQoMQLFeRM,0.11118000399999994,0.11105633599999998,420.1131486568696,3778.6754231171803,0.16804525946274784,3772.3037458976196,0.838132202,0.966383468,6812.521529330417
Lee1XZJfJ9Hm2K1qTyeCz1LXNc1YBZaKZszvNY4KCDw,9DgFSWkPDGijNKcLGbr3p5xoJbHsPgXUTr6QvGBJ5vGN,2hNHZg7XBhuhHVZ3JDEi4buq2fPQwuWBdQ9xkH7t1GQX,1084.638739578042,912.5300110650123,229321.37580681246,211.42650307329566,22.932137580681246,177.71891727237715,6668.57406677,53921.013494475,10992697.431889784
Lid8SLUxQ9RmF7XMqUA8c24RitTwzja8VSKngJxRcUa,4PgzyzLtds9bKZ2to9PMnKqJzKEUpjvNUaeN23phegax,AtymwxoVN9peZo7EXTcDz9jKVc4vRmisJKKrNfe3ewBa,25.725251970999125,21.70854181600032,5420.819403034897,210.71977872737475,0.5420819403034898,177.4314316232492,959.117597501,7660.743843072,1561361.7952941991
SEQV6QiTpvTzrceiaYg9Avnwf7oc8ZALpnQMz6TyT4A,3dFMPj4r9mMmPHF32mz1gNDX7f8ftidWof7S8YiYTs1j,Fc1ED3YPeQfXQosHbd8DTaBd2AV5gHQtwiSAL5C5pUhi,635.9815613530002,636.7405492580001,633.5909037580312,0.9962409954309319,0.2534363615032125,0.9990768529878393,4264.753433551,1285.517214769,5533.052699301438
KwnjUuZhTMTSGAaavkLEmSyfobY16JNH4poL9oeeEvE,J63v6qEZmQpDqCD8bd4PXu2Pq5ZbyXrFcSa3Xt1HdAPQ,BnKQtTdLw9qPCDgZkWX3sURkBAoKCUYL1yahh6Mw7mRK,188.90402700000004,8577.632981999952,4.34487265355428,0.02300042366780396,0.000434487265355428,1.0,276077.239117,607.369837,6957.263301728621
Sid7E679i9ABqptiAVhkmQ27YHN8vaYT4fppPwmxFsJ,GP7KB8o1bv527HG8kTzzzf4wJ5aEGHvcMQvVhLziUfmT,9gYxhAZ1M9wu5pxr8SBoa5NDm21gi3s9vMHaYTME77sa,3866.477228999989,11091.269192000007,28.90119166672333,0.007474812330447431,0.011560476666689334,0.02300042366780396,135915.5566,8722.143868,1216.556282628844
FrnkTEL6yZ5Aycq2TrEgu29dCrwKG4LPUZydfiwqspkc,DjvZuMZ46fxKBoBpGMPcRcos4xdTtHFxwMh69DpA2ZFY,9rvDPJLAng4uVVqnnSoEXgNDFhBZQTny9AoQioYDZbQX,45.10845988100067,37.52617282099985,9646.782242599658,213.85749520264176,3.858712897039864,177.76646392994013,171.135024106,1441.11321939,292780.1087304052
BSC8REUo9LpiiWUuqMuLXs2D2yJsJfGd4HdiF3wCLxk5,AZjEH1zWVx1UJ6udMyRijGTzPteuLnaY18yNNmprJEsh,Caf8ypkSVR8xYnXNhjvfvdGCC7mrM3C11rz8Xi6NA6aK,2471.9463206160003,2477.755715700001,2469.790240661917,0.9991277804311114,0.9879160962647668,0.9998500065014246,3370.308558499,2849.373652881,6216.31517477914
HEDSDjj84KS7LKhZY7ejkCACTdPen62rKhCby1wXtgxc,EnnjMSFttpCTywBrYNt1J5QQeoSVkvzPipJDa8Y7kJow,6bjVT6JN2rSvpyn9PdfLYC8wJn4LWh49jpY47fnLDXZk,3.529861394999898,3.6453790939995088,3.4079610446762105,0.9654659668800704,0.0013631844178704842,0.9998500085008248,38817.341787054,9070.422915076,46545.88484889706
WiiQFxXqp8P9Fs1rt9SVcDyA3KUdJmUsog6wnVQAwba,3S2jpqSYxho6wiz3cafhjXruVY8cg4HYa2v3BqBHYFSj,Dfe67M6TfrG74gKRtdqys4e6E9QirPD53BkF4FujFjuv,20061.893249545996,20070.52132094399,20007.63045495097,0.9972952306185632,2.000763045495097,0.999849010801181,21230.608650369,5604.492821589,26776.831353850295
7oAd7xG4m3oC2qeWB1szghTebAZyyGPAFDJ4wwwbRSNi,D9yh4KAysxt9GLacVe4Wwh2XqghhcjTCSTV9HuM7TBJd,HDYfJLpZKaMFb84jM4mRytn7XLR8UFZUnQpSfhJJaNEy,43.76990669302177,1.0006506990000616,43.76334171036846,0.999850011499925,0.017505336684147384,0.02289934990147528,958.468592498,299958.837362764,7827.1872060410915
GokA1R67GqSavkd15zR62QD68Tuc5AEfvjssntVDEbM8,3YB7hfpBdbQEuZqLGWVDpRPmeZWCUsrrWyqGXegnQ6Cg,4DPCj6Z1DsG6HUtwSogBGqXEUxdEV5a8YVrrFtcnz7UW,9659.075795,9654.946434000001,9658.341761026162,0.9999240057755611,0.9658341761026162,1.0,18667.307449,13771.359125,32437.24796644805
