0,1,2,3,4,5,6,7,8,9,10,11
STK75uPSyBnEhGTTzb1nwmP3n427XoXmfRhXxxhyady,6TYyD5fUmDe6N65avW1Ny2RxzRNobw2RRgKwH9CTzSAU,54zDfk4cx2vGrEajPtodWpArNe5eUurytyxd4X3aZAxK,519.6701273229994,586.6234519400082,91598.6544998728,176.26307475422757,9.159865449987281,199.80091836494117,1601.577834703,278.457323225,337935.0625087671
B2izdXFYb2sNwbWWHmh75T4aQFtfXsUxem9u2p61HGzf,4DYwgJtxwuJdAjkj5RJSNH4e7U329V5cNp7d3a1nLrZv,EXNW64GEf1ACC6xY9BtKRiunrs6GoJSXBdxWN2eTPmrF,6345.579813000008,6236.97635000001,5549.498678124386,0.8745455642611708,0.5549498678124386,1.0,8632.907006,31126.991112,38676.861640776486
7oAd7xG4m3oC2qeWB1szghTebAZyyGPAFDJ4wwwbRSNi,D9yh4KAysxt9GLacVe4Wwh2XqghhcjTCSTV9HuM7TBJd,HDYfJLpZKaMFb84jM4mRytn7XLR8UFZUnQpSfhJJaNEy,43.76990669302177,1.0006506990000616,43.76075054366402,0.999790811768872,0.01750430021746561,0.0228983386059842,958.468592498,299958.837362764,7826.827117938458
ALBpShJ9NLpE739pcHDF2LNVk5J4VYPvvKuV6jMPitZi,D6d156U1bPiJpDYRLextvDRccgFk7QzkQbJg42ceKEu5,GNcM8U5g8RwTZffwwm3kSQqUNPSwv5d2fbN9sLxPJqt2,2591.087520000001,2593.7183039999945,2581.798210040276,0.9964148991927047,1.0327192840161106,0.9989081933446743,53770.72545,46548.292915,100075.4231577817
SUiuyGR7SFq3xeRVJonq84fjjeFwRSsFekcevJ53tzy,49GjCCPsv7fBqo6t3iKDrP1xxGDS8uWZbVCdfnp2gjMf,CEwj5xEbbJEjYqM8D6Ai8ByGz1mrh8mkAVsE5fzDSSSx,9.63379400000006,7.035949000000089,0.06939978877635514,0.007203785837267717,2.7759915510542058e-05,0.9405559249850216,662.38827,1.526559,6.207517350487475
AURHmCnNwiW4uA2Qj1XvEh4iKgRUZYXtiY7FKAapUV5Y,BKWm4TRnTeKwfWXRyuzjRHU7iZDkPuXBX5b5V5jSVfGJ,A5Ww74HVrkj9nPeC7pHKLfgeDMEhBCpW1efQdz3TGLEg,7.729000117251417e-06,7.729000117251417e-06,0.0015300081968473433,197.95680859575975,6.120032787389373e-07,177.20128293728845,290.093755115,1795.10276829,375520.5475013913
YAkoNb6HKmSxQN9L8hiBE5tPJRsniSSMzND1boHmZxe,CfWX7o2TswwbxusJ4hCaPobu2jLCb1hfXuXJQjVq3jQF,EnTrdMMpdhugeH6Ban6gYZWXughWxKtVGfCwFn78ZmY3,7534091.219343992,7535324.039001013,7534091.219343992,1.0,753.4091219343992,0.9988622958450325,405115.470747,1089770.498662,1493646.1329847113
MATgk4zXLXtYkwBH678J1xZbRDZ45LicNzkRBHkxTuY,y8dALFo1bJrSzPYjMX14HJX448pXqYmrfXHD1K8MXih,GN7Yuet3UyiWS5YVkEHv6oQKi4HGBJc3XDPt9zQhAqZz,2872.475337,2864.5778499999997,2878.909700179902,1.002240006414336,1.1515638800719608,1.0,3051.853905,5027.175707,8085.865784322817
C98Sspw7XqnMsgxea3SLQVdbMDL8pKUc3RE82UvX9eq2,CSqgQJurPCzGxb4Cgwx5R61hWQUiaoUHcShNc8r1cKEL,6S2CR5EnukPhC914XkAns8m5GixjMAoUuZMsS5ubHuWc,34.09182899999996,34.078421999999705,0.0,0.0,0.0,1.0,855.230184,908.752843,908.752843
BkwbeSfcX1h4thMDd7obGkHrPevf3QwgzJ4pCEqG18Lu,35yX27bmurdebhfAb8EPmjLETDiUaEUCn9zHaDPbakH2,2CxECn1ZJFoESyUnQysQU8rRgT3iJ5GRs2Mdd6gZjx5g,0.002634450000000288,0.00311778000000118,5.474295569778672,2077.9652564209127,0.002189718227911469,1379.3103448275863,0.89422377,21.9495758,32133.44289104297
ercAoEmXjQzEvAFbdjAo81KtMxRGn9AW1ju882upmPH,CMRhskR2Eg6V42RTSdRTXGdozyPbWB8U9dVpijPWb9T4,7TKLLgrWswt6ZJ1pXhVR3FyufHGjJFqiEXxvWJfDcgRm,7.413743876999966,6.624641311999973,1314.1417593871086,177.25750729857788,0.5256567037548434,157.36057223857372,37.632334472,310.652583411,55555.082095279286
DFWzVTzNBrQZLjoQ4yQwkj9HuoXmfkuZP9V5vbymZe23,DhgiEgiNdqZdRdo195UUHnoEJUtefK8buko8nU97XJUZ,2K2kkXsouBHtWVjtcgkyiXd8eP3oVBvq1bTJzcVdLLr2,1.06372775699856,1.0744021479986259,1.0537966957950418,0.9906639070587574,0.00042151867831801673,0.9998044972288073,41522.895387484,26448.880962005,67578.94390943894
KZMu9QBEdL97EFgamLbN5DE1AoKBG4HdrKKJo4Vuon3,DD4ACBWyVqdaKWh7v5btsgqQCCMwbKnuL2xd9pv7Gyuw,GcYqiJ1MAuYbNTNYXm1F1gQYTfTgkErACAhNU5dpVj9T,26.744429249999712,26.723569899999347,26.87171573050629,1.0047593642517751,0.010748686292202516,0.9999131275474786,1375.82261261,1712.57595535,3094.7978332458697
GokA1R67GqSavkd15zR62QD68Tuc5AEfvjssntVDEbM8,3YB7hfpBdbQEuZqLGWVDpRPmeZWCUsrrWyqGXegnQ6Cg,4DPCj6Z1DsG6HUtwSogBGqXEUxdEV5a8YVrrFtcnz7UW,47291.81170200001,47271.816354000024,47315.9901729784,1.000511261254501,4.731599017297841,1.0,10728.797167,21709.590067,32443.872452298892
KEVpg4SYCVrqFxKijQH6hm4QxsRdoE51ud64bEEFUC9,2bPenuBYfqzD8p5dFjCcggwkHDsc2RQDnx9AoyYGUBjA,AE6n6iLuX8oYu61vt5hoDYkjswpnxFxrhSehxrnQTnbx,734.310596149,736.1100469150006,732.0966903673344,0.9969850553794591,0.2928386761469338,0.9998038424853196,6092.114208484,1437.395823791,7510.860689322004
HEDSDjj84KS7LKhZY7ejkCACTdPen62rKhCby1wXtgxc,EnnjMSFttpCTywBrYNt1J5QQeoSVkvzPipJDa8Y7kJow,6bjVT6JN2rSvpyn9PdfLYC8wJn4LWh49jpY47fnLDXZk,11.926289715005623,12.240757982996001,11.545902096142964,0.9681051166831829,0.004618360838457185,0.9998038444845353,38818.905395067,9068.877991921,46647.880018488584
Cob4usZcpHEY7Qt4ZCwj6WVg9S44zvzYV2v9qYF65dTf,NhFM9UXE48PyNAyeyPYA3iXztqKVJwA4bTdLj4ysM8w,6TuFuynuBoeskxyR2cz4wxyidk8dpDK7kAWw3UkjQGx,435.5906500000108,4082.623224000005,3.137901755316317,0.007203785837267717,0.0012551607021265268,1.0,74147.776377,162.460475,696.6051763295263
KEN5P7p3asnb23Sw6yAmJRGvijfAzso3RqfyLAQhznt,9zj4aX38Uxf3h6AUjS4EipWS8mwbEofasHAf3a1uKGds,CwQDG1MWunn9cLNwcZLd8YBacweSR7ARo32w4mLua1Yr,87644.50625800015,87649.41012800182,87534.21314943186,0.9987415856021412,8.753421314943187,1.0,1150497.761735,1110254.999883,2259304.9586699284
RajgMbScQbqqrdJfR2rxfHJiTiY5b6bJ2tTXiF4aPxy,725ZA3fhyBAKb5iopNRrcbSuQa3LXA1656Q3mBvYPxeg,GLA6i1dSZpUfk2f9Nj8uiG7xyDdAR2reff8oEiZH3617,9708.113319109929,9676.642842560002,9741.210054390727,1.0034091830402978,3.896484021756291,0.9999584917230087,37428.21408989,146607.2592609,184156.98756876754
AUSejoEUCh2DBs9mof6BNC8Pubs22w4cJa1ccV9h44R,4xkyD7AfGQDwsQMy9MosRRNGoVJ1zosNinesxg1TzHG7,Cbm5gsQe3nSiCsFrvepVzMCD9xLK3ri9g3ypS2hdmVJ7,1794.6072909999984,1798.157858999999,1788.2268974299682,0.9964446853626261,0.17882268974299684,1.0,15751.646764,13129.243268,28824.887971697208
daob129AwBGn9Y5r91uLoWZeYiGzbPmksauMhFZKTze,6VW5GQNyj4LStgmxEHLr5zUfW92vQnmbw8jTnCH7a38F,4VPCCUifPeBA1c7HWK358CHn2nyjm8pdTRk6Ps3KmnMQ,43.00314746499987,38.19126639100002,8514.201830221398,197.99020146492953,3.4056807320885594,176.49561946697264,48.360284029,224.094717875,49126.59842842751
wrmcMSHFi3sWpAEy4rGDvQb3ezh3PhXoV2xNjgLBkKU,8p4mGnARWPBu6P2Gcw4adodLkNDorrXniZMhaY7eJXUn,AyY89zccbsgp9LKFgH4CFZMJmpSgqmPSdTfukhP227rc,0.024270540000000007,0.2163776300000002,9.463969865705867,389.9365183348151,0.0037855879462823467,3726.8932617769824,27.06950402,0.09715066,10917.45829074027
Lid8SLUxQ9RmF7XMqUA8c24RitTwzja8VSKngJxRcUa,4PgzyzLtds9bKZ2to9PMnKqJzKEUpjvNUaeN23phegax,AtymwxoVN9peZo7EXTcDz9jKVc4vRmisJKKrNfe3ewBa,42.662321500003145,35.994930705000684,8949.398895756116,209.77289985861307,0.8949398895756117,177.2622518793787,960.016050189,7659.668714196,1559155.4756873667
DA1mL7dfBow33EH5yjUuZE6SH2KeUK5zEXzsyhE5r5j5,B4UtLRZND3D83CitRCBUyeiNr7H8m7YFRqBmiPmXjhW4,AAmpYbuixWiSqDaJBCqYEs1pb5SrbdPr9mgXrB58Q2e,366.6338695569999,366.78031208899995,365.11284849723523,0.9958513896667471,0.1460451393988941,0.9998057677335025,2019.922910104,988.44824452,2999.7992930239197
BUSDgu5JdqP1rndBvXvanbEufS94FNh1w5FJcAj6vawb,Bgzr8cWubt89JQFXndVjtdKmDbGzuPxNhvjH1EhWCwbo,Dxaf8xPBBQsasRKW5Aa4Sw2YrbfGofY9xZueyyF23FBW,5559.41729617,5563.7969428400065,5552.74700330481,0.9988001812942185,2.221098801321924,0.9999584917230087,7835.26503048,7293.00844702,15118.569859736956
4vezWG46exH6pf9nry3n1VJ7hZHvjBJNgNeF4qEFCML5,,,0.4340700000000002,0.433939999999998,0.0,0.0,0.0,0.9999584917230087,7835.26503048,7293.00844702,7292.70572680528
FrnkTEL6yZ5Aycq2TrEgu29dCrwKG4LPUZydfiwqspkc,DjvZuMZ46fxKBoBpGMPcRcos4xdTtHFxwMh69DpA2ZFY,9rvDPJLAng4uVVqnnSoEXgNDFhBZQTny9AoQioYDZbQX,54.764014784999745,45.61828219599997,11670.829749866964,213.11128841970307,4.668331899946786,176.9598301185631,171.553169836,1440.590440469,291486.55667205434
C2ypsDADXcCRz8HbV2zX1AXPSja7a1P3xZtRC91xGhJh,J9bYNuDpY1d1T86gLaw7DGk5D3CsUAf2tzUwxMvb6FTv,A2NGvvPrMGzsJ4jb52KEnSBVmsA7C34dV1GC7PerdgvG,191.0871911520003,192.66622392200043,33748.98488435125,176.6156312251491,13.499593953740503,178.58536460791672,4224.493800868,2101.139587725,1121344.418613028
SoNcU2iwHMw6dGzsYNQkYFkUjwN1UdAjrWVRnStrZu2,8ivTTid27jZnYNc4w3CTA1Z6QS2twsFb8WMwUabeDJgc,CyXm53PMvHCbeXJBykU46Rcbo28xk5srhMZFg7gv6EYB,1.3780076829999999,1.3645672200000014,289.7287693387093,210.25192596020477,0.11589150773548373,207.22184715067888,15.434030547,19.268169914,7237.820408627601
BUSDTd9WiT6uBHJRgNvFXBsA7JrifsAtWzKfioN7ERcy,DyBxrn7gSc1EwnpWhDyhzvMHPtxpmBqRqotapLcKcfTM,Cds99GeBgoCpqBsoRWu1C6fF9LiUMd4pXQQD24s9LPff,240.04171860000002,239.93567772000006,239.2488622255164,0.9966970059241876,0.02392488622255164,0.9980527989891721,112.41235168,72.84674631,184.74595340030248
MARpDPs5A7XiyCWPNH8GsMWPLxmwNn9SBmKvPa9LzgA,6YjT74rmcfCpw8LSjPNx5JTmZoYLGrTKnf9arfSgZ4SR,F8GSmi3vA8M8TsybLya1LQ4n1aFHCRbZ6k437PeTdXtg,38872.93488499993,40988.432763000485,36893.34848532295,0.9490754581424504,14.75733939412918,1.0,297275.280891,15001.14464,297137.8180460515
WiiQFxXqp8P9Fs1rt9SVcDyA3KUdJmUsog6wnVQAwba,3S2jpqSYxho6wiz3cafhjXruVY8cg4HYa2v3BqBHYFSj,Dfe67M6TfrG74gKRtdqys4e6E9QirPD53BkF4FujFjuv,9254.357731125,9268.387735685992,9240.335854118464,0.9984848352080259,0.9240335854118465,0.9998038764719835,19470.537936208,7358.853350459,26798.44696882401
SEQV6QiTpvTzrceiaYg9Avnwf7oc8ZALpnQMz6TyT4A,3dFMPj4r9mMmPHF32mz1gNDX7f8ftidWof7S8YiYTs1j,Fc1ED3YPeQfXQosHbd8DTaBd2AV5gHQtwiSAL5C5pUhi,635.9815613530002,636.7405492580001,634.3738657618783,0.9974721034557956,0.25374954630475133,0.9972796166725222,3958.04680549,1590.718828336,5534.432736005292
7dwD9TF6uikvHXxPFK9AsSim54yJoujQjY9vU6gNFumk,CquVr6atkvwueDYficKjn6SSEWq4F4rH4VSiBbW4GBWU,8BCa6ge3b7ho3TfZuM64Vk1hgbrJ3J7EPiAb9uP86CGd,0.002677048,0.002716685,0.5610279306006014,209.56961944671943,0.00022441117224024053,210.76174775443897,0.004123578,0.003389003,1.5784488676439015
Lee1XZJfJ9Hm2K1qTyeCz1LXNc1YBZaKZszvNY4KCDw,9DgFSWkPDGijNKcLGbr3p5xoJbHsPgXUTr6QvGBJ5vGN,2hNHZg7XBhuhHVZ3JDEi4buq2fPQwuWBdQ9xkH7t1GQX,1475.8883557031659,1241.4531318440168,311060.80933842435,210.76174775443897,31.10608093384244,176.2034430857593,6686.903842373,53908.399768093,10908189.19126594
SoN9GaFpSXfpyR5dth3x7PHPVhvJMpQqqDJfCSmPv1t,9kZ9iS68ViMPtoeqtnhAKuF2iqVyfHPdZHoUNdwCELr,BBhm5fJLjw3HRzjtKB8uMEYjGhY6EDm9co3cqpjrSzB9,0.19463315500000022,0.190791088,41.504571229095895,213.24512377706586,0.016601828491638358,208.69668295405145,0.863686496,1.400481392,476.45275479337295
KwnjUuZhTMTSGAaavkLEmSyfobY16JNH4poL9oeeEvE,J63v6qEZmQpDqCD8bd4PXu2Pq5ZbyXrFcSa3Xt1HdAPQ,BnKQtTdLw9qPCDgZkWX3sURkBAoKCUYL1yahh6Mw7mRK,432.19669499999975,19323.677729999705,9.554357336448517,0.022106502541507225,0.0009554357336448517,1.0,276614.613233,595.063553,6710.045203453352
BSCNHw8CmxbZ8hCWWzMf5FaG2ajPT6JxfznKUNuRVrn4,7n9kgNL633yGzCYksgnzHyjG73ZLBAwvEae5sbAekbzW,SscdxE99omdG9AiMVwmaEMQySQnCgeAh1sPj2Leutm2,627.6331497079982,626.8594862989994,629.1219554914735,1.0023720955213535,0.2516487821965894,0.9998048890757018,4941.964295404,6764.043108875,11716.41047694785
BSCuChvaSj9b5HUSqgDVRzcnr2sSn7cXaamt1jbKH6hn,GnKpRj5kBVPMJfiwZtEuD9GYApLzPdW5JFuZTcyX4BTc,3dmwD9okkomV9nDwyuh4UMhKdUR13QpuKxRo89ycZB5t,917.021304587,919.357019796,915.1511209743504,0.997960588698109,0.36606044838974017,0.9968688349892986,1724.272324547,1279.566217,2996.315508113235
YakoMPuYrybnr9R7VC7hVGxMz94fJvPFCdZ4gmW61Ed,,,0.08675300000000008,0.08663500000000002,0.0,0.0,0.0,0.9968688349892986,1724.272324547,1279.566217,1275.559684032454
Sid7E679i9ABqptiAVhkmQ27YHN8vaYT4fppPwmxFsJ,GP7KB8o1bv527HG8kTzzzf4wJ5aEGHvcMQvVhLziUfmT,9gYxhAZ1M9wu5pxr8SBoa5NDm21gi3s9vMHaYTME77sa,3305.6321009999974,9844.773771000066,23.813065712401308,0.007203785837267717,0.009525226284960525,0.022047148753589797,135875.327836,8734.283454,1171.382808865441
CZgvH45CRmoaNJ7395Ao5CQZXkGznvqU7cErD6n7FaRg,4ZjU6MKvtqVQKCiowhvZ5yUsPxXX5SCzd5eFsPeXyey5,BsyWeshjDbCvjDojry3vKDCesmFRM37WtwcR4Kfgzqr,39.81555610999996,38.842290830000024,41.583568865825136,1.0444050750149168,0.016633427546330057,0.9999584917230087,181.59925155,624.84431244,814.4815561669332
MATSnbbiTCv7Dc3trJrkrqjx7ckKdr6fwPoVwv9q3sD,631WX9JizSHJm4w6VanZeJAst9T8DeUUnPLesdGkCVtK,211maUSfpnXbPuW1iBu8b4dtJv5EbN1j7JJiEX5TZKEP,2380.7365229999923,2378.406667000003,2381.208002184425,1.000198039211764,0.95248320087377,0.9960764548443681,19775.326053,25793.050479,45471.092623728066
JSoLLrxK5bYdHwTEWYaGgmeycBCNXKDiBCTw5hXGBg7,xG4wXczA7Dk4hccJ61CHKpDHW4NrNfQwgmWgkb9BuF2,BVR6WgfhsRr9Lob4QDnkEAiNGgAbv7ZieKcY9kSg3QYR,0.8126597859999727,0.691693504000007,169.27241876989552,208.2943215426944,0.06770896750795823,176.91302690227946,16.989442098,164.767968733,32688.40440028697
heyk4SZTeCUV6a65WiVA5bzic3KcxgVf1qxobfeV4tQ,9ZDpBKPqMABtGfq66FbVribaArMvtk63xxy91onZAtDt,DaTP4s6N7xxSPinbNZ3FB52EpRDRt87QShTuN3VPCW52,73.163408804004,63.32049282799983,15032.955240208694,205.47095174966734,6.013182096083478,176.92432628101176,611.460706596,4490.553210575,920125.5147518204
SAMyS8Jr2HJrkFwYVKbpUwsNStnQmvz3f8Tup8bWUWF,6jPzm5TFfquvgm25sTyN3MMGBfufRaFHMxobDWv6hMFW,Cj9ECoDmxsHTDzCY5ZA6RWrPbg9uFzEC1Qc2kso2vJG6,1220.2804097300104,26.674575480000044,1226.088168689221,1.0047593642517751,0.4904352674756884,0.022041975680471056,485.14207461,108748.83637146,2884.4902490361783
ALLwa5WNZbvQsRKAqe1jdRGemdYQnW8E5k4msbRFcYtu,CGoM82Hbz7QVqTgvQatYtjvDWBvoUJp5qm21P8iMs9yb,3dxNNww8TivyN5FMy5dCNdi3Zcxv6e4kUfSPxfFwpdNq,8.959980288999999,8.962808484000004,33424.03211474614,3730.3689334875216,13.369612845898457,3745.3604347614396,5.070138016,3.629796083,32508.379978900706
BSCrK1Nx9PXU9mF7STWWBqeHLxmtJDr9h7jheEy4tAWX,FfSySSbVJPvEo5a5AvrP3nySoXpRE2QPn1uUMpJJ1x7v,HL7Vcj6838ZmvBHDbQxXfjBNckNi83WvPiZQoMQLFeRM,0.14463659000000006,0.14447481299999998,541.9983286991586,3747.31130413928,0.21679933147966343,3730.090641202581,0.838180813,0.966330248,6745.423849843321
parEAJhzYzHW87y9VoZAQ22dzQ2MD2ekEtTReaxbMcz,3oyc6hpjYSJEquK6dSvG72NXyz3pqLZz5D8AC71pwgQb,Di2vordgFJVZ1aj1aBpvzXtLfZgJsuLLXawGtVFwX6Rz,4.678430623999901,5.348591741999712,807.6546152832757,172.6336629082592,0.3230618461133103,204.51792364405128,1104.972566417,138.534598193,219088.26992900175
vEnkoSUkpnbRrPgBz9DfcVxNz67zjwMYBZraAvDDNSf,DtfyjjsZ5yCjWKLKHvwsfXs5QVsmm1QkK6Sh9JZHoq1g,e5wrKCRv4GhHvEf1VD5Pq2KGaZDXP77nTL612Jyrxwy,5318.215119999999,5316.897816999999,5317.098529308844,0.9997900440907409,0.5317098529308845,0.9984673526137379,866.015971,1084.30583,1948.4781173331176
BSC8REUo9LpiiWUuqMuLXs2D2yJsJfGd4HdiF3wCLxk5,AZjEH1zWVx1UJ6udMyRijGTzPteuLnaY18yNNmprJEsh,Caf8ypkSVR8xYnXNhjvfvdGCC7mrM3C11rz8Xi6NA6aK,2242.010116579,2247.470036814001,2240.9794856315993,0.9995403094126205,0.8963917942526397,0.9998178221948,3252.040586984,2965.629075921,6215.6344586612995
moFiBS1R4Lf3E3zzmBPnw3NF4RhWPkhREFviuzUaCAU,44ALBrpqi9PfZkBRTvbtRNtFJGsatfY4QydjtMbFWq8S,2ho8qEEie1UjVwWNBo9y4oAJZMyMLx8zPj9bxyUz6uWs,1638.302030550003,1638.964554201997,1637.2315774372746,0.9993466081999732,0.6548926309749098,0.999803894464924,33518.184554119,30903.639845923,64393.86351827477
