0,1,2,3,4,5,6,7,8,9,10,11
BUSDgu5JdqP1rndBvXvanbEufS94FNh1w5FJcAj6vawb,Bgzr8cWubt89JQFXndVjtdKmDbGzuPxNhvjH1EhWCwbo,Dxaf8xPBBQsasRKW5Aa4Sw2YrbfGofY9xZueyyF23FBW,6107.584908779997,6110.601599170008,6105.84510927456,0.9997151411676757,2.442338043709824,0.9999317246618401,7914.73440718,7212.39244282,15124.379839465637
4vezWG46exH6pf9nry3n1VJ7hZHvjBJNgNeF4qEFCML5,,,0.4340700000000002,0.433939999999998,0.0,0.0,0.0,0.9999317246618401,7914.73440718,7212.39244282,7211.9000142870245
GokA1R67GqSavkd15zR62QD68Tuc5AEfvjssntVDEbM8,3YB7hfpBdbQEuZqLGWVDpRPmeZWCUsrrWyqGXegnQ6Cg,4DPCj6Z1DsG6HUtwSogBGqXEUxdEV5a8YVrrFtcnz7UW,52598.517875000005,52576.11552000001,52628.305495910696,1.0005663205374242,5.26283054959107,1.0,9844.100882,22594.618262,32444.294060501954
vEnkoSUkpnbRrPgBz9DfcVxNz67zjwMYBZraAvDDNSf,DtfyjjsZ5yCjWKLKHvwsfXs5QVsmm1QkK6Sh9JZHoq1g,e5wrKCRv4GhHvEf1VD5Pq2KGaZDXP77nTL612Jyrxwy,5639.927305999998,5639.830905000001,5557.060421002016,0.9853071005170891,0.5557060421002016,0.9969890929393233,826.478658,1123.783434,1934.7351166771327
WiiQFxXqp8P9Fs1rt9SVcDyA3KUdJmUsog6wnVQAwba,3S2jpqSYxho6wiz3cafhjXruVY8cg4HYa2v3BqBHYFSj,Dfe67M6TfrG74gKRtdqys4e6E9QirPD53BkF4FujFjuv,11653.100809417996,11668.40575839599,11644.964193456886,0.9993017638743387,1.1644964193456886,0.9962538116982164,17358.9869594,9468.006773161,26779.40412454624
JSoLLrxK5bYdHwTEWYaGgmeycBCNXKDiBCTw5hXGBg7,xG4wXczA7Dk4hccJ61CHKpDHW4NrNfQwgmWgkb9BuF2,BVR6WgfhsRr9Lob4QDnkEAiNGgAbv7ZieKcY9kSg3QYR,0.7062872970000065,0.600482981999992,147.47826979382873,208.80776196917412,0.058991307917531495,177.2827413301205,16.973470927,164.786730928,32758.035870860505
MATSnbbiTCv7Dc3trJrkrqjx7ckKdr6fwPoVwv9q3sD,631WX9JizSHJm4w6VanZeJAst9T8DeUUnPLesdGkCVtK,211maUSfpnXbPuW1iBu8b4dtJv5EbN1j7JJiEX5TZKEP,2364.526936999995,2362.224059,2363.300384100647,0.9994812692212742,0.9453201536402589,0.9952704747042055,19794.515543,25773.832572,45436.182097419034
SAMyS8Jr2HJrkFwYVKbpUwsNStnQmvz3f8Tup8bWUWF,6jPzm5TFfquvgm25sTyN3MMGBfufRaFHMxobDWv6hMFW,Cj9ECoDmxsHTDzCY5ZA6RWrPbg9uFzEC1Qc2kso2vJG6,1163.5908922600065,25.430510180000056,1169.089787913744,1.004725798122274,0.4676359151654976,0.021899281786774666,483.89800931,108805.52588893,2868.9476850136534
7dwD9TF6uikvHXxPFK9AsSim54yJoujQjY9vU6gNFumk,CquVr6atkvwueDYficKjn6SSEWq4F4rH4VSiBbW4GBWU,8BCa6ge3b7ho3TfZuM64Vk1hgbrJ3J7EPiAb9uP86CGd,0.002677048,0.002716685,0.562045970211048,209.94990385344153,0.00022481838808441918,210.58625528782085,0.004123578,0.003389003,1.5794222555613575
MATgk4zXLXtYkwBH678J1xZbRDZ45LicNzkRBHkxTuY,y8dALFo1bJrSzPYjMX14HJX448pXqYmrfXHD1K8MXih,GN7Yuet3UyiWS5YVkEHv6oQKi4HGBJc3XDPt9zQhAqZz,2872.475337,2864.5778499999997,2878.909700179902,1.002240006414336,1.1515638800719608,1.0,3051.853905,5027.175707,8085.865784322817
C98Sspw7XqnMsgxea3SLQVdbMDL8pKUc3RE82UvX9eq2,CSqgQJurPCzGxb4Cgwx5R61hWQUiaoUHcShNc8r1cKEL,6S2CR5EnukPhC914XkAns8m5GixjMAoUuZMsS5ubHuWc,33.130648000000065,33.115010999999754,0.0,0.0,0.0,1.0,855.648458,908.331464,908.331464
SoN9GaFpSXfpyR5dth3x7PHPVhvJMpQqqDJfCSmPv1t,9kZ9iS68ViMPtoeqtnhAKuF2iqVyfHPdZHoUNdwCELr,BBhm5fJLjw3HRzjtKB8uMEYjGhY6EDm9co3cqpjrSzB9,0.24835127300000004,0.24412450000000008,52.80788807804514,212.6338530104701,0.021123155231218056,208.03376471214784,0.875812795,1.388108239,475.00083190383884
SoNcU2iwHMw6dGzsYNQkYFkUjwN1UdAjrWVRnStrZu2,8ivTTid27jZnYNc4w3CTA1Z6QS2twsFb8WMwUabeDJgc,CyXm53PMvHCbeXJBykU46Rcbo28xk5srhMZFg7gv6EYB,1.4688777990000066,1.4548410940000007,309.07664644350416,210.41685472673058,0.12363065857740167,207.83738138201053,15.397757704,19.304748094,7252.196038016284
KZMu9QBEdL97EFgamLbN5DE1AoKBG4HdrKKJo4Vuon3,DD4ACBWyVqdaKWh7v5btsgqQCCMwbKnuL2xd9pv7Gyuw,GcYqiJ1MAuYbNTNYXm1F1gQYTfTgkErACAhNU5dpVj9T,25.494429249999712,25.479504599999473,25.614910775877807,1.004725798122274,0.010245964310351123,0.9999589916817513,1377.06667791,1711.32595535,3094.8301937813085
Lid8SLUxQ9RmF7XMqUA8c24RitTwzja8VSKngJxRcUa,4PgzyzLtds9bKZ2to9PMnKqJzKEUpjvNUaeN23phegax,AtymwxoVN9peZo7EXTcDz9jKVc4vRmisJKKrNfe3ewBa,44.36007384700201,37.431205140999964,9256.252936289295,208.66180178631197,0.9256252936289296,176.16582136433382,959.559055087,7660.209936852,1549690.4967035886
CZgvH45CRmoaNJ7395Ao5CQZXkGznvqU7cErD6n7FaRg,4ZjU6MKvtqVQKCiowhvZ5yUsPxXX5SCzd5eFsPeXyey5,BsyWeshjDbCvjDojry3vKDCesmFRM37WtwcR4Kfgzqr,4.8701097999999945,4.999500000000012,5.003457598918252,1.027380860882902,0.002001383039567301,0.9999867701750306,223.87415127,581.08939175,811.0857223002572
BkwbeSfcX1h4thMDd7obGkHrPevf3QwgzJ4pCEqG18Lu,35yX27bmurdebhfAb8EPmjLETDiUaEUCn9zHaDPbakH2,2CxECn1ZJFoESyUnQysQU8rRgT3iJ5GRs2Mdd6gZjx5g,0.02806015000000106,0.023764709999999245,58.38809355362492,2080.819010362479,0.02335523742144997,1369.8630136986303,0.89422377,21.9495758,31928.629874928534
Cob4usZcpHEY7Qt4ZCwj6WVg9S44zvzYV2v9qYF65dTf,NhFM9UXE48PyNAyeyPYA3iXztqKVJwA4bTdLj4ysM8w,6TuFuynuBoeskxyR2cz4wxyidk8dpDK7kAWw3UkjQGx,34.85713000000004,4765.09051200001,0.2486944854613265,0.007134680493239868,9.947779418453061e-05,1.0,74147.776377,162.460475,691.4811687340938
Lee1XZJfJ9Hm2K1qTyeCz1LXNc1YBZaKZszvNY4KCDw,9DgFSWkPDGijNKcLGbr3p5xoJbHsPgXUTr6QvGBJ5vGN,2hNHZg7XBhuhHVZ3JDEi4buq2fPQwuWBdQ9xkH7t1GQX,1358.702560091253,1142.7468069100023,284427.87234897225,209.33784972766193,28.442787234897228,174.74443189973582,6678.202034047,53920.168049266,10820249.58756157
KEVpg4SYCVrqFxKijQH6hm4QxsRdoE51ud64bEEFUC9,2bPenuBYfqzD8p5dFjCcggwkHDsc2RQDnx9AoyYGUBjA,AE6n6iLuX8oYu61vt5hoDYkjswpnxFxrhSehxrnQTnbx,761.299101504,762.4961688160001,760.1755931445316,0.9985242221391714,0.3040702372578126,0.9950654792440181,5650.648669758,1877.621288084,7510.665694417927
AURHmCnNwiW4uA2Qj1XvEh4iKgRUZYXtiY7FKAapUV5Y,BKWm4TRnTeKwfWXRyuzjRHU7iZDkPuXBX5b5V5jSVfGJ,A5Ww74HVrkj9nPeC7pHKLfgeDMEhBCpW1efQdz3TGLEg,0.007915733000345426,0.0070620780000467676,1.5062211735383684,190.2819579024002,0.0006024884694153474,176.22430957958872,290.093755115,1795.10276829,371540.3536648553
DFWzVTzNBrQZLjoQ4yQwkj9HuoXmfkuZP9V5vbymZe23,DhgiEgiNdqZdRdo195UUHnoEJUtefK8buko8nU97XJUZ,2K2kkXsouBHtWVjtcgkyiXd8eP3oVBvq1bTJzcVdLLr2,37.34455058599997,37.0225611479982,36.999659921030776,0.9907646320665996,0.01479986396841231,0.9954038045555765,41522.895387484,26448.880962005,67466.73290673783
heyk4SZTeCUV6a65WiVA5bzic3KcxgVf1qxobfeV4tQ,9ZDpBKPqMABtGfq66FbVribaArMvtk63xxy91onZAtDt,DaTP4s6N7xxSPinbNZ3FB52EpRDRt87QShTuN3VPCW52,73.96003672100505,64.02176191500018,15107.438575710998,204.26488743779115,6.0429754302843985,177.22172688749558,611.542446272,4490.456102267,920723.0339074316
BSCrK1Nx9PXU9mF7STWWBqeHLxmtJDr9h7jheEy4tAWX,FfSySSbVJPvEo5a5AvrP3nySoXpRE2QPn1uUMpJJ1x7v,HL7Vcj6838ZmvBHDbQxXfjBNckNi83WvPiZQoMQLFeRM,0.14463659000000006,0.14447481299999998,548.8367301248803,3794.591189718176,0.2195346920499521,3788.883416057288,0.838180813,0.966330248,6841.866179482344
STK75uPSyBnEhGTTzb1nwmP3n427XoXmfRhXxxhyady,6TYyD5fUmDe6N65avW1Ny2RxzRNobw2RRgKwH9CTzSAU,54zDfk4cx2vGrEajPtodWpArNe5eUurytyxd4X3aZAxK,739.2185464099997,834.6289214010083,131008.16448378366,177.2252131930702,13.100816448378366,200.30662938826757,1601.656389956,278.381824047,339615.6200298077
C2ypsDADXcCRz8HbV2zX1AXPSja7a1P3xZtRC91xGhJh,J9bYNuDpY1d1T86gLaw7DGk5D3CsUAf2tzUwxMvb6FTv,A2NGvvPrMGzsJ4jb52KEnSBVmsA7C34dV1GC7PerdgvG,225.31504857500067,227.15970814599814,39994.690553540786,177.50563402882406,15.997876221416314,178.30085702089937,4243.726274196,2110.286344241,1129551.1866836112
BUSDTd9WiT6uBHJRgNvFXBsA7JrifsAtWzKfioN7ERcy,DyBxrn7gSc1EwnpWhDyhzvMHPtxpmBqRqotapLcKcfTM,Cds99GeBgoCpqBsoRWu1C6fF9LiUMd4pXQQD24s9LPff,535.3871442300002,533.94344103,535.2153080032126,0.9996790430464394,0.053521530800321265,0.9977812040032218,67.71071146,117.56244926,184.99058140453684
KwnjUuZhTMTSGAaavkLEmSyfobY16JNH4poL9oeeEvE,J63v6qEZmQpDqCD8bd4PXu2Pq5ZbyXrFcSa3Xt1HdAPQ,BnKQtTdLw9qPCDgZkWX3sURkBAoKCUYL1yahh6Mw7mRK,469.6358139999883,18951.527463999624,10.288221832899033,0.021906808480537412,0.0010288221832899034,1.0,276753.088139,592.008635,6654.785533258363
DA1mL7dfBow33EH5yjUuZE6SH2KeUK5zEXzsyhE5r5j5,B4UtLRZND3D83CitRCBUyeiNr7H8m7YFRqBmiPmXjhW4,AAmpYbuixWiSqDaJBCqYEs1pb5SrbdPr9mgXrB58Q2e,366.6338695569999,366.78031208899995,365.1492264790723,0.9959506112195213,0.14605969059162893,0.9969027944848163,2019.922910104,988.44824452,2997.130274099992
BSCNHw8CmxbZ8hCWWzMf5FaG2ajPT6JxfznKUNuRVrn4,7n9kgNL633yGzCYksgnzHyjG73ZLBAwvEae5sbAekbzW,SscdxE99omdG9AiMVwmaEMQySQnCgeAh1sPj2Leutm2,108.83772974699968,108.5641393879996,109.09749798102989,1.0023867480021318,0.04363899919241196,0.9986780797861294,4899.559323421,6806.334451467,11708.590357220743
daob129AwBGn9Y5r91uLoWZeYiGzbPmksauMhFZKTze,6VW5GQNyj4LStgmxEHLr5zUfW92vQnmbw8jTnCH7a38F,4VPCCUifPeBA1c7HWK358CHn2nyjm8pdTRk6Ps3KmnMQ,42.578817772999884,37.79351660300003,8269.186340936849,194.20892296780755,3.30767453637474,177.68737044369604,48.053824823,224.436611282,49212.03285335107
ALLwa5WNZbvQsRKAqe1jdRGemdYQnW8E5k4msbRFcYtu,CGoM82Hbz7QVqTgvQatYtjvDWBvoUJp5qm21P8iMs9yb,3dxNNww8TivyN5FMy5dCNdi3Zcxv6e4kUfSPxfFwpdNq,8.867179997000001,8.869039783000002,33631.11581961618,3792.7634074186453,13.452446327846472,3788.6250322033125,5.134218349,3.565529181,32981.328587972544
KEN5P7p3asnb23Sw6yAmJRGvijfAzso3RqfyLAQhznt,9zj4aX38Uxf3h6AUjS4EipWS8mwbEofasHAf3a1uKGds,CwQDG1MWunn9cLNwcZLd8YBacweSR7ARo32w4mLua1Yr,93841.19417599938,93848.26162200142,93736.9586779495,0.9988892351704904,9.37369586779495,1.0,1152457.717448,1114739.485837,2265917.093784962
MARpDPs5A7XiyCWPNH8GsMWPLxmwNn9SBmKvPa9LzgA,6YjT74rmcfCpw8LSjPNx5JTmZoYLGrTKnf9arfSgZ4SR,F8GSmi3vA8M8TsybLya1LQ4n1aFHCRbZ6k437PeTdXtg,49564.65568399998,52303.38092300036,41666.09700664441,0.8406413084413837,16.666438802657765,1.0,297554.827652,14734.440909,264871.3205594277
YakoMPuYrybnr9R7VC7hVGxMz94fJvPFCdZ4gmW61Ed,,,0.08675300000000008,0.08663500000000002,0.0,0.0,0.0,1.0,297554.827652,14734.440909,14734.440909
YAkoNb6HKmSxQN9L8hiBE5tPJRsniSSMzND1boHmZxe,CfWX7o2TswwbxusJ4hCaPobu2jLCb1hfXuXJQjVq3jQF,EnTrdMMpdhugeH6Ban6gYZWXughWxKtVGfCwFn78ZmY3,8471966.060096005,8473504.485047992,8471966.060096005,1.0,847.1966060096005,0.998234123834936,576088.780139,918510.845083,1492977.6488133152
SUiuyGR7SFq3xeRVJonq84fjjeFwRSsFekcevJ53tzy,49GjCCPsv7fBqo6t3iKDrP1xxGDS8uWZbVCdfnp2gjMf,CEwj5xEbbJEjYqM8D6Ai8ByGz1mrh8mkAVsE5fzDSSSx,9.63379400000006,7.035949000000089,0.06930552309062842,0.007194000939881835,2.772220923625137e-05,0.9455737221280327,662.38827,1.526559,6.208695912624751
FrnkTEL6yZ5Aycq2TrEgu29dCrwKG4LPUZydfiwqspkc,DjvZuMZ46fxKBoBpGMPcRcos4xdTtHFxwMh69DpA2ZFY,9rvDPJLAng4uVVqnnSoEXgNDFhBZQTny9AoQioYDZbQX,44.3368433369985,37.01273285599996,9424.750284154663,212.57152234583728,3.7699001136618655,176.5990692522654,171.590860527,1440.538129956,290873.02341548516
B2izdXFYb2sNwbWWHmh75T4aQFtfXsUxem9u2p61HGzf,4DYwgJtxwuJdAjkj5RJSNH4e7U329V5cNp7d3a1nLrZv,EXNW64GEf1ACC6xY9BtKRiunrs6GoJSXBdxWN2eTPmrF,7008.470233000015,6889.396664000007,7101.881277442212,1.0133283072249295,0.7101881277442212,1.0,8549.167077,31212.069767,39875.18276931951
moFiBS1R4Lf3E3zzmBPnw3NF4RhWPkhREFviuzUaCAU,44ALBrpqi9PfZkBRTvbtRNtFJGsatfY4QydjtMbFWq8S,2ho8qEEie1UjVwWNBo9y4oAJZMyMLx8zPj9bxyUz6uWs,2928.1910619709997,2929.080449384004,2928.9338952565804,1.0002536833389146,1.1715735581026323,0.996082741262416,32684.941518862,31736.319973349,64305.23374059337
BSC8REUo9LpiiWUuqMuLXs2D2yJsJfGd4HdiF3wCLxk5,AZjEH1zWVx1UJ6udMyRijGTzPteuLnaY18yNNmprJEsh,Caf8ypkSVR8xYnXNhjvfvdGCC7mrM3C11rz8Xi6NA6aK,1003.6553150610002,1006.2688143039995,1002.5157283646435,0.9988645636811204,0.4010062913458574,0.9970387758918645,3439.798005107,2777.165465841,6204.833990033661
Sid7E679i9ABqptiAVhkmQ27YHN8vaYT4fppPwmxFsJ,GP7KB8o1bv527HG8kTzzzf4wJ5aEGHvcMQvVhLziUfmT,9gYxhAZ1M9wu5pxr8SBoa5NDm21gi3s9vMHaYTME77sa,3491.8248710000244,10030.574344000079,25.08670251222824,0.007184410283739016,0.010034681004891296,0.021408933472659816,135875.327836,8734.283454,1163.175796009408
RajgMbScQbqqrdJfR2rxfHJiTiY5b6bJ2tTXiF4aPxy,725ZA3fhyBAKb5iopNRrcbSuQa3LXA1656Q3mBvYPxeg,GLA6i1dSZpUfk2f9Nj8uiG7xyDdAR2reff8oEiZH3617,40092.556909819956,40114.47896705,40227.1682784869,1.0033575151859164,16.090867311394756,1.0,37225.35690689,146810.80183892,184161.14344692603
AUSejoEUCh2DBs9mof6BNC8Pubs22w4cJa1ccV9h44R,4xkyD7AfGQDwsQMy9MosRRNGoVJ1zosNinesxg1TzHG7,Cbm5gsQe3nSiCsFrvepVzMCD9xLK3ri9g3ypS2hdmVJ7,1689.9440320000012,1694.193025999999,1686.5540583427323,0.9979940319956886,0.16865540583427324,1.0,15183.26425,13695.968581,28848.775688713496
ercAoEmXjQzEvAFbdjAo81KtMxRGn9AW1ju882upmPH,CMRhskR2Eg6V42RTSdRTXGdozyPbWB8U9dVpijPWb9T4,7TKLLgrWswt6ZJ1pXhVR3FyufHGjJFqiEXxvWJfDcgRm,7.413743876999966,6.624641311999973,1314.7679714365863,177.34197367074654,0.5259071885746346,157.27904731677225,37.632334472,310.652583411,55532.934834478365
wrmcMSHFi3sWpAEy4rGDvQb3ezh3PhXoV2xNjgLBkKU,8p4mGnARWPBu6P2Gcw4adodLkNDorrXniZMhaY7eJXUn,AyY89zccbsgp9LKFgH4CFZMJmpSgqmPSdTfukhP227rc,0.02544666000000001,0.22375429999999952,9.904777103533105,389.23682336043714,0.003961910841413242,3761.6611495636475,27.07500247,0.09658078,10901.892121819345
HEDSDjj84KS7LKhZY7ejkCACTdPen62rKhCby1wXtgxc,EnnjMSFttpCTywBrYNt1J5QQeoSVkvzPipJDa8Y7kJow,6bjVT6JN2rSvpyn9PdfLYC8wJn4LWh49jpY47fnLDXZk,10.925639016004425,11.20735052699456,10.503856339088768,0.9613951480276981,0.004201542535635507,0.9945381842597623,38817.871987611,9069.87864262,46339.654422337204
BSCuChvaSj9b5HUSqgDVRzcnr2sSn7cXaamt1jbKH6hn,GnKpRj5kBVPMJfiwZtEuD9GYApLzPdW5JFuZTcyX4BTc,3dmwD9okkomV9nDwyuh4UMhKdUR13QpuKxRo89ycZB5t,397.55149254,398.35550146799983,397.17237085905174,0.9990463583005914,0.15886894834362073,0.998514210854249,1618.948897893,1384.519427047,2999.86732382497
parEAJhzYzHW87y9VoZAQ22dzQ2MD2ekEtTReaxbMcz,3oyc6hpjYSJEquK6dSvG72NXyz3pqLZz5D8AC71pwgQb,Di2vordgFJVZ1aj1aBpvzXtLfZgJsuLLXawGtVFwX6Rz,4.88195859200016,5.735090854999413,844.8616318808973,173.05792664143712,0.33794465275235896,203.97810335856067,1104.460291557,138.966995788,219481.8323449249
ALBpShJ9NLpE739pcHDF2LNVk5J4VYPvvKuV6jMPitZi,D6d156U1bPiJpDYRLextvDRccgFk7QzkQbJg42ceKEu5,GNcM8U5g8RwTZffwwm3kSQqUNPSwv5d2fbN9sLxPJqt2,39.125301000000036,39.1512950000033,39.017456749544294,0.9972436186380843,0.01560698269981772,0.9924573243350535,51177.007146,49139.380435,99804.68182334653
