0,1,2,3,4,5,6,7,8,9,10,11
ALLwa5WNZbvQsRKAqe1jdRGemdYQnW8E5k4msbRFcYtu,CGoM82Hbz7QVqTgvQatYtjvDWBvoUJp5qm21P8iMs9yb,3dxNNww8TivyN5FMy5dCNdi3Zcxv6e4kUfSPxfFwpdNq,35.2678618950001,35.03025360999999,109988.6539685018,3118.665211289568,43.995461587400726,3120.4947856532135,2.683710403,6.013266697,27133.961643742627
parEAJhzYzHW87y9VoZAQ22dzQ2MD2ekEtTReaxbMcz,3oyc6hpjYSJEquK6dSvG72NXyz3pqLZz5D8AC71pwgQb,Di2vordgFJVZ1aj1aBpvzXtLfZgJsuLLXawGtVFwX6Rz,3.6565539910000098,4.319636318999983,636.4252645176892,174.05055855434998,0.25457010580707573,205.52551229289193,1103.677395797,139.626968118,220792.57135463346
WiiQFxXqp8P9Fs1rt9SVcDyA3KUdJmUsog6wnVQAwba,3S2jpqSYxho6wiz3cafhjXruVY8cg4HYa2v3BqBHYFSj,Dfe67M6TfrG74gKRtdqys4e6E9QirPD53BkF4FujFjuv,12239.345041305,12261.966638968004,12231.87664884327,0.999389804565806,1.2231876648843272,0.9999641752834564,17265.115516519,9560.880412173,26815.118318202316
Lid8SLUxQ9RmF7XMqUA8c24RitTwzja8VSKngJxRcUa,4PgzyzLtds9bKZ2to9PMnKqJzKEUpjvNUaeN23phegax,AtymwxoVN9peZo7EXTcDz9jKVc4vRmisJKKrNfe3ewBa,54.781173844003206,46.227909861999365,11582.236098338055,211.42730769734942,1.1582236098338057,178.4215544656774,959.583699626,7660.176361759,1569622.7720684651
ercAoEmXjQzEvAFbdjAo81KtMxRGn9AW1ju882upmPH,CMRhskR2Eg6V42RTSdRTXGdozyPbWB8U9dVpijPWb9T4,7TKLLgrWswt6ZJ1pXhVR3FyufHGjJFqiEXxvWJfDcgRm,4.049143414999946,3.502852053000005,724.3393951005239,178.88706841482264,0.2897357580402096,155.73202069927726,36.271573088,320.589895933,56414.62768592339
MiMuMS9C4vBqcrYeeQPph1E7oAW9aNKvW9k6Zw9XffM,Afy2q2hh6Y474pshJa5fnQ6PfEchGyTbKrQpCZw2hr3m,5pXz9ksgjeL8Wgb37bksUaBFMLdFfsNNY3FQnikkCPtS,0.012538942999999136,0.8271330000006856,0.0,0.0,0.0,0.021735274786037956,26.006551294,7673.713867602,166.79027954175956
Lee1XZJfJ9Hm2K1qTyeCz1LXNc1YBZaKZszvNY4KCDw,9DgFSWkPDGijNKcLGbr3p5xoJbHsPgXUTr6QvGBJ5vGN,2hNHZg7XBhuhHVZ3JDEi4buq2fPQwuWBdQ9xkH7t1GQX,1657.3028556058998,1396.830509621006,351400.43754948815,212.03151636459245,35.14004375494882,177.75767930950386,6677.262695172,53928.116686782,11001927.006196544
MATSnbbiTCv7Dc3trJrkrqjx7ckKdr6fwPoVwv9q3sD,631WX9JizSHJm4w6VanZeJAst9T8DeUUnPLesdGkCVtK,211maUSfpnXbPuW1iBu8b4dtJv5EbN1j7JJiEX5TZKEP,1785.379963000003,1784.6973840000028,1785.3085506579766,0.9999600015999359,0.7141234202631906,0.9966194667687205,21099.336834,24467.155393,45482.936255403314
SAMyS8Jr2HJrkFwYVKbpUwsNStnQmvz3f8Tup8bWUWF,6jPzm5TFfquvgm25sTyN3MMGBfufRaFHMxobDWv6hMFW,Cj9ECoDmxsHTDzCY5ZA6RWrPbg9uFzEC1Qc2kso2vJG6,561.1789349900052,339.25919891000365,563.7553816474414,1.0045911321626533,0.22550215265897658,0.021556461779005352,477.45754907,109102.53760319,2831.514301615496
KysFMBBoavfov2tLpvefWW6tPFt6rAeZWDJVy1mMQae,B8ka2V21TH3x64dFV8ETcjuQcwmrciJ2qzy1mJUttRew,7fSf7EYxBANyxzk2s5pymFgshA91tFYQNKKs5UnLWcYS,45.67860399999563,49.00029100003076,0.0,0.0,0.0,0.0208375889767654,134139.643753,2890.506142,60.23117892181188
BkwbeSfcX1h4thMDd7obGkHrPevf3QwgzJ4pCEqG18Lu,35yX27bmurdebhfAb8EPmjLETDiUaEUCn9zHaDPbakH2,2CxECn1ZJFoESyUnQysQU8rRgT3iJ5GRs2Mdd6gZjx5g,0.1906481000000042,0.12746060999999842,444.9924141633504,2334.1035875172142,0.17799696566534018,1569.8587127158555,0.91501263,21.9185398,36544.74493734581
MARpDPs5A7XiyCWPNH8GsMWPLxmwNn9SBmKvPa9LzgA,6YjT74rmcfCpw8LSjPNx5JTmZoYLGrTKnf9arfSgZ4SR,F8GSmi3vA8M8TsybLya1LQ4n1aFHCRbZ6k437PeTdXtg,17787.17191000003,18733.86234699958,15749.12490359988,0.8854204020339878,6.299649961439952,1.0,297591.443385,14681.136006,278174.6714498214
GokA1R67GqSavkd15zR62QD68Tuc5AEfvjssntVDEbM8,3YB7hfpBdbQEuZqLGWVDpRPmeZWCUsrrWyqGXegnQ6Cg,4DPCj6Z1DsG6HUtwSogBGqXEUxdEV5a8YVrrFtcnz7UW,20592.457088000003,20587.527424999997,20596.658806396506,1.0002040416244913,2.0596658806396504,1.0,14064.427209,18366.93144,32434.228377575266
KEN5P7p3asnb23Sw6yAmJRGvijfAzso3RqfyLAQhznt,9zj4aX38Uxf3h6AUjS4EipWS8mwbEofasHAf3a1uKGds,CwQDG1MWunn9cLNwcZLd8YBacweSR7ARo32w4mLua1Yr,59643.42851300049,59647.217815000564,59610.821393698134,0.9994532990454221,5.961082139369813,1.0,1143760.222653,1111708.85564,2254843.783487467
ALBpShJ9NLpE739pcHDF2LNVk5J4VYPvvKuV6jMPitZi,D6d156U1bPiJpDYRLextvDRccgFk7QzkQbJg42ceKEu5,GNcM8U5g8RwTZffwwm3kSQqUNPSwv5d2fbN9sLxPJqt2,1369.8509330000015,1370.4803889999966,1367.3828070333063,0.9981982521548605,0.5469531228133226,0.9985481110465383,51137.855851,49178.505736,100152.82233618955
MAR3XM1n9xWPQ3HJjAcC85o8DopWFP5p2WxGTaZ3fPB,6qG7GUhER8Cg9gDEgnebph9LdS6eu2eoWcA4R7z9uizK,4QV4CwRXVMY227KkFF9voNAfwWHVvVajXSXDKbUHkWZR,0.010256000000000001,0.4334600000000002,0.00965956076123668,0.9418448480144969,3.8638243044946726e-06,0.021618146825870193,0.108884,24.413567,0.6303279103804298
Sid7E679i9ABqptiAVhkmQ27YHN8vaYT4fppPwmxFsJ,GP7KB8o1bv527HG8kTzzzf4wJ5aEGHvcMQvVhLziUfmT,9gYxhAZ1M9wu5pxr8SBoa5NDm21gi3s9vMHaYTME77sa,480.7331610000074,1413.2862549999973,3.4449956455378503,0.007166128582375446,0.00137799825821514,0.018866746602556456,135588.726404,8827.166499,1138.1861612867972
JSoLLrxK5bYdHwTEWYaGgmeycBCNXKDiBCTw5hXGBg7,xG4wXczA7Dk4hccJ61CHKpDHW4NrNfQwgmWgkb9BuF2,BVR6WgfhsRr9Lob4QDnkEAiNGgAbv7ZieKcY9kSg3QYR,3.416528993999851,2.896026159999984,714.1850163519807,209.038183959873,0.2856740065407923,178.70334993725726,17.015048802,164.737472209,32995.93304550281
MATgk4zXLXtYkwBH678J1xZbRDZ45LicNzkRBHkxTuY,y8dALFo1bJrSzPYjMX14HJX448pXqYmrfXHD1K8MXih,GN7Yuet3UyiWS5YVkEHv6oQKi4HGBJc3XDPt9zQhAqZz,1330.9197760000006,1329.3523169999999,1334.2366884073815,1.0024921955982573,0.5336946753629527,1.0,2947.487467,5130.597526,8085.4307082911755
7oAd7xG4m3oC2qeWB1szghTebAZyyGPAFDJ4wwwbRSNi,D9yh4KAysxt9GLacVe4Wwh2XqghhcjTCSTV9HuM7TBJd,HDYfJLpZKaMFb84jM4mRytn7XLR8UFZUnQpSfhJJaNEy,22.332587543001864,0.5098649999999907,22.331749544100223,0.9999624764080728,0.00893269981764009,0.02286084262247073,957.467941799,300002.607269457,7815.744405280619
7dwD9TF6uikvHXxPFK9AsSim54yJoujQjY9vU6gNFumk,CquVr6atkvwueDYficKjn6SSEWq4F4rH4VSiBbW4GBWU,8BCa6ge3b7ho3TfZuM64Vk1hgbrJ3J7EPiAb9uP86CGd,0.0010312839999999995,0.0010387109999999999,0.21842818646300324,211.80216745630045,8.73712745852013e-05,209.06562925513887,0.002926164,0.004590734,1.5795325699855587
MiMUFdSLMyCLpqpH6zkqdDrGYs7XBomwENbivdYjv9V,,,0.018226069999999983,0.012538942999999997,0.0,0.0,0.0,209.06562925513887,0.002926164,0.004590734,0.9597646924529607
KEVpg4SYCVrqFxKijQH6hm4QxsRdoE51ud64bEEFUC9,2bPenuBYfqzD8p5dFjCcggwkHDsc2RQDnx9AoyYGUBjA,AE6n6iLuX8oYu61vt5hoDYkjswpnxFxrhSehxrnQTnbx,1995.3595126340006,1997.2934633180002,1992.3537580986142,0.9984936275812178,0.7969415032394457,0.9999678570332036,5202.475380095,2324.997913939,7519.561696281282
C98Sspw7XqnMsgxea3SLQVdbMDL8pKUc3RE82UvX9eq2,CSqgQJurPCzGxb4Cgwx5R61hWQUiaoUHcShNc8r1cKEL,6S2CR5EnukPhC914XkAns8m5GixjMAoUuZMsS5ubHuWc,115.31547499999999,115.25921099999971,0.0,0.0,0.0,1.0,859.189968,904.774739,904.774739
TETFuZgEmET6d9vYmz9iMFCxK1jKdKYxf3oPz8hSzJK,Eu1Ze6Z84LWNkq7SNoAHBJbXx5t1P95EwyqYohrfCRFV,ASMbv7WNu3qe4pkhREmvyEdwFNDZQ6B6iSrjkj4u8bdC,6.275800535000002,6.2493268959999995,6.275845281776861,1.0000071300508373,0.0025103381127107444,0.9966313859156053,43.736788578,207.87222992,250.90908902206297
SoNcU2iwHMw6dGzsYNQkYFkUjwN1UdAjrWVRnStrZu2,8ivTTid27jZnYNc4w3CTA1Z6QS2twsFb8WMwUabeDJgc,CyXm53PMvHCbeXJBykU46Rcbo28xk5srhMZFg7gv6EYB,9.27342851200001,9.246362703999996,1969.0873123423157,212.33649558998334,0.7876349249369263,204.52628950246321,15.15652686,19.547659336,7216.294031218118
KZMu9QBEdL97EFgamLbN5DE1AoKBG4HdrKKJo4Vuon3,DD4ACBWyVqdaKWh7v5btsgqQCCMwbKnuL2xd9pv7Gyuw,GcYqiJ1MAuYbNTNYXm1F1gQYTfTgkErACAhNU5dpVj9T,54.93110806000027,54.72661642000003,55.18330403694472,1.0045911321626533,0.022073321614777888,1.0,1383.50713815,1704.84781702,3094.706819289221
daob129AwBGn9Y5r91uLoWZeYiGzbPmksauMhFZKTze,6VW5GQNyj4LStgmxEHLr5zUfW92vQnmbw8jTnCH7a38F,4VPCCUifPeBA1c7HWK358CHn2nyjm8pdTRk6Ps3KmnMQ,14.774750232999963,13.130292699000009,2555.9339900507985,172.99338058128544,1.0223735960203195,178.17651305713125,48.122132286,224.343302057,48297.517633173964
SoN9GaFpSXfpyR5dth3x7PHPVhvJMpQqqDJfCSmPv1t,9kZ9iS68ViMPtoeqtnhAKuF2iqVyfHPdZHoUNdwCELr,BBhm5fJLjw3HRzjtKB8uMEYjGhY6EDm9co3cqpjrSzB9,5.585257364000002,5.761387869000001,1198.7748300222063,214.63197698801795,0.47950993200888253,208.41135733523572,0.84711797,1.417307746,477.20163574878006
wrmcMSHFi3sWpAEy4rGDvQb3ezh3PhXoV2xNjgLBkKU,8p4mGnARWPBu6P2Gcw4adodLkNDorrXniZMhaY7eJXUn,AyY89zccbsgp9LKFgH4CFZMJmpSgqmPSdTfukhP227rc,0.008582299999999043,0.061150329999998324,3.356394211966775,391.0833007430583,0.00134255768478671,3120.3195207189215,26.97263021,0.1082104,10886.196275713533
AUSejoEUCh2DBs9mof6BNC8Pubs22w4cJa1ccV9h44R,4xkyD7AfGQDwsQMy9MosRRNGoVJ1zosNinesxg1TzHG7,Cbm5gsQe3nSiCsFrvepVzMCD9xLK3ri9g3ypS2hdmVJ7,1782.5923359999997,1783.3389070000012,1779.2349197065137,0.9981165540624841,0.17792349197065138,1.0,15069.135057,13809.74964,28850.502795795015
vEnkoSUkpnbRrPgBz9DfcVxNz67zjwMYBZraAvDDNSf,DtfyjjsZ5yCjWKLKHvwsfXs5QVsmm1QkK6Sh9JZHoq1g,e5wrKCRv4GhHvEf1VD5Pq2KGaZDXP77nTL612Jyrxwy,2857.663576000001,2858.08351,2844.352008599754,0.9953418003742485,0.28443520085997537,0.9910567043003933,997.447771,952.225793,1936.5112163268295
RoBgmK8CvjdHvPrqdDyVw54VwjZv2TqJ493xnqJAQHx,ExiHJxM7qPAcy27NDHAF6G7vnW7muNHi2sVJpnaNynGQ,6rkPHSqZb7StM4HwS9EuVrmfkV7tRdc7dnsFhyB6cefE,0.9596419999999988,53.05563499999971,0.0,0.0,0.0,0.9257202103236317,6236.1915,19.476073,18.029394393838405
YakoMPuYrybnr9R7VC7hVGxMz94fJvPFCdZ4gmW61Ed,,,0.020828999999999986,0.020782999999999996,0.0,0.0,0.0,0.9257202103236317,6236.1915,19.476073,18.029394393838405
RajgMbScQbqqrdJfR2rxfHJiTiY5b6bJ2tTXiF4aPxy,725ZA3fhyBAKb5iopNRrcbSuQa3LXA1656Q3mBvYPxeg,GLA6i1dSZpUfk2f9Nj8uiG7xyDdAR2reff8oEiZH3617,18762.17708220998,18751.70521971998,18774.798252587298,1.0006726922106117,7.50991930103492,1.0,73724.38386168,110233.49866686,184007.47634729592
BUSDgu5JdqP1rndBvXvanbEufS94FNh1w5FJcAj6vawb,Bgzr8cWubt89JQFXndVjtdKmDbGzuPxNhvjH1EhWCwbo,Dxaf8xPBBQsasRKW5Aa4Sw2YrbfGofY9xZueyyF23FBW,5663.068916639999,5670.6524430900035,5662.535562415375,0.9999058188709206,2.2650142249661505,1.0,7844.35404847,7280.49068287,15124.105941218815
SEQV6QiTpvTzrceiaYg9Avnwf7oc8ZALpnQMz6TyT4A,3dFMPj4r9mMmPHF32mz1gNDX7f8ftidWof7S8YiYTs1j,Fc1ED3YPeQfXQosHbd8DTaBd2AV5gHQtwiSAL5C5pUhi,1842.622670368,1843.1873042359998,1839.1386924685062,0.9981092287881176,0.7356554769874025,0.9976614814873936,3321.306256232,2226.700389689,5536.5196355825565
HEDSDjj84KS7LKhZY7ejkCACTdPen62rKhCby1wXtgxc,EnnjMSFttpCTywBrYNt1J5QQeoSVkvzPipJDa8Y7kJow,6bjVT6JN2rSvpyn9PdfLYC8wJn4LWh49jpY47fnLDXZk,4.58990451200043,4.736918554001022,4.4012354450121665,0.9588947729751277,0.0017604941780048667,0.9990608787777054,38823.889376623,9064.045406757,46283.55775916406
FrnkTEL6yZ5Aycq2TrEgu29dCrwKG4LPUZydfiwqspkc,DjvZuMZ46fxKBoBpGMPcRcos4xdTtHFxwMh69DpA2ZFY,9rvDPJLAng4uVVqnnSoEXgNDFhBZQTny9AoQioYDZbQX,35.37306111300177,29.44444611700004,7566.6826771121705,213.91088130427454,3.0266730708448684,178.08506553708497,171.180240655,1441.014900898,293240.5492067252
C2ypsDADXcCRz8HbV2zX1AXPSja7a1P3xZtRC91xGhJh,J9bYNuDpY1d1T86gLaw7DGk5D3CsUAf2tzUwxMvb6FTv,A2NGvvPrMGzsJ4jb52KEnSBVmsA7C34dV1GC7PerdgvG,10.837979217998964,10.870477622998806,1938.0085034352355,178.81640704908583,0.7752034013740943,176.4291688933498,4343.400647179,2179.018061465,1161113.643691091
BSCuChvaSj9b5HUSqgDVRzcnr2sSn7cXaamt1jbKH6hn,GnKpRj5kBVPMJfiwZtEuD9GYApLzPdW5JFuZTcyX4BTc,3dmwD9okkomV9nDwyuh4UMhKdUR13QpuKxRo89ycZB5t,1336.4763392549999,1340.6776933099998,1333.247809023316,0.9975842967534437,0.5332991236093264,0.9853983669978262,1621.235125695,1382.076417587,2979.214547694863
BSC8REUo9LpiiWUuqMuLXs2D2yJsJfGd4HdiF3wCLxk5,AZjEH1zWVx1UJ6udMyRijGTzPteuLnaY18yNNmprJEsh,Caf8ypkSVR8xYnXNhjvfvdGCC7mrM3C11rz8Xi6NA6aK,7159.285166863001,7180.775337924,7149.304694613493,0.9986059401159625,2.8597218778453968,0.9999671080819139,3503.488631975,2713.550595841,6212.065900976061
oKQqupM9E7SSLAFDLxr7mdsXP7znck9qRbVWc6Yyj7Q,CMR2J7CwfW98RpvnJmFBgRFTLAd3x8CJ1SWs8Bt3uunG,FmRb5jHfSNj1YWP3b45d9vvYuhwjp4om8bALmtqZpr1v,376.63712561999955,371.5016343799998,381.2558032983611,1.0122629378895098,0.15250232131934444,1.0,2176.16186001,3720.4519216,5923.299919336823
BUSD5rCfUDpCxKGMvYU2yThChxgHoioK74PTPociGnv2,CcFHbafgYDZ8yA8Me1PdtDiVb2eeaS61LbqyKKK5CsNZ,26R9s4nmF3CFDTkiePDwRmtscn8i7r2eygbSijditJ58,21.576881990000004,21.560971369999997,21.56088122882247,0.9992584303336808,0.0021560881228822474,1.0,80.34389143,67.68113763,147.96544846724146
Cob4usZcpHEY7Qt4ZCwj6WVg9S44zvzYV2v9qYF65dTf,NhFM9UXE48PyNAyeyPYA3iXztqKVJwA4bTdLj4ysM8w,6TuFuynuBoeskxyR2cz4wxyidk8dpDK7kAWw3UkjQGx,10.137142000000011,1422.9743810000218,0.07322993933753506,0.00722392360070866,2.9291975735014028e-05,1.0,74082.892854,162.91343,698.0825880967816
heyk4SZTeCUV6a65WiVA5bzic3KcxgVf1qxobfeV4tQ,9ZDpBKPqMABtGfq66FbVribaArMvtk63xxy91onZAtDt,DaTP4s6N7xxSPinbNZ3FB52EpRDRt87QShTuN3VPCW52,59.97735203999787,51.92050748900101,12174.012033683164,202.9768174087533,4.869604813473266,178.2805765451221,620.202230255,4480.401217875,924655.1871231929
KwnjUuZhTMTSGAaavkLEmSyfobY16JNH4poL9oeeEvE,J63v6qEZmQpDqCD8bd4PXu2Pq5ZbyXrFcSa3Xt1HdAPQ,BnKQtTdLw9qPCDgZkWX3sURkBAoKCUYL1yahh6Mw7mRK,208.26483600000233,8872.833557000013,4.427644390983478,0.021259682988363088,0.0004427644390983478,1.0,276771.555832,591.5624,6475.637937184354
DA1mL7dfBow33EH5yjUuZE6SH2KeUK5zEXzsyhE5r5j5,B4UtLRZND3D83CitRCBUyeiNr7H8m7YFRqBmiPmXjhW4,AAmpYbuixWiSqDaJBCqYEs1pb5SrbdPr9mgXrB58Q2e,1.6668111150000868,1.674766112000043,1.6601626004082157,0.9960112369469826,0.0006640650401632864,0.9999670880832299,2019.922910104,988.301801988,3000.135191311583
AURHmCnNwiW4uA2Qj1XvEh4iKgRUZYXtiY7FKAapUV5Y,BKWm4TRnTeKwfWXRyuzjRHU7iZDkPuXBX5b5V5jSVfGJ,A5Ww74HVrkj9nPeC7pHKLfgeDMEhBCpW1efQdz3TGLEg,0.45295279599986316,0.404811173999974,89.91973995595322,198.5190084928417,0.035967895982381294,177.59519413197063,290.086693037,1795.110660836,376390.7489782121
BSCNHw8CmxbZ8hCWWzMf5FaG2ajPT6JxfznKUNuRVrn4,7n9kgNL633yGzCYksgnzHyjG73ZLBAwvEae5sbAekbzW,SscdxE99omdG9AiMVwmaEMQySQnCgeAh1sPj2Leutm2,1244.0743912730004,1242.6704668480006,1247.0189759338539,1.0023668879301024,0.4988075903735416,0.9999680880184071,5007.749994307,6697.869297467,11717.258332510763
4vezWG46exH6pf9nry3n1VJ7hZHvjBJNgNeF4qEFCML5,,,0.15200199999999953,0.15007799999999882,0.0,0.0,0.0,0.9999680880184071,5007.749994307,6697.869297467,6697.655555185268
BUSDTd9WiT6uBHJRgNvFXBsA7JrifsAtWzKfioN7ERcy,DyBxrn7gSc1EwnpWhDyhzvMHPtxpmBqRqotapLcKcfTM,Cds99GeBgoCpqBsoRWu1C6fF9LiUMd4pXQQD24s9LPff,587.0569016999999,582.3020731699997,588.1884881228751,1.001927558333099,0.05881884881228751,0.9965946361283494,96.75622132,127.62813324,224.13623758674282
B2izdXFYb2sNwbWWHmh75T4aQFtfXsUxem9u2p61HGzf,4DYwgJtxwuJdAjkj5RJSNH4e7U329V5cNp7d3a1nLrZv,EXNW64GEf1ACC6xY9BtKRiunrs6GoJSXBdxWN2eTPmrF,5041.24402100002,4970.087626999995,5062.669237211901,1.0042499859405003,0.5062669237211902,1.0,8746.029742,31011.379034,39794.5792794387
YAkoNb6HKmSxQN9L8hiBE5tPJRsniSSMzND1boHmZxe,CfWX7o2TswwbxusJ4hCaPobu2jLCb1hfXuXJQjVq3jQF,EnTrdMMpdhugeH6Ban6gYZWXughWxKtVGfCwFn78ZmY3,6222690.502094011,6223028.174041991,6222690.502094011,1.0,622.2690502094011,0.9963225733816482,750729.316356,745202.700201,1493191.588311213
STK75uPSyBnEhGTTzb1nwmP3n427XoXmfRhXxxhyady,6TYyD5fUmDe6N65avW1Ny2RxzRNobw2RRgKwH9CTzSAU,54zDfk4cx2vGrEajPtodWpArNe5eUurytyxd4X3aZAxK,757.3315988170007,856.1247214840015,134572.038404472,177.6923590864054,13.4572038404472,200.77349998604626,1753.746807316,304.52296289,372767.5485177779
