0,1,2,3,4,5,6,7,8,9,10,11
MATSnbbiTCv7Dc3trJrkrqjx7ckKdr6fwPoVwv9q3sD,631WX9JizSHJm4w6VanZeJAst9T8DeUUnPLesdGkCVtK,211maUSfpnXbPuW1iBu8b4dtJv5EbN1j7JJiEX5TZKEP,572.9456079999982,572.5384270000031,572.5299512553868,0.9992745266936204,0.22901198050215468,0.9988233860512318,20112.885712,25453.363676,45521.70924355743
BSCNHw8CmxbZ8hCWWzMf5FaG2ajPT6JxfznKUNuRVrn4,7n9kgNL633yGzCYksgnzHyjG73ZLBAwvEae5sbAekbzW,SscdxE99omdG9AiMVwmaEMQySQnCgeAh1sPj2Leutm2,583.079936619999,581.5667074529993,584.6179026288027,1.0026376589421322,0.23384716105152106,0.9997363725177761,4903.576766191,6801.625462217,11716.343096118142
C98Sspw7XqnMsgxea3SLQVdbMDL8pKUc3RE82UvX9eq2,CSqgQJurPCzGxb4Cgwx5R61hWQUiaoUHcShNc8r1cKEL,6S2CR5EnukPhC914XkAns8m5GixjMAoUuZMsS5ubHuWc,10.399130999999898,10.402347999999847,0.0,0.0,0.0,1.0,892.861368,871.034118,871.034118
GokA1R67GqSavkd15zR62QD68Tuc5AEfvjssntVDEbM8,3YB7hfpBdbQEuZqLGWVDpRPmeZWCUsrrWyqGXegnQ6Cg,4DPCj6Z1DsG6HUtwSogBGqXEUxdEV5a8YVrrFtcnz7UW,8932.891901000006,8932.309614000002,8934.383943118508,1.0001670278936583,0.8934383943118508,1.0,14263.553536,18162.676268,32428.612215303197
KEVpg4SYCVrqFxKijQH6hm4QxsRdoE51ud64bEEFUC9,2bPenuBYfqzD8p5dFjCcggwkHDsc2RQDnx9AoyYGUBjA,AE6n6iLuX8oYu61vt5hoDYkjswpnxFxrhSehxrnQTnbx,2212.510543144,2211.364982577,2212.022758945311,0.9997795336161446,0.8848091035781246,0.99973692822497,3745.257889812,3779.741642644,7523.179485649342
JSoLLrxK5bYdHwTEWYaGgmeycBCNXKDiBCTw5hXGBg7,xG4wXczA7Dk4hccJ61CHKpDHW4NrNfQwgmWgkb9BuF2,BVR6WgfhsRr9Lob4QDnkEAiNGgAbv7ZieKcY9kSg3QYR,2.1207031919999153,1.8067821729999736,425.34803132169276,200.56933611750313,0.17013921252867711,170.60208718005498,16.986800719,164.769130463,31516.98890280074
Lid8SLUxQ9RmF7XMqUA8c24RitTwzja8VSKngJxRcUa,4PgzyzLtds9bKZ2to9PMnKqJzKEUpjvNUaeN23phegax,AtymwxoVN9peZo7EXTcDz9jKVc4vRmisJKKrNfe3ewBa,42.41366452999864,35.82552585500025,8572.353432191923,202.1130106814705,0.8572353432191923,170.60208718005498,960.755957738,7658.779218304,1500784.999042479
AUSejoEUCh2DBs9mof6BNC8Pubs22w4cJa1ccV9h44R,4xkyD7AfGQDwsQMy9MosRRNGoVJ1zosNinesxg1TzHG7,Cbm5gsQe3nSiCsFrvepVzMCD9xLK3ri9g3ypS2hdmVJ7,1206.414178000001,1204.8418839999995,1206.2079164462887,0.9998290292360007,0.12062079164462887,1.0,14527.822363,14350.204967,28875.54349711135
AURHmCnNwiW4uA2Qj1XvEh4iKgRUZYXtiY7FKAapUV5Y,BKWm4TRnTeKwfWXRyuzjRHU7iZDkPuXBX5b5V5jSVfGJ,A5Ww74HVrkj9nPeC7pHKLfgeDMEhBCpW1efQdz3TGLEg,0.005294287999959124,0.004732710999974188,1.0087245929566357,190.5307367042412,0.0004034898371826543,170.8733988735342,290.130493989,1795.061460677,362007.0297328596
BUSDgu5JdqP1rndBvXvanbEufS94FNh1w5FJcAj6vawb,Bgzr8cWubt89JQFXndVjtdKmDbGzuPxNhvjH1EhWCwbo,Dxaf8xPBBQsasRKW5Aa4Sw2YrbfGofY9xZueyyF23FBW,2733.0950275900013,2738.968552719998,2727.658231925545,0.9980107549830602,1.091063292770218,1.0,8845.31658566,6269.68050508,15097.401588798723
KwnjUuZhTMTSGAaavkLEmSyfobY16JNH4poL9oeeEvE,J63v6qEZmQpDqCD8bd4PXu2Pq5ZbyXrFcSa3Xt1HdAPQ,BnKQtTdLw9qPCDgZkWX3sURkBAoKCUYL1yahh6Mw7mRK,258.43040600002996,9131.94192699989,5.76751906550113,0.02231749411677379,0.000576751906550113,1.0,276122.641691,606.053932,6768.41936344693
SoNcU2iwHMw6dGzsYNQkYFkUjwN1UdAjrWVRnStrZu2,8ivTTid27jZnYNc4w3CTA1Z6QS2twsFb8WMwUabeDJgc,CyXm53PMvHCbeXJBykU46Rcbo28xk5srhMZFg7gv6EYB,1.1500301509999993,1.1400173630000001,233.27969075632146,202.8465867207699,0.09331187630252857,200.98632026808357,15.371328562,19.326885639,7002.4611589898595
7oAd7xG4m3oC2qeWB1szghTebAZyyGPAFDJ4wwwbRSNi,D9yh4KAysxt9GLacVe4Wwh2XqghhcjTCSTV9HuM7TBJd,HDYfJLpZKaMFb84jM4mRytn7XLR8UFZUnQpSfhJJaNEy,0.180014179000068,7.918172976002097,0.1799665425761143,0.9997353740454318,7.198661703044572e-05,0.022768616479916647,955.224689799,300101.017633752,7787.856888289238
FrnkTEL6yZ5Aycq2TrEgu29dCrwKG4LPUZydfiwqspkc,DjvZuMZ46fxKBoBpGMPcRcos4xdTtHFxwMh69DpA2ZFY,9rvDPJLAng4uVVqnnSoEXgNDFhBZQTny9AoQioYDZbQX,128.11275148499726,106.89606067500011,26269.946867604704,205.05333437227023,10.507978747041882,170.69652717915454,171.616916146,1440.470384329,281073.9129998059
MARpDPs5A7XiyCWPNH8GsMWPLxmwNn9SBmKvPa9LzgA,6YjT74rmcfCpw8LSjPNx5JTmZoYLGrTKnf9arfSgZ4SR,F8GSmi3vA8M8TsybLya1LQ4n1aFHCRbZ6k437PeTdXtg,15735.64123699999,16497.032989999803,14911.893337161833,0.9476508209972887,5.964757334864733,1.0,296800.566522,15418.238083,296681.5386200337
moFiBS1R4Lf3E3zzmBPnw3NF4RhWPkhREFviuzUaCAU,44ALBrpqi9PfZkBRTvbtRNtFJGsatfY4QydjtMbFWq8S,2ho8qEEie1UjVwWNBo9y4oAJZMyMLx8zPj9bxyUz6uWs,109.07514978700056,108.97508764400118,109.17344420666548,1.0009011623624342,0.0436693776826662,0.9997353740454318,28136.839051755,36284.527909303,64437.120993575256
7dwD9TF6uikvHXxPFK9AsSim54yJoujQjY9vU6gNFumk,CquVr6atkvwueDYficKjn6SSEWq4F4rH4VSiBbW4GBWU,8BCa6ge3b7ho3TfZuM64Vk1hgbrJ3J7EPiAb9uP86CGd,4.328600000000002e-05,4.3464999999999476e-05,0.008787240616434494,203.0042188336758,3.5148962465737976e-06,203.65918531438055,0.003957448,0.003552023,1.5267807502128345
Lee1XZJfJ9Hm2K1qTyeCz1LXNc1YBZaKZszvNY4KCDw,9DgFSWkPDGijNKcLGbr3p5xoJbHsPgXUTr6QvGBJ5vGN,2hNHZg7XBhuhHVZ3JDEi4buq2fPQwuWBdQ9xkH7t1GQX,1245.158633550972,1048.4147394600086,253415.25307483223,203.52045614632797,25.341525307483224,170.63571016364307,6679.261983978,53931.622324793,10562027.121368472
BSCuChvaSj9b5HUSqgDVRzcnr2sSn7cXaamt1jbKH6hn,GnKpRj5kBVPMJfiwZtEuD9GYApLzPdW5JFuZTcyX4BTc,3dmwD9okkomV9nDwyuh4UMhKdUR13QpuKxRo89ycZB5t,1595.780821745,1597.256476956,1592.6936955913668,0.9980654447580982,0.6370774782365468,0.9957431978292798,1762.03742056,1240.90027092,2994.246665784729
B2izdXFYb2sNwbWWHmh75T4aQFtfXsUxem9u2p61HGzf,4DYwgJtxwuJdAjkj5RJSNH4e7U329V5cNp7d3a1nLrZv,EXNW64GEf1ACC6xY9BtKRiunrs6GoJSXBdxWN2eTPmrF,6464.402010999995,6376.225751999995,6522.629524767595,1.0090074091414054,0.6522629524767596,1.0,9236.15633,30513.232775,39832.58294395829
KEN5P7p3asnb23Sw6yAmJRGvijfAzso3RqfyLAQhznt,9zj4aX38Uxf3h6AUjS4EipWS8mwbEofasHAf3a1uKGds,CwQDG1MWunn9cLNwcZLd8YBacweSR7ARo32w4mLua1Yr,124216.61716699973,124219.90348999808,123697.70529329436,0.9958225245096819,12.369770529329436,1.0,1140468.168991,1098206.0107,2233909.9018675517
BUSDTd9WiT6uBHJRgNvFXBsA7JrifsAtWzKfioN7ERcy,DyBxrn7gSc1EwnpWhDyhzvMHPtxpmBqRqotapLcKcfTM,Cds99GeBgoCpqBsoRWu1C6fF9LiUMd4pXQQD24s9LPff,233.99997822,233.96885924999995,233.13835016821534,0.9963178284958019,0.023313835016821535,0.9980647524450093,109.26006766,64.92015482,173.65227160143058
parEAJhzYzHW87y9VoZAQ22dzQ2MD2ekEtTReaxbMcz,3oyc6hpjYSJEquK6dSvG72NXyz3pqLZz5D8AC71pwgQb,Di2vordgFJVZ1aj1aBpvzXtLfZgJsuLLXawGtVFwX6Rz,2.8459433819999447,3.356509749999759,468.35718261256756,164.57009846887271,0.18734287304502703,194.65061188419844,1103.848491277,139.479645638,208810.25327300036
wrmcMSHFi3sWpAEy4rGDvQb3ezh3PhXoV2xNjgLBkKU,8p4mGnARWPBu6P2Gcw4adodLkNDorrXniZMhaY7eJXUn,AyY89zccbsgp9LKFgH4CFZMJmpSgqmPSdTfukhP227rc,0.005576480000000009,0.04663062999999923,2.073811825957608,371.8854592785422,0.0008295247303830433,3116.0413810295404,26.99582627,0.10536377,10367.673118403964
CZgvH45CRmoaNJ7395Ao5CQZXkGznvqU7cErD6n7FaRg,4ZjU6MKvtqVQKCiowhvZ5yUsPxXX5SCzd5eFsPeXyey5,BsyWeshjDbCvjDojry3vKDCesmFRM37WtwcR4Kfgzqr,7.774864210000004,7.967801000000009,7.977082697998477,1.026009262996308,0.003190833079199391,1.0,228.74426107,576.08989175,810.7836224650657
ACUSESXyNnwRLAg1dpSGMLSzUDdLjUMybY8rkXiAKhCP,AhFPQdu8GKBsxuhiH46UmCu1YpaLgNpoP325HnYtsgas,A8wxWpT3aFEr2XqZp1kDmbxbFfcBE95UUmdsNTDBJYbT,409.696043249,409.859189042,409.6699837316648,0.9999363930461018,0.16386799349266593,0.9878780985494249,1045.506892269,1840.979146512,2864.1033694857206
Cob4usZcpHEY7Qt4ZCwj6WVg9S44zvzYV2v9qYF65dTf,NhFM9UXE48PyNAyeyPYA3iXztqKVJwA4bTdLj4ysM8w,6TuFuynuBoeskxyR2cz4wxyidk8dpDK7kAWw3UkjQGx,11.587827999999973,1549.4809369999857,0.08590280533014487,0.00741319299269415,3.436112213205795e-05,1.0,73732.279366,165.460572,712.0521887313987
SoN9GaFpSXfpyR5dth3x7PHPVhvJMpQqqDJfCSmPv1t,9kZ9iS68ViMPtoeqtnhAKuF2iqVyfHPdZHoUNdwCELr,BBhm5fJLjw3HRzjtKB8uMEYjGhY6EDm9co3cqpjrSzB9,0.21381156500000031,0.2096144510000002,44.00981522229113,205.8345872090271,0.017603926088916453,201.12177682240466,0.868523648,1.394357705,459.2079057229687
heyk4SZTeCUV6a65WiVA5bzic3KcxgVf1qxobfeV4tQ,9ZDpBKPqMABtGfq66FbVribaArMvtk63xxy91onZAtDt,DaTP4s6N7xxSPinbNZ3FB52EpRDRt87QShTuN3VPCW52,47.87119180899799,41.51215682300028,9462.96711666162,197.67561155398135,3.785186846664649,171.16033872631036,616.971505642,4484.102593849,889460.7385358848
ALLwa5WNZbvQsRKAqe1jdRGemdYQnW8E5k4msbRFcYtu,CGoM82Hbz7QVqTgvQatYtjvDWBvoUJp5qm21P8iMs9yb,3dxNNww8TivyN5FMy5dCNdi3Zcxv6e4kUfSPxfFwpdNq,3.6844168919999953,3.656275363999999,11465.432992064714,3111.871790882216,4.586173196825886,3095.639791353878,1.27665676,7.409563485,26910.1317188118
NorjjEePhxfwLF4vZjUHCrVVKLzQjEEGQFd3wgjEJmh,34M8pFVqgbV7aqHxvRT5tCv3vu2P1JJYT8J3VaxBK2oG,3AZWBSze3ucsY3xSeuLne3b2pauVqiaJ1SZSV5T9WGWw,135.48299300000008,237.68531300000905,76.77604026176269,0.5666839694171995,0.03071041610470508,1.0,38234.087171,2132.435082,23799.0793671055
ercAoEmXjQzEvAFbdjAo81KtMxRGn9AW1ju882upmPH,CMRhskR2Eg6V42RTSdRTXGdozyPbWB8U9dVpijPWb9T4,7TKLLgrWswt6ZJ1pXhVR3FyufHGjJFqiEXxvWJfDcgRm,2.5258922980000023,2.29166591300001,431.4949936930033,170.82873804028003,0.1725979974772013,150.25237139561466,37.700287063,323.912540228,55108.91975676302
YAkoNb6HKmSxQN9L8hiBE5tPJRsniSSMzND1boHmZxe,CfWX7o2TswwbxusJ4hCaPobu2jLCb1hfXuXJQjVq3jQF,EnTrdMMpdhugeH6Ban6gYZWXughWxKtVGfCwFn78ZmY3,5343035.313370988,5344584.6528489925,5343035.313370988,1.0,534.3035313370988,0.9987924599159616,1039014.818084,451482.23835,1489951.873533961
MATgk4zXLXtYkwBH678J1xZbRDZ45LicNzkRBHkxTuY,y8dALFo1bJrSzPYjMX14HJX448pXqYmrfXHD1K8MXih,GN7Yuet3UyiWS5YVkEHv6oQKi4HGBJc3XDPt9zQhAqZz,2349.7513240000007,2345.4807329999994,2354.2738841314167,1.001924697343597,0.9417095536525668,1.0,3192.206962,4883.47974,8081.830734259973
KZMu9QBEdL97EFgamLbN5DE1AoKBG4HdrKKJo4Vuon3,DD4ACBWyVqdaKWh7v5btsgqQCCMwbKnuL2xd9pv7Gyuw,GcYqiJ1MAuYbNTNYXm1F1gQYTfTgkErACAhNU5dpVj9T,22.39526773999978,22.496880709999914,21.198112798925578,0.9465442898485207,0.008479245119570232,1.0,2385.65573396,714.23936332,2972.3681758442194
STK75uPSyBnEhGTTzb1nwmP3n427XoXmfRhXxxhyady,6TYyD5fUmDe6N65avW1Ny2RxzRNobw2RRgKwH9CTzSAU,54zDfk4cx2vGrEajPtodWpArNe5eUurytyxd4X3aZAxK,607.8242565289972,686.098002644,103917.60516390685,170.96653193364173,10.391760516390686,193.3077252146151,1808.449916155,314.622931586,370003.45354594867
HEDSDjj84KS7LKhZY7ejkCACTdPen62rKhCby1wXtgxc,EnnjMSFttpCTywBrYNt1J5QQeoSVkvzPipJDa8Y7kJow,6bjVT6JN2rSvpyn9PdfLYC8wJn4LWh49jpY47fnLDXZk,4.680338289997962,4.765223775997583,4.534927205109365,0.9689315011268853,0.001813970882043746,0.9997353770438441,38835.45774918,9052.835039598,46679.33782549093
BSCrK1Nx9PXU9mF7STWWBqeHLxmtJDr9h7jheEy4tAWX,FfSySSbVJPvEo5a5AvrP3nySoXpRE2QPn1uUMpJJ1x7v,HL7Vcj6838ZmvBHDbQxXfjBNckNi83WvPiZQoMQLFeRM,0.34083981900000027,0.3403022579999997,1063.2703566905218,3119.5602667847943,0.42530814267620876,3113.518899059717,0.838420608,0.966032358,5623.263619306572
SAMyS8Jr2HJrkFwYVKbpUwsNStnQmvz3f8Tup8bWUWF,6jPzm5TFfquvgm25sTyN3MMGBfufRaFHMxobDWv6hMFW,Cj9ECoDmxsHTDzCY5ZA6RWrPbg9uFzEC1Qc2kso2vJG6,430.69601651000266,10.281836150000004,407.6728550880472,0.9465442898485207,0.16306914203521888,0.022870594949024534,515.06683243,107452.00477407,2945.0248467753863
BSC8REUo9LpiiWUuqMuLXs2D2yJsJfGd4HdiF3wCLxk5,AZjEH1zWVx1UJ6udMyRijGTzPteuLnaY18yNNmprJEsh,Caf8ypkSVR8xYnXNhjvfvdGCC7mrM3C11rz8Xi6NA6aK,2384.105364212,2386.487179821,2382.652877573955,0.999390762396726,0.953061151029582,0.9997293772564941,3333.627119449,2878.560098568,6209.377243189317
oKQqupM9E7SSLAFDLxr7mdsXP7znck9qRbVWc6Yyj7Q,CMR2J7CwfW98RpvnJmFBgRFTLAd3x8CJ1SWs8Bt3uunG,FmRb5jHfSNj1YWP3b45d9vvYuhwjp4om8bALmtqZpr1v,473.29990818999977,466.88436657999955,479.1034269405241,1.0122618209936238,0.19164137077620969,1.0,2176.16186239,3720.30118522,5923.146754819778
YakoMPuYrybnr9R7VC7hVGxMz94fJvPFCdZ4gmW61Ed,,,0.1573690000000001,0.15769999999999995,0.0,0.0,0.0,1.0,2176.16186239,3720.30118522,3720.30118522
daob129AwBGn9Y5r91uLoWZeYiGzbPmksauMhFZKTze,6VW5GQNyj4LStgmxEHLr5zUfW92vQnmbw8jTnCH7a38F,4VPCCUifPeBA1c7HWK358CHn2nyjm8pdTRk6Ps3KmnMQ,8.622749560999978,7.705366732000002,1649.4094168078952,191.28578478818926,0.6597637667231581,170.8692237018168,48.291246152,224.139725338,47536.00978782744
WiiQFxXqp8P9Fs1rt9SVcDyA3KUdJmUsog6wnVQAwba,3S2jpqSYxho6wiz3cafhjXruVY8cg4HYa2v3BqBHYFSj,Dfe67M6TfrG74gKRtdqys4e6E9QirPD53BkF4FujFjuv,5708.6949153219975,5695.700317743999,5716.753204905607,1.0014115817543483,0.5716753204905607,0.9997363775151402,7299.193999076,19525.620354299,26829.970369889317
BerKDkt6v49dT1bHRedgnpsJS263C1DSJtEGvY9Mg35V,78XKqNb8wbfsMMrvo8WPUpdx7GEkfQutpNVH943aCGFa,DKYQwn4nDvFHCszi5tXbqfVMAP7DaXXp1KGTXEnYnKVH,268.4959405540003,267.89515474400014,269.0203796428913,1.0019532477392727,0.10760815185715654,0.9997363775151402,1337.244815495,1688.072572841,3027.484344862444
RajgMbScQbqqrdJfR2rxfHJiTiY5b6bJ2tTXiF4aPxy,725ZA3fhyBAKb5iopNRrcbSuQa3LXA1656Q3mBvYPxeg,GLA6i1dSZpUfk2f9Nj8uiG7xyDdAR2reff8oEiZH3617,1907.9394192400068,1907.285415129998,1907.460932665048,0.9997492129099416,0.7629843730660192,1.0,83353.86776607,100589.87927874,183922.84297086784
Sid7E679i9ABqptiAVhkmQ27YHN8vaYT4fppPwmxFsJ,GP7KB8o1bv527HG8kTzzzf4wJ5aEGHvcMQvVhLziUfmT,9gYxhAZ1M9wu5pxr8SBoa5NDm21gi3s9vMHaYTME77sa,589.7041680000075,1456.720218999979,4.37159080598019,0.00741319299269415,0.0017486363223920757,0.022842695831002426,136078.885255,8666.457585,1206.744293172436
vEnkoSUkpnbRrPgBz9DfcVxNz67zjwMYBZraAvDDNSf,DtfyjjsZ5yCjWKLKHvwsfXs5QVsmm1QkK6Sh9JZHoq1g,e5wrKCRv4GhHvEf1VD5Pq2KGaZDXP77nTL612Jyrxwy,2826.979012000001,2828.6642279999987,2812.8248772178413,0.9949931942465514,0.2812824877217841,0.9968360424014179,1178.744021,770.486843,1940.8913339522965
C2ypsDADXcCRz8HbV2zX1AXPSja7a1P3xZtRC91xGhJh,J9bYNuDpY1d1T86gLaw7DGk5D3CsUAf2tzUwxMvb6FTv,A2NGvvPrMGzsJ4jb52KEnSBVmsA7C34dV1GC7PerdgvG,1278.3237538420005,1286.6771812219959,218117.89303736883,170.6280528557932,87.24715721494753,161.30830065092738,4194.428191986,2177.36597558,1066914.3206579746
