0,1,2,3,4,5,6,7,8,9,10,11
SEQV6QiTpvTzrceiaYg9Avnwf7oc8ZALpnQMz6TyT4A,3dFMPj4r9mMmPHF32mz1gNDX7f8ftidWof7S8YiYTs1j,Fc1ED3YPeQfXQosHbd8DTaBd2AV5gHQtwiSAL5C5pUhi,64.20033701299985,64.20193002799988,64.1511352092818,0.9992336207875655,0.02566045408371272,0.9995871704985841,2704.890636305,2853.637065402,5555.2766641844955
parEAJhzYzHW87y9VoZAQ22dzQ2MD2ekEtTReaxbMcz,3oyc6hpjYSJEquK6dSvG72NXyz3pqLZz5D8AC71pwgQb,Di2vordgFJVZ1aj1aBpvzXtLfZgJsuLLXawGtVFwX6Rz,0.562146494999979,0.6666531139999279,87.52098438250637,155.6907054672815,0.03500839375300255,183.29692139989723,1106.127852208,137.584287932,197432.60205820503
FrnkTEL6yZ5Aycq2TrEgu29dCrwKG4LPUZydfiwqspkc,DjvZuMZ46fxKBoBpGMPcRcos4xdTtHFxwMh69DpA2ZFY,9rvDPJLAng4uVVqnnSoEXgNDFhBZQTny9AoQioYDZbQX,39.263630365999916,32.523372677000054,7565.000362415929,192.67195345662157,3.0260001449663716,159.47088835012534,169.115181008,1443.866226351,262838.38205891865
heyk4SZTeCUV6a65WiVA5bzic3KcxgVf1qxobfeV4tQ,9ZDpBKPqMABtGfq66FbVribaArMvtk63xxy91onZAtDt,DaTP4s6N7xxSPinbNZ3FB52EpRDRt87QShTuN3VPCW52,17.93588771400266,15.494550437000271,3302.346218628373,184.1194743904541,1.3209384874513492,159.45921639189717,607.668234786,4495.218304462,828687.5443325965
4vezWG46exH6pf9nry3n1VJ7hZHvjBJNgNeF4qEFCML5,,,0.05163600000000024,0.052475999999998635,0.0,0.0,0.0,159.45921639189717,607.668234786,4495.218304462,716803.9883400231
Cob4usZcpHEY7Qt4ZCwj6WVg9S44zvzYV2v9qYF65dTf,NhFM9UXE48PyNAyeyPYA3iXztqKVJwA4bTdLj4ysM8w,6TuFuynuBoeskxyR2cz4wxyidk8dpDK7kAWw3UkjQGx,7.021830000000023,1004.5891720000072,0.04726077978728541,0.006730550267848304,1.8904311914914166e-05,1.0,75203.925077,155.276288,661.4400860702463
vEnkoSUkpnbRrPgBz9DfcVxNz67zjwMYBZraAvDDNSf,DtfyjjsZ5yCjWKLKHvwsfXs5QVsmm1QkK6Sh9JZHoq1g,e5wrKCRv4GhHvEf1VD5Pq2KGaZDXP77nTL612Jyrxwy,5974.893804000002,5976.930785999999,5972.4033118189745,0.9995831738165186,0.5972403311818975,0.999079847460489,5435.591267,4895.615282,10324.43613940301
MATSnbbiTCv7Dc3trJrkrqjx7ckKdr6fwPoVwv9q3sD,631WX9JizSHJm4w6VanZeJAst9T8DeUUnPLesdGkCVtK,211maUSfpnXbPuW1iBu8b4dtJv5EbN1j7JJiEX5TZKEP,13880.288250000001,13902.972270000002,13871.174888098521,0.9993434313655929,5.548469955239408,0.9992925009093563,24965.492848,20622.658807,45557.169583100884
wrmcMSHFi3sWpAEy4rGDvQb3ezh3PhXoV2xNjgLBkKU,8p4mGnARWPBu6P2Gcw4adodLkNDorrXniZMhaY7eJXUn,AyY89zccbsgp9LKFgH4CFZMJmpSgqmPSdTfukhP227rc,0.0049953199999999975,0.05206976000000196,1.5853125991748642,317.35956839098696,0.0006341250396699457,3692.6258262250285,27.17596148,0.08712727,8946.27981327337
BUSDTd9WiT6uBHJRgNvFXBsA7JrifsAtWzKfioN7ERcy,DyBxrn7gSc1EwnpWhDyhzvMHPtxpmBqRqotapLcKcfTM,Cds99GeBgoCpqBsoRWu1C6fF9LiUMd4pXQQD24s9LPff,192.18184705,191.81732386000002,192.11704981143956,0.999662833719443,0.019211704981143957,0.9995871704985841,95.75546995,90.04475348,185.7307647836697
AUSejoEUCh2DBs9mof6BNC8Pubs22w4cJa1ccV9h44R,4xkyD7AfGQDwsQMy9MosRRNGoVJ1zosNinesxg1TzHG7,Cbm5gsQe3nSiCsFrvepVzMCD9xLK3ri9g3ypS2hdmVJ7,101.88784699999633,101.67556799999875,101.97279033434484,1.0008336944674914,0.010197279033434484,1.0,14171.614056,14711.501516,28894.93036823391
ALBpShJ9NLpE739pcHDF2LNVk5J4VYPvvKuV6jMPitZi,D6d156U1bPiJpDYRLextvDRccgFk7QzkQbJg42ceKEu5,GNcM8U5g8RwTZffwwm3kSQqUNPSwv5d2fbN9sLxPJqt2,131.9785769999944,131.97059199999057,131.84251552397367,0.9989690639260285,0.052737006209589474,0.9994862640602731,53985.934888,46351.821455,100258.28769868365
BSCNHw8CmxbZ8hCWWzMf5FaG2ajPT6JxfznKUNuRVrn4,7n9kgNL633yGzCYksgnzHyjG73ZLBAwvEae5sbAekbzW,SscdxE99omdG9AiMVwmaEMQySQnCgeAh1sPj2Leutm2,7.640385435000098,7.603302999999869,7.6410487468007595,1.0000868165364567,0.0030564194987203037,1.0,5950.769690283,5759.430183252,11710.716498748761
GokA1R67GqSavkd15zR62QD68Tuc5AEfvjssntVDEbM8,3YB7hfpBdbQEuZqLGWVDpRPmeZWCUsrrWyqGXegnQ6Cg,4DPCj6Z1DsG6HUtwSogBGqXEUxdEV5a8YVrrFtcnz7UW,9858.751461,9859.345736000003,9859.155686383141,1.0000410016810688,0.9859155686383141,1.0,17104.083263,15353.192163,32457.976722166924
MATgk4zXLXtYkwBH678J1xZbRDZ45LicNzkRBHkxTuY,y8dALFo1bJrSzPYjMX14HJX448pXqYmrfXHD1K8MXih,GN7Yuet3UyiWS5YVkEHv6oQKi4HGBJc3XDPt9zQhAqZz,203.57579400000031,203.81044399999973,203.8165012880215,1.0011823964101605,0.0815266005152086,1.0,3580.018361,4505.825909,8090.077270858355
B2izdXFYb2sNwbWWHmh75T4aQFtfXsUxem9u2p61HGzf,4DYwgJtxwuJdAjkj5RJSNH4e7U329V5cNp7d3a1nLrZv,EXNW64GEf1ACC6xY9BtKRiunrs6GoJSXBdxWN2eTPmrF,2546.2948979999856,2515.794647000006,2577.044189266311,1.0120760919288956,0.2577044189266311,1.0,9736.184538,30016.308295,39870.067892517574
ALLwa5WNZbvQsRKAqe1jdRGemdYQnW8E5k4msbRFcYtu,CGoM82Hbz7QVqTgvQatYtjvDWBvoUJp5qm21P8iMs9yb,3dxNNww8TivyN5FMy5dCNdi3Zcxv6e4kUfSPxfFwpdNq,3.294708230000002,3.2864955630000003,12155.352259730686,3689.356207341819,4.862140903892274,3691.766990434632,2.439724513,6.30669454,32283.85949776687
AURHmCnNwiW4uA2Qj1XvEh4iKgRUZYXtiY7FKAapUV5Y,BKWm4TRnTeKwfWXRyuzjRHU7iZDkPuXBX5b5V5jSVfGJ,A5Ww74HVrkj9nPeC7pHKLfgeDMEhBCpW1efQdz3TGLEg,0.001735820000703825,0.0015108010000517424,0.31419404774105714,181.00612253209465,0.00012567761909642287,159.29817049237153,271.275857796,1808.20325379,337146.0613633222
STK75uPSyBnEhGTTzb1nwmP3n427XoXmfRhXxxhyady,6TYyD5fUmDe6N65avW1Ny2RxzRNobw2RRgKwH9CTzSAU,54zDfk4cx2vGrEajPtodWpArNe5eUurytyxd4X3aZAxK,170.31814396900091,192.94896110499735,27129.18631289616,159.28535669008852,2.712918631289616,180.61404440360158,1502.170362161,256.561806352,285612.40743082267
C2ypsDADXcCRz8HbV2zX1AXPSja7a1P3xZtRC91xGhJh,J9bYNuDpY1d1T86gLaw7DGk5D3CsUAf2tzUwxMvb6FTv,A2NGvvPrMGzsJ4jb52KEnSBVmsA7C34dV1GC7PerdgvG,43.06538314900047,43.51284576299963,6859.840075318267,159.2889595707099,2.743936030127307,160.50457502240644,1523.078409191,686.842858582,352850.996268525
BUSDgu5JdqP1rndBvXvanbEufS94FNh1w5FJcAj6vawb,Bgzr8cWubt89JQFXndVjtdKmDbGzuPxNhvjH1EhWCwbo,Dxaf8xPBBQsasRKW5Aa4Sw2YrbfGofY9xZueyyF23FBW,3455.5111082099957,3447.948573910003,3461.453281214258,1.0017196220235391,1.3845813124857032,1.0,6430.76144774,8745.97885038,15187.79877713366
KEN5P7p3asnb23Sw6yAmJRGvijfAzso3RqfyLAQhznt,9zj4aX38Uxf3h6AUjS4EipWS8mwbEofasHAf3a1uKGds,CwQDG1MWunn9cLNwcZLd8YBacweSR7ARo32w4mLua1Yr,48893.00498100044,48898.07289900072,48869.93837008976,0.9995282226788955,4.886993837008976,1.0,1105134.764397,1058239.003506,2162852.3903843933
SRMuKizofcAMicegrfSv7xs9q76tH1w8aAF7oX9FEWu,72Hj2KWntXPfbie4UgKeTPnm1XVkomDfCnRPKbvfTtPi,6aqJQ5wedqpUt4fFEDUqUmXhrdxCu4bEJsQdVPCADLko,0.025508000000627362,0.025508000000627362,0.0009287299523466055,0.03640935989978688,3.714919809386422e-07,0.036507266570620915,16356.346925,5533.837033,797.5493855602024
DFWzVTzNBrQZLjoQ4yQwkj9HuoXmfkuZP9V5vbymZe23,DhgiEgiNdqZdRdo195UUHnoEJUtefK8buko8nU97XJUZ,2K2kkXsouBHtWVjtcgkyiXd8eP3oVBvq1bTJzcVdLLr2,2511.8905444970005,2553.328999999998,2476.9756749945846,0.986100162851878,0.9907902699978339,1.0,44358.732148597,23654.284659933,67396.43765556734
BSCuChvaSj9b5HUSqgDVRzcnr2sSn7cXaamt1jbKH6hn,GnKpRj5kBVPMJfiwZtEuD9GYApLzPdW5JFuZTcyX4BTc,3dmwD9okkomV9nDwyuh4UMhKdUR13QpuKxRo89ycZB5t,284.2306270239999,284.1566133489998,283.762348492163,0.9983524698350071,0.11350493939686522,0.9994123455408219,1664.348381848,1343.139149666,3003.9561656392507
KwnjUuZhTMTSGAaavkLEmSyfobY16JNH4poL9oeeEvE,J63v6qEZmQpDqCD8bd4PXu2Pq5ZbyXrFcSa3Xt1HdAPQ,BnKQtTdLw9qPCDgZkWX3sURkBAoKCUYL1yahh6Mw7mRK,450.26608199999964,18682.20096699911,9.818369636671362,0.0218057056242388,0.0009818369636671361,1.0,276721.353748,593.662452,6627.766831769739
SoN9GaFpSXfpyR5dth3x7PHPVhvJMpQqqDJfCSmPv1t,9kZ9iS68ViMPtoeqtnhAKuF2iqVyfHPdZHoUNdwCELr,BBhm5fJLjw3HRzjtKB8uMEYjGhY6EDm9co3cqpjrSzB9,0.061208801999999896,0.06034097700000007,11.774023199569251,192.35833433840563,0.004709609279827701,188.23649883123957,1.929489656,3.26723969,986.1671764394077
KZMu9QBEdL97EFgamLbN5DE1AoKBG4HdrKKJo4Vuon3,DD4ACBWyVqdaKWh7v5btsgqQCCMwbKnuL2xd9pv7Gyuw,GcYqiJ1MAuYbNTNYXm1F1gQYTfTgkErACAhNU5dpVj9T,39.30155890999936,38.8912877399996,39.83680098930756,1.013618851113105,0.015934720395723027,1.0,1106.44687287,1984.87596806,3106.391376156177
C98Sspw7XqnMsgxea3SLQVdbMDL8pKUc3RE82UvX9eq2,CSqgQJurPCzGxb4Cgwx5R61hWQUiaoUHcShNc8r1cKEL,6S2CR5EnukPhC914XkAns8m5GixjMAoUuZMsS5ubHuWc,25.723316000000068,25.72230999999988,0.0,0.0,0.0,1.0,671.518411,59.511232,59.511232
Sid7E679i9ABqptiAVhkmQ27YHN8vaYT4fppPwmxFsJ,GP7KB8o1bv527HG8kTzzzf4wJ5aEGHvcMQvVhLziUfmT,9gYxhAZ1M9wu5pxr8SBoa5NDm21gi3s9vMHaYTME77sa,436.8259599999992,864.6216590000085,2.939503670345744,0.006729233011576852,0.0011758014681382976,0.021919265820328743,137394.351645,8260.903422,1105.6315447166137
WiiQFxXqp8P9Fs1rt9SVcDyA3KUdJmUsog6wnVQAwba,3S2jpqSYxho6wiz3cafhjXruVY8cg4HYa2v3BqBHYFSj,Dfe67M6TfrG74gKRtdqys4e6E9QirPD53BkF4FujFjuv,967.4620425610001,969.2745168000001,966.7145778826667,0.9992273963778934,0.09667145778826669,1.0,17399.380165476,9448.968115006,26834.905456343746
CZgvH45CRmoaNJ7395Ao5CQZXkGznvqU7cErD6n7FaRg,4ZjU6MKvtqVQKCiowhvZ5yUsPxXX5SCzd5eFsPeXyey5,BsyWeshjDbCvjDojry3vKDCesmFRM37WtwcR4Kfgzqr,0.725603250000006,0.7503900000000385,0.7517389973063042,1.0360193360576844,0.00030069559892252173,1.0,199.45199022,606.37282293,813.0089414131081
SoNcU2iwHMw6dGzsYNQkYFkUjwN1UdAjrWVRnStrZu2,8ivTTid27jZnYNc4w3CTA1Z6QS2twsFb8WMwUabeDJgc,CyXm53PMvHCbeXJBykU46Rcbo28xk5srhMZFg7gv6EYB,0.9691484449999983,0.9630216640000029,184.21222654899387,190.0763783911289,0.07368489061959756,187.3880707629824,13.34441468,17.063063944,5733.872647895381
BSC8REUo9LpiiWUuqMuLXs2D2yJsJfGd4HdiF3wCLxk5,AZjEH1zWVx1UJ6udMyRijGTzPteuLnaY18yNNmprJEsh,Caf8ypkSVR8xYnXNhjvfvdGCC7mrM3C11rz8Xi6NA6aK,70.04783367100026,70.0,70.11450983538784,1.0009518661876218,0.028045803934155136,1.0,2955.786759866,3273.783775017,6232.384048357537
YAkoNb6HKmSxQN9L8hiBE5tPJRsniSSMzND1boHmZxe,CfWX7o2TswwbxusJ4hCaPobu2jLCb1hfXuXJQjVq3jQF,EnTrdMMpdhugeH6Ban6gYZWXughWxKtVGfCwFn78ZmY3,4626342.919066984,4625150.01459003,4626342.919066984,1.0,462.6342919066984,0.9989161759490952,532055.00703,1175299.420182,1706080.6094333923
BUSD5rCfUDpCxKGMvYU2yThChxgHoioK74PTPociGnv2,CcFHbafgYDZ8yA8Me1PdtDiVb2eeaS61LbqyKKK5CsNZ,26R9s4nmF3CFDTkiePDwRmtscn8i7r2eygbSijditJ58,91.82982345,91.77085349999999,91.81949283886071,0.9998875026570762,0.009181949283886073,1.0,78.10723587,70.14199912,148.2404481335015
RajgMbScQbqqrdJfR2rxfHJiTiY5b6bJ2tTXiF4aPxy,725ZA3fhyBAKb5iopNRrcbSuQa3LXA1656Q3mBvYPxeg,GLA6i1dSZpUfk2f9Nj8uiG7xyDdAR2reff8oEiZH3617,24178.53697966,24194.170124070006,24167.542922709028,0.9995452968490104,9.667017169083612,1.0,109337.5089386,74700.94432418,183988.73715294426
MARpDPs5A7XiyCWPNH8GsMWPLxmwNn9SBmKvPa9LzgA,6YjT74rmcfCpw8LSjPNx5JTmZoYLGrTKnf9arfSgZ4SR,F8GSmi3vA8M8TsybLya1LQ4n1aFHCRbZ6k437PeTdXtg,27593.223296999982,28640.10517700063,26340.24421971248,0.9545910579637237,10.536097687884993,1.0,295971.882609,16652.938821,299185.0513682403
BSCrK1Nx9PXU9mF7STWWBqeHLxmtJDr9h7jheEy4tAWX,FfSySSbVJPvEo5a5AvrP3nySoXpRE2QPn1uUMpJJ1x7v,HL7Vcj6838ZmvBHDbQxXfjBNckNi83WvPiZQoMQLFeRM,0.006046991999999696,0.006014024000000062,22.480777738534474,3717.6794245032247,0.008992311095413789,3696.7210084654907,0.606772185,1.198764957,6687.284068289495
oKQqupM9E7SSLAFDLxr7mdsXP7znck9qRbVWc6Yyj7Q,CMR2J7CwfW98RpvnJmFBgRFTLAd3x8CJ1SWs8Bt3uunG,FmRb5jHfSNj1YWP3b45d9vvYuhwjp4om8bALmtqZpr1v,7.592329130000053,7.685934000000088,7.685617773382795,1.0122872232993858,0.003074247109353118,1.0,2174.94484804,3721.68902272,5923.357903771716
daob129AwBGn9Y5r91uLoWZeYiGzbPmksauMhFZKTze,6VW5GQNyj4LStgmxEHLr5zUfW92vQnmbw8jTnCH7a38F,4VPCCUifPeBA1c7HWK358CHn2nyjm8pdTRk6Ps3KmnMQ,8.196829142000013,7.269598002000016,1461.8272065321182,178.34057306889707,0.5847308826128473,159.50688128636557,48.02262307,224.613660379,44391.80657994463
SAMyS8Jr2HJrkFwYVKbpUwsNStnQmvz3f8Tup8bWUWF,6jPzm5TFfquvgm25sTyN3MMGBfufRaFHMxobDWv6hMFW,Cj9ECoDmxsHTDzCY5ZA6RWrPbg9uFzEC1Qc2kso2vJG6,1603.5480030699946,84.43885195999246,1625.3864845765218,1.013618851113105,0.6501545938306087,0.02184465379878121,478.79087285,109059.28385083,2867.6737537260497
ercAoEmXjQzEvAFbdjAo81KtMxRGn9AW1ju882upmPH,CMRhskR2Eg6V42RTSdRTXGdozyPbWB8U9dVpijPWb9T4,7TKLLgrWswt6ZJ1pXhVR3FyufHGjJFqiEXxvWJfDcgRm,0.020718246000001272,0.0183581800000141,3.3043559947561674,159.4901419143283,0.001321742397902467,140.20433660425377,35.83430256,305.089801631,48490.131243093114
NorjjEePhxfwLF4vZjUHCrVVKLzQjEEGQFd3wgjEJmh,34M8pFVqgbV7aqHxvRT5tCv3vu2P1JJYT8J3VaxBK2oG,3AZWBSze3ucsY3xSeuLne3b2pauVqiaJ1SZSV5T9WGWw,14.561007999995581,16.70557799999324,8.208365301084424,0.5637223261663556,0.0032833461204337696,1.0,38257.636967,2119.168092,23685.852196665197
JSoLLrxK5bYdHwTEWYaGgmeycBCNXKDiBCTw5hXGBg7,xG4wXczA7Dk4hccJ61CHKpDHW4NrNfQwgmWgkb9BuF2,BVR6WgfhsRr9Lob4QDnkEAiNGgAbv7ZieKcY9kSg3QYR,0.4949398709999855,0.42139281000001816,93.09493451245066,188.0934229937062,0.037237973804980264,159.03952847960596,16.83908305,164.996194418,29408.23773211791
Lee1XZJfJ9Hm2K1qTyeCz1LXNc1YBZaKZszvNY4KCDw,9DgFSWkPDGijNKcLGbr3p5xoJbHsPgXUTr6QvGBJ5vGN,2hNHZg7XBhuhHVZ3JDEi4buq2fPQwuWBdQ9xkH7t1GQX,752.0898541130082,631.567827672995,142993.05637056028,190.12762316705087,14.299305637056028,159.25560109911845,6596.780940725,53991.69296428,9852709.798199203
HEDSDjj84KS7LKhZY7ejkCACTdPen62rKhCby1wXtgxc,EnnjMSFttpCTywBrYNt1J5QQeoSVkvzPipJDa8Y7kJow,6bjVT6JN2rSvpyn9PdfLYC8wJn4LWh49jpY47fnLDXZk,137.45571400200424,127.416741,120.91090310118634,0.8796353354901153,0.04836436124047454,1.0,43725.683188748,4474.267427139,42936.92342840784
Lid8SLUxQ9RmF7XMqUA8c24RitTwzja8VSKngJxRcUa,4PgzyzLtds9bKZ2to9PMnKqJzKEUpjvNUaeN23phegax,AtymwxoVN9peZo7EXTcDz9jKVc4vRmisJKKrNfe3ewBa,37.71100190699883,31.881862339999657,7116.694632652406,188.7166681543831,0.7116694632652406,159.55434556631184,958.295003854,7660.968117253,1403186.9945890012
