0,1,2,3,4,5,6,7,8,9,10,11
7dwD9TF6uikvHXxPFK9AsSim54yJoujQjY9vU6gNFumk,CquVr6atkvwueDYficKjn6SSEWq4F4rH4VSiBbW4GBWU,8BCa6ge3b7ho3TfZuM64Vk1hgbrJ3J7EPiAb9uP86CGd,0.001911814,0.0019334760000000008,0.3732574094508912,195.2373031324654,0.0001493029637803565,197.37031684646445,0.004241486,0.003274682,1.474421311825522
MATSnbbiTCv7Dc3trJrkrqjx7ckKdr6fwPoVwv9q3sD,631WX9JizSHJm4w6VanZeJAst9T8DeUUnPLesdGkCVtK,211maUSfpnXbPuW1iBu8b4dtJv5EbN1j7JJiEX5TZKEP,1422.235127,1423.0965659999965,1419.4402491494245,0.9980348693422649,0.5677760996597698,0.9979541939024997,25195.764628,20379.207255,45483.76700701994
BUSDgu5JdqP1rndBvXvanbEufS94FNh1w5FJcAj6vawb,Bgzr8cWubt89JQFXndVjtdKmDbGzuPxNhvjH1EhWCwbo,Dxaf8xPBBQsasRKW5Aa4Sw2YrbfGofY9xZueyyF23FBW,4972.299775790003,4974.039006329996,4982.572395122752,1.0020659694298333,1.993028958049101,1.0,6359.28983852,8791.47723745,15163.905174371832
BUSD5rCfUDpCxKGMvYU2yThChxgHoioK74PTPociGnv2,CcFHbafgYDZ8yA8Me1PdtDiVb2eeaS61LbqyKKK5CsNZ,26R9s4nmF3CFDTkiePDwRmtscn8i7r2eygbSijditJ58,24.59415,24.49036407,24.59927796548468,1.0002085034646322,0.0024599277965484685,1.0,81.36532222,66.7222539,148.10454107158378
C2ypsDADXcCRz8HbV2zX1AXPSja7a1P3xZtRC91xGhJh,J9bYNuDpY1d1T86gLaw7DGk5D3CsUAf2tzUwxMvb6FTv,A2NGvvPrMGzsJ4jb52KEnSBVmsA7C34dV1GC7PerdgvG,24.68002554499958,24.9259043130005,4087.486283831173,165.6192079857607,1.634994513532469,164.18964692329948,2848.163949193,1301.77095926,685447.9716548454
SAMGk1Nd4haC8zQA63DG37pzuEZy8j4q13tSFtCbcRE,9U9TnkHD3jXMAVZtynCVLgDruuqN4pTvLJTmVHCLWS8g,C6zoEbvqSknmi96QWq96UBiPCyNW3YSTvKhavR2BfifE,0.005829140000003008,0.0030455899999999314,0.009197186476410402,1.5777947478368433,3.678874590564161e-06,0.0,53.66154331,1.12808768,84.66690119533729
AUSejoEUCh2DBs9mof6BNC8Pubs22w4cJa1ccV9h44R,4xkyD7AfGQDwsQMy9MosRRNGoVJ1zosNinesxg1TzHG7,Cbm5gsQe3nSiCsFrvepVzMCD9xLK3ri9g3ypS2hdmVJ7,159.99867500000437,159.52560000000085,160.43714973021704,1.00274048975851,0.016043714973021705,1.0,13408.082813,15474.625661,28919.45318763028
SAMyS8Jr2HJrkFwYVKbpUwsNStnQmvz3f8Tup8bWUWF,6jPzm5TFfquvgm25sTyN3MMGBfufRaFHMxobDWv6hMFW,Cj9ECoDmxsHTDzCY5ZA6RWrPbg9uFzEC1Qc2kso2vJG6,1654.5585926700005,39.33289671999995,1672.7740143835279,1.0110092333956773,0.6691096057534113,0.024131359150058783,510.26994285,107666.50505141,3114.0267255728277
SERgf3DMJpQxUifu7VoFKmfne73d2fDJxSrxUMrcNJB,AJfM2GZ2tTB8UtN2krcyR9xufRJEx2mhSCbJyMgPo3GU,F4yRYkufQvERZcEKnKjJwRLU1btiMBUuEwq46hfm11QD,0.00033586899999704656,5.543000000329812e-06,0.05520974818925172,164.3788149240841,2.208389927570069e-05,165.12628610672013,29.169443875,28.07702947,9431.094217457116
ALBpShJ9NLpE739pcHDF2LNVk5J4VYPvvKuV6jMPitZi,D6d156U1bPiJpDYRLextvDRccgFk7QzkQbJg42ceKEu5,GNcM8U5g8RwTZffwwm3kSQqUNPSwv5d2fbN9sLxPJqt2,120.4971000000005,120.52473699999973,120.19900646396985,0.9975261351847418,0.04807960258558794,0.9986458362460504,50752.99075,49580.483229,100140.77784762243
B2izdXFYb2sNwbWWHmh75T4aQFtfXsUxem9u2p61HGzf,4DYwgJtxwuJdAjkj5RJSNH4e7U329V5cNp7d3a1nLrZv,EXNW64GEf1ACC6xY9BtKRiunrs6GoJSXBdxWN2eTPmrF,3203.518307999995,3163.4412459999985,3243.2218296384285,1.0123937239688263,0.32432218296384285,1.0,9733.078373,30015.358413,39869.06587272192
Sid7E679i9ABqptiAVhkmQ27YHN8vaYT4fppPwmxFsJ,GP7KB8o1bv527HG8kTzzzf4wJ5aEGHvcMQvVhLziUfmT,9gYxhAZ1M9wu5pxr8SBoa5NDm21gi3s9vMHaYTME77sa,125.88343400000122,427.66370299999835,0.8946240057502345,0.007106765182066974,0.0003578496023000938,0.02411922034137862,138230.731553,8009.766202,1175.5626660014723
Dg3mAgpwDfVNnbGWcsxL8sUcSkEbjSJQhKAWNigG44Ju,EATxwd8YA2wV93VJcKMmH2Kn2Y9XfJVUB9hHVu3udwEy,GiGvrRi7NMHfHKanG2B8xyCEqe8jaafWins8bhrLVEaa,0.0039150139999999944,0.003917297999999986,0.7815722102264004,199.63458884857155,0.00031262888409056016,197.32202441347016,0.1943434,0.265333417,91.15379174141694
SoNcU2iwHMw6dGzsYNQkYFkUjwN1UdAjrWVRnStrZu2,8ivTTid27jZnYNc4w3CTA1Z6QS2twsFb8WMwUabeDJgc,CyXm53PMvHCbeXJBykU46Rcbo28xk5srhMZFg7gv6EYB,0.18907486400000018,0.1880003220000006,37.28930546091748,197.21979258394416,0.014915722184366995,195.38576966362388,13.470363278,16.933028222,5965.0950036088725
wrmcMSHFi3sWpAEy4rGDvQb3ezh3PhXoV2xNjgLBkKU,8p4mGnARWPBu6P2Gcw4adodLkNDorrXniZMhaY7eJXUn,AyY89zccbsgp9LKFgH4CFZMJmpSgqmPSdTfukhP227rc,0.007064509999998733,0.031331570000004014,2.53026862464138,358.1661891117478,0.001012107449856552,3768.6074995289237,27.12045116,0.09212662,10060.817710006731
BSCrK1Nx9PXU9mF7STWWBqeHLxmtJDr9h7jheEy4tAWX,FfSySSbVJPvEo5a5AvrP3nySoXpRE2QPn1uUMpJJ1x7v,HL7Vcj6838ZmvBHDbQxXfjBNckNi83WvPiZQoMQLFeRM,0.00020494200000009677,0.00020403299999993685,0.7772788300353355,3792.6770990571404,0.00031091153201413417,3768.6074995289237,0.634810704,1.170559651,6819.0118987017
SRMuKizofcAMicegrfSv7xs9q76tH1w8aAF7oX9FEWu,72Hj2KWntXPfbie4UgKeTPnm1XVkomDfCnRPKbvfTtPi,6aqJQ5wedqpUt4fFEDUqUmXhrdxCu4bEJsQdVPCADLko,0.09165300000040588,0.0333569999993415,0.003168296912088632,0.03456839287393322,1.267318764835453e-06,0.03458522988646672,16637.386461,5253.622489,756.8254530980819
STK75uPSyBnEhGTTzb1nwmP3n427XoXmfRhXxxhyady,6TYyD5fUmDe6N65avW1Ny2RxzRNobw2RRgKwH9CTzSAU,54zDfk4cx2vGrEajPtodWpArNe5eUurytyxd4X3aZAxK,151.99587098900003,172.14347296999557,25148.353836526963,165.4541907809256,2.5148353836526964,187.29502900263523,1662.408526101,286.111879483,328639.79019911913
ionytDfEj1mXodptgrsKEZro7DGsfpzANUfarJdm6Qb,3gkSjY95an9xNFSjCfsay6JZez7uv7yfW3Ad4ubc4fMK,9wXqANaSuEqkKL9yHzCPEDGHwbkStVAqV5rB3QDs3Jr6,0.001960829999999872,0.0034909419999999414,1.9343831140643837,986.5124024339234,0.0007737532456257534,3769.1756812785043,3.157641749,0.082776206,3427.0508104753458
heyk4SZTeCUV6a65WiVA5bzic3KcxgVf1qxobfeV4tQ,9ZDpBKPqMABtGfq66FbVribaArMvtk63xxy91onZAtDt,DaTP4s6N7xxSPinbNZ3FB52EpRDRt87QShTuN3VPCW52,22.778702624002676,19.65891318000024,4372.249457373068,191.9446216733118,1.7488997829492274,165.4971260596574,610.279111636,4492.108838518,860570.8959200114
MAR3XM1n9xWPQ3HJjAcC85o8DopWFP5p2WxGTaZ3fPB,6qG7GUhER8Cg9gDEgnebph9LdS6eu2eoWcA4R7z9uizK,4QV4CwRXVMY227KkFF9voNAfwWHVvVajXSXDKbUHkWZR,0.1738590000000002,0.004262000000000002,0.1652901911980995,0.9507140337750667,6.611607647923981e-05,0.024123659228128303,0.118471,24.006985,0.6917683675301537
MATgk4zXLXtYkwBH678J1xZbRDZ45LicNzkRBHkxTuY,y8dALFo1bJrSzPYjMX14HJX448pXqYmrfXHD1K8MXih,GN7Yuet3UyiWS5YVkEHv6oQKi4HGBJc3XDPt9zQhAqZz,57.48571499999798,57.46928899999875,57.54366146709535,1.0010080150711766,0.02301746458683814,1.0,3679.193023,4405.831702,8088.733407016953
FrnkTEL6yZ5Aycq2TrEgu29dCrwKG4LPUZydfiwqspkc,DjvZuMZ46fxKBoBpGMPcRcos4xdTtHFxwMh69DpA2ZFY,9rvDPJLAng4uVVqnnSoEXgNDFhBZQTny9AoQioYDZbQX,25.255043225000463,20.939979222999966,5037.65181497786,199.4711222664228,2.0150607259911446,165.48091318325208,169.825586636,1442.834822818,272636.9244083549
ercAoEmXjQzEvAFbdjAo81KtMxRGn9AW1ju882upmPH,CMRhskR2Eg6V42RTSdRTXGdozyPbWB8U9dVpijPWb9T4,7TKLLgrWswt6ZJ1pXhVR3FyufHGjJFqiEXxvWJfDcgRm,0.0,0.00012738200000228517,0.0,165.5200266818283,0.0,148.48608046935857,39.262419283,304.897425584,51771.74035748138
vEnkoSUkpnbRrPgBz9DfcVxNz67zjwMYBZraAvDDNSf,DtfyjjsZ5yCjWKLKHvwsfXs5QVsmm1QkK6Sh9JZHoq1g,e5wrKCRv4GhHvEf1VD5Pq2KGaZDXP77nTL612Jyrxwy,8992.655378999996,8995.343609999996,8982.047580807062,0.9988203931157302,0.8982047580807062,0.9980049880289301,5449.729726,4871.669186,10305.251334952638
MARpDPs5A7XiyCWPNH8GsMWPLxmwNn9SBmKvPa9LzgA,6YjT74rmcfCpw8LSjPNx5JTmZoYLGrTKnf9arfSgZ4SR,F8GSmi3vA8M8TsybLya1LQ4n1aFHCRbZ6k437PeTdXtg,25738.54455599994,27064.349806999555,24499.59979439727,0.951864226086791,9.799839917758908,1.0,297089.076213,15446.103405,298234.5670133269
YAkoNb6HKmSxQN9L8hiBE5tPJRsniSSMzND1boHmZxe,CfWX7o2TswwbxusJ4hCaPobu2jLCb1hfXuXJQjVq3jQF,EnTrdMMpdhugeH6Ban6gYZWXughWxKtVGfCwFn78ZmY3,3506677.6601349805,3504476.189606023,3506677.6601349805,1.0,350.66776601349807,0.9977331502825579,218311.037313,1270395.80267,1485827.0436166779
Lid8SLUxQ9RmF7XMqUA8c24RitTwzja8VSKngJxRcUa,4PgzyzLtds9bKZ2to9PMnKqJzKEUpjvNUaeN23phegax,AtymwxoVN9peZo7EXTcDz9jKVc4vRmisJKKrNfe3ewBa,381.71424477300343,328.2442644419988,74519.12744481816,195.2222859514529,7.451912744481817,165.64318503354193,977.173804555,7638.472897665,1456027.0834587242
RajgMbScQbqqrdJfR2rxfHJiTiY5b6bJ2tTXiF4aPxy,725ZA3fhyBAKb5iopNRrcbSuQa3LXA1656Q3mBvYPxeg,GLA6i1dSZpUfk2f9Nj8uiG7xyDdAR2reff8oEiZH3617,12765.187439099987,12763.636414640016,12764.293427988292,0.9999299649052581,5.1057173711953165,0.9998647682900887,85645.18239451,98370.65207433,183996.53346889172
JSoLLrxK5bYdHwTEWYaGgmeycBCNXKDiBCTw5hXGBg7,xG4wXczA7Dk4hccJ61CHKpDHW4NrNfQwgmWgkb9BuF2,BVR6WgfhsRr9Lob4QDnkEAiNGgAbv7ZieKcY9kSg3QYR,0.3122822279999866,0.264513019999999,60.867950352468796,194.91327041662905,0.024347180140987523,165.59518303483975,16.894368295,164.960739349,30609.640402061603
C98Sspw7XqnMsgxea3SLQVdbMDL8pKUc3RE82UvX9eq2,CSqgQJurPCzGxb4Cgwx5R61hWQUiaoUHcShNc8r1cKEL,6S2CR5EnukPhC914XkAns8m5GixjMAoUuZMsS5ubHuWc,20.807397000000037,20.810174999999845,0.0,0.0,0.0,1.0,875.407643,888.647444,888.647444
daob129AwBGn9Y5r91uLoWZeYiGzbPmksauMhFZKTze,6VW5GQNyj4LStgmxEHLr5zUfW92vQnmbw8jTnCH7a38F,4VPCCUifPeBA1c7HWK358CHn2nyjm8pdTRk6Ps3KmnMQ,10.439541664999894,9.330043284000013,1933.090587416823,185.17006296337652,0.7732362349667292,165.70464075730996,47.974495681,224.644216381,46108.02955950802
SUiuyGR7SFq3xeRVJonq84fjjeFwRSsFekcevJ53tzy,49GjCCPsv7fBqo6t3iKDrP1xxGDS8uWZbVCdfnp2gjMf,CEwj5xEbbJEjYqM8D6Ai8ByGz1mrh8mkAVsE5fzDSSSx,2.42508399999997,0.017678000000000083,0.017261988908007887,0.007118099376354841,6.904795563203155e-06,0.951603356495359,666.881217,1.493116,6.167780972067382
GokA1R67GqSavkd15zR62QD68Tuc5AEfvjssntVDEbM8,3YB7hfpBdbQEuZqLGWVDpRPmeZWCUsrrWyqGXegnQ6Cg,4DPCj6Z1DsG6HUtwSogBGqXEUxdEV5a8YVrrFtcnz7UW,11845.335195000005,11845.377804999991,11845.347040347046,1.000001000001,1.1845347040347047,1.0,17753.354839,14694.905318,32448.27791037259
AURHmCnNwiW4uA2Qj1XvEh4iKgRUZYXtiY7FKAapUV5Y,BKWm4TRnTeKwfWXRyuzjRHU7iZDkPuXBX5b5V5jSVfGJ,A5Ww74HVrkj9nPeC7pHKLfgeDMEhBCpW1efQdz3TGLEg,7.314399999813759e-05,5.299999884300632e-06,0.012843416168568886,175.59083682729832,5.137366467427554e-06,165.60590563907982,288.971030728,1788.251767147,346885.7185134403
KEN5P7p3asnb23Sw6yAmJRGvijfAzso3RqfyLAQhznt,9zj4aX38Uxf3h6AUjS4EipWS8mwbEofasHAf3a1uKGds,CwQDG1MWunn9cLNwcZLd8YBacweSR7ARo32w4mLua1Yr,85180.86659199954,85186.37255800131,85152.34055791264,0.9996651121874173,8.515234055791264,1.0,1097812.939096,1086425.564258,2183870.8591802013
BSCNHw8CmxbZ8hCWWzMf5FaG2ajPT6JxfznKUNuRVrn4,7n9kgNL633yGzCYksgnzHyjG73ZLBAwvEae5sbAekbzW,SscdxE99omdG9AiMVwmaEMQySQnCgeAh1sPj2Leutm2,17.270314599000358,17.321202264999556,17.364540744125406,1.0054559599702082,0.006945816297650163,1.0,3967.502263517,7744.319105202,11733.467902250459
Lee1XZJfJ9Hm2K1qTyeCz1LXNc1YBZaKZszvNY4KCDw,9DgFSWkPDGijNKcLGbr3p5xoJbHsPgXUTr6QvGBJ5vGN,2hNHZg7XBhuhHVZ3JDEi4buq2fPQwuWBdQ9xkH7t1GQX,438.8028383830242,368.34619339398887,86628.06170038339,197.41910061385497,8.662806170038339,165.84245729432345,6621.049725103,53944.793658192,10253458.820359243
ALLwa5WNZbvQsRKAqe1jdRGemdYQnW8E5k4msbRFcYtu,CGoM82Hbz7QVqTgvQatYtjvDWBvoUJp5qm21P8iMs9yb,3dxNNww8TivyN5FMy5dCNdi3Zcxv6e4kUfSPxfFwpdNq,1.4280515099999995,1.4247561210000004,5390.297474804663,3774.5819650473704,2.156118989921865,3756.2776790711473,1.445723383,7.289556894,32838.60125917047
SoN9GaFpSXfpyR5dth3x7PHPVhvJMpQqqDJfCSmPv1t,9kZ9iS68ViMPtoeqtnhAKuF2iqVyfHPdZHoUNdwCELr,BBhm5fJLjw3HRzjtKB8uMEYjGhY6EDm9co3cqpjrSzB9,0.040706982000000114,0.03984603200000025,8.142840939982774,200.03548629526875,0.0032571363759931102,181.318369490936,1.94728383,3.248618593,978.5600942696622
KwnjUuZhTMTSGAaavkLEmSyfobY16JNH4poL9oeeEvE,J63v6qEZmQpDqCD8bd4PXu2Pq5ZbyXrFcSa3Xt1HdAPQ,BnKQtTdLw9qPCDgZkWX3sURkBAoKCUYL1yahh6Mw7mRK,364.48568200000045,15276.110394000134,8.800697042586458,0.024145521970288117,0.0008800697042586459,1.0,275354.070313,624.979608,7273.5473623508005
Cob4usZcpHEY7Qt4ZCwj6WVg9S44zvzYV2v9qYF65dTf,NhFM9UXE48PyNAyeyPYA3iXztqKVJwA4bTdLj4ysM8w,6TuFuynuBoeskxyR2cz4wxyidk8dpDK7kAWw3UkjQGx,144.22822499999648,288.88382399998954,1.02717069787993,0.007121842467935489,0.000410868279151972,1.0,74371.285211,160.971934,690.6325114106423
KysFMBBoavfov2tLpvefWW6tPFt6rAeZWDJVy1mMQae,B8ka2V21TH3x64dFV8ETcjuQcwmrciJ2qzy1mJUttRew,7fSf7EYxBANyxzk2s5pymFgshA91tFYQNKKs5UnLWcYS,10.074118999999882,12.746373000001768,0.0,0.0,0.0,0.024145521970288117,134078.612688,2938.778292,70.95833581529179
ACUSESXyNnwRLAg1dpSGMLSzUDdLjUMybY8rkXiAKhCP,AhFPQdu8GKBsxuhiH46UmCu1YpaLgNpoP325HnYtsgas,A8wxWpT3aFEr2XqZp1kDmbxbFfcBE95UUmdsNTDBJYbT,34.13540117100024,33.72230551400003,34.13540117100024,1.0,0.013654160468400097,0.9879679483635785,1046.925870025,1839.565413737,2864.357537715341
CZgvH45CRmoaNJ7395Ao5CQZXkGznvqU7cErD6n7FaRg,4ZjU6MKvtqVQKCiowhvZ5yUsPxXX5SCzd5eFsPeXyey5,BsyWeshjDbCvjDojry3vKDCesmFRM37WtwcR4Kfgzqr,10.790739809999991,10.422816839999996,11.159859298611519,1.0342070604157703,0.004463943719444608,1.0,203.97246474,601.66626219,812.6160253545147
BSCuChvaSj9b5HUSqgDVRzcnr2sSn7cXaamt1jbKH6hn,GnKpRj5kBVPMJfiwZtEuD9GYApLzPdW5JFuZTcyX4BTc,3dmwD9okkomV9nDwyuh4UMhKdUR13QpuKxRo89ycZB5t,60.0743030809997,60.14647191400036,59.93042062889333,0.9976049251555633,0.023972168251557333,0.9988124120420818,1628.335232711,1378.176292613,3000.9748350008285
NorjjEePhxfwLF4vZjUHCrVVKLzQjEEGQFd3wgjEJmh,34M8pFVqgbV7aqHxvRT5tCv3vu2P1JJYT8J3VaxBK2oG,3AZWBSze3ucsY3xSeuLne3b2pauVqiaJ1SZSV5T9WGWw,3.6148309999998673,6.400000000001455,2.042299324116964,0.564977816146049,0.0008169197296467855,1.0,38247.653832,2124.780611,23733.856545713425
KZMu9QBEdL97EFgamLbN5DE1AoKBG4HdrKKJo4Vuon3,DD4ACBWyVqdaKWh7v5btsgqQCCMwbKnuL2xd9pv7Gyuw,GcYqiJ1MAuYbNTNYXm1F1gQYTfTgkErACAhNU5dpVj9T,78.34408383000073,77.7900341400009,79.20659213405571,1.0110092333956773,0.03168263685362229,1.0,1174.93410949,1915.40038417,3103.269617495918
RoBgmK8CvjdHvPrqdDyVw54VwjZv2TqJ493xnqJAQHx,ExiHJxM7qPAcy27NDHAF6G7vnW7muNHi2sVJpnaNynGQ,6rkPHSqZb7StM4HwS9EuVrmfkV7tRdc7dnsFhyB6cefE,2.368306999999497,10.63050400000045,0.0,0.0,0.0,0.911769854700356,6170.641055,20.721891,18.893595546186614
moFiBS1R4Lf3E3zzmBPnw3NF4RhWPkhREFviuzUaCAU,44ALBrpqi9PfZkBRTvbtRNtFJGsatfY4QydjtMbFWq8S,2ho8qEEie1UjVwWNBo9y4oAJZMyMLx8zPj9bxyUz6uWs,103.32030183100142,103.622749999995,103.0303898714919,0.9971940465293674,0.041212155948596764,1.0,39616.440846934,24817.048767032,64322.327724277435
BUSDTd9WiT6uBHJRgNvFXBsA7JrifsAtWzKfioN7ERcy,DyBxrn7gSc1EwnpWhDyhzvMHPtxpmBqRqotapLcKcfTM,Cds99GeBgoCpqBsoRWu1C6fF9LiUMd4pXQQD24s9LPff,132.67393037,133.14526825000004,131.9283859105294,0.9943806258140435,0.013192838591052943,0.9858607846268812,119.15914771,66.3745943,183.92565748722677
HEDSDjj84KS7LKhZY7ejkCACTdPen62rKhCby1wXtgxc,EnnjMSFttpCTywBrYNt1J5QQeoSVkvzPipJDa8Y7kJow,6bjVT6JN2rSvpyn9PdfLYC8wJn4LWh49jpY47fnLDXZk,338.80962613300017,368.588736634003,307.7710983018568,0.9083894746870057,0.12310843932074272,1.0,42647.572628961,5441.605565895,44182.211662992806
parEAJhzYzHW87y9VoZAQ22dzQ2MD2ekEtTReaxbMcz,3oyc6hpjYSJEquK6dSvG72NXyz3pqLZz5D8AC71pwgQb,Di2vordgFJVZ1aj1aBpvzXtLfZgJsuLLXawGtVFwX6Rz,3.1506551540000203,3.733392827000216,507.7751861737265,161.16495184471822,0.20311007446949061,192.45484624397426,1105.431711902,138.16387731,204747.15638047762
WiiQFxXqp8P9Fs1rt9SVcDyA3KUdJmUsog6wnVQAwba,3S2jpqSYxho6wiz3cafhjXruVY8cg4HYa2v3BqBHYFSj,Dfe67M6TfrG74gKRtdqys4e6E9QirPD53BkF4FujFjuv,5464.899177959001,5470.373208885005,5455.819041960009,0.998338462302175,0.5455819041960009,1.0,20114.933970013,6727.815542362,26809.327791294563
