0,1,2,3,4,5,6,7,8,9,10,11
ionytDfEj1mXodptgrsKEZro7DGsfpzANUfarJdm6Qb,3gkSjY95an9xNFSjCfsay6JZez7uv7yfW3Ad4ubc4fMK,9wXqANaSuEqkKL9yHzCPEDGHwbkStVAqV5rB3QDs3Jr6,0.001376162000000028,0.004861970999999951,1.324016917712826,962.1083257006073,0.0005296067670851304,3745.879532514234,3.161973701,0.081656386,3348.0362083949444
BSCuChvaSj9b5HUSqgDVRzcnr2sSn7cXaamt1jbKH6hn,GnKpRj5kBVPMJfiwZtEuD9GYApLzPdW5JFuZTcyX4BTc,3dmwD9okkomV9nDwyuh4UMhKdUR13QpuKxRo89ycZB5t,205.02515051600017,205.18500536199986,204.5493437873309,0.997679276286486,0.08181973751493236,0.9992036347031417,1648.390200355,1358.121535694,3001.6047169619696
ALBpShJ9NLpE739pcHDF2LNVk5J4VYPvvKuV6jMPitZi,D6d156U1bPiJpDYRLextvDRccgFk7QzkQbJg42ceKEu5,GNcM8U5g8RwTZffwwm3kSQqUNPSwv5d2fbN9sLxPJqt2,266.97132400000555,267.1185919999989,266.87071374092517,0.9996231420754375,0.10674828549637008,0.9990558921818882,50873.48785,49459.958492,100267.5787314578
C2ypsDADXcCRz8HbV2zX1AXPSja7a1P3xZtRC91xGhJh,J9bYNuDpY1d1T86gLaw7DGk5D3CsUAf2tzUwxMvb6FTv,A2NGvvPrMGzsJ4jb52KEnSBVmsA7C34dV1GC7PerdgvG,44.76932637799973,45.22088226900041,7451.416743853276,166.44022474090664,2.9805666975413105,168.0805320891788,3607.00778785,1653.239965211,878228.6398757149
FrnkTEL6yZ5Aycq2TrEgu29dCrwKG4LPUZydfiwqspkc,DjvZuMZ46fxKBoBpGMPcRcos4xdTtHFxwMh69DpA2ZFY,9rvDPJLAng4uVVqnnSoEXgNDFhBZQTny9AoQioYDZbQX,36.458596801997516,30.27971995500033,7326.99885990997,200.96765927943045,2.9307995439639876,166.58542850603192,169.8661482,1442.775758288,274483.0201270884
BUSDTd9WiT6uBHJRgNvFXBsA7JrifsAtWzKfioN7ERcy,DyBxrn7gSc1EwnpWhDyhzvMHPtxpmBqRqotapLcKcfTM,Cds99GeBgoCpqBsoRWu1C6fF9LiUMd4pXQQD24s9LPff,291.49924378,292.47530869,291.4247323044444,0.9997443853555523,0.02914247323044444,0.9996811017285486,93.63626845,91.8281481,185.4111979108331
WiiQFxXqp8P9Fs1rt9SVcDyA3KUdJmUsog6wnVQAwba,3S2jpqSYxho6wiz3cafhjXruVY8cg4HYa2v3BqBHYFSj,Dfe67M6TfrG74gKRtdqys4e6E9QirPD53BkF4FujFjuv,10466.630445494,10483.844677351004,10460.962528620594,0.9994584774056061,1.0460962528620594,1.0,16644.101668862,10194.645524686,26829.73403643092
JSoLLrxK5bYdHwTEWYaGgmeycBCNXKDiBCTw5hXGBg7,xG4wXczA7Dk4hccJ61CHKpDHW4NrNfQwgmWgkb9BuF2,BVR6WgfhsRr9Lob4QDnkEAiNGgAbv7ZieKcY9kSg3QYR,0.6068867030001002,0.5139892400000008,119.38098022018988,196.71048917374316,0.047752392088075954,166.49983383316584,16.895240663,164.95956452,30789.211137298244
KwnjUuZhTMTSGAaavkLEmSyfobY16JNH4poL9oeeEvE,J63v6qEZmQpDqCD8bd4PXu2Pq5ZbyXrFcSa3Xt1HdAPQ,BnKQtTdLw9qPCDgZkWX3sURkBAoKCUYL1yahh6Mw7mRK,594.0118670000319,22843.567417999962,14.082585244524788,0.0237075823344183,0.001408258524452479,1.0,275609.769122,618.816351,7152.857644629835
heyk4SZTeCUV6a65WiVA5bzic3KcxgVf1qxobfeV4tQ,9ZDpBKPqMABtGfq66FbVribaArMvtk63xxy91onZAtDt,DaTP4s6N7xxSPinbNZ3FB52EpRDRt87QShTuN3VPCW52,31.25208919199713,27.011791539999535,6023.839547206616,192.74997937575222,2.409535818882646,166.52087763829434,611.646374373,4490.513103337,865659.0090595873
KEnkcdADoLR5jS2CLLLesy8TtFsyWL37BhXNfDMzWzP,3qsjFRuw1qeLMPo4DLwaQevenGAGBj9dA3Q6rb8ax2YR,77iEv8zPQAEyCcEbvBRSB6AFcUdfkhiqnAKtPxk76rNN,1.6054969999999997,0.010606999999999978,0.011284529891334657,0.007028683262151632,4.5138119565338625e-06,0.9988303696371549,124.119173,0.260994,1.1330830872702824
YAkoNb6HKmSxQN9L8hiBE5tPJRsniSSMzND1boHmZxe,CfWX7o2TswwbxusJ4hCaPobu2jLCb1hfXuXJQjVq3jQF,EnTrdMMpdhugeH6Ban6gYZWXughWxKtVGfCwFn78ZmY3,4283148.486556992,4280359.281593993,4283148.486556992,1.0,428.3148486556992,0.9861407775128346,394790.49301,1093459.100539,1473095.1005940144
HEDSDjj84KS7LKhZY7ejkCACTdPen62rKhCby1wXtgxc,EnnjMSFttpCTywBrYNt1J5QQeoSVkvzPipJDa8Y7kJow,6bjVT6JN2rSvpyn9PdfLYC8wJn4LWh49jpY47fnLDXZk,6.345478515996547,6.82025922899993,5.7225721845530835,0.9018346165898827,0.0022890288738212335,1.0,42292.799141477,5767.727629526,43908.83792779283
Lee1XZJfJ9Hm2K1qTyeCz1LXNc1YBZaKZszvNY4KCDw,9DgFSWkPDGijNKcLGbr3p5xoJbHsPgXUTr6QvGBJ5vGN,2hNHZg7XBhuhHVZ3JDEi4buq2fPQwuWBdQ9xkH7t1GQX,586.9570684391083,492.7936696710176,116365.60433932874,198.2523264414877,11.636560433932873,166.21249103491377,6633.129229766,53930.356256787,10278932.157229058
B2izdXFYb2sNwbWWHmh75T4aQFtfXsUxem9u2p61HGzf,4DYwgJtxwuJdAjkj5RJSNH4e7U329V5cNp7d3a1nLrZv,EXNW64GEf1ACC6xY9BtKRiunrs6GoJSXBdxWN2eTPmrF,2940.8527369999956,2903.682049000001,2973.4266256843675,1.0110763413191513,0.2973426625684368,1.0,9622.750164,30126.737715,39856.07274424538
KZMu9QBEdL97EFgamLbN5DE1AoKBG4HdrKKJo4Vuon3,DD4ACBWyVqdaKWh7v5btsgqQCCMwbKnuL2xd9pv7Gyuw,GcYqiJ1MAuYbNTNYXm1F1gQYTfTgkErACAhNU5dpVj9T,90.41941571000007,89.66598150999994,91.27849421169272,1.0095010401797768,0.036511397684677094,1.0,1218.79485743,1871.07732436,3101.452000701348
SoN9GaFpSXfpyR5dth3x7PHPVhvJMpQqqDJfCSmPv1t,9kZ9iS68ViMPtoeqtnhAKuF2iqVyfHPdZHoUNdwCELr,BBhm5fJLjw3HRzjtKB8uMEYjGhY6EDm9co3cqpjrSzB9,0.08191887500000039,0.08011820000000003,16.449579899429757,200.8032934952986,0.006579831959771904,196.35055013497137,1.942513908,3.253477523,1028.8852918796374
KEVpg4SYCVrqFxKijQH6hm4QxsRdoE51ud64bEEFUC9,2bPenuBYfqzD8p5dFjCcggwkHDsc2RQDnx9AoyYGUBjA,AE6n6iLuX8oYu61vt5hoDYkjswpnxFxrhSehxrnQTnbx,1217.482914937,1220.3403020230007,1215.8307019270296,0.9986429271493671,0.48633228077081186,1.0,5649.293663146,1894.441826178,7536.068986268492
BSCNHw8CmxbZ8hCWWzMf5FaG2ajPT6JxfznKUNuRVrn4,7n9kgNL633yGzCYksgnzHyjG73ZLBAwvEae5sbAekbzW,SscdxE99omdG9AiMVwmaEMQySQnCgeAh1sPj2Leutm2,138.0967502579997,137.3912242739998,138.87622976085717,1.0056444449373443,0.055550491904342865,0.9996161334101447,3984.748985381,7726.974310202,11731.248864541765
SERgf3DMJpQxUifu7VoFKmfne73d2fDJxSrxUMrcNJB,AJfM2GZ2tTB8UtN2krcyR9xufRJEx2mhSCbJyMgPo3GU,F4yRYkufQvERZcEKnKjJwRLU1btiMBUuEwq46hfm11QD,1.13150000018436e-05,5.469000001312452e-06,0.0018797464015014715,166.12871420196169,7.518985606005885e-07,166.21558527083917,29.169443875,28.076858764,9512.693716964986
ercAoEmXjQzEvAFbdjAo81KtMxRGn9AW1ju882upmPH,CMRhskR2Eg6V42RTSdRTXGdozyPbWB8U9dVpijPWb9T4,7TKLLgrWswt6ZJ1pXhVR3FyufHGjJFqiEXxvWJfDcgRm,5.945851935000007,5.261129570000001,989.0657661940692,166.3455089374115,0.3956263064776277,148.1532841286646,39.262355592,304.897425584,51702.67144567759
AURHmCnNwiW4uA2Qj1XvEh4iKgRUZYXtiY7FKAapUV5Y,BKWm4TRnTeKwfWXRyuzjRHU7iZDkPuXBX5b5V5jSVfGJ,A5Ww74HVrkj9nPeC7pHKLfgeDMEhBCpW1efQdz3TGLEg,0.011090916000057405,0.009887918000060836,2.0473449568971467,184.59656144601132,0.0008189379827588587,166.30644690267548,288.971030728,1788.251727925,350740.84966867516
GokA1R67GqSavkd15zR62QD68Tuc5AEfvjssntVDEbM8,3YB7hfpBdbQEuZqLGWVDpRPmeZWCUsrrWyqGXegnQ6Cg,4DPCj6Z1DsG6HUtwSogBGqXEUxdEV5a8YVrrFtcnz7UW,15195.683162999998,15193.773142000004,15198.52528722871,1.0001870349755404,1.519852528722871,1.0,14673.207976,17773.869609,32449.82198809489
vEnkoSUkpnbRrPgBz9DfcVxNz67zjwMYBZraAvDDNSf,DtfyjjsZ5yCjWKLKHvwsfXs5QVsmm1QkK6Sh9JZHoq1g,e5wrKCRv4GhHvEf1VD5Pq2KGaZDXP77nTL612Jyrxwy,5596.153164999999,5597.0826499999985,5550.3846928229805,0.9918214404024415,0.5550384692822982,0.9991607050077935,6115.328494,4205.337519,10267.12191573294
Lid8SLUxQ9RmF7XMqUA8c24RitTwzja8VSKngJxRcUa,4PgzyzLtds9bKZ2to9PMnKqJzKEUpjvNUaeN23phegax,AtymwxoVN9peZo7EXTcDz9jKVc4vRmisJKKrNfe3ewBa,421.5003159440038,365.8988329380005,80027.26353935995,189.86287913006348,8.002726353935996,166.22061364993706,1099.900018452,7496.256270513,1454862.5016203662
C98Sspw7XqnMsgxea3SLQVdbMDL8pKUc3RE82UvX9eq2,CSqgQJurPCzGxb4Cgwx5R61hWQUiaoUHcShNc8r1cKEL,6S2CR5EnukPhC914XkAns8m5GixjMAoUuZMsS5ubHuWc,25.23570899999993,25.229568999999856,0.0,0.0,0.0,1.0,870.57525,893.470301,893.470301
RoBgmK8CvjdHvPrqdDyVw54VwjZv2TqJ493xnqJAQHx,ExiHJxM7qPAcy27NDHAF6G7vnW7muNHi2sVJpnaNynGQ,6rkPHSqZb7StM4HwS9EuVrmfkV7tRdc7dnsFhyB6cefE,1.2522540000000006,63.20338600000014,0.0,0.0,0.0,0.9509798420802874,6183.387428,20.469453,19.466037181409867
daob129AwBGn9Y5r91uLoWZeYiGzbPmksauMhFZKTze,6VW5GQNyj4LStgmxEHLr5zUfW92vQnmbw8jTnCH7a38F,4VPCCUifPeBA1c7HWK358CHn2nyjm8pdTRk6Ps3KmnMQ,14.558666200999767,13.050341431000014,2677.5804374897384,183.91660338402872,1.0710321749958953,166.24142111146352,47.961241428,224.654949273,46167.8266443864
BUSDgu5JdqP1rndBvXvanbEufS94FNh1w5FJcAj6vawb,Bgzr8cWubt89JQFXndVjtdKmDbGzuPxNhvjH1EhWCwbo,Dxaf8xPBBQsasRKW5Aa4Sw2YrbfGofY9xZueyyF23FBW,8068.84693891,8077.841264129997,8064.506379641285,0.999462059535696,3.225802551856514,1.0,8105.61311626,7042.08554483,15143.33832380677
parEAJhzYzHW87y9VoZAQ22dzQ2MD2ekEtTReaxbMcz,3oyc6hpjYSJEquK6dSvG72NXyz3pqLZz5D8AC71pwgQb,Di2vordgFJVZ1aj1aBpvzXtLfZgJsuLLXawGtVFwX6Rz,3.620402817000013,4.265967213000266,588.8191483825073,162.63912557399414,0.2355276593530029,193.30264331699604,1104.941426717,138.576263148,206493.86541923444
ALLwa5WNZbvQsRKAqe1jdRGemdYQnW8E5k4msbRFcYtu,CGoM82Hbz7QVqTgvQatYtjvDWBvoUJp5qm21P8iMs9yb,3dxNNww8TivyN5FMy5dCNdi3Zcxv6e4kUfSPxfFwpdNq,1.8496889560000014,1.8446257860000008,6932.087681295212,3747.7045309747778,2.7728350725180846,3740.2193264613034,1.801922533,6.931036826,32676.671130409857
SoNcU2iwHMw6dGzsYNQkYFkUjwN1UdAjrWVRnStrZu2,8ivTTid27jZnYNc4w3CTA1Z6QS2twsFb8WMwUabeDJgc,CyXm53PMvHCbeXJBykU46Rcbo28xk5srhMZFg7gv6EYB,0.13699340200000343,0.1362054540000024,27.17029235651033,198.33285369838214,0.010868116942604132,196.59918792739433,13.519676791,16.883200957,6000.619676800023
STK75uPSyBnEhGTTzb1nwmP3n427XoXmfRhXxxhyady,6TYyD5fUmDe6N65avW1Ny2RxzRNobw2RRgKwH9CTzSAU,54zDfk4cx2vGrEajPtodWpArNe5eUurytyxd4X3aZAxK,176.72060118800084,199.87857498700146,29424.621922367824,166.50363186046997,2.9424621922367824,188.46702430169196,1668.718281253,287.413752551,332015.6690672555
wrmcMSHFi3sWpAEy4rGDvQb3ezh3PhXoV2xNjgLBkKU,8p4mGnARWPBu6P2Gcw4adodLkNDorrXniZMhaY7eJXUn,AyY89zccbsgp9LKFgH4CFZMJmpSgqmPSdTfukhP227rc,0.002889899999999973,0.02996118999999453,1.0372936109116917,358.93754486719314,0.00041491744436467667,3749.1095864732124,27.1162581,0.0925246,10079.927973243739
CZgvH45CRmoaNJ7395Ao5CQZXkGznvqU7cErD6n7FaRg,4ZjU6MKvtqVQKCiowhvZ5yUsPxXX5SCzd5eFsPeXyey5,BsyWeshjDbCvjDojry3vKDCesmFRM37WtwcR4Kfgzqr,0.16862763000000314,0.17435648999997966,0.1751300511833966,1.0385608288712433,7.005202047335864e-05,1.0,193.5496479,612.457002,813.4700847507613
MATSnbbiTCv7Dc3trJrkrqjx7ckKdr6fwPoVwv9q3sD,631WX9JizSHJm4w6VanZeJAst9T8DeUUnPLesdGkCVtK,211maUSfpnXbPuW1iBu8b4dtJv5EbN1j7JJiEX5TZKEP,2.631279999997787,2.6331719999980123,2.6279530114852467,0.9987356007294765,0.0010511812045940988,0.9990858364596394,25204.694482,20369.714822,45523.919256065376
BSC8REUo9LpiiWUuqMuLXs2D2yJsJfGd4HdiF3wCLxk5,AZjEH1zWVx1UJ6udMyRijGTzPteuLnaY18yNNmprJEsh,Caf8ypkSVR8xYnXNhjvfvdGCC7mrM3C11rz8Xi6NA6aK,486.79028337299997,487.4138384270004,485.6808857512771,0.9977209947289092,0.19427235430051085,1.0,3557.028170587,2665.039961369,6213.961646005814
MARpDPs5A7XiyCWPNH8GsMWPLxmwNn9SBmKvPa9LzgA,6YjT74rmcfCpw8LSjPNx5JTmZoYLGrTKnf9arfSgZ4SR,F8GSmi3vA8M8TsybLya1LQ4n1aFHCRbZ6k437PeTdXtg,29128.316327,30401.4238369994,27609.8308499163,0.9478690954864368,11.04393233996652,1.0,296278.173705,16209.668399,297042.5929211318
MATgk4zXLXtYkwBH678J1xZbRDZ45LicNzkRBHkxTuY,y8dALFo1bJrSzPYjMX14HJX448pXqYmrfXHD1K8MXih,GN7Yuet3UyiWS5YVkEHv6oQKi4HGBJc3XDPt9zQhAqZz,60.0209990000003,60.0,60.086974497999115,1.0010992069292084,0.024034789799199645,1.0,3627.20719,4457.828431,8089.022672276922
SUiuyGR7SFq3xeRVJonq84fjjeFwRSsFekcevJ53tzy,49GjCCPsv7fBqo6t3iKDrP1xxGDS8uWZbVCdfnp2gjMf,CEwj5xEbbJEjYqM8D6Ai8ByGz1mrh8mkAVsE5fzDSSSx,4.537101000000007,0.03220500000000004,0.03187903862576344,0.007026301293659407,1.2751615450305376e-05,0.9519222165318428,669.306301,1.475438,6.107249939886001
AUSejoEUCh2DBs9mof6BNC8Pubs22w4cJa1ccV9h44R,4xkyD7AfGQDwsQMy9MosRRNGoVJ1zosNinesxg1TzHG7,Cbm5gsQe3nSiCsFrvepVzMCD9xLK3ri9g3ypS2hdmVJ7,2597.8737480000054,2595.476804,2605.9286735298865,1.00310058390485,0.2605928673529887,1.0,13279.253551,15603.830711,28924.257701828654
DFWzVTzNBrQZLjoQ4yQwkj9HuoXmfkuZP9V5vbymZe23,DhgiEgiNdqZdRdo195UUHnoEJUtefK8buko8nU97XJUZ,2K2kkXsouBHtWVjtcgkyiXd8eP3oVBvq1bTJzcVdLLr2,29.405722680006875,29.650340137002786,29.168563156138603,0.9919349193880034,0.01166742526245544,1.0,40790.549136506,27179.287442306,67640.85751181847
KysFMBBoavfov2tLpvefWW6tPFt6rAeZWDJVy1mMQae,B8ka2V21TH3x64dFV8ETcjuQcwmrciJ2qzy1mJUttRew,7fSf7EYxBANyxzk2s5pymFgshA91tFYQNKKs5UnLWcYS,50.322584999982155,62.84826899999598,0.0,0.0,0.0,0.0235756155333884,134065.866315,2948.852411,69.52101070644143
BUSD5rCfUDpCxKGMvYU2yThChxgHoioK74PTPociGnv2,CcFHbafgYDZ8yA8Me1PdtDiVb2eeaS61LbqyKKK5CsNZ,26R9s4nmF3CFDTkiePDwRmtscn8i7r2eygbSijditJ58,243.01785495000001,243.09296874,242.83379664549457,0.9992426140682408,0.024283379664549458,1.0,105.95947222,42.23188983,148.11110983640395
Dg3mAgpwDfVNnbGWcsxL8sUcSkEbjSJQhKAWNigG44Ju,EATxwd8YA2wV93VJcKMmH2Kn2Y9XfJVUB9hHVu3udwEy,GiGvrRi7NMHfHKanG2B8xyCEqe8jaafWins8bhrLVEaa,0.00031191899999999384,0.00031591900000005335,0.06236475380418697,199.93893864813685,2.494590152167479e-05,196.5523151504097,0.194400143,0.26527439,91.00845376907873
SRMuKizofcAMicegrfSv7xs9q76tH1w8aAF7oX9FEWu,72Hj2KWntXPfbie4UgKeTPnm1XVkomDfCnRPKbvfTtPi,6aqJQ5wedqpUt4fFEDUqUmXhrdxCu4bEJsQdVPCADLko,0.022294000000329106,0.022294000000329106,0.0007959884240107265,0.035704154660400826,3.1839536960429064e-07,0.03258163164901503,16637.386461,5253.559984,765.1933755930959
BkwbeSfcX1h4thMDd7obGkHrPevf3QwgzJ4pCEqG18Lu,35yX27bmurdebhfAb8EPmjLETDiUaEUCn9zHaDPbakH2,2CxECn1ZJFoESyUnQysQU8rRgT3iJ5GRs2Mdd6gZjx5g,0.1555530300000001,0.10499999999999998,310.11987878546245,1993.660160689009,0.12404795151418496,1386.9625520110958,0.96829244,21.84121636,32223.395243216448
KEN5P7p3asnb23Sw6yAmJRGvijfAzso3RqfyLAQhznt,9zj4aX38Uxf3h6AUjS4EipWS8mwbEofasHAf3a1uKGds,CwQDG1MWunn9cLNwcZLd8YBacweSR7ARo32w4mLua1Yr,79743.1126,79761.3720250011,79622.16652904237,0.9984833038614345,7.962216652904238,1.0,1158498.176409,1030957.696616,2187698.7833143054
RajgMbScQbqqrdJfR2rxfHJiTiY5b6bJ2tTXiF4aPxy,725ZA3fhyBAKb5iopNRrcbSuQa3LXA1656Q3mBvYPxeg,GLA6i1dSZpUfk2f9Nj8uiG7xyDdAR2reff8oEiZH3617,11312.630729680008,11311.966103329993,11298.3834681267,0.9987405881183827,4.51935338725068,1.0,93723.78769311,90286.39388721,183892.14472850913
Sid7E679i9ABqptiAVhkmQ27YHN8vaYT4fppPwmxFsJ,GP7KB8o1bv527HG8kTzzzf4wJ5aEGHvcMQvVhLziUfmT,9gYxhAZ1M9wu5pxr8SBoa5NDm21gi3s9vMHaYTME77sa,347.85864500000116,1174.282463999989,2.43513712995508,0.007000363983925344,0.000974054851982032,0.023494477411634098,138089.510266,8051.28992,1155.8376833839527
SAMyS8Jr2HJrkFwYVKbpUwsNStnQmvz3f8Tup8bWUWF,6jPzm5TFfquvgm25sTyN3MMGBfufRaFHMxobDWv6hMFW,Cj9ECoDmxsHTDzCY5ZA6RWrPbg9uFzEC1Qc2kso2vJG6,2679.2347588300036,61.90097465000002,2704.6902759247023,1.0095010401797768,1.0818761103698809,0.02366392643131377,504.75415597,107898.83335808,3062.8599000969693
NorjjEePhxfwLF4vZjUHCrVVKLzQjEEGQFd3wgjEJmh,34M8pFVqgbV7aqHxvRT5tCv3vu2P1JJYT8J3VaxBK2oG,3AZWBSze3ucsY3xSeuLne3b2pauVqiaJ1SZSV5T9WGWw,3.99699899999996,7.065968000009889,2.261440589502296,0.5657846272922057,0.0009045762358009185,1.0,38241.253832,2128.395442,23764.708988524755
Cob4usZcpHEY7Qt4ZCwj6WVg9S44zvzYV2v9qYF65dTf,NhFM9UXE48PyNAyeyPYA3iXztqKVJwA4bTdLj4ysM8w,6TuFuynuBoeskxyR2cz4wxyidk8dpDK7kAWw3UkjQGx,8.159293999999989,1171.350860000006,0.05719000933896926,0.007009186007878788,2.287600373558771e-05,1.0,74510.081414,159.995196,682.2502160929181
BSCrK1Nx9PXU9mF7STWWBqeHLxmtJDr9h7jheEy4tAWX,FfSySSbVJPvEo5a5AvrP3nySoXpRE2QPn1uUMpJJ1x7v,HL7Vcj6838ZmvBHDbQxXfjBNckNi83WvPiZQoMQLFeRM,0.0003681770000001361,0.00036917999999985796,1.3864748125586466,3765.7833394213494,0.0005545899250234586,3739.7157816005983,0.635014669,1.170354641,6768.121381825566
