0,1,2,3,4,5,6,7,8,9,10,11
daob129AwBGn9Y5r91uLoWZeYiGzbPmksauMhFZKTze,6VW5GQNyj4LStgmxEHLr5zUfW92vQnmbw8jTnCH7a38F,4VPCCUifPeBA1c7HWK358CHn2nyjm8pdTRk6Ps3KmnMQ,4.252749988999938,3.802015113000003,792.009708974714,186.23472130346426,0.31680388358988565,166.31012547600037,48.094584145,224.511489779,46295.41551039935
KysFMBBoavfov2tLpvefWW6tPFt6rAeZWDJVy1mMQae,B8ka2V21TH3x64dFV8ETcjuQcwmrciJ2qzy1mJUttRew,7fSf7EYxBANyxzk2s5pymFgshA91tFYQNKKs5UnLWcYS,13.754312999985814,15.997793000009096,0.0,0.0,0.0,0.0237565224423235,134062.002125,2951.919835,70.12734980811739
SoN9GaFpSXfpyR5dth3x7PHPVhvJMpQqqDJfCSmPv1t,9kZ9iS68ViMPtoeqtnhAKuF2iqVyfHPdZHoUNdwCELr,BBhm5fJLjw3HRzjtKB8uMEYjGhY6EDm9co3cqpjrSzB9,0.040590272999999844,0.03971185499999996,8.141657264409492,200.58148572712292,0.003256662905763797,195.54138271613627,1.955571975,3.24016604,1025.8380798832918
MATSnbbiTCv7Dc3trJrkrqjx7ckKdr6fwPoVwv9q3sD,631WX9JizSHJm4w6VanZeJAst9T8DeUUnPLesdGkCVtK,211maUSfpnXbPuW1iBu8b4dtJv5EbN1j7JJiEX5TZKEP,2089.9363819999926,2091.685362000004,2086.156266844471,0.9981912774053416,0.8344625067377883,0.9987116619560766,25839.642824,19736.693674,45504.17221886485
vEnkoSUkpnbRrPgBz9DfcVxNz67zjwMYBZraAvDDNSf,DtfyjjsZ5yCjWKLKHvwsfXs5QVsmm1QkK6Sh9JZHoq1g,e5wrKCRv4GhHvEf1VD5Pq2KGaZDXP77nTL612Jyrxwy,5318.225519,5318.630086999997,5314.431015255107,0.9992865094322653,0.5314431015255107,0.9881364339737116,4660.293479,5661.700403,10251.500850007804
KEN5P7p3asnb23Sw6yAmJRGvijfAzso3RqfyLAQhznt,9zj4aX38Uxf3h6AUjS4EipWS8mwbEofasHAf3a1uKGds,CwQDG1MWunn9cLNwcZLd8YBacweSR7ARo32w4mLua1Yr,29227.763802000554,29227.984863999765,29220.19577129579,0.9997410670636305,2.9220195771295794,1.0,1099697.749004,1082612.623453,2182025.6244897316
FrnkTEL6yZ5Aycq2TrEgu29dCrwKG4LPUZydfiwqspkc,DjvZuMZ46fxKBoBpGMPcRcos4xdTtHFxwMh69DpA2ZFY,9rvDPJLAng4uVVqnnSoEXgNDFhBZQTny9AoQioYDZbQX,20.013518899001383,16.58103547600018,4016.431138144226,200.6859042836607,1.6065724552576905,166.25582082410682,169.565542566,1443.156606945,273962.60051058116
Cob4usZcpHEY7Qt4ZCwj6WVg9S44zvzYV2v9qYF65dTf,NhFM9UXE48PyNAyeyPYA3iXztqKVJwA4bTdLj4ysM8w,6TuFuynuBoeskxyR2cz4wxyidk8dpDK7kAWw3UkjQGx,1.0049199999999985,143.05564600000798,0.007080925917521294,0.007046258326554656,2.8323703670085177e-06,1.0,74514.340857,159.967014,685.0143087113681
ionytDfEj1mXodptgrsKEZro7DGsfpzANUfarJdm6Qb,3gkSjY95an9xNFSjCfsay6JZez7uv7yfW3Ad4ubc4fMK,9wXqANaSuEqkKL9yHzCPEDGHwbkStVAqV5rB3QDs3Jr6,0.00026807000000000913,0.0010304219999999198,0.266463756475972,994.0081190583165,0.0001065855025903888,3817.813919749551,3.158672171,0.082508136,3454.7464935309486
BSC8REUo9LpiiWUuqMuLXs2D2yJsJfGd4HdiF3wCLxk5,AZjEH1zWVx1UJ6udMyRijGTzPteuLnaY18yNNmprJEsh,Caf8ypkSVR8xYnXNhjvfvdGCC7mrM3C11rz8Xi6NA6aK,1403.8276776420003,1407.8256446620003,1402.9769292678154,0.9993939794835689,0.5611907717071262,1.0,3345.396734022,2876.919549026,6220.288903991581
HEDSDjj84KS7LKhZY7ejkCACTdPen62rKhCby1wXtgxc,EnnjMSFttpCTywBrYNt1J5QQeoSVkvzPipJDa8Y7kJow,6bjVT6JN2rSvpyn9PdfLYC8wJn4LWh49jpY47fnLDXZk,664.9097616010022,735.1048133740042,582.3866215470042,0.875888210972727,0.23295464861880166,1.0,43352.467815587,4804.005582294,42775.921058541215
BSCrK1Nx9PXU9mF7STWWBqeHLxmtJDr9h7jheEy4tAWX,FfSySSbVJPvEo5a5AvrP3nySoXpRE2QPn1uUMpJJ1x7v,HL7Vcj6838ZmvBHDbQxXfjBNckNi83WvPiZQoMQLFeRM,0.01793382599999993,0.017847843999999835,68.83276400733828,3838.1527738330096,0.02753310560293531,3813.7370809656377,0.634810704,1.170566825,6900.7345706672
GokA1R67GqSavkd15zR62QD68Tuc5AEfvjssntVDEbM8,3YB7hfpBdbQEuZqLGWVDpRPmeZWCUsrrWyqGXegnQ6Cg,4DPCj6Z1DsG6HUtwSogBGqXEUxdEV5a8YVrrFtcnz7UW,2352.801543999998,2353.033219999994,2352.6909675245247,0.9999530022088963,0.23526909675245247,1.0,17932.760895,14515.75281,32447.67090484954
BSCuChvaSj9b5HUSqgDVRzcnr2sSn7cXaamt1jbKH6hn,GnKpRj5kBVPMJfiwZtEuD9GYApLzPdW5JFuZTcyX4BTc,3dmwD9okkomV9nDwyuh4UMhKdUR13QpuKxRo89ycZB5t,464.09503335700015,464.9381923180001,463.281864350545,0.998247839455266,0.185312745740218,0.9987595406505121,1643.785206462,1362.930494277,3002.1448652818917
ALLwa5WNZbvQsRKAqe1jdRGemdYQnW8E5k4msbRFcYtu,CGoM82Hbz7QVqTgvQatYtjvDWBvoUJp5qm21P8iMs9yb,3dxNNww8TivyN5FMy5dCNdi3Zcxv6e4kUfSPxfFwpdNq,3.716954916999998,3.680148666,14176.029431731497,3813.882532418002,5.670411772692599,3815.4686730944595,2.776912859,5.956375405,33317.183209954856
SERgf3DMJpQxUifu7VoFKmfne73d2fDJxSrxUMrcNJB,AJfM2GZ2tTB8UtN2krcyR9xufRJEx2mhSCbJyMgPo3GU,F4yRYkufQvERZcEKnKjJwRLU1btiMBUuEwq46hfm11QD,2.8157000002693167e-05,7.087000000183252e-06,0.004675431378192562,166.04863365221314,1.870172551277025e-06,165.9848286546913,29.169443875,28.077047092,9503.910150533986
Sid7E679i9ABqptiAVhkmQ27YHN8vaYT4fppPwmxFsJ,GP7KB8o1bv527HG8kTzzzf4wJ5aEGHvcMQvVhLziUfmT,9gYxhAZ1M9wu5pxr8SBoa5NDm21gi3s9vMHaYTME77sa,143.05564599999343,42.13303900000028,1.006778565024898,0.00703767095655172,0.00040271142600995923,0.023734745797549646,138087.675907,8051.899241,1162.9254078610384
Lee1XZJfJ9Hm2K1qTyeCz1LXNc1YBZaKZszvNY4KCDw,9DgFSWkPDGijNKcLGbr3p5xoJbHsPgXUTr6QvGBJ5vGN,2hNHZg7XBhuhHVZ3JDEi4buq2fPQwuWBdQ9xkH7t1GQX,181.4849824920484,152.36030349499924,35878.16910356234,197.6922200994471,3.5878169103562336,166.0849265306719,6617.152567454,53949.458315192,10268351.402444948
SRMuKizofcAMicegrfSv7xs9q76tH1w8aAF7oX9FEWu,72Hj2KWntXPfbie4UgKeTPnm1XVkomDfCnRPKbvfTtPi,6aqJQ5wedqpUt4fFEDUqUmXhrdxCu4bEJsQdVPCADLko,0.023691999999755353,0.023691999999755353,0.0008402159438584302,0.03546412054141087,3.3608637754337203e-07,0.03524978917101097,16637.386461,5253.646181,775.2201992062782
MARpDPs5A7XiyCWPNH8GsMWPLxmwNn9SBmKvPa9LzgA,6YjT74rmcfCpw8LSjPNx5JTmZoYLGrTKnf9arfSgZ4SR,F8GSmi3vA8M8TsybLya1LQ4n1aFHCRbZ6k437PeTdXtg,42046.06104800001,43658.02628799976,38915.791525095876,0.9255514203974873,15.566316610038351,1.0,294170.335274,18262.368258,290532.1399096558
WiiQFxXqp8P9Fs1rt9SVcDyA3KUdJmUsog6wnVQAwba,3S2jpqSYxho6wiz3cafhjXruVY8cg4HYa2v3BqBHYFSj,Dfe67M6TfrG74gKRtdqys4e6E9QirPD53BkF4FujFjuv,897.1345561090002,899.0167286889991,895.3399045720395,0.9979995737264381,0.08953399045720395,1.0,20613.117241324,6230.680986253,26802.56320626744
C98Sspw7XqnMsgxea3SLQVdbMDL8pKUc3RE82UvX9eq2,CSqgQJurPCzGxb4Cgwx5R61hWQUiaoUHcShNc8r1cKEL,6S2CR5EnukPhC914XkAns8m5GixjMAoUuZMsS5ubHuWc,50.34443899999985,50.334753999999634,0.0,0.0,0.0,1.0,876.224691,887.850423,887.850423
KZMu9QBEdL97EFgamLbN5DE1AoKBG4HdrKKJo4Vuon3,DD4ACBWyVqdaKWh7v5btsgqQCCMwbKnuL2xd9pv7Gyuw,GcYqiJ1MAuYbNTNYXm1F1gQYTfTgkErACAhNU5dpVj9T,43.998798460000444,43.543910109999615,44.478919034895576,1.0109121292330656,0.017791567613958233,1.0,1177.66935426,1912.65391771,3103.1741521575063
RajgMbScQbqqrdJfR2rxfHJiTiY5b6bJ2tTXiF4aPxy,725ZA3fhyBAKb5iopNRrcbSuQa3LXA1656Q3mBvYPxeg,GLA6i1dSZpUfk2f9Nj8uiG7xyDdAR2reff8oEiZH3617,734.56255788001,734.8381196700066,734.6813632032536,1.0001617361543536,0.2938725452813014,1.0,85744.95574374,98271.15428689,184029.97809002723
MATgk4zXLXtYkwBH678J1xZbRDZ45LicNzkRBHkxTuY,y8dALFo1bJrSzPYjMX14HJX448pXqYmrfXHD1K8MXih,GN7Yuet3UyiWS5YVkEHv6oQKi4HGBJc3XDPt9zQhAqZz,12.85104500000034,12.84853000000021,12.863715760023963,1.0009859711816138,0.005145486304009585,1.0,3692.041553,4392.980657,8088.662456572579
SAMyS8Jr2HJrkFwYVKbpUwsNStnQmvz3f8Tup8bWUWF,6jPzm5TFfquvgm25sTyN3MMGBfufRaFHMxobDWv6hMFW,Cj9ECoDmxsHTDzCY5ZA6RWrPbg9uFzEC1Qc2kso2vJG6,1768.6485526100378,88.10807758999312,1787.948274183993,1.0109121292330656,0.7151793096735972,0.02373568717294745,506.01534865,107846.58199895,3071.3497865270865
SEQV6QiTpvTzrceiaYg9Avnwf7oc8ZALpnQMz6TyT4A,3dFMPj4r9mMmPHF32mz1gNDX7f8ftidWof7S8YiYTs1j,Fc1ED3YPeQfXQosHbd8DTaBd2AV5gHQtwiSAL5C5pUhi,59.190682657000025,59.2586792269999,59.0494521926085,0.997613974732984,0.023619780877043396,0.9985102227476604,3661.768835433,1895.757502729,5545.965008795167
BSCNHw8CmxbZ8hCWWzMf5FaG2ajPT6JxfznKUNuRVrn4,7n9kgNL633yGzCYksgnzHyjG73ZLBAwvEae5sbAekbzW,SscdxE99omdG9AiMVwmaEMQySQnCgeAh1sPj2Leutm2,318.2180697780004,316.5568915079998,320.0908731430385,1.0058852829015794,0.1280363492572154,1.0,3897.605464521,7814.725299424,11735.269274742448
Lid8SLUxQ9RmF7XMqUA8c24RitTwzja8VSKngJxRcUa,4PgzyzLtds9bKZ2to9PMnKqJzKEUpjvNUaeN23phegax,AtymwxoVN9peZo7EXTcDz9jKVc4vRmisJKKrNfe3ewBa,92.89787349699236,78.61617245599996,18231.491766005194,196.25305811327803,1.8231491766005194,166.01307319748815,963.692715001,7654.402817438,1459858.5776148282
BUSD5rCfUDpCxKGMvYU2yThChxgHoioK74PTPociGnv2,CcFHbafgYDZ8yA8Me1PdtDiVb2eeaS61LbqyKKK5CsNZ,26R9s4nmF3CFDTkiePDwRmtscn8i7r2eygbSijditJ58,99.23433186,99.51944135999997,99.18114101407414,0.9994639874635233,0.009918114101407416,1.0,100.91144594,47.25519404,148.11255017990217
YAkoNb6HKmSxQN9L8hiBE5tPJRsniSSMzND1boHmZxe,CfWX7o2TswwbxusJ4hCaPobu2jLCb1hfXuXJQjVq3jQF,EnTrdMMpdhugeH6Ban6gYZWXughWxKtVGfCwFn78ZmY3,2600344.954485999,2597850.502047995,2600344.954485999,1.0,260.0344954485999,0.9985889937518285,239015.55784,1263797.371439,1501029.7032914767
SoNcU2iwHMw6dGzsYNQkYFkUjwN1UdAjrWVRnStrZu2,8ivTTid27jZnYNc4w3CTA1Z6QS2twsFb8WMwUabeDJgc,CyXm53PMvHCbeXJBykU46Rcbo28xk5srhMZFg7gv6EYB,0.13350880700000722,0.13266581999999794,26.298868001984637,196.98227100466275,0.010519547200793856,195.70582283534682,13.387356776,17.016855757,5967.369698480234
heyk4SZTeCUV6a65WiVA5bzic3KcxgVf1qxobfeV4tQ,9ZDpBKPqMABtGfq66FbVribaArMvtk63xxy91onZAtDt,DaTP4s6N7xxSPinbNZ3FB52EpRDRt87QShTuN3VPCW52,4.035509663000084,3.478741001999879,774.4429010210578,191.90708626511386,0.3097771604084231,165.8919787744531,611.027247048,4491.242191446,862321.5129038636
C2ypsDADXcCRz8HbV2zX1AXPSja7a1P3xZtRC91xGhJh,J9bYNuDpY1d1T86gLaw7DGk5D3CsUAf2tzUwxMvb6FTv,A2NGvvPrMGzsJ4jb52KEnSBVmsA7C34dV1GC7PerdgvG,62.45990013899973,63.09520350400044,10362.015858090212,165.89869396253178,4.144806343236085,167.01963482827043,2336.205450737,1042.611756669,561710.0679719341
JSoLLrxK5bYdHwTEWYaGgmeycBCNXKDiBCTw5hXGBg7,xG4wXczA7Dk4hccJ61CHKpDHW4NrNfQwgmWgkb9BuF2,BVR6WgfhsRr9Lob4QDnkEAiNGgAbv7ZieKcY9kSg3QYR,0.1857030669999915,0.15724510899998734,36.3602639590155,195.7978645501701,0.0145441055836062,165.9133646865349,16.851532686,165.011396679,30677.09014895359
BUSDgu5JdqP1rndBvXvanbEufS94FNh1w5FJcAj6vawb,Bgzr8cWubt89JQFXndVjtdKmDbGzuPxNhvjH1EhWCwbo,Dxaf8xPBBQsasRKW5Aa4Sw2YrbfGofY9xZueyyF23FBW,4712.302367899995,4704.1609119099985,4724.068226706795,1.002496838676344,1.889627290682718,1.0,6432.57797691,8719.97238276,15168.611469151347
AUSejoEUCh2DBs9mof6BNC8Pubs22w4cJa1ccV9h44R,4xkyD7AfGQDwsQMy9MosRRNGoVJ1zosNinesxg1TzHG7,Cbm5gsQe3nSiCsFrvepVzMCD9xLK3ri9g3ypS2hdmVJ7,53.26664399999936,53.12516999999934,53.40705113743969,1.0026359298596008,0.0053407051137439685,1.0,13461.207983,15421.359017,28918.049800068686
ercAoEmXjQzEvAFbdjAo81KtMxRGn9AW1ju882upmPH,CMRhskR2Eg6V42RTSdRTXGdozyPbWB8U9dVpijPWb9T4,7TKLLgrWswt6ZJ1pXhVR3FyufHGjJFqiEXxvWJfDcgRm,0.0,9.648000002471235e-06,0.0,165.90001504713138,0.0,148.82651040676816,39.262424107,304.897425584,51890.45663181216
parEAJhzYzHW87y9VoZAQ22dzQ2MD2ekEtTReaxbMcz,3oyc6hpjYSJEquK6dSvG72NXyz3pqLZz5D8AC71pwgQb,Di2vordgFJVZ1aj1aBpvzXtLfZgJsuLLXawGtVFwX6Rz,0.3528375030000461,0.40210262999968904,57.05346350317377,161.69897762587416,0.022821385401269507,192.62864125920572,1105.252198447,138.315423678,205361.6626359142
RoBgmK8CvjdHvPrqdDyVw54VwjZv2TqJ493xnqJAQHx,ExiHJxM7qPAcy27NDHAF6G7vnW7muNHi2sVJpnaNynGQ,6rkPHSqZb7StM4HwS9EuVrmfkV7tRdc7dnsFhyB6cefE,0.32787799999999834,16.610563000000184,0.0,0.0,0.0,0.9453100333316317,6187.251618,20.394013,19.27866510879573
BUSDTd9WiT6uBHJRgNvFXBsA7JrifsAtWzKfioN7ERcy,DyBxrn7gSc1EwnpWhDyhzvMHPtxpmBqRqotapLcKcfTM,Cds99GeBgoCpqBsoRWu1C6fF9LiUMd4pXQQD24s9LPff,227.83425409000006,228.12982538999995,227.48712693327005,0.998476404884259,0.022748712693327008,0.9983666721244046,98.30119746,87.20351957,185.21251386631474
STK75uPSyBnEhGTTzb1nwmP3n427XoXmfRhXxxhyady,6TYyD5fUmDe6N65avW1Ny2RxzRNobw2RRgKwH9CTzSAU,54zDfk4cx2vGrEajPtodWpArNe5eUurytyxd4X3aZAxK,157.0905260160015,177.91051432800077,26046.909485593333,165.8082772155219,2.604690948559333,187.82316148828818,1663.424806647,285.671747051,329465.3721467031
AURHmCnNwiW4uA2Qj1XvEh4iKgRUZYXtiY7FKAapUV5Y,BKWm4TRnTeKwfWXRyuzjRHU7iZDkPuXBX5b5V5jSVfGJ,A5Ww74HVrkj9nPeC7pHKLfgeDMEhBCpW1efQdz3TGLEg,0.004319441000006918,0.00462428099990575,0.7716760042031268,178.65182189127964,0.00030867040168125075,165.6189062593678,288.968488068,1788.254614647,347793.52025362005
wrmcMSHFi3sWpAEy4rGDvQb3ezh3PhXoV2xNjgLBkKU,8p4mGnARWPBu6P2Gcw4adodLkNDorrXniZMhaY7eJXUn,AyY89zccbsgp9LKFgH4CFZMJmpSgqmPSdTfukhP227rc,0.004448779999997959,0.012308750000000354,1.5787012065287294,354.86160397444996,0.0006314804826114918,3817.522427944264,27.12912726,0.09131049,9975.665457392155
B2izdXFYb2sNwbWWHmh75T4aQFtfXsUxem9u2p61HGzf,4DYwgJtxwuJdAjkj5RJSNH4e7U329V5cNp7d3a1nLrZv,EXNW64GEf1ACC6xY9BtKRiunrs6GoJSXBdxWN2eTPmrF,1298.871874999997,1283.0111570000136,1301.9457689605129,1.0023665875131185,0.1301945768960513,1.0,9671.325946,30078.010226,39772.2242112191
KwnjUuZhTMTSGAaavkLEmSyfobY16JNH4poL9oeeEvE,J63v6qEZmQpDqCD8bd4PXu2Pq5ZbyXrFcSa3Xt1HdAPQ,BnKQtTdLw9qPCDgZkWX3sURkBAoKCUYL1yahh6Mw7mRK,470.8812530000488,18943.679876000322,11.162116005197424,0.023704736457614436,0.0011162116005197424,1.0,275593.688883,619.280791,7152.156555353301
