0,1,2,3,4,5,6,7,8,9,10,11
C98Sspw7XqnMsgxea3SLQVdbMDL8pKUc3RE82UvX9eq2,CSqgQJurPCzGxb4Cgwx5R61hWQUiaoUHcShNc8r1cKEL,6S2CR5EnukPhC914XkAns8m5GixjMAoUuZMsS5ubHuWc,29.289341000000036,29.28699699999993,0.0,0.0,0.0,1.0,877.046162,887.045068,887.045068
MARpDPs5A7XiyCWPNH8GsMWPLxmwNn9SBmKvPa9LzgA,6YjT74rmcfCpw8LSjPNx5JTmZoYLGrTKnf9arfSgZ4SR,F8GSmi3vA8M8TsybLya1LQ4n1aFHCRbZ6k437PeTdXtg,27494.85441899998,28496.187503000507,26118.810981263116,0.9499526923559207,10.447524392505247,1.0,295070.307899,17422.405716,297725.2391389456
Cob4usZcpHEY7Qt4ZCwj6WVg9S44zvzYV2v9qYF65dTf,NhFM9UXE48PyNAyeyPYA3iXztqKVJwA4bTdLj4ysM8w,6TuFuynuBoeskxyR2cz4wxyidk8dpDK7kAWw3UkjQGx,149.31541800000048,1005.5891720000072,1.0580519894177416,0.007086019672916418,0.00042322079576709667,1.0,74505.623685,160.035908,687.9842231748173
SoNcU2iwHMw6dGzsYNQkYFkUjwN1UdAjrWVRnStrZu2,8ivTTid27jZnYNc4w3CTA1Z6QS2twsFb8WMwUabeDJgc,CyXm53PMvHCbeXJBykU46Rcbo28xk5srhMZFg7gv6EYB,1.4306835609999986,1.4219045260000023,282.2051430293717,197.25196453094074,0.1128820572117487,196.02277627842136,13.868749836,16.532910445,5976.465156130573
KEN5P7p3asnb23Sw6yAmJRGvijfAzso3RqfyLAQhznt,9zj4aX38Uxf3h6AUjS4EipWS8mwbEofasHAf3a1uKGds,CwQDG1MWunn9cLNwcZLd8YBacweSR7ARo32w4mLua1Yr,65948.2241050005,65953.1039930007,65931.74116970807,0.9997500624843788,6.593174116970807,1.0,1111052.148751,1071215.950381,2181990.4055182156
KwnjUuZhTMTSGAaavkLEmSyfobY16JNH4poL9oeeEvE,J63v6qEZmQpDqCD8bd4PXu2Pq5ZbyXrFcSa3Xt1HdAPQ,BnKQtTdLw9qPCDgZkWX3sURkBAoKCUYL1yahh6Mw7mRK,462.8779720000001,19202.918198999134,10.850144520770217,0.023440615404291078,0.0010850144520770217,1.0,275474.36252,622.228303,7079.5168885735775
SoN9GaFpSXfpyR5dth3x7PHPVhvJMpQqqDJfCSmPv1t,9kZ9iS68ViMPtoeqtnhAKuF2iqVyfHPdZHoUNdwCELr,BBhm5fJLjw3HRzjtKB8uMEYjGhY6EDm9co3cqpjrSzB9,0.061208801999999896,0.06034097700000007,12.242193773659567,200.00708025064088,0.004896877509463827,195.49543332442525,1.988853535,3.206268685,1024.595674510126
NorjjEePhxfwLF4vZjUHCrVVKLzQjEEGQFd3wgjEJmh,34M8pFVqgbV7aqHxvRT5tCv3vu2P1JJYT8J3VaxBK2oG,3AZWBSze3ucsY3xSeuLne3b2pauVqiaJ1SZSV5T9WGWw,14.561007999995581,16.70557799999324,8.217644137430348,0.5643595647659037,0.0032870576549721394,1.0,38252.565943,2122.01307,23710.21453677051
wrmcMSHFi3sWpAEy4rGDvQb3ezh3PhXoV2xNjgLBkKU,8p4mGnARWPBu6P2Gcw4adodLkNDorrXniZMhaY7eJXUn,AyY89zccbsgp9LKFgH4CFZMJmpSgqmPSdTfukhP227rc,0.007676179999998312,0.04711689000000073,2.810099427449558,366.08044983965675,0.0011240397709798232,3763.5015618531484,27.10848201,0.09327787,10274.936698122377
YAkoNb6HKmSxQN9L8hiBE5tPJRsniSSMzND1boHmZxe,CfWX7o2TswwbxusJ4hCaPobu2jLCb1hfXuXJQjVq3jQF,EnTrdMMpdhugeH6Ban6gYZWXughWxKtVGfCwFn78ZmY3,5004445.8286449965,5002933.930044017,5004445.8286449965,1.0,500.4445828644997,0.9961727044694285,445604.923439,1058095.971583,1499651.2490390446
BSCrK1Nx9PXU9mF7STWWBqeHLxmtJDr9h7jheEy4tAWX,FfSySSbVJPvEo5a5AvrP3nySoXpRE2QPn1uUMpJJ1x7v,HL7Vcj6838ZmvBHDbQxXfjBNckNi83WvPiZQoMQLFeRM,0.014644917999999674,0.014564932000000086,55.46140970097129,3787.0754688399434,0.022184563880388516,3764.918489514702,0.607200899,1.198333737,6811.144472301008
AURHmCnNwiW4uA2Qj1XvEh4iKgRUZYXtiY7FKAapUV5Y,BKWm4TRnTeKwfWXRyuzjRHU7iZDkPuXBX5b5V5jSVfGJ,A5Ww74HVrkj9nPeC7pHKLfgeDMEhBCpW1efQdz3TGLEg,0.001735820000703825,0.0015108010000517424,0.31853491056954203,183.50687884710703,0.00012741396422781683,165.57009592137936,288.966954609,1788.256391696,349109.2062353777
MATgk4zXLXtYkwBH678J1xZbRDZ45LicNzkRBHkxTuY,y8dALFo1bJrSzPYjMX14HJX448pXqYmrfXHD1K8MXih,GN7Yuet3UyiWS5YVkEHv6oQKi4HGBJc3XDPt9zQhAqZz,203.57579400000031,203.81044399999973,203.85017633735038,1.0013478141578565,0.08154007053494017,1.0,3488.468087,4596.792265,8089.96215867689
KZMu9QBEdL97EFgamLbN5DE1AoKBG4HdrKKJo4Vuon3,DD4ACBWyVqdaKWh7v5btsgqQCCMwbKnuL2xd9pv7Gyuw,GcYqiJ1MAuYbNTNYXm1F1gQYTfTgkErACAhNU5dpVj9T,42.73987679999914,42.29919615999961,43.20791443489914,1.0109508419289597,0.017283165773959656,1.0,1176.59486973,1913.77939863,3103.258972792838
vEnkoSUkpnbRrPgBz9DfcVxNz67zjwMYBZraAvDDNSf,DtfyjjsZ5yCjWKLKHvwsfXs5QVsmm1QkK6Sh9JZHoq1g,e5wrKCRv4GhHvEf1VD5Pq2KGaZDXP77nTL612Jyrxwy,5952.328364000003,5954.611119999999,5947.956615887326,0.9992655398282263,0.5947956615887325,0.9992425741288103,5872.901919,4450.971135,10316.188360758193
DA1mL7dfBow33EH5yjUuZE6SH2KeUK5zEXzsyhE5r5j5,B4UtLRZND3D83CitRCBUyeiNr7H8m7YFRqBmiPmXjhW4,AAmpYbuixWiSqDaJBCqYEs1pb5SrbdPr9mgXrB58Q2e,18.814857047000032,18.743050999999923,18.745360478815513,0.9963062930528297,0.007498144191526205,0.9999107409678861,1999.070339004,1009.414529501,3001.010789142034
STK75uPSyBnEhGTTzb1nwmP3n427XoXmfRhXxxhyady,6TYyD5fUmDe6N65avW1Ny2RxzRNobw2RRgKwH9CTzSAU,54zDfk4cx2vGrEajPtodWpArNe5eUurytyxd4X3aZAxK,178.09985948100075,201.77675095399877,29511.039222041458,165.69939643994846,2.9511039222041457,187.76394917154792,1556.832648775,266.542967495,308013.3904607885
Lee1XZJfJ9Hm2K1qTyeCz1LXNc1YBZaKZszvNY4KCDw,9DgFSWkPDGijNKcLGbr3p5xoJbHsPgXUTr6QvGBJ5vGN,2hNHZg7XBhuhHVZ3JDEi4buq2fPQwuWBdQ9xkH7t1GQX,710.4589471449581,596.635885377992,140371.56398664805,197.57871239533762,14.037156398664804,165.63424083781774,6610.988549672,53956.979932524,10243314.014329495
HEDSDjj84KS7LKhZY7ejkCACTdPen62rKhCby1wXtgxc,EnnjMSFttpCTywBrYNt1J5QQeoSVkvzPipJDa8Y7kJow,6bjVT6JN2rSvpyn9PdfLYC8wJn4LWh49jpY47fnLDXZk,129.15595128600035,139.33538432100613,119.91581468216633,0.9284575235455249,0.04796632587286653,0.9999107409678861,42102.119673559,5945.278193552,45034.777291904706
SAMyS8Jr2HJrkFwYVKbpUwsNStnQmvz3f8Tup8bWUWF,6jPzm5TFfquvgm25sTyN3MMGBfufRaFHMxobDWv6hMFW,Cj9ECoDmxsHTDzCY5ZA6RWrPbg9uFzEC1Qc2kso2vJG6,1778.4298369799799,41.963648159999934,1797.905141006493,1.0109508419289597,0.7191620564025973,0.023713979975294477,504.07872776,107930.65641635,3069.064239205163
JSoLLrxK5bYdHwTEWYaGgmeycBCNXKDiBCTw5hXGBg7,xG4wXczA7Dk4hccJ61CHKpDHW4NrNfQwgmWgkb9BuF2,BVR6WgfhsRr9Lob4QDnkEAiNGgAbv7ZieKcY9kSg3QYR,0.7799890729999959,0.6587576540000022,152.3522685765911,195.32615757117392,0.06094090743063644,165.5908779297166,16.743087016,165.140316868,30616.092904478806
BSC8REUo9LpiiWUuqMuLXs2D2yJsJfGd4HdiF3wCLxk5,AZjEH1zWVx1UJ6udMyRijGTzPteuLnaY18yNNmprJEsh,Caf8ypkSVR8xYnXNhjvfvdGCC7mrM3C11rz8Xi6NA6aK,76.4668902340004,76.52523610100025,76.36284425508313,0.9986393329374469,0.030545137702033254,0.9999107409678861,3329.653573282,2897.100522768,6221.964953714523
parEAJhzYzHW87y9VoZAQ22dzQ2MD2ekEtTReaxbMcz,3oyc6hpjYSJEquK6dSvG72NXyz3pqLZz5D8AC71pwgQb,Di2vordgFJVZ1aj1aBpvzXtLfZgJsuLLXawGtVFwX6Rz,1.163700236000011,1.358486675999842,188.498597073115,161.98209061213356,0.075399438829246,192.32907042359707,1105.564299642,138.05351192,205633.320178437
SEQV6QiTpvTzrceiaYg9Avnwf7oc8ZALpnQMz6TyT4A,3dFMPj4r9mMmPHF32mz1gNDX7f8ftidWof7S8YiYTs1j,Fc1ED3YPeQfXQosHbd8DTaBd2AV5gHQtwiSAL5C5pUhi,65.531165827,65.56671610299986,65.35924454335694,0.9973764958783592,0.026143697817342774,0.9988024358793807,3758.608865567,1799.090898021,5545.684511028347
AUSejoEUCh2DBs9mof6BNC8Pubs22w4cJa1ccV9h44R,4xkyD7AfGQDwsQMy9MosRRNGoVJ1zosNinesxg1TzHG7,Cbm5gsQe3nSiCsFrvepVzMCD9xLK3ri9g3ypS2hdmVJ7,7.119673999997758,7.109448999999586,7.135858126228044,1.002273155516712,0.0007135858126228043,1.0,13576.135028,15306.188513,28913.184207234524
MATSnbbiTCv7Dc3trJrkrqjx7ckKdr6fwPoVwv9q3sD,631WX9JizSHJm4w6VanZeJAst9T8DeUUnPLesdGkCVtK,211maUSfpnXbPuW1iBu8b4dtJv5EbN1j7JJiEX5TZKEP,16737.563164,16760.56105300001,16702.104595942812,0.9978814975806363,6.680841838377125,0.9953299120526491,26040.980434,19542.505454,45437.0527887662
GokA1R67GqSavkd15zR62QD68Tuc5AEfvjssntVDEbM8,3YB7hfpBdbQEuZqLGWVDpRPmeZWCUsrrWyqGXegnQ6Cg,4DPCj6Z1DsG6HUtwSogBGqXEUxdEV5a8YVrrFtcnz7UW,7098.864832000007,7099.024298000002,7099.077804334136,1.000030000900027,0.7099077804334136,1.0,15961.386323,16488.315431,32450.180609955365
ercAoEmXjQzEvAFbdjAo81KtMxRGn9AW1ju882upmPH,CMRhskR2Eg6V42RTSdRTXGdozyPbWB8U9dVpijPWb9T4,7TKLLgrWswt6ZJ1pXhVR3FyufHGjJFqiEXxvWJfDcgRm,0.00946409099998391,0.008406077000010725,1.5664418872834596,165.51424614219397,0.0006265767549133838,146.22814017254044,36.21598087,304.885270625,50577.066861493586
FrnkTEL6yZ5Aycq2TrEgu29dCrwKG4LPUZydfiwqspkc,DjvZuMZ46fxKBoBpGMPcRcos4xdTtHFxwMh69DpA2ZFY,9rvDPJLAng4uVVqnnSoEXgNDFhBZQTny9AoQioYDZbQX,60.39659452199976,50.02208740300017,12074.542215499501,199.92091128749468,4.829816886199801,165.66895300866415,169.29674556,1443.513737824,272991.3692492877
BSCuChvaSj9b5HUSqgDVRzcnr2sSn7cXaamt1jbKH6hn,GnKpRj5kBVPMJfiwZtEuD9GYApLzPdW5JFuZTcyX4BTc,3dmwD9okkomV9nDwyuh4UMhKdUR13QpuKxRo89ycZB5t,284.2306270239999,284.1566133489998,283.95815752956577,0.99904137883631,0.11358326301182632,0.9996071543883253,1539.243437192,1467.964177328,3005.1553798998775
BSCNHw8CmxbZ8hCWWzMf5FaG2ajPT6JxfznKUNuRVrn4,7n9kgNL633yGzCYksgnzHyjG73ZLBAwvEae5sbAekbzW,SscdxE99omdG9AiMVwmaEMQySQnCgeAh1sPj2Leutm2,7.640385435000098,7.603302999999869,7.596645635884009,0.9942751842183616,0.003038658254353604,0.9999107409678861,7731.863076042,3981.76273765,11669.006913644738
BUSDgu5JdqP1rndBvXvanbEufS94FNh1w5FJcAj6vawb,Bgzr8cWubt89JQFXndVjtdKmDbGzuPxNhvjH1EhWCwbo,Dxaf8xPBBQsasRKW5Aa4Sw2YrbfGofY9xZueyyF23FBW,4114.138034119994,4105.741794350003,4124.241725225703,1.0024558464062012,1.6496966900902814,1.0,6238.3838234,8922.89177611,15176.5961120032
WiiQFxXqp8P9Fs1rt9SVcDyA3KUdJmUsog6wnVQAwba,3S2jpqSYxho6wiz3cafhjXruVY8cg4HYa2v3BqBHYFSj,Dfe67M6TfrG74gKRtdqys4e6E9QirPD53BkF4FujFjuv,967.4620425610001,969.2745168000001,965.5386181837205,0.9980118864692737,0.09655386181837206,0.9999107409678861,20597.345552719,6247.081602122,26802.919684993256
BUSDTd9WiT6uBHJRgNvFXBsA7JrifsAtWzKfioN7ERcy,DyBxrn7gSc1EwnpWhDyhzvMHPtxpmBqRqotapLcKcfTM,Cds99GeBgoCpqBsoRWu1C6fF9LiUMd4pXQQD24s9LPff,305.92126811,305.60643957999997,306.97330861488643,1.003438925679754,0.030697330861488643,0.998911186806381,70.24898114,115.34783678,185.7128066986774
C2ypsDADXcCRz8HbV2zX1AXPSja7a1P3xZtRC91xGhJh,J9bYNuDpY1d1T86gLaw7DGk5D3CsUAf2tzUwxMvb6FTv,A2NGvvPrMGzsJ4jb52KEnSBVmsA7C34dV1GC7PerdgvG,40.20962153100061,40.626545342999634,6644.966325518929,165.2581166523994,2.6579865302075714,163.92695546006266,1520.373714207,703.232733035,366532.89752394875
SRMuKizofcAMicegrfSv7xs9q76tH1w8aAF7oX9FEWu,72Hj2KWntXPfbie4UgKeTPnm1XVkomDfCnRPKbvfTtPi,6aqJQ5wedqpUt4fFEDUqUmXhrdxCu4bEJsQdVPCADLko,0.025508000000627362,0.025508000000627362,0.0008840191361179576,0.034656544460413025,3.5360765444718307e-07,0.034707430590171395,16604.087767,5286.896751,758.9349079443707
oKQqupM9E7SSLAFDLxr7mdsXP7znck9qRbVWc6Yyj7Q,CMR2J7CwfW98RpvnJmFBgRFTLAd3x8CJ1SWs8Bt3uunG,FmRb5jHfSNj1YWP3b45d9vvYuhwjp4om8bALmtqZpr1v,7.592329130000053,7.685934000000088,7.686585811649548,1.0124147254466422,0.003074634324659819,1.0,2168.56953088,3728.1378556,5923.62958181783
RajgMbScQbqqrdJfR2rxfHJiTiY5b6bJ2tTXiF4aPxy,725ZA3fhyBAKb5iopNRrcbSuQa3LXA1656Q3mBvYPxeg,GLA6i1dSZpUfk2f9Nj8uiG7xyDdAR2reff8oEiZH3617,25578.168803790002,25594.170124070006,25568.65598533066,0.9996280883697221,10.227462394132264,1.0,112192.25231528,71840.23146808,183990.75817989686
daob129AwBGn9Y5r91uLoWZeYiGzbPmksauMhFZKTze,6VW5GQNyj4LStgmxEHLr5zUfW92vQnmbw8jTnCH7a38F,4VPCCUifPeBA1c7HWK358CHn2nyjm8pdTRk6Ps3KmnMQ,11.229836606000049,9.964834969000023,2079.7029714998857,185.1944106104545,0.8318811885999544,165.56373624372304,48.033719237,224.586964584,46079.03329168801
BUSD5rCfUDpCxKGMvYU2yThChxgHoioK74PTPociGnv2,CcFHbafgYDZ8yA8Me1PdtDiVb2eeaS61LbqyKKK5CsNZ,26R9s4nmF3CFDTkiePDwRmtscn8i7r2eygbSijditJ58,105.79733286,105.68858410999998,105.70426448329303,0.9991203145278708,0.010570426448329305,1.0,76.42151205,71.69736333,148.05164848609147
Sid7E679i9ABqptiAVhkmQ27YHN8vaYT4fppPwmxFsJ,GP7KB8o1bv527HG8kTzzzf4wJ5aEGHvcMQvVhLziUfmT,9gYxhAZ1M9wu5pxr8SBoa5NDm21gi3s9vMHaYTME77sa,338.74612700000034,1146.8827600000077,2.36571248458961,0.00698373293752701,0.0009462849938358441,0.023322024639066016,138096.393079,8049.657689,1152.1626438583946
ALLwa5WNZbvQsRKAqe1jdRGemdYQnW8E5k4msbRFcYtu,CGoM82Hbz7QVqTgvQatYtjvDWBvoUJp5qm21P8iMs9yb,3dxNNww8TivyN5FMy5dCNdi3Zcxv6e4kUfSPxfFwpdNq,5.507294014000004,5.498333883000001,20691.66671926662,3757.1385632702136,8.27666668770665,3758.5648296054633,2.650422114,6.086436335,32834.26867981734
heyk4SZTeCUV6a65WiVA5bzic3KcxgVf1qxobfeV4tQ,9ZDpBKPqMABtGfq66FbVribaArMvtk63xxy91onZAtDt,DaTP4s6N7xxSPinbNZ3FB52EpRDRt87QShTuN3VPCW52,19.67117051200148,16.947021723000375,3764.446281754331,191.36869763075984,1.5057785127017325,165.20479695256623,611.570749371,4490.627317252,858908.67195246
Lid8SLUxQ9RmF7XMqUA8c24RitTwzja8VSKngJxRcUa,4PgzyzLtds9bKZ2to9PMnKqJzKEUpjvNUaeN23phegax,AtymwxoVN9peZo7EXTcDz9jKVc4vRmisJKKrNfe3ewBa,35.29659845399965,29.83100584900035,6895.089686608416,195.3471435949969,0.6895089686608415,165.2755697420759,967.601457398,7649.786564344,1453341.0136682875
4vezWG46exH6pf9nry3n1VJ7hZHvjBJNgNeF4qEFCML5,,,0.05163600000000024,0.052475999999998635,0.0,0.0,0.0,165.2755697420759,967.601457398,7649.786564344,1264322.832827232
B2izdXFYb2sNwbWWHmh75T4aQFtfXsUxem9u2p61HGzf,4DYwgJtxwuJdAjkj5RJSNH4e7U329V5cNp7d3a1nLrZv,EXNW64GEf1ACC6xY9BtKRiunrs6GoJSXBdxWN2eTPmrF,3682.660789999989,3638.320510000007,3721.18623105005,1.0104613058999825,0.37211862310500504,1.0,9727.06912,30022.392128,39851.21909357459
ALBpShJ9NLpE739pcHDF2LNVk5J4VYPvvKuV6jMPitZi,D6d156U1bPiJpDYRLextvDRccgFk7QzkQbJg42ceKEu5,GNcM8U5g8RwTZffwwm3kSQqUNPSwv5d2fbN9sLxPJqt2,131.9785769999944,131.97059199999057,131.8545019136936,0.9990598846485457,0.052741800765477444,0.9980836793356755,50687.012484,49646.504652,100190.72687466833
