0,1,2,3,4,5,6,7,8,9,10,11
Dg3mAgpwDfVNnbGWcsxL8sUcSkEbjSJQhKAWNigG44Ju,EATxwd8YA2wV93VJcKMmH2Kn2Y9XfJVUB9hHVu3udwEy,GiGvrRi7NMHfHKanG2B8xyCEqe8jaafWins8bhrLVEaa,0.00031191899999999384,0.00031591900000005335,0.06385313731334358,204.71063741979438,2.5541254925337433e-05,202.86654485206867,0.194400143,0.26527439,93.61107612506933
AURHmCnNwiW4uA2Qj1XvEh4iKgRUZYXtiY7FKAapUV5Y,BKWm4TRnTeKwfWXRyuzjRHU7iZDkPuXBX5b5V5jSVfGJ,A5Ww74HVrkj9nPeC7pHKLfgeDMEhBCpW1efQdz3TGLEg,0.011102167000217378,0.009887215000219385,2.110984751438684,190.14168597872393,0.0008443939005754737,170.4091352929248,288.971030728,1788.251727925,359679.8696234094
SUiuyGR7SFq3xeRVJonq84fjjeFwRSsFekcevJ53tzy,49GjCCPsv7fBqo6t3iKDrP1xxGDS8uWZbVCdfnp2gjMf,CEwj5xEbbJEjYqM8D6Ai8ByGz1mrh8mkAVsE5fzDSSSx,4.537101000000007,0.03220500000000004,0.03232645150302332,0.007124913353928702,1.2930580601209329e-05,0.9496558921874659,669.306301,1.475438,6.169907792120814
KEN5P7p3asnb23Sw6yAmJRGvijfAzso3RqfyLAQhznt,9zj4aX38Uxf3h6AUjS4EipWS8mwbEofasHAf3a1uKGds,CwQDG1MWunn9cLNwcZLd8YBacweSR7ARo32w4mLua1Yr,68192.88318299956,68206.65540699987,68148.92712500393,0.9993554157568368,6.814892712500393,1.0,1145389.725808,1043967.265214,2188618.6908524632
BSCuChvaSj9b5HUSqgDVRzcnr2sSn7cXaamt1jbKH6hn,GnKpRj5kBVPMJfiwZtEuD9GYApLzPdW5JFuZTcyX4BTc,3dmwD9okkomV9nDwyuh4UMhKdUR13QpuKxRo89ycZB5t,54.9037773670002,54.909988385999895,54.810676554721795,0.9983042913121244,0.02192427062188872,0.9985241812600975,1498.115183379,1508.242908843,3001.59183214091
MARpDPs5A7XiyCWPNH8GsMWPLxmwNn9SBmKvPa9LzgA,6YjT74rmcfCpw8LSjPNx5JTmZoYLGrTKnf9arfSgZ4SR,F8GSmi3vA8M8TsybLya1LQ4n1aFHCRbZ6k437PeTdXtg,26495.232339000002,27598.051517999033,24654.869597867204,0.9305398526955413,9.86194783914688,1.0,296515.037411,15980.588052,291899.64728644484
ALBpShJ9NLpE739pcHDF2LNVk5J4VYPvvKuV6jMPitZi,D6d156U1bPiJpDYRLextvDRccgFk7QzkQbJg42ceKEu5,GNcM8U5g8RwTZffwwm3kSQqUNPSwv5d2fbN9sLxPJqt2,268.1397520000028,268.28762299999653,267.68548972394126,0.9983058749302434,0.10707419588957649,0.996210415579137,50873.48785,49459.958492,100059.82760268953
KZMu9QBEdL97EFgamLbN5DE1AoKBG4HdrKKJo4Vuon3,DD4ACBWyVqdaKWh7v5btsgqQCCMwbKnuL2xd9pv7Gyuw,GcYqiJ1MAuYbNTNYXm1F1gQYTfTgkErACAhNU5dpVj9T,77.9227469399998,77.29526879999958,78.67944890018074,1.0097109251136078,0.0314717795600723,1.0,1212.49317246,1877.42991711,3101.69751996852
wrmcMSHFi3sWpAEy4rGDvQb3ezh3PhXoV2xNjgLBkKU,8p4mGnARWPBu6P2Gcw4adodLkNDorrXniZMhaY7eJXUn,AyY89zccbsgp9LKFgH4CFZMJmpSgqmPSdTfukhP227rc,0.005486089999999014,0.02715037999999638,2.016366630157166,367.54166084725705,0.0008065466520628664,3774.1545893719804,27.1116653,0.09296502,10315.530849581004
BSC8REUo9LpiiWUuqMuLXs2D2yJsJfGd4HdiF3wCLxk5,AZjEH1zWVx1UJ6udMyRijGTzPteuLnaY18yNNmprJEsh,Caf8ypkSVR8xYnXNhjvfvdGCC7mrM3C11rz8Xi6NA6aK,2.155923808999887,2.156418828000369,2.154986577322584,0.9995652760670898,0.0008619946309290337,0.9998015104059407,3071.770750988,3149.674320933,6219.4845220817515
RoBgmK8CvjdHvPrqdDyVw54VwjZv2TqJ493xnqJAQHx,ExiHJxM7qPAcy27NDHAF6G7vnW7muNHi2sVJpnaNynGQ,6rkPHSqZb7StM4HwS9EuVrmfkV7tRdc7dnsFhyB6cefE,0.5292270000000059,27.118921000000228,0.0,0.0,0.0,0.9449839777966564,6172.690633,20.680852,19.54307378718394
KwnjUuZhTMTSGAaavkLEmSyfobY16JNH4poL9oeeEvE,J63v6qEZmQpDqCD8bd4PXu2Pq5ZbyXrFcSa3Xt1HdAPQ,BnKQtTdLw9qPCDgZkWX3sURkBAoKCUYL1yahh6Mw7mRK,330.22745800000087,13956.395407000033,8.018567973214694,0.024281954086369986,0.0008018567973214694,1.0,275235.092862,627.803802,7311.049689832864
SERgf3DMJpQxUifu7VoFKmfne73d2fDJxSrxUMrcNJB,AJfM2GZ2tTB8UtN2krcyR9xufRJEx2mhSCbJyMgPo3GU,F4yRYkufQvERZcEKnKjJwRLU1btiMBUuEwq46hfm11QD,5.469000001312452e-06,5.469000001312452e-06,0.0009290072975761134,169.86785469979338,3.7160291903044535e-07,170.8796182139218,29.169443875,28.076855841,9752.713260589677
AUSejoEUCh2DBs9mof6BNC8Pubs22w4cJa1ccV9h44R,4xkyD7AfGQDwsQMy9MosRRNGoVJ1zosNinesxg1TzHG7,Cbm5gsQe3nSiCsFrvepVzMCD9xLK3ri9g3ypS2hdmVJ7,2565.877563,2563.6117619999986,2573.9856176957414,1.003159953854642,0.25739856176957415,1.0,13239.192823,15644.017431,28925.045492393387
MATSnbbiTCv7Dc3trJrkrqjx7ckKdr6fwPoVwv9q3sD,631WX9JizSHJm4w6VanZeJAst9T8DeUUnPLesdGkCVtK,211maUSfpnXbPuW1iBu8b4dtJv5EbN1j7JJiEX5TZKEP,5.015875999994023,5.0186849999990955,5.00683365840694,0.9981972557561045,0.002002733463362776,0.9987276210108322,25204.694482,20369.714822,45503.05368894858
Cob4usZcpHEY7Qt4ZCwj6WVg9S44zvzYV2v9qYF65dTf,NhFM9UXE48PyNAyeyPYA3iXztqKVJwA4bTdLj4ysM8w,6TuFuynuBoeskxyR2cz4wxyidk8dpDK7kAWw3UkjQGx,224.7067720000046,746.608083000021,1.6042367536784166,0.007139245245703515,0.0006416947014713666,1.0,74224.65046,162.010683,691.9186659105602
parEAJhzYzHW87y9VoZAQ22dzQ2MD2ekEtTReaxbMcz,3oyc6hpjYSJEquK6dSvG72NXyz3pqLZz5D8AC71pwgQb,Di2vordgFJVZ1aj1aBpvzXtLfZgJsuLLXawGtVFwX6Rz,4.013758208000013,4.653974705000252,671.2720096492405,167.24276223497876,0.2685088038596962,197.10667117383923,1104.388856249,139.042732392,212107.29303331368
WiiQFxXqp8P9Fs1rt9SVcDyA3KUdJmUsog6wnVQAwba,3S2jpqSYxho6wiz3cafhjXruVY8cg4HYa2v3BqBHYFSj,Dfe67M6TfrG74gKRtdqys4e6E9QirPD53BkF4FujFjuv,8750.491058747,8766.918597960004,8747.448451247099,0.9996522929422504,0.87474484512471,0.9998015104059407,15044.901668862,11793.063846321,26830.393496234017
SoN9GaFpSXfpyR5dth3x7PHPVhvJMpQqqDJfCSmPv1t,9kZ9iS68ViMPtoeqtnhAKuF2iqVyfHPdZHoUNdwCELr,BBhm5fJLjw3HRzjtKB8uMEYjGhY6EDm9co3cqpjrSzB9,0.0685691200000007,0.06707852900000022,14.149110051444799,206.3481353041231,0.00565964402057792,198.81020047424184,1.924535968,3.27184877,1047.6013182076172
BUSDgu5JdqP1rndBvXvanbEufS94FNh1w5FJcAj6vawb,Bgzr8cWubt89JQFXndVjtdKmDbGzuPxNhvjH1EhWCwbo,Dxaf8xPBBQsasRKW5Aa4Sw2YrbfGofY9xZueyyF23FBW,9960.89797904,9973.10108716,9949.35593021248,0.9988412642261965,3.979742372084992,1.0,8115.60268545,7031.36121938,15137.560065672393
Lid8SLUxQ9RmF7XMqUA8c24RitTwzja8VSKngJxRcUa,4PgzyzLtds9bKZ2to9PMnKqJzKEUpjvNUaeN23phegax,AtymwxoVN9peZo7EXTcDz9jKVc4vRmisJKKrNfe3ewBa,39.84076703699975,33.626439498998934,8070.121000262466,202.559378256142,0.8070121000262467,170.64593068328168,960.762486783,7657.785469337,1501381.3803625128
BkwbeSfcX1h4thMDd7obGkHrPevf3QwgzJ4pCEqG18Lu,35yX27bmurdebhfAb8EPmjLETDiUaEUCn9zHaDPbakH2,2CxECn1ZJFoESyUnQysQU8rRgT3iJ5GRs2Mdd6gZjx5g,0.0006767799999991553,0.0004398299999999189,1.6158437589512826,2387.5465571578643,0.000646337503580513,1547.9876160990711,0.86373227,21.99609261,36111.87997039294
ionytDfEj1mXodptgrsKEZro7DGsfpzANUfarJdm6Qb,3gkSjY95an9xNFSjCfsay6JZez7uv7yfW3Ad4ubc4fMK,9wXqANaSuEqkKL9yHzCPEDGHwbkStVAqV5rB3QDs3Jr6,0.0011674720000000305,0.0040455569999999635,1.136345231420948,973.3383168255154,0.0004545380925683791,3806.043997868615,3.162790115,0.081447696,3388.4583215075063
FrnkTEL6yZ5Aycq2TrEgu29dCrwKG4LPUZydfiwqspkc,DjvZuMZ46fxKBoBpGMPcRcos4xdTtHFxwMh69DpA2ZFY,9rvDPJLAng4uVVqnnSoEXgNDFhBZQTny9AoQioYDZbQX,32.4524662069978,26.931979873000074,6699.486399424156,206.4399776797096,2.6797945597696624,169.90650045280083,169.721087927,1442.947284735,280203.3410906209
Lee1XZJfJ9Hm2K1qTyeCz1LXNc1YBZaKZszvNY4KCDw,9DgFSWkPDGijNKcLGbr3p5xoJbHsPgXUTr6QvGBJ5vGN,2hNHZg7XBhuhHVZ3JDEi4buq2fPQwuWBdQ9xkH7t1GQX,604.8520093811094,507.85230845301703,123274.70191428444,203.80969229220275,12.327470191428445,170.7967017107339,6633.075702361,53930.409728072,10563021.221312258
Sid7E679i9ABqptiAVhkmQ27YHN8vaYT4fppPwmxFsJ,GP7KB8o1bv527HG8kTzzzf4wJ5aEGHvcMQvVhLziUfmT,9gYxhAZ1M9wu5pxr8SBoa5NDm21gi3s9vMHaYTME77sa,288.99795500000073,967.6086269999505,2.0632272762517934,0.007139245245703515,0.0008252909105007175,0.02426387409533965,138374.94122,7967.507992,1181.2152520008888
vEnkoSUkpnbRrPgBz9DfcVxNz67zjwMYBZraAvDDNSf,DtfyjjsZ5yCjWKLKHvwsfXs5QVsmm1QkK6Sh9JZHoq1g,e5wrKCRv4GhHvEf1VD5Pq2KGaZDXP77nTL612Jyrxwy,7174.759754,7175.362786999998,7153.1714824659175,0.9969910809177901,0.7153171482465918,0.9961141586670399,5557.439408,4763.018736,10285.227923443032
RajgMbScQbqqrdJfR2rxfHJiTiY5b6bJ2tTXiF4aPxy,725ZA3fhyBAKb5iopNRrcbSuQa3LXA1656Q3mBvYPxeg,GLA6i1dSZpUfk2f9Nj8uiG7xyDdAR2reff8oEiZH3617,12597.591294570011,12596.71847786002,12601.74583813793,1.0003297887247469,5.040698335255172,1.0,94432.33351847,89577.60710563,184041.0833429459
SoNcU2iwHMw6dGzsYNQkYFkUjwN1UdAjrWVRnStrZu2,8ivTTid27jZnYNc4w3CTA1Z6QS2twsFb8WMwUabeDJgc,CyXm53PMvHCbeXJBykU46Rcbo28xk5srhMZFg7gv6EYB,0.1384816490000027,0.13725083800000348,28.202031711430894,203.65176119061337,0.011280812684572358,198.81020047424184,13.485172938,16.917990049,6109.748212046617
BUSDTd9WiT6uBHJRgNvFXBsA7JrifsAtWzKfioN7ERcy,DyBxrn7gSc1EwnpWhDyhzvMHPtxpmBqRqotapLcKcfTM,Cds99GeBgoCpqBsoRWu1C6fF9LiUMd4pXQQD24s9LPff,382.11498144999996,383.8125591500001,381.5267968483707,0.9984607130571084,0.03815267968483707,0.9985251783116338,103.0967096,82.37406213,185.19058925766947
SRMuKizofcAMicegrfSv7xs9q76tH1w8aAF7oX9FEWu,72Hj2KWntXPfbie4UgKeTPnm1XVkomDfCnRPKbvfTtPi,6aqJQ5wedqpUt4fFEDUqUmXhrdxCu4bEJsQdVPCADLko,131.95146900000327,131.47691899999973,4.751437037138514,0.036008974156539295,0.0019005748148554055,0.03608347117219321,16637.386461,5253.53769,788.6610948956512
STK75uPSyBnEhGTTzb1nwmP3n427XoXmfRhXxxhyady,6TYyD5fUmDe6N65avW1Ny2RxzRNobw2RRgKwH9CTzSAU,54zDfk4cx2vGrEajPtodWpArNe5eUurytyxd4X3aZAxK,198.26147493299948,224.24288620300007,33823.91952829742,170.60258196771653,3.382391952829742,193.33388626824805,1668.728320337,287.403072106,340254.11290782946
BUSD5rCfUDpCxKGMvYU2yThChxgHoioK74PTPociGnv2,CcFHbafgYDZ8yA8Me1PdtDiVb2eeaS61LbqyKKK5CsNZ,26R9s4nmF3CFDTkiePDwRmtscn8i7r2eygbSijditJ58,112.40669357,112.75988982,112.18818912157549,0.998056126005624,0.01121881891215755,1.0,58.50283514,89.58591878,147.9750317801741
CZgvH45CRmoaNJ7395Ao5CQZXkGznvqU7cErD6n7FaRg,4ZjU6MKvtqVQKCiowhvZ5yUsPxXX5SCzd5eFsPeXyey5,BsyWeshjDbCvjDojry3vKDCesmFRM37WtwcR4Kfgzqr,0.16862763000000314,0.17435648999997966,0.1751300511833966,1.0385608288712433,7.005202047335864e-05,1.0,193.5496479,612.457002,813.4700847507613
7oAd7xG4m3oC2qeWB1szghTebAZyyGPAFDJ4wwwbRSNi,D9yh4KAysxt9GLacVe4Wwh2XqghhcjTCSTV9HuM7TBJd,HDYfJLpZKaMFb84jM4mRytn7XLR8UFZUnQpSfhJJaNEy,7770.257463273054,572.8330047180165,7768.715148023432,0.9998015104059407,3.107486059209373,0.030231460184786597,1125.698987657,293602.590099106,10001.51056085325
DFWzVTzNBrQZLjoQ4yQwkj9HuoXmfkuZP9V5vbymZe23,DhgiEgiNdqZdRdo195UUHnoEJUtefK8buko8nU97XJUZ,2K2kkXsouBHtWVjtcgkyiXd8eP3oVBvq1bTJzcVdLLr2,65.07179818100485,65.64025850300823,64.5341769884181,0.9917380307965165,0.02581367079536724,0.9998015104059407,40790.549136506,27179.287442306,67627.43151232175
C2ypsDADXcCRz8HbV2zX1AXPSja7a1P3xZtRC91xGhJh,J9bYNuDpY1d1T86gLaw7DGk5D3CsUAf2tzUwxMvb6FTv,A2NGvvPrMGzsJ4jb52KEnSBVmsA7C34dV1GC7PerdgvG,767.3013807430002,772.6974375780007,131137.029445363,170.90680759414144,52.454811778145206,164.46632650644577,3606.843717378,1653.402361541,888363.1578677903
heyk4SZTeCUV6a65WiVA5bzic3KcxgVf1qxobfeV4tQ,9ZDpBKPqMABtGfq66FbVribaArMvtk63xxy91onZAtDt,DaTP4s6N7xxSPinbNZ3FB52EpRDRt87QShTuN3VPCW52,30.335452194997742,26.243165405000013,4811.204427066455,158.60005633474,1.924481770826582,170.36982518692977,617.445384277,4483.791858914,861829.7079077144
KEnkcdADoLR5jS2CLLLesy8TtFsyWL37BhXNfDMzWzP,3qsjFRuw1qeLMPo4DLwaQevenGAGBj9dA3Q6rb8ax2YR,77iEv8zPQAEyCcEbvBRSB6AFcUdfkhiqnAKtPxk76rNN,1.6054969999999997,0.010606999999999978,0.011457545120136062,0.007136447542496849,4.583018048054425e-06,0.9924356554342799,124.119173,0.260994,1.1447897185870057
B2izdXFYb2sNwbWWHmh75T4aQFtfXsUxem9u2p61HGzf,4DYwgJtxwuJdAjkj5RJSNH4e7U329V5cNp7d3a1nLrZv,EXNW64GEf1ACC6xY9BtKRiunrs6GoJSXBdxWN2eTPmrF,3282.166279999983,3240.6670599999943,3326.586185332731,1.0135337157058197,0.3326586185332731,1.0,9368.400511,30384.327009,39879.51678913413
MATgk4zXLXtYkwBH678J1xZbRDZ45LicNzkRBHkxTuY,y8dALFo1bJrSzPYjMX14HJX448pXqYmrfXHD1K8MXih,GN7Yuet3UyiWS5YVkEHv6oQKi4HGBJc3XDPt9zQhAqZz,60.0209990000003,60.0,60.086974497999115,1.0010992069292084,0.024034789799199645,1.0,3627.20719,4457.828431,8089.022672276922
daob129AwBGn9Y5r91uLoWZeYiGzbPmksauMhFZKTze,6VW5GQNyj4LStgmxEHLr5zUfW92vQnmbw8jTnCH7a38F,4VPCCUifPeBA1c7HWK358CHn2nyjm8pdTRk6Ps3KmnMQ,14.909391148999859,13.37372567300001,2846.3590886849565,190.91048455562816,1.1385436354739826,170.92006957130513,47.965199207,224.649870225,47554.23087045727
ALLwa5WNZbvQsRKAqe1jdRGemdYQnW8E5k4msbRFcYtu,CGoM82Hbz7QVqTgvQatYtjvDWBvoUJp5qm21P8iMs9yb,3dxNNww8TivyN5FMy5dCNdi3Zcxv6e4kUfSPxfFwpdNq,2.350799932000003,2.345440311000001,8925.16774365011,3796.651353506207,3.5700670974600444,3794.0297148407267,1.839450556,6.893330162,33137.25191198099
ercAoEmXjQzEvAFbdjAo81KtMxRGn9AW1ju882upmPH,CMRhskR2Eg6V42RTSdRTXGdozyPbWB8U9dVpijPWb9T4,7TKLLgrWswt6ZJ1pXhVR3FyufHGjJFqiEXxvWJfDcgRm,5.945851935000007,5.261129512000004,1014.9795897987415,170.70381181611785,0.4059918359194966,153.43563091427228,39.262349817,304.897425584,53484.36163323818
KEVpg4SYCVrqFxKijQH6hm4QxsRdoE51ud64bEEFUC9,2bPenuBYfqzD8p5dFjCcggwkHDsc2RQDnx9AoyYGUBjA,AE6n6iLuX8oYu61vt5hoDYkjswpnxFxrhSehxrnQTnbx,1217.482914937,1220.3403020230007,1215.5941611971568,0.9984486404559189,0.48623766447886274,0.9998015104059407,5649.293663146,1894.441826178,7534.595376693314
GokA1R67GqSavkd15zR62QD68Tuc5AEfvjssntVDEbM8,3YB7hfpBdbQEuZqLGWVDpRPmeZWCUsrrWyqGXegnQ6Cg,4DPCj6Z1DsG6HUtwSogBGqXEUxdEV5a8YVrrFtcnz7UW,14981.652894000003,14979.865412000003,14985.02452451802,1.0002250506363932,1.498502452451802,1.0,12544.628503,19902.597992,32450.049671627916
JSoLLrxK5bYdHwTEWYaGgmeycBCNXKDiBCTw5hXGBg7,xG4wXczA7Dk4hccJ61CHKpDHW4NrNfQwgmWgkb9BuF2,BVR6WgfhsRr9Lob4QDnkEAiNGgAbv7ZieKcY9kSg3QYR,0.41858618200004116,0.3545248530000116,83.21920275917566,198.81020047424184,0.033287681103670266,169.65974737663615,16.896408191,164.958112302,31345.929960631423
HEDSDjj84KS7LKhZY7ejkCACTdPen62rKhCby1wXtgxc,EnnjMSFttpCTywBrYNt1J5QQeoSVkvzPipJDa8Y7kJow,6bjVT6JN2rSvpyn9PdfLYC8wJn4LWh49jpY47fnLDXZk,7.240836015997957,7.838374430997646,6.691252204242009,0.9240993981162268,0.0026765008816968037,0.9998015104059407,42291.327933374,5769.086311518,44849.33189668481
C98Sspw7XqnMsgxea3SLQVdbMDL8pKUc3RE82UvX9eq2,CSqgQJurPCzGxb4Cgwx5R61hWQUiaoUHcShNc8r1cKEL,6S2CR5EnukPhC914XkAns8m5GixjMAoUuZMsS5ubHuWc,21.372780000000034,21.372661999999877,0.0,0.0,0.0,1.0,876.915323,887.126512,887.126512
KysFMBBoavfov2tLpvefWW6tPFt6rAeZWDJVy1mMQae,B8ka2V21TH3x64dFV8ETcjuQcwmrciJ2qzy1mJUttRew,7fSf7EYxBANyxzk2s5pymFgshA91tFYQNKKs5UnLWcYS,21.811443999982657,26.763803999974243,0.0,0.0,0.0,0.02360935080447328,134076.56311,2940.382416,69.42051995864868
YAkoNb6HKmSxQN9L8hiBE5tPJRsniSSMzND1boHmZxe,CfWX7o2TswwbxusJ4hCaPobu2jLCb1hfXuXJQjVq3jQF,EnTrdMMpdhugeH6Ban6gYZWXughWxKtVGfCwFn78ZmY3,4081820.6151689896,4078634.907455006,4081820.6151689896,1.0,408.18206151689895,0.9986847322076825,404520.080856,1083633.427195,1486728.2399055318
BSCrK1Nx9PXU9mF7STWWBqeHLxmtJDr9h7jheEy4tAWX,FfSySSbVJPvEo5a5AvrP3nySoXpRE2QPn1uUMpJJ1x7v,HL7Vcj6838ZmvBHDbQxXfjBNckNi83WvPiZQoMQLFeRM,0.029405335000000088,0.029269074000000006,112.45773083115695,3824.3989001028763,0.04498309233246278,3799.392097264438,0.635032517,1.170336701,6875.185672462294
SAMyS8Jr2HJrkFwYVKbpUwsNStnQmvz3f8Tup8bWUWF,6jPzm5TFfquvgm25sTyN3MMGBfufRaFHMxobDWv6hMFW,Cj9ECoDmxsHTDzCY5ZA6RWrPbg9uFzEC1Qc2kso2vJG6,2172.8398921400076,49.52728632000009,2193.940177616439,1.0097109251136078,0.8775760710465756,0.024228554443441,511.05584094,107632.69404462,3123.8032534945437
