0,1,2,3,4,5,6,7,8,9,10,11
MARpDPs5A7XiyCWPNH8GsMWPLxmwNn9SBmKvPa9LzgA,6YjT74rmcfCpw8LSjPNx5JTmZoYLGrTKnf9arfSgZ4SR,F8GSmi3vA8M8TsybLya1LQ4n1aFHCRbZ6k437PeTdXtg,31711.406805000002,32764.411707000167,29233.78505409532,0.9218696992492293,11.693514021638126,1.0,294179.726343,18267.034266,289462.410115042
Lid8SLUxQ9RmF7XMqUA8c24RitTwzja8VSKngJxRcUa,4PgzyzLtds9bKZ2to9PMnKqJzKEUpjvNUaeN23phegax,AtymwxoVN9peZo7EXTcDz9jKVc4vRmisJKKrNfe3ewBa,25.324235999995835,21.391120531999604,4872.881964173344,192.41970277698192,0.48728819641733445,162.663993771921,962.625401452,7655.668897934,1430529.7715663924
BUSDgu5JdqP1rndBvXvanbEufS94FNh1w5FJcAj6vawb,Bgzr8cWubt89JQFXndVjtdKmDbGzuPxNhvjH1EhWCwbo,Dxaf8xPBBQsasRKW5Aa4Sw2YrbfGofY9xZueyyF23FBW,14680.506124549995,14648.124284659993,14707.214573287229,1.0018193138922213,5.882885829314891,1.0,6393.98052073,8764.54663358,15170.159811897956
STK75uPSyBnEhGTTzb1nwmP3n427XoXmfRhXxxhyady,6TYyD5fUmDe6N65avW1Ny2RxzRNobw2RRgKwH9CTzSAU,54zDfk4cx2vGrEajPtodWpArNe5eUurytyxd4X3aZAxK,271.1642802269994,307.0249239940006,43977.354554282916,162.17974770669727,4.397735455428292,184.15399104054,1663.45865134,285.669557239,322386.4934791899
FrnkTEL6yZ5Aycq2TrEgu29dCrwKG4LPUZydfiwqspkc,DjvZuMZ46fxKBoBpGMPcRcos4xdTtHFxwMh69DpA2ZFY,9rvDPJLAng4uVVqnnSoEXgNDFhBZQTny9AoQioYDZbQX,17.214938240001175,14.267248770000151,3375.383443170353,196.0729336412724,1.3501533772681413,162.46739888557113,169.54757903,1443.184988471,267714.2023997739
BSCNHw8CmxbZ8hCWWzMf5FaG2ajPT6JxfznKUNuRVrn4,7n9kgNL633yGzCYksgnzHyjG73ZLBAwvEae5sbAekbzW,SscdxE99omdG9AiMVwmaEMQySQnCgeAh1sPj2Leutm2,4360.4253935609995,4361.000163311002,4339.20371503991,0.9951331173897787,1.7356814860159642,0.9999231079128477,7739.503461477,3974.15943465,11675.690059904984
moFiBS1R4Lf3E3zzmBPnw3NF4RhWPkhREFviuzUaCAU,44ALBrpqi9PfZkBRTvbtRNtFJGsatfY4QydjtMbFWq8S,2ho8qEEie1UjVwWNBo9y4oAJZMyMLx8zPj9bxyUz6uWs,73.80415854899911,74.02295690300525,73.60471318257312,0.9972976405348003,0.029441885273029253,0.9999231079128477,39690.463803837,24743.244608483,64324.547952060675
C2ypsDADXcCRz8HbV2zX1AXPSja7a1P3xZtRC91xGhJh,J9bYNuDpY1d1T86gLaw7DGk5D3CsUAf2tzUwxMvb6FTv,A2NGvvPrMGzsJ4jb52KEnSBVmsA7C34dV1GC7PerdgvG,20.17088554899999,20.368695702000423,3268.6855921789625,162.0496821638559,1.3074742368715848,161.67029993720726,2060.089434915,944.326302322,486506.35469208483
DFWzVTzNBrQZLjoQ4yQwkj9HuoXmfkuZP9V5vbymZe23,DhgiEgiNdqZdRdo195UUHnoEJUtefK8buko8nU97XJUZ,2K2kkXsouBHtWVjtcgkyiXd8eP3oVBvq1bTJzcVdLLr2,3011.942775563999,3046.058181089,2972.975888432067,0.9870625406803636,1.189190355372827,0.9999231079128477,43836.607317595,24167.344666742,67434.95938288239
KysFMBBoavfov2tLpvefWW6tPFt6rAeZWDJVy1mMQae,B8ka2V21TH3x64dFV8ETcjuQcwmrciJ2qzy1mJUttRew,7fSf7EYxBANyxzk2s5pymFgshA91tFYQNKKs5UnLWcYS,21.620809000000463,27.32406199997058,0.0,0.0,0.0,0.022400474244920334,134056.932647,2955.942486,66.21451352710878
AURHmCnNwiW4uA2Qj1XvEh4iKgRUZYXtiY7FKAapUV5Y,BKWm4TRnTeKwfWXRyuzjRHU7iZDkPuXBX5b5V5jSVfGJ,A5Ww74HVrkj9nPeC7pHKLfgeDMEhBCpW1efQdz3TGLEg,0.0015621510005985328,0.0013571680001973618,0.28156006699806546,180.2387009259583,0.0001126240267992262,162.0496821638559,288.967943012,1788.255254199,341869.4022285225
YAkoNb6HKmSxQN9L8hiBE5tPJRsniSSMzND1boHmZxe,CfWX7o2TswwbxusJ4hCaPobu2jLCb1hfXuXJQjVq3jQF,EnTrdMMpdhugeH6Ban6gYZWXughWxKtVGfCwFn78ZmY3,3120159.76299401,3117712.580786,3120159.76299401,1.0,312.015976299401,0.9956044065451033,289952.252237,1213136.85855,1497756.6543516638
B2izdXFYb2sNwbWWHmh75T4aQFtfXsUxem9u2p61HGzf,4DYwgJtxwuJdAjkj5RJSNH4e7U329V5cNp7d3a1nLrZv,EXNW64GEf1ACC6xY9BtKRiunrs6GoJSXBdxWN2eTPmrF,2713.1775430000307,2680.8278270000174,2725.641903424391,1.0045940084004152,0.2725641903424391,1.0,9890.104271,29856.834589,39792.37408210195
JSoLLrxK5bYdHwTEWYaGgmeycBCNXKDiBCTw5hXGBg7,xG4wXczA7Dk4hccJ61CHKpDHW4NrNfQwgmWgkb9BuF2,BVR6WgfhsRr9Lob4QDnkEAiNGgAbv7ZieKcY9kSg3QYR,0.6404025859999649,0.541791894000017,122.64350965851368,191.51001626111548,0.04905740386340548,162.05446164292434,16.731304356,165.153827666,29968.126999969165
HEDSDjj84KS7LKhZY7ejkCACTdPen62rKhCby1wXtgxc,EnnjMSFttpCTywBrYNt1J5QQeoSVkvzPipJDa8Y7kJow,6bjVT6JN2rSvpyn9PdfLYC8wJn4LWh49jpY47fnLDXZk,1279.3899107880015,1408.588492423005,1167.2533115326105,0.9123515057373526,0.4669013246130442,0.9999231079128477,42240.535726836,5816.972368838,44354.74146322292
SEQV6QiTpvTzrceiaYg9Avnwf7oc8ZALpnQMz6TyT4A,3dFMPj4r9mMmPHF32mz1gNDX7f8ftidWof7S8YiYTs1j,Fc1ED3YPeQfXQosHbd8DTaBd2AV5gHQtwiSAL5C5pUhi,162.19693764599992,162.4075791260002,161.66433836320647,0.996716341932695,0.0646657353452826,0.9961349962146869,3824.176414559,1733.560565083,5538.47947376142
WiiQFxXqp8P9Fs1rt9SVcDyA3KUdJmUsog6wnVQAwba,3S2jpqSYxho6wiz3cafhjXruVY8cg4HYa2v3BqBHYFSj,Dfe67M6TfrG74gKRtdqys4e6E9QirPD53BkF4FujFjuv,4665.660183622997,4674.630935475004,4656.317450286425,0.9979975538361398,0.4656317450286425,0.9999231079128477,20616.136400094,6228.134759683,26802.509562248277
KZMu9QBEdL97EFgamLbN5DE1AoKBG4HdrKKJo4Vuon3,DD4ACBWyVqdaKWh7v5btsgqQCCMwbKnuL2xd9pv7Gyuw,GcYqiJ1MAuYbNTNYXm1F1gQYTfTgkErACAhNU5dpVj9T,52.35214680000013,51.853340069999604,52.92622860421115,1.0109657738851507,0.02117049144168446,1.0,1176.16806596,1914.19195068,3103.257609702252
wrmcMSHFi3sWpAEy4rGDvQb3ezh3PhXoV2xNjgLBkKU,8p4mGnARWPBu6P2Gcw4adodLkNDorrXniZMhaY7eJXUn,AyY89zccbsgp9LKFgH4CFZMJmpSgqmPSdTfukhP227rc,0.0018662299999999965,0.02011113000000364,0.6520719776380142,349.4060097833683,0.0002608287910552057,3765.627353517096,27.13015613,0.09121524,9822.922200984716
Cob4usZcpHEY7Qt4ZCwj6WVg9S44zvzYV2v9qYF65dTf,NhFM9UXE48PyNAyeyPYA3iXztqKVJwA4bTdLj4ysM8w,6TuFuynuBoeskxyR2cz4wxyidk8dpDK7kAWw3UkjQGx,11.841494000000012,1666.819254000031,0.08276236197491688,0.006989182443948102,3.310494478996675e-05,1.0,74519.893867,159.932882,680.7660159401123
SAMyS8Jr2HJrkFwYVKbpUwsNStnQmvz3f8Tup8bWUWF,6jPzm5TFfquvgm25sTyN3MMGBfufRaFHMxobDWv6hMFW,Cj9ECoDmxsHTDzCY5ZA6RWrPbg9uFzEC1Qc2kso2vJG6,2054.5398467099876,49.144806070000186,2077.0694661070415,1.0109657738851507,0.8308277864428166,0.023707645846177447,504.83741942,107897.50421624,3068.3691700551785
BUSD5rCfUDpCxKGMvYU2yThChxgHoioK74PTPociGnv2,CcFHbafgYDZ8yA8Me1PdtDiVb2eeaS61LbqyKKK5CsNZ,26R9s4nmF3CFDTkiePDwRmtscn8i7r2eygbSijditJ58,20.04632831,20.021444770000002,20.003129950621236,0.9978450737356619,0.002000312995062124,1.0,80.84367286,67.25519404,147.92465474604842
KEVpg4SYCVrqFxKijQH6hm4QxsRdoE51ud64bEEFUC9,2bPenuBYfqzD8p5dFjCcggwkHDsc2RQDnx9AoyYGUBjA,AE6n6iLuX8oYu61vt5hoDYkjswpnxFxrhSehxrnQTnbx,103.70132895699999,103.93738619000032,103.48855328330437,0.9979481875899213,0.041395421313321745,0.9999231079128477,5753.231049336,1790.740497221,7532.029301917542
heyk4SZTeCUV6a65WiVA5bzic3KcxgVf1qxobfeV4tQ,9ZDpBKPqMABtGfq66FbVribaArMvtk63xxy91onZAtDt,DaTP4s6N7xxSPinbNZ3FB52EpRDRt87QShTuN3VPCW52,12.05283366399999,10.374225572999876,2232.07567642845,185.19094668130415,0.89283027057138,162.22094752606566,606.941540159,4495.992429361,841744.2303632133
Lee1XZJfJ9Hm2K1qTyeCz1LXNc1YBZaKZszvNY4KCDw,9DgFSWkPDGijNKcLGbr3p5xoJbHsPgXUTr6QvGBJ5vGN,2hNHZg7XBhuhHVZ3JDEi4buq2fPQwuWBdQ9xkH7t1GQX,420.4839899129802,352.6959414319881,81392.7044414777,193.56909274553368,8.13927044414777,162.18950643624729,6615.130008916,53951.914254016,10030919.058369214
daob129AwBGn9Y5r91uLoWZeYiGzbPmksauMhFZKTze,6VW5GQNyj4LStgmxEHLr5zUfW92vQnmbw8jTnCH7a38F,4VPCCUifPeBA1c7HWK358CHn2nyjm8pdTRk6Ps3KmnMQ,4.690762031000084,4.192675077000011,799.6165926047794,170.46624563776876,0.3198466370419118,162.27996864751006,47.820570703,224.820321378,44635.627856540865
C98Sspw7XqnMsgxea3SLQVdbMDL8pKUc3RE82UvX9eq2,CSqgQJurPCzGxb4Cgwx5R61hWQUiaoUHcShNc8r1cKEL,6S2CR5EnukPhC914XkAns8m5GixjMAoUuZMsS5ubHuWc,9.533112999999844,9.533849999999916,0.0,0.0,0.0,1.0,880.304247,883.774334,883.774334
RajgMbScQbqqrdJfR2rxfHJiTiY5b6bJ2tTXiF4aPxy,725ZA3fhyBAKb5iopNRrcbSuQa3LXA1656Q3mBvYPxeg,GLA6i1dSZpUfk2f9Nj8uiG7xyDdAR2reff8oEiZH3617,513.7473051099951,513.8627801299881,513.872222308516,1.0002431491071164,0.20554888892340642,1.0,86258.81852387,97757.40698178,184037.199260355
KEN5P7p3asnb23Sw6yAmJRGvijfAzso3RqfyLAQhznt,9zj4aX38Uxf3h6AUjS4EipWS8mwbEofasHAf3a1uKGds,CwQDG1MWunn9cLNwcZLd8YBacweSR7ARo32w4mLua1Yr,49325.77419199981,49328.331449001096,49316.20684787132,0.9998060376287,4.931620684787132,1.0,1103963.287841,1078310.482984,2182059.6434878623
ALLwa5WNZbvQsRKAqe1jdRGemdYQnW8E5k4msbRFcYtu,CGoM82Hbz7QVqTgvQatYtjvDWBvoUJp5qm21P8iMs9yb,3dxNNww8TivyN5FMy5dCNdi3Zcxv6e4kUfSPxfFwpdNq,1.4986894869999992,1.4961340639999987,5644.143738937217,3766.052800060257,2.257657495574887,3760.7416182471184,1.949777306,6.785685179,32862.17294374319
BSC8REUo9LpiiWUuqMuLXs2D2yJsJfGd4HdiF3wCLxk5,AZjEH1zWVx1UJ6udMyRijGTzPteuLnaY18yNNmprJEsh,Caf8ypkSVR8xYnXNhjvfvdGCC7mrM3C11rz8Xi6NA6aK,11007.693619122003,11055.607035568999,10989.118437499137,0.9983125273771613,4.395647374999656,0.9999231079128477,3393.224004523,2833.567413002,6220.847566001736
SoN9GaFpSXfpyR5dth3x7PHPVhvJMpQqqDJfCSmPv1t,9kZ9iS68ViMPtoeqtnhAKuF2iqVyfHPdZHoUNdwCELr,BBhm5fJLjw3HRzjtKB8uMEYjGhY6EDm9co3cqpjrSzB9,0.12690629600000047,0.12479896200000007,24.844265311843778,195.76857961281672,0.009937706124737511,191.46546518257955,2.01647049,3.178079117,1003.2539601819071
SERgf3DMJpQxUifu7VoFKmfne73d2fDJxSrxUMrcNJB,AJfM2GZ2tTB8UtN2krcyR9xufRJEx2mhSCbJyMgPo3GU,F4yRYkufQvERZcEKnKjJwRLU1btiMBUuEwq46hfm11QD,0.10002801599999955,0.09999999999999787,16.082711441686122,160.78206971221135,0.006433084576674448,162.2915831203121,29.069415859,28.177047092,9246.738427351267
MATSnbbiTCv7Dc3trJrkrqjx7ckKdr6fwPoVwv9q3sD,631WX9JizSHJm4w6VanZeJAst9T8DeUUnPLesdGkCVtK,211maUSfpnXbPuW1iBu8b4dtJv5EbN1j7JJiEX5TZKEP,633.7371859999876,634.1020799999969,632.6351355937833,0.9982610292869821,0.25305405423751326,0.9958145912728801,25938.505356,19638.178449,45449.38370038128
GokA1R67GqSavkd15zR62QD68Tuc5AEfvjssntVDEbM8,3YB7hfpBdbQEuZqLGWVDpRPmeZWCUsrrWyqGXegnQ6Cg,4DPCj6Z1DsG6HUtwSogBGqXEUxdEV5a8YVrrFtcnz7UW,4025.0758000000023,4025.392325000008,4024.9228529315906,0.9999620014439451,0.4024922852931591,1.0,17097.51671,15351.33582,32448.202849052894
AUSejoEUCh2DBs9mof6BNC8Pubs22w4cJa1ccV9h44R,4xkyD7AfGQDwsQMy9MosRRNGoVJ1zosNinesxg1TzHG7,Cbm5gsQe3nSiCsFrvepVzMCD9xLK3ri9g3ypS2hdmVJ7,393.10783900000024,392.2588570000007,393.99353646998475,1.0022530648898724,0.03939935364699848,1.0,13653.888832,15228.251178,28912.9031075376
BSCuChvaSj9b5HUSqgDVRzcnr2sSn7cXaamt1jbKH6hn,GnKpRj5kBVPMJfiwZtEuD9GYApLzPdW5JFuZTcyX4BTc,3dmwD9okkomV9nDwyuh4UMhKdUR13QpuKxRo89ycZB5t,1147.1586451839999,1151.1910102840002,1143.8993145646218,0.9971587795349306,0.45755972582584875,0.9971382133277494,1695.065851629,1312.186499266,2998.681097272605
7oAd7xG4m3oC2qeWB1szghTebAZyyGPAFDJ4wwwbRSNi,D9yh4KAysxt9GLacVe4Wwh2XqghhcjTCSTV9HuM7TBJd,HDYfJLpZKaMFb84jM4mRytn7XLR8UFZUnQpSfhJJaNEy,38.82336983503774,1.1740769999998975,38.820384625100836,0.9999231079128477,0.015528153850040336,0.030292051062029604,1126.873064657,293563.766729271,10019.435028759926
SRMuKizofcAMicegrfSv7xs9q76tH1w8aAF7oX9FEWu,72Hj2KWntXPfbie4UgKeTPnm1XVkomDfCnRPKbvfTtPi,6aqJQ5wedqpUt4fFEDUqUmXhrdxCu4bEJsQdVPCADLko,33.225061999999525,33.34010499999749,1.1486438473996576,0.03457160884755231,0.00045945753895986304,0.033717392415555804,16604.087767,5286.871243,752.2895399019006
ionytDfEj1mXodptgrsKEZro7DGsfpzANUfarJdm6Qb,3gkSjY95an9xNFSjCfsay6JZez7uv7yfW3Ad4ubc4fMK,9wXqANaSuEqkKL9yHzCPEDGHwbkStVAqV5rB3QDs3Jr6,0.001731074000000013,0.006617939999999933,1.698543494984078,981.2079061808249,0.0006794173979936313,3764.7767487388,3.158643925,0.082516162,3409.941320112797
parEAJhzYzHW87y9VoZAQ22dzQ2MD2ekEtTReaxbMcz,3oyc6hpjYSJEquK6dSvG72NXyz3pqLZz5D8AC71pwgQb,Di2vordgFJVZ1aj1aBpvzXtLfZgJsuLLXawGtVFwX6Rz,1.515650355000048,1.7990458550000312,233.10518129647576,153.79878382073707,0.09324207251859032,188.23951068268636,1106.367490886,137.376194467,196017.60218298485
ercAoEmXjQzEvAFbdjAo81KtMxRGn9AW1ju882upmPH,CMRhskR2Eg6V42RTSdRTXGdozyPbWB8U9dVpijPWb9T4,7TKLLgrWswt6ZJ1pXhVR3FyufHGjJFqiEXxvWJfDcgRm,0.02161905000002662,0.01943226899999928,3.5097991339127765,162.34751915132512,0.0014039196535651107,144.2008059671447,39.281936352,304.875806534,50340.66193629354
BUSDTd9WiT6uBHJRgNvFXBsA7JrifsAtWzKfioN7ERcy,DyBxrn7gSc1EwnpWhDyhzvMHPtxpmBqRqotapLcKcfTM,Cds99GeBgoCpqBsoRWu1C6fF9LiUMd4pXQQD24s9LPff,196.33230183,196.17808769000004,195.9845585883144,0.9982288027062062,0.01959845585883144,0.9980259047603839,93.34257637,92.17959774,185.17487468624944
RoBgmK8CvjdHvPrqdDyVw54VwjZv2TqJ493xnqJAQHx,ExiHJxM7qPAcy27NDHAF6G7vnW7muNHi2sVJpnaNynGQ,6rkPHSqZb7StM4HwS9EuVrmfkV7tRdc7dnsFhyB6cefE,11.444278000000125,16.415475999999558,0.0,0.0,0.0,0.9499743506925313,6192.321096,20.295733,19.28042577850398
BSCrK1Nx9PXU9mF7STWWBqeHLxmtJDr9h7jheEy4tAWX,FfSySSbVJPvEo5a5AvrP3nySoXpRE2QPn1uUMpJJ1x7v,HL7Vcj6838ZmvBHDbQxXfjBNckNi83WvPiZQoMQLFeRM,0.027547640999999956,0.02769854999999999,104.44642823290307,3791.483569605951,0.04177857129316123,3765.7691583505934,0.607263063,1.198265375,6814.818718487491
vEnkoSUkpnbRrPgBz9DfcVxNz67zjwMYBZraAvDDNSf,DtfyjjsZ5yCjWKLKHvwsfXs5QVsmm1QkK6Sh9JZHoq1g,e5wrKCRv4GhHvEf1VD5Pq2KGaZDXP77nTL612Jyrxwy,8915.622121999999,8915.760380000003,8892.679010153803,0.9974266392706816,0.8892679010153803,0.996426813446979,5259.880157,5063.057908,10291.311245529023
KwnjUuZhTMTSGAaavkLEmSyfobY16JNH4poL9oeeEvE,J63v6qEZmQpDqCD8bd4PXu2Pq5ZbyXrFcSa3Xt1HdAPQ,BnKQtTdLw9qPCDgZkWX3sURkBAoKCUYL1yahh6Mw7mRK,510.5884969999994,20934.596682000323,12.046303982801648,0.02359297957862467,0.001204630398280165,1.0,275589.886705,619.421298,7121.407867106552
SoNcU2iwHMw6dGzsYNQkYFkUjwN1UdAjrWVRnStrZu2,8ivTTid27jZnYNc4w3CTA1Z6QS2twsFb8WMwUabeDJgc,CyXm53PMvHCbeXJBykU46Rcbo28xk5srhMZFg7gv6EYB,1.7325569199999968,1.7198263729999983,335.14157210955386,193.43755361847187,0.13405662884382155,187.7457591987912,13.843697895,16.557453769,5786.482782101781
Sid7E679i9ABqptiAVhkmQ27YHN8vaYT4fppPwmxFsJ,GP7KB8o1bv527HG8kTzzzf4wJ5aEGHvcMQvVhLziUfmT,9gYxhAZ1M9wu5pxr8SBoa5NDm21gi3s9vMHaYTME77sa,609.2347279999722,1544.7579989999695,4.280959729995981,0.00702678217975154,0.0017123838919983925,0.023585074760913382,138082.122897,8053.736874,1160.2209867929164
