0,1,2,3,4,5,6,7,8,9,10,11
vEnkoSUkpnbRrPgBz9DfcVxNz67zjwMYBZraAvDDNSf,DtfyjjsZ5yCjWKLKHvwsfXs5QVsmm1QkK6Sh9JZHoq1g,e5wrKCRv4GhHvEf1VD5Pq2KGaZDXP77nTL612Jyrxwy,11265.258013000002,11264.436989999998,11252.699999800227,0.9988852440676207,1.1252699999800229,0.9990309399882116,3778.286103,6441.796734,10209.628482533466
BUSD5rCfUDpCxKGMvYU2yThChxgHoioK74PTPociGnv2,CcFHbafgYDZ8yA8Me1PdtDiVb2eeaS61LbqyKKK5CsNZ,26R9s4nmF3CFDTkiePDwRmtscn8i7r2eygbSijditJ58,24.301892480000006,24.369162249999988,24.257899808381516,0.9981897429735279,0.002425789980838152,1.0,99.39534701,48.72444118,147.93985706467652
TETFuZgEmET6d9vYmz9iMFCxK1jKdKYxf3oPz8hSzJK,Eu1Ze6Z84LWNkq7SNoAHBJbXx5t1P95EwyqYohrfCRFV,ASMbv7WNu3qe4pkhREmvyEdwFNDZQ6B6iSrjkj4u8bdC,2.1592066419999867,2.1360280550000006,2.176627541725492,1.008068194764985,0.0008706510166901968,0.9987436484048748,27.400494094,224.477012,251.81655656491208
SRMuKizofcAMicegrfSv7xs9q76tH1w8aAF7oX9FEWu,72Hj2KWntXPfbie4UgKeTPnm1XVkomDfCnRPKbvfTtPi,6aqJQ5wedqpUt4fFEDUqUmXhrdxCu4bEJsQdVPCADLko,0.4893920000004073,0.02320400000007794,0.01857763942218297,0.03796065203797264,7.431055768873188e-06,0.03800536445719313,16769.33793,5122.060771,831.2407884416532
Cob4usZcpHEY7Qt4ZCwj6WVg9S44zvzYV2v9qYF65dTf,NhFM9UXE48PyNAyeyPYA3iXztqKVJwA4bTdLj4ysM8w,6TuFuynuBoeskxyR2cz4wxyidk8dpDK7kAWw3UkjQGx,5.851985000000042,874.7768950000027,0.039610225984093556,0.006768682076952226,1.5844090393637423e-05,1.0,75030.783345,156.412979,664.272497446987
ionytDfEj1mXodptgrsKEZro7DGsfpzANUfarJdm6Qb,3gkSjY95an9xNFSjCfsay6JZez7uv7yfW3Ad4ubc4fMK,9wXqANaSuEqkKL9yHzCPEDGHwbkStVAqV5rB3QDs3Jr6,0.000530637999999764,0.0008014700000004149,0.5000362797173423,942.3303263572618,0.00020001451188693693,3748.406927056001,3.166951004,0.080395556,3285.669232171697
SEQV6QiTpvTzrceiaYg9Avnwf7oc8ZALpnQMz6TyT4A,3dFMPj4r9mMmPHF32mz1gNDX7f8ftidWof7S8YiYTs1j,Fc1ED3YPeQfXQosHbd8DTaBd2AV5gHQtwiSAL5C5pUhi,684.140183538,684.6237626470006,682.1370736962124,0.997072076907647,0.272854829478485,0.9985700476917054,3602.510156206,1954.948185386,5544.114986244919
KEVpg4SYCVrqFxKijQH6hm4QxsRdoE51ud64bEEFUC9,2bPenuBYfqzD8p5dFjCcggwkHDsc2RQDnx9AoyYGUBjA,AE6n6iLuX8oYu61vt5hoDYkjswpnxFxrhSehxrnQTnbx,4386.391989371001,4423.031081859999,4378.372269371478,0.9981716818699842,1.7513489077485913,1.0,5401.591736731,2141.280741115,7532.996649742792
MATgk4zXLXtYkwBH678J1xZbRDZ45LicNzkRBHkxTuY,y8dALFo1bJrSzPYjMX14HJX448pXqYmrfXHD1K8MXih,GN7Yuet3UyiWS5YVkEHv6oQKi4HGBJc3XDPt9zQhAqZz,1224.485180999999,1223.914455000001,1225.9600108931033,1.0012044489520893,0.4903840043572414,1.0,3567.20719,4517.84943,8089.353138961881
BSC8REUo9LpiiWUuqMuLXs2D2yJsJfGd4HdiF3wCLxk5,AZjEH1zWVx1UJ6udMyRijGTzPteuLnaY18yNNmprJEsh,Caf8ypkSVR8xYnXNhjvfvdGCC7mrM3C11rz8Xi6NA6aK,2174.433216453,2178.173967128,2174.1830419071002,0.9998849472386611,0.8696732167628402,1.0,3069.61433216,3151.830244742,6221.09140929684
YakoMPuYrybnr9R7VC7hVGxMz94fJvPFCdZ4gmW61Ed,,,0.06666400000000006,0.06666800000000017,0.0,0.0,0.0,1.0,3069.61433216,3151.830244742,3151.830244742
AURHmCnNwiW4uA2Qj1XvEh4iKgRUZYXtiY7FKAapUV5Y,BKWm4TRnTeKwfWXRyuzjRHU7iZDkPuXBX5b5V5jSVfGJ,A5Ww74HVrkj9nPeC7pHKLfgeDMEhBCpW1efQdz3TGLEg,0.003081311999949321,0.002700821000075848,0.5791234451046792,187.94703201564923,0.00023164937804187168,169.73139328087728,288.974255493,1788.248091192,357833.6936987287
BkwbeSfcX1h4thMDd7obGkHrPevf3QwgzJ4pCEqG18Lu,35yX27bmurdebhfAb8EPmjLETDiUaEUCn9zHaDPbakH2,2CxECn1ZJFoESyUnQysQU8rRgT3iJ5GRs2Mdd6gZjx5g,0.031031169999998554,0.020000000000000018,74.69291130099543,2407.028523288001,0.029877164520398174,1560.0624024960998,0.86329244,21.99676939,36394.30242873497
STK75uPSyBnEhGTTzb1nwmP3n427XoXmfRhXxxhyady,6TYyD5fUmDe6N65avW1Ny2RxzRNobw2RRgKwH9CTzSAU,54zDfk4cx2vGrEajPtodWpArNe5eUurytyxd4X3aZAxK,419.7378649470019,475.14368198500347,71300.55201506568,169.86923975531354,7.130055201506569,192.30769230769232,1669.247744381,287.897334736,338918.71736588783
RoBgmK8CvjdHvPrqdDyVw54VwjZv2TqJ493xnqJAQHx,ExiHJxM7qPAcy27NDHAF6G7vnW7muNHi2sVJpnaNynGQ,6rkPHSqZb7StM4HwS9EuVrmfkV7tRdc7dnsFhyB6cefE,0.6617449999999998,35.2985460000009,0.0,0.0,0.0,0.9610773292429882,6196.382386,20.217303,19.430391571736255
KZMu9QBEdL97EFgamLbN5DE1AoKBG4HdrKKJo4Vuon3,DD4ACBWyVqdaKWh7v5btsgqQCCMwbKnuL2xd9pv7Gyuw,GcYqiJ1MAuYbNTNYXm1F1gQYTfTgkErACAhNU5dpVj9T,225.3028921399989,224.0092111500005,227.18973240226495,1.0083746828296087,0.09087589296090598,1.0,1253.66224986,1835.87493285,3100.036206428031
SAMyS8Jr2HJrkFwYVKbpUwsNStnQmvz3f8Tup8bWUWF,6jPzm5TFfquvgm25sTyN3MMGBfufRaFHMxobDWv6hMFW,Cj9ECoDmxsHTDzCY5ZA6RWrPbg9uFzEC1Qc2kso2vJG6,3104.7062212299734,145.14795547998693,3130.7071511118875,1.0083746828296087,1.2522828604447551,0.023105378060939836,497.64169322,108204.37757076,3001.9123361845955
wrmcMSHFi3sWpAEy4rGDvQb3ezh3PhXoV2xNjgLBkKU,8p4mGnARWPBu6P2Gcw4adodLkNDorrXniZMhaY7eJXUn,AyY89zccbsgp9LKFgH4CFZMJmpSgqmPSdTfukhP227rc,0.006104349999999148,0.0337037500000069,2.2709635416663496,372.0238095238095,0.0009083854166665399,3745.4586314094163,27.09764564,0.09433253,10434.287948830235
Sid7E679i9ABqptiAVhkmQ27YHN8vaYT4fppPwmxFsJ,GP7KB8o1bv527HG8kTzzzf4wJ5aEGHvcMQvVhLziUfmT,9gYxhAZ1M9wu5pxr8SBoa5NDm21gi3s9vMHaYTME77sa,493.72329400002945,1209.863763999966,3.350811414284091,0.0067868205835228245,0.0013403245657136365,0.022522445418655324,138290.021127,7992.092491,1118.5510287899226
BSCrK1Nx9PXU9mF7STWWBqeHLxmtJDr9h7jheEy4tAWX,FfSySSbVJPvEo5a5AvrP3nySoXpRE2QPn1uUMpJJ1x7v,HL7Vcj6838ZmvBHDbQxXfjBNckNi83WvPiZQoMQLFeRM,0.19200387100000027,0.19091913299999996,726.2447887313299,3782.4486816275116,0.2904979154925319,3756.0096153846152,0.609133859,1.196354336,6797.535951332306
KEN5P7p3asnb23Sw6yAmJRGvijfAzso3RqfyLAQhznt,9zj4aX38Uxf3h6AUjS4EipWS8mwbEofasHAf3a1uKGds,CwQDG1MWunn9cLNwcZLd8YBacweSR7ARo32w4mLua1Yr,44379.39929400128,44389.348241999745,44069.76512423839,0.9930230202596557,4.406976512423839,1.0,1147757.201435,1055850.822937,2195600.1456307536
AUSejoEUCh2DBs9mof6BNC8Pubs22w4cJa1ccV9h44R,4xkyD7AfGQDwsQMy9MosRRNGoVJ1zosNinesxg1TzHG7,Cbm5gsQe3nSiCsFrvepVzMCD9xLK3ri9g3ypS2hdmVJ7,4270.422517999999,4279.094372,4267.947108676966,0.999420336205001,0.42679471086769666,1.0,14563.074237,14317.923522,28872.55607212093
MATSnbbiTCv7Dc3trJrkrqjx7ckKdr6fwPoVwv9q3sD,631WX9JizSHJm4w6VanZeJAst9T8DeUUnPLesdGkCVtK,211maUSfpnXbPuW1iBu8b4dtJv5EbN1j7JJiEX5TZKEP,108.85153400000127,108.92254100000355,108.58452465387738,0.9975470318486841,0.04343380986155095,0.9980338732696588,25205.091557,20369.316026,45472.53163944219
NorjjEePhxfwLF4vZjUHCrVVKLzQjEEGQFd3wgjEJmh,34M8pFVqgbV7aqHxvRT5tCv3vu2P1JJYT8J3VaxBK2oG,3AZWBSze3ucsY3xSeuLne3b2pauVqiaJ1SZSV5T9WGWw,1.8093480000002273,3.2000000000043656,1.0237001254344387,0.5657839870684412,0.0004094800501737755,1.0,38241.253832,2128.393843,23764.68290656527
SERgf3DMJpQxUifu7VoFKmfne73d2fDJxSrxUMrcNJB,AJfM2GZ2tTB8UtN2krcyR9xufRJEx2mhSCbJyMgPo3GU,F4yRYkufQvERZcEKnKjJwRLU1btiMBUuEwq46hfm11QD,6.620799999623728e-05,1.559400000061828e-05,0.011178957192846683,168.84601850957594,4.471582877138674e-06,169.72151245628612,29.169443875,28.076850372,9690.389970576965
ALBpShJ9NLpE739pcHDF2LNVk5J4VYPvvKuV6jMPitZi,D6d156U1bPiJpDYRLextvDRccgFk7QzkQbJg42ceKEu5,GNcM8U5g8RwTZffwwm3kSQqUNPSwv5d2fbN9sLxPJqt2,371.12570699999924,371.29901699999755,370.2149781537411,0.9975460367495961,0.14808599126149644,0.9964754662757827,50605.200227,49728.098244,100033.84681006144
BSCNHw8CmxbZ8hCWWzMf5FaG2ajPT6JxfznKUNuRVrn4,7n9kgNL633yGzCYksgnzHyjG73ZLBAwvEae5sbAekbzW,SscdxE99omdG9AiMVwmaEMQySQnCgeAh1sPj2Leutm2,532.9290875269999,530.317928171,535.9957949718726,1.0057544380981407,0.21439831798874903,1.0,3847.357761107,7865.07106046,11734.568203644692
YAkoNb6HKmSxQN9L8hiBE5tPJRsniSSMzND1boHmZxe,CfWX7o2TswwbxusJ4hCaPobu2jLCb1hfXuXJQjVq3jQF,EnTrdMMpdhugeH6Ban6gYZWXughWxKtVGfCwFn78ZmY3,5636287.766403985,5630228.827064997,5636287.766403985,1.0,563.6287766403985,0.9967317167009376,256153.879655,1231664.924823,1483793.3745741602
KysFMBBoavfov2tLpvefWW6tPFt6rAeZWDJVy1mMQae,B8ka2V21TH3x64dFV8ETcjuQcwmrciJ2qzy1mJUttRew,7fSf7EYxBANyxzk2s5pymFgshA91tFYQNKKs5UnLWcYS,30.07975300001135,33.22904799999378,0.0,0.0,0.0,0.022981699465880023,134052.871357,2959.121809,68.00564809736923
MARpDPs5A7XiyCWPNH8GsMWPLxmwNn9SBmKvPa9LzgA,6YjT74rmcfCpw8LSjPNx5JTmZoYLGrTKnf9arfSgZ4SR,F8GSmi3vA8M8TsybLya1LQ4n1aFHCRbZ6k437PeTdXtg,32785.47579499993,33936.41868400034,31620.695842929767,0.9644726842046378,12.648278337171908,1.0,294261.306877,18133.549258,301940.54175922484
Dg3mAgpwDfVNnbGWcsxL8sUcSkEbjSJQhKAWNigG44Ju,EATxwd8YA2wV93VJcKMmH2Kn2Y9XfJVUB9hHVu3udwEy,GiGvrRi7NMHfHKanG2B8xyCEqe8jaafWins8bhrLVEaa,0.003865808999999998,0.003912289999999985,0.7922361529603651,204.93411675547486,0.000316894461184146,202.42775657009648,0.194712062,0.264958471,93.53809331638021
BUSDTd9WiT6uBHJRgNvFXBsA7JrifsAtWzKfioN7ERcy,DyBxrn7gSc1EwnpWhDyhzvMHPtxpmBqRqotapLcKcfTM,Cds99GeBgoCpqBsoRWu1C6fF9LiUMd4pXQQD24s9LPff,265.4710801400001,265.97632678,265.3722555120474,0.9996277386301341,0.02653722555120474,0.9974127114265595,88.91806745,96.50747958,185.14275356923633
C98Sspw7XqnMsgxea3SLQVdbMDL8pKUc3RE82UvX9eq2,CSqgQJurPCzGxb4Cgwx5R61hWQUiaoUHcShNc8r1cKEL,6S2CR5EnukPhC914XkAns8m5GixjMAoUuZMsS5ubHuWc,8.736920999999938,8.736707999999908,0.0,0.0,0.0,1.0,879.056646,884.975492,884.975492
ercAoEmXjQzEvAFbdjAo81KtMxRGn9AW1ju882upmPH,CMRhskR2Eg6V42RTSdRTXGdozyPbWB8U9dVpijPWb9T4,7TKLLgrWswt6ZJ1pXhVR3FyufHGjJFqiEXxvWJfDcgRm,0.0,4.549199999814846e-05,0.0,169.08620572752469,0.0,147.17186450710597,33.891231559,310.843277519,51477.92447371526
ACUSESXyNnwRLAg1dpSGMLSzUDdLjUMybY8rkXiAKhCP,AhFPQdu8GKBsxuhiH46UmCu1YpaLgNpoP325HnYtsgas,A8wxWpT3aFEr2XqZp1kDmbxbFfcBE95UUmdsNTDBJYbT,10.861323730000095,11.0,10.861323730000095,1.0,0.004344529492000038,0.9879820831899409,1047.264383539,1839.208974908,2864.3698979902415
Lid8SLUxQ9RmF7XMqUA8c24RitTwzja8VSKngJxRcUa,4PgzyzLtds9bKZ2to9PMnKqJzKEUpjvNUaeN23phegax,AtymwxoVN9peZo7EXTcDz9jKVc4vRmisJKKrNfe3ewBa,73.57610222301207,62.066539548000264,14786.960863929855,200.97505055527395,1.4786960863929857,169.18461306548477,959.845619785,7658.867677993,1488667.5865825422
heyk4SZTeCUV6a65WiVA5bzic3KcxgVf1qxobfeV4tQ,9ZDpBKPqMABtGfq66FbVribaArMvtk63xxy91onZAtDt,DaTP4s6N7xxSPinbNZ3FB52EpRDRt87QShTuN3VPCW52,34.33730773800107,29.647092526999813,6729.585793855699,195.98466615971967,2.69183431754228,169.63528413910092,615.589804494,4485.927336533,881617.7206852194
parEAJhzYzHW87y9VoZAQ22dzQ2MD2ekEtTReaxbMcz,3oyc6hpjYSJEquK6dSvG72NXyz3pqLZz5D8AC71pwgQb,Di2vordgFJVZ1aj1aBpvzXtLfZgJsuLLXawGtVFwX6Rz,4.830320530999984,5.715199205999397,801.2680977946658,165.88300769116566,0.32050723911786627,195.99499899160574,1104.197980348,139.20255634,210450.68695612412
CZgvH45CRmoaNJ7395Ao5CQZXkGznvqU7cErD6n7FaRg,4ZjU6MKvtqVQKCiowhvZ5yUsPxXX5SCzd5eFsPeXyey5,BsyWeshjDbCvjDojry3vKDCesmFRM37WtwcR4Kfgzqr,10.45253563,10.829383000000007,10.85480357872801,1.0384852023439608,0.004341921431491204,1.0,193.71791702,612.282287,813.4554772541653
GokA1R67GqSavkd15zR62QD68Tuc5AEfvjssntVDEbM8,3YB7hfpBdbQEuZqLGWVDpRPmeZWCUsrrWyqGXegnQ6Cg,4DPCj6Z1DsG6HUtwSogBGqXEUxdEV5a8YVrrFtcnz7UW,9999.918076,10002.147975,10000.228083070575,1.0000310009610298,1.0000228083070577,1.0,15897.514036,16547.904535,32445.911409213102
SoN9GaFpSXfpyR5dth3x7PHPVhvJMpQqqDJfCSmPv1t,9kZ9iS68ViMPtoeqtnhAKuF2iqVyfHPdZHoUNdwCELr,BBhm5fJLjw3HRzjtKB8uMEYjGhY6EDm9co3cqpjrSzB9,0.1912702850000001,0.18762610599999974,38.979615772057954,203.79336901211778,0.015591846308823182,200.19587164081338,1.950559691,3.245213075,1047.1893910979147
BSCuChvaSj9b5HUSqgDVRzcnr2sSn7cXaamt1jbKH6hn,GnKpRj5kBVPMJfiwZtEuD9GYApLzPdW5JFuZTcyX4BTc,3dmwD9okkomV9nDwyuh4UMhKdUR13QpuKxRo89ycZB5t,1754.3153793200001,1757.748931964,1752.331347712168,0.9988690564813943,0.7009325390848673,0.9984793160017295,1443.205194993,1563.14668621,3002.342645489036
Lee1XZJfJ9Hm2K1qTyeCz1LXNc1YBZaKZszvNY4KCDw,9DgFSWkPDGijNKcLGbr3p5xoJbHsPgXUTr6QvGBJ5vGN,2hNHZg7XBhuhHVZ3JDEi4buq2fPQwuWBdQ9xkH7t1GQX,1093.169872804825,917.8908267569923,220516.21274648388,201.72181673895705,22.05162127464839,169.17946100438803,6645.306586836,53915.681485971,10461929.250964751
WiiQFxXqp8P9Fs1rt9SVcDyA3KUdJmUsog6wnVQAwba,3S2jpqSYxho6wiz3cafhjXruVY8cg4HYa2v3BqBHYFSj,Dfe67M6TfrG74gKRtdqys4e6E9QirPD53BkF4FujFjuv,10117.489034279002,10147.050084352002,10086.880486225476,0.9969746892781577,1.0086880486225478,1.0,21646.665063796,5198.26467078,26779.44184666637
FrnkTEL6yZ5Aycq2TrEgu29dCrwKG4LPUZydfiwqspkc,DjvZuMZ46fxKBoBpGMPcRcos4xdTtHFxwMh69DpA2ZFY,9rvDPJLAng4uVVqnnSoEXgNDFhBZQTny9AoQioYDZbQX,55.60191149200034,46.13214841500002,11382.778099141477,204.7191866916151,4.553111239656591,169.8309570585822,170.060466566,1442.525223666,279800.07972013025
7oAd7xG4m3oC2qeWB1szghTebAZyyGPAFDJ4wwwbRSNi,D9yh4KAysxt9GLacVe4Wwh2XqghhcjTCSTV9HuM7TBJd,HDYfJLpZKaMFb84jM4mRytn7XLR8UFZUnQpSfhJJaNEy,0.7754470080000146,33.0403292789706,0.7754470080000146,1.0,0.0003101788032000059,0.0241182860966482,972.720780107,299344.030816131,8192.385756654323
SoNcU2iwHMw6dGzsYNQkYFkUjwN1UdAjrWVRnStrZu2,8ivTTid27jZnYNc4w3CTA1Z6QS2twsFb8WMwUabeDJgc,CyXm53PMvHCbeXJBykU46Rcbo28xk5srhMZFg7gv6EYB,0.41132374699999374,0.4077841649999989,83.15825154959857,202.17226006549978,0.03326330061983943,200.1297240871533,13.535071043,16.8675852,6112.121075002962
DFWzVTzNBrQZLjoQ4yQwkj9HuoXmfkuZP9V5vbymZe23,DhgiEgiNdqZdRdo195UUHnoEJUtefK8buko8nU97XJUZ,2K2kkXsouBHtWVjtcgkyiXd8eP3oVBvq1bTJzcVdLLr2,17.9594264580046,18.11161555500439,17.815499809596815,0.9919860108704287,0.007126199923838727,1.0,40754.786268773,27214.722540487,67642.90039512406
daob129AwBGn9Y5r91uLoWZeYiGzbPmksauMhFZKTze,6VW5GQNyj4LStgmxEHLr5zUfW92vQnmbw8jTnCH7a38F,4VPCCUifPeBA1c7HWK358CHn2nyjm8pdTRk6Ps3KmnMQ,16.271346082999983,14.536970837000034,3087.6292485309323,189.7586857768844,1.235051699412373,169.44930669816165,47.942290603,224.66953754,47167.56343030835
RajgMbScQbqqrdJfR2rxfHJiTiY5b6bJ2tTXiF4aPxy,725ZA3fhyBAKb5iopNRrcbSuQa3LXA1656Q3mBvYPxeg,GLA6i1dSZpUfk2f9Nj8uiG7xyDdAR2reff8oEiZH3617,2266.4548557399976,2267.3105827600084,2266.4816908832177,1.0000118401401872,0.906592676353287,1.0,104896.51869837,79110.77778534,184008.53847319653
B2izdXFYb2sNwbWWHmh75T4aQFtfXsUxem9u2p61HGzf,4DYwgJtxwuJdAjkj5RJSNH4e7U329V5cNp7d3a1nLrZv,EXNW64GEf1ACC6xY9BtKRiunrs6GoJSXBdxWN2eTPmrF,4598.557025999999,4538.801867999999,4651.288685831268,1.011467001394813,0.4651288685831268,1.0,9359.669439,30392.8754,39859.872181512
C2ypsDADXcCRz8HbV2zX1AXPSja7a1P3xZtRC91xGhJh,J9bYNuDpY1d1T86gLaw7DGk5D3CsUAf2tzUwxMvb6FTv,A2NGvvPrMGzsJ4jb52KEnSBVmsA7C34dV1GC7PerdgvG,18.483449889999292,18.650314180000805,3107.064780295085,168.09982978211238,1.242825912118034,170.73289828314412,3476.922274598,1700.11220547,874735.1267720002
HEDSDjj84KS7LKhZY7ejkCACTdPen62rKhCby1wXtgxc,EnnjMSFttpCTywBrYNt1J5QQeoSVkvzPipJDa8Y7kJow,6bjVT6JN2rSvpyn9PdfLYC8wJn4LWh49jpY47fnLDXZk,8.957216127997526,9.636239567011216,8.161973464893169,0.911217653817834,0.003264789385957268,1.0,42289.044931298,5771.192639286,44305.716943780324
BUSDgu5JdqP1rndBvXvanbEufS94FNh1w5FJcAj6vawb,Bgzr8cWubt89JQFXndVjtdKmDbGzuPxNhvjH1EhWCwbo,Dxaf8xPBBQsasRKW5Aa4Sw2YrbfGofY9xZueyyF23FBW,1997.2468753399999,1999.5933984599978,1995.7832676806463,0.9992671874081143,0.7983133070722586,1.0,8123.25299649,7019.73141546,15137.0315898671
KwnjUuZhTMTSGAaavkLEmSyfobY16JNH4poL9oeeEvE,J63v6qEZmQpDqCD8bd4PXu2Pq5ZbyXrFcSa3Xt1HdAPQ,BnKQtTdLw9qPCDgZkWX3sURkBAoKCUYL1yahh6Mw7mRK,637.114198000011,21821.407001999272,14.592739995349278,0.02290443383801192,0.0014592739995349278,1.0,276015.904888,609.244511,6931.2325427461865
ALLwa5WNZbvQsRKAqe1jdRGemdYQnW8E5k4msbRFcYtu,CGoM82Hbz7QVqTgvQatYtjvDWBvoUJp5qm21P8iMs9yb,3dxNNww8TivyN5FMy5dCNdi3Zcxv6e4kUfSPxfFwpdNq,1.8506661470000039,1.8437651400000004,6938.090076478982,3748.969033515783,2.7752360305915933,3742.234862659981,1.823271225,6.908532924,32688.740120252485
JSoLLrxK5bYdHwTEWYaGgmeycBCNXKDiBCTw5hXGBg7,xG4wXczA7Dk4hccJ61CHKpDHW4NrNfQwgmWgkb9BuF2,BVR6WgfhsRr9Lob4QDnkEAiNGgAbv7ZieKcY9kSg3QYR,0.5217452039998989,0.4420727890000009,104.52001463992778,200.32769604519075,0.041808005855971116,169.4597301828284,16.909300154,164.898683304,31331.087521786918
