0,1,2,3,4,5,6,7,8,9,10,11
KEN5P7p3asnb23Sw6yAmJRGvijfAzso3RqfyLAQhznt,9zj4aX38Uxf3h6AUjS4EipWS8mwbEofasHAf3a1uKGds,CwQDG1MWunn9cLNwcZLd8YBacweSR7ARo32w4mLua1Yr,28637.284750000108,28637.54968000017,28627.17935568755,0.9996471245650285,2.862717935568755,1.0,1099856.211987,1082454.27547,2181922.375217789
BSC8REUo9LpiiWUuqMuLXs2D2yJsJfGd4HdiF3wCLxk5,AZjEH1zWVx1UJ6udMyRijGTzPteuLnaY18yNNmprJEsh,Caf8ypkSVR8xYnXNhjvfvdGCC7mrM3C11rz8Xi6NA6aK,651.304736946,652.4905693059995,650.910032912962,0.9993939794835689,0.2603640131651848,1.0,3345.396734022,2876.919549026,6220.288903991581
SAMyS8Jr2HJrkFwYVKbpUwsNStnQmvz3f8Tup8bWUWF,6jPzm5TFfquvgm25sTyN3MMGBfufRaFHMxobDWv6hMFW,Cj9ECoDmxsHTDzCY5ZA6RWrPbg9uFzEC1Qc2kso2vJG6,1926.0255675700464,45.41673645999998,1947.2830242861758,1.0110369545836033,0.7789132097144704,0.023864836249636208,506.84010722,107811.68400284,3085.342262989836
Sid7E679i9ABqptiAVhkmQ27YHN8vaYT4fppPwmxFsJ,GP7KB8o1bv527HG8kTzzzf4wJ5aEGHvcMQvVhLziUfmT,9gYxhAZ1M9wu5pxr8SBoa5NDm21gi3s9vMHaYTME77sa,281.8492889999925,515.8595469999636,1.9813073008556368,0.007029669323933223,0.0007925229203422547,0.023715005396942355,138216.314925,8014.070578,1161.6687161041132
JSoLLrxK5bYdHwTEWYaGgmeycBCNXKDiBCTw5hXGBg7,xG4wXczA7Dk4hccJ61CHKpDHW4NrNfQwgmWgkb9BuF2,BVR6WgfhsRr9Lob4QDnkEAiNGgAbv7ZieKcY9kSg3QYR,0.18017679000002218,0.1558733069999647,34.89190153794386,193.65369722670476,0.013956760615177546,165.96146872580593,16.865708122,164.994679352,30648.866051373087
MARpDPs5A7XiyCWPNH8GsMWPLxmwNn9SBmKvPa9LzgA,6YjT74rmcfCpw8LSjPNx5JTmZoYLGrTKnf9arfSgZ4SR,F8GSmi3vA8M8TsybLya1LQ4n1aFHCRbZ6k437PeTdXtg,44316.67098100002,45990.70729499932,42761.43749915572,0.9649063558381659,17.10457499966229,1.0,294019.252058,18410.00891,302111.0539595479
STK75uPSyBnEhGTTzb1nwmP3n427XoXmfRhXxxhyady,6TYyD5fUmDe6N65avW1Ny2RxzRNobw2RRgKwH9CTzSAU,54zDfk4cx2vGrEajPtodWpArNe5eUurytyxd4X3aZAxK,161.01276355000164,182.35178250400122,26712.875207340454,165.90532712051063,2.6712875207340456,187.77963909128928,1663.189996531,285.883028605,329615.09237180813
heyk4SZTeCUV6a65WiVA5bzic3KcxgVf1qxobfeV4tQ,9ZDpBKPqMABtGfq66FbVribaArMvtk63xxy91onZAtDt,DaTP4s6N7xxSPinbNZ3FB52EpRDRt87QShTuN3VPCW52,2.636786716001552,2.272338506999745,507.5908421437182,192.50356468475906,0.20303633685748726,165.26838594266772,610.809255947,4491.495487318,859885.1687700646
BUSD5rCfUDpCxKGMvYU2yThChxgHoioK74PTPociGnv2,CcFHbafgYDZ8yA8Me1PdtDiVb2eeaS61LbqyKKK5CsNZ,26R9s4nmF3CFDTkiePDwRmtscn8i7r2eygbSijditJ58,94.66019062000001,94.70995615999996,94.60850410203899,0.9994539783025738,0.009460850410203898,1.0,80.84367286,67.25519404,148.05472450051883
MATgk4zXLXtYkwBH678J1xZbRDZ45LicNzkRBHkxTuY,y8dALFo1bJrSzPYjMX14HJX448pXqYmrfXHD1K8MXih,GN7Yuet3UyiWS5YVkEHv6oQKi4HGBJc3XDPt9zQhAqZz,12.85104500000034,12.84853000000021,12.863715760023963,1.0009859711816138,0.005145486304009585,1.0,3692.041553,4392.980657,8088.662456572579
KZMu9QBEdL97EFgamLbN5DE1AoKBG4HdrKKJo4Vuon3,DD4ACBWyVqdaKWh7v5btsgqQCCMwbKnuL2xd9pv7Gyuw,GcYqiJ1MAuYbNTNYXm1F1gQYTfTgkErACAhNU5dpVj9T,49.362727490000225,48.882691080000086,49.907541671430145,1.0110369545836033,0.01996301666857206,1.0,1174.16537816,1916.19746912,3103.3220572323917
YAkoNb6HKmSxQN9L8hiBE5tPJRsniSSMzND1boHmZxe,CfWX7o2TswwbxusJ4hCaPobu2jLCb1hfXuXJQjVq3jQF,EnTrdMMpdhugeH6Ban6gYZWXughWxKtVGfCwFn78ZmY3,2562700.381372994,2560296.3425029926,2562700.381372994,1.0,256.27003813729937,0.9964705014837446,242094.565009,1260776.665324,1498421.3209634095
Lid8SLUxQ9RmF7XMqUA8c24RitTwzja8VSKngJxRcUa,4PgzyzLtds9bKZ2to9PMnKqJzKEUpjvNUaeN23phegax,AtymwxoVN9peZo7EXTcDz9jKVc4vRmisJKKrNfe3ewBa,40.03308161099733,33.85480233899898,7862.841127054819,196.4085903617984,0.7862841127054818,165.79406487090694,963.671861506,7654.42800481,1458332.1650688797
GokA1R67GqSavkd15zR62QD68Tuc5AEfvjssntVDEbM8,3YB7hfpBdbQEuZqLGWVDpRPmeZWCUsrrWyqGXegnQ6Cg,4DPCj6Z1DsG6HUtwSogBGqXEUxdEV5a8YVrrFtcnz7UW,3415.033034000002,3415.3831239999963,3414.9988840111614,0.9999900000999989,0.34149988840111617,1.0,17837.377326,14611.243939,32448.442893010462
Cob4usZcpHEY7Qt4ZCwj6WVg9S44zvzYV2v9qYF65dTf,NhFM9UXE48PyNAyeyPYA3iXztqKVJwA4bTdLj4ysM8w,6TuFuynuBoeskxyR2cz4wxyidk8dpDK7kAWw3UkjQGx,4.3580020000000275,616.782154000015,0.03065380620744374,0.007033912836075695,1.2261522482977497e-05,1.0,74385.701839,160.87192,684.0944629858416
KwnjUuZhTMTSGAaavkLEmSyfobY16JNH4poL9oeeEvE,J63v6qEZmQpDqCD8bd4PXu2Pq5ZbyXrFcSa3Xt1HdAPQ,BnKQtTdLw9qPCDgZkWX3sURkBAoKCUYL1yahh6Mw7mRK,479.1227889999998,20130.239249000268,11.406273790210436,0.023806577462151233,0.0011406273790210437,1.0,275561.823052,620.043973,7180.22785909905
SRMuKizofcAMicegrfSv7xs9q76tH1w8aAF7oX9FEWu,72Hj2KWntXPfbie4UgKeTPnm1XVkomDfCnRPKbvfTtPi,6aqJQ5wedqpUt4fFEDUqUmXhrdxCu4bEJsQdVPCADLko,0.023691999999755353,0.023691999999755353,0.0008392627311326394,0.03542388701423711,3.357050924530557e-07,0.03525724727702109,16637.386461,5253.646181,774.5900007161567
BSCNHw8CmxbZ8hCWWzMf5FaG2ajPT6JxfznKUNuRVrn4,7n9kgNL633yGzCYksgnzHyjG73ZLBAwvEae5sbAekbzW,SscdxE99omdG9AiMVwmaEMQySQnCgeAh1sPj2Leutm2,194.2839618209996,193.25501543100017,195.42737789955584,1.0058852829015794,0.07817095115982234,1.0,3897.605464521,7814.725299424,11735.269274742448
HEDSDjj84KS7LKhZY7ejkCACTdPen62rKhCby1wXtgxc,EnnjMSFttpCTywBrYNt1J5QQeoSVkvzPipJDa8Y7kJow,6bjVT6JN2rSvpyn9PdfLYC8wJn4LWh49jpY47fnLDXZk,606.2482890560004,673.4594086439974,539.3676435331616,0.8896810981075431,0.2157470574132647,1.0,43470.029330625,4699.247897079,43373.711326716555
parEAJhzYzHW87y9VoZAQ22dzQ2MD2ekEtTReaxbMcz,3oyc6hpjYSJEquK6dSvG72NXyz3pqLZz5D8AC71pwgQb,Di2vordgFJVZ1aj1aBpvzXtLfZgJsuLLXawGtVFwX6Rz,0.11748944699979802,0.1323019139998678,19.053488025842096,162.17191000886106,0.007621395210336839,192.41459341545718,1105.252198447,138.315423678,205854.7660737318
SEQV6QiTpvTzrceiaYg9Avnwf7oc8ZALpnQMz6TyT4A,3dFMPj4r9mMmPHF32mz1gNDX7f8ftidWof7S8YiYTs1j,Fc1ED3YPeQfXQosHbd8DTaBd2AV5gHQtwiSAL5C5pUhi,59.190682657000025,59.2586792269999,59.059949324972735,0.9977913190698464,0.023623979729989093,0.997961165339212,3661.768835433,1895.757502729,5545.573523059536
WiiQFxXqp8P9Fs1rt9SVcDyA3KUdJmUsog6wnVQAwba,3S2jpqSYxho6wiz3cafhjXruVY8cg4HYa2v3BqBHYFSj,Dfe67M6TfrG74gKRtdqys4e6E9QirPD53BkF4FujFjuv,973.8921901090007,975.9260239099967,971.9998560771961,0.9980569368447315,0.09719998560771961,1.0,20536.207946103,6307.438620253,26803.743417346996
daob129AwBGn9Y5r91uLoWZeYiGzbPmksauMhFZKTze,6VW5GQNyj4LStgmxEHLr5zUfW92vQnmbw8jTnCH7a38F,4VPCCUifPeBA1c7HWK358CHn2nyjm8pdTRk6Ps3KmnMQ,3.325234843000004,2.9716847089999945,617.3592966722699,185.65885593671112,0.246943718668908,166.1356417770001,47.866988758,224.766672163,46228.68569982628
C2ypsDADXcCRz8HbV2zX1AXPSja7a1P3xZtRC91xGhJh,J9bYNuDpY1d1T86gLaw7DGk5D3CsUAf2tzUwxMvb6FTv,A2NGvvPrMGzsJ4jb52KEnSBVmsA7C34dV1GC7PerdgvG,55.03188147899982,55.59235768999997,9082.96716825111,165.0491846570278,3.633186867300444,167.76040861067204,2336.205450737,1042.611756669,560497.779156528
KysFMBBoavfov2tLpvefWW6tPFt6rAeZWDJVy1mMQae,B8ka2V21TH3x64dFV8ETcjuQcwmrciJ2qzy1mJUttRew,7fSf7EYxBANyxzk2s5pymFgshA91tFYQNKKs5UnLWcYS,13.754312999985814,15.997793000009096,0.0,0.0,0.0,0.02380712269114953,134062.002125,2951.919835,70.27671768628288
MATSnbbiTCv7Dc3trJrkrqjx7ckKdr6fwPoVwv9q3sD,631WX9JizSHJm4w6VanZeJAst9T8DeUUnPLesdGkCVtK,211maUSfpnXbPuW1iBu8b4dtJv5EbN1j7JJiEX5TZKEP,1243.7012759999998,1244.9228269999985,1241.448047793255,0.9981882882568139,0.496579219117302,0.9980527989891721,25591.04949,19985.16717,45490.93791740353
SoN9GaFpSXfpyR5dth3x7PHPVhvJMpQqqDJfCSmPv1t,9kZ9iS68ViMPtoeqtnhAKuF2iqVyfHPdZHoUNdwCELr,BBhm5fJLjw3HRzjtKB8uMEYjGhY6EDm9co3cqpjrSzB9,0.040590272999999844,0.03971185499999996,8.144190937556777,200.64390642449752,0.003257676375022711,196.03042313754923,1.955571975,3.24016604,1027.544720215387
AUSejoEUCh2DBs9mof6BNC8Pubs22w4cJa1ccV9h44R,4xkyD7AfGQDwsQMy9MosRRNGoVJ1zosNinesxg1TzHG7,Cbm5gsQe3nSiCsFrvepVzMCD9xLK3ri9g3ypS2hdmVJ7,223.3657459999995,222.82516999999825,223.88336433834974,1.0023173577310742,0.022388336433834977,1.0,13630.907983,15251.259915,28913.755587995965
wrmcMSHFi3sWpAEy4rGDvQb3ezh3PhXoV2xNjgLBkKU,8p4mGnARWPBu6P2Gcw4adodLkNDorrXniZMhaY7eJXUn,AyY89zccbsgp9LKFgH4CFZMJmpSgqmPSdTfukhP227rc,0.0015872799999999826,0.016962160000002058,0.5652766945515738,356.129160924084,0.00022611067782062953,3809.8140810728437,27.1305421,0.09117881,10009.351507722002
B2izdXFYb2sNwbWWHmh75T4aQFtfXsUxem9u2p61HGzf,4DYwgJtxwuJdAjkj5RJSNH4e7U329V5cNp7d3a1nLrZv,EXNW64GEf1ACC6xY9BtKRiunrs6GoJSXBdxWN2eTPmrF,1266.075112000024,1250.3660880000134,1280.2707541217258,1.0112123222288738,0.1280270754121726,1.0,9718.586356,30030.203077,39857.7573548326
BSCuChvaSj9b5HUSqgDVRzcnr2sSn7cXaamt1jbKH6hn,GnKpRj5kBVPMJfiwZtEuD9GYApLzPdW5JFuZTcyX4BTc,3dmwD9okkomV9nDwyuh4UMhKdUR13QpuKxRo89ycZB5t,182.00621102599985,182.1359760610003,181.68730692414354,0.998247839455266,0.07267492276965742,0.9986298798049077,1643.785206462,1362.930494277,3001.968146561504
BUSDgu5JdqP1rndBvXvanbEufS94FNh1w5FJcAj6vawb,Bgzr8cWubt89JQFXndVjtdKmDbGzuPxNhvjH1EhWCwbo,Dxaf8xPBBQsasRKW5Aa4Sw2YrbfGofY9xZueyyF23FBW,4173.520625880001,4165.314539669998,4183.795483694542,1.0024619161460055,1.673518193477817,1.0,6450.17812465,8702.69079388,15168.748716199687
C98Sspw7XqnMsgxea3SLQVdbMDL8pKUc3RE82UvX9eq2,CSqgQJurPCzGxb4Cgwx5R61hWQUiaoUHcShNc8r1cKEL,6S2CR5EnukPhC914XkAns8m5GixjMAoUuZMsS5ubHuWc,32.593940999999745,32.594438999999625,0.0,0.0,0.0,1.0,875.467965,888.608355,888.608355
BUSDTd9WiT6uBHJRgNvFXBsA7JrifsAtWzKfioN7ERcy,DyBxrn7gSc1EwnpWhDyhzvMHPtxpmBqRqotapLcKcfTM,Cds99GeBgoCpqBsoRWu1C6fF9LiUMd4pXQQD24s9LPff,171.58703462000003,171.88897419999995,171.31801223221166,0.9984321520073813,0.01713180122322117,0.9989950110189149,98.30119746,87.20351957,185.26295711861064
AURHmCnNwiW4uA2Qj1XvEh4iKgRUZYXtiY7FKAapUV5Y,BKWm4TRnTeKwfWXRyuzjRHU7iZDkPuXBX5b5V5jSVfGJ,A5Ww74HVrkj9nPeC7pHKLfgeDMEhBCpW1efQdz3TGLEg,0.004319441000006918,0.00462428099990575,0.8020334550663729,185.67991901384653,0.00032081338202654915,166.25969065389435,288.968488068,1788.254614647,350970.30450362916
vEnkoSUkpnbRrPgBz9DfcVxNz67zjwMYBZraAvDDNSf,DtfyjjsZ5yCjWKLKHvwsfXs5QVsmm1QkK6Sh9JZHoq1g,e5wrKCRv4GhHvEf1VD5Pq2KGaZDXP77nTL612Jyrxwy,4465.635004999999,4465.684971999998,4461.098068264574,0.9989840332381967,0.4461098068264574,0.997895438520161,4797.688087,5524.356137,10305.543585243267
BSCrK1Nx9PXU9mF7STWWBqeHLxmtJDr9h7jheEy4tAWX,FfSySSbVJPvEo5a5AvrP3nySoXpRE2QPn1uUMpJJ1x7v,HL7Vcj6838ZmvBHDbQxXfjBNckNi83WvPiZQoMQLFeRM,0.01793382599999993,0.017847843999999835,68.70934446956029,3831.270832535152,0.027483737787824113,3811.4113656286922,0.634810704,1.170566825,6893.643435449199
DFWzVTzNBrQZLjoQ4yQwkj9HuoXmfkuZP9V5vbymZe23,DhgiEgiNdqZdRdo195UUHnoEJUtefK8buko8nU97XJUZ,2K2kkXsouBHtWVjtcgkyiXd8eP3oVBvq1bTJzcVdLLr2,3011.942775563999,3046.058181089,2972.975888432067,0.9870625406803636,1.189190355372827,1.0,43836.607317595,24167.344666742,67436.81766045475
ALLwa5WNZbvQsRKAqe1jdRGemdYQnW8E5k4msbRFcYtu,CGoM82Hbz7QVqTgvQatYtjvDWBvoUJp5qm21P8iMs9yb,3dxNNww8TivyN5FMy5dCNdi3Zcxv6e4kUfSPxfFwpdNq,0.27075427599999946,0.2704082219999999,1032.0739345886996,3811.8472211633757,0.41282957383547986,3808.9869237478906,2.82314242,5.910160997,33273.11354344324
SoNcU2iwHMw6dGzsYNQkYFkUjwN1UdAjrWVRnStrZu2,8ivTTid27jZnYNc4w3CTA1Z6QS2twsFb8WMwUabeDJgc,CyXm53PMvHCbeXJBykU46Rcbo28xk5srhMZFg7gv6EYB,0.06734305700000398,0.06689335300000288,13.322619471310283,197.83211610529494,0.005329047788524113,194.60087652126802,13.387356776,17.016855757,5959.944166000825
FrnkTEL6yZ5Aycq2TrEgu29dCrwKG4LPUZydfiwqspkc,DjvZuMZ46fxKBoBpGMPcRcos4xdTtHFxwMh69DpA2ZFY,9rvDPJLAng4uVVqnnSoEXgNDFhBZQTny9AoQioYDZbQX,21.254211460001898,17.60865397800012,4253.316871756367,200.11642773765774,1.701326748702547,166.0096833448295,169.755176205,1442.929316851,273511.0384315269
RoBgmK8CvjdHvPrqdDyVw54VwjZv2TqJ493xnqJAQHx,ExiHJxM7qPAcy27NDHAF6G7vnW7muNHi2sVJpnaNynGQ,6rkPHSqZb7StM4HwS9EuVrmfkV7tRdc7dnsFhyB6cefE,0.32787799999999834,16.610563000000184,0.0,0.0,0.0,0.965351600359883,6187.251618,20.394013,19.68739308731026
Lee1XZJfJ9Hm2K1qTyeCz1LXNc1YBZaKZszvNY4KCDw,9DgFSWkPDGijNKcLGbr3p5xoJbHsPgXUTr6QvGBJ5vGN,2hNHZg7XBhuhHVZ3JDEi4buq2fPQwuWBdQ9xkH7t1GQX,199.8953047369714,167.69931553499737,39486.14747128079,197.5341418010689,3.9486147471280795,165.9219261013607,6617.721576487,53948.787854031,10258512.743864294
ionytDfEj1mXodptgrsKEZro7DGsfpzANUfarJdm6Qb,3gkSjY95an9xNFSjCfsay6JZez7uv7yfW3Ad4ubc4fMK,9wXqANaSuEqkKL9yHzCPEDGHwbkStVAqV5rB3QDs3Jr6,0.00026807000000000913,0.0010304219999999198,0.2660583329446149,992.4957397120373,0.00010642333317784598,3812.137846904544,3.158672171,0.082508136,3449.5010607876193
ercAoEmXjQzEvAFbdjAo81KtMxRGn9AW1ju882upmPH,CMRhskR2Eg6V42RTSdRTXGdozyPbWB8U9dVpijPWb9T4,7TKLLgrWswt6ZJ1pXhVR3FyufHGjJFqiEXxvWJfDcgRm,0.0,9.648000002471235e-06,0.0,165.6844341130995,0.0,149.32482779114235,39.262424107,304.897425584,52033.92808937025
SERgf3DMJpQxUifu7VoFKmfne73d2fDJxSrxUMrcNJB,AJfM2GZ2tTB8UtN2krcyR9xufRJEx2mhSCbJyMgPo3GU,F4yRYkufQvERZcEKnKjJwRLU1btiMBUuEwq46hfm11QD,0.10002815700000056,0.10003510299999974,16.59665794260045,165.91986137063745,0.006638663177040181,166.08037526192953,29.069415859,28.177047092,9502.848004263109
RajgMbScQbqqrdJfR2rxfHJiTiY5b6bJ2tTXiF4aPxy,725ZA3fhyBAKb5iopNRrcbSuQa3LXA1656Q3mBvYPxeg,GLA6i1dSZpUfk2f9Nj8uiG7xyDdAR2reff8oEiZH3617,417.12396373999945,417.2119433700136,417.19424845503664,1.0001684983869232,0.1668776993820147,1.0,85744.95574374,98271.15428689,184030.55791735963
