0,1,2,3,4,5,6,7,8,9,10,11
WiiQFxXqp8P9Fs1rt9SVcDyA3KUdJmUsog6wnVQAwba,3S2jpqSYxho6wiz3cafhjXruVY8cg4HYa2v3BqBHYFSj,Dfe67M6TfrG74gKRtdqys4e6E9QirPD53BkF4FujFjuv,3383.1507209720003,3388.4359116130036,3376.4950482158483,0.9980326998986792,0.33764950482158484,0.9999747576371929,20569.275825087,6274.749289802,26803.40078697611
parEAJhzYzHW87y9VoZAQ22dzQ2MD2ekEtTReaxbMcz,3oyc6hpjYSJEquK6dSvG72NXyz3pqLZz5D8AC71pwgQb,Di2vordgFJVZ1aj1aBpvzXtLfZgJsuLLXawGtVFwX6Rz,0.7125587959998256,0.8381487440000228,115.3775637410182,161.9200610373862,0.04615102549640728,191.97174175961297,1105.457655911,138.142375775,205515.20360769273
SRMuKizofcAMicegrfSv7xs9q76tH1w8aAF7oX9FEWu,72Hj2KWntXPfbie4UgKeTPnm1XVkomDfCnRPKbvfTtPi,6aqJQ5wedqpUt4fFEDUqUmXhrdxCu4bEJsQdVPCADLko,0.023691999999755353,0.023691999999755353,0.0008131417043485596,0.034321361824960164,3.2525668173942384e-07,0.03443561389040377,16637.386461,5253.646181,751.9302919553847
GokA1R67GqSavkd15zR62QD68Tuc5AEfvjssntVDEbM8,3YB7hfpBdbQEuZqLGWVDpRPmeZWCUsrrWyqGXegnQ6Cg,4DPCj6Z1DsG6HUtwSogBGqXEUxdEV5a8YVrrFtcnz7UW,3065.2032610000006,3065.4828589999997,3065.145023244559,0.9999810003609931,0.30651450232445593,1.0,17837.377326,14611.243939,32448.28236126998
AUSejoEUCh2DBs9mof6BNC8Pubs22w4cJa1ccV9h44R,4xkyD7AfGQDwsQMy9MosRRNGoVJ1zosNinesxg1TzHG7,Cbm5gsQe3nSiCsFrvepVzMCD9xLK3ri9g3ypS2hdmVJ7,393.10783900000024,392.2588570000007,393.99353646998475,1.0022530648898724,0.03939935364699848,1.0,13653.888832,15228.251178,28912.9031075376
B2izdXFYb2sNwbWWHmh75T4aQFtfXsUxem9u2p61HGzf,4DYwgJtxwuJdAjkj5RJSNH4e7U329V5cNp7d3a1nLrZv,EXNW64GEf1ACC6xY9BtKRiunrs6GoJSXBdxWN2eTPmrF,1857.4059740000102,1834.7021130000194,1879.2884082253868,1.011781180060626,0.1879288408225387,1.0,9723.029673,30025.797691,39863.376127312426
HEDSDjj84KS7LKhZY7ejkCACTdPen62rKhCby1wXtgxc,EnnjMSFttpCTywBrYNt1J5QQeoSVkvzPipJDa8Y7kJow,6bjVT6JN2rSvpyn9PdfLYC8wJn4LWh49jpY47fnLDXZk,439.5600081320017,489.9741947749935,388.89653979911884,0.8847404964155238,0.15555861591964756,0.9999747576371929,43469.989340106,4699.283475079,43158.8248020035
YAkoNb6HKmSxQN9L8hiBE5tPJRsniSSMzND1boHmZxe,CfWX7o2TswwbxusJ4hCaPobu2jLCb1hfXuXJQjVq3jQF,EnTrdMMpdhugeH6Ban6gYZWXughWxKtVGfCwFn78ZmY3,2796658.8899860084,2794050.473170999,2796658.8899860084,1.0,279.66588899860085,0.9958334329166767,248166.965153,1254771.043369,1497709.9207955915
KysFMBBoavfov2tLpvefWW6tPFt6rAeZWDJVy1mMQae,B8ka2V21TH3x64dFV8ETcjuQcwmrciJ2qzy1mJUttRew,7fSf7EYxBANyxzk2s5pymFgshA91tFYQNKKs5UnLWcYS,13.684948000009172,10.828698000000259,0.0,0.0,0.0,0.024265608634363577,134062.002125,2951.919835,71.63013143612511
BUSD5rCfUDpCxKGMvYU2yThChxgHoioK74PTPociGnv2,CcFHbafgYDZ8yA8Me1PdtDiVb2eeaS61LbqyKKK5CsNZ,26R9s4nmF3CFDTkiePDwRmtscn8i7r2eygbSijditJ58,94.66019062000001,94.70995615999996,94.5791022808685,0.9991433744364933,0.00945791022808685,0.9999996300001369,80.84367286,67.25519404,148.02958925876777
STK75uPSyBnEhGTTzb1nwmP3n427XoXmfRhXxxhyady,6TYyD5fUmDe6N65avW1Ny2RxzRNobw2RRgKwH9CTzSAU,54zDfk4cx2vGrEajPtodWpArNe5eUurytyxd4X3aZAxK,193.2843184250005,218.83917533599987,31942.889878653525,165.26374275442436,3.1942889878653524,187.18914901940963,1663.333486141,285.766034323,328381.01815199986
SEQV6QiTpvTzrceiaYg9Avnwf7oc8ZALpnQMz6TyT4A,3dFMPj4r9mMmPHF32mz1gNDX7f8ftidWof7S8YiYTs1j,Fc1ED3YPeQfXQosHbd8DTaBd2AV5gHQtwiSAL5C5pUhi,221.38762030299995,221.6662583530001,220.92117771167486,0.997893095419307,0.08836847108466994,0.9987036826199592,3824.176414559,1733.560565083,5547.432560146917
BUSDTd9WiT6uBHJRgNvFXBsA7JrifsAtWzKfioN7ERcy,DyBxrn7gSc1EwnpWhDyhzvMHPtxpmBqRqotapLcKcfTM,Cds99GeBgoCpqBsoRWu1C6fF9LiUMd4pXQQD24s9LPff,176.84876805000005,177.03219727999993,176.36738737554947,0.9972780094554321,0.017636738737554947,0.9982261521276692,103.6967393,81.81897826,185.08832159562007
Cob4usZcpHEY7Qt4ZCwj6WVg9S44zvzYV2v9qYF65dTf,NhFM9UXE48PyNAyeyPYA3iXztqKVJwA4bTdLj4ysM8w,6TuFuynuBoeskxyR2cz4wxyidk8dpDK7kAWw3UkjQGx,8.709444000000019,1225.3724660000298,0.06192758918536769,0.007110395242838413,2.477103567414708e-05,1.0,74231.252048,161.969988,689.7835294320384
SERgf3DMJpQxUifu7VoFKmfne73d2fDJxSrxUMrcNJB,AJfM2GZ2tTB8UtN2krcyR9xufRJEx2mhSCbJyMgPo3GU,F4yRYkufQvERZcEKnKjJwRLU1btiMBUuEwq46hfm11QD,0.10002815700000056,0.10003510299999974,16.52019148779106,165.15541206853354,0.006608076595116424,165.2529824858279,29.069415859,28.177047092,9457.312424381333
SoNcU2iwHMw6dGzsYNQkYFkUjwN1UdAjrWVRnStrZu2,8ivTTid27jZnYNc4w3CTA1Z6QS2twsFb8WMwUabeDJgc,CyXm53PMvHCbeXJBykU46Rcbo28xk5srhMZFg7gv6EYB,0.10895582299999873,0.10856305099999908,21.475640199067016,197.10410703856797,0.008590256079626806,195.2383704312269,13.387968984,17.016262069,5961.050948833622
BSCNHw8CmxbZ8hCWWzMf5FaG2ajPT6JxfznKUNuRVrn4,7n9kgNL633yGzCYksgnzHyjG73ZLBAwvEae5sbAekbzW,SscdxE99omdG9AiMVwmaEMQySQnCgeAh1sPj2Leutm2,4524.341494708999,4526.0957959060015,4502.297893045412,0.9951277767848945,1.800919157218165,0.9999747576371929,7740.822663947,3972.846658789,11675.854022811964
wrmcMSHFi3sWpAEy4rGDvQb3ezh3PhXoV2xNjgLBkKU,8p4mGnARWPBu6P2Gcw4adodLkNDorrXniZMhaY7eJXUn,AyY89zccbsgp9LKFgH4CFZMJmpSgqmPSdTfukhP227rc,0.0007377999999999829,0.007937160000000887,0.2611931051817281,354.0161360554814,0.00010447724207269126,3787.7353130563233,27.1305421,0.09117881,9950.01088177202
BUSDgu5JdqP1rndBvXvanbEufS94FNh1w5FJcAj6vawb,Bgzr8cWubt89JQFXndVjtdKmDbGzuPxNhvjH1EhWCwbo,Dxaf8xPBBQsasRKW5Aa4Sw2YrbfGofY9xZueyyF23FBW,12971.422174219997,12944.299954499993,12994.940938127456,1.0018131214597426,5.197976375250983,0.9999996300001369,6374.54933018,8782.15941538,15168.263328348956
MATgk4zXLXtYkwBH678J1xZbRDZ45LicNzkRBHkxTuY,y8dALFo1bJrSzPYjMX14HJX448pXqYmrfXHD1K8MXih,GN7Yuet3UyiWS5YVkEHv6oQKi4HGBJc3XDPt9zQhAqZz,12.85104500000034,12.84853000000021,12.863715760023963,1.0009859711816138,0.005145486304009585,1.0,3692.041553,4392.980657,8088.662456572579
SAMyS8Jr2HJrkFwYVKbpUwsNStnQmvz3f8Tup8bWUWF,6jPzm5TFfquvgm25sTyN3MMGBfufRaFHMxobDWv6hMFW,Cj9ECoDmxsHTDzCY5ZA6RWrPbg9uFzEC1Qc2kso2vJG6,2529.352082670027,109.19669109000318,2557.722002619219,1.0112162795142559,1.0230888010476877,0.024261177397365212,511.84235377,107602.18696822,3128.139067057564
AURHmCnNwiW4uA2Qj1XvEh4iKgRUZYXtiY7FKAapUV5Y,BKWm4TRnTeKwfWXRyuzjRHU7iZDkPuXBX5b5V5jSVfGJ,A5Ww74HVrkj9nPeC7pHKLfgeDMEhBCpW1efQdz3TGLEg,0.0017191160004585981,0.0015236890000096537,0.31737366010681023,184.61445302245247,0.0001269494640427241,165.026223492044,288.968292076,1788.254841453,348456.6663087955
C2ypsDADXcCRz8HbV2zX1AXPSja7a1P3xZtRC91xGhJh,J9bYNuDpY1d1T86gLaw7DGk5D3CsUAf2tzUwxMvb6FTv,A2NGvvPrMGzsJ4jb52KEnSBVmsA7C34dV1GC7PerdgvG,3.164314482999771,3.1971064160002243,521.7531609179389,164.88663301990033,0.20870126436717557,166.78967405127946,2285.187917676,1019.93553704,546911.657339571
BSCuChvaSj9b5HUSqgDVRzcnr2sSn7cXaamt1jbKH6hn,GnKpRj5kBVPMJfiwZtEuD9GYApLzPdW5JFuZTcyX4BTc,3dmwD9okkomV9nDwyuh4UMhKdUR13QpuKxRo89ycZB5t,1290.0768577080003,1294.185873128,1286.309381016703,0.9970796494264762,0.5145237524066812,0.9985251783116338,1693.829408463,1313.42030445,3000.3660764776005
MARpDPs5A7XiyCWPNH8GsMWPLxmwNn9SBmKvPa9LzgA,6YjT74rmcfCpw8LSjPNx5JTmZoYLGrTKnf9arfSgZ4SR,F8GSmi3vA8M8TsybLya1LQ4n1aFHCRbZ6k437PeTdXtg,55123.50256900005,57138.67337799967,53324.0814407809,0.96735655311513,21.32963257631236,1.0,293159.617937,19245.878661,302835.7561810848
RajgMbScQbqqrdJfR2rxfHJiTiY5b6bJ2tTXiF4aPxy,725ZA3fhyBAKb5iopNRrcbSuQa3LXA1656Q3mBvYPxeg,GLA6i1dSZpUfk2f9Nj8uiG7xyDdAR2reff8oEiZH3617,930.8712688499945,931.0747235000017,931.0411186812754,1.0001824632867773,0.3724164474725102,0.9999996300001369,86258.81852387,97757.40698178,184031.9284029642
DFWzVTzNBrQZLjoQ4yQwkj9HuoXmfkuZP9V5vbymZe23,DhgiEgiNdqZdRdo195UUHnoEJUtefK8buko8nU97XJUZ,2K2kkXsouBHtWVjtcgkyiXd8eP3oVBvq1bTJzcVdLLr2,3011.942775563999,3046.058181089,2972.975888432067,0.9870625406803636,1.189190355372827,0.9999747576371929,43836.607317595,24167.344666742,67436.20761957258
JSoLLrxK5bYdHwTEWYaGgmeycBCNXKDiBCTw5hXGBg7,xG4wXczA7Dk4hccJ61CHKpDHW4NrNfQwgmWgkb9BuF2,BVR6WgfhsRr9Lob4QDnkEAiNGgAbv7ZieKcY9kSg3QYR,0.23957030600001872,0.20283107199998796,46.757231191645026,195.17122957484293,0.01870289247665801,164.9869346846423,16.856966619,165.005034646,30513.66977570906
MATSnbbiTCv7Dc3trJrkrqjx7ckKdr6fwPoVwv9q3sD,631WX9JizSHJm4w6VanZeJAst9T8DeUUnPLesdGkCVtK,211maUSfpnXbPuW1iBu8b4dtJv5EbN1j7JJiEX5TZKEP,983.3171509999956,984.3311969999959,976.2103397267847,0.9927726153601779,0.39048413589071385,0.998888237391783,25711.975232,19864.396126,45368.45653030106
vEnkoSUkpnbRrPgBz9DfcVxNz67zjwMYBZraAvDDNSf,DtfyjjsZ5yCjWKLKHvwsfXs5QVsmm1QkK6Sh9JZHoq1g,e5wrKCRv4GhHvEf1VD5Pq2KGaZDXP77nTL612Jyrxwy,6167.685335999999,6167.481738000001,6140.7886815747015,0.9956391007387642,0.6140788681574701,0.9980836793356755,5725.019891,4597.259258,10288.503091071416
Sid7E679i9ABqptiAVhkmQ27YHN8vaYT4fppPwmxFsJ,GP7KB8o1bv527HG8kTzzzf4wJ5aEGHvcMQvVhLziUfmT,9gYxhAZ1M9wu5pxr8SBoa5NDm21gi3s9vMHaYTME77sa,480.07494599997244,1103.3112109999684,3.413522612244112,0.007110395242838413,0.0013654090448976448,0.024291255259846233,138370.764716,7968.986866,1177.447521308928
KEN5P7p3asnb23Sw6yAmJRGvijfAzso3RqfyLAQhznt,9zj4aX38Uxf3h6AUjS4EipWS8mwbEofasHAf3a1uKGds,CwQDG1MWunn9cLNwcZLd8YBacweSR7ARo32w4mLua1Yr,31585.796634999802,31587.12345100101,31573.86171527143,0.9996221428300103,3.157386171527143,1.0,1102525.505539,1079786.327297,2181895.2356686355
FrnkTEL6yZ5Aycq2TrEgu29dCrwKG4LPUZydfiwqspkc,DjvZuMZ46fxKBoBpGMPcRcos4xdTtHFxwMh69DpA2ZFY,9rvDPJLAng4uVVqnnSoEXgNDFhBZQTny9AoQioYDZbQX,24.72228215400264,20.483503762000083,4932.358342258636,199.51064030146856,1.9729433369034548,165.26655594909195,169.659953989,1443.046991045,272336.37233657035
BSC8REUo9LpiiWUuqMuLXs2D2yJsJfGd4HdiF3wCLxk5,AZjEH1zWVx1UJ6udMyRijGTzPteuLnaY18yNNmprJEsh,Caf8ypkSVR8xYnXNhjvfvdGCC7mrM3C11rz8Xi6NA6aK,11628.248827371002,11674.875140626002,11608.837052449562,0.9983306364346326,4.643534820979826,0.9999747576371929,3393.224004523,2833.567413002,6221.055367066042
KZMu9QBEdL97EFgamLbN5DE1AoKBG4HdrKKJo4Vuon3,DD4ACBWyVqdaKWh7v5btsgqQCCMwbKnuL2xd9pv7Gyuw,GcYqiJ1MAuYbNTNYXm1F1gQYTfTgkErACAhNU5dpVj9T,65.82180184000003,65.12232136999955,66.56007756756944,1.0112162795142559,0.026624031027027775,0.9999996300001369,1169.16313161,1921.26672265,3103.5428038734763
ionytDfEj1mXodptgrsKEZro7DGsfpzANUfarJdm6Qb,3gkSjY95an9xNFSjCfsay6JZez7uv7yfW3Ad4ubc4fMK,9wXqANaSuEqkKL9yHzCPEDGHwbkStVAqV5rB3QDs3Jr6,0.001999144000000022,0.007648361999999853,1.9759131886411676,988.3796207982746,0.0007903652754564671,3795.354486109002,3.158643925,0.082516162,3435.1173704514704
ALLwa5WNZbvQsRKAqe1jdRGemdYQnW8E5k4msbRFcYtu,CGoM82Hbz7QVqTgvQatYtjvDWBvoUJp5qm21P8iMs9yb,3dxNNww8TivyN5FMy5dCNdi3Zcxv6e4kUfSPxfFwpdNq,0.40659959600000084,0.4062138380000002,1543.3653292844976,3795.786676788765,0.617346131713799,3792.9360359266902,2.823922993,5.909402368,33132.99446548457
BSCrK1Nx9PXU9mF7STWWBqeHLxmtJDr9h7jheEy4tAWX,FfSySSbVJPvEo5a5AvrP3nySoXpRE2QPn1uUMpJJ1x7v,HL7Vcj6838ZmvBHDbQxXfjBNckNi83WvPiZQoMQLFeRM,0.04563237599999992,0.04539548499999979,174.22257177764172,3817.959682345754,0.06968902871105669,3795.786676788765,0.607263063,1.198265375,6866.865636794083
Lee1XZJfJ9Hm2K1qTyeCz1LXNc1YBZaKZszvNY4KCDw,9DgFSWkPDGijNKcLGbr3p5xoJbHsPgXUTr6QvGBJ5vGN,2hNHZg7XBhuhHVZ3JDEi4buq2fPQwuWBdQ9xkH7t1GQX,255.70413829893369,214.51559026399173,50432.01576461818,197.2279999069084,5.0432015764618185,165.32937248244698,6612.866865878,53954.586030804,10224520.35663081
KwnjUuZhTMTSGAaavkLEmSyfobY16JNH4poL9oeeEvE,J63v6qEZmQpDqCD8bd4PXu2Pq5ZbyXrFcSa3Xt1HdAPQ,BnKQtTdLw9qPCDgZkWX3sURkBAoKCUYL1yahh6Mw7mRK,477.8686359999997,19752.046623000177,11.385905948960433,0.023826434905345913,0.0011385905948960433,1.0,275302.54244,626.312235,7185.790341722891
RoBgmK8CvjdHvPrqdDyVw54VwjZv2TqJ493xnqJAQHx,ExiHJxM7qPAcy27NDHAF6G7vnW7muNHi2sVJpnaNynGQ,6rkPHSqZb7StM4HwS9EuVrmfkV7tRdc7dnsFhyB6cefE,0.2694839999999985,13.684948000000077,0.0,0.0,0.0,0.9687097077305942,6187.251618,20.394013,19.755878372683938
C98Sspw7XqnMsgxea3SLQVdbMDL8pKUc3RE82UvX9eq2,CSqgQJurPCzGxb4Cgwx5R61hWQUiaoUHcShNc8r1cKEL,6S2CR5EnukPhC914XkAns8m5GixjMAoUuZMsS5ubHuWc,7.524473999999827,7.525455999999849,0.0,0.0,0.0,1.0,878.759095,885.318176,885.318176
SoN9GaFpSXfpyR5dth3x7PHPVhvJMpQqqDJfCSmPv1t,9kZ9iS68ViMPtoeqtnhAKuF2iqVyfHPdZHoUNdwCELr,BBhm5fJLjw3HRzjtKB8uMEYjGhY6EDm9co3cqpjrSzB9,0.040590272999999844,0.03971185499999996,8.090451597240504,199.31996015992635,0.0032361806388962015,195.32531822400844,1.955571975,3.24016604,1022.6709910084938
moFiBS1R4Lf3E3zzmBPnw3NF4RhWPkhREFviuzUaCAU,44ALBrpqi9PfZkBRTvbtRNtFJGsatfY4QydjtMbFWq8S,2ho8qEEie1UjVwWNBo9y4oAJZMyMLx8zPj9bxyUz6uWs,73.80415854899911,74.02295690300525,73.60467280940154,0.9972970935036792,0.029441869123760615,0.9999747576371929,39690.463803837,24743.244608483,64325.8042219052
Lid8SLUxQ9RmF7XMqUA8c24RitTwzja8VSKngJxRcUa,4PgzyzLtds9bKZ2to9PMnKqJzKEUpjvNUaeN23phegax,AtymwxoVN9peZo7EXTcDz9jKVc4vRmisJKKrNfe3ewBa,39.910243349996676,33.75719466399926,7808.92175120639,195.66209313046045,0.780892175120639,165.27166364439884,962.860648235,7655.389222832,1453614.2425294581
heyk4SZTeCUV6a65WiVA5bzic3KcxgVf1qxobfeV4tQ,9ZDpBKPqMABtGfq66FbVribaArMvtk63xxy91onZAtDt,DaTP4s6N7xxSPinbNZ3FB52EpRDRt87QShTuN3VPCW52,6.7943727070014575,5.853347957999745,1300.854355766152,191.46055299934443,0.5203417423064607,165.1754625904005,610.391836228,4491.981611215,858831.0990905084
daob129AwBGn9Y5r91uLoWZeYiGzbPmksauMhFZKTze,6VW5GQNyj4LStgmxEHLr5zUfW92vQnmbw8jTnCH7a38F,4VPCCUifPeBA1c7HWK358CHn2nyjm8pdTRk6Ps3KmnMQ,3.087524874000046,2.7667878439999853,571.7775246853205,185.18960915918177,0.22871100987412818,165.2855680079866,47.888574793,224.743104746,46015.25817292695
