0,1,2,3,4,5,6,7,8,9,10,11
AURHmCnNwiW4uA2Qj1XvEh4iKgRUZYXtiY7FKAapUV5Y,BKWm4TRnTeKwfWXRyuzjRHU7iZDkPuXBX5b5V5jSVfGJ,A5Ww74HVrkj9nPeC7pHKLfgeDMEhBCpW1efQdz3TGLEg,0.001735820000703825,0.0015108010000517424,0.29895700388939733,172.2281133805227,0.00011958280155575895,160.42161366817814,271.275857796,1808.20325379,336796.2130069301
ALBpShJ9NLpE739pcHDF2LNVk5J4VYPvvKuV6jMPitZi,D6d156U1bPiJpDYRLextvDRccgFk7QzkQbJg42ceKEu5,GNcM8U5g8RwTZffwwm3kSQqUNPSwv5d2fbN9sLxPJqt2,131.9785769999944,131.97059199999057,131.63159611264146,0.9973709302279191,0.05265263844505659,0.9962957723185196,53985.934888,46351.821455,100024.1258533478
BUSDgu5JdqP1rndBvXvanbEufS94FNh1w5FJcAj6vawb,Bgzr8cWubt89JQFXndVjtdKmDbGzuPxNhvjH1EhWCwbo,Dxaf8xPBBQsasRKW5Aa4Sw2YrbfGofY9xZueyyF23FBW,3455.5111082099957,3447.948573910003,3463.8097382189185,1.002401563690305,1.3855238952875675,1.0,6489.48612696,8684.32308403,15189.394125241244
SRMuKizofcAMicegrfSv7xs9q76tH1w8aAF7oX9FEWu,72Hj2KWntXPfbie4UgKeTPnm1XVkomDfCnRPKbvfTtPi,6aqJQ5wedqpUt4fFEDUqUmXhrdxCu4bEJsQdVPCADLko,0.025508000000627362,0.025508000000627362,0.0009355617023491944,0.03667718764019855,3.7422468093967777e-07,0.03635994483760049,16548.438815,5342.357513,801.1980200455205
Lee1XZJfJ9Hm2K1qTyeCz1LXNc1YBZaKZszvNY4KCDw,9DgFSWkPDGijNKcLGbr3p5xoJbHsPgXUTr6QvGBJ5vGN,2hNHZg7XBhuhHVZ3JDEi4buq2fPQwuWBdQ9xkH7t1GQX,752.0898541130082,631.567827672995,144044.98840078566,191.5263018282143,14.404498840078565,160.22967963197166,6601.927797728,53985.414697984,9914508.517892841
C2ypsDADXcCRz8HbV2zX1AXPSja7a1P3xZtRC91xGhJh,J9bYNuDpY1d1T86gLaw7DGk5D3CsUAf2tzUwxMvb6FTv,A2NGvvPrMGzsJ4jb52KEnSBVmsA7C34dV1GC7PerdgvG,43.06538314900047,43.51284576299963,6911.472179265041,160.48788316482106,2.7645888717060165,153.1020074275908,1574.905726975,699.33072532,359822.22420865647
DFWzVTzNBrQZLjoQ4yQwkj9HuoXmfkuZP9V5vbymZe23,DhgiEgiNdqZdRdo195UUHnoEJUtefK8buko8nU97XJUZ,2K2kkXsouBHtWVjtcgkyiXd8eP3oVBvq1bTJzcVdLLr2,2511.8905444970005,2553.328999999998,2476.870339787866,0.9860582282194359,0.9907481359151467,0.9999349062374736,44358.788869801,23654.225789448,67393.03480580772
Sid7E679i9ABqptiAVhkmQ27YHN8vaYT4fppPwmxFsJ,GP7KB8o1bv527HG8kTzzzf4wJ5aEGHvcMQvVhLziUfmT,9gYxhAZ1M9wu5pxr8SBoa5NDm21gi3s9vMHaYTME77sa,436.8259599999992,864.6216590000085,2.927118582896702,0.00670088055869369,0.0011708474331586808,0.018966422528347026,137394.351645,8260.903422,1077.3429245798245
HEDSDjj84KS7LKhZY7ejkCACTdPen62rKhCby1wXtgxc,EnnjMSFttpCTywBrYNt1J5QQeoSVkvzPipJDa8Y7kJow,6bjVT6JN2rSvpyn9PdfLYC8wJn4LWh49jpY47fnLDXZk,137.45571400200424,127.416741,119.31005384228418,0.8679890443881039,0.04772402153691367,0.9999349062374736,43187.022052357,4953.290622614,42438.83019548381
STK75uPSyBnEhGTTzb1nwmP3n427XoXmfRhXxxhyady,6TYyD5fUmDe6N65avW1Ny2RxzRNobw2RRgKwH9CTzSAU,54zDfk4cx2vGrEajPtodWpArNe5eUurytyxd4X3aZAxK,170.31814396900091,192.94896110499735,27355.88397538408,160.61638142535796,2.7355883975384083,181.14727817157183,1501.991145555,256.704803908,287745.7592534735
WiiQFxXqp8P9Fs1rt9SVcDyA3KUdJmUsog6wnVQAwba,3S2jpqSYxho6wiz3cafhjXruVY8cg4HYa2v3BqBHYFSj,Dfe67M6TfrG74gKRtdqys4e6E9QirPD53BkF4FujFjuv,967.4620425610001,969.2745168000001,966.6150760656649,0.9991245480875992,0.0966615076065665,0.9999349062374736,17399.380165476,9448.968115006,26832.500890954947
CZgvH45CRmoaNJ7395Ao5CQZXkGznvqU7cErD6n7FaRg,4ZjU6MKvtqVQKCiowhvZ5yUsPxXX5SCzd5eFsPeXyey5,BsyWeshjDbCvjDojry3vKDCesmFRM37WtwcR4Kfgzqr,0.725603250000006,0.7503900000000385,0.7546158917276705,1.0399841672810373,0.00030184635669106827,1.0,190.46101104,615.67548839,813.7519243559389
YAkoNb6HKmSxQN9L8hiBE5tPJRsniSSMzND1boHmZxe,CfWX7o2TswwbxusJ4hCaPobu2jLCb1hfXuXJQjVq3jQF,EnTrdMMpdhugeH6Ban6gYZWXughWxKtVGfCwFn78ZmY3,4626342.919066984,4625150.01459003,4626342.919066984,1.0,462.6342919066984,0.9979721206508375,465978.88832,1240786.880989,1704249.6032163305
BSC8REUo9LpiiWUuqMuLXs2D2yJsJfGd4HdiF3wCLxk5,AZjEH1zWVx1UJ6udMyRijGTzPteuLnaY18yNNmprJEsh,Caf8ypkSVR8xYnXNhjvfvdGCC7mrM3C11rz8Xi6NA6aK,70.04783367100026,70.0,70.10780795617885,1.000856190434957,0.028043123182471534,0.9999349062374736,2955.786759866,3273.783775017,6231.888148330956
Lid8SLUxQ9RmF7XMqUA8c24RitTwzja8VSKngJxRcUa,4PgzyzLtds9bKZ2to9PMnKqJzKEUpjvNUaeN23phegax,AtymwxoVN9peZo7EXTcDz9jKVc4vRmisJKKrNfe3ewBa,37.71100190699883,31.881862339999657,7181.543277979629,190.4362895393346,0.718154327797963,160.01016384560748,958.525213303,7660.692354144,1408326.6238086964
GokA1R67GqSavkd15zR62QD68Tuc5AEfvjssntVDEbM8,3YB7hfpBdbQEuZqLGWVDpRPmeZWCUsrrWyqGXegnQ6Cg,4DPCj6Z1DsG6HUtwSogBGqXEUxdEV5a8YVrrFtcnz7UW,9858.751461,9859.345736000003,9858.002252828785,0.9999240057755611,0.9858002252828786,1.0,17952.030075,14505.061319,32455.727143397344
heyk4SZTeCUV6a65WiVA5bzic3KcxgVf1qxobfeV4tQ,9ZDpBKPqMABtGfq66FbVribaArMvtk63xxy91onZAtDt,DaTP4s6N7xxSPinbNZ3FB52EpRDRt87QShTuN3VPCW52,17.93588771400266,15.494550437000271,3283.2148824146752,183.05282318708143,1.3132859529658703,159.68994600084474,602.461850015,4501.267056971,829089.435770838
SoNcU2iwHMw6dGzsYNQkYFkUjwN1UdAjrWVRnStrZu2,8ivTTid27jZnYNc4w3CTA1Z6QS2twsFb8WMwUabeDJgc,CyXm53PMvHCbeXJBykU46Rcbo28xk5srhMZFg7gv6EYB,0.9691484449999983,0.9630216640000029,185.5166507754228,191.4223272322571,0.07420666031016912,159.16275298720635,13.355876236,17.051480634,5270.573511536593
BSCrK1Nx9PXU9mF7STWWBqeHLxmtJDr9h7jheEy4tAWX,FfSySSbVJPvEo5a5AvrP3nySoXpRE2QPn1uUMpJJ1x7v,HL7Vcj6838ZmvBHDbQxXfjBNckNi83WvPiZQoMQLFeRM,0.006046991999999696,0.006014024000000062,22.454982287016033,3713.4135925791143,0.008981992914806414,3686.7718625571447,0.606822829,1.198714017,6672.769250624358
RajgMbScQbqqrdJfR2rxfHJiTiY5b6bJ2tTXiF4aPxy,725ZA3fhyBAKb5iopNRrcbSuQa3LXA1656Q3mBvYPxeg,GLA6i1dSZpUfk2f9Nj8uiG7xyDdAR2reff8oEiZH3617,24178.53697966,24194.170124070006,24160.343999025292,0.9992475565974066,9.664137599610118,1.0,108781.27408847,75256.6627769,183956.0851133564
BUSDTd9WiT6uBHJRgNvFXBsA7JrifsAtWzKfioN7ERcy,DyBxrn7gSc1EwnpWhDyhzvMHPtxpmBqRqotapLcKcfTM,Cds99GeBgoCpqBsoRWu1C6fF9LiUMd4pXQQD24s9LPff,192.18184705,191.81732386000002,192.09489721572425,0.9995475647902733,0.019209489721572427,0.9982969054792524,92.38545781,93.37889862,185.56352490542687
MATSnbbiTCv7Dc3trJrkrqjx7ckKdr6fwPoVwv9q3sD,631WX9JizSHJm4w6VanZeJAst9T8DeUUnPLesdGkCVtK,211maUSfpnXbPuW1iBu8b4dtJv5EbN1j7JJiEX5TZKEP,13880.288250000001,13902.972270000002,13872.006662022774,0.9994033561963508,5.548802664809109,0.9993054826895309,22799.205361,22786.216921,45555.993855301494
BSCNHw8CmxbZ8hCWWzMf5FaG2ajPT6JxfznKUNuRVrn4,7n9kgNL633yGzCYksgnzHyjG73ZLBAwvEae5sbAekbzW,SscdxE99omdG9AiMVwmaEMQySQnCgeAh1sPj2Leutm2,7.640385435000098,7.603302999999869,7.640315587235,0.9999908580835755,0.0030561262348940002,0.9999349062374736,5950.769690283,5759.430183252,11709.770569115193
vEnkoSUkpnbRrPgBz9DfcVxNz67zjwMYBZraAvDDNSf,DtfyjjsZ5yCjWKLKHvwsfXs5QVsmm1QkK6Sh9JZHoq1g,e5wrKCRv4GhHvEf1VD5Pq2KGaZDXP77nTL612Jyrxwy,5974.893804000002,5976.930785999999,5957.812754831899,0.9971411961905218,0.5957812754831899,0.9908985963921382,4347.508717,5983.178513,10263.803233013401
ALLwa5WNZbvQsRKAqe1jdRGemdYQnW8E5k4msbRFcYtu,CGoM82Hbz7QVqTgvQatYtjvDWBvoUJp5qm21P8iMs9yb,3dxNNww8TivyN5FMy5dCNdi3Zcxv6e4kUfSPxfFwpdNq,3.294708230000002,3.2864955630000003,12025.360354770428,3649.901452660778,4.810144141908172,3685.9157473378477,2.532111494,6.214120145,32146.680718554504
NorjjEePhxfwLF4vZjUHCrVVKLzQjEEGQFd3wgjEJmh,34M8pFVqgbV7aqHxvRT5tCv3vu2P1JJYT8J3VaxBK2oG,3AZWBSze3ucsY3xSeuLne3b2pauVqiaJ1SZSV5T9WGWw,14.561007999995581,16.70557799999324,8.208365301084424,0.5637223261663556,0.0032833461204337696,1.0,38257.636967,2119.168092,23685.852196665197
BUSD5rCfUDpCxKGMvYU2yThChxgHoioK74PTPociGnv2,CcFHbafgYDZ8yA8Me1PdtDiVb2eeaS61LbqyKKK5CsNZ,26R9s4nmF3CFDTkiePDwRmtscn8i7r2eygbSijditJ58,91.82982345,91.77085349999999,91.65060893278674,0.9980484061660987,0.009165060893278676,1.0,98.65424529,49.64080009,148.10251236320386
SAMyS8Jr2HJrkFwYVKbpUwsNStnQmvz3f8Tup8bWUWF,6jPzm5TFfquvgm25sTyN3MMGBfufRaFHMxobDWv6hMFW,Cj9ECoDmxsHTDzCY5ZA6RWrPbg9uFzEC1Qc2kso2vJG6,1603.5480030699946,84.43885195999246,1613.5780364159166,1.0062549005871477,0.6454312145663668,0.021885821581267242,482.69330678,108878.96280883,2868.6180594154753
C98Sspw7XqnMsgxea3SLQVdbMDL8pKUc3RE82UvX9eq2,CSqgQJurPCzGxb4Cgwx5R61hWQUiaoUHcShNc8r1cKEL,6S2CR5EnukPhC914XkAns8m5GixjMAoUuZMsS5ubHuWc,25.723316000000068,25.72230999999988,0.0,0.0,0.0,1.0,671.516143,59.512354,59.512354
B2izdXFYb2sNwbWWHmh75T4aQFtfXsUxem9u2p61HGzf,4DYwgJtxwuJdAjkj5RJSNH4e7U329V5cNp7d3a1nLrZv,EXNW64GEf1ACC6xY9BtKRiunrs6GoJSXBdxWN2eTPmrF,2546.2948979999856,2515.794647000006,2571.9189262623377,1.0100632602619903,0.25719189262623376,1.0,10070.807413,29677.494705,39849.647274045405
MATgk4zXLXtYkwBH678J1xZbRDZ45LicNzkRBHkxTuY,y8dALFo1bJrSzPYjMX14HJX448pXqYmrfXHD1K8MXih,GN7Yuet3UyiWS5YVkEHv6oQKi4HGBJc3XDPt9zQhAqZz,203.57579400000031,203.81044399999973,203.82956180444685,1.0012465519571867,0.08153182472177875,1.0,3544.06944,4541.776981,8090.264287696838
KwnjUuZhTMTSGAaavkLEmSyfobY16JNH4poL9oeeEvE,J63v6qEZmQpDqCD8bd4PXu2Pq5ZbyXrFcSa3Xt1HdAPQ,BnKQtTdLw9qPCDgZkWX3sURkBAoKCUYL1yahh6Mw7mRK,450.26608199999964,18682.20096699911,9.784654072841462,0.02173082642463278,0.000978465407284146,1.0,276855.529064,590.715059,6607.01450578966
KEN5P7p3asnb23Sw6yAmJRGvijfAzso3RqfyLAQhznt,9zj4aX38Uxf3h6AUjS4EipWS8mwbEofasHAf3a1uKGds,CwQDG1MWunn9cLNwcZLd8YBacweSR7ARo32w4mLua1Yr,48893.00498100044,48898.07289900072,48845.96631543867,0.9990379264768028,4.884596631543867,1.0,1052997.738276,1006304.333152,2058289.010184018
wrmcMSHFi3sWpAEy4rGDvQb3ezh3PhXoV2xNjgLBkKU,8p4mGnARWPBu6P2Gcw4adodLkNDorrXniZMhaY7eJXUn,AyY89zccbsgp9LKFgH4CFZMJmpSgqmPSdTfukhP227rc,0.0049953199999999975,0.05206976000000196,1.6087987117552327,322.061191626409,0.0006435194847020931,3669.455452810803,27.16621353,0.08797172,9071.991409096421
daob129AwBGn9Y5r91uLoWZeYiGzbPmksauMhFZKTze,6VW5GQNyj4LStgmxEHLr5zUfW92vQnmbw8jTnCH7a38F,4VPCCUifPeBA1c7HWK358CHn2nyjm8pdTRk6Ps3KmnMQ,8.196829142000013,7.269598002000016,1466.9273454056874,178.96278182611474,0.5867709381622751,160.6553710946286,48.108411296,224.516453887,44679.389330833095
BSCuChvaSj9b5HUSqgDVRzcnr2sSn7cXaamt1jbKH6hn,GnKpRj5kBVPMJfiwZtEuD9GYApLzPdW5JFuZTcyX4BTc,3dmwD9okkomV9nDwyuh4UMhKdUR13QpuKxRo89ycZB5t,284.2306270239999,284.1566133489998,283.7059169025714,0.9981539282837941,0.11348236676102857,0.9990578884112283,1610.459345832,1396.942192783,3003.1124397378953
FrnkTEL6yZ5Aycq2TrEgu29dCrwKG4LPUZydfiwqspkc,DjvZuMZ46fxKBoBpGMPcRcos4xdTtHFxwMh69DpA2ZFY,9rvDPJLAng4uVVqnnSoEXgNDFhBZQTny9AoQioYDZbQX,39.263630365999916,32.523372677000054,7439.087514496431,189.46509645573326,2.9756350057985728,160.02757595188802,169.318671808,1443.618017574,263098.6704386967
ercAoEmXjQzEvAFbdjAo81KtMxRGn9AW1ju882upmPH,CMRhskR2Eg6V42RTSdRTXGdozyPbWB8U9dVpijPWb9T4,7TKLLgrWswt6ZJ1pXhVR3FyufHGjJFqiEXxvWJfDcgRm,0.020718246000001272,0.0183581800000141,3.324969279144575,160.48507577062125,0.0013299877116578298,139.14119826173683,35.83430256,305.089801631,48201.4313379019
4vezWG46exH6pf9nry3n1VJ7hZHvjBJNgNeF4qEFCML5,,,0.05163600000000024,0.052475999999998635,0.0,0.0,0.0,139.14119826173683,35.83430256,305.089801631,42450.56057637293
AUSejoEUCh2DBs9mof6BNC8Pubs22w4cJa1ccV9h44R,4xkyD7AfGQDwsQMy9MosRRNGoVJ1zosNinesxg1TzHG7,Cbm5gsQe3nSiCsFrvepVzMCD9xLK3ri9g3ypS2hdmVJ7,101.88784699999633,101.67556799999875,101.97125949025936,1.0008186696717916,0.010197125949025937,1.0,14177.825608,14705.284836,28894.71739983722
SEQV6QiTpvTzrceiaYg9Avnwf7oc8ZALpnQMz6TyT4A,3dFMPj4r9mMmPHF32mz1gNDX7f8ftidWof7S8YiYTs1j,Fc1ED3YPeQfXQosHbd8DTaBd2AV5gHQtwiSAL5C5pUhi,64.20033701299985,64.20193002799988,64.14068848177658,0.9990709000295249,0.025656275392710634,0.9990568902955609,2704.890636305,2853.637065402,5553.323295087343
JSoLLrxK5bYdHwTEWYaGgmeycBCNXKDiBCTw5hXGBg7,xG4wXczA7Dk4hccJ61CHKpDHW4NrNfQwgmWgkb9BuF2,BVR6WgfhsRr9Lob4QDnkEAiNGgAbv7ZieKcY9kSg3QYR,0.4949398709999855,0.42139281000001816,90.16265515553226,182.1689066459043,0.03606506206221291,160.4348940760699,16.825824866,165.011689818,29538.77509651882
Cob4usZcpHEY7Qt4ZCwj6WVg9S44zvzYV2v9qYF65dTf,NhFM9UXE48PyNAyeyPYA3iXztqKVJwA4bTdLj4ysM8w,6TuFuynuBoeskxyR2cz4wxyidk8dpDK7kAWw3UkjQGx,7.021830000000023,1004.5891720000072,0.04705244413345226,0.00670088055869369,1.8820977653380906e-05,1.0,75207.665119,155.251319,659.2089000606526
KZMu9QBEdL97EFgamLbN5DE1AoKBG4HdrKKJo4Vuon3,DD4ACBWyVqdaKWh7v5btsgqQCCMwbKnuL2xd9pv7Gyuw,GcYqiJ1MAuYbNTNYXm1F1gQYTfTgkErACAhNU5dpVj9T,39.30155890999936,38.8912877399996,39.54738625390134,1.0062549005871477,0.015818954501560532,1.0,1124.53397575,1966.5439913,3098.111815275186
MARpDPs5A7XiyCWPNH8GsMWPLxmwNn9SBmKvPa9LzgA,6YjT74rmcfCpw8LSjPNx5JTmZoYLGrTKnf9arfSgZ4SR,F8GSmi3vA8M8TsybLya1LQ4n1aFHCRbZ6k437PeTdXtg,27593.223296999982,28640.10517700063,25375.342257654233,0.9196222559621411,10.150136903061695,1.0,299899.456545,12923.921773,288718.136562733
oKQqupM9E7SSLAFDLxr7mdsXP7znck9qRbVWc6Yyj7Q,CMR2J7CwfW98RpvnJmFBgRFTLAd3x8CJ1SWs8Bt3uunG,FmRb5jHfSNj1YWP3b45d9vvYuhwjp4om8bALmtqZpr1v,7.592329130000053,7.685934000000088,7.685617773382795,1.0122872232993858,0.003074247109353118,1.0,2174.94484804,3721.68902272,5923.357903771716
parEAJhzYzHW87y9VoZAQ22dzQ2MD2ekEtTReaxbMcz,3oyc6hpjYSJEquK6dSvG72NXyz3pqLZz5D8AC71pwgQb,Di2vordgFJVZ1aj1aBpvzXtLfZgJsuLLXawGtVFwX6Rz,0.562146494999979,0.6666531139999279,85.71176044652103,152.4722847316236,0.03428470417860841,186.3284135179028,1107.378865328,136.53149484,194284.282488838
SoN9GaFpSXfpyR5dth3x7PHPVhvJMpQqqDJfCSmPv1t,9kZ9iS68ViMPtoeqtnhAKuF2iqVyfHPdZHoUNdwCELr,BBhm5fJLjw3HRzjtKB8uMEYjGhY6EDm9co3cqpjrSzB9,0.061208801999999896,0.06034097700000007,11.858271029857022,193.7347349137309,0.004743308411942809,188.00515810951788,1.944072996,3.252318983,988.087211154504
