0,1,2,3,4,5,6,7,8,9,10,11
daob129AwBGn9Y5r91uLoWZeYiGzbPmksauMhFZKTze,6VW5GQNyj4LStgmxEHLr5zUfW92vQnmbw8jTnCH7a38F,4VPCCUifPeBA1c7HWK358CHn2nyjm8pdTRk6Ps3KmnMQ,12.777605510000065,11.417320959000037,2405.3996300110944,188.25120466652146,0.9621598520044378,168.4491960593669,48.264132955,224.309997482,46870.61991488542
C98Sspw7XqnMsgxea3SLQVdbMDL8pKUc3RE82UvX9eq2,CSqgQJurPCzGxb4Cgwx5R61hWQUiaoUHcShNc8r1cKEL,6S2CR5EnukPhC914XkAns8m5GixjMAoUuZMsS5ubHuWc,13.591191999999978,13.592863999999963,0.0,0.0,0.0,1.0,883.912802,880.121221,880.121221
BUSDgu5JdqP1rndBvXvanbEufS94FNh1w5FJcAj6vawb,Bgzr8cWubt89JQFXndVjtdKmDbGzuPxNhvjH1EhWCwbo,Dxaf8xPBBQsasRKW5Aa4Sw2YrbfGofY9xZueyyF23FBW,7415.422062820002,7424.27707425,7409.19581920529,0.9991603655783897,2.963678327682116,1.0,8269.9531694,6874.69541579,15137.704847843866
HEDSDjj84KS7LKhZY7ejkCACTdPen62rKhCby1wXtgxc,EnnjMSFttpCTywBrYNt1J5QQeoSVkvzPipJDa8Y7kJow,6bjVT6JN2rSvpyn9PdfLYC8wJn4LWh49jpY47fnLDXZk,10.127292727997883,10.863661259004402,9.360376783545858,0.9242723633008245,0.0037441507134183434,1.0,42291.786232674,5768.660905,44857.79011448687
RoBgmK8CvjdHvPrqdDyVw54VwjZv2TqJ493xnqJAQHx,ExiHJxM7qPAcy27NDHAF6G7vnW7muNHi2sVJpnaNynGQ,6rkPHSqZb7StM4HwS9EuVrmfkV7tRdc7dnsFhyB6cefE,8.432611999999608,0.16076699999999988,0.0,0.0,0.0,0.9342511416548951,6196.382386,20.217303,18.888038408932935
ionytDfEj1mXodptgrsKEZro7DGsfpzANUfarJdm6Qb,3gkSjY95an9xNFSjCfsay6JZez7uv7yfW3Ad4ubc4fMK,9wXqANaSuEqkKL9yHzCPEDGHwbkStVAqV5rB3QDs3Jr6,0.00020087299999983765,0.0002496260000002387,0.19041502594489226,947.9373830482253,7.616601037795692e-05,3771.876885938443,3.166951004,0.080395556,3305.3133863822795
BSCrK1Nx9PXU9mF7STWWBqeHLxmtJDr9h7jheEy4tAWX,FfSySSbVJPvEo5a5AvrP3nySoXpRE2QPn1uUMpJJ1x7v,HL7Vcj6838ZmvBHDbQxXfjBNckNi83WvPiZQoMQLFeRM,0.22077247400000033,0.21955181800000012,837.5887260462641,3793.900167310998,0.3350354904185057,3771.876885938443,0.635382406,1.169985021,6823.616874033969
BSCuChvaSj9b5HUSqgDVRzcnr2sSn7cXaamt1jbKH6hn,GnKpRj5kBVPMJfiwZtEuD9GYApLzPdW5JFuZTcyX4BTc,3dmwD9okkomV9nDwyuh4UMhKdUR13QpuKxRo89ycZB5t,3.571963230999927,3.5714421190000394,3.568040067472579,0.9989016786361908,0.0014272160269890317,0.9982670084732904,1443.205194993,1563.14668621,3002.057858142773
MARpDPs5A7XiyCWPNH8GsMWPLxmwNn9SBmKvPa9LzgA,6YjT74rmcfCpw8LSjPNx5JTmZoYLGrTKnf9arfSgZ4SR,F8GSmi3vA8M8TsybLya1LQ4n1aFHCRbZ6k437PeTdXtg,24843.440072999972,25743.3254689998,23248.10837976382,0.9357845898736878,9.299243351905528,1.0,294832.784056,17584.556824,293484.5327331616
wrmcMSHFi3sWpAEy4rGDvQb3ezh3PhXoV2xNjgLBkKU,8p4mGnARWPBu6P2Gcw4adodLkNDorrXniZMhaY7eJXUn,AyY89zccbsgp9LKFgH4CFZMJmpSgqmPSdTfukhP227rc,0.0067028900000021124,0.04032649000000055,2.4706561002587955,368.59565057132323,0.0009882624401035183,3770.739064856712,27.10437729,0.09367146,10343.766214022311
YakoMPuYrybnr9R7VC7hVGxMz94fJvPFCdZ4gmW61Ed,,,0.06666400000000006,0.06666800000000017,0.0,0.0,0.0,3770.739064856712,27.10437729,0.09367146,353.2106334841629
Lid8SLUxQ9RmF7XMqUA8c24RitTwzja8VSKngJxRcUa,4PgzyzLtds9bKZ2to9PMnKqJzKEUpjvNUaeN23phegax,AtymwxoVN9peZo7EXTcDz9jKVc4vRmisJKKrNfe3ewBa,67.45295903000988,56.90916348600001,13223.495705641995,196.04026118051917,1.3223495705641997,163.92456388279592,959.471521069,7659.312237356,1443644.465736381
CZgvH45CRmoaNJ7395Ao5CQZXkGznvqU7cErD6n7FaRg,4ZjU6MKvtqVQKCiowhvZ5yUsPxXX5SCzd5eFsPeXyey5,BsyWeshjDbCvjDojry3vKDCesmFRM37WtwcR4Kfgzqr,10.45253563,10.829383000000007,10.85480357872801,1.0384852023439608,0.004341921431491204,1.0,193.71791702,612.282287,813.4554772541653
ACUSESXyNnwRLAg1dpSGMLSzUDdLjUMybY8rkXiAKhCP,AhFPQdu8GKBsxuhiH46UmCu1YpaLgNpoP325HnYtsgas,A8wxWpT3aFEr2XqZp1kDmbxbFfcBE95UUmdsNTDBJYbT,10.861323730000095,11.0,10.861323730000095,1.0,0.004344529492000038,0.9879820831899409,1047.264383539,1839.208974908,2864.3698979902415
MATSnbbiTCv7Dc3trJrkrqjx7ckKdr6fwPoVwv9q3sD,631WX9JizSHJm4w6VanZeJAst9T8DeUUnPLesdGkCVtK,211maUSfpnXbPuW1iBu8b4dtJv5EbN1j7JJiEX5TZKEP,111.19416800000181,111.27371399999902,110.88380423195657,0.9972088125337182,0.04435352169278263,0.9974107217662946,25204.70572,20369.702538,45451.31437189432
Sid7E679i9ABqptiAVhkmQ27YHN8vaYT4fppPwmxFsJ,GP7KB8o1bv527HG8kTzzzf4wJ5aEGHvcMQvVhLziUfmT,9gYxhAZ1M9wu5pxr8SBoa5NDm21gi3s9vMHaYTME77sa,175.04049900000064,592.8405069999862,1.2073704999503965,0.006897663722670215,0.00048294819998015865,0.022835807688245554,137782.228702,8142.551619,1136.3172234095327
Lee1XZJfJ9Hm2K1qTyeCz1LXNc1YBZaKZszvNY4KCDw,9DgFSWkPDGijNKcLGbr3p5xoJbHsPgXUTr6QvGBJ5vGN,2hNHZg7XBhuhHVZ3JDEi4buq2fPQwuWBdQ9xkH7t1GQX,1069.3656802398773,897.8668657799863,214649.78188880553,200.72626778208917,21.464978188880558,168.3270729689445,6633.636681149,53929.690910831,10409372.149969475
BkwbeSfcX1h4thMDd7obGkHrPevf3QwgzJ4pCEqG18Lu,35yX27bmurdebhfAb8EPmjLETDiUaEUCn9zHaDPbakH2,2CxECn1ZJFoESyUnQysQU8rRgT3iJ5GRs2Mdd6gZjx5g,0.031031169999998554,0.020000000000000018,72.98360694293842,2351.945058563432,0.02919344277717537,1526.7175572519084,0.86329244,21.99676939,35613.270418887514
vEnkoSUkpnbRrPgBz9DfcVxNz67zjwMYBZraAvDDNSf,DtfyjjsZ5yCjWKLKHvwsfXs5QVsmm1QkK6Sh9JZHoq1g,e5wrKCRv4GhHvEf1VD5Pq2KGaZDXP77nTL612Jyrxwy,11465.363578000006,11464.259848999998,11450.512263594124,0.998704680030001,1.1450512263594126,0.99849726162126,5025.126744,5194.774398,10205.585608119949
SRMuKizofcAMicegrfSv7xs9q76tH1w8aAF7oX9FEWu,72Hj2KWntXPfbie4UgKeTPnm1XVkomDfCnRPKbvfTtPi,6aqJQ5wedqpUt4fFEDUqUmXhrdxCu4bEJsQdVPCADLko,131.91964000000007,131.97493600000325,4.954364849782102,0.037555930639153495,0.0019817459399128407,0.037686347683390055,16637.386461,5253.53769,822.8191798992411
Cob4usZcpHEY7Qt4ZCwj6WVg9S44zvzYV2v9qYF65dTf,NhFM9UXE48PyNAyeyPYA3iXztqKVJwA4bTdLj4ysM8w,6TuFuynuBoeskxyR2cz4wxyidk8dpDK7kAWw3UkjQGx,81.12516500000203,515.7384460000134,0.5595741076161495,0.006897663722670215,0.0002238296430464598,1.0,74811.22038,157.907004,673.9296448638127
KZMu9QBEdL97EFgamLbN5DE1AoKBG4HdrKKJo4Vuon3,DD4ACBWyVqdaKWh7v5btsgqQCCMwbKnuL2xd9pv7Gyuw,GcYqiJ1MAuYbNTNYXm1F1gQYTfTgkErACAhNU5dpVj9T,121.2501495599995,120.90832203000014,122.25876234274998,1.008318445679536,0.048903504937099995,1.0,1255.45244892,1834.07251925,3099.9683811695813
SoN9GaFpSXfpyR5dth3x7PHPVhvJMpQqqDJfCSmPv1t,9kZ9iS68ViMPtoeqtnhAKuF2iqVyfHPdZHoUNdwCELr,BBhm5fJLjw3HRzjtKB8uMEYjGhY6EDm9co3cqpjrSzB9,0.19387068000000074,0.1898444989999999,39.40934368335724,203.27645048419436,0.0157637374733429,198.42950980172327,1.961787564,3.233751602,1040.4569578193516
parEAJhzYzHW87y9VoZAQ22dzQ2MD2ekEtTReaxbMcz,3oyc6hpjYSJEquK6dSvG72NXyz3pqLZz5D8AC71pwgQb,Di2vordgFJVZ1aj1aBpvzXtLfZgJsuLLXawGtVFwX6Rz,4.793634157000014,5.67194744399967,790.8521673296397,164.9796670809306,0.31634086693185587,195.38332645584026,1104.479561556,138.964837839,209368.0826405813
B2izdXFYb2sNwbWWHmh75T4aQFtfXsUxem9u2p61HGzf,4DYwgJtxwuJdAjkj5RJSNH4e7U329V5cNp7d3a1nLrZv,EXNW64GEf1ACC6xY9BtKRiunrs6GoJSXBdxWN2eTPmrF,4875.7556809999805,4812.452286,4930.648591772179,1.0112583390890786,0.493064859177218,1.0,9454.158437,30297.211199,39857.80775748562
DFWzVTzNBrQZLjoQ4yQwkj9HuoXmfkuZP9V5vbymZe23,DhgiEgiNdqZdRdo195UUHnoEJUtefK8buko8nU97XJUZ,2K2kkXsouBHtWVjtcgkyiXd8eP3oVBvq1bTJzcVdLLr2,53.62847216000591,54.098563720006496,53.19593647925651,0.9919345887859924,0.021278374591702603,1.0,40790.773216938,27179.053494785,67640.83235199106
KwnjUuZhTMTSGAaavkLEmSyfobY16JNH4poL9oeeEvE,J63v6qEZmQpDqCD8bd4PXu2Pq5ZbyXrFcSa3Xt1HdAPQ,BnKQtTdLw9qPCDgZkWX3sURkBAoKCUYL1yahh6Mw7mRK,228.2320770000009,9784.45206699951,5.196699939998185,0.022769367077171032,0.0005196699939998185,1.0,276138.160494,606.439826,6893.930966302654
KEN5P7p3asnb23Sw6yAmJRGvijfAzso3RqfyLAQhznt,9zj4aX38Uxf3h6AUjS4EipWS8mwbEofasHAf3a1uKGds,CwQDG1MWunn9cLNwcZLd8YBacweSR7ARo32w4mLua1Yr,46470.576690000715,46481.48998399894,46429.440205978215,0.9991147843011092,4.642944020597822,1.0,1149246.203682,1054363.364265,2202592.2371656103
C2ypsDADXcCRz8HbV2zX1AXPSja7a1P3xZtRC91xGhJh,J9bYNuDpY1d1T86gLaw7DGk5D3CsUAf2tzUwxMvb6FTv,A2NGvvPrMGzsJ4jb52KEnSBVmsA7C34dV1GC7PerdgvG,736.8163067410001,741.8983680970014,124064.62039911958,168.37930874232106,49.62584815964784,169.70192705023263,3527.509940876,1650.269836883,874013.6568982849
AURHmCnNwiW4uA2Qj1XvEh4iKgRUZYXtiY7FKAapUV5Y,BKWm4TRnTeKwfWXRyuzjRHU7iZDkPuXBX5b5V5jSVfGJ,A5Ww74HVrkj9nPeC7pHKLfgeDMEhBCpW1efQdz3TGLEg,0.003055445000200052,0.0026755939999247857,0.5718841672174207,187.1688631868606,0.0002287536668869683,168.63289815365528,288.974255493,1788.248096466,355644.44201571314
SERgf3DMJpQxUifu7VoFKmfne73d2fDJxSrxUMrcNJB,AJfM2GZ2tTB8UtN2krcyR9xufRJEx2mhSCbJyMgPo3GU,F4yRYkufQvERZcEKnKjJwRLU1btiMBUuEwq46hfm11QD,4.557399999782774e-05,5.039999997791256e-06,0.007679860982253064,168.514086598041,3.0719443929012255e-06,168.72024513026975,29.169443875,28.076850372,9652.59526841819
7oAd7xG4m3oC2qeWB1szghTebAZyyGPAFDJ4wwwbRSNi,D9yh4KAysxt9GLacVe4Wwh2XqghhcjTCSTV9HuM7TBJd,HDYfJLpZKaMFb84jM4mRytn7XLR8UFZUnQpSfhJJaNEy,8123.93417054907,252.97207372897094,8123.93417054907,1.0,3.249573668219628,0.03023745739415823,1125.698987657,293602.590099106,10003.494796593222
MATgk4zXLXtYkwBH678J1xZbRDZ45LicNzkRBHkxTuY,y8dALFo1bJrSzPYjMX14HJX448pXqYmrfXHD1K8MXih,GN7Yuet3UyiWS5YVkEHv6oQKi4HGBJc3XDPt9zQhAqZz,1224.0828619999993,1223.5117740000005,1225.5572073204057,1.0012044489520893,0.4902228829281623,1.0,3567.20719,4517.84943,8089.353138961881
AUSejoEUCh2DBs9mof6BNC8Pubs22w4cJa1ccV9h44R,4xkyD7AfGQDwsQMy9MosRRNGoVJ1zosNinesxg1TzHG7,Cbm5gsQe3nSiCsFrvepVzMCD9xLK3ri9g3ypS2hdmVJ7,4218.529365999999,4227.205059,4216.176739379425,0.9994423111903558,0.4216176739379425,1.0,14571.269923,14309.731475,28872.875163821638
ALLwa5WNZbvQsRKAqe1jdRGemdYQnW8E5k4msbRFcYtu,CGoM82Hbz7QVqTgvQatYtjvDWBvoUJp5qm21P8iMs9yb,3dxNNww8TivyN5FMy5dCNdi3Zcxv6e4kUfSPxfFwpdNq,2.457511901000003,2.4492949660000005,9270.131652206725,3772.1614485099963,3.7080526608826903,3769.0052087651984,2.164346275,6.566787775,32914.52090861184
BUSD5rCfUDpCxKGMvYU2yThChxgHoioK74PTPociGnv2,CcFHbafgYDZ8yA8Me1PdtDiVb2eeaS61LbqyKKK5CsNZ,26R9s4nmF3CFDTkiePDwRmtscn8i7r2eygbSijditJ58,34.30189248000001,34.41117365999999,34.26631000103183,0.998962667176777,0.003426631000103184,1.0,89.3533356,58.72444118,147.98508763211765
YAkoNb6HKmSxQN9L8hiBE5tPJRsniSSMzND1boHmZxe,CfWX7o2TswwbxusJ4hCaPobu2jLCb1hfXuXJQjVq3jQF,EnTrdMMpdhugeH6Ban6gYZWXughWxKtVGfCwFn78ZmY3,5264576.418598997,5259371.472381992,5264576.418598997,1.0,526.4576418598998,0.9979780963767406,207923.68549,1280017.38236,1485352.9960667712
RajgMbScQbqqrdJfR2rxfHJiTiY5b6bJ2tTXiF4aPxy,725ZA3fhyBAKb5iopNRrcbSuQa3LXA1656Q3mBvYPxeg,GLA6i1dSZpUfk2f9Nj8uiG7xyDdAR2reff8oEiZH3617,3590.3797269299976,3591.2382391100255,3588.7518332109344,0.9995465956687386,1.4355007332843737,1.0,105035.05565182,78973.06501291,183960.4973155632
STK75uPSyBnEhGTTzb1nwmP3n427XoXmfRhXxxhyady,6TYyD5fUmDe6N65avW1Ny2RxzRNobw2RRgKwH9CTzSAU,54zDfk4cx2vGrEajPtodWpArNe5eUurytyxd4X3aZAxK,418.87663303000096,474.14075136700194,70672.67010640819,168.7195334702436,7.067267010640819,190.96465988907627,1668.528632966,287.471698606,336410.30768779665
BUSDTd9WiT6uBHJRgNvFXBsA7JrifsAtWzKfioN7ERcy,DyBxrn7gSc1EwnpWhDyhzvMHPtxpmBqRqotapLcKcfTM,Cds99GeBgoCpqBsoRWu1C6fF9LiUMd4pXQQD24s9LPff,345.27723731,346.20770658,343.89612981887956,0.9960000042230399,0.03438961298188795,0.9981414606003621,108.48521147,76.97231836,184.88053335590385
JSoLLrxK5bYdHwTEWYaGgmeycBCNXKDiBCTw5hXGBg7,xG4wXczA7Dk4hccJ61CHKpDHW4NrNfQwgmWgkb9BuF2,BVR6WgfhsRr9Lob4QDnkEAiNGgAbv7ZieKcY9kSg3QYR,0.5545272009998712,0.4725501230000013,109.99274242190576,198.35409737083629,0.043997096968762306,168.4837924488597,16.873539333,164.940926685,31136.80852176664
GokA1R67GqSavkd15zR62QD68Tuc5AEfvjssntVDEbM8,3YB7hfpBdbQEuZqLGWVDpRPmeZWCUsrrWyqGXegnQ6Cg,4DPCj6Z1DsG6HUtwSogBGqXEUxdEV5a8YVrrFtcnz7UW,10704.876572,10706.65585,10704.459098095174,0.9999610015209408,1.0704459098095176,1.0,16576.987932,15868.499196,32444.84065068327
KEVpg4SYCVrqFxKijQH6hm4QxsRdoE51ud64bEEFUC9,2bPenuBYfqzD8p5dFjCcggwkHDsc2RQDnx9AoyYGUBjA,AE6n6iLuX8oYu61vt5hoDYkjswpnxFxrhSehxrnQTnbx,4386.391989371001,4423.031081859999,4378.435046226189,0.9981859935992741,1.7513740184904758,1.0,5401.591736731,2141.280741115,7533.073955861462
FrnkTEL6yZ5Aycq2TrEgu29dCrwKG4LPUZydfiwqspkc,DjvZuMZ46fxKBoBpGMPcRcos4xdTtHFxwMh69DpA2ZFY,9rvDPJLAng4uVVqnnSoEXgNDFhBZQTny9AoQioYDZbQX,57.64173128499982,47.835125936,11704.261304405176,203.05186960008936,4.68170452176207,168.71261644755677,170.052892048,1442.535904481,277903.5644257809
WiiQFxXqp8P9Fs1rt9SVcDyA3KUdJmUsog6wnVQAwba,3S2jpqSYxho6wiz3cafhjXruVY8cg4HYa2v3BqBHYFSj,Dfe67M6TfrG74gKRtdqys4e6E9QirPD53BkF4FujFjuv,8561.432958544001,8589.054510282,8535.57955018004,0.9969802475252509,0.853557955018004,1.0,21642.334334822,5202.582307207,26779.56214936208
KysFMBBoavfov2tLpvefWW6tPFt6rAeZWDJVy1mMQae,B8ka2V21TH3x64dFV8ETcjuQcwmrciJ2qzy1mJUttRew,7fSf7EYxBANyxzk2s5pymFgshA91tFYQNKKs5UnLWcYS,6.682197999999971,8.432612000004156,0.0,0.0,0.0,0.022601284435514728,134052.871357,2959.121809,66.87995368454389
heyk4SZTeCUV6a65WiVA5bzic3KcxgVf1qxobfeV4tQ,9ZDpBKPqMABtGfq66FbVribaArMvtk63xxy91onZAtDt,DaTP4s6N7xxSPinbNZ3FB52EpRDRt87QShTuN3VPCW52,35.20496011500006,30.50602797299996,6803.383842307425,193.25071865110996,2.72135353692297,168.29806394956174,613.749568986,4488.061917189,873939.6768270205
ercAoEmXjQzEvAFbdjAo81KtMxRGn9AW1ju882upmPH,CMRhskR2Eg6V42RTSdRTXGdozyPbWB8U9dVpijPWb9T4,7TKLLgrWswt6ZJ1pXhVR3FyufHGjJFqiEXxvWJfDcgRm,0.0,5.6983999996873536e-05,0.0,168.6543424192487,0.0,145.45185856203094,34.001237305,310.843277519,50947.188755767325
SEQV6QiTpvTzrceiaYg9Avnwf7oc8ZALpnQMz6TyT4A,3dFMPj4r9mMmPHF32mz1gNDX7f8ftidWof7S8YiYTs1j,Fc1ED3YPeQfXQosHbd8DTaBd2AV5gHQtwiSAL5C5pUhi,10.393542531000094,10.405040173000089,10.354832078531869,0.9962755285454632,0.004141932831412748,0.9909722428674773,3602.510156206,1954.948185386,5526.392097926201
ALBpShJ9NLpE739pcHDF2LNVk5J4VYPvvKuV6jMPitZi,D6d156U1bPiJpDYRLextvDRccgFk7QzkQbJg42ceKEu5,GNcM8U5g8RwTZffwwm3kSQqUNPSwv5d2fbN9sLxPJqt2,41.42750199999864,41.448664999996254,41.29663297011634,0.9968410108366587,0.016518653188046538,0.9983317875829489,50637.166693,49696.148399,100090.44909931568
SoNcU2iwHMw6dGzsYNQkYFkUjwN1UdAjrWVRnStrZu2,8ivTTid27jZnYNc4w3CTA1Z6QS2twsFb8WMwUabeDJgc,CyXm53PMvHCbeXJBykU46Rcbo28xk5srhMZFg7gv6EYB,0.4144507859999962,0.41120066500000085,83.24451244055619,200.8549995621361,0.03329780497622248,199.1296441513433,13.509860842,16.89303418,6077.42697840431
SAMyS8Jr2HJrkFwYVKbpUwsNStnQmvz3f8Tup8bWUWF,6jPzm5TFfquvgm25sTyN3MMGBfufRaFHMxobDWv6hMFW,Cj9ECoDmxsHTDzCY5ZA6RWrPbg9uFzEC1Qc2kso2vJG6,1492.7957045799994,34.47918834000001,1505.2134445591928,1.008318445679536,0.6020853778236771,0.02293962904417631,495.85149416,108282.80113091,2983.9434976866773
