0,1,2,3,4,5,6,7,8,9,10,11
BSCuChvaSj9b5HUSqgDVRzcnr2sSn7cXaamt1jbKH6hn,GnKpRj5kBVPMJfiwZtEuD9GYApLzPdW5JFuZTcyX4BTc,3dmwD9okkomV9nDwyuh4UMhKdUR13QpuKxRo89ycZB5t,210.19567622999966,210.42148889000032,209.69224185345183,0.9976049251555633,0.08387689674138074,0.9991008092716556,1628.335232711,1378.176292613,3001.372297225482
Lid8SLUxQ9RmF7XMqUA8c24RitTwzja8VSKngJxRcUa,4PgzyzLtds9bKZ2to9PMnKqJzKEUpjvNUaeN23phegax,AtymwxoVN9peZo7EXTcDz9jKVc4vRmisJKKrNfe3ewBa,771.1320855880076,666.7578510819998,150666.970213105,195.38412812665894,15.0666970213105,165.79285542216417,977.361216707,7638.251868534,1457328.4569090407
Cob4usZcpHEY7Qt4ZCwj6WVg9S44zvzYV2v9qYF65dTf,NhFM9UXE48PyNAyeyPYA3iXztqKVJwA4bTdLj4ysM8w,6TuFuynuBoeskxyR2cz4wxyidk8dpDK7kAWw3UkjQGx,145.84459699998905,716.5197409999819,1.0249032753425,0.0070273654041676775,0.00040996131013700004,1.0,74371.285211,160.971934,683.6061307552686
KwnjUuZhTMTSGAaavkLEmSyfobY16JNH4poL9oeeEvE,J63v6qEZmQpDqCD8bd4PXu2Pq5ZbyXrFcSa3Xt1HdAPQ,BnKQtTdLw9qPCDgZkWX3sURkBAoKCUYL1yahh6Mw7mRK,561.4679269999948,22738.85044099998,13.39699181579563,0.023860653781913627,0.001339699181579563,1.0,275563.244891,619.949091,7195.06827236483
AUSejoEUCh2DBs9mof6BNC8Pubs22w4cJa1ccV9h44R,4xkyD7AfGQDwsQMy9MosRRNGoVJ1zosNinesxg1TzHG7,Cbm5gsQe3nSiCsFrvepVzMCD9xLK3ri9g3ypS2hdmVJ7,168.39408200000798,167.89275300000008,168.85539493898128,1.0027394842710284,0.01688553949389813,1.0,13407.085576,15475.625629,28919.43970505578
BkwbeSfcX1h4thMDd7obGkHrPevf3QwgzJ4pCEqG18Lu,35yX27bmurdebhfAb8EPmjLETDiUaEUCn9zHaDPbakH2,2CxECn1ZJFoESyUnQysQU8rRgT3iJ5GRs2Mdd6gZjx5g,0.15487625000000094,0.10456017000000006,308.770609461913,1993.660160689009,0.1235082437847652,1392.757660167131,0.96829244,21.84121636,32349.967454282014
ionytDfEj1mXodptgrsKEZro7DGsfpzANUfarJdm6Qb,3gkSjY95an9xNFSjCfsay6JZez7uv7yfW3Ad4ubc4fMK,9wXqANaSuEqkKL9yHzCPEDGHwbkStVAqV5rB3QDs3Jr6,0.0013572879999999288,0.0051195879999998695,1.3407988556728638,987.8514034404889,0.0005363195422691455,3763.2183042938323,3.157641749,0.082776206,3430.785766891127
BSC8REUo9LpiiWUuqMuLXs2D2yJsJfGd4HdiF3wCLxk5,AZjEH1zWVx1UJ6udMyRijGTzPteuLnaY18yNNmprJEsh,Caf8ypkSVR8xYnXNhjvfvdGCC7mrM3C11rz8Xi6NA6aK,484.6343595640001,485.25741959900006,483.4923704082829,0.9976436067043523,0.19339694816331318,1.0,3557.028170587,2665.039961369,6213.686374622399
7dwD9TF6uikvHXxPFK9AsSim54yJoujQjY9vU6gNFumk,CquVr6atkvwueDYficKjn6SSEWq4F4rH4VSiBbW4GBWU,8BCa6ge3b7ho3TfZuM64Vk1hgbrJ3J7EPiAb9uP86CGd,0.001911814,0.0019334760000000008,0.3736062904848736,195.41979004488596,0.00014944251619394947,197.62822415625595,0.004241486,0.003274682,1.4760398919347797
ALBpShJ9NLpE739pcHDF2LNVk5J4VYPvvKuV6jMPitZi,D6d156U1bPiJpDYRLextvDRccgFk7QzkQbJg42ceKEu5,GNcM8U5g8RwTZffwwm3kSQqUNPSwv5d2fbN9sLxPJqt2,120.4971000000005,120.52473699999973,120.32563596874505,0.998577027735477,0.04813025438749802,0.9990089830887758,50752.99075,49580.483229,100212.11878347455
Sid7E679i9ABqptiAVhkmQ27YHN8vaYT4fppPwmxFsJ,GP7KB8o1bv527HG8kTzzzf4wJ5aEGHvcMQvVhLziUfmT,9gYxhAZ1M9wu5pxr8SBoa5NDm21gi3s9vMHaYTME77sa,250.82445100000132,853.9005050000269,1.76263506947676,0.0070273654041676775,0.000705054027790704,0.023860653781913627,138230.731553,8009.766202,1162.5161189283367
SRMuKizofcAMicegrfSv7xs9q76tH1w8aAF7oX9FEWu,72Hj2KWntXPfbie4UgKeTPnm1XVkomDfCnRPKbvfTtPi,6aqJQ5wedqpUt4fFEDUqUmXhrdxCu4bEJsQdVPCADLko,0.14730400000007648,0.022294000000329106,0.005082754344664824,0.03450520247014463,2.0331017378659297e-06,0.034624953754046145,16637.386461,5253.622489,755.9828241336897
WiiQFxXqp8P9Fs1rt9SVcDyA3KUdJmUsog6wnVQAwba,3S2jpqSYxho6wiz3cafhjXruVY8cg4HYa2v3BqBHYFSj,Dfe67M6TfrG74gKRtdqys4e6E9QirPD53BkF4FujFjuv,5462.329169708,5467.798609413003,5453.255203898452,0.9983388101435063,0.5453255203898452,1.0,20114.362698449,6728.385550613,26809.334473777504
STK75uPSyBnEhGTTzb1nwmP3n427XoXmfRhXxxhyady,6TYyD5fUmDe6N65avW1Ny2RxzRNobw2RRgKwH9CTzSAU,54zDfk4cx2vGrEajPtodWpArNe5eUurytyxd4X3aZAxK,156.0693510630008,176.79011884099646,25861.651447882483,165.7061509626119,2.5861651447882483,187.56940067825096,1669.136796276,287.346076617,330483.5653192587
MATgk4zXLXtYkwBH678J1xZbRDZ45LicNzkRBHkxTuY,y8dALFo1bJrSzPYjMX14HJX448pXqYmrfXHD1K8MXih,GN7Yuet3UyiWS5YVkEHv6oQKi4HGBJc3XDPt9zQhAqZz,57.48571499999798,57.46928899999875,57.54366146709535,1.0010080150711766,0.02301746458683814,1.0,3679.193023,4405.831702,8088.733407016953
SUiuyGR7SFq3xeRVJonq84fjjeFwRSsFekcevJ53tzy,49GjCCPsv7fBqo6t3iKDrP1xxGDS8uWZbVCdfnp2gjMf,CEwj5xEbbJEjYqM8D6Ai8ByGz1mrh8mkAVsE5fzDSSSx,2.42508399999997,0.017678000000000083,0.017041951403800357,0.0070273654041676775,6.816780561520142e-06,0.9517383024224596,666.881217,1.493116,6.107473680194851
moFiBS1R4Lf3E3zzmBPnw3NF4RhWPkhREFviuzUaCAU,44ALBrpqi9PfZkBRTvbtRNtFJGsatfY4QydjtMbFWq8S,2ho8qEEie1UjVwWNBo9y4oAJZMyMLx8zPj9bxyUz6uWs,103.32030183100142,103.622749999995,103.03035278189907,0.9971936875525528,0.04121214111275963,1.0,39616.440846934,24817.048767032,64322.31350289369
FrnkTEL6yZ5Aycq2TrEgu29dCrwKG4LPUZydfiwqspkc,DjvZuMZ46fxKBoBpGMPcRcos4xdTtHFxwMh69DpA2ZFY,9rvDPJLAng4uVVqnnSoEXgNDFhBZQTny9AoQioYDZbQX,30.450230326999872,25.24747946100004,6095.141603780735,200.16733989615318,2.438056641512294,165.91972372374966,169.824205888,1442.834747066,273388.0021547945
wrmcMSHFi3sWpAEy4rGDvQb3ezh3PhXoV2xNjgLBkKU,8p4mGnARWPBu6P2Gcw4adodLkNDorrXniZMhaY7eJXUn,AyY89zccbsgp9LKFgH4CFZMJmpSgqmPSdTfukhP227rc,0.00699250999999701,0.037208069999998095,2.503583959898679,358.03795202291445,0.0010014335839594716,3727.865796831314,27.12019019,0.09215115,10053.584474323208
KEN5P7p3asnb23Sw6yAmJRGvijfAzso3RqfyLAQhznt,9zj4aX38Uxf3h6AUjS4EipWS8mwbEofasHAf3a1uKGds,CwQDG1MWunn9cLNwcZLd8YBacweSR7ARo32w4mLua1Yr,98814.22158599994,98825.34635000187,98812.83820626505,0.9999860001959973,9.881283820626505,1.0,1096138.664473,1088099.488112,2184222.8068585377
BUSD5rCfUDpCxKGMvYU2yThChxgHoioK74PTPociGnv2,CcFHbafgYDZ8yA8Me1PdtDiVb2eeaS61LbqyKKK5CsNZ,26R9s4nmF3CFDTkiePDwRmtscn8i7r2eygbSijditJ58,140.63479895,140.35145276000003,140.3460313766014,0.9979466847782015,0.01403460313766014,1.0,105.95947222,42.23188983,147.97379385279692
ACUSESXyNnwRLAg1dpSGMLSzUDdLjUMybY8rkXiAKhCP,AhFPQdu8GKBsxuhiH46UmCu1YpaLgNpoP325HnYtsgas,A8wxWpT3aFEr2XqZp1kDmbxbFfcBE95UUmdsNTDBJYbT,33.63540117100024,33.22872185599999,33.63540117100024,1.0,0.013454160468400096,0.9879882610198791,1047.419453683,1839.065413737,2864.394493702823
KZMu9QBEdL97EFgamLbN5DE1AoKBG4HdrKKJo4Vuon3,DD4ACBWyVqdaKWh7v5btsgqQCCMwbKnuL2xd9pv7Gyuw,GcYqiJ1MAuYbNTNYXm1F1gQYTfTgkErACAhNU5dpVj9T,87.21555377000095,86.37114689000077,88.15920549768794,1.010819764215171,0.03526368219907517,1.0,1180.26851839,1910.00653334,3103.045278809569
C2ypsDADXcCRz8HbV2zX1AXPSja7a1P3xZtRC91xGhJh,J9bYNuDpY1d1T86gLaw7DGk5D3CsUAf2tzUwxMvb6FTv,A2NGvvPrMGzsJ4jb52KEnSBVmsA7C34dV1GC7PerdgvG,19.464239839999436,19.65651951900054,3229.7113588895254,165.93051593273108,1.2918845435558102,167.12361047163117,3573.369887016,1643.777070675,867645.0678327375
vEnkoSUkpnbRrPgBz9DfcVxNz67zjwMYBZraAvDDNSf,DtfyjjsZ5yCjWKLKHvwsfXs5QVsmm1QkK6Sh9JZHoq1g,e5wrKCRv4GhHvEf1VD5Pq2KGaZDXP77nTL612Jyrxwy,7322.585809999999,7325.131330999997,7315.504401739115,0.9990329361178378,0.7315504401739115,0.9990938219035335,5823.627831,4497.618564,10311.538931432528
RajgMbScQbqqrdJfR2rxfHJiTiY5b6bJ2tTXiF4aPxy,725ZA3fhyBAKb5iopNRrcbSuQa3LXA1656Q3mBvYPxeg,GLA6i1dSZpUfk2f9Nj8uiG7xyDdAR2reff8oEiZH3617,12673.982810959977,12668.936383070017,12672.959596202178,0.9999192665184212,5.069183838480871,1.0,84843.48272638,99172.18967285,184008.8226894802
MAR3XM1n9xWPQ3HJjAcC85o8DopWFP5p2WxGTaZ3fPB,6qG7GUhER8Cg9gDEgnebph9LdS6eu2eoWcA4R7z9uizK,4QV4CwRXVMY227KkFF9voNAfwWHVvVajXSXDKbUHkWZR,0.1738590000000002,0.004262000000000002,0.164945509606381,0.9487314985498639,6.59782038425524e-05,0.02390592330688151,0.118471,24.006985,0.6863063116041557
daob129AwBGn9Y5r91uLoWZeYiGzbPmksauMhFZKTze,6VW5GQNyj4LStgmxEHLr5zUfW92vQnmbw8jTnCH7a38F,4VPCCUifPeBA1c7HWK358CHn2nyjm8pdTRk6Ps3KmnMQ,10.685267082999758,9.542772130000046,1977.6185964052027,185.0790046747255,0.791047438562081,165.20968247690286,47.988412814,224.628139989,45992.391362494935
GokA1R67GqSavkd15zR62QD68Tuc5AEfvjssntVDEbM8,3YB7hfpBdbQEuZqLGWVDpRPmeZWCUsrrWyqGXegnQ6Cg,4DPCj6Z1DsG6HUtwSogBGqXEUxdEV5a8YVrrFtcnz7UW,12817.493262000004,12817.193329999995,12817.019032295808,0.9999630013689493,1.2817019032295809,1.0,16793.666946,15654.434571,32447.48017431268
RoBgmK8CvjdHvPrqdDyVw54VwjZv2TqJ493xnqJAQHx,ExiHJxM7qPAcy27NDHAF6G7vnW7muNHi2sVJpnaNynGQ,6rkPHSqZb7StM4HwS9EuVrmfkV7tRdc7dnsFhyB6cefE,13.41348600000003,36.39281699999982,0.0,0.0,0.0,0.9522730281044338,6170.641055,20.721891,19.732897890620013
MATSnbbiTCv7Dc3trJrkrqjx7ckKdr6fwPoVwv9q3sD,631WX9JizSHJm4w6VanZeJAst9T8DeUUnPLesdGkCVtK,211maUSfpnXbPuW1iBu8b4dtJv5EbN1j7JJiEX5TZKEP,1422.235127,1423.0965659999965,1419.6045996767987,0.9981504272582903,0.5678418398707195,0.995009034682035,25195.764628,20379.207255,45426.658566920196
HEDSDjj84KS7LKhZY7ejkCACTdPen62rKhCby1wXtgxc,EnnjMSFttpCTywBrYNt1J5QQeoSVkvzPipJDa8Y7kJow,6bjVT6JN2rSvpyn9PdfLYC8wJn4LWh49jpY47fnLDXZk,170.40404861000025,184.93442259100266,152.40886833433447,0.8943969910195566,0.0609635473337338,1.0,42473.022515525,5601.672216908,43589.41575429944
BSCNHw8CmxbZ8hCWWzMf5FaG2ajPT6JxfznKUNuRVrn4,7n9kgNL633yGzCYksgnzHyjG73ZLBAwvEae5sbAekbzW,SscdxE99omdG9AiMVwmaEMQySQnCgeAh1sPj2Leutm2,155.44154525799968,154.63794613799973,156.28962810663464,1.0054559599702082,0.06251585124265385,1.0,3967.502263517,7744.319105202,11733.467902250459
C98Sspw7XqnMsgxea3SLQVdbMDL8pKUc3RE82UvX9eq2,CSqgQJurPCzGxb4Cgwx5R61hWQUiaoUHcShNc8r1cKEL,6S2CR5EnukPhC914XkAns8m5GixjMAoUuZMsS5ubHuWc,26.436968000000093,26.438380999999822,0.0,0.0,0.0,1.0,883.841788,880.209419,880.209419
NorjjEePhxfwLF4vZjUHCrVVKLzQjEEGQFd3wgjEJmh,34M8pFVqgbV7aqHxvRT5tCv3vu2P1JJYT8J3VaxBK2oG,3AZWBSze3ucsY3xSeuLne3b2pauVqiaJ1SZSV5T9WGWw,5.612530999999763,9.9329840000064,3.1709555074318665,0.564977816146049,0.0012683822029727467,1.0,38247.653832,2124.780611,23733.856545713425
SERgf3DMJpQxUifu7VoFKmfne73d2fDJxSrxUMrcNJB,AJfM2GZ2tTB8UtN2krcyR9xufRJEx2mhSCbJyMgPo3GU,F4yRYkufQvERZcEKnKjJwRLU1btiMBUuEwq46hfm11QD,0.00034433499999764194,2.9230000002655743e-06,0.057028423866369624,165.61901597792894,2.281136954654785e-05,165.77892054713675,29.169443875,28.07702947,9485.594228907674
YAkoNb6HKmSxQN9L8hiBE5tPJRsniSSMzND1boHmZxe,CfWX7o2TswwbxusJ4hCaPobu2jLCb1hfXuXJQjVq3jQF,EnTrdMMpdhugeH6Ban6gYZWXughWxKtVGfCwFn78ZmY3,3782689.2180029987,3780999.119134003,3782689.2180029987,1.0,378.2689218002999,0.9988263790046696,262358.340219,1226241.017133,1487160.2151489574
JSoLLrxK5bYdHwTEWYaGgmeycBCNXKDiBCTw5hXGBg7,xG4wXczA7Dk4hccJ61CHKpDHW4NrNfQwgmWgkb9BuF2,BVR6WgfhsRr9Lob4QDnkEAiNGgAbv7ZieKcY9kSg3QYR,0.5532948570000542,0.46862116900000217,107.23805596705073,193.81719278666677,0.04289522238682029,165.69706268816972,16.892257644,164.96322185,30607.931268511093
SAMyS8Jr2HJrkFwYVKbpUwsNStnQmvz3f8Tup8bWUWF,6jPzm5TFfquvgm25sTyN3MMGBfufRaFHMxobDWv6hMFW,Cj9ECoDmxsHTDzCY5ZA6RWrPbg9uFzEC1Qc2kso2vJG6,1968.8383499400047,103.54454138000551,1969.667914975755,1.0004213474589092,0.7878671659903019,0.02389097611074404,509.46951706,107699.9896012,3082.7420594360556
B2izdXFYb2sNwbWWHmh75T4aQFtfXsUxem9u2p61HGzf,4DYwgJtxwuJdAjkj5RJSNH4e7U329V5cNp7d3a1nLrZv,EXNW64GEf1ACC6xY9BtKRiunrs6GoJSXBdxWN2eTPmrF,3798.9679520000027,3751.7444780000005,3841.3301407926638,1.011150972929466,0.3841330140792664,1.0,9726.348213,30022.140146,39856.94660462572
ALLwa5WNZbvQsRKAqe1jdRGemdYQnW8E5k4msbRFcYtu,CGoM82Hbz7QVqTgvQatYtjvDWBvoUJp5qm21P8iMs9yb,3dxNNww8TivyN5FMy5dCNdi3Zcxv6e4kUfSPxfFwpdNq,1.5168851269999992,1.5132128690000002,5708.369875437472,3763.2183042938323,2.283347950174989,3767.2729464595172,1.893905589,6.839300349,32892.69135662803
BSCrK1Nx9PXU9mF7STWWBqeHLxmtJDr9h7jheEy4tAWX,FfSySSbVJPvEo5a5AvrP3nySoXpRE2QPn1uUMpJJ1x7v,HL7Vcj6838ZmvBHDbQxXfjBNckNi83WvPiZQoMQLFeRM,0.00022285799999988143,0.00022190500000007773,0.8461205521887157,3796.680182848118,0.0003384482208754863,3763.2183042938323,0.634810704,1.170559651,6815.244724647662
SoNcU2iwHMw6dGzsYNQkYFkUjwN1UdAjrWVRnStrZu2,8ivTTid27jZnYNc4w3CTA1Z6QS2twsFb8WMwUabeDJgc,CyXm53PMvHCbeXJBykU46Rcbo28xk5srhMZFg7gv6EYB,0.20807021800000314,0.20620904700000153,41.067346865063534,197.3725373088373,0.016426938746025414,193.71840937039192,13.470363278,16.933028222,5938.919071640443
ercAoEmXjQzEvAFbdjAo81KtMxRGn9AW1ju882upmPH,CMRhskR2Eg6V42RTSdRTXGdozyPbWB8U9dVpijPWb9T4,7TKLLgrWswt6ZJ1pXhVR3FyufHGjJFqiEXxvWJfDcgRm,0.0,0.00012399000000584692,0.0,165.74828305497292,0.0,148.83663333916772,39.262411812,304.897425584,51887.58368413827
AURHmCnNwiW4uA2Qj1XvEh4iKgRUZYXtiY7FKAapUV5Y,BKWm4TRnTeKwfWXRyuzjRHU7iZDkPuXBX5b5V5jSVfGJ,A5Ww74HVrkj9nPeC7pHKLfgeDMEhBCpW1efQdz3TGLEg,4.758600016430137e-05,5.299999884300632e-06,0.008728290045758385,183.42138476909176,3.491316018303354e-06,165.55592437736487,288.971030728,1788.251754368,349059.1388281202
heyk4SZTeCUV6a65WiVA5bzic3KcxgVf1qxobfeV4tQ,9ZDpBKPqMABtGfq66FbVribaArMvtk63xxy91onZAtDt,DaTP4s6N7xxSPinbNZ3FB52EpRDRt87QShTuN3VPCW52,28.030995416001133,24.21806644800006,5377.867726419018,191.85432577785417,2.1511470905676076,165.58739561991533,609.981214015,4492.453687197,860921.2405580418
KysFMBBoavfov2tLpvefWW6tPFt6rAeZWDJVy1mMQae,B8ka2V21TH3x64dFV8ETcjuQcwmrciJ2qzy1mJUttRew,7fSf7EYxBANyxzk2s5pymFgshA91tFYQNKKs5UnLWcYS,38.58525999999938,48.830838000023505,0.0,0.0,0.0,0.02397533034408915,134078.612688,2938.778292,70.45818035873808
parEAJhzYzHW87y9VoZAQ22dzQ2MD2ekEtTReaxbMcz,3oyc6hpjYSJEquK6dSvG72NXyz3pqLZz5D8AC71pwgQb,Di2vordgFJVZ1aj1aBpvzXtLfZgJsuLLXawGtVFwX6Rz,3.4731074150000154,4.115224196000327,561.2799915123799,161.60743807930206,0.22451199660495194,191.63196850490272,1105.602451001,138.019860327,205122.59716770344
Lee1XZJfJ9Hm2K1qTyeCz1LXNc1YBZaKZszvNY4KCDw,9DgFSWkPDGijNKcLGbr3p5xoJbHsPgXUTr6QvGBJ5vGN,2hNHZg7XBhuhHVZ3JDEi4buq2fPQwuWBdQ9xkH7t1GQX,485.3214962280099,407.46354176899604,95753.13245230606,197.29835417658913,9.575313245230607,165.53249320075284,6626.1211325,53938.742821054,10235937.373300245
SoN9GaFpSXfpyR5dth3x7PHPVhvJMpQqqDJfCSmPv1t,9kZ9iS68ViMPtoeqtnhAKuF2iqVyfHPdZHoUNdwCELr,BBhm5fJLjw3HRzjtKB8uMEYjGhY6EDm9co3cqpjrSzB9,0.06836236600000012,0.0669016710000001,13.644907757348626,199.59677459596122,0.005457963102939451,194.95735015529326,1.94728383,3.248618593,1022.0136442473672
MARpDPs5A7XiyCWPNH8GsMWPLxmwNn9SBmKvPa9LzgA,6YjT74rmcfCpw8LSjPNx5JTmZoYLGrTKnf9arfSgZ4SR,F8GSmi3vA8M8TsybLya1LQ4n1aFHCRbZ6k437PeTdXtg,30672.521730999983,32231.32004899937,29138.053554702252,0.9499725457934266,11.655221421880901,1.0,297038.297789,15493.904468,297672.13241676224
Dg3mAgpwDfVNnbGWcsxL8sUcSkEbjSJQhKAWNigG44Ju,EATxwd8YA2wV93VJcKMmH2Kn2Y9XfJVUB9hHVu3udwEy,GiGvrRi7NMHfHKanG2B8xyCEqe8jaafWins8bhrLVEaa,0.0019739209999999896,0.002000119999999994,0.39417795430627484,199.69287236230676,0.00015767118172250994,196.89046943807068,0.1943434,0.265333417,91.0506128013941
BUSDgu5JdqP1rndBvXvanbEufS94FNh1w5FJcAj6vawb,Bgzr8cWubt89JQFXndVjtdKmDbGzuPxNhvjH1EhWCwbo,Dxaf8xPBBQsasRKW5Aa4Sw2YrbfGofY9xZueyyF23FBW,4236.035946970001,4240.191846849996,4229.590093962703,0.99847832901137,1.6918360375850812,1.0,8273.46308405,6875.40926666,15136.282861959498
SAMGk1Nd4haC8zQA63DG37pzuEZy8j4q13tSFtCbcRE,9U9TnkHD3jXMAVZtynCVLgDruuqN4pTvLJTmVHCLWS8g,C6zoEbvqSknmi96QWq96UBiPCyNW3YSTvKhavR2BfifE,0.005829140000003008,0.0030455899999999314,0.009210308851579979,1.5800459161343228,3.684123540631992e-06,0.0,53.66154331,1.12808768,84.78770236043059
BUSDTd9WiT6uBHJRgNvFXBsA7JrifsAtWzKfioN7ERcy,DyBxrn7gSc1EwnpWhDyhzvMHPtxpmBqRqotapLcKcfTM,Cds99GeBgoCpqBsoRWu1C6fF9LiUMd4pXQQD24s9LPff,97.33281505,97.67584889000003,96.78084293288401,0.9943290233942947,0.0096780842932884,0.9979083840270792,122.33530464,63.20940573,184.71873991667104
