0,1,2,3,4,5,6,7,8,9,10,11
SEQV6QiTpvTzrceiaYg9Avnwf7oc8ZALpnQMz6TyT4A,3dFMPj4r9mMmPHF32mz1gNDX7f8ftidWof7S8YiYTs1j,Fc1ED3YPeQfXQosHbd8DTaBd2AV5gHQtwiSAL5C5pUhi,64.20033701299985,64.20193002799988,63.177970809236164,0.9840753763713628,0.025271188323694467,0.977521884271184,2249.854208837,3308.593976185,5448.249145230616
AUSejoEUCh2DBs9mof6BNC8Pubs22w4cJa1ccV9h44R,4xkyD7AfGQDwsQMy9MosRRNGoVJ1zosNinesxg1TzHG7,Cbm5gsQe3nSiCsFrvepVzMCD9xLK3ri9g3ypS2hdmVJ7,101.88784699999633,101.67556799999875,101.98422208987125,1.000945893869707,0.010198422208987127,1.0,14065.89954,14817.273482,28896.477870146802
MATSnbbiTCv7Dc3trJrkrqjx7ckKdr6fwPoVwv9q3sD,631WX9JizSHJm4w6VanZeJAst9T8DeUUnPLesdGkCVtK,211maUSfpnXbPuW1iBu8b4dtJv5EbN1j7JJiEX5TZKEP,13880.288250000001,13902.972270000002,13568.126366681754,0.9775104178172779,5.427250546672702,0.8450842295451588,21465.92305,24118.986085,41365.73818249167
WiiQFxXqp8P9Fs1rt9SVcDyA3KUdJmUsog6wnVQAwba,3S2jpqSYxho6wiz3cafhjXruVY8cg4HYa2v3BqBHYFSj,Dfe67M6TfrG74gKRtdqys4e6E9QirPD53BkF4FujFjuv,967.4620425610001,969.2745168000001,958.1667395841182,0.9903920747606014,0.09581667395841183,0.8539888717700748,17621.295929068,9226.926513644,25331.684398452424
HEDSDjj84KS7LKhZY7ejkCACTdPen62rKhCby1wXtgxc,EnnjMSFttpCTywBrYNt1J5QQeoSVkvzPipJDa8Y7kJow,6bjVT6JN2rSvpyn9PdfLYC8wJn4LWh49jpY47fnLDXZk,137.45571400200424,127.416741,120.70897625608525,0.8781663034708415,0.0482835905024341,0.9759201815494946,42529.529931507,5550.825706855,42765.162919887545
ALLwa5WNZbvQsRKAqe1jdRGemdYQnW8E5k4msbRFcYtu,CGoM82Hbz7QVqTgvQatYtjvDWBvoUJp5qm21P8iMs9yb,3dxNNww8TivyN5FMy5dCNdi3Zcxv6e4kUfSPxfFwpdNq,3.294708230000002,3.2864955630000003,11902.417651096426,3612.5862504967304,4.760967060438571,3649.741598294841,3.433735901,5.311064843,31788.681392527957
ALBpShJ9NLpE739pcHDF2LNVk5J4VYPvvKuV6jMPitZi,D6d156U1bPiJpDYRLextvDRccgFk7QzkQbJg42ceKEu5,GNcM8U5g8RwTZffwwm3kSQqUNPSwv5d2fbN9sLxPJqt2,131.9785769999944,131.97059199999057,130.5466112215057,0.9891500135018977,0.052218644488602285,0.9908013998042176,54177.859046,46160.02115,99325.4435772671
Sid7E679i9ABqptiAVhkmQ27YHN8vaYT4fppPwmxFsJ,GP7KB8o1bv527HG8kTzzzf4wJ5aEGHvcMQvVhLziUfmT,9gYxhAZ1M9wu5pxr8SBoa5NDm21gi3s9vMHaYTME77sa,436.8259599999992,864.6216590000085,2.961471919731736,0.0067795236339244615,0.0011845887678926944,0.022211385040667712,137741.794157,8155.675882,1114.972606148529
SRMuKizofcAMicegrfSv7xs9q76tH1w8aAF7oX9FEWu,72Hj2KWntXPfbie4UgKeTPnm1XVkomDfCnRPKbvfTtPi,6aqJQ5wedqpUt4fFEDUqUmXhrdxCu4bEJsQdVPCADLko,0.025508000000627362,0.025508000000627362,0.0009640543557878113,0.03779419616450136,3.8562174231512453e-07,0.03624387473986412,16548.438815,5342.357513,819.0626793071025
BSCNHw8CmxbZ8hCWWzMf5FaG2ajPT6JxfznKUNuRVrn4,7n9kgNL633yGzCYksgnzHyjG73ZLBAwvEae5sbAekbzW,SscdxE99omdG9AiMVwmaEMQySQnCgeAh1sPj2Leutm2,7.640385435000098,7.603302999999869,7.573634232691456,0.9912633723944266,0.0030294536930765823,0.9764051385812204,5938.554900049,5771.637612831,11522.128580568857
B2izdXFYb2sNwbWWHmh75T4aQFtfXsUxem9u2p61HGzf,4DYwgJtxwuJdAjkj5RJSNH4e7U329V5cNp7d3a1nLrZv,EXNW64GEf1ACC6xY9BtKRiunrs6GoJSXBdxWN2eTPmrF,2546.2948979999856,2515.794647000006,2520.435232514388,0.9898441985231525,0.2520435232514388,1.0,9982.5075,29766.20766,39647.33479558886
MARpDPs5A7XiyCWPNH8GsMWPLxmwNn9SBmKvPa9LzgA,6YjT74rmcfCpw8LSjPNx5JTmZoYLGrTKnf9arfSgZ4SR,F8GSmi3vA8M8TsybLya1LQ4n1aFHCRbZ6k437PeTdXtg,27593.223296999982,28640.10517700063,25120.899710219328,0.9104010589785119,10.048359884087732,1.0,299890.956467,12909.441364,285930.48570963566
JSoLLrxK5bYdHwTEWYaGgmeycBCNXKDiBCTw5hXGBg7,xG4wXczA7Dk4hccJ61CHKpDHW4NrNfQwgmWgkb9BuF2,BVR6WgfhsRr9Lob4QDnkEAiNGgAbv7ZieKcY9kSg3QYR,0.4949398709999855,0.42139281000001816,90.87601738421273,183.61021754138574,0.03635040695368509,154.7277688688967,16.805959455,165.034924494,28621.23152392771
vEnkoSUkpnbRrPgBz9DfcVxNz67zjwMYBZraAvDDNSf,DtfyjjsZ5yCjWKLKHvwsfXs5QVsmm1QkK6Sh9JZHoq1g,e5wrKCRv4GhHvEf1VD5Pq2KGaZDXP77nTL612Jyrxwy,5974.893804000002,5976.930785999999,5645.837459356336,0.9449268295909505,0.5645837459356337,0.9747272713094877,4107.721932,6221.673038,9945.931045355524
daob129AwBGn9Y5r91uLoWZeYiGzbPmksauMhFZKTze,6VW5GQNyj4LStgmxEHLr5zUfW92vQnmbw8jTnCH7a38F,4VPCCUifPeBA1c7HWK358CHn2nyjm8pdTRk6Ps3KmnMQ,8.196829142000013,7.269598002000016,1423.8667311476188,173.70945599583374,0.5695466924590475,156.8165241962408,49.560526611,222.891288685,43562.16928166645
C2ypsDADXcCRz8HbV2zX1AXPSja7a1P3xZtRC91xGhJh,J9bYNuDpY1d1T86gLaw7DGk5D3CsUAf2tzUwxMvb6FTv,A2NGvvPrMGzsJ4jb52KEnSBVmsA7C34dV1GC7PerdgvG,43.06538314900047,43.51284576299963,6767.414548342617,157.1427920408433,2.7069658193370474,118.35045035896876,1530.273965701,676.161121172,320495.4967636002
SoN9GaFpSXfpyR5dth3x7PHPVhvJMpQqqDJfCSmPv1t,9kZ9iS68ViMPtoeqtnhAKuF2iqVyfHPdZHoUNdwCELr,BBhm5fJLjw3HRzjtKB8uMEYjGhY6EDm9co3cqpjrSzB9,0.061208801999999896,0.06034097700000007,11.644845613834807,190.24789300458497,0.004657938245533923,182.7342785933919,1.932930633,3.263687054,964.1234796195513
Lid8SLUxQ9RmF7XMqUA8c24RitTwzja8VSKngJxRcUa,4PgzyzLtds9bKZ2to9PMnKqJzKEUpjvNUaeN23phegax,AtymwxoVN9peZo7EXTcDz9jKVc4vRmisJKKrNfe3ewBa,37.71100190699883,31.881862339999657,7056.9728106981,187.13299710523967,0.70569728106981,157.3471026733902,957.439041654,7661.971841765,1384757.5074771035
Cob4usZcpHEY7Qt4ZCwj6WVg9S44zvzYV2v9qYF65dTf,NhFM9UXE48PyNAyeyPYA3iXztqKVJwA4bTdLj4ysM8w,6TuFuynuBoeskxyR2cz4wxyidk8dpDK7kAWw3UkjQGx,7.021830000000023,1004.5891720000072,0.047749140316163556,0.006800099164486096,1.9099656126465423e-05,1.0,74860.222607,157.594819,666.6517562031039
YAkoNb6HKmSxQN9L8hiBE5tPJRsniSSMzND1boHmZxe,CfWX7o2TswwbxusJ4hCaPobu2jLCb1hfXuXJQjVq3jQF,EnTrdMMpdhugeH6Ban6gYZWXughWxKtVGfCwFn78ZmY3,4626342.919066984,4625150.01459003,4626342.919066984,1.0,462.6342919066984,0.9858024727869227,296509.552264,1411822.163975,1688287.3326459392
BSCrK1Nx9PXU9mF7STWWBqeHLxmtJDr9h7jheEy4tAWX,FfSySSbVJPvEo5a5AvrP3nySoXpRE2QPn1uUMpJJ1x7v,HL7Vcj6838ZmvBHDbQxXfjBNckNi83WvPiZQoMQLFeRM,0.006046991999999696,0.006014024000000062,22.360159150407846,3697.732550400095,0.008944063660163138,3659.11668923122,0.60687726,1.198659267,6630.103926980983
NorjjEePhxfwLF4vZjUHCrVVKLzQjEEGQFd3wgjEJmh,34M8pFVqgbV7aqHxvRT5tCv3vu2P1JJYT8J3VaxBK2oG,3AZWBSze3ucsY3xSeuLne3b2pauVqiaJ1SZSV5T9WGWw,14.561007999995581,16.70557799999324,8.207939617193531,0.5636930916593152,0.003283175846877413,1.0,38257.848444,2119.037767,23684.722636631886
KZMu9QBEdL97EFgamLbN5DE1AoKBG4HdrKKJo4Vuon3,DD4ACBWyVqdaKWh7v5btsgqQCCMwbKnuL2xd9pv7Gyuw,GcYqiJ1MAuYbNTNYXm1F1gQYTfTgkErACAhNU5dpVj9T,39.30155890999936,38.8912877399996,38.51776627652562,0.9800569581662493,0.015407106510610247,1.0,1111.75637361,1979.45280962,3069.0373793621566
SoNcU2iwHMw6dGzsYNQkYFkUjwN1UdAjrWVRnStrZu2,8ivTTid27jZnYNc4w3CTA1Z6QS2twsFb8WMwUabeDJgc,CyXm53PMvHCbeXJBykU46Rcbo28xk5srhMZFg7gv6EYB,0.9691484449999983,0.9630216640000029,182.89084145962624,188.71292876049196,0.0731563365838505,184.68503076113873,13.399256827,17.00759649,5669.661479965872
BSC8REUo9LpiiWUuqMuLXs2D2yJsJfGd4HdiF3wCLxk5,AZjEH1zWVx1UJ6udMyRijGTzPteuLnaY18yNNmprJEsh,Caf8ypkSVR8xYnXNhjvfvdGCC7mrM3C11rz8Xi6NA6aK,70.04783367100026,70.0,69.49633011518591,0.9921267578608549,0.027798532046074367,0.9910539954184246,2955.786759866,3273.783775017,6177.0116253605065
BSCuChvaSj9b5HUSqgDVRzcnr2sSn7cXaamt1jbKH6hn,GnKpRj5kBVPMJfiwZtEuD9GYApLzPdW5JFuZTcyX4BTc,3dmwD9okkomV9nDwyuh4UMhKdUR13QpuKxRo89ycZB5t,284.2306270239999,284.1566133489998,283.4422214308433,0.9972261764982491,0.11337688857233734,0.9909133248114789,1610.459345832,1396.942192783,2990.2408486699574
FrnkTEL6yZ5Aycq2TrEgu29dCrwKG4LPUZydfiwqspkc,DjvZuMZ46fxKBoBpGMPcRcos4xdTtHFxwMh69DpA2ZFY,9rvDPJLAng4uVVqnnSoEXgNDFhBZQTny9AoQioYDZbQX,39.263630365999916,32.523372677000054,7506.174981704657,191.1737379283343,3.0024699926818625,158.64074075072924,169.330484886,1443.566127771,261379.94157312723
Lee1XZJfJ9Hm2K1qTyeCz1LXNc1YBZaKZszvNY4KCDw,9DgFSWkPDGijNKcLGbr3p5xoJbHsPgXUTr6QvGBJ5vGN,2hNHZg7XBhuhHVZ3JDEi4buq2fPQwuWBdQ9xkH7t1GQX,752.0898541130082,631.567827672995,142720.26755961336,189.76491542747016,14.272026755961337,158.45191214221757,6604.067988467,53982.761132406,9806892.127455015
GokA1R67GqSavkd15zR62QD68Tuc5AEfvjssntVDEbM8,3YB7hfpBdbQEuZqLGWVDpRPmeZWCUsrrWyqGXegnQ6Cg,4DPCj6Z1DsG6HUtwSogBGqXEUxdEV5a8YVrrFtcnz7UW,9858.751461,9859.345736000003,9857.410853123976,0.9998640184934849,0.9857410853123976,1.0,19717.319509,12738.993973,32453.63229118873
BUSD5rCfUDpCxKGMvYU2yThChxgHoioK74PTPociGnv2,CcFHbafgYDZ8yA8Me1PdtDiVb2eeaS61LbqyKKK5CsNZ,26R9s4nmF3CFDTkiePDwRmtscn8i7r2eygbSijditJ58,91.82982345,91.77085349999999,91.72889506405,0.9989009193074952,0.009172889506405,1.0,80.26448136,67.94894314,148.1252073582433
RajgMbScQbqqrdJfR2rxfHJiTiY5b6bJ2tTXiF4aPxy,725ZA3fhyBAKb5iopNRrcbSuQa3LXA1656Q3mBvYPxeg,GLA6i1dSZpUfk2f9Nj8uiG7xyDdAR2reff8oEiZH3617,24178.53697966,24194.170124070006,23410.04376787024,0.968215892779772,9.364017507148096,1.0,109365.88449209,74668.75958264,180558.54707579836
ercAoEmXjQzEvAFbdjAo81KtMxRGn9AW1ju882upmPH,CMRhskR2Eg6V42RTSdRTXGdozyPbWB8U9dVpijPWb9T4,7TKLLgrWswt6ZJ1pXhVR3FyufHGjJFqiEXxvWJfDcgRm,0.020718246000001272,0.0183581800000141,3.25362062681177,157.04131647107434,0.001301448250724708,139.32631546682327,35.985991042,304.917960069,48134.383303825685
MATgk4zXLXtYkwBH678J1xZbRDZ45LicNzkRBHkxTuY,y8dALFo1bJrSzPYjMX14HJX448pXqYmrfXHD1K8MXih,GN7Yuet3UyiWS5YVkEHv6oQKi4HGBJc3XDPt9zQhAqZz,203.57579400000031,203.81044399999973,203.8152769504171,1.0011763822491428,0.08152611078016683,1.0,3583.663059,4502.128058,8090.006874609517
DFWzVTzNBrQZLjoQ4yQwkj9HuoXmfkuZP9V5vbymZe23,DhgiEgiNdqZdRdo195UUHnoEJUtefK8buko8nU97XJUZ,2K2kkXsouBHtWVjtcgkyiXd8eP3oVBvq1bTJzcVdLLr2,2511.8905444970005,2553.328999999998,2454.816224388213,0.9772783411148925,0.9819264897552852,0.9886161620065552,44358.852099583,23654.160163774,66735.83043023993
wrmcMSHFi3sWpAEy4rGDvQb3ezh3PhXoV2xNjgLBkKU,8p4mGnARWPBu6P2Gcw4adodLkNDorrXniZMhaY7eJXUn,AyY89zccbsgp9LKFgH4CFZMJmpSgqmPSdTfukhP227rc,0.0049953199999999975,0.05206976000000196,1.6898917456021645,338.29499323410016,0.0006759566982408658,3657.37692926633,27.12114701,0.09207253,9511.692191290169
BUSDgu5JdqP1rndBvXvanbEufS94FNh1w5FJcAj6vawb,Bgzr8cWubt89JQFXndVjtdKmDbGzuPxNhvjH1EhWCwbo,Dxaf8xPBBQsasRKW5Aa4Sw2YrbfGofY9xZueyyF23FBW,3455.5111082099957,3447.948573910003,3462.1542551732796,1.0019224788331602,1.384861702069312,1.0,6462.49271235,8708.3095319,15183.226249698946
4vezWG46exH6pf9nry3n1VJ7hZHvjBJNgNeF4qEFCML5,,,0.05163600000000024,0.052475999999998635,0.0,0.0,0.0,1.0,6462.49271235,8708.3095319,8708.3095319
heyk4SZTeCUV6a65WiVA5bzic3KcxgVf1qxobfeV4tQ,9ZDpBKPqMABtGfq66FbVribaArMvtk63xxy91onZAtDt,DaTP4s6N7xxSPinbNZ3FB52EpRDRt87QShTuN3VPCW52,17.93588771400266,15.494550437000271,3299.898903903211,183.98302646191073,1.3199595615612845,155.16045841226475,597.476240117,4507.069235043,809244.4155008962
oKQqupM9E7SSLAFDLxr7mdsXP7znck9qRbVWc6Yyj7Q,CMR2J7CwfW98RpvnJmFBgRFTLAd3x8CJ1SWs8Bt3uunG,FmRb5jHfSNj1YWP3b45d9vvYuhwjp4om8bALmtqZpr1v,7.592329130000053,7.685934000000088,7.685617773382795,1.0122872232993858,0.003074247109353118,1.0,2174.94484804,3721.68902272,5923.357903771716
SAMyS8Jr2HJrkFwYVKbpUwsNStnQmvz3f8Tup8bWUWF,6jPzm5TFfquvgm25sTyN3MMGBfufRaFHMxobDWv6hMFW,Cj9ECoDmxsHTDzCY5ZA6RWrPbg9uFzEC1Qc2kso2vJG6,1603.5480030699946,84.43885195999246,1550.1959627531733,0.9667287538541541,0.6200783851012693,0.022479718404660242,503.25767185,107966.99232583,2913.581246457865
BUSDTd9WiT6uBHJRgNvFXBsA7JrifsAtWzKfioN7ERcy,DyBxrn7gSc1EwnpWhDyhzvMHPtxpmBqRqotapLcKcfTM,Cds99GeBgoCpqBsoRWu1C6fF9LiUMd4pXQQD24s9LPff,192.18184705,191.81732386000002,191.19554000148216,0.9948678448893187,0.019119554000148215,0.9886424752443925,89.7630663,95.94254117,184.15525970408385
C98Sspw7XqnMsgxea3SLQVdbMDL8pKUc3RE82UvX9eq2,CSqgQJurPCzGxb4Cgwx5R61hWQUiaoUHcShNc8r1cKEL,6S2CR5EnukPhC914XkAns8m5GixjMAoUuZMsS5ubHuWc,25.723316000000068,25.72230999999988,0.0,0.0,0.0,1.0,674.293814,57.053737,57.053737
KEN5P7p3asnb23Sw6yAmJRGvijfAzso3RqfyLAQhznt,9zj4aX38Uxf3h6AUjS4EipWS8mwbEofasHAf3a1uKGds,CwQDG1MWunn9cLNwcZLd8YBacweSR7ARo32w4mLua1Yr,48893.00498100044,48898.07289900072,48597.58029041501,0.9939577309535336,4.859758029041502,1.0,1051452.917011,1014419.336009,2059519.0916057276
KwnjUuZhTMTSGAaavkLEmSyfobY16JNH4poL9oeeEvE,J63v6qEZmQpDqCD8bd4PXu2Pq5ZbyXrFcSa3Xt1HdAPQ,BnKQtTdLw9qPCDgZkWX3sURkBAoKCUYL1yahh6Mw7mRK,450.26608199999964,18682.20096699911,9.885828456956217,0.021955525526251442,0.0009885828456956216,1.0,276317.911127,602.652424,6669.357375109325
AURHmCnNwiW4uA2Qj1XvEh4iKgRUZYXtiY7FKAapUV5Y,BKWm4TRnTeKwfWXRyuzjRHU7iZDkPuXBX5b5V5jSVfGJ,A5Ww74HVrkj9nPeC7pHKLfgeDMEhBCpW1efQdz3TGLEg,0.001735820000703825,0.0015108010000517424,0.307998591275572,177.4369411290845,0.0001231994365102288,158.7105340466631,289.025457693,1788.191185602,335088.57116590865
parEAJhzYzHW87y9VoZAQ22dzQ2MD2ekEtTReaxbMcz,3oyc6hpjYSJEquK6dSvG72NXyz3pqLZz5D8AC71pwgQb,Di2vordgFJVZ1aj1aBpvzXtLfZgJsuLLXawGtVFwX6Rz,0.562146494999979,0.6666531139999279,86.45360458336593,153.7919480995237,0.034581441833346376,185.1535376453247,1108.969486092,135.196057586,195582.60598676524
STK75uPSyBnEhGTTzb1nwmP3n427XoXmfRhXxxhyady,6TYyD5fUmDe6N65avW1Ny2RxzRNobw2RRgKwH9CTzSAU,54zDfk4cx2vGrEajPtodWpArNe5eUurytyxd4X3aZAxK,170.31814396900091,192.94896110499735,26944.98902998579,158.20386719861136,2.6944989029985793,179.09322948791515,1505.453419078,257.402793722,284267.65039239597
CZgvH45CRmoaNJ7395Ao5CQZXkGznvqU7cErD6n7FaRg,4ZjU6MKvtqVQKCiowhvZ5yUsPxXX5SCzd5eFsPeXyey5,BsyWeshjDbCvjDojry3vKDCesmFRM37WtwcR4Kfgzqr,0.725603250000006,0.7503900000000385,0.7546158917276705,1.0399841672810373,0.00030184635669106827,1.0,190.46101104,615.67548839,813.7519243559389
