0,1,2,3,4,5,6,7,8,9,10,11
SAMyS8Jr2HJrkFwYVKbpUwsNStnQmvz3f8Tup8bWUWF,6jPzm5TFfquvgm25sTyN3MMGBfufRaFHMxobDWv6hMFW,Cj9ECoDmxsHTDzCY5ZA6RWrPbg9uFzEC1Qc2kso2vJG6,1828.5587312499993,43.86310620000029,1848.7252735881445,1.0110286544224694,0.7394901094352578,0.02388442251514768,506.60200356,107822.41243222,3087.465197120648
SEQV6QiTpvTzrceiaYg9Avnwf7oc8ZALpnQMz6TyT4A,3dFMPj4r9mMmPHF32mz1gNDX7f8ftidWof7S8YiYTs1j,Fc1ED3YPeQfXQosHbd8DTaBd2AV5gHQtwiSAL5C5pUhi,221.38762030299995,221.6662583530001,220.9491052651694,0.998019243184283,0.08837964210606777,0.9985201930738645,3824.176414559,1733.560565083,5547.596881213273
parEAJhzYzHW87y9VoZAQ22dzQ2MD2ekEtTReaxbMcz,3oyc6hpjYSJEquK6dSvG72NXyz3pqLZz5D8AC71pwgQb,Di2vordgFJVZ1aj1aBpvzXtLfZgJsuLLXawGtVFwX6Rz,1.2003762470000368,1.4242507459998706,189.7857464036655,158.1052164918919,0.07591429856146621,181.90857384223833,1106.459172911,137.298994618,199912.83137346682
ALLwa5WNZbvQsRKAqe1jdRGemdYQnW8E5k4msbRFcYtu,CGoM82Hbz7QVqTgvQatYtjvDWBvoUJp5qm21P8iMs9yb,3dxNNww8TivyN5FMy5dCNdi3Zcxv6e4kUfSPxfFwpdNq,0.3769711940000011,0.3765406129999991,1421.2456416830084,3770.1704117026093,0.5684982566732034,3768.067885511026,2.828587123,5.904844695,32914.11114221726
ionytDfEj1mXodptgrsKEZro7DGsfpzANUfarJdm6Qb,3gkSjY95an9xNFSjCfsay6JZez7uv7yfW3Ad4ubc4fMK,9wXqANaSuEqkKL9yHzCPEDGHwbkStVAqV5rB3QDs3Jr6,0.001731074000000013,0.006617939999999933,1.699757664784032,981.9093030015003,0.0006799030659136128,3770.1704117026093,3.158643925,0.082516162,3412.6018472863325
FrnkTEL6yZ5Aycq2TrEgu29dCrwKG4LPUZydfiwqspkc,DjvZuMZ46fxKBoBpGMPcRcos4xdTtHFxwMh69DpA2ZFY,9rvDPJLAng4uVVqnnSoEXgNDFhBZQTny9AoQioYDZbQX,21.595453194003085,17.895388500000138,4228.848699101275,195.82125279387972,1.69153947964051,161.70663893074396,169.832523976,1442.840020142,266573.6277820567
KwnjUuZhTMTSGAaavkLEmSyfobY16JNH4poL9oeeEvE,J63v6qEZmQpDqCD8bd4PXu2Pq5ZbyXrFcSa3Xt1HdAPQ,BnKQtTdLw9qPCDgZkWX3sURkBAoKCUYL1yahh6Mw7mRK,451.18823599999916,18435.46233100019,10.706179605686229,0.02372885361684441,0.001070617960568623,1.0,275552.678814,620.303235,7158.85241430675
WiiQFxXqp8P9Fs1rt9SVcDyA3KUdJmUsog6wnVQAwba,3S2jpqSYxho6wiz3cafhjXruVY8cg4HYa2v3BqBHYFSj,Dfe67M6TfrG74gKRtdqys4e6E9QirPD53BkF4FujFjuv,3947.5801836229966,3954.887880437006,3936.991562139799,0.9973176931206804,0.39369915621397994,0.9998732060787371,21335.879455132,5510.054759683,26788.00619712681
JSoLLrxK5bYdHwTEWYaGgmeycBCNXKDiBCTw5hXGBg7,xG4wXczA7Dk4hccJ61CHKpDHW4NrNfQwgmWgkb9BuF2,BVR6WgfhsRr9Lob4QDnkEAiNGgAbv7ZieKcY9kSg3QYR,0.2253667729999833,0.19373778800000707,42.977841027192795,190.70176341920634,0.01719113641087712,161.5996033699335,16.823763174,165.044276941,29879.410996771963
DFWzVTzNBrQZLjoQ4yQwkj9HuoXmfkuZP9V5vbymZe23,DhgiEgiNdqZdRdo195UUHnoEJUtefK8buko8nU97XJUZ,2K2kkXsouBHtWVjtcgkyiXd8eP3oVBvq1bTJzcVdLLr2,3011.942775563999,3046.058181089,2972.9477584553315,0.9870532012012195,1.1891791033821328,0.9998732060787371,43836.607317595,24167.344666742,67433.34397697814
BSCNHw8CmxbZ8hCWWzMf5FaG2ajPT6JxfznKUNuRVrn4,7n9kgNL633yGzCYksgnzHyjG73ZLBAwvEae5sbAekbzW,SscdxE99omdG9AiMVwmaEMQySQnCgeAh1sPj2Leutm2,4525.654270569999,4527.414998376002,4503.585826325355,0.9951237008120232,1.8014343305301421,0.9998732060787371,7739.503461477,3974.15943465,11675.418862424012
daob129AwBGn9Y5r91uLoWZeYiGzbPmksauMhFZKTze,6VW5GQNyj4LStgmxEHLr5zUfW92vQnmbw8jTnCH7a38F,4VPCCUifPeBA1c7HWK358CHn2nyjm8pdTRk6Ps3KmnMQ,3.7362983090000697,3.3387137270000267,671.8954352702319,179.8291730753288,0.2687581741080928,160.71803675846505,48.001062096,224.617690126,44732.10548173317
BUSD5rCfUDpCxKGMvYU2yThChxgHoioK74PTPociGnv2,CcFHbafgYDZ8yA8Me1PdtDiVb2eeaS61LbqyKKK5CsNZ,26R9s4nmF3CFDTkiePDwRmtscn8i7r2eygbSijditJ58,20.04632831,20.021444770000002,20.040990191852497,0.9997337109287571,0.0020040990191852502,1.0,80.84367286,67.25519404,148.07733911343826
Sid7E679i9ABqptiAVhkmQ27YHN8vaYT4fppPwmxFsJ,GP7KB8o1bv527HG8kTzzzf4wJ5aEGHvcMQvVhLziUfmT,9gYxhAZ1M9wu5pxr8SBoa5NDm21gi3s9vMHaYTME77sa,565.948219999972,1397.8142539999726,3.981481182491122,0.007035062646705239,0.001592592472996449,0.02382956049830947,138229.066642,8010.450366,1163.3356550373655
BSC8REUo9LpiiWUuqMuLXs2D2yJsJfGd4HdiF3wCLxk5,AZjEH1zWVx1UJ6udMyRijGTzPteuLnaY18yNNmprJEsh,Caf8ypkSVR8xYnXNhjvfvdGCC7mrM3C11rz8Xi6NA6aK,11628.248827371002,11674.875140626002,11608.047145586735,0.9982627064415137,4.643218858234695,0.9998732060787371,3393.224004523,2833.567413002,6220.537112195984
RajgMbScQbqqrdJfR2rxfHJiTiY5b6bJ2tTXiF4aPxy,725ZA3fhyBAKb5iopNRrcbSuQa3LXA1656Q3mBvYPxeg,GLA6i1dSZpUfk2f9Nj8uiG7xyDdAR2reff8oEiZH3617,515.3241575499997,515.4399749299919,515.3511104130743,1.000052302735433,0.20614044416522972,1.0,86258.81852387,97757.40698178,184020.73707781403
MARpDPs5A7XiyCWPNH8GsMWPLxmwNn9SBmKvPa9LzgA,6YjT74rmcfCpw8LSjPNx5JTmZoYLGrTKnf9arfSgZ4SR,F8GSmi3vA8M8TsybLya1LQ4n1aFHCRbZ6k437PeTdXtg,56686.29270599998,58671.83672899968,54667.63559405394,0.9643889727907295,21.86705423762158,1.0,294304.540066,18142.244805,301966.29788689787
BSCrK1Nx9PXU9mF7STWWBqeHLxmtJDr9h7jheEy4tAWX,FfSySSbVJPvEo5a5AvrP3nySoXpRE2QPn1uUMpJJ1x7v,HL7Vcj6838ZmvBHDbQxXfjBNckNi83WvPiZQoMQLFeRM,0.028578176999999982,0.028423469999999895,108.4108228064185,3793.4827965555173,0.0433643291225674,3767.7555480200444,0.607263063,1.198265375,6818.412997130679
Lid8SLUxQ9RmF7XMqUA8c24RitTwzja8VSKngJxRcUa,4PgzyzLtds9bKZ2to9PMnKqJzKEUpjvNUaeN23phegax,AtymwxoVN9peZo7EXTcDz9jKVc4vRmisJKKrNfe3ewBa,22.185133372993732,18.74039990599931,4233.597246583704,190.83037164596539,0.4233597246583704,162.15852455201681,962.678352701,7655.605627377,1425129.980909029
SoN9GaFpSXfpyR5dth3x7PHPVhvJMpQqqDJfCSmPv1t,9kZ9iS68ViMPtoeqtnhAKuF2iqVyfHPdZHoUNdwCELr,BBhm5fJLjw3HRzjtKB8uMEYjGhY6EDm9co3cqpjrSzB9,0.040590272999999844,0.03971185499999996,7.892217225644701,194.43617010520552,0.0031568868902578802,191.48665644383235,1.967677573,3.227815518,1000.6712924553626
YAkoNb6HKmSxQN9L8hiBE5tPJRsniSSMzND1boHmZxe,CfWX7o2TswwbxusJ4hCaPobu2jLCb1hfXuXJQjVq3jQF,EnTrdMMpdhugeH6Ban6gYZWXughWxKtVGfCwFn78ZmY3,2897055.657470998,2894444.884424996,2897055.657470998,1.0,289.7055657470998,0.9985311606626652,282042.976086,1220951.540872,1501201.1353057877
SERgf3DMJpQxUifu7VoFKmfne73d2fDJxSrxUMrcNJB,AJfM2GZ2tTB8UtN2krcyR9xufRJEx2mhSCbJyMgPo3GU,F4yRYkufQvERZcEKnKjJwRLU1btiMBUuEwq46hfm11QD,0.10000560800000002,0.10003362400000171,16.204829222020614,162.03920506158624,0.0064819316888082455,162.20786970944837,29.069415859,28.177047092,9280.923820893155
AURHmCnNwiW4uA2Qj1XvEh4iKgRUZYXtiY7FKAapUV5Y,BKWm4TRnTeKwfWXRyuzjRHU7iZDkPuXBX5b5V5jSVfGJ,A5Ww74HVrkj9nPeC7pHKLfgeDMEhBCpW1efQdz3TGLEg,0.0021099270004469872,0.0018727530000433035,0.37703532415116087,178.69590941832874,0.00015081412966046437,162.20786970944837,288.967943012,1788.255254199,341706.46464962105
BSCuChvaSj9b5HUSqgDVRzcnr2sSn7cXaamt1jbKH6hn,GnKpRj5kBVPMJfiwZtEuD9GYApLzPdW5JFuZTcyX4BTc,3dmwD9okkomV9nDwyuh4UMhKdUR13QpuKxRo89ycZB5t,1252.2157642060001,1256.291649015,1248.5996809354465,0.9971122522380585,0.49943987237417864,0.9987226337514319,1693.829408463,1313.42030445,3000.6806420625117
KZMu9QBEdL97EFgamLbN5DE1AoKBG4HdrKKJo4Vuon3,DD4ACBWyVqdaKWh7v5btsgqQCCMwbKnuL2xd9pv7Gyuw,GcYqiJ1MAuYbNTNYXm1F1gQYTfTgkErACAhNU5dpVj9T,47.52396323999983,47.05495483999971,48.04808860735992,1.0110286544224694,0.01921923544294397,1.0,1174.40348182,1915.97241756,3103.327989533537
wrmcMSHFi3sWpAEy4rGDvQb3ezh3PhXoV2xNjgLBkKU,8p4mGnARWPBu6P2Gcw4adodLkNDorrXniZMhaY7eJXUn,AyY89zccbsgp9LKFgH4CFZMJmpSgqmPSdTfukhP227rc,0.0012837999999999877,0.013831160000002285,0.445918721778391,347.34282737061477,0.0001783674887113564,3749.2501499700056,27.1364361,0.09063281,9765.451516220723
moFiBS1R4Lf3E3zzmBPnw3NF4RhWPkhREFviuzUaCAU,44ALBrpqi9PfZkBRTvbtRNtFJGsatfY4QydjtMbFWq8S,2ho8qEEie1UjVwWNBo9y4oAJZMyMLx8zPj9bxyUz6uWs,73.80415854899911,74.02295690300525,73.60497972002275,0.9973012519498597,0.029441991888009104,0.9998732060787371,39690.463803837,24743.244608483,64323.456557511556
C2ypsDADXcCRz8HbV2zX1AXPSja7a1P3xZtRC91xGhJh,J9bYNuDpY1d1T86gLaw7DGk5D3CsUAf2tzUwxMvb6FTv,A2NGvvPrMGzsJ4jb52KEnSBVmsA7C34dV1GC7PerdgvG,20.17088554899999,20.368695702000423,3263.4210264132953,161.78868391700757,1.305368410565318,161.4118240294751,2059.589434915,943.026302322,485433.85964983643
KEN5P7p3asnb23Sw6yAmJRGvijfAzso3RqfyLAQhznt,9zj4aX38Uxf3h6AUjS4EipWS8mwbEofasHAf3a1uKGds,CwQDG1MWunn9cLNwcZLd8YBacweSR7ARo32w4mLua1Yr,21465.563505999977,21466.878324000863,21312.793402888074,0.9928830145516934,2.1312793402888075,1.0,1102526.516003,1079745.564562,2174425.4153942345
B2izdXFYb2sNwbWWHmh75T4aQFtfXsUxem9u2p61HGzf,4DYwgJtxwuJdAjkj5RJSNH4e7U329V5cNp7d3a1nLrZv,EXNW64GEf1ACC6xY9BtKRiunrs6GoJSXBdxWN2eTPmrF,2357.2629160000142,2328.5764120000204,2228.5507394900283,0.9453976153290552,0.22285507394900286,1.0,9970.689937,29775.269442,39201.53593162521
Lee1XZJfJ9Hm2K1qTyeCz1LXNc1YBZaKZszvNY4KCDw,9DgFSWkPDGijNKcLGbr3p5xoJbHsPgXUTr6QvGBJ5vGN,2hNHZg7XBhuhHVZ3JDEi4buq2fPQwuWBdQ9xkH7t1GQX,350.21919682094267,293.81984563899096,67284.90267200614,192.12225738273003,6.7284902672006135,161.06732227509528,6614.60270117,53952.53467882,9960802.69331044
Cob4usZcpHEY7Qt4ZCwj6WVg9S44zvzYV2v9qYF65dTf,NhFM9UXE48PyNAyeyPYA3iXztqKVJwA4bTdLj4ysM8w,6TuFuynuBoeskxyR2cz4wxyidk8dpDK7kAWw3UkjQGx,10.809480000000008,1519.8755090000195,0.07559925485062668,0.00699379200947933,3.0239701940250675e-05,1.0,74372.950122,160.964896,681.1138402846484
GokA1R67GqSavkd15zR62QD68Tuc5AEfvjssntVDEbM8,3YB7hfpBdbQEuZqLGWVDpRPmeZWCUsrrWyqGXegnQ6Cg,4DPCj6Z1DsG6HUtwSogBGqXEUxdEV5a8YVrrFtcnz7UW,3464.127709000002,3464.455662000004,3463.9683664551453,0.9999540021159027,0.3463968366455145,1.0,18191.059194,14257.774035,32447.996478767585
vEnkoSUkpnbRrPgBz9DfcVxNz67zjwMYBZraAvDDNSf,DtfyjjsZ5yCjWKLKHvwsfXs5QVsmm1QkK6Sh9JZHoq1g,e5wrKCRv4GhHvEf1VD5Pq2KGaZDXP77nTL612Jyrxwy,9644.928545999996,9644.916112999997,9626.109501923736,0.9980488145675206,0.9626109501923735,0.9978685527712806,5574.93185,4747.883968,10301.81822806134
RoBgmK8CvjdHvPrqdDyVw54VwjZv2TqJ493xnqJAQHx,ExiHJxM7qPAcy27NDHAF6G7vnW7muNHi2sVJpnaNynGQ,6rkPHSqZb7StM4HwS9EuVrmfkV7tRdc7dnsFhyB6cefE,11.127292000000125,0.2187059999999974,0.0,0.0,0.0,0.9509427646568809,6176.124326,20.612719,19.601515992955417
KEVpg4SYCVrqFxKijQH6hm4QxsRdoE51ud64bEEFUC9,2bPenuBYfqzD8p5dFjCcggwkHDsc2RQDnx9AoyYGUBjA,AE6n6iLuX8oYu61vt5hoDYkjswpnxFxrhSehxrnQTnbx,103.70132895699999,103.93738619000032,103.45177565250205,0.9975935380287999,0.041380710261000826,0.9998732060787371,5753.231049336,1790.740497221,7529.899559815638
heyk4SZTeCUV6a65WiVA5bzic3KcxgVf1qxobfeV4tQ,9ZDpBKPqMABtGfq66FbVribaArMvtk63xxy91onZAtDt,DaTP4s6N7xxSPinbNZ3FB52EpRDRt87QShTuN3VPCW52,9.864914442000895,8.51652759500007,1844.6726256437514,186.993271608101,0.7378690502575007,162.3726673542608,605.84264402,4497.269570575,843522.1540704159
AUSejoEUCh2DBs9mof6BNC8Pubs22w4cJa1ccV9h44R,4xkyD7AfGQDwsQMy9MosRRNGoVJ1zosNinesxg1TzHG7,Cbm5gsQe3nSiCsFrvepVzMCD9xLK3ri9g3ypS2hdmVJ7,393.10783900000024,392.2588570000007,393.89760369540954,1.0020090281013432,0.039389760369540956,1.0,13653.888832,15228.251178,28909.571056356104
BUSDTd9WiT6uBHJRgNvFXBsA7JrifsAtWzKfioN7ERcy,DyBxrn7gSc1EwnpWhDyhzvMHPtxpmBqRqotapLcKcfTM,Cds99GeBgoCpqBsoRWu1C6fF9LiUMd4pXQQD24s9LPff,140.19023734,140.05715125000003,140.71854965564165,1.0037685385634973,0.014071854965564165,0.9978904595684723,67.64232784,117.92303623,185.57151337825405
KysFMBBoavfov2tLpvefWW6tPFt6rAeZWDJVy1mMQae,B8ka2V21TH3x64dFV8ETcjuQcwmrciJ2qzy1mJUttRew,7fSf7EYxBANyxzk2s5pymFgshA91tFYQNKKs5UnLWcYS,8.799079000000347,11.12729199999012,0.0,0.0,0.0,0.023808107793969777,134073.129417,2943.120756,70.07013620951781
BUSDgu5JdqP1rndBvXvanbEufS94FNh1w5FJcAj6vawb,Bgzr8cWubt89JQFXndVjtdKmDbGzuPxNhvjH1EhWCwbo,Dxaf8xPBBQsasRKW5Aa4Sw2YrbfGofY9xZueyyF23FBW,13066.155382489995,13036.956925249993,13103.097206506241,1.0028272910381697,5.241238882602497,1.0,6273.06141619,8884.75599242,15175.553178933882
C98Sspw7XqnMsgxea3SLQVdbMDL8pKUc3RE82UvX9eq2,CSqgQJurPCzGxb4Cgwx5R61hWQUiaoUHcShNc8r1cKEL,6S2CR5EnukPhC914XkAns8m5GixjMAoUuZMsS5ubHuWc,9.71476099999984,9.715545999999904,0.0,0.0,0.0,1.0,880.304247,883.774334,883.774334
7oAd7xG4m3oC2qeWB1szghTebAZyyGPAFDJ4wwwbRSNi,D9yh4KAysxt9GLacVe4Wwh2XqghhcjTCSTV9HuM7TBJd,HDYfJLpZKaMFb84jM4mRytn7XLR8UFZUnQpSfhJJaNEy,38.82336983503774,1.1740769999998975,38.818447267739714,0.9998732060787371,0.015527378907095888,0.030291764660816903,1126.873064657,293563.766729271,10019.294718708394
STK75uPSyBnEhGTTzb1nwmP3n427XoXmfRhXxxhyady,6TYyD5fUmDe6N65avW1Ny2RxzRNobw2RRgKwH9CTzSAU,54zDfk4cx2vGrEajPtodWpArNe5eUurytyxd4X3aZAxK,223.4128269989996,252.96392539399972,36174.54999338558,161.91796361606205,3.6174549993385585,183.8752781343426,1663.015210576,286.054657845,321870.4161318762
SoNcU2iwHMw6dGzsYNQkYFkUjwN1UdAjrWVRnStrZu2,8ivTTid27jZnYNc4w3CTA1Z6QS2twsFb8WMwUabeDJgc,CyXm53PMvHCbeXJBykU46Rcbo28xk5srhMZFg7gv6EYB,0.12797234299999616,0.12740869900000007,24.639163866403795,192.53506881877232,0.00985566554656152,191.39928186989442,13.415642019,16.988340176,5834.537669224055
HEDSDjj84KS7LKhZY7ejkCACTdPen62rKhCby1wXtgxc,EnnjMSFttpCTywBrYNt1J5QQeoSVkvzPipJDa8Y7kJow,6bjVT6JN2rSvpyn9PdfLYC8wJn4LWh49jpY47fnLDXZk,1444.1333585559987,1592.6629858670058,1336.458716722632,0.9254399594085746,0.5345834866890528,0.9998732060787371,42240.535726836,5816.972368838,44907.31448054103
MATSnbbiTCv7Dc3trJrkrqjx7ckKdr6fwPoVwv9q3sD,631WX9JizSHJm4w6VanZeJAst9T8DeUUnPLesdGkCVtK,211maUSfpnXbPuW1iBu8b4dtJv5EbN1j7JJiEX5TZKEP,639.3092880000004,639.9007269999893,636.7292610342895,0.9959643524438974,0.2546917044137158,0.9886336785971682,25949.882838,19626.807294,45248.88095092863
