0,1,2,3,4,5,6,7,8,9,10,11
parEAJhzYzHW87y9VoZAQ22dzQ2MD2ekEtTReaxbMcz,3oyc6hpjYSJEquK6dSvG72NXyz3pqLZz5D8AC71pwgQb,Di2vordgFJVZ1aj1aBpvzXtLfZgJsuLLXawGtVFwX6Rz,0.562146494999979,0.6666531139999279,84.75564771041915,150.7714598672759,0.03390225908416766,179.42269313103543,1107.019727071,136.835875541,191458.44165887742
BUSD5rCfUDpCxKGMvYU2yThChxgHoioK74PTPociGnv2,CcFHbafgYDZ8yA8Me1PdtDiVb2eeaS61LbqyKKK5CsNZ,26R9s4nmF3CFDTkiePDwRmtscn8i7r2eygbSijditJ58,91.82982345,91.77085349999999,91.72118429326385,0.9988169512620776,0.009172118429326385,1.0,99.85537451,48.48655155,148.22379228521118
SEQV6QiTpvTzrceiaYg9Avnwf7oc8ZALpnQMz6TyT4A,3dFMPj4r9mMmPHF32mz1gNDX7f8ftidWof7S8YiYTs1j,Fc1ED3YPeQfXQosHbd8DTaBd2AV5gHQtwiSAL5C5pUhi,64.20033701299985,64.20193002799988,64.07670613464954,0.9980742954927904,0.025630682453859816,0.9987809099944407,2782.693105213,2775.86373284,5549.81416566461
HEDSDjj84KS7LKhZY7ejkCACTdPen62rKhCby1wXtgxc,EnnjMSFttpCTywBrYNt1J5QQeoSVkvzPipJDa8Y7kJow,6bjVT6JN2rSvpyn9PdfLYC8wJn4LWh49jpY47fnLDXZk,137.45571400200424,127.416741,113.99048089599849,0.8292887765606921,0.0455961923583994,1.0,44693.499248485,3646.401198918,40710.21851091034
Lee1XZJfJ9Hm2K1qTyeCz1LXNc1YBZaKZszvNY4KCDw,9DgFSWkPDGijNKcLGbr3p5xoJbHsPgXUTr6QvGBJ5vGN,2hNHZg7XBhuhHVZ3JDEi4buq2fPQwuWBdQ9xkH7t1GQX,752.0898541130082,631.567827672995,138805.6049564306,184.55986900678735,13.88056049564306,154.41838085224433,6574.045053182,54018.872395026,9554811.7045639
AUSejoEUCh2DBs9mof6BNC8Pubs22w4cJa1ccV9h44R,4xkyD7AfGQDwsQMy9MosRRNGoVJ1zosNinesxg1TzHG7,Cbm5gsQe3nSiCsFrvepVzMCD9xLK3ri9g3ypS2hdmVJ7,101.88784699999633,101.67556799999875,101.99729009226533,1.001074152565703,0.010199729009226534,1.0,14084.01945,14799.179622,28898.327457627627
NorjjEePhxfwLF4vZjUHCrVVKLzQjEEGQFd3wgjEJmh,34M8pFVqgbV7aqHxvRT5tCv3vu2P1JJYT8J3VaxBK2oG,3AZWBSze3ucsY3xSeuLne3b2pauVqiaJ1SZSV5T9WGWw,14.561007999995581,16.70557799999324,8.208365301084424,0.5637223261663556,0.0032833461204337696,1.0,38257.636967,2119.168092,23685.852196665197
SRMuKizofcAMicegrfSv7xs9q76tH1w8aAF7oX9FEWu,72Hj2KWntXPfbie4UgKeTPnm1XVkomDfCnRPKbvfTtPi,6aqJQ5wedqpUt4fFEDUqUmXhrdxCu4bEJsQdVPCADLko,0.025508000000627362,0.025508000000627362,0.0008942704358438567,0.03505843013258046,3.5770817433754267e-07,0.035150123717890454,16324.963797,5565.125343,767.9424470060476
ALLwa5WNZbvQsRKAqe1jdRGemdYQnW8E5k4msbRFcYtu,CGoM82Hbz7QVqTgvQatYtjvDWBvoUJp5qm21P8iMs9yb,3dxNNww8TivyN5FMy5dCNdi3Zcxv6e4kUfSPxfFwpdNq,3.294708230000002,3.2864955630000003,11752.96340027825,3567.2243427389144,4.7011853601113005,3568.446369819508,3.529464365,5.226721359,31241.66605923918
YAkoNb6HKmSxQN9L8hiBE5tPJRsniSSMzND1boHmZxe,CfWX7o2TswwbxusJ4hCaPobu2jLCb1hfXuXJQjVq3jQF,EnTrdMMpdhugeH6Ban6gYZWXughWxKtVGfCwFn78ZmY3,4626342.919066984,4625150.01459003,4626342.919066984,1.0,462.6342919066984,0.9989910190707386,426029.849592,1293118.775791,1717843.8931989572
oKQqupM9E7SSLAFDLxr7mdsXP7znck9qRbVWc6Yyj7Q,CMR2J7CwfW98RpvnJmFBgRFTLAd3x8CJ1SWs8Bt3uunG,FmRb5jHfSNj1YWP3b45d9vvYuhwjp4om8bALmtqZpr1v,7.592329130000053,7.685934000000088,7.685617773382795,1.0122872232993858,0.003074247109353118,1.0,2174.94484804,3721.68902272,5923.357903771716
BUSDgu5JdqP1rndBvXvanbEufS94FNh1w5FJcAj6vawb,Bgzr8cWubt89JQFXndVjtdKmDbGzuPxNhvjH1EhWCwbo,Dxaf8xPBBQsasRKW5Aa4Sw2YrbfGofY9xZueyyF23FBW,3455.5111082099957,3447.948573910003,3463.108475583731,1.002198623339883,1.3852433902334926,1.0,6596.17543071,8584.49856849,15195.176504455922
JSoLLrxK5bYdHwTEWYaGgmeycBCNXKDiBCTw5hXGBg7,xG4wXczA7Dk4hccJ61CHKpDHW4NrNfQwgmWgkb9BuF2,BVR6WgfhsRr9Lob4QDnkEAiNGgAbv7ZieKcY9kSg3QYR,0.4949398709999855,0.42139281000001816,90.00603768382975,181.85246927466142,0.0360024150735319,154.4172601436698,17.428447989,171.785943749,29696.12106733982
SAMyS8Jr2HJrkFwYVKbpUwsNStnQmvz3f8Tup8bWUWF,6jPzm5TFfquvgm25sTyN3MMGBfufRaFHMxobDWv6hMFW,Cj9ECoDmxsHTDzCY5ZA6RWrPbg9uFzEC1Qc2kso2vJG6,1603.5480030699946,84.43885195999246,1627.4443378887331,1.0149021636851463,0.6509777351554933,0.021247528221923124,470.77161521,109437.53731028,2803.064293416119
Lid8SLUxQ9RmF7XMqUA8c24RitTwzja8VSKngJxRcUa,4PgzyzLtds9bKZ2to9PMnKqJzKEUpjvNUaeN23phegax,AtymwxoVN9peZo7EXTcDz9jKVc4vRmisJKKrNfe3ewBa,37.71100190699883,31.881862339999657,6890.009953250913,182.7055661433431,0.6890009953250913,153.92903871315323,961.829190013,7656.796149664,1354334.8176348708
C98Sspw7XqnMsgxea3SLQVdbMDL8pKUc3RE82UvX9eq2,CSqgQJurPCzGxb4Cgwx5R61hWQUiaoUHcShNc8r1cKEL,6S2CR5EnukPhC914XkAns8m5GixjMAoUuZMsS5ubHuWc,25.723316000000068,25.72230999999988,0.0,0.0,0.0,1.0,667.954758,62.565436,62.565436
MARpDPs5A7XiyCWPNH8GsMWPLxmwNn9SBmKvPa9LzgA,6YjT74rmcfCpw8LSjPNx5JTmZoYLGrTKnf9arfSgZ4SR,F8GSmi3vA8M8TsybLya1LQ4n1aFHCRbZ6k437PeTdXtg,27593.223296999982,28640.10517700063,26213.103402840432,0.9499833752909324,10.485241361136174,1.0,297004.269908,15678.935483,297828.054286021
B2izdXFYb2sNwbWWHmh75T4aQFtfXsUxem9u2p61HGzf,4DYwgJtxwuJdAjkj5RJSNH4e7U329V5cNp7d3a1nLrZv,EXNW64GEf1ACC6xY9BtKRiunrs6GoJSXBdxWN2eTPmrF,2546.2948979999856,2515.794647000006,2561.7318943956134,1.0060625328227901,0.25617318943956136,1.0,10224.573761,29523.144796,39809.705371025106
wrmcMSHFi3sWpAEy4rGDvQb3ezh3PhXoV2xNjgLBkKU,8p4mGnARWPBu6P2Gcw4adodLkNDorrXniZMhaY7eJXUn,AyY89zccbsgp9LKFgH4CFZMJmpSgqmPSdTfukhP227rc,0.0049953199999999975,0.05206976000000196,1.45806187974314,291.8855808523059,0.0005832247518972561,3552.524068350563,27.20441907,0.08474315,8241.62974199934
C2ypsDADXcCRz8HbV2zX1AXPSja7a1P3xZtRC91xGhJh,J9bYNuDpY1d1T86gLaw7DGk5D3CsUAf2tzUwxMvb6FTv,A2NGvvPrMGzsJ4jb52KEnSBVmsA7C34dV1GC7PerdgvG,43.06538314900047,43.51284576299963,6637.372451381154,154.12314871126847,2.654948980552462,155.70774776839656,2427.455406599,1046.310173465,537045.6711986258
ercAoEmXjQzEvAFbdjAo81KtMxRGn9AW1ju882upmPH,CMRhskR2Eg6V42RTSdRTXGdozyPbWB8U9dVpijPWb9T4,7TKLLgrWswt6ZJ1pXhVR3FyufHGjJFqiEXxvWJfDcgRm,0.020718246000001272,0.0183581800000141,3.1879997347213904,153.8740168796719,0.0012751998938885561,130.58154491025783,35.83430256,305.089801631,45353.065710328796
ALBpShJ9NLpE739pcHDF2LNVk5J4VYPvvKuV6jMPitZi,D6d156U1bPiJpDYRLextvDRccgFk7QzkQbJg42ceKEu5,GNcM8U5g8RwTZffwwm3kSQqUNPSwv5d2fbN9sLxPJqt2,131.9785769999944,131.97059199999057,131.65575708362536,0.9975539975978901,0.05266230283345015,0.998595974060471,54324.965705,46013.287236,100140.77009554868
Sid7E679i9ABqptiAVhkmQ27YHN8vaYT4fppPwmxFsJ,GP7KB8o1bv527HG8kTzzzf4wJ5aEGHvcMQvVhLziUfmT,9gYxhAZ1M9wu5pxr8SBoa5NDm21gi3s9vMHaYTME77sa,436.8259599999992,864.6216590000085,3.113200940025327,0.00712686796367444,0.0012452803760101307,0.021179037886291354,135316.866543,8926.248382,1153.4347937749412
FrnkTEL6yZ5Aycq2TrEgu29dCrwKG4LPUZydfiwqspkc,DjvZuMZ46fxKBoBpGMPcRcos4xdTtHFxwMh69DpA2ZFY,9rvDPJLAng4uVVqnnSoEXgNDFhBZQTny9AoQioYDZbQX,39.263630365999916,32.523372677000054,7307.2011272818545,186.10610020436312,2.922880450912742,153.49665377294775,168.834168822,1444.217734857,253103.6583608033
KZMu9QBEdL97EFgamLbN5DE1AoKBG4HdrKKJo4Vuon3,DD4ACBWyVqdaKWh7v5btsgqQCCMwbKnuL2xd9pv7Gyuw,GcYqiJ1MAuYbNTNYXm1F1gQYTfTgkErACAhNU5dpVj9T,39.30155890999936,38.8912877399996,39.88723717395759,1.0149021636851463,0.015954894869583035,1.0,1075.92821923,2015.83398301,3107.795860676433
SoNcU2iwHMw6dGzsYNQkYFkUjwN1UdAjrWVRnStrZu2,8ivTTid27jZnYNc4w3CTA1Z6QS2twsFb8WMwUabeDJgc,CyXm53PMvHCbeXJBykU46Rcbo28xk5srhMZFg7gv6EYB,0.9691484449999983,0.9630216640000029,177.61477444271102,183.26890514972794,0.07104590977708442,181.21808636237853,13.317424577,17.09271066,5538.178138191897
SoN9GaFpSXfpyR5dth3x7PHPVhvJMpQqqDJfCSmPv1t,9kZ9iS68ViMPtoeqtnhAKuF2iqVyfHPdZHoUNdwCELr,BBhm5fJLjw3HRzjtKB8uMEYjGhY6EDm9co3cqpjrSzB9,0.061208801999999896,0.06034097700000007,11.393290651864945,186.13810889265508,0.004557316260745978,176.64785955788574,3.096723862,5.098334054,1477.0281213856179
KwnjUuZhTMTSGAaavkLEmSyfobY16JNH4poL9oeeEvE,J63v6qEZmQpDqCD8bd4PXu2Pq5ZbyXrFcSa3Xt1HdAPQ,BnKQtTdLw9qPCDgZkWX3sURkBAoKCUYL1yahh6Mw7mRK,450.26608199999964,18682.20096699911,9.447639725023802,0.020982348221876078,0.0009447639725023801,1.0,277307.384418,581.007507,6399.5676113561285
GokA1R67GqSavkd15zR62QD68Tuc5AEfvjssntVDEbM8,3YB7hfpBdbQEuZqLGWVDpRPmeZWCUsrrWyqGXegnQ6Cg,4DPCj6Z1DsG6HUtwSogBGqXEUxdEV5a8YVrrFtcnz7UW,9858.751461,9859.345736000003,9858.130398784877,0.9999370039687501,0.9858130398784878,1.0,18294.27961,14164.604629,32457.731771989995
KEN5P7p3asnb23Sw6yAmJRGvijfAzso3RqfyLAQhznt,9zj4aX38Uxf3h6AUjS4EipWS8mwbEofasHAf3a1uKGds,CwQDG1MWunn9cLNwcZLd8YBacweSR7ARo32w4mLua1Yr,48893.00498100044,48898.07289900072,48881.90878770563,0.9997730515173056,4.888190878770564,1.0,1051026.148319,1111498.341683,2162285.961212367
AURHmCnNwiW4uA2Qj1XvEh4iKgRUZYXtiY7FKAapUV5Y,BKWm4TRnTeKwfWXRyuzjRHU7iZDkPuXBX5b5V5jSVfGJ,A5Ww74HVrkj9nPeC7pHKLfgeDMEhBCpW1efQdz3TGLEg,0.001735820000703825,0.0015108010000517424,0.3027462773178058,174.4111009177512,0.00012109851092712233,153.95366087179954,271.293733669,1808.18304602,325693.038222398
BSC8REUo9LpiiWUuqMuLXs2D2yJsJfGd4HdiF3wCLxk5,AZjEH1zWVx1UJ6udMyRijGTzPteuLnaY18yNNmprJEsh,Caf8ypkSVR8xYnXNhjvfvdGCC7mrM3C11rz8Xi6NA6aK,70.04783367100026,70.0,70.10049182855252,1.0007517456970845,0.02804019673142101,1.0,2955.786759866,3273.783775017,6231.792534861229
heyk4SZTeCUV6a65WiVA5bzic3KcxgVf1qxobfeV4tQ,9ZDpBKPqMABtGfq66FbVribaArMvtk63xxy91onZAtDt,DaTP4s6N7xxSPinbNZ3FB52EpRDRt87QShTuN3VPCW52,17.93588771400266,15.494550437000271,3215.7460150752777,179.29115449160201,1.286298406030111,154.11592785032013,602.708259984,4501.012689547,801738.0066697568
MATgk4zXLXtYkwBH678J1xZbRDZ45LicNzkRBHkxTuY,y8dALFo1bJrSzPYjMX14HJX448pXqYmrfXHD1K8MXih,GN7Yuet3UyiWS5YVkEHv6oQKi4HGBJc3XDPt9zQhAqZz,203.57579400000031,203.81044399999973,203.6586830840155,1.0004071657164466,0.08146347323360621,1.0,4039.032503,4046.817546,8087.494604562835
4vezWG46exH6pf9nry3n1VJ7hZHvjBJNgNeF4qEFCML5,,,0.05163600000000024,0.052475999999998635,0.0,0.0,0.0,1.0,4039.032503,4046.817546,4046.817546
Cob4usZcpHEY7Qt4ZCwj6WVg9S44zvzYV2v9qYF65dTf,NhFM9UXE48PyNAyeyPYA3iXztqKVJwA4bTdLj4ysM8w,6TuFuynuBoeskxyR2cz4wxyidk8dpDK7kAWw3UkjQGx,7.021830000000023,1004.5891720000072,0.050160690970745755,0.007143535370515321,2.0064276388298302e-05,1.0,74478.856432,160.242369,692.2847142775245
MATSnbbiTCv7Dc3trJrkrqjx7ckKdr6fwPoVwv9q3sD,631WX9JizSHJm4w6VanZeJAst9T8DeUUnPLesdGkCVtK,211maUSfpnXbPuW1iBu8b4dtJv5EbN1j7JJiEX5TZKEP,13880.288250000001,13902.972270000002,13871.244198782393,0.9993484248270127,5.548497679512957,0.9981464420571,24077.23839,21513.147399,45534.821792992785
CZgvH45CRmoaNJ7395Ao5CQZXkGznvqU7cErD6n7FaRg,4ZjU6MKvtqVQKCiowhvZ5yUsPxXX5SCzd5eFsPeXyey5,BsyWeshjDbCvjDojry3vKDCesmFRM37WtwcR4Kfgzqr,0.725603250000006,0.7503900000000385,0.7492089046094541,1.0325324543535987,0.0002996835618437817,1.0,208.43472071,597.09628019,812.3118939372032
BSCuChvaSj9b5HUSqgDVRzcnr2sSn7cXaamt1jbKH6hn,GnKpRj5kBVPMJfiwZtEuD9GYApLzPdW5JFuZTcyX4BTc,3dmwD9okkomV9nDwyuh4UMhKdUR13QpuKxRo89ycZB5t,284.2306270239999,284.1566133489998,283.68357813664346,0.9980753344807201,0.1134734312546574,0.9988797593465322,1664.348381848,1343.139149666,3002.7795784926675
BUSDTd9WiT6uBHJRgNvFXBsA7JrifsAtWzKfioN7ERcy,DyBxrn7gSc1EwnpWhDyhzvMHPtxpmBqRqotapLcKcfTM,Cds99GeBgoCpqBsoRWu1C6fF9LiUMd4pXQQD24s9LPff,192.18184705,191.81732386000002,191.88570408631244,0.9984590481971458,0.019188570408631245,0.9992715310538618,101.09753875,84.79209848,185.6720823847785
DFWzVTzNBrQZLjoQ4yQwkj9HuoXmfkuZP9V5vbymZe23,DhgiEgiNdqZdRdo195UUHnoEJUtefK8buko8nU97XJUZ,2K2kkXsouBHtWVjtcgkyiXd8eP3oVBvq1bTJzcVdLLr2,2511.8905444970005,2553.328999999998,2476.999008857446,0.9861094522147893,0.9907996035429785,1.0,44353.858493195,23659.145064075,67396.9041664118
WiiQFxXqp8P9Fs1rt9SVcDyA3KUdJmUsog6wnVQAwba,3S2jpqSYxho6wiz3cafhjXruVY8cg4HYa2v3BqBHYFSj,Dfe67M6TfrG74gKRtdqys4e6E9QirPD53BkF4FujFjuv,967.4620425610001,969.2745168000001,967.4652448709606,1.0000033100109562,0.09674652448709607,1.0,13069.563389926,13777.95288511,26847.55953543401
STK75uPSyBnEhGTTzb1nwmP3n427XoXmfRhXxxhyady,6TYyD5fUmDe6N65avW1Ny2RxzRNobw2RRgKwH9CTzSAU,54zDfk4cx2vGrEajPtodWpArNe5eUurytyxd4X3aZAxK,170.31814396900091,192.94896110499735,26254.197097763717,154.1479755823441,2.625419709776372,174.96655514298442,1504.388827501,256.53431153,276783.4170123567
BSCNHw8CmxbZ8hCWWzMf5FaG2ajPT6JxfznKUNuRVrn4,7n9kgNL633yGzCYksgnzHyjG73ZLBAwvEae5sbAekbzW,SscdxE99omdG9AiMVwmaEMQySQnCgeAh1sPj2Leutm2,7.640385435000098,7.603302999999869,7.635380321033576,0.9993449134197349,0.0030541521284134306,1.0,6188.861133484,5521.559263527,11706.36615713533
daob129AwBGn9Y5r91uLoWZeYiGzbPmksauMhFZKTze,6VW5GQNyj4LStgmxEHLr5zUfW92vQnmbw8jTnCH7a38F,4VPCCUifPeBA1c7HWK358CHn2nyjm8pdTRk6Ps3KmnMQ,8.196829142000013,7.269598002000016,1412.5953921580644,172.3343707288003,0.5650381568632258,154.2793227137733,47.943872198,224.705989047,42929.86484544407
RajgMbScQbqqrdJfR2rxfHJiTiY5b6bJ2tTXiF4aPxy,725ZA3fhyBAKb5iopNRrcbSuQa3LXA1656Q3mBvYPxeg,GLA6i1dSZpUfk2f9Nj8uiG7xyDdAR2reff8oEiZH3617,24178.53697966,24194.170124070006,24157.154274553875,0.9991156327976292,9.662861709821552,1.0,109015.76337891,75023.96041776,183943.31383099628
vEnkoSUkpnbRrPgBz9DfcVxNz67zjwMYBZraAvDDNSf,DtfyjjsZ5yCjWKLKHvwsfXs5QVsmm1QkK6Sh9JZHoq1g,e5wrKCRv4GhHvEf1VD5Pq2KGaZDXP77nTL612Jyrxwy,5974.893804000002,5976.930785999999,5965.265864894063,0.9983886007983115,0.5965265864894063,0.9991537168018688,6499.225841,3833.813549,10319.322050676932
BSCrK1Nx9PXU9mF7STWWBqeHLxmtJDr9h7jheEy4tAWX,FfSySSbVJPvEo5a5AvrP3nySoXpRE2QPn1uUMpJJ1x7v,HL7Vcj6838ZmvBHDbQxXfjBNckNi83WvPiZQoMQLFeRM,0.006046991999999696,0.006014024000000062,21.611064651012097,3573.8536864300772,0.00864442586040484,3550.2538431497856,0.606661155,1.198876637,6424.434593182419
