0,1,2,3,4,5,6,7,8,9,10,11
KysFMBBoavfov2tLpvefWW6tPFt6rAeZWDJVy1mMQae,B8ka2V21TH3x64dFV8ETcjuQcwmrciJ2qzy1mJUttRew,7fSf7EYxBANyxzk2s5pymFgshA91tFYQNKKs5UnLWcYS,125.45650299999397,132.0126930000083,0.0,0.0,0.0,0.017803762725550974,133893.490292,3086.721364,54.95525476454506
C2ypsDADXcCRz8HbV2zX1AXPSja7a1P3xZtRC91xGhJh,J9bYNuDpY1d1T86gLaw7DGk5D3CsUAf2tzUwxMvb6FTv,A2NGvvPrMGzsJ4jb52KEnSBVmsA7C34dV1GC7PerdgvG,31.682019977000095,32.08636424599899,4338.426639664618,136.9365540080508,1.735370655865847,138.55462585401608,2550.929185773,1045.256084816,494140.517971632
YAkoNb6HKmSxQN9L8hiBE5tPJRsniSSMzND1boHmZxe,CfWX7o2TswwbxusJ4hCaPobu2jLCb1hfXuXJQjVq3jQF,EnTrdMMpdhugeH6Ban6gYZWXughWxKtVGfCwFn78ZmY3,7152206.070544967,7148163.015721039,7152206.070544967,1.0,715.2206070544968,0.9977142366837575,773825.18976,973422.987678,1745023.1628815783
ionytDfEj1mXodptgrsKEZro7DGsfpzANUfarJdm6Qb,3gkSjY95an9xNFSjCfsay6JZez7uv7yfW3Ad4ubc4fMK,9wXqANaSuEqkKL9yHzCPEDGHwbkStVAqV5rB3QDs3Jr6,0.000912073000000041,0.0023788120000003826,0.8611457041993932,944.1631362833397,0.0003444582816797573,3447.5625732607045,3.147212495,0.085563182,3266.4664437416086
STK75uPSyBnEhGTTzb1nwmP3n427XoXmfRhXxxhyady,6TYyD5fUmDe6N65avW1Ny2RxzRNobw2RRgKwH9CTzSAU,54zDfk4cx2vGrEajPtodWpArNe5eUurytyxd4X3aZAxK,445.84744870899965,505.6586833280072,61013.15238281085,136.84759789358702,6.101315238281085,154.93943030320872,1532.63482489,259.487083446,249942.17511441928
MATgk4zXLXtYkwBH678J1xZbRDZ45LicNzkRBHkxTuY,y8dALFo1bJrSzPYjMX14HJX448pXqYmrfXHD1K8MXih,GN7Yuet3UyiWS5YVkEHv6oQKi4HGBJc3XDPt9zQhAqZz,1396.318914,1399.493315000001,1392.6284486111804,0.9973570039395602,0.5570513794444722,1.0,5470.18547,2618.660223,8074.388014352915
GokA1R67GqSavkd15zR62QD68Tuc5AEfvjssntVDEbM8,3YB7hfpBdbQEuZqLGWVDpRPmeZWCUsrrWyqGXegnQ6Cg,4DPCj6Z1DsG6HUtwSogBGqXEUxdEV5a8YVrrFtcnz7UW,16840.814552,16846.236910999993,16835.612347784536,0.9996910954515056,1.6835612347784537,1.0,20643.835897,11823.841723,32461.30064519304
SoN9GaFpSXfpyR5dth3x7PHPVhvJMpQqqDJfCSmPv1t,9kZ9iS68ViMPtoeqtnhAKuF2iqVyfHPdZHoUNdwCELr,BBhm5fJLjw3HRzjtKB8uMEYjGhY6EDm9co3cqpjrSzB9,0.5333388240000021,0.5218579079999994,87.33018871477465,163.74241811200736,0.03493207548590986,161.9307062883037,3.088790355,5.107837991,1332.881815257606
wrmcMSHFi3sWpAEy4rGDvQb3ezh3PhXoV2xNjgLBkKU,8p4mGnARWPBu6P2Gcw4adodLkNDorrXniZMhaY7eJXUn,AyY89zccbsgp9LKFgH4CFZMJmpSgqmPSdTfukhP227rc,0.013441709999998677,0.10728701999999847,3.9240254678888795,291.92903788946984,0.001569610187155552,3444.0005510400883,27.1869043,0.08621802,8233.581723881676
daob129AwBGn9Y5r91uLoWZeYiGzbPmksauMhFZKTze,6VW5GQNyj4LStgmxEHLr5zUfW92vQnmbw8jTnCH7a38F,4VPCCUifPeBA1c7HWK358CHn2nyjm8pdTRk6Ps3KmnMQ,15.422953847999793,13.764926512999985,2357.3713966217474,152.8482429406657,0.942948558648699,136.76752952845155,48.095126311,224.565155348,38064.47706576463
WiiQFxXqp8P9Fs1rt9SVcDyA3KUdJmUsog6wnVQAwba,3S2jpqSYxho6wiz3cafhjXruVY8cg4HYa2v3BqBHYFSj,Dfe67M6TfrG74gKRtdqys4e6E9QirPD53BkF4FujFjuv,9024.796304451997,9021.863135688001,9031.686894492846,1.0007635175142346,0.9031686894492846,1.0,9647.567833493,17205.949367846,26860.883288349636
MATSnbbiTCv7Dc3trJrkrqjx7ckKdr6fwPoVwv9q3sD,631WX9JizSHJm4w6VanZeJAst9T8DeUUnPLesdGkCVtK,211maUSfpnXbPuW1iBu8b4dtJv5EbN1j7JJiEX5TZKEP,131.77100000000064,131.813979999999,131.68290413713288,0.9993314472617818,0.05267316165485316,0.9994612903644935,22609.51634,22985.157375,45567.17573518955
AURHmCnNwiW4uA2Qj1XvEh4iKgRUZYXtiY7FKAapUV5Y,BKWm4TRnTeKwfWXRyuzjRHU7iZDkPuXBX5b5V5jSVfGJ,A5Ww74HVrkj9nPeC7pHKLfgeDMEhBCpW1efQdz3TGLEg,0.021623269999963668,0.019123447999959353,3.34568253283459,154.7260212188171,0.0013382730131338359,136.64325193449267,272.445589644,1806.876783124,289051.9415752291
ALBpShJ9NLpE739pcHDF2LNVk5J4VYPvvKuV6jMPitZi,D6d156U1bPiJpDYRLextvDRccgFk7QzkQbJg42ceKEu5,GNcM8U5g8RwTZffwwm3kSQqUNPSwv5d2fbN9sLxPJqt2,2763.3376979999957,2766.5993949999975,2760.4530245893,0.9989560908850252,1.10418120983572,0.9995711839620802,54598.16062,45753.919611,100275.46469894104
BSC8REUo9LpiiWUuqMuLXs2D2yJsJfGd4HdiF3wCLxk5,AZjEH1zWVx1UJ6udMyRijGTzPteuLnaY18yNNmprJEsh,Caf8ypkSVR8xYnXNhjvfvdGCC7mrM3C11rz8Xi6NA6aK,241.18543475600063,242.06373725999947,240.04988095459387,0.9952917811867223,0.09601995238183757,1.0,3981.83748784,2250.016727155,6213.106852823337
Lid8SLUxQ9RmF7XMqUA8c24RitTwzja8VSKngJxRcUa,4PgzyzLtds9bKZ2to9PMnKqJzKEUpjvNUaeN23phegax,AtymwxoVN9peZo7EXTcDz9jKVc4vRmisJKKrNfe3ewBa,321.7871152290039,273.13082328400014,52143.40419140927,162.04316992089863,5.214340419140927,136.5549187696238,954.493455556,7633.17301598,1197016.4663586798
FrnkTEL6yZ5Aycq2TrEgu29dCrwKG4LPUZydfiwqspkc,DjvZuMZ46fxKBoBpGMPcRcos4xdTtHFxwMh69DpA2ZFY,9rvDPJLAng4uVVqnnSoEXgNDFhBZQTny9AoQioYDZbQX,35.849828634000005,29.631055737999986,5915.261800508699,165.00111788257365,2.36610472020348,136.48728143267968,168.286901861,1445.453162939,225053.49957987227
vEnkoSUkpnbRrPgBz9DfcVxNz67zjwMYBZraAvDDNSf,DtfyjjsZ5yCjWKLKHvwsfXs5QVsmm1QkK6Sh9JZHoq1g,e5wrKCRv4GhHvEf1VD5Pq2KGaZDXP77nTL612Jyrxwy,7671.203133000006,7673.895994,7666.963302293838,0.9994473056399811,0.7666963302293838,0.9982849464619782,7881.731407,5979.982543,13847.101771286487
SRMuKizofcAMicegrfSv7xs9q76tH1w8aAF7oX9FEWu,72Hj2KWntXPfbie4UgKeTPnm1XVkomDfCnRPKbvfTtPi,6aqJQ5wedqpUt4fFEDUqUmXhrdxCu4bEJsQdVPCADLko,9.95717599999989,10.0,0.32842550870833,0.032983800698946526,0.00013137020348333197,0.033081158966646484,16653.483104,5250.167495,722.9767931492245
FLUY35bdRBEtuiBaRNgxvhnZsdnCjSfTjZtKbCpgnJuF,FVoNijdQ6k9FA5LPX1RWVe73YJJvz3Q48iYjd85Yz3Ln,HsorcrEakUPvUfxc4L3DB43YUS7oFeHa2JC1HtmEJVxi,0.18029099999999998,0.1831910000000001,0.18029099999999998,1.0,7.21164e-05,0.9611521523080147,0.835518,1.185591,1.9750513414070114
MARpDPs5A7XiyCWPNH8GsMWPLxmwNn9SBmKvPa9LzgA,6YjT74rmcfCpw8LSjPNx5JTmZoYLGrTKnf9arfSgZ4SR,F8GSmi3vA8M8TsybLya1LQ4n1aFHCRbZ6k437PeTdXtg,68362.46298599998,73046.2870419999,64218.86890748249,0.9393878760721938,25.687547562992997,1.0,299106.998088,13782.514093,294760.001745216
Cob4usZcpHEY7Qt4ZCwj6WVg9S44zvzYV2v9qYF65dTf,NhFM9UXE48PyNAyeyPYA3iXztqKVJwA4bTdLj4ysM8w,6TuFuynuBoeskxyR2cz4wxyidk8dpDK7kAWw3UkjQGx,19.22554900000003,3385.4466680000332,0.10231523641270657,0.005321836916735455,4.0926094565082626e-05,1.0,39728.976977,67.395228,278.82636434033157
Lee1XZJfJ9Hm2K1qTyeCz1LXNc1YBZaKZszvNY4KCDw,9DgFSWkPDGijNKcLGbr3p5xoJbHsPgXUTr6QvGBJ5vGN,2hNHZg7XBhuhHVZ3JDEi4buq2fPQwuWBdQ9xkH7t1GQX,1713.6587520028697,1432.7007819339824,280043.82757939526,163.41866620299342,28.004382757939528,136.6048930233422,6551.542347584,54046.552283092,8453667.804926861
heyk4SZTeCUV6a65WiVA5bzic3KcxgVf1qxobfeV4tQ,9ZDpBKPqMABtGfq66FbVribaArMvtk63xxy91onZAtDt,DaTP4s6N7xxSPinbNZ3FB52EpRDRt87QShTuN3VPCW52,8.455541668999217,7.277922367000315,1340.4424284754853,158.52827423108633,0.5361769713901942,136.57543382162237,606.722892975,4496.482542052,710291.7870119221
MiMuMS9C4vBqcrYeeQPph1E7oAW9aNKvW9k6Zw9XffM,Afy2q2hh6Y474pshJa5fnQ6PfEchGyTbKrQpCZw2hr3m,5pXz9ksgjeL8Wgb37bksUaBFMLdFfsNNY3FQnikkCPtS,0.018601288999999355,1.228041999999732,0.0,0.0,0.0,0.0,25.990485522,7674.776698924,0.0
MiMUFdSLMyCLpqpH6zkqdDrGYs7XBomwENbivdYjv9V,,,0.025351043000000018,0.018601288999999993,0.0,0.0,0.0,0.0,25.990485522,7674.776698924,0.0
SEQV6QiTpvTzrceiaYg9Avnwf7oc8ZALpnQMz6TyT4A,3dFMPj4r9mMmPHF32mz1gNDX7f8ftidWof7S8YiYTs1j,Fc1ED3YPeQfXQosHbd8DTaBd2AV5gHQtwiSAL5C5pUhi,654.129497533,656.2064690330003,650.0174759299699,0.9937137499248418,0.26000699037198804,0.9982979020769587,4706.165501737,858.038088276,5533.158991926055
C98Sspw7XqnMsgxea3SLQVdbMDL8pKUc3RE82UvX9eq2,CSqgQJurPCzGxb4Cgwx5R61hWQUiaoUHcShNc8r1cKEL,6S2CR5EnukPhC914XkAns8m5GixjMAoUuZMsS5ubHuWc,34.028464,39.04119900000023,0.0,0.0,0.0,1.0,665.263071,64.963383,64.963383
BUSDgu5JdqP1rndBvXvanbEufS94FNh1w5FJcAj6vawb,Bgzr8cWubt89JQFXndVjtdKmDbGzuPxNhvjH1EhWCwbo,Dxaf8xPBBQsasRKW5Aa4Sw2YrbfGofY9xZueyyF23FBW,5537.787856409999,5540.413676640005,5532.49491852145,0.9990442144000835,2.21299796740858,1.0,8074.42874613,7127.58037478,15194.291698186898
SoNcU2iwHMw6dGzsYNQkYFkUjwN1UdAjrWVRnStrZu2,8ivTTid27jZnYNc4w3CTA1Z6QS2twsFb8WMwUabeDJgc,CyXm53PMvHCbeXJBykU46Rcbo28xk5srhMZFg7gv6EYB,1.0872072819999943,1.076489766,177.36582549518687,163.13892339730282,0.07094633019807475,161.5507319379012,12.59907749,16.310992093,4690.452648775261
AUSejoEUCh2DBs9mof6BNC8Pubs22w4cJa1ccV9h44R,4xkyD7AfGQDwsQMy9MosRRNGoVJ1zosNinesxg1TzHG7,Cbm5gsQe3nSiCsFrvepVzMCD9xLK3ri9g3ypS2hdmVJ7,103.94218000000001,104.09579999999914,104.09092593315849,1.0014310449632524,0.01040909259331585,1.0,13883.969658,14999.636735,28903.47497784903
RoBgmK8CvjdHvPrqdDyVw54VwjZv2TqJ493xnqJAQHx,ExiHJxM7qPAcy27NDHAF6G7vnW7muNHi2sVJpnaNynGQ,6rkPHSqZb7StM4HwS9EuVrmfkV7tRdc7dnsFhyB6cefE,2.4003809999999994,143.02063999999973,0.0,0.0,0.0,0.9360754102350486,6355.763451,17.508045,16.38885040578869
B2izdXFYb2sNwbWWHmh75T4aQFtfXsUxem9u2p61HGzf,4DYwgJtxwuJdAjkj5RJSNH4e7U329V5cNp7d3a1nLrZv,EXNW64GEf1ACC6xY9BtKRiunrs6GoJSXBdxWN2eTPmrF,7554.771162000008,7486.800340999989,7607.192324306807,1.0069388153767613,0.7607192324306807,1.0,11516.051062,28223.736257,39819.69507118857
KwnjUuZhTMTSGAaavkLEmSyfobY16JNH4poL9oeeEvE,J63v6qEZmQpDqCD8bd4PXu2Pq5ZbyXrFcSa3Xt1HdAPQ,BnKQtTdLw9qPCDgZkWX3sURkBAoKCUYL1yahh6Mw7mRK,410.0655540000031,19963.34920100068,7.299597235233609,0.017801049524958524,0.0007299597235233609,1.0,280139.922514,526.170012,5512.9546465897565
SUiuyGR7SFq3xeRVJonq84fjjeFwRSsFekcevJ53tzy,49GjCCPsv7fBqo6t3iKDrP1xxGDS8uWZbVCdfnp2gjMf,CEwj5xEbbJEjYqM8D6Ai8ByGz1mrh8mkAVsE5fzDSSSx,0.07196399999999992,11.700901000000044,0.0003829538556355489,0.005321464282635058,1.5318154225421956e-07,0.936020210548386,696.715232,1.296713,4.9212947975366275
ALLwa5WNZbvQsRKAqe1jdRGemdYQnW8E5k4msbRFcYtu,CGoM82Hbz7QVqTgvQatYtjvDWBvoUJp5qm21P8iMs9yb,3dxNNww8TivyN5FMy5dCNdi3Zcxv6e4kUfSPxfFwpdNq,2.771165208999998,2.763681726999999,9537.981720245054,3441.866868589523,3.8151926880980223,3444.2022022228884,2.476414934,6.289419193,30185.52194944841
BSCNHw8CmxbZ8hCWWzMf5FaG2ajPT6JxfznKUNuRVrn4,7n9kgNL633yGzCYksgnzHyjG73ZLBAwvEae5sbAekbzW,SscdxE99omdG9AiMVwmaEMQySQnCgeAh1sPj2Leutm2,50.43787823299954,50.53609906600013,50.367485491523844,0.9986043675122392,0.02014699419660954,1.0,6546.565299688,5164.43608088,11701.86478135251
JSoLLrxK5bYdHwTEWYaGgmeycBCNXKDiBCTw5hXGBg7,xG4wXczA7Dk4hccJ61CHKpDHW4NrNfQwgmWgkb9BuF2,BVR6WgfhsRr9Lob4QDnkEAiNGgAbv7ZieKcY9kSg3QYR,1.483728189000118,1.2527603480000096,239.27325479950386,161.2648843456629,0.09570930191980155,136.14288686090444,17.417155082,171.802288985,26198.435091658466
parEAJhzYzHW87y9VoZAQ22dzQ2MD2ekEtTReaxbMcz,3oyc6hpjYSJEquK6dSvG72NXyz3pqLZz5D8AC71pwgQb,Di2vordgFJVZ1aj1aBpvzXtLfZgJsuLLXawGtVFwX6Rz,1.1948075150000363,1.4191300530003446,159.31737640547382,133.34145827285744,0.06372695056218954,158.32873256424625,1106.179759413,137.555355278,169278.58729063836
HEDSDjj84KS7LKhZY7ejkCACTdPen62rKhCby1wXtgxc,EnnjMSFttpCTywBrYNt1J5QQeoSVkvzPipJDa8Y7kJow,6bjVT6JN2rSvpyn9PdfLYC8wJn4LWh49jpY47fnLDXZk,31.999946025999634,35.9322192789914,28.47415160163394,0.8898187383972141,0.011389660640653578,1.0,43446.113065607,4722.880302031,43382.045818332146
YakoMPuYrybnr9R7VC7hVGxMz94fJvPFCdZ4gmW61Ed,,,0.7637929999999999,0.7672430000000001,0.0,0.0,0.0,1.0,43446.113065607,4722.880302031,4722.880302031
BUSDTd9WiT6uBHJRgNvFXBsA7JrifsAtWzKfioN7ERcy,DyBxrn7gSc1EwnpWhDyhzvMHPtxpmBqRqotapLcKcfTM,Cds99GeBgoCpqBsoRWu1C6fF9LiUMd4pXQQD24s9LPff,27.35581535,27.35967841,27.29440702834727,0.9977552004622399,0.0027294407028347267,0.9987655258100987,106.98526653,79.0738714,185.72136279980742
MAR3XM1n9xWPQ3HJjAcC85o8DopWFP5p2WxGTaZ3fPB,6qG7GUhER8Cg9gDEgnebph9LdS6eu2eoWcA4R7z9uizK,4QV4CwRXVMY227KkFF9voNAfwWHVvVajXSXDKbUHkWZR,0.005178999999999989,0.22823499999999797,0.004853700161477599,0.9371886776361478,1.9414800645910398e-06,0.017778641266630053,0.108492,24.432356,0.5360515666366973
RajgMbScQbqqrdJfR2rxfHJiTiY5b6bJ2tTXiF4aPxy,725ZA3fhyBAKb5iopNRrcbSuQa3LXA1656Q3mBvYPxeg,GLA6i1dSZpUfk2f9Nj8uiG7xyDdAR2reff8oEiZH3617,249.40439082001103,248.94961062999937,248.8217423634405,0.997663840421354,0.09952869694537621,1.0,136250.86291684,48011.44013937,183943.99929770807
Sid7E679i9ABqptiAVhkmQ27YHN8vaYT4fppPwmxFsJ,GP7KB8o1bv527HG8kTzzzf4wJ5aEGHvcMQvVhLziUfmT,9gYxhAZ1M9wu5pxr8SBoa5NDm21gi3s9vMHaYTME77sa,1090.4871830000275,3252.3576859999284,5.796091451609271,0.005315139455067878,0.0023184365806437086,0.01776340315825137,137943.748757,8098.572189,877.0484643977106
SAMyS8Jr2HJrkFwYVKbpUwsNStnQmvz3f8Tup8bWUWF,6jPzm5TFfquvgm25sTyN3MMGBfufRaFHMxobDWv6hMFW,Cj9ECoDmxsHTDzCY5ZA6RWrPbg9uFzEC1Qc2kso2vJG6,2936.0810655100004,258.86685727999725,2961.971868954563,1.0088181500670061,1.1847887475818253,0.0,425.39540327,111798.68574452,429.14660377384945
BSCuChvaSj9b5HUSqgDVRzcnr2sSn7cXaamt1jbKH6hn,GnKpRj5kBVPMJfiwZtEuD9GYApLzPdW5JFuZTcyX4BTc,3dmwD9okkomV9nDwyuh4UMhKdUR13QpuKxRo89ycZB5t,235.3530477480001,236.28492290600002,233.83331824605537,0.9935427668496906,0.09353332729842215,0.9983467378021994,1977.364854566,1031.545080934,2994.4362151232044
CZgvH45CRmoaNJ7395Ao5CQZXkGznvqU7cErD6n7FaRg,4ZjU6MKvtqVQKCiowhvZ5yUsPxXX5SCzd5eFsPeXyey5,BsyWeshjDbCvjDojry3vKDCesmFRM37WtwcR4Kfgzqr,120.93789850999988,117.21305202,148.00358855584633,1.2237982500052165,0.059201435422338536,1.0,82.96983402,733.49751182,835.0358494968992
iLiUBQ7Z7im6Ew3b4ewwPcehzWgEQRJ1iQz7g6D62NW,GpugBvKWM3TVhYcZjemSdtehBWgfvuGr6uAm9iPjXT6v,92fMXJ3xy8tEyMUWLHKRLyhPw2nECBo77GtDiBBbYrjX,0.1810146809998514,0.1468876509999859,0.14696438839589795,0.8118920939678843,5.8785755358359195e-05,1.0,2606.231662078,414.547187151,2530.526068640907
BSCrK1Nx9PXU9mF7STWWBqeHLxmtJDr9h7jheEy4tAWX,FfSySSbVJPvEo5a5AvrP3nySoXpRE2QPn1uUMpJJ1x7v,HL7Vcj6838ZmvBHDbQxXfjBNckNi83WvPiZQoMQLFeRM,0.00036282700000001,0.000360619000000062,1.2588980257451512,3469.692238298463,0.0005035592102980605,3443.2890296811515,0.579048613,1.226766692,6233.232770665426
KZMu9QBEdL97EFgamLbN5DE1AoKBG4HdrKKJo4Vuon3,DD4ACBWyVqdaKWh7v5btsgqQCCMwbKnuL2xd9pv7Gyuw,GcYqiJ1MAuYbNTNYXm1F1gQYTfTgkErACAhNU5dpVj9T,62.621140490000016,62.061197110000194,63.17334310420791,1.0088181500670061,0.025269337241683166,1.0,1240.08230896,1850.49359932,3101.5111401758486
KEN5P7p3asnb23Sw6yAmJRGvijfAzso3RqfyLAQhznt,9zj4aX38Uxf3h6AUjS4EipWS8mwbEofasHAf3a1uKGds,CwQDG1MWunn9cLNwcZLd8YBacweSR7ARo32w4mLua1Yr,50104.61333899968,50109.22159500024,50065.61222707479,0.9992216063686388,5.006561222707479,1.0,1003154.061227,966750.628468,1969123.8409624668
DFWzVTzNBrQZLjoQ4yQwkj9HuoXmfkuZP9V5vbymZe23,DhgiEgiNdqZdRdo195UUHnoEJUtefK8buko8nU97XJUZ,2K2kkXsouBHtWVjtcgkyiXd8eP3oVBvq1bTJzcVdLLr2,3147.489580993999,3168.661448304996,3109.759635447742,0.9880126861184583,1.2439038541790968,1.0,43302.821312038,24702.50231461,67486.23911562428
