0,1,2,3,4,5,6,7,8,9,10,11
SoNcU2iwHMw6dGzsYNQkYFkUjwN1UdAjrWVRnStrZu2,8ivTTid27jZnYNc4w3CTA1Z6QS2twsFb8WMwUabeDJgc,CyXm53PMvHCbeXJBykU46Rcbo28xk5srhMZFg7gv6EYB,1.4660705260000029,1.4521716739999988,258.0702529899773,176.02853915499614,0.10322810119599092,173.64565936208837,13.249405549,17.163883659,5312.707398643799
SoN9GaFpSXfpyR5dth3x7PHPVhvJMpQqqDJfCSmPv1t,9kZ9iS68ViMPtoeqtnhAKuF2iqVyfHPdZHoUNdwCELr,BBhm5fJLjw3HRzjtKB8uMEYjGhY6EDm9co3cqpjrSzB9,0.32893925799999923,0.3222874570000003,58.310446481688416,177.26812797057065,0.02332417859267537,174.02929504735252,3.048267875,5.149041309,1436.4447689290469
STK75uPSyBnEhGTTzb1nwmP3n427XoXmfRhXxxhyady,6TYyD5fUmDe6N65avW1Ny2RxzRNobw2RRgKwH9CTzSAU,54zDfk4cx2vGrEajPtodWpArNe5eUurytyxd4X3aZAxK,140.74642458700052,159.66591392600208,20672.306115207157,146.87624339919802,2.0672306115207157,166.9176273193413,1490.158162689,252.098703993,260948.55052720377
FrnkTEL6yZ5Aycq2TrEgu29dCrwKG4LPUZydfiwqspkc,DjvZuMZ46fxKBoBpGMPcRcos4xdTtHFxwMh69DpA2ZFY,9rvDPJLAng4uVVqnnSoEXgNDFhBZQTny9AoQioYDZbQX,17.32253080100105,14.343894715999937,3073.826500569613,177.44673315240865,1.2295306002278454,147.0913350406715,168.24383135,1445.309080263,242446.760408392
B2izdXFYb2sNwbWWHmh75T4aQFtfXsUxem9u2p61HGzf,4DYwgJtxwuJdAjkj5RJSNH4e7U329V5cNp7d3a1nLrZv,EXNW64GEf1ACC6xY9BtKRiunrs6GoJSXBdxWN2eTPmrF,2507.2151970000195,2483.599051000001,2521.8393433521182,1.005832824549563,0.25218393433521186,1.0,10733.580438,29012.473349,39808.660878483475
AURHmCnNwiW4uA2Qj1XvEh4iKgRUZYXtiY7FKAapUV5Y,BKWm4TRnTeKwfWXRyuzjRHU7iZDkPuXBX5b5V5jSVfGJ,A5Ww74HVrkj9nPeC7pHKLfgeDMEhBCpW1efQdz3TGLEg,0.009635491999915757,0.008497929000043314,1.6026078178844823,166.3234028836819,0.0006410431271537929,147.09356356810153,272.464677504,1806.855124266,311094.0114076411
RoBgmK8CvjdHvPrqdDyVw54VwjZv2TqJ493xnqJAQHx,ExiHJxM7qPAcy27NDHAF6G7vnW7muNHi2sVJpnaNynGQ,6rkPHSqZb7StM4HwS9EuVrmfkV7tRdc7dnsFhyB6cefE,17.518796000000346,70.89016299999983,0.0,0.0,0.0,0.9350303510851962,6212.742811,19.908426,18.614982552333647
SUiuyGR7SFq3xeRVJonq84fjjeFwRSsFekcevJ53tzy,49GjCCPsv7fBqo6t3iKDrP1xxGDS8uWZbVCdfnp2gjMf,CEwj5xEbbJEjYqM8D6Ai8ByGz1mrh8mkAVsE5fzDSSSx,10.003511999999985,1.4024979999999156,0.060155565045171916,0.006013444582779729,2.406222601806877e-05,0.9384410804459848,685.014331,1.368677,5.403718440539999
DFWzVTzNBrQZLjoQ4yQwkj9HuoXmfkuZP9V5vbymZe23,DhgiEgiNdqZdRdo195UUHnoEJUtefK8buko8nU97XJUZ,2K2kkXsouBHtWVjtcgkyiXd8eP3oVBvq1bTJzcVdLLr2,4.542635567002435,4.629459434996534,4.459203193003256,0.9816334872633786,0.0017836812772013023,1.0,46484.206865068,21568.87735617,67199.33144379899
Lee1XZJfJ9Hm2K1qTyeCz1LXNc1YBZaKZszvNY4KCDw,9DgFSWkPDGijNKcLGbr3p5xoJbHsPgXUTr6QvGBJ5vGN,2hNHZg7XBhuhHVZ3JDEi4buq2fPQwuWBdQ9xkH7t1GQX,675.8149407029296,565.0216647739899,118916.60197830929,175.96030335556298,11.89166019783093,147.09295774813626,6547.424351942,54051.270857399,9102648.075625774
parEAJhzYzHW87y9VoZAQ22dzQ2MD2ekEtTReaxbMcz,3oyc6hpjYSJEquK6dSvG72NXyz3pqLZz5D8AC71pwgQb,Di2vordgFJVZ1aj1aBpvzXtLfZgJsuLLXawGtVFwX6Rz,3.7912062429999764,4.471244740000174,546.1911603964196,144.0679101552173,0.21847646415856783,171.09810765492932,1106.070460342,137.646929493,182900.3888666549
BSCuChvaSj9b5HUSqgDVRzcnr2sSn7cXaamt1jbKH6hn,GnKpRj5kBVPMJfiwZtEuD9GYApLzPdW5JFuZTcyX4BTc,3dmwD9okkomV9nDwyuh4UMhKdUR13QpuKxRo89ycZB5t,188.78656716499995,189.10572550899997,187.9012736962032,0.995310611967307,0.07516050947848128,0.9950862640282285,1741.07993166,1266.898128682,2993.588258039037
KwnjUuZhTMTSGAaavkLEmSyfobY16JNH4poL9oeeEvE,J63v6qEZmQpDqCD8bd4PXu2Pq5ZbyXrFcSa3Xt1HdAPQ,BnKQtTdLw9qPCDgZkWX3sURkBAoKCUYL1yahh6Mw7mRK,341.1610480000004,15822.09370499989,7.428104266783531,0.02177301397779597,0.000742810426678353,1.0,276853.39396,590.926079,6618.858895491335
MARpDPs5A7XiyCWPNH8GsMWPLxmwNn9SBmKvPa9LzgA,6YjT74rmcfCpw8LSjPNx5JTmZoYLGrTKnf9arfSgZ4SR,F8GSmi3vA8M8TsybLya1LQ4n1aFHCRbZ6k437PeTdXtg,12083.584637000024,12764.789277000351,11334.902961490607,0.9380414257854455,4.533961184596243,1.0,299220.947285,13647.741411,294329.385427093
BSCrK1Nx9PXU9mF7STWWBqeHLxmtJDr9h7jheEy4tAWX,FfSySSbVJPvEo5a5AvrP3nySoXpRE2QPn1uUMpJJ1x7v,HL7Vcj6838ZmvBHDbQxXfjBNckNi83WvPiZQoMQLFeRM,0.020864572000000026,0.020733536999999802,74.93543173606682,3591.515404009568,0.029974172694426725,3566.2066260119113,0.578928988,1.226886919,6454.564638134809
Sid7E679i9ABqptiAVhkmQ27YHN8vaYT4fppPwmxFsJ,GP7KB8o1bv527HG8kTzzzf4wJ5aEGHvcMQvVhLziUfmT,9gYxhAZ1M9wu5pxr8SBoa5NDm21gi3s9vMHaYTME77sa,848.4669789999998,3028.181265000021,5.1024915085614015,0.006013777359462097,0.0020409966034245605,0.02176470775155725,139640.72236,7612.689663,1005.4561803059966
HEDSDjj84KS7LKhZY7ejkCACTdPen62rKhCby1wXtgxc,EnnjMSFttpCTywBrYNt1J5QQeoSVkvzPipJDa8Y7kJow,6bjVT6JN2rSvpyn9PdfLYC8wJn4LWh49jpY47fnLDXZk,312.6056650590026,341.42915922199063,278.4886916192692,0.8908625874284971,0.11139547664770769,1.0,43434.85879993,4732.889266057,43427.37996115407
KEnkcdADoLR5jS2CLLLesy8TtFsyWL37BhXNfDMzWzP,3qsjFRuw1qeLMPo4DLwaQevenGAGBj9dA3Q6rb8ax2YR,77iEv8zPQAEyCcEbvBRSB6AFcUdfkhiqnAKtPxk76rNN,1.3400009999999867,0.007809999999999984,0.008046698052528702,0.006004994065324416,3.2186792210114812e-06,0.9980647524450093,127.430728,0.239888,1.0046445227144982
KEN5P7p3asnb23Sw6yAmJRGvijfAzso3RqfyLAQhznt,9zj4aX38Uxf3h6AUjS4EipWS8mwbEofasHAf3a1uKGds,CwQDG1MWunn9cLNwcZLd8YBacweSR7ARo32w4mLua1Yr,24829.289731999976,24830.624750000425,24810.632136633227,0.9992485650790605,2.481063213663323,1.0,1012124.104744,984276.38877,1995639.9481173707
BkwbeSfcX1h4thMDd7obGkHrPevf3QwgzJ4pCEqG18Lu,35yX27bmurdebhfAb8EPmjLETDiUaEUCn9zHaDPbakH2,2CxECn1ZJFoESyUnQysQU8rRgT3iJ5GRs2Mdd6gZjx5g,0.0006266400000001227,0.000866999999999507,0.0,0.0,0.0,0.0,1.0273343,21.7582769,0.0
C2ypsDADXcCRz8HbV2zX1AXPSja7a1P3xZtRC91xGhJh,J9bYNuDpY1d1T86gLaw7DGk5D3CsUAf2tzUwxMvb6FTv,A2NGvvPrMGzsJ4jb52KEnSBVmsA7C34dV1GC7PerdgvG,33.9928272059999,34.421471526001824,4991.011670713407,146.82543586231827,1.9964046682853624,148.68796254966549,2976.142402395,1196.357562246,614857.3738312153
ALLwa5WNZbvQsRKAqe1jdRGemdYQnW8E5k4msbRFcYtu,CGoM82Hbz7QVqTgvQatYtjvDWBvoUJp5qm21P8iMs9yb,3dxNNww8TivyN5FMy5dCNdi3Zcxv6e4kUfSPxfFwpdNq,0.7656212479999978,0.764511851,2722.9834192836993,3556.567201337269,1.0891933677134797,3555.0752253917694,2.504784006,6.259894451,31162.828318491287
ALBpShJ9NLpE739pcHDF2LNVk5J4VYPvvKuV6jMPitZi,D6d156U1bPiJpDYRLextvDRccgFk7QzkQbJg42ceKEu5,GNcM8U5g8RwTZffwwm3kSQqUNPSwv5d2fbN9sLxPJqt2,11128.410665999996,11143.969628000006,11100.913702758264,0.9975291203688463,4.4403654811033055,0.9984992556188049,52712.851009,47636.374421,100147.488298889
FTMDfFPjYWvSsDXMGR8Mdt4fLjDtSDwfz7GAqe5V6qwq,2n895yX1VzrWuwrMCixUcD3SkRysj51jigxtV5N81vk6,HuEnD3eWBSuJtTCZMDG3P74sHPhi5UyVRV4SVefva6jS,1.1119286619998547,0.11486799999999953,0.0,0.0,0.0,1.0,1598.281982789,11.966723256,11.966723256
C98Sspw7XqnMsgxea3SLQVdbMDL8pKUc3RE82UvX9eq2,CSqgQJurPCzGxb4Cgwx5R61hWQUiaoUHcShNc8r1cKEL,6S2CR5EnukPhC914XkAns8m5GixjMAoUuZMsS5ubHuWc,22.940823999999964,25.77825700000004,0.0,0.0,0.0,1.0,660.519948,69.108889,69.108889
RajgMbScQbqqrdJfR2rxfHJiTiY5b6bJ2tTXiF4aPxy,725ZA3fhyBAKb5iopNRrcbSuQa3LXA1656Q3mBvYPxeg,GLA6i1dSZpUfk2f9Nj8uiG7xyDdAR2reff8oEiZH3617,299.78486084999895,300.5720719700039,299.228929406633,0.9981455653171086,0.11969157176265319,1.0,137124.23432078,47139.63157676,184009.57796155062
JSoLLrxK5bYdHwTEWYaGgmeycBCNXKDiBCTw5hXGBg7,xG4wXczA7Dk4hccJ61CHKpDHW4NrNfQwgmWgkb9BuF2,BVR6WgfhsRr9Lob4QDnkEAiNGgAbv7ZieKcY9kSg3QYR,0.4068162140000027,0.34362051500000135,70.65321819702929,173.6735551966688,0.028261287278811716,146.86716188315424,17.393007692,171.830238757,28256.92497337801
SRMuKizofcAMicegrfSv7xs9q76tH1w8aAF7oX9FEWu,72Hj2KWntXPfbie4UgKeTPnm1XVkomDfCnRPKbvfTtPi,6aqJQ5wedqpUt4fFEDUqUmXhrdxCu4bEJsQdVPCADLko,6931.455469,6942.029917,258.7092614367658,0.03732394481848843,0.10348370457470635,0.03742875530000532,16643.483104,5260.124671,818.0803641195204
wrmcMSHFi3sWpAEy4rGDvQb3ezh3PhXoV2xNjgLBkKU,8p4mGnARWPBu6P2Gcw4adodLkNDorrXniZMhaY7eJXUn,AyY89zccbsgp9LKFgH4CFZMJmpSgqmPSdTfukhP227rc,0.00556874000000003,0.06101914999999991,1.8063551377616986,324.3741201351991,0.0007225420551046796,3559.478892290169,27.14503435,0.08988078,9125.075372553583
CZgvH45CRmoaNJ7395Ao5CQZXkGznvqU7cErD6n7FaRg,4ZjU6MKvtqVQKCiowhvZ5yUsPxXX5SCzd5eFsPeXyey5,BsyWeshjDbCvjDojry3vKDCesmFRM37WtwcR4Kfgzqr,3.0224767299999655,2.991118410000041,3.1347515559843826,1.0371466304008297,0.001253900622393753,1.0,196.77872937,609.15621623,813.2446123306523
MiMuMS9C4vBqcrYeeQPph1E7oAW9aNKvW9k6Zw9XffM,Afy2q2hh6Y474pshJa5fnQ6PfEchGyTbKrQpCZw2hr3m,5pXz9ksgjeL8Wgb37bksUaBFMLdFfsNNY3FQnikkCPtS,1.4434721739999077,0.021879688999998592,0.0,0.0,0.0,0.0,26.009086811,7673.548656924,0.0
BSCNHw8CmxbZ8hCWWzMf5FaG2ajPT6JxfznKUNuRVrn4,7n9kgNL633yGzCYksgnzHyjG73ZLBAwvEae5sbAekbzW,SscdxE99omdG9AiMVwmaEMQySQnCgeAh1sPj2Leutm2,27.008104221000394,27.05814865799948,26.95639301749593,0.9980853449364189,0.010782557206998371,1.0,6496.029200622,5214.873959113,11698.465504532858
YAkoNb6HKmSxQN9L8hiBE5tPJRsniSSMzND1boHmZxe,CfWX7o2TswwbxusJ4hCaPobu2jLCb1hfXuXJQjVq3jQF,EnTrdMMpdhugeH6Ban6gYZWXughWxKtVGfCwFn78ZmY3,3235624.475537992,3233429.856215,3235624.475537992,1.0,323.56244755379925,0.9968569101622584,343081.605849,1380287.125132,1719030.3645448321
Lid8SLUxQ9RmF7XMqUA8c24RitTwzja8VSKngJxRcUa,4PgzyzLtds9bKZ2to9PMnKqJzKEUpjvNUaeN23phegax,AtymwxoVN9peZo7EXTcDz9jKVc4vRmisJKKrNfe3ewBa,44.02213632100029,37.20562701899996,7668.244889942909,174.19065794598558,0.7668244889942909,147.08216200776565,960.379083275,7626.169107984,1288962.504632355
Cob4usZcpHEY7Qt4ZCwj6WVg9S44zvzYV2v9qYF65dTf,NhFM9UXE48PyNAyeyPYA3iXztqKVJwA4bTdLj4ysM8w,6TuFuynuBoeskxyR2cz4wxyidk8dpDK7kAWw3UkjQGx,187.27106499999732,2306.8828039999935,1.1271422057825269,0.006018773940237607,0.0004508568823130108,1.0,76752.60525,145.485587,607.4421673240441
GokA1R67GqSavkd15zR62QD68Tuc5AEfvjssntVDEbM8,3YB7hfpBdbQEuZqLGWVDpRPmeZWCUsrrWyqGXegnQ6Cg,4DPCj6Z1DsG6HUtwSogBGqXEUxdEV5a8YVrrFtcnz7UW,5090.851511999999,5091.846912000001,5090.011660076087,0.9998350272205087,0.5090011660076087,1.0,19899.349633,12566.42259,32462.489371980977
BUSDgu5JdqP1rndBvXvanbEufS94FNh1w5FJcAj6vawb,Bgzr8cWubt89JQFXndVjtdKmDbGzuPxNhvjH1EhWCwbo,Dxaf8xPBBQsasRKW5Aa4Sw2YrbfGofY9xZueyyF23FBW,2393.1238933199993,2392.9293490100017,2394.0659343244965,1.00039364489533,0.9576263737297988,1.0,7603.62086849,7595.14663857,15201.760633600905
MATSnbbiTCv7Dc3trJrkrqjx7ckKdr6fwPoVwv9q3sD,631WX9JizSHJm4w6VanZeJAst9T8DeUUnPLesdGkCVtK,211maUSfpnXbPuW1iBu8b4dtJv5EbN1j7JJiEX5TZKEP,299.2914740000015,299.3670250000032,298.8569360150356,0.9985481110465383,0.11954277440601424,0.9981504272582903,22477.70236,23116.928375,45519.23916664986
KysFMBBoavfov2tLpvefWW6tPFt6rAeZWDJVy1mMQae,B8ka2V21TH3x64dFV8ETcjuQcwmrciJ2qzy1mJUttRew,7fSf7EYxBANyxzk2s5pymFgshA91tFYQNKKs5UnLWcYS,69.27027999999973,86.88915599999018,0.0,0.0,0.0,0.021694434240828873,134036.510932,2972.272808,64.48177697895979
KZMu9QBEdL97EFgamLbN5DE1AoKBG4HdrKKJo4Vuon3,DD4ACBWyVqdaKWh7v5btsgqQCCMwbKnuL2xd9pv7Gyuw,GcYqiJ1MAuYbNTNYXm1F1gQYTfTgkErACAhNU5dpVj9T,52.9266083,52.5249098300003,53.49579662160027,1.0107542942932217,0.02139831864864011,1.0,1182.44334736,1908.64825379,3103.8079448925714
SAMyS8Jr2HJrkFwYVKbpUwsNStnQmvz3f8Tup8bWUWF,6jPzm5TFfquvgm25sTyN3MMGBfufRaFHMxobDWv6hMFW,Cj9ECoDmxsHTDzCY5ZA6RWrPbg9uFzEC1Qc2kso2vJG6,2519.125911129988,52.43980296000001,2546.21733253996,1.0107542942932217,1.018486933015984,0.0,483.01557855,108867.02691452,488.21007022993746
SAMGk1Nd4haC8zQA63DG37pzuEZy8j4q13tSFtCbcRE,9U9TnkHD3jXMAVZtynCVLgDruuqN4pTvLJTmVHCLWS8g,C6zoEbvqSknmi96QWq96UBiPCyNW3YSTvKhavR2BfifE,0.031174510000002487,0.04503834999999978,0.0,0.0,0.0,0.0,53.624604,1.1475868,0.0
MiMUFdSLMyCLpqpH6zkqdDrGYs7XBomwENbivdYjv9V,,,0.02663228100000005,0.0248164079999999,0.0,0.0,0.0,0.0,53.624604,1.1475868,0.0
MAR3XM1n9xWPQ3HJjAcC85o8DopWFP5p2WxGTaZ3fPB,6qG7GUhER8Cg9gDEgnebph9LdS6eu2eoWcA4R7z9uizK,4QV4CwRXVMY227KkFF9voNAfwWHVvVajXSXDKbUHkWZR,0.3906579999999984,0.008638999999999994,0.3652217649577509,0.9348887388911845,0.00014608870598310035,0.02179548645553277,0.113671,24.204121,0.6338103292620761
daob129AwBGn9Y5r91uLoWZeYiGzbPmksauMhFZKTze,6VW5GQNyj4LStgmxEHLr5zUfW92vQnmbw8jTnCH7a38F,4VPCCUifPeBA1c7HWK358CHn2nyjm8pdTRk6Ps3KmnMQ,6.929479649000022,6.211990545999967,1143.5143426939167,165.02167559708968,0.45740573707756665,147.31721358918796,48.038760445,224.622543044,41018.20389280061
BUSDTd9WiT6uBHJRgNvFXBsA7JrifsAtWzKfioN7ERcy,DyBxrn7gSc1EwnpWhDyhzvMHPtxpmBqRqotapLcKcfTM,Cds99GeBgoCpqBsoRWu1C6fF9LiUMd4pXQQD24s9LPff,114.53767221000001,114.19217636,114.66734836759544,1.0011321703601386,0.011466734836759545,0.9989940130288799,79.62558812,106.42968675,186.03835772256718
ionytDfEj1mXodptgrsKEZro7DGsfpzANUfarJdm6Qb,3gkSjY95an9xNFSjCfsay6JZez7uv7yfW3Ad4ubc4fMK,9wXqANaSuEqkKL9yHzCPEDGHwbkStVAqV5rB3QDs3Jr6,0.0011195850000000895,0.003822069999999872,1.0970128633243281,979.8388361082369,0.00043880514532973133,3564.554074285307,3.14644723,0.08577213,3388.7505871708154
heyk4SZTeCUV6a65WiVA5bzic3KcxgVf1qxobfeV4tQ,9ZDpBKPqMABtGfq66FbVribaArMvtk63xxy91onZAtDt,DaTP4s6N7xxSPinbNZ3FB52EpRDRt87QShTuN3VPCW52,37.58840350199989,32.38025929999992,6438.134335091788,171.2798026856673,2.575253734036715,147.12632855074682,606.27760991,4496.997379813,765469.8233923379
SEQV6QiTpvTzrceiaYg9Avnwf7oc8ZALpnQMz6TyT4A,3dFMPj4r9mMmPHF32mz1gNDX7f8ftidWof7S8YiYTs1j,Fc1ED3YPeQfXQosHbd8DTaBd2AV5gHQtwiSAL5C5pUhi,2781.9417802870003,2787.967321943001,2774.3945863705126,0.9972870769726501,1.1097578345482053,0.9991886588090471,4049.959032704,1512.167585809,5549.912507543363
vEnkoSUkpnbRrPgBz9DfcVxNz67zjwMYBZraAvDDNSf,DtfyjjsZ5yCjWKLKHvwsfXs5QVsmm1QkK6Sh9JZHoq1g,e5wrKCRv4GhHvEf1VD5Pq2KGaZDXP77nTL612Jyrxwy,2453.541726000002,2453.928038,2451.2571543321646,0.9990688678151963,0.24512571543321648,0.9981813136465361,6819.978602,5540.555254,12344.107022192944
BSC8REUo9LpiiWUuqMuLXs2D2yJsJfGd4HdiF3wCLxk5,AZjEH1zWVx1UJ6udMyRijGTzPteuLnaY18yNNmprJEsh,Caf8ypkSVR8xYnXNhjvfvdGCC7mrM3C11rz8Xi6NA6aK,676.2319430290004,677.5974953250002,674.3620073163609,0.9972347716905184,0.26974480292654435,1.0,3762.3170974,2468.649091418,6220.562523071023
TETFuZgEmET6d9vYmz9iMFCxK1jKdKYxf3oPz8hSzJK,Eu1Ze6Z84LWNkq7SNoAHBJbXx5t1P95EwyqYohrfCRFV,ASMbv7WNu3qe4pkhREmvyEdwFNDZQ6B6iSrjkj4u8bdC,218.331238933,218.49357493499997,216.78518724385887,0.9929187792974711,0.08671407489754356,0.9991087949549003,219.387040779,32.675268232,250.47966059207081
moFiBS1R4Lf3E3zzmBPnw3NF4RhWPkhREFviuzUaCAU,44ALBrpqi9PfZkBRTvbtRNtFJGsatfY4QydjtMbFWq8S,2ho8qEEie1UjVwWNBo9y4oAJZMyMLx8zPj9bxyUz6uWs,15.013465356001689,15.07658444599656,14.956250459170139,0.9961890945577946,0.005982500183668056,1.0,42268.985765583,22175.337624613,64283.240282305436
