0,1,2,3,4,5,6,7,8,9,10,11
SAMyS8Jr2HJrkFwYVKbpUwsNStnQmvz3f8Tup8bWUWF,6jPzm5TFfquvgm25sTyN3MMGBfufRaFHMxobDWv6hMFW,Cj9ECoDmxsHTDzCY5ZA6RWrPbg9uFzEC1Qc2kso2vJG6,538.8703783099918,10.280056379999962,544.058135852789,1.0096270972605081,0.2176232543411156,0.0,441.24253399,110931.16212638,445.49041878019483
MARpDPs5A7XiyCWPNH8GsMWPLxmwNn9SBmKvPa9LzgA,6YjT74rmcfCpw8LSjPNx5JTmZoYLGrTKnf9arfSgZ4SR,F8GSmi3vA8M8TsybLya1LQ4n1aFHCRbZ6k437PeTdXtg,28808.154916000014,30869.85765100045,26945.5441749094,0.9353443236291359,10.77821766996376,1.0,299648.067358,13316.810521,293590.92941074626
WiiQFxXqp8P9Fs1rt9SVcDyA3KUdJmUsog6wnVQAwba,3S2jpqSYxho6wiz3cafhjXruVY8cg4HYa2v3BqBHYFSj,Dfe67M6TfrG74gKRtdqys4e6E9QirPD53BkF4FujFjuv,4886.742653239996,4880.574244942,4895.42361492329,1.0017764311115378,0.48954236149232905,1.0,6881.645881463,19977.431939418,26871.302590723415
TETFuZgEmET6d9vYmz9iMFCxK1jKdKYxf3oPz8hSzJK,Eu1Ze6Z84LWNkq7SNoAHBJbXx5t1P95EwyqYohrfCRFV,ASMbv7WNu3qe4pkhREmvyEdwFNDZQ6B6iSrjkj4u8bdC,130.55271983599997,130.75202223399998,130.42271551655477,0.9990042006048706,0.05216908620662191,0.9986278852856175,116.133564886,135.864778606,251.69627569644067
BUSDgu5JdqP1rndBvXvanbEufS94FNh1w5FJcAj6vawb,Bgzr8cWubt89JQFXndVjtdKmDbGzuPxNhvjH1EhWCwbo,Dxaf8xPBBQsasRKW5Aa4Sw2YrbfGofY9xZueyyF23FBW,10411.66132755,10553.890685700004,10344.843569143162,0.9935824114610765,4.137937427657265,1.0,10220.95656749,4996.96740615,15152.330079915642
KEVpg4SYCVrqFxKijQH6hm4QxsRdoE51ud64bEEFUC9,2bPenuBYfqzD8p5dFjCcggwkHDsc2RQDnx9AoyYGUBjA,AE6n6iLuX8oYu61vt5hoDYkjswpnxFxrhSehxrnQTnbx,162.06313891199989,163.0094796960002,160.6830342589462,0.9914841544948535,0.06427321370357848,1.0,6634.553727159,916.502317085,7494.55720970792
RajgMbScQbqqrdJfR2rxfHJiTiY5b6bJ2tTXiF4aPxy,725ZA3fhyBAKb5iopNRrcbSuQa3LXA1656Q3mBvYPxeg,GLA6i1dSZpUfk2f9Nj8uiG7xyDdAR2reff8oEiZH3617,2981.10589205999,2986.7108522699855,2976.65433526814,0.9985067431506857,1.1906617341072558,1.0,132833.67284075,51428.8094146,184064.12746356096
Lee1XZJfJ9Hm2K1qTyeCz1LXNc1YBZaKZszvNY4KCDw,9DgFSWkPDGijNKcLGbr3p5xoJbHsPgXUTr6QvGBJ5vGN,2hNHZg7XBhuhHVZ3JDEi4buq2fPQwuWBdQ9xkH7t1GQX,923.4157367031294,771.4806032920005,146514.50668865713,158.66581092905975,14.651450668865715,132.62157983865524,6532.986273666,54069.158903705,8207298.839256281
KwnjUuZhTMTSGAaavkLEmSyfobY16JNH4poL9oeeEvE,J63v6qEZmQpDqCD8bd4PXu2Pq5ZbyXrFcSa3Xt1HdAPQ,BnKQtTdLw9qPCDgZkWX3sURkBAoKCUYL1yahh6Mw7mRK,138.89248400002873,4358.3546940001615,2.6160676608593616,0.018835199612808568,0.00026160676608593617,1.0,279185.248095,543.674407,5802.184283820809
vEnkoSUkpnbRrPgBz9DfcVxNz67zjwMYBZraAvDDNSf,DtfyjjsZ5yCjWKLKHvwsfXs5QVsmm1QkK6Sh9JZHoq1g,e5wrKCRv4GhHvEf1VD5Pq2KGaZDXP77nTL612Jyrxwy,4944.816563,4945.141527000005,4935.912177431914,0.9981992485556058,0.4935912177431914,0.9987006904017873,12542.214903,10666.50216,23172.272562761675
MiMUFdSLMyCLpqpH6zkqdDrGYs7XBomwENbivdYjv9V,,,0.010449064000000008,0.008258035999999996,0.0,0.0,0.0,0.9987006904017873,12542.214903,10666.50216,10652.643071364157
parEAJhzYzHW87y9VoZAQ22dzQ2MD2ekEtTReaxbMcz,3oyc6hpjYSJEquK6dSvG72NXyz3pqLZz5D8AC71pwgQb,Di2vordgFJVZ1aj1aBpvzXtLfZgJsuLLXawGtVFwX6Rz,0.36954546999996296,0.43899745300018367,47.976051795811905,129.82448897510966,0.019190420718324764,153.83323185467805,1106.343888242,137.417542084,164769.91453406142
daob129AwBGn9Y5r91uLoWZeYiGzbPmksauMhFZKTze,6VW5GQNyj4LStgmxEHLr5zUfW92vQnmbw8jTnCH7a38F,4VPCCUifPeBA1c7HWK358CHn2nyjm8pdTRk6Ps3KmnMQ,8.803945092999783,7.866126808999994,1300.213581497831,147.68533512682404,0.5200854325991324,132.53230806339815,48.513206475,224.11137921,36866.68750630995
SEQV6QiTpvTzrceiaYg9Avnwf7oc8ZALpnQMz6TyT4A,3dFMPj4r9mMmPHF32mz1gNDX7f8ftidWof7S8YiYTs1j,Fc1ED3YPeQfXQosHbd8DTaBd2AV5gHQtwiSAL5C5pUhi,1840.5681248000005,1839.5707740720002,1840.124851604123,0.9997591650154619,0.7360499406416492,0.9991776767720166,1695.938388076,3869.056328309,5561.4046602003855
wrmcMSHFi3sWpAEy4rGDvQb3ezh3PhXoV2xNjgLBkKU,8p4mGnARWPBu6P2Gcw4adodLkNDorrXniZMhaY7eJXUn,AyY89zccbsgp9LKFgH4CFZMJmpSgqmPSdTfukhP227rc,0.009250510000000808,0.05857563000000131,2.7981566457852427,302.4867435184653,0.0011192626583140972,3509.141313120679,27.17823545,0.08696238,8526.219216193911
BSC8REUo9LpiiWUuqMuLXs2D2yJsJfGd4HdiF3wCLxk5,AZjEH1zWVx1UJ6udMyRijGTzPteuLnaY18yNNmprJEsh,Caf8ypkSVR8xYnXNhjvfvdGCC7mrM3C11rz8Xi6NA6aK,720.6702661629997,722.9736034439998,717.5290038299516,0.9956411933715917,0.2870116015319807,1.0,3925.111410233,2306.874313263,6214.876921863835
SoN9GaFpSXfpyR5dth3x7PHPVhvJMpQqqDJfCSmPv1t,9kZ9iS68ViMPtoeqtnhAKuF2iqVyfHPdZHoUNdwCELr,BBhm5fJLjw3HRzjtKB8uMEYjGhY6EDm9co3cqpjrSzB9,0.1859644219999983,0.1821498999999993,29.806714878367465,160.2818138964653,0.011922685951346986,156.86621460960941,3.0480625,5.149678388,1296.3595415522702
MATgk4zXLXtYkwBH678J1xZbRDZ45LicNzkRBHkxTuY,y8dALFo1bJrSzPYjMX14HJX448pXqYmrfXHD1K8MXih,GN7Yuet3UyiWS5YVkEHv6oQKi4HGBJc3XDPt9zQhAqZz,32.65700400000151,32.65313399999968,32.673471429602024,1.0005042541440885,0.01306938857184081,1.0,3981.163934,4106.91696,8090.088412412015
heyk4SZTeCUV6a65WiVA5bzic3KcxgVf1qxobfeV4tQ,9ZDpBKPqMABtGfq66FbVribaArMvtk63xxy91onZAtDt,DaTP4s6N7xxSPinbNZ3FB52EpRDRt87QShTuN3VPCW52,1.9408218789985767,1.6692905249994965,299.5053432117815,154.31882052273647,0.11980213728471262,132.67804531273674,606.623374998,4496.600472239,690213.5649402125
SAMGk1Nd4haC8zQA63DG37pzuEZy8j4q13tSFtCbcRE,9U9TnkHD3jXMAVZtynCVLgDruuqN4pTvLJTmVHCLWS8g,C6zoEbvqSknmi96QWq96UBiPCyNW3YSTvKhavR2BfifE,0.008719239999997797,0.004556299999999958,0.0,0.0,0.0,0.0,53.65981576,1.1290297,0.0
JSoLLrxK5bYdHwTEWYaGgmeycBCNXKDiBCTw5hXGBg7,xG4wXczA7Dk4hccJ61CHKpDHW4NrNfQwgmWgkb9BuF2,BVR6WgfhsRr9Lob4QDnkEAiNGgAbv7ZieKcY9kSg3QYR,0.5854487470000436,0.4941290669999958,91.94385813870863,157.04851809803566,0.03677754325548346,132.01072666360577,17.344882039,171.889053504,25415.186879392637
B2izdXFYb2sNwbWWHmh75T4aQFtfXsUxem9u2p61HGzf,4DYwgJtxwuJdAjkj5RJSNH4e7U329V5cNp7d3a1nLrZv,EXNW64GEf1ACC6xY9BtKRiunrs6GoJSXBdxWN2eTPmrF,3588.327508999977,3565.707727000012,3603.5018553126984,1.0042288075084178,0.36035018553126985,1.0,12762.677911,26969.726346,39786.37516517755
BkwbeSfcX1h4thMDd7obGkHrPevf3QwgzJ4pCEqG18Lu,35yX27bmurdebhfAb8EPmjLETDiUaEUCn9zHaDPbakH2,2CxECn1ZJFoESyUnQysQU8rRgT3iJ5GRs2Mdd6gZjx5g,0.015088659999999976,0.010944140000000102,0.0,0.0,0.0,0.0,1.03827844,21.74318824,0.0
DFWzVTzNBrQZLjoQ4yQwkj9HuoXmfkuZP9V5vbymZe23,DhgiEgiNdqZdRdo195UUHnoEJUtefK8buko8nU97XJUZ,2K2kkXsouBHtWVjtcgkyiXd8eP3oVBvq1bTJzcVdLLr2,3029.0135240170057,3000.0,3006.8025114026727,0.9926672454783638,1.2027210045610692,1.0,40276.849916823,27699.502622199,67681.01228567715
SUiuyGR7SFq3xeRVJonq84fjjeFwRSsFekcevJ53tzy,49GjCCPsv7fBqo6t3iKDrP1xxGDS8uWZbVCdfnp2gjMf,CEwj5xEbbJEjYqM8D6Ai8ByGz1mrh8mkAVsE5fzDSSSx,4.816205999999986,5.052816999999966,0.028990925626455825,0.006019452994007297,1.159637025058233e-05,0.935130029830648,684.581834,1.371573,5.403407270719217
Cob4usZcpHEY7Qt4ZCwj6WVg9S44zvzYV2v9qYF65dTf,NhFM9UXE48PyNAyeyPYA3iXztqKVJwA4bTdLj4ysM8w,6TuFuynuBoeskxyR2cz4wxyidk8dpDK7kAWw3UkjQGx,163.57672599999887,165.73155899999983,0.984060772016234,0.0060158972249893345,0.0003936243088064936,1.0,38609.377682,73.750541,306.0205890557089
KZMu9QBEdL97EFgamLbN5DE1AoKBG4HdrKKJo4Vuon3,DD4ACBWyVqdaKWh7v5btsgqQCCMwbKnuL2xd9pv7Gyuw,GcYqiJ1MAuYbNTNYXm1F1gQYTfTgkErACAhNU5dpVj9T,10.349528640000017,10.323114739999937,10.449164558817712,1.0096270972605081,0.004179665823527085,1.0,1215.36103874,1875.4533141,3102.514751766582
RoBgmK8CvjdHvPrqdDyVw54VwjZv2TqJ493xnqJAQHx,ExiHJxM7qPAcy27NDHAF6G7vnW7muNHi2sVJpnaNynGQ,6rkPHSqZb7StM4HwS9EuVrmfkV7tRdc7dnsFhyB6cefE,0.13513599999999926,8.181351000000177,0.0,0.0,0.0,0.9347017366758267,6297.100505,18.430647,17.227157758959116
MATSnbbiTCv7Dc3trJrkrqjx7ckKdr6fwPoVwv9q3sD,631WX9JizSHJm4w6VanZeJAst9T8DeUUnPLesdGkCVtK,211maUSfpnXbPuW1iBu8b4dtJv5EbN1j7JJiEX5TZKEP,1634.3958180000009,1634.9461020000017,1633.9530167324665,0.999729073421103,0.6535812066929866,0.9985670562742464,23040.105319,22556.580408,45558.1212397184
BUSD5rCfUDpCxKGMvYU2yThChxgHoioK74PTPociGnv2,CcFHbafgYDZ8yA8Me1PdtDiVb2eeaS61LbqyKKK5CsNZ,26R9s4nmF3CFDTkiePDwRmtscn8i7r2eygbSijditJ58,189.5292632,192.04903485,189.38946347364228,0.9992623844782734,0.01893894634736423,1.0,83.13197162,65.26413832,148.33479050738134
KysFMBBoavfov2tLpvefWW6tPFt6rAeZWDJVy1mMQae,B8ka2V21TH3x64dFV8ETcjuQcwmrciJ2qzy1mJUttRew,7fSf7EYxBANyxzk2s5pymFgshA91tFYQNKKs5UnLWcYS,8.181350999991992,6.615659999999934,0.0,0.0,0.0,0.018790716664404263,130633.413081,3039.560493,57.11552000827994
AURHmCnNwiW4uA2Qj1XvEh4iKgRUZYXtiY7FKAapUV5Y,BKWm4TRnTeKwfWXRyuzjRHU7iZDkPuXBX5b5V5jSVfGJ,A5Ww74HVrkj9nPeC7pHKLfgeDMEhBCpW1efQdz3TGLEg,0.006936279999990802,0.0061139999999682,1.041719512723048,150.18417836714053,0.0004166878050892193,132.35514060748363,272.445477982,1806.877074375,280066.4694999113
C98Sspw7XqnMsgxea3SLQVdbMDL8pKUc3RE82UvX9eq2,CSqgQJurPCzGxb4Cgwx5R61hWQUiaoUHcShNc8r1cKEL,6S2CR5EnukPhC914XkAns8m5GixjMAoUuZMsS5ubHuWc,20.107767999999922,22.637119999999925,0.0,0.0,0.0,1.0,665.039824,65.187904,65.187904
FrnkTEL6yZ5Aycq2TrEgu29dCrwKG4LPUZydfiwqspkc,DjvZuMZ46fxKBoBpGMPcRcos4xdTtHFxwMh69DpA2ZFY,9rvDPJLAng4uVVqnnSoEXgNDFhBZQTny9AoQioYDZbQX,8.28184779199978,6.841398155999968,1327.8965523599265,160.33819815460353,0.5311586209439707,132.2836362231752,167.874959756,1445.786290424,218170.63626145598
ALLwa5WNZbvQsRKAqe1jdRGemdYQnW8E5k4msbRFcYtu,CGoM82Hbz7QVqTgvQatYtjvDWBvoUJp5qm21P8iMs9yb,3dxNNww8TivyN5FMy5dCNdi3Zcxv6e4kUfSPxfFwpdNq,0.22198621099999993,0.22197616000000053,779.6375899975412,3512.0991816808905,0.3118550359990165,3511.3715768516345,3.326950582,5.439290513,30783.950522121908
MiMuMS9C4vBqcrYeeQPph1E7oAW9aNKvW9k6Zw9XffM,Afy2q2hh6Y474pshJa5fnQ6PfEchGyTbKrQpCZw2hr3m,5pXz9ksgjeL8Wgb37bksUaBFMLdFfsNNY3FQnikkCPtS,0.008258036000000857,0.5456489999996847,0.0,0.0,0.0,0.0,25.982227486,7675.322347924,0.0
BUSDTd9WiT6uBHJRgNvFXBsA7JrifsAtWzKfioN7ERcy,DyBxrn7gSc1EwnpWhDyhzvMHPtxpmBqRqotapLcKcfTM,Cds99GeBgoCpqBsoRWu1C6fF9LiUMd4pXQQD24s9LPff,246.39353412999998,248.11867648999998,245.62841635077234,0.9968947327212574,0.024562841635077236,0.998749565543939,111.00510689,75.13019215,185.69665313284628
KEN5P7p3asnb23Sw6yAmJRGvijfAzso3RqfyLAQhznt,9zj4aX38Uxf3h6AUjS4EipWS8mwbEofasHAf3a1uKGds,CwQDG1MWunn9cLNwcZLd8YBacweSR7ARo32w4mLua1Yr,38545.68768199987,38550.426056000055,38527.54121008992,0.999529221736562,3.852754121008992,1.0,990899.669611,946485.921566,1936919.0971512992
SoNcU2iwHMw6dGzsYNQkYFkUjwN1UdAjrWVRnStrZu2,8ivTTid27jZnYNc4w3CTA1Z6QS2twsFb8WMwUabeDJgc,CyXm53PMvHCbeXJBykU46Rcbo28xk5srhMZFg7gv6EYB,0.38396581400000507,0.3806525280000006,60.8044116894862,158.35892017586076,0.024321764675794482,156.4448961182423,12.529142494,16.382003274,4546.982276488966
ercAoEmXjQzEvAFbdjAo81KtMxRGn9AW1ju882upmPH,CMRhskR2Eg6V42RTSdRTXGdozyPbWB8U9dVpijPWb9T4,7TKLLgrWswt6ZJ1pXhVR3FyufHGjJFqiEXxvWJfDcgRm,0.9702673139999689,0.9706304729999715,128.27921759071916,132.21018140030148,0.05131168703628767,116.09814565719795,34.947373436,304.741937244,40000.37239944822
4vezWG46exH6pf9nry3n1VJ7hZHvjBJNgNeF4qEFCML5,,,0.0009720000000008611,0.0009629999999987149,0.0,0.0,0.0,116.09814565719795,34.947373436,304.741937244,35379.973818010585
Sid7E679i9ABqptiAVhkmQ27YHN8vaYT4fppPwmxFsJ,GP7KB8o1bv527HG8kTzzzf4wJ5aEGHvcMQvVhLziUfmT,9gYxhAZ1M9wu5pxr8SBoa5NDm21gi3s9vMHaYTME77sa,107.09739199999967,337.10058799997205,0.6439246037918382,0.006012514327070077,0.0002575698415167353,0.018770590164248296,136428.511864,8566.0946,981.0690332479304
BSCNHw8CmxbZ8hCWWzMf5FaG2ajPT6JxfznKUNuRVrn4,7n9kgNL633yGzCYksgnzHyjG73ZLBAwvEae5sbAekbzW,SscdxE99omdG9AiMVwmaEMQySQnCgeAh1sPj2Leutm2,9.610894809000456,9.629570759999297,9.590770150725463,0.9979060577943122,0.0038363080602901857,1.0,6524.451706145,5186.538467453,11697.32834880153
HEDSDjj84KS7LKhZY7ejkCACTdPen62rKhCby1wXtgxc,EnnjMSFttpCTywBrYNt1J5QQeoSVkvzPipJDa8Y7kJow,6bjVT6JN2rSvpyn9PdfLYC8wJn4LWh49jpY47fnLDXZk,20.78243601500435,22.876375660983285,18.631316041302806,0.8964933671804165,0.007452526416521122,1.0,43252.029260935,4896.426891561,43671.58424108252
AUSejoEUCh2DBs9mof6BNC8Pubs22w4cJa1ccV9h44R,4xkyD7AfGQDwsQMy9MosRRNGoVJ1zosNinesxg1TzHG7,Cbm5gsQe3nSiCsFrvepVzMCD9xLK3ri9g3ypS2hdmVJ7,1563.0056700000023,1563.806540999998,1561.5955492190574,0.9990978146733499,0.15615955492190572,1.0,14577.952214,14305.618794,28870.418993419924
YAkoNb6HKmSxQN9L8hiBE5tPJRsniSSMzND1boHmZxe,CfWX7o2TswwbxusJ4hCaPobu2jLCb1hfXuXJQjVq3jQF,EnTrdMMpdhugeH6Ban6gYZWXughWxKtVGfCwFn78ZmY3,4018389.298698999,4016214.661737985,4018389.298698999,1.0,401.8389298698999,0.9988612981201431,341241.741086,1447940.682624,1787533.6509327749
BSCuChvaSj9b5HUSqgDVRzcnr2sSn7cXaamt1jbKH6hn,GnKpRj5kBVPMJfiwZtEuD9GYApLzPdW5JFuZTcyX4BTc,3dmwD9okkomV9nDwyuh4UMhKdUR13QpuKxRo89ycZB5t,74.20227530500006,74.45382938400007,73.84864008848895,0.9952341728733044,0.029539456035395584,0.9991956475037596,1851.942892318,1156.548099485,2998.734679778857
GokA1R67GqSavkd15zR62QD68Tuc5AEfvjssntVDEbM8,3YB7hfpBdbQEuZqLGWVDpRPmeZWCUsrrWyqGXegnQ6Cg,4DPCj6Z1DsG6HUtwSogBGqXEUxdEV5a8YVrrFtcnz7UW,3501.035684000006,3501.824949,3500.5596078933327,0.9998640184934849,0.35005596078933326,1.0,19242.164895,13227.350822,32466.89913842897
C2ypsDADXcCRz8HbV2zX1AXPSja7a1P3xZtRC91xGhJh,J9bYNuDpY1d1T86gLaw7DGk5D3CsUAf2tzUwxMvb6FTv,A2NGvvPrMGzsJ4jb52KEnSBVmsA7C34dV1GC7PerdgvG,35.3763673920007,35.84460341000067,4679.128967285153,132.26708427794077,1.871651586914061,134.09042575587443,3452.092524446,1356.477435057,638488.8496611781
2jQoGQRixdcfuRPt9Zui7pk6ivnrQv79mf8h13Tyoa9K,,,0.0005488889999999999,0.0005847880000000006,0.0,0.0,0.0,134.09042575587443,3452.092524446,1356.477435057,181890.63679502966
Lid8SLUxQ9RmF7XMqUA8c24RitTwzja8VSKngJxRcUa,4PgzyzLtds9bKZ2to9PMnKqJzKEUpjvNUaeN23phegax,AtymwxoVN9peZo7EXTcDz9jKVc4vRmisJKKrNfe3ewBa,25.772085869000875,21.731808079000643,4044.966890929535,156.95147499857174,0.4044966890929535,132.17757263818504,953.251603336,7634.667940194,1158746.1214217537
ALBpShJ9NLpE739pcHDF2LNVk5J4VYPvvKuV6jMPitZi,D6d156U1bPiJpDYRLextvDRccgFk7QzkQbJg42ceKEu5,GNcM8U5g8RwTZffwwm3kSQqUNPSwv5d2fbN9sLxPJqt2,1120.3739950000017,1121.58761100001,1118.0830428452118,0.9979551898160669,0.4472332171380848,0.9964953259386737,53670.373307,46686.00699,100083.0153333616
STK75uPSyBnEhGTTzb1nwmP3n427XoXmfRhXxxhyady,6TYyD5fUmDe6N65avW1Ny2RxzRNobw2RRgKwH9CTzSAU,54zDfk4cx2vGrEajPtodWpArNe5eUurytyxd4X3aZAxK,174.3487865799985,198.09154608899746,23063.85452539502,132.28571863224505,2.3063854525395024,150.45229721851317,1536.487944963,259.27146567,242263.3995824742
BSCrK1Nx9PXU9mF7STWWBqeHLxmtJDr9h7jheEy4tAWX,FfSySSbVJPvEo5a5AvrP3nySoXpRE2QPn1uUMpJJ1x7v,HL7Vcj6838ZmvBHDbQxXfjBNckNi83WvPiZQoMQLFeRM,0.18170728700000005,0.18068423300000003,641.889229975767,3532.545340219442,0.25675569199030684,3511.3592471645775,0.598023242,1.207760612,6353.425610177373
