0,1,2,3,4,5,6,7,8,9,10,11
ALBpShJ9NLpE739pcHDF2LNVk5J4VYPvvKuV6jMPitZi,D6d156U1bPiJpDYRLextvDRccgFk7QzkQbJg42ceKEu5,GNcM8U5g8RwTZffwwm3kSQqUNPSwv5d2fbN9sLxPJqt2,13818.915421999998,13840.832841000003,13728.935975615814,0.9934886752225912,5.491574390246326,0.9994383156665955,53427.757589,46915.848511,99969.36872111235
Lid8SLUxQ9RmF7XMqUA8c24RitTwzja8VSKngJxRcUa,4PgzyzLtds9bKZ2to9PMnKqJzKEUpjvNUaeN23phegax,AtymwxoVN9peZo7EXTcDz9jKVc4vRmisJKKrNfe3ewBa,76.4052521539976,64.59692861899873,13717.519345309533,179.53634021992843,1.3717519345309532,151.8373457617262,966.008035978,7651.870719392,1335273.2875468829
Lee1XZJfJ9Hm2K1qTyeCz1LXNc1YBZaKZszvNY4KCDw,9DgFSWkPDGijNKcLGbr3p5xoJbHsPgXUTr6QvGBJ5vGN,2hNHZg7XBhuhHVZ3JDEi4buq2fPQwuWBdQ9xkH7t1GQX,1293.0989053779858,1082.1941405849839,234677.85267459403,181.48484365625174,23.467785267459405,151.54734384485917,6565.815397217,54028.961135354,9379541.531599764
BSC8REUo9LpiiWUuqMuLXs2D2yJsJfGd4HdiF3wCLxk5,AZjEH1zWVx1UJ6udMyRijGTzPteuLnaY18yNNmprJEsh,Caf8ypkSVR8xYnXNhjvfvdGCC7mrM3C11rz8Xi6NA6aK,461.08069214699935,460.9052741769997,461.1141796420675,1.0000726282744832,0.18444567185682703,1.0,3055.169515703,3174.53916887,6229.930576263179
KwnjUuZhTMTSGAaavkLEmSyfobY16JNH4poL9oeeEvE,J63v6qEZmQpDqCD8bd4PXu2Pq5ZbyXrFcSa3Xt1HdAPQ,BnKQtTdLw9qPCDgZkWX3sURkBAoKCUYL1yahh6Mw7mRK,269.12414000001195,8804.253228999936,5.612119154851294,0.020853272972283517,0.0005612119154851295,1.0,277581.409855,575.285278,6363.766189737625
Cob4usZcpHEY7Qt4ZCwj6WVg9S44zvzYV2v9qYF65dTf,NhFM9UXE48PyNAyeyPYA3iXztqKVJwA4bTdLj4ysM8w,6TuFuynuBoeskxyR2cz4wxyidk8dpDK7kAWw3UkjQGx,146.19844899998876,915.9977369999979,1.0289628091944725,0.0070381239762300875,0.000411585123677789,1.0,74531.111082,159.883027,684.4422268812922
KEVpg4SYCVrqFxKijQH6hm4QxsRdoE51ud64bEEFUC9,2bPenuBYfqzD8p5dFjCcggwkHDsc2RQDnx9AoyYGUBjA,AE6n6iLuX8oYu61vt5hoDYkjswpnxFxrhSehxrnQTnbx,110.82449794099966,110.98883694399979,110.52721609316316,0.9973175439243156,0.044210886437265264,1.0,5941.529243729,1605.266485147,7530.857837657302
RoBgmK8CvjdHvPrqdDyVw54VwjZv2TqJ493xnqJAQHx,ExiHJxM7qPAcy27NDHAF6G7vnW7muNHi2sVJpnaNynGQ,6rkPHSqZb7StM4HwS9EuVrmfkV7tRdc7dnsFhyB6cefE,12.009543000000448,39.63897099999947,0.0,0.0,0.0,0.9380801439390174,6243.645401,19.344168,18.146379901820534
SEQV6QiTpvTzrceiaYg9Avnwf7oc8ZALpnQMz6TyT4A,3dFMPj4r9mMmPHF32mz1gNDX7f8ftidWof7S8YiYTs1j,Fc1ED3YPeQfXQosHbd8DTaBd2AV5gHQtwiSAL5C5pUhi,835.8139884970001,837.8205895909996,831.2000692271264,0.9944797295410541,0.33248002769085055,0.9986936398092683,4597.077329565,964.270428392,5534.710963276361
vEnkoSUkpnbRrPgBz9DfcVxNz67zjwMYBZraAvDDNSf,DtfyjjsZ5yCjWKLKHvwsfXs5QVsmm1QkK6Sh9JZHoq1g,e5wrKCRv4GhHvEf1VD5Pq2KGaZDXP77nTL612Jyrxwy,13035.945276000008,13041.35168,13019.50164542184,0.9987385931568429,1.3019501645421838,0.9978814975806363,7174.983328,5181.586491,12336.542042413197
MATgk4zXLXtYkwBH678J1xZbRDZ45LicNzkRBHkxTuY,y8dALFo1bJrSzPYjMX14HJX448pXqYmrfXHD1K8MXih,GN7Yuet3UyiWS5YVkEHv6oQKi4HGBJc3XDPt9zQhAqZz,193.41710300000022,193.40146600000026,193.4948879449541,1.0004021616689909,0.07739795517798163,1.0,4042.186082,4043.742601,8087.554295301109
BSCrK1Nx9PXU9mF7STWWBqeHLxmtJDr9h7jheEy4tAWX,FfSySSbVJPvEo5a5AvrP3nySoXpRE2QPn1uUMpJJ1x7v,HL7Vcj6838ZmvBHDbQxXfjBNckNi83WvPiZQoMQLFeRM,0.10597610099999977,0.10536695800000029,373.2341374938359,3521.8708177784038,0.14929365499753436,3498.093539021233,0.605884295,1.19970057,6330.511030187832
ercAoEmXjQzEvAFbdjAo81KtMxRGn9AW1ju882upmPH,CMRhskR2Eg6V42RTSdRTXGdozyPbWB8U9dVpijPWb9T4,7TKLLgrWswt6ZJ1pXhVR3FyufHGjJFqiEXxvWJfDcgRm,2.136710676999961,2.1364522989999983,324.1865566194766,151.7222523896634,0.12967462264779064,132.83033143425808,34.623650924,305.081180128,45777.21257489957
ALLwa5WNZbvQsRKAqe1jdRGemdYQnW8E5k4msbRFcYtu,CGoM82Hbz7QVqTgvQatYtjvDWBvoUJp5qm21P8iMs9yb,3dxNNww8TivyN5FMy5dCNdi3Zcxv6e4kUfSPxfFwpdNq,0.8619142860000002,0.8608012619999998,3015.1622682431966,3498.2159098859584,1.2060649072972789,3498.0568294312507,2.696464101,6.067360475,30656.785364749525
daob129AwBGn9Y5r91uLoWZeYiGzbPmksauMhFZKTze,6VW5GQNyj4LStgmxEHLr5zUfW92vQnmbw8jTnCH7a38F,4VPCCUifPeBA1c7HWK358CHn2nyjm8pdTRk6Ps3KmnMQ,11.739547011000013,10.476298247000045,1992.0821032515316,169.68986123441908,0.7968328413006127,151.86725344123604,48.072629871,224.57430578,42262.92090426448
BSCuChvaSj9b5HUSqgDVRzcnr2sSn7cXaamt1jbKH6hn,GnKpRj5kBVPMJfiwZtEuD9GYApLzPdW5JFuZTcyX4BTc,3dmwD9okkomV9nDwyuh4UMhKdUR13QpuKxRo89ycZB5t,500.82531493600004,500.88925969599995,500.2334567184153,0.9988182342227242,0.20009338268736612,0.9986936597570485,1443.90790926,1563.713368645,3003.872175250396
SUiuyGR7SFq3xeRVJonq84fjjeFwRSsFekcevJ53tzy,49GjCCPsv7fBqo6t3iKDrP1xxGDS8uWZbVCdfnp2gjMf,CEwj5xEbbJEjYqM8D6Ai8ByGz1mrh8mkAVsE5fzDSSSx,0.003330999999999973,0.44118600000001607,2.344572212563698e-05,0.007038643688272943,9.378288850254793e-09,0.9417526015915619,663.692238,1.516909,6.100046179082098
STK75uPSyBnEhGTTzb1nwmP3n427XoXmfRhXxxhyady,6TYyD5fUmDe6N65avW1Ny2RxzRNobw2RRgKwH9CTzSAU,54zDfk4cx2vGrEajPtodWpArNe5eUurytyxd4X3aZAxK,242.65152724400014,275.3683776980004,36809.34777765627,151.69633670033465,3.680934777765627,172.46047637032783,1450.010990457,246.503983784,262473.549898123
KZMu9QBEdL97EFgamLbN5DE1AoKBG4HdrKKJo4Vuon3,DD4ACBWyVqdaKWh7v5btsgqQCCMwbKnuL2xd9pv7Gyuw,GcYqiJ1MAuYbNTNYXm1F1gQYTfTgkErACAhNU5dpVj9T,23.42521783999996,23.10857223999983,23.7827747345359,1.0152637596362237,0.00951310989381436,1.0,1067.86907621,2024.56017373,3108.728946842226
SRMuKizofcAMicegrfSv7xs9q76tH1w8aAF7oX9FEWu,72Hj2KWntXPfbie4UgKeTPnm1XVkomDfCnRPKbvfTtPi,6aqJQ5wedqpUt4fFEDUqUmXhrdxCu4bEJsQdVPCADLko,8948.354194,8955.872982999997,323.4531089271621,0.03614665914141419,0.12938124357086483,0.035928518487899436,8657.912084,13229.805193,788.2818974446874
wrmcMSHFi3sWpAEy4rGDvQb3ezh3PhXoV2xNjgLBkKU,8p4mGnARWPBu6P2Gcw4adodLkNDorrXniZMhaY7eJXUn,AyY89zccbsgp9LKFgH4CFZMJmpSgqmPSdTfukhP227rc,0.012582319999999994,0.14959238999998448,3.614570525711001,287.2737719046251,0.0014458282102844005,3493.3277440089432,27.20291729,0.08487262,8111.1725348605705
ionytDfEj1mXodptgrsKEZro7DGsfpzANUfarJdm6Qb,3gkSjY95an9xNFSjCfsay6JZez7uv7yfW3Ad4ubc4fMK,9wXqANaSuEqkKL9yHzCPEDGHwbkStVAqV5rB3QDs3Jr6,0.0009578059999999222,0.0034210449999996367,0.9051215877422114,944.994693854794,0.00036204863509688455,3501.277966457757,3.150485856,0.084674454,3273.6612170966196
B2izdXFYb2sNwbWWHmh75T4aQFtfXsUxem9u2p61HGzf,4DYwgJtxwuJdAjkj5RJSNH4e7U329V5cNp7d3a1nLrZv,EXNW64GEf1ACC6xY9BtKRiunrs6GoJSXBdxWN2eTPmrF,9002.642011999984,8902.03434600001,9083.30173137459,1.008959560900799,0.908330173137459,1.0,10293.872122,29455.069581,39841.1702771821
WiiQFxXqp8P9Fs1rt9SVcDyA3KUdJmUsog6wnVQAwba,3S2jpqSYxho6wiz3cafhjXruVY8cg4HYa2v3BqBHYFSj,Dfe67M6TfrG74gKRtdqys4e6E9QirPD53BkF4FujFjuv,4965.5060598069995,4957.7558993190005,4970.003833756487,1.00090580373789,0.4970003833756488,1.0,9084.795543266,17765.954117123,26858.97870215006
BUSDTd9WiT6uBHJRgNvFXBsA7JrifsAtWzKfioN7ERcy,DyBxrn7gSc1EwnpWhDyhzvMHPtxpmBqRqotapLcKcfTM,Cds99GeBgoCpqBsoRWu1C6fF9LiUMd4pXQQD24s9LPff,235.75497021,236.29346672999998,235.40209540692217,0.998503213727526,0.023540209540692216,0.9993014882597064,103.09993763,82.87110114,185.75883376158515
SAMyS8Jr2HJrkFwYVKbpUwsNStnQmvz3f8Tup8bWUWF,6jPzm5TFfquvgm25sTyN3MMGBfufRaFHMxobDWv6hMFW,Cj9ECoDmxsHTDzCY5ZA6RWrPbg9uFzEC1Qc2kso2vJG6,1168.6850793199992,24.352421040000024,1186.5236074611807,1.0152637596362237,0.47460944298447233,0.020875137100072296,466.44603447,109646.78510177,2762.457426205033
BUSD5rCfUDpCxKGMvYU2yThChxgHoioK74PTPociGnv2,CcFHbafgYDZ8yA8Me1PdtDiVb2eeaS61LbqyKKK5CsNZ,26R9s4nmF3CFDTkiePDwRmtscn8i7r2eygbSijditJ58,29.014637599999993,29.087164180000002,29.015016536115958,1.000013060170566,0.0029015016536115957,1.0,100.44436558,47.91630305,148.36198045054687
YakoMPuYrybnr9R7VC7hVGxMz94fJvPFCdZ4gmW61Ed,,,0.8069709999999999,0.8059040000000002,0.0,0.0,0.0,1.0,100.44436558,47.91630305,47.91630305
TETFuZgEmET6d9vYmz9iMFCxK1jKdKYxf3oPz8hSzJK,Eu1Ze6Z84LWNkq7SNoAHBJbXx5t1P95EwyqYohrfCRFV,ASMbv7WNu3qe4pkhREmvyEdwFNDZQ6B6iSrjkj4u8bdC,91.02422306400001,90.915469069,90.6673910291873,0.9960798123532257,0.03626695641167492,0.9951585536365583,124.625413308,127.092925936,250.61447065418383
parEAJhzYzHW87y9VoZAQ22dzQ2MD2ekEtTReaxbMcz,3oyc6hpjYSJEquK6dSvG72NXyz3pqLZz5D8AC71pwgQb,Di2vordgFJVZ1aj1aBpvzXtLfZgJsuLLXawGtVFwX6Rz,9.287574187000018,11.00491947999899,1380.5631325176944,148.64625624741635,0.5522252530070777,176.41976896419897,1106.090467239,137.624194102,188695.83555339178
BUSDgu5JdqP1rndBvXvanbEufS94FNh1w5FJcAj6vawb,Bgzr8cWubt89JQFXndVjtdKmDbGzuPxNhvjH1EhWCwbo,Dxaf8xPBBQsasRKW5Aa4Sw2YrbfGofY9xZueyyF23FBW,4081.7709940799996,4077.992332769998,4088.5059899973216,1.0016500180747745,1.6354023959989288,1.0,6888.9354229,8295.09567298,15195.39796384374
SoNcU2iwHMw6dGzsYNQkYFkUjwN1UdAjrWVRnStrZu2,8ivTTid27jZnYNc4w3CTA1Z6QS2twsFb8WMwUabeDJgc,CyXm53PMvHCbeXJBykU46Rcbo28xk5srhMZFg7gv6EYB,2.8598029120000046,2.8364747639999983,518.9279139492909,181.4558310196203,0.2075711655797164,179.3043671909586,13.328674619,17.082759572,5481.579124313517
MATSnbbiTCv7Dc3trJrkrqjx7ckKdr6fwPoVwv9q3sD,631WX9JizSHJm4w6VanZeJAst9T8DeUUnPLesdGkCVtK,211maUSfpnXbPuW1iBu8b4dtJv5EbN1j7JJiEX5TZKEP,6447.081855999997,6450.771668000005,6441.03372533191,0.9990618808938406,2.576413490132764,0.9981295053070547,23661.805596,21931.641332,45530.22631736507
JSoLLrxK5bYdHwTEWYaGgmeycBCNXKDiBCTw5hXGBg7,xG4wXczA7Dk4hccJ61CHKpDHW4NrNfQwgmWgkb9BuF2,BVR6WgfhsRr9Lob4QDnkEAiNGgAbv7ZieKcY9kSg3QYR,1.902562276000019,1.6090822310000021,340.5704239886945,179.006189855039,0.1362281695954778,151.4463122822959,17.454053522,171.756718015,29136.305171581072
C98Sspw7XqnMsgxea3SLQVdbMDL8pKUc3RE82UvX9eq2,CSqgQJurPCzGxb4Cgwx5R61hWQUiaoUHcShNc8r1cKEL,6S2CR5EnukPhC914XkAns8m5GixjMAoUuZMsS5ubHuWc,26.139378000000008,29.19738300000006,0.0,0.0,0.0,1.0,659.487392,69.983246,69.983246
C2ypsDADXcCRz8HbV2zX1AXPSja7a1P3xZtRC91xGhJh,J9bYNuDpY1d1T86gLaw7DGk5D3CsUAf2tzUwxMvb6FTv,A2NGvvPrMGzsJ4jb52KEnSBVmsA7C34dV1GC7PerdgvG,54.50656475799951,55.1543864070004,8218.50396581748,150.7800758001597,3.287401586326992,152.8479158651704,2838.096182143,1195.280876641,610624.5483397361
KEN5P7p3asnb23Sw6yAmJRGvijfAzso3RqfyLAQhznt,9zj4aX38Uxf3h6AUjS4EipWS8mwbEofasHAf3a1uKGds,CwQDG1MWunn9cLNwcZLd8YBacweSR7ARo32w4mLua1Yr,125339.98358599958,125331.45321399835,125303.26972796927,0.9997070858238535,12.530326972796928,1.0,1064908.984039,1084716.375293,2149313.432394269
Dg3mAgpwDfVNnbGWcsxL8sUcSkEbjSJQhKAWNigG44Ju,EATxwd8YA2wV93VJcKMmH2Kn2Y9XfJVUB9hHVu3udwEy,GiGvrRi7NMHfHKanG2B8xyCEqe8jaafWins8bhrLVEaa,0.0014343099999999942,0.0014178910000000045,0.2634442798936816,183.67318075847106,0.00010537771195747264,181.5669591710379,0.196401846,0.263260677,83.8731923538542
AUSejoEUCh2DBs9mof6BNC8Pubs22w4cJa1ccV9h44R,4xkyD7AfGQDwsQMy9MosRRNGoVJ1zosNinesxg1TzHG7,Cbm5gsQe3nSiCsFrvepVzMCD9xLK3ri9g3ypS2hdmVJ7,268.6082270000006,268.2258780000011,268.99962144920926,1.0014571201097597,0.026899962144920925,1.0,13870.540537,15012.97351,28903.7250905497
YAkoNb6HKmSxQN9L8hiBE5tPJRsniSSMzND1boHmZxe,CfWX7o2TswwbxusJ4hCaPobu2jLCb1hfXuXJQjVq3jQF,EnTrdMMpdhugeH6Ban6gYZWXughWxKtVGfCwFn78ZmY3,6749380.340925994,6748154.069521006,6749380.340925994,1.0,674.9380340925994,0.9994912589491948,493390.995782,1234585.555321,1727348.4667502772
RajgMbScQbqqrdJfR2rxfHJiTiY5b6bJ2tTXiF4aPxy,725ZA3fhyBAKb5iopNRrcbSuQa3LXA1656Q3mBvYPxeg,GLA6i1dSZpUfk2f9Nj8uiG7xyDdAR2reff8oEiZH3617,1980.7779671999888,1980.7543806700123,1979.6286739770246,0.9994197768543495,0.79185146959081,1.0,116481.41660221,67568.35945661,183982.19084486924
heyk4SZTeCUV6a65WiVA5bzic3KcxgVf1qxobfeV4tQ,9ZDpBKPqMABtGfq66FbVribaArMvtk63xxy91onZAtDt,DaTP4s6N7xxSPinbNZ3FB52EpRDRt87QShTuN3VPCW52,106.7232911539977,91.89143420000005,18848.462146436257,176.61057809057473,7.539384858574502,151.82139366877462,607.553284428,4495.448362587,789805.5723576257
BSCNHw8CmxbZ8hCWWzMf5FaG2ajPT6JxfznKUNuRVrn4,7n9kgNL633yGzCYksgnzHyjG73ZLBAwvEae5sbAekbzW,SscdxE99omdG9AiMVwmaEMQySQnCgeAh1sPj2Leutm2,49.02071977200103,49.07138767700053,48.96216846077155,0.9988055803443563,0.01958486738430862,1.0,6281.039926296,5429.51373045,11703.05145920015
DFWzVTzNBrQZLjoQ4yQwkj9HuoXmfkuZP9V5vbymZe23,DhgiEgiNdqZdRdo195UUHnoEJUtefK8buko8nU97XJUZ,2K2kkXsouBHtWVjtcgkyiXd8eP3oVBvq1bTJzcVdLLr2,3074.0241166660016,3130.1264537680036,3010.3460174991233,0.9792851009783418,1.2041384069996495,1.0,47429.80343955,20638.313605758,67085.61345644062
SoN9GaFpSXfpyR5dth3x7PHPVhvJMpQqqDJfCSmPv1t,9kZ9iS68ViMPtoeqtnhAKuF2iqVyfHPdZHoUNdwCELr,BBhm5fJLjw3HRzjtKB8uMEYjGhY6EDm9co3cqpjrSzB9,0.9158972459999983,0.8978428429999981,168.24949386307222,183.69909353682294,0.0672997975452289,179.06391829814788,3.088553386,5.107092976,1481.860536743794
Sid7E679i9ABqptiAVhkmQ27YHN8vaYT4fppPwmxFsJ,GP7KB8o1bv527HG8kTzzzf4wJ5aEGHvcMQvVhLziUfmT,9gYxhAZ1M9wu5pxr8SBoa5NDm21gi3s9vMHaYTME77sa,351.68733800000155,1054.7374520000012,2.4762202688848274,0.007040970775253832,0.0009904881075539311,0.02086858472054816,135264.611893,8944.094965,1139.0447827903956
CZgvH45CRmoaNJ7395Ao5CQZXkGznvqU7cErD6n7FaRg,4ZjU6MKvtqVQKCiowhvZ5yUsPxXX5SCzd5eFsPeXyey5,BsyWeshjDbCvjDojry3vKDCesmFRM37WtwcR4Kfgzqr,9.673865189999987,10.004614999999944,10.025099565838936,1.0363075532830481,0.004010039826335575,1.0,198.76085552,607.10089519,813.0782710623766
HEDSDjj84KS7LKhZY7ejkCACTdPen62rKhCby1wXtgxc,EnnjMSFttpCTywBrYNt1J5QQeoSVkvzPipJDa8Y7kJow,6bjVT6JN2rSvpyn9PdfLYC8wJn4LWh49jpY47fnLDXZk,290.09741619899796,323.3003591579836,257.43500772073895,0.8874088266410012,0.10297400308829559,1.0,43532.291099266,4646.103809336,43277.04317473015
KysFMBBoavfov2tLpvefWW6tPFt6rAeZWDJVy1mMQae,B8ka2V21TH3x64dFV8ETcjuQcwmrciJ2qzy1mJUttRew,7fSf7EYxBANyxzk2s5pymFgshA91tFYQNKKs5UnLWcYS,40.396936000000096,50.740757999999914,0.0,0.0,0.0,0.020842631752423884,134005.608342,2996.799627,62.46119106136225
GokA1R67GqSavkd15zR62QD68Tuc5AEfvjssntVDEbM8,3YB7hfpBdbQEuZqLGWVDpRPmeZWCUsrrWyqGXegnQ6Cg,4DPCj6Z1DsG6HUtwSogBGqXEUxdEV5a8YVrrFtcnz7UW,10447.106920999997,10447.768767000005,10447.660647014287,1.0000530028091488,1.0447660647014287,1.0,16846.474479,15614.044596,32461.41198547164
MARpDPs5A7XiyCWPNH8GsMWPLxmwNn9SBmKvPa9LzgA,6YjT74rmcfCpw8LSjPNx5JTmZoYLGrTKnf9arfSgZ4SR,F8GSmi3vA8M8TsybLya1LQ4n1aFHCRbZ6k437PeTdXtg,70389.82742499985,74824.77376200043,66367.74309048706,0.9428598636813209,26.547097236194826,1.0,298607.269938,14198.312624,295743.1224519941
AURHmCnNwiW4uA2Qj1XvEh4iKgRUZYXtiY7FKAapUV5Y,BKWm4TRnTeKwfWXRyuzjRHU7iZDkPuXBX5b5V5jSVfGJ,A5Ww74HVrkj9nPeC7pHKLfgeDMEhBCpW1efQdz3TGLEg,0.01692930200005094,0.015152209999939714,2.909930750083355,171.8872254789122,0.001163972300033342,151.56840714184273,272.427781529,1806.896861371,320695.3346579926
FrnkTEL6yZ5Aycq2TrEgu29dCrwKG4LPUZydfiwqspkc,DjvZuMZ46fxKBoBpGMPcRcos4xdTtHFxwMh69DpA2ZFY,9rvDPJLAng4uVVqnnSoEXgNDFhBZQTny9AoQioYDZbQX,32.11203991599905,26.551522430999853,5895.357157924225,183.58712723781233,2.3581428631696904,151.61225227126525,168.738993589,1444.381107709,249964.1799638306
