0,1,2,3,4,5,6,7,8,9,10,11
wrmcMSHFi3sWpAEy4rGDvQb3ezh3PhXoV2xNjgLBkKU,8p4mGnARWPBu6P2Gcw4adodLkNDorrXniZMhaY7eJXUn,AyY89zccbsgp9LKFgH4CFZMJmpSgqmPSdTfukhP227rc,0.007918349999997812,0.047458409999997106,2.639062937435113,333.2844516137633,0.0010556251749740454,3614.9369193507573,27.13828179,0.09049725,9371.909214244644
BSCuChvaSj9b5HUSqgDVRzcnr2sSn7cXaamt1jbKH6hn,GnKpRj5kBVPMJfiwZtEuD9GYApLzPdW5JFuZTcyX4BTc,3dmwD9okkomV9nDwyuh4UMhKdUR13QpuKxRo89ycZB5t,128.66331401000002,128.84433864099992,128.31460674796017,0.9972897693120765,0.05132584269918407,0.9987735061344669,1680.818544792,1327.021381837,3001.656937043819
SAMyS8Jr2HJrkFwYVKbpUwsNStnQmvz3f8Tup8bWUWF,6jPzm5TFfquvgm25sTyN3MMGBfufRaFHMxobDWv6hMFW,Cj9ECoDmxsHTDzCY5ZA6RWrPbg9uFzEC1Qc2kso2vJG6,2307.180800569986,46.860033509999994,2331.345923787277,1.0104738749608706,0.9325383695149109,0.0,475.00138601,109239.11585411,479.97649113330897
FTMDfFPjYWvSsDXMGR8Mdt4fLjDtSDwfz7GAqe5V6qwq,2n895yX1VzrWuwrMCixUcD3SkRysj51jigxtV5N81vk6,HuEnD3eWBSuJtTCZMDG3P74sHPhi5UyVRV4SVefva6jS,1.1119286619998547,0.11486799999999953,0.0,0.0,0.0,1.0,1598.281982789,11.966723256,11.966723256
BSC8REUo9LpiiWUuqMuLXs2D2yJsJfGd4HdiF3wCLxk5,AZjEH1zWVx1UJ6udMyRijGTzPteuLnaY18yNNmprJEsh,Caf8ypkSVR8xYnXNhjvfvdGCC7mrM3C11rz8Xi6NA6aK,360.6578175520003,361.172887103,360.16299393658676,0.9986279969784871,0.1440651975746347,1.0,3467.404036811,2762.768693895,6225.415441890689
JSoLLrxK5bYdHwTEWYaGgmeycBCNXKDiBCTw5hXGBg7,xG4wXczA7Dk4hccJ61CHKpDHW4NrNfQwgmWgkb9BuF2,BVR6WgfhsRr9Lob4QDnkEAiNGgAbv7ZieKcY9kSg3QYR,0.3017863850000744,0.26138052800001077,53.7787102257176,178.20124730181035,0.021511484090287043,150.5540690850468,17.438546611,171.776218304,28969.17939491945
MARpDPs5A7XiyCWPNH8GsMWPLxmwNn9SBmKvPa9LzgA,6YjT74rmcfCpw8LSjPNx5JTmZoYLGrTKnf9arfSgZ4SR,F8GSmi3vA8M8TsybLya1LQ4n1aFHCRbZ6k437PeTdXtg,8907.92534799999,9395.969871999812,8452.873363357028,0.9489160531924383,3.3811493453428114,1.0,297734.1318,15050.326965,297575.0242133332
SoNcU2iwHMw6dGzsYNQkYFkUjwN1UdAjrWVRnStrZu2,8ivTTid27jZnYNc4w3CTA1Z6QS2twsFb8WMwUabeDJgc,CyXm53PMvHCbeXJBykU46Rcbo28xk5srhMZFg7gv6EYB,0.22171745000000698,0.2194139119999985,39.94019530065142,180.14006250139607,0.015976078120260567,177.7600807741807,13.164676907,17.248953993,5437.661175903472
KEnkcdADoLR5jS2CLLLesy8TtFsyWL37BhXNfDMzWzP,3qsjFRuw1qeLMPo4DLwaQevenGAGBj9dA3Q6rb8ax2YR,77iEv8zPQAEyCcEbvBRSB6AFcUdfkhiqnAKtPxk76rNN,1.3400009999999867,0.007809999999999984,0.00800796942961139,0.005976092129492044,3.203187771844556e-06,0.9958373996693819,127.430728,0.239888,1.0004272127881302
RajgMbScQbqqrdJfR2rxfHJiTiY5b6bJ2tTXiF4aPxy,725ZA3fhyBAKb5iopNRrcbSuQa3LXA1656Q3mBvYPxeg,GLA6i1dSZpUfk2f9Nj8uiG7xyDdAR2reff8oEiZH3617,299.78486084999895,300.5720719700039,299.1874284335314,0.9980071294635307,0.11967497137341258,1.0,137124.23432078,47139.63157676,183990.5950511262
Lee1XZJfJ9Hm2K1qTyeCz1LXNc1YBZaKZszvNY4KCDw,9DgFSWkPDGijNKcLGbr3p5xoJbHsPgXUTr6QvGBJ5vGN,2hNHZg7XBhuhHVZ3JDEi4buq2fPQwuWBdQ9xkH7t1GQX,398.6232999619242,333.27901375001056,71828.66422565427,180.19183583226373,7.182866422565427,150.58730555037704,6548.092535886,54050.43282524,9319221.858225387
TETFuZgEmET6d9vYmz9iMFCxK1jKdKYxf3oPz8hSzJK,Eu1Ze6Z84LWNkq7SNoAHBJbXx5t1P95EwyqYohrfCRFV,ASMbv7WNu3qe4pkhREmvyEdwFNDZQ6B6iSrjkj4u8bdC,197.849401935,197.91381358899997,197.155038057674,0.9964904423741745,0.07886201522306961,0.9991816702120964,198.807279433,53.15710523,251.22315901674784
C2ypsDADXcCRz8HbV2zX1AXPSja7a1P3xZtRC91xGhJh,J9bYNuDpY1d1T86gLaw7DGk5D3CsUAf2tzUwxMvb6FTv,A2NGvvPrMGzsJ4jb52KEnSBVmsA7C34dV1GC7PerdgvG,34.52183083199998,34.95456981500092,5202.269834297202,150.69507349172693,2.0809079337188807,152.57152438634589,2968.358815994,1204.042008342,631019.5745639678
KysFMBBoavfov2tLpvefWW6tPFt6rAeZWDJVy1mMQae,B8ka2V21TH3x64dFV8ETcjuQcwmrciJ2qzy1mJUttRew,7fSf7EYxBANyxzk2s5pymFgshA91tFYQNKKs5UnLWcYS,54.1009939999999,67.79215999998269,0.0,0.0,0.0,0.021287209909877404,134017.413936,2987.442094,63.5943069485817
FrnkTEL6yZ5Aycq2TrEgu29dCrwKG4LPUZydfiwqspkc,DjvZuMZ46fxKBoBpGMPcRcos4xdTtHFxwMh69DpA2ZFY,9rvDPJLAng4uVVqnnSoEXgNDFhBZQTny9AoQioYDZbQX,14.141344900001428,11.7071310259999,2579.1550951618497,182.38400331792977,1.0316620380647399,150.659814658296,168.258400313,1445.290052347,248434.77205503368
SRMuKizofcAMicegrfSv7xs9q76tH1w8aAF7oX9FEWu,72Hj2KWntXPfbie4UgKeTPnm1XVkomDfCnRPKbvfTtPi,6aqJQ5wedqpUt4fFEDUqUmXhrdxCu4bEJsQdVPCADLko,6931.455469,6942.029917,266.1445135788522,0.03839662748598005,0.10645780543154088,0.03852975390892059,16643.483104,5260.124671,841.7249299173628
AURHmCnNwiW4uA2Qj1XvEh4iKgRUZYXtiY7FKAapUV5Y,BKWm4TRnTeKwfWXRyuzjRHU7iZDkPuXBX5b5V5jSVfGJ,A5Ww74HVrkj9nPeC7pHKLfgeDMEhBCpW1efQdz3TGLEg,0.005433337999875221,0.004791836000094918,0.9286112749733928,170.90990381874252,0.00037144450998935713,150.6408412025598,272.461566229,1806.85865149,318753.0872730788
B2izdXFYb2sNwbWWHmh75T4aQFtfXsUxem9u2p61HGzf,4DYwgJtxwuJdAjkj5RJSNH4e7U329V5cNp7d3a1nLrZv,EXNW64GEf1ACC6xY9BtKRiunrs6GoJSXBdxWN2eTPmrF,2059.053698000007,2039.4868379999934,2080.419607367673,1.01037656734665,0.2080419607367673,1.0,10495.423123,29252.913534,39857.243121867396
Sid7E679i9ABqptiAVhkmQ27YHN8vaYT4fppPwmxFsJ,GP7KB8o1bv527HG8kTzzzf4wJ5aEGHvcMQvVhLziUfmT,9gYxhAZ1M9wu5pxr8SBoa5NDm21gi3s9vMHaYTME77sa,756.1500779999997,2682.3663839999936,4.518822529850594,0.005976092129492044,0.0018075290119402374,0.021287209909877404,139286.86815,7710.717443,996.5308172577053
STK75uPSyBnEhGTTzb1nwmP3n427XoXmfRhXxxhyady,6TYyD5fUmDe6N65avW1Ny2RxzRNobw2RRgKwH9CTzSAU,54zDfk4cx2vGrEajPtodWpArNe5eUurytyxd4X3aZAxK,121.74841364299996,138.0709389520016,18335.684544857195,150.60306739291482,1.8335684544857196,169.70178305663458,1490.253401891,252.011141969,267203.47365978884
BkwbeSfcX1h4thMDd7obGkHrPevf3QwgzJ4pCEqG18Lu,35yX27bmurdebhfAb8EPmjLETDiUaEUCn9zHaDPbakH2,2CxECn1ZJFoESyUnQysQU8rRgT3iJ5GRs2Mdd6gZjx5g,0.04180638000000059,0.030000000000000027,0.0,0.0,0.0,0.0,1.02796094,21.7574099,0.0
DFWzVTzNBrQZLjoQ4yQwkj9HuoXmfkuZP9V5vbymZe23,DhgiEgiNdqZdRdo195UUHnoEJUtefK8buko8nU97XJUZ,2K2kkXsouBHtWVjtcgkyiXd8eP3oVBvq1bTJzcVdLLr2,3.5112893040022755,3.5798387350005214,3.4468180814942455,0.9816388748046071,0.0013787272325976982,1.0,46481.909627011,21571.130601737,67199.58006676551
ionytDfEj1mXodptgrsKEZro7DGsfpzANUfarJdm6Qb,3gkSjY95an9xNFSjCfsay6JZez7uv7yfW3Ad4ubc4fMK,9wXqANaSuEqkKL9yHzCPEDGHwbkStVAqV5rB3QDs3Jr6,0.0016579650000003582,0.0036116899999999036,1.6493865406026835,994.8259104398026,0.0006597546162410735,3620.171596133657,3.146371016,0.085792947,3440.6766004516066
HEDSDjj84KS7LKhZY7ejkCACTdPen62rKhCby1wXtgxc,EnnjMSFttpCTywBrYNt1J5QQeoSVkvzPipJDa8Y7kJow,6bjVT6JN2rSvpyn9PdfLYC8wJn4LWh49jpY47fnLDXZk,49.90704695200202,46.74297586199282,44.61975461402314,0.8940571991153089,0.01784790184560926,1.0,43351.917836746,4806.784482452,43565.87871985013
MiMUFdSLMyCLpqpH6zkqdDrGYs7XBomwENbivdYjv9V,,,0.02663228100000005,0.0248164079999999,0.0,0.0,0.0,1.0,43351.917836746,4806.784482452,4806.784482452
MiMuMS9C4vBqcrYeeQPph1E7oAW9aNKvW9k6Zw9XffM,Afy2q2hh6Y474pshJa5fnQ6PfEchGyTbKrQpCZw2hr3m,5pXz9ksgjeL8Wgb37bksUaBFMLdFfsNNY3FQnikkCPtS,1.4434721739999077,0.021879688999998592,0.0,0.0,0.0,0.0,26.009086811,7673.548656924,0.0
heyk4SZTeCUV6a65WiVA5bzic3KcxgVf1qxobfeV4tQ,9ZDpBKPqMABtGfq66FbVribaArMvtk63xxy91onZAtDt,DaTP4s6N7xxSPinbNZ3FB52EpRDRt87QShTuN3VPCW52,23.9340076060015,20.65262306799991,4179.244664017665,174.6153311562294,1.671697865607066,150.4421343887551,611.217843747,4491.254035143,782401.8493235006
KZMu9QBEdL97EFgamLbN5DE1AoKBG4HdrKKJo4Vuon3,DD4ACBWyVqdaKWh7v5btsgqQCCMwbKnuL2xd9pv7Gyuw,GcYqiJ1MAuYbNTNYXm1F1gQYTfTgkErACAhNU5dpVj9T,47.2803535999999,46.94327908000014,47.77556211171205,1.0104738749608706,0.01911022484468482,1.0,1190.4575399,1900.54556381,3103.471807129138
BUSDTd9WiT6uBHJRgNvFXBsA7JrifsAtWzKfioN7ERcy,DyBxrn7gSc1EwnpWhDyhzvMHPtxpmBqRqotapLcKcfTM,Cds99GeBgoCpqBsoRWu1C6fF9LiUMd4pXQQD24s9LPff,114.53767221000001,114.19217636,114.58847615678889,1.0004435566552787,0.01145884761567889,0.998844337101973,79.62558812,106.42968675,185.9675964893155
WiiQFxXqp8P9Fs1rt9SVcDyA3KUdJmUsog6wnVQAwba,3S2jpqSYxho6wiz3cafhjXruVY8cg4HYa2v3BqBHYFSj,Dfe67M6TfrG74gKRtdqys4e6E9QirPD53BkF4FujFjuv,1797.561672210999,1797.6504609999993,1797.8925060068143,1.000184045866648,0.17978925060068143,1.0,12863.610041616,13987.874244821,26853.85178069533
MAR3XM1n9xWPQ3HJjAcC85o8DopWFP5p2WxGTaZ3fPB,6qG7GUhER8Cg9gDEgnebph9LdS6eu2eoWcA4R7z9uizK,4QV4CwRXVMY227KkFF9voNAfwWHVvVajXSXDKbUHkWZR,0.3906579999999984,0.008638999999999994,0.37055009888405516,0.9485281214874818,0.00014822003955362206,0.021287209909877404,0.113671,24.204121,0.6230583445086754
SAMGk1Nd4haC8zQA63DG37pzuEZy8j4q13tSFtCbcRE,9U9TnkHD3jXMAVZtynCVLgDruuqN4pTvLJTmVHCLWS8g,C6zoEbvqSknmi96QWq96UBiPCyNW3YSTvKhavR2BfifE,0.05484825999999998,0.0887733199999996,0.0,0.0,0.0,0.0,53.624604,1.1475868,0.0
RoBgmK8CvjdHvPrqdDyVw54VwjZv2TqJ493xnqJAQHx,ExiHJxM7qPAcy27NDHAF6G7vnW7muNHi2sVJpnaNynGQ,6rkPHSqZb7StM4HwS9EuVrmfkV7tRdc7dnsFhyB6cefE,17.167001000000347,51.79316699999962,0.0,0.0,0.0,0.9476472288425911,6231.839807,19.556631,18.53278717264711
MATSnbbiTCv7Dc3trJrkrqjx7ckKdr6fwPoVwv9q3sD,631WX9JizSHJm4w6VanZeJAst9T8DeUUnPLesdGkCVtK,211maUSfpnXbPuW1iBu8b4dtJv5EbN1j7JJiEX5TZKEP,300.4321820000041,300.5072500000024,300.24542934295283,0.9993783866435079,0.12009817173718114,0.9987755012354853,22477.70236,23116.928375,45552.35164475521
SEQV6QiTpvTzrceiaYg9Avnwf7oc8ZALpnQMz6TyT4A,3dFMPj4r9mMmPHF32mz1gNDX7f8ftidWof7S8YiYTs1j,Fc1ED3YPeQfXQosHbd8DTaBd2AV5gHQtwiSAL5C5pUhi,1474.386065152,1476.2536178270002,1468.9516345115753,0.9963141060751518,0.5875806538046301,0.9989331394071131,4343.251972998,1218.899848944,5544.842659665128
BSCrK1Nx9PXU9mF7STWWBqeHLxmtJDr9h7jheEy4tAWX,FfSySSbVJPvEo5a5AvrP3nySoXpRE2QPn1uUMpJJ1x7v,HL7Vcj6838ZmvBHDbQxXfjBNckNi83WvPiZQoMQLFeRM,0.016701582000000048,0.01659783299999984,60.774130866695465,3638.8248051409314,0.024309652346678187,3615.1982936264053,0.583064692,1.222723929,6542.059725948431
ALBpShJ9NLpE739pcHDF2LNVk5J4VYPvvKuV6jMPitZi,D6d156U1bPiJpDYRLextvDRccgFk7QzkQbJg42ceKEu5,GNcM8U5g8RwTZffwwm3kSQqUNPSwv5d2fbN9sLxPJqt2,3719.969195999998,3725.4269700000004,3710.947881699586,0.9975748954292115,1.4843791526798347,0.9991117896190288,55864.615621,44485.118423,100174.74436533012
BSCNHw8CmxbZ8hCWWzMf5FaG2ajPT6JxfznKUNuRVrn4,7n9kgNL633yGzCYksgnzHyjG73ZLBAwvEae5sbAekbzW,SscdxE99omdG9AiMVwmaEMQySQnCgeAh1sPj2Leutm2,10.349196762000247,10.368164056999376,10.331796105975505,0.9983186467099907,0.004132718442390202,1.0,6479.339216021,5231.532866572,11699.978024285057
SUiuyGR7SFq3xeRVJonq84fjjeFwRSsFekcevJ53tzy,49GjCCPsv7fBqo6t3iKDrP1xxGDS8uWZbVCdfnp2gjMf,CEwj5xEbbJEjYqM8D6Ai8ByGz1mrh8mkAVsE5fzDSSSx,10.003511999999985,1.4024979999999156,0.05978190933047913,0.005976092129492044,2.3912763732191652e-05,0.9481917509214053,685.014331,1.368677,5.391476993154214
BUSD5rCfUDpCxKGMvYU2yThChxgHoioK74PTPociGnv2,CcFHbafgYDZ8yA8Me1PdtDiVb2eeaS61LbqyKKK5CsNZ,26R9s4nmF3CFDTkiePDwRmtscn8i7r2eygbSijditJ58,61.38011857000001,61.38626507000001,61.27408376803941,0.9982724894569945,0.006127408376803941,1.0,73.80262798,74.55430753,148.22944069206304
daob129AwBGn9Y5r91uLoWZeYiGzbPmksauMhFZKTze,6VW5GQNyj4LStgmxEHLr5zUfW92vQnmbw8jTnCH7a38F,4VPCCUifPeBA1c7HWK358CHn2nyjm8pdTRk6Ps3KmnMQ,4.778940692000127,4.27177416199995,796.8882938508486,166.74998607637616,0.3187553175403395,150.29866599413023,48.797230099,223.773111198,41769.73753798954
parEAJhzYzHW87y9VoZAQ22dzQ2MD2ekEtTReaxbMcz,3oyc6hpjYSJEquK6dSvG72NXyz3pqLZz5D8AC71pwgQb,Di2vordgFJVZ1aj1aBpvzXtLfZgJsuLLXawGtVFwX6Rz,2.272970253000011,2.695892135999884,334.249468215814,147.05404427297287,0.1336997872863256,174.49750390045546,1105.262886023,138.327066518,186671.1052037633
KwnjUuZhTMTSGAaavkLEmSyfobY16JNH4poL9oeeEvE,J63v6qEZmQpDqCD8bd4PXu2Pq5ZbyXrFcSa3Xt1HdAPQ,BnKQtTdLw9qPCDgZkWX3sURkBAoKCUYL1yahh6Mw7mRK,310.8184030000009,14722.939579999656,6.616456588513888,0.021287209909877404,0.0006616456588513888,1.0,277284.369036,581.62669,6484.237258397242
SoN9GaFpSXfpyR5dth3x7PHPVhvJMpQqqDJfCSmPv1t,9kZ9iS68ViMPtoeqtnhAKuF2iqVyfHPdZHoUNdwCELr,BBhm5fJLjw3HRzjtKB8uMEYjGhY6EDm9co3cqpjrSzB9,0.05908375400000043,0.05776245000000069,10.751015531573811,181.96229595657942,0.004300406212629526,177.88662858232541,3.02246458,5.175326693,1470.596011654124
ALLwa5WNZbvQsRKAqe1jdRGemdYQnW8E5k4msbRFcYtu,CGoM82Hbz7QVqTgvQatYtjvDWBvoUJp5qm21P8iMs9yb,3dxNNww8TivyN5FMy5dCNdi3Zcxv6e4kUfSPxfFwpdNq,0.7242326519999986,0.7231744640000004,2617.8660834990014,3614.675582866438,1.0471464333996006,3610.6427305124585,2.492353075,6.272317247,31656.14447543305
vEnkoSUkpnbRrPgBz9DfcVxNz67zjwMYBZraAvDDNSf,DtfyjjsZ5yCjWKLKHvwsfXs5QVsmm1QkK6Sh9JZHoq1g,e5wrKCRv4GhHvEf1VD5Pq2KGaZDXP77nTL612Jyrxwy,3943.0819229999997,3943.148621,3938.4267026374823,0.9988193954745491,0.39384267026374825,0.9989151781165655,6378.480396,5981.841699,12346.302399400665
CZgvH45CRmoaNJ7395Ao5CQZXkGznvqU7cErD6n7FaRg,4ZjU6MKvtqVQKCiowhvZ5yUsPxXX5SCzd5eFsPeXyey5,BsyWeshjDbCvjDojry3vKDCesmFRM37WtwcR4Kfgzqr,3.0224767299999655,2.991118410000041,3.1347515559843826,1.0371466304008297,0.001253900622393753,1.0,196.77872937,609.15621623,813.2446123306523
BUSDgu5JdqP1rndBvXvanbEufS94FNh1w5FJcAj6vawb,Bgzr8cWubt89JQFXndVjtdKmDbGzuPxNhvjH1EhWCwbo,Dxaf8xPBBQsasRKW5Aa4Sw2YrbfGofY9xZueyyF23FBW,4625.785097359999,4624.342210720003,4626.94275843816,1.0002502626157064,1.850777103375264,1.0,7685.82003294,7512.92107957,15200.664585935292
C98Sspw7XqnMsgxea3SLQVdbMDL8pKUc3RE82UvX9eq2,CSqgQJurPCzGxb4Cgwx5R61hWQUiaoUHcShNc8r1cKEL,6S2CR5EnukPhC914XkAns8m5GixjMAoUuZMsS5ubHuWc,21.186565999999985,23.838412000000062,0.0,0.0,0.0,1.0,663.93242,66.108889,66.108889
Cob4usZcpHEY7Qt4ZCwj6WVg9S44zvzYV2v9qYF65dTf,NhFM9UXE48PyNAyeyPYA3iXztqKVJwA4bTdLj4ysM8w,6TuFuynuBoeskxyR2cz4wxyidk8dpDK7kAWw3UkjQGx,187.08070300000574,1959.1335789999866,1.118011516778173,0.005976092129492044,0.00044720460671126926,1.0,77106.45946,143.375274,604.1705795119034
GokA1R67GqSavkd15zR62QD68Tuc5AEfvjssntVDEbM8,3YB7hfpBdbQEuZqLGWVDpRPmeZWCUsrrWyqGXegnQ6Cg,4DPCj6Z1DsG6HUtwSogBGqXEUxdEV5a8YVrrFtcnz7UW,5496.765372,5497.899826999994,5495.622282565226,0.9997920432550029,0.5495622282565226,1.0,19919.000161,12546.744954,32461.60282456292
KEN5P7p3asnb23Sw6yAmJRGvijfAzso3RqfyLAQhznt,9zj4aX38Uxf3h6AUjS4EipWS8mwbEofasHAf3a1uKGds,CwQDG1MWunn9cLNwcZLd8YBacweSR7ARo32w4mLua1Yr,18169.611940000323,18168.96157700033,18162.564864832766,0.9996121504856115,1.8162564864832766,1.0,1023261.858872,1019805.681813,2042670.6690699442
Lid8SLUxQ9RmF7XMqUA8c24RitTwzja8VSKngJxRcUa,4PgzyzLtds9bKZ2to9PMnKqJzKEUpjvNUaeN23phegax,AtymwxoVN9peZo7EXTcDz9jKVc4vRmisJKKrNfe3ewBa,43.46723524200081,36.7469021459998,7735.897638683873,177.97077719838404,0.7735897638683873,150.21027937009018,961.138681103,7625.270012646,1316448.5369432576
YAkoNb6HKmSxQN9L8hiBE5tPJRsniSSMzND1boHmZxe,CfWX7o2TswwbxusJ4hCaPobu2jLCb1hfXuXJQjVq3jQF,EnTrdMMpdhugeH6Ban6gYZWXughWxKtVGfCwFn78ZmY3,2930948.3712420054,2928998.5971439946,2930948.3712420054,1.0,293.0948371242005,0.9962868389512287,288654.280189,1388643.690171,1672141.7126990352
