0,1,2,3,4,5,6,7,8,9,10,11
BSCrK1Nx9PXU9mF7STWWBqeHLxmtJDr9h7jheEy4tAWX,FfSySSbVJPvEo5a5AvrP3nySoXpRE2QPn1uUMpJJ1x7v,HL7Vcj6838ZmvBHDbQxXfjBNckNi83WvPiZQoMQLFeRM,0.10977496000000009,0.10952945100000033,0.0,0.0,0.0,0.0,0.605579859,1.200008279,0.0
AUSejoEUCh2DBs9mof6BNC8Pubs22w4cJa1ccV9h44R,4xkyD7AfGQDwsQMy9MosRRNGoVJ1zosNinesxg1TzHG7,Cbm5gsQe3nSiCsFrvepVzMCD9xLK3ri9g3ypS2hdmVJ7,223.0461919999998,223.04765800000132,0.0,0.0,0.0,1.0,13870.540537,15012.97351,15012.97351
KwnjUuZhTMTSGAaavkLEmSyfobY16JNH4poL9oeeEvE,J63v6qEZmQpDqCD8bd4PXu2Pq5ZbyXrFcSa3Xt1HdAPQ,BnKQtTdLw9qPCDgZkWX3sURkBAoKCUYL1yahh6Mw7mRK,193.18928299997697,6801.171417999716,0.0,0.0,0.0,1.0,277839.395959,569.954679,569.954679
BSCuChvaSj9b5HUSqgDVRzcnr2sSn7cXaamt1jbKH6hn,GnKpRj5kBVPMJfiwZtEuD9GYApLzPdW5JFuZTcyX4BTc,3dmwD9okkomV9nDwyuh4UMhKdUR13QpuKxRo89ycZB5t,77.83620304100009,77.79894401699994,0.0,0.0,0.0,0.9985112197713211,1443.90790926,1563.713368645,1561.3853430984404
BSC8REUo9LpiiWUuqMuLXs2D2yJsJfGd4HdiF3wCLxk5,AZjEH1zWVx1UJ6udMyRijGTzPteuLnaY18yNNmprJEsh,Caf8ypkSVR8xYnXNhjvfvdGCC7mrM3C11rz8Xi6NA6aK,199.28824780199966,199.28280570399966,199.21574203739073,0.9996361764157765,0.0796862968149563,1.0,3114.392873724,3115.331927125,6228.591711271001
RoBgmK8CvjdHvPrqdDyVw54VwjZv2TqJ493xnqJAQHx,ExiHJxM7qPAcy27NDHAF6G7vnW7muNHi2sVJpnaNynGQ,6rkPHSqZb7StM4HwS9EuVrmfkV7tRdc7dnsFhyB6cefE,22.94912599999965,17.202102999999823,0.0,0.0,0.0,0.9349822680612861,6243.645401,19.344168,18.086454070398553
WiiQFxXqp8P9Fs1rt9SVcDyA3KUdJmUsog6wnVQAwba,3S2jpqSYxho6wiz3cafhjXruVY8cg4HYa2v3BqBHYFSj,Dfe67M6TfrG74gKRtdqys4e6E9QirPD53BkF4FujFjuv,4888.9741040639965,4881.106698795,4893.420123679187,1.0009093972519705,0.48934201236791874,1.0,9071.623984975,17779.137628123,26859.011323020844
MATgk4zXLXtYkwBH678J1xZbRDZ45LicNzkRBHkxTuY,y8dALFo1bJrSzPYjMX14HJX448pXqYmrfXHD1K8MXih,GN7Yuet3UyiWS5YVkEHv6oQKi4HGBJc3XDPt9zQhAqZz,195.24756800000023,195.23119300000053,195.32647989787895,1.0004041632819658,0.07813059195915159,1.0,4040.356355,4045.573066,8087.562384684748
KEnkcdADoLR5jS2CLLLesy8TtFsyWL37BhXNfDMzWzP,3qsjFRuw1qeLMPo4DLwaQevenGAGBj9dA3Q6rb8ax2YR,77iEv8zPQAEyCcEbvBRSB6AFcUdfkhiqnAKtPxk76rNN,1.9198880000000145,0.011275000000000007,0.01130924173519533,0.00589057368721261,4.523696694078132e-06,0.9982670084732904,126.946395,0.242795,0.990161332395771
DFWzVTzNBrQZLjoQ4yQwkj9HuoXmfkuZP9V5vbymZe23,DhgiEgiNdqZdRdo195UUHnoEJUtefK8buko8nU97XJUZ,2K2kkXsouBHtWVjtcgkyiXd8eP3oVBvq1bTJzcVdLLr2,3138.2626072269923,3211.9883186970073,3053.4288960260965,0.9729679374168576,1.2213715584104388,1.0,49546.00655502,18573.997846294,66780.67365137392
Lee1XZJfJ9Hm2K1qTyeCz1LXNc1YBZaKZszvNY4KCDw,9DgFSWkPDGijNKcLGbr3p5xoJbHsPgXUTr6QvGBJ5vGN,2hNHZg7XBhuhHVZ3JDEi4buq2fPQwuWBdQ9xkH7t1GQX,1363.752645585977,1141.0519134249853,244146.47463665027,179.02548195002433,24.41464746366503,0.0,6563.084993854,54032.240643363,1174959.4541036848
SUiuyGR7SFq3xeRVJonq84fjjeFwRSsFekcevJ53tzy,49GjCCPsv7fBqo6t3iKDrP1xxGDS8uWZbVCdfnp2gjMf,CEwj5xEbbJEjYqM8D6Ai8ByGz1mrh8mkAVsE5fzDSSSx,0.16266099999999994,23.49543200000005,0.0,0.0,0.0,0.0,686.746484,1.357579,0.0
C98Sspw7XqnMsgxea3SLQVdbMDL8pKUc3RE82UvX9eq2,CSqgQJurPCzGxb4Cgwx5R61hWQUiaoUHcShNc8r1cKEL,6S2CR5EnukPhC914XkAns8m5GixjMAoUuZMsS5ubHuWc,26.713447999999985,29.649600000000163,0.0,0.0,0.0,1.0,656.206434,72.904946,72.904946
SRMuKizofcAMicegrfSv7xs9q76tH1w8aAF7oX9FEWu,72Hj2KWntXPfbie4UgKeTPnm1XVkomDfCnRPKbvfTtPi,6aqJQ5wedqpUt4fFEDUqUmXhrdxCu4bEJsQdVPCADLko,8110.082125999999,8114.464225,0.0,0.0,0.0,0.0,8657.912084,13229.805193,0.0
daob129AwBGn9Y5r91uLoWZeYiGzbPmksauMhFZKTze,6VW5GQNyj4LStgmxEHLr5zUfW92vQnmbw8jTnCH7a38F,4VPCCUifPeBA1c7HWK358CHn2nyjm8pdTRk6Ps3KmnMQ,10.002320982999862,8.929239739000046,0.0,0.0,0.0,0.0,47.955781186,224.70556863,0.0
JSoLLrxK5bYdHwTEWYaGgmeycBCNXKDiBCTw5hXGBg7,xG4wXczA7Dk4hccJ61CHKpDHW4NrNfQwgmWgkb9BuF2,BVR6WgfhsRr9Lob4QDnkEAiNGgAbv7ZieKcY9kSg3QYR,1.9246034960000529,1.6276888429999978,0.0,0.0,0.0,0.0,17.427534951,171.788113771,0.0
MARpDPs5A7XiyCWPNH8GsMWPLxmwNn9SBmKvPa9LzgA,6YjT74rmcfCpw8LSjPNx5JTmZoYLGrTKnf9arfSgZ4SR,F8GSmi3vA8M8TsybLya1LQ4n1aFHCRbZ6k437PeTdXtg,72535.94936199985,77119.44116800005,0.0,0.0,0.0,1.0,299580.787029,13285.366682,13285.366682
C2ypsDADXcCRz8HbV2zX1AXPSja7a1P3xZtRC91xGhJh,J9bYNuDpY1d1T86gLaw7DGk5D3CsUAf2tzUwxMvb6FTv,A2NGvvPrMGzsJ4jb52KEnSBVmsA7C34dV1GC7PerdgvG,50.89979244399967,51.50563936300023,0.0,0.0,0.0,0.0,2805.458485807,1168.470587902,0.0
STK75uPSyBnEhGTTzb1nwmP3n427XoXmfRhXxxhyady,6TYyD5fUmDe6N65avW1Ny2RxzRNobw2RRgKwH9CTzSAU,54zDfk4cx2vGrEajPtodWpArNe5eUurytyxd4X3aZAxK,245.82832918000005,278.96768568500113,0.0,0.0,0.0,0.0,1449.884370988,246.6185155,0.0
ercAoEmXjQzEvAFbdjAo81KtMxRGn9AW1ju882upmPH,CMRhskR2Eg6V42RTSdRTXGdozyPbWB8U9dVpijPWb9T4,7TKLLgrWswt6ZJ1pXhVR3FyufHGjJFqiEXxvWJfDcgRm,0.007488993999970717,0.006564264000004982,0.0,0.0,0.0,0.0,34.623650924,305.081180128,0.0
parEAJhzYzHW87y9VoZAQ22dzQ2MD2ekEtTReaxbMcz,3oyc6hpjYSJEquK6dSvG72NXyz3pqLZz5D8AC71pwgQb,Di2vordgFJVZ1aj1aBpvzXtLfZgJsuLLXawGtVFwX6Rz,8.968294799999967,10.527598745999057,0.0,0.0,0.0,0.0,1106.737252931,137.079995454,0.0
KysFMBBoavfov2tLpvefWW6tPFt6rAeZWDJVy1mMQae,B8ka2V21TH3x64dFV8ETcjuQcwmrciJ2qzy1mJUttRew,7fSf7EYxBANyxzk2s5pymFgshA91tFYQNKKs5UnLWcYS,31.389568000000054,39.44122199999401,0.0,0.0,0.0,0.0,134005.608342,2996.799627,0.0
SAMGk1Nd4haC8zQA63DG37pzuEZy8j4q13tSFtCbcRE,9U9TnkHD3jXMAVZtynCVLgDruuqN4pTvLJTmVHCLWS8g,C6zoEbvqSknmi96QWq96UBiPCyNW3YSTvKhavR2BfifE,0.0037209199999999054,0.007116999999993823,0.0,0.0,0.0,0.0,53.6646751,1.12645856,0.0
KEVpg4SYCVrqFxKijQH6hm4QxsRdoE51ud64bEEFUC9,2bPenuBYfqzD8p5dFjCcggwkHDsc2RQDnx9AoyYGUBjA,AE6n6iLuX8oYu61vt5hoDYkjswpnxFxrhSehxrnQTnbx,67.76758572999984,67.91972066400012,0.0,0.0,0.0,0.0,5941.529243729,1605.266485147,0.0
KZMu9QBEdL97EFgamLbN5DE1AoKBG4HdrKKJo4Vuon3,DD4ACBWyVqdaKWh7v5btsgqQCCMwbKnuL2xd9pv7Gyuw,GcYqiJ1MAuYbNTNYXm1F1gQYTfTgkErACAhNU5dpVj9T,16.665130839999847,16.45003673999986,0.0,0.0,0.0,0.0,1069.73545034,2022.66694473,0.0
SoNcU2iwHMw6dGzsYNQkYFkUjwN1UdAjrWVRnStrZu2,8ivTTid27jZnYNc4w3CTA1Z6QS2twsFb8WMwUabeDJgc,CyXm53PMvHCbeXJBykU46Rcbo28xk5srhMZFg7gv6EYB,2.960616118999999,2.9362718779999977,0.0,0.0,0.0,177.77679803009084,13.263044716,17.149106438,3048.7132316248567
YakoMPuYrybnr9R7VC7hVGxMz94fJvPFCdZ4gmW61Ed,,,1.5283760000000004,1.5270990000000002,0.0,0.0,0.0,177.77679803009084,13.263044716,17.149106438,3048.7132316248567
TETFuZgEmET6d9vYmz9iMFCxK1jKdKYxf3oPz8hSzJK,Eu1Ze6Z84LWNkq7SNoAHBJbXx5t1P95EwyqYohrfCRFV,ASMbv7WNu3qe4pkhREmvyEdwFNDZQ6B6iSrjkj4u8bdC,90.22975407999999,90.125916429,89.81559246812492,0.9954099219697765,0.03592623698724997,0.9985112197713211,124.625413308,127.092925936,250.95708543702898
7dwD9TF6uikvHXxPFK9AsSim54yJoujQjY9vU6gNFumk,CquVr6atkvwueDYficKjn6SSEWq4F4rH4VSiBbW4GBWU,8BCa6ge3b7ho3TfZuM64Vk1hgbrJ3J7EPiAb9uP86CGd,0.00019115799999999987,0.00019251600000000021,0.0339534032799231,177.61957794035888,1.358136131196924e-05,179.0729287037251,0.00417564,0.003340987,1.3399557412819527
Sid7E679i9ABqptiAVhkmQ27YHN8vaYT4fppPwmxFsJ,GP7KB8o1bv527HG8kTzzzf4wJ5aEGHvcMQvVhLziUfmT,9gYxhAZ1M9wu5pxr8SBoa5NDm21gi3s9vMHaYTME77sa,2718.2763969999996,9368.394825000054,15.976176342078933,0.005877318568380644,0.006390470536831573,0.020465660494298505,138783.012062,7852.565723,976.3799178638711
Cob4usZcpHEY7Qt4ZCwj6WVg9S44zvzYV2v9qYF65dTf,NhFM9UXE48PyNAyeyPYA3iXztqKVJwA4bTdLj4ysM8w,6TuFuynuBoeskxyR2cz4wxyidk8dpDK7kAWw3UkjQGx,160.59533499998875,3189.1866389999777,0.9434704659903606,0.00587483108391926,0.0003773881863961443,1.0,77050.329901,143.694337,596.3520101286284
heyk4SZTeCUV6a65WiVA5bzic3KcxgVf1qxobfeV4tQ,9ZDpBKPqMABtGfq66FbVribaArMvtk63xxy91onZAtDt,DaTP4s6N7xxSPinbNZ3FB52EpRDRt87QShTuN3VPCW52,108.41534992799643,93.3351619199999,18930.995452663745,174.61545311837006,7.5723981810654974,150.0590782591106,603.860556478,4499.747633327,780671.366945381
MATSnbbiTCv7Dc3trJrkrqjx7ckKdr6fwPoVwv9q3sD,631WX9JizSHJm4w6VanZeJAst9T8DeUUnPLesdGkCVtK,211maUSfpnXbPuW1iBu8b4dtJv5EbN1j7JJiEX5TZKEP,6023.235672999999,6026.7410970000055,6005.327785543508,0.9970268658859281,2.4021311142174033,0.9963990139635358,23661.805596,21931.641332,45444.12167238872
Dg3mAgpwDfVNnbGWcsxL8sUcSkEbjSJQhKAWNigG44Ju,EATxwd8YA2wV93VJcKMmH2Kn2Y9XfJVUB9hHVu3udwEy,GiGvrRi7NMHfHKanG2B8xyCEqe8jaafWins8bhrLVEaa,0.0014343099999999942,0.0014178910000000045,0.2601331143899409,181.3646383208246,0.00010405324575597636,178.62932361113468,0.196401846,0.263260677,82.64642643125168
SAMyS8Jr2HJrkFwYVKbpUwsNStnQmvz3f8Tup8bWUWF,6jPzm5TFfquvgm25sTyN3MMGBfufRaFHMxobDWv6hMFW,Cj9ECoDmxsHTDzCY5ZA6RWrPbg9uFzEC1Qc2kso2vJG6,844.7120142399945,17.693885539999997,857.5358976151364,1.0151813673286982,0.3430143590460546,0.0,464.57966034,109737.71724777,471.63261481706337
B2izdXFYb2sNwbWWHmh75T4aQFtfXsUxem9u2p61HGzf,4DYwgJtxwuJdAjkj5RJSNH4e7U329V5cNp7d3a1nLrZv,EXNW64GEf1ACC6xY9BtKRiunrs6GoJSXBdxWN2eTPmrF,9053.109113999984,8951.525703000003,9136.119899405989,1.009169312372214,0.9136119899405989,1.0,10505.902778,29240.877716,39843.11239832359
AURHmCnNwiW4uA2Qj1XvEh4iKgRUZYXtiY7FKAapUV5Y,BKWm4TRnTeKwfWXRyuzjRHU7iZDkPuXBX5b5V5jSVfGJ,A5Ww74HVrkj9nPeC7pHKLfgeDMEhBCpW1efQdz3TGLEg,0.010926521000044431,0.009857905999979266,1.8632236358658447,170.52304533696207,0.0007452894543463379,149.70947379515314,272.427781529,1806.896861371,316964.7932586839
moFiBS1R4Lf3E3zzmBPnw3NF4RhWPkhREFviuzUaCAU,44ALBrpqi9PfZkBRTvbtRNtFJGsatfY4QydjtMbFWq8S,2ho8qEEie1UjVwWNBo9y4oAJZMyMLx8zPj9bxyUz6uWs,1.312053711997578,1.3175639990004129,1.306979057360319,0.9961322813305159,0.0005227916229441276,1.0,42253.909181137,22190.351089969,64280.834037707435
ALBpShJ9NLpE739pcHDF2LNVk5J4VYPvvKuV6jMPitZi,D6d156U1bPiJpDYRLextvDRccgFk7QzkQbJg42ceKEu5,GNcM8U5g8RwTZffwwm3kSQqUNPSwv5d2fbN9sLxPJqt2,12421.383688000002,12440.405609000001,12404.99668737598,0.9986807427388421,4.961998674950392,0.9992206079258179,53427.757589,46915.848511,100236.55530237033
BUSDTd9WiT6uBHJRgNvFXBsA7JrifsAtWzKfioN7ERcy,DyBxrn7gSc1EwnpWhDyhzvMHPtxpmBqRqotapLcKcfTM,Cds99GeBgoCpqBsoRWu1C6fF9LiUMd4pXQQD24s9LPff,235.75497021,236.29346672999998,235.46573587333998,0.998773156992608,0.023546573587334,0.9988892351704904,101.96854309,84.00103814,185.7511764371279
RajgMbScQbqqrdJfR2rxfHJiTiY5b6bJ2tTXiF4aPxy,725ZA3fhyBAKb5iopNRrcbSuQa3LXA1656Q3mBvYPxeg,GLA6i1dSZpUfk2f9Nj8uiG7xyDdAR2reff8oEiZH3617,2015.7373141999997,2015.7283531800058,2014.8959540964477,0.9995826042919258,0.8059583816385791,1.0,116446.4426297,67603.31880361,184001.15718793587
KEN5P7p3asnb23Sw6yAmJRGvijfAzso3RqfyLAQhznt,9zj4aX38Uxf3h6AUjS4EipWS8mwbEofasHAf3a1uKGds,CwQDG1MWunn9cLNwcZLd8YBacweSR7ARo32w4mLua1Yr,106903.54658599966,106896.41206899821,106858.66594630221,0.999580176325943,10.685866594630221,1.0,1063430.451142,1086195.417075,2149179.4149378976
ALLwa5WNZbvQsRKAqe1jdRGemdYQnW8E5k4msbRFcYtu,CGoM82Hbz7QVqTgvQatYtjvDWBvoUJp5qm21P8iMs9yb,3dxNNww8TivyN5FMy5dCNdi3Zcxv6e4kUfSPxfFwpdNq,0.8626360570000013,0.8615217489999996,3021.492318739059,3502.626970227671,1.2085969274956236,3499.3911059475654,2.696079674,6.067745791,30676.777034211205
FrnkTEL6yZ5Aycq2TrEgu29dCrwKG4LPUZydfiwqspkc,DjvZuMZ46fxKBoBpGMPcRcos4xdTtHFxwMh69DpA2ZFY,9rvDPJLAng4uVVqnnSoEXgNDFhBZQTny9AoQioYDZbQX,28.536946911999195,23.60947402000005,5180.266213571643,181.52839648706248,2.0721064854286575,150.23842086198692,168.774893906,1444.338076865,247632.50771706697
ionytDfEj1mXodptgrsKEZro7DGsfpzANUfarJdm6Qb,3gkSjY95an9xNFSjCfsay6JZez7uv7yfW3Ad4ubc4fMK,9wXqANaSuEqkKL9yHzCPEDGHwbkStVAqV5rB3QDs3Jr6,0.0011614829999999354,0.00416168099999982,1.1033685770468766,949.9653262655914,0.00044134743081875066,3503.608716978488,3.149397183,0.084968328,3289.513897136417
wrmcMSHFi3sWpAEy4rGDvQb3ezh3PhXoV2xNjgLBkKU,8p4mGnARWPBu6P2Gcw4adodLkNDorrXniZMhaY7eJXUn,AyY89zccbsgp9LKFgH4CFZMJmpSgqmPSdTfukhP227rc,0.01100300999999998,0.13101493999998226,3.1528514037812347,286.54444590900493,0.0012611405615124938,3500.0525007875117,27.207089,0.08453208,8091.906960302753
YAkoNb6HKmSxQN9L8hiBE5tPJRsniSSMzND1boHmZxe,CfWX7o2TswwbxusJ4hCaPobu2jLCb1hfXuXJQjVq3jQF,EnTrdMMpdhugeH6Ban6gYZWXughWxKtVGfCwFn78ZmY3,7461282.773620009,7460031.389705992,7461282.773620009,1.0,746.128277362001,0.9962868389512287,597962.333056,1131022.742781,1724785.4062432311
BSCNHw8CmxbZ8hCWWzMf5FaG2ajPT6JxfznKUNuRVrn4,7n9kgNL633yGzCYksgnzHyjG73ZLBAwvEae5sbAekbzW,SscdxE99omdG9AiMVwmaEMQySQnCgeAh1sPj2Leutm2,20.83914829100013,20.847550739000326,20.81341466835783,0.9987651307873551,0.008325365867343133,1.0,6291.406608836,5419.161400265,11702.798944775517
BUSD5rCfUDpCxKGMvYU2yThChxgHoioK74PTPociGnv2,CcFHbafgYDZ8yA8Me1PdtDiVb2eeaS61LbqyKKK5CsNZ,26R9s4nmF3CFDTkiePDwRmtscn8i7r2eygbSijditJ58,58.347637599999985,58.48667093,58.33032982453445,0.9997033680166422,0.005833032982453445,1.0,71.04485883,77.24930305,148.2730877026179
iLiUBQ7Z7im6Ew3b4ewwPcehzWgEQRJ1iQz7g6D62NW,GpugBvKWM3TVhYcZjemSdtehBWgfvuGr6uAm9iPjXT6v,92fMXJ3xy8tEyMUWLHKRLyhPw2nECBo77GtDiBBbYrjX,704.7152897369998,763.2973354000002,572.07629773693,0.8117835756769648,0.228830519094772,1.0,2606.412676759,414.4002995,2530.2433019291902
FTMDfFPjYWvSsDXMGR8Mdt4fLjDtSDwfz7GAqe5V6qwq,2n895yX1VzrWuwrMCixUcD3SkRysj51jigxtV5N81vk6,HuEnD3eWBSuJtTCZMDG3P74sHPhi5UyVRV4SVefva6jS,0.40927300899999963,3.8846097459997964,0.0,0.0,0.0,1.0,1599.393911451,11.851855256,11.851855256
SEQV6QiTpvTzrceiaYg9Avnwf7oc8ZALpnQMz6TyT4A,3dFMPj4r9mMmPHF32mz1gNDX7f8ftidWof7S8YiYTs1j,Fc1ED3YPeQfXQosHbd8DTaBd2AV5gHQtwiSAL5C5pUhi,195.47535304100006,196.1909476889996,194.4491012414142,0.9947499683022923,0.07777964049656569,0.9985112197713211,4597.077329565,964.270428392,5535.77736951108
SoN9GaFpSXfpyR5dth3x7PHPVhvJMpQqqDJfCSmPv1t,9kZ9iS68ViMPtoeqtnhAKuF2iqVyfHPdZHoUNdwCELr,BBhm5fJLjw3HRzjtKB8uMEYjGhY6EDm9co3cqpjrSzB9,0.925580899999999,0.9073175599999983,168.34540840063815,181.88081495700519,0.06733816336025526,177.8588181601679,3.103627634,5.091711354,1470.0960872301503
HEDSDjj84KS7LKhZY7ejkCACTdPen62rKhCby1wXtgxc,EnnjMSFttpCTywBrYNt1J5QQeoSVkvzPipJDa8Y7kJow,6bjVT6JN2rSvpyn9PdfLYC8wJn4LWh49jpY47fnLDXZk,280.11515364299794,308.8725768399818,248.50716345957957,0.8871607273924844,0.09940286538383183,1.0,43532.291099266,4646.103809336,43266.2428460222
Lid8SLUxQ9RmF7XMqUA8c24RitTwzja8VSKngJxRcUa,4PgzyzLtds9bKZ2to9PMnKqJzKEUpjvNUaeN23phegax,AtymwxoVN9peZo7EXTcDz9jKVc4vRmisJKKrNfe3ewBa,85.495046991001,72.2889176569995,15212.30075464518,177.93195383875735,1.521230075464518,150.4915354530969,965.780919484,7652.14070794,1323425.6906250182
GokA1R67GqSavkd15zR62QD68Tuc5AEfvjssntVDEbM8,3YB7hfpBdbQEuZqLGWVDpRPmeZWCUsrrWyqGXegnQ6Cg,4DPCj6Z1DsG6HUtwSogBGqXEUxdEV5a8YVrrFtcnz7UW,7472.392814999997,7472.745257000006,7472.938339498782,1.0000730053293891,0.7472938339498781,1.0,16660.936532,15799.637153,32461.79002215945
vEnkoSUkpnbRrPgBz9DfcVxNz67zjwMYBZraAvDDNSf,DtfyjjsZ5yCjWKLKHvwsfXs5QVsmm1QkK6Sh9JZHoq1g,e5wrKCRv4GhHvEf1VD5Pq2KGaZDXP77nTL612Jyrxwy,15560.609437000008,15565.158012999997,15547.611633674254,0.9991646983122109,1.5547611633674254,0.9983796298607361,6090.806964,6265.935618,12341.501785693017
BUSDgu5JdqP1rndBvXvanbEufS94FNh1w5FJcAj6vawb,Bgzr8cWubt89JQFXndVjtdKmDbGzuPxNhvjH1EhWCwbo,Dxaf8xPBBQsasRKW5Aa4Sw2YrbfGofY9xZueyyF23FBW,4252.77704284,4248.7120188499985,4260.291472748378,1.0017669465934098,1.704116589099351,1.0,6770.46132696,8413.79906822,15196.223438757486
