0,1,2,3,4,5,6,7,8,9,10,11
ALLwa5WNZbvQsRKAqe1jdRGemdYQnW8E5k4msbRFcYtu,CGoM82Hbz7QVqTgvQatYtjvDWBvoUJp5qm21P8iMs9yb,3dxNNww8TivyN5FMy5dCNdi3Zcxv6e4kUfSPxfFwpdNq,0.5560084969999997,0.5552587529999999,1995.0787505830838,3588.216297678424,0.7980315002332335,3585.000358500036,2.634923006,6.129464274,31428.805292960187
vEnkoSUkpnbRrPgBz9DfcVxNz67zjwMYBZraAvDDNSf,DtfyjjsZ5yCjWKLKHvwsfXs5QVsmm1QkK6Sh9JZHoq1g,e5wrKCRv4GhHvEf1VD5Pq2KGaZDXP77nTL612Jyrxwy,11569.128683999996,11575.824266000007,11555.654790514256,0.9988353579726039,1.1555654790514256,0.9980856716817144,6531.034732,5829.282301,12341.551555284645
STK75uPSyBnEhGTTzb1nwmP3n427XoXmfRhXxxhyady,6TYyD5fUmDe6N65avW1Ny2RxzRNobw2RRgKwH9CTzSAU,54zDfk4cx2vGrEajPtodWpArNe5eUurytyxd4X3aZAxK,122.71248721200038,139.14822206300346,18117.52889828292,147.64209665950898,1.8117528898282922,167.491955361384,1489.941577873,252.282427735,262233.37558199896
RajgMbScQbqqrdJfR2rxfHJiTiY5b6bJ2tTXiF4aPxy,725ZA3fhyBAKb5iopNRrcbSuQa3LXA1656Q3mBvYPxeg,GLA6i1dSZpUfk2f9Nj8uiG7xyDdAR2reff8oEiZH3617,2224.1639381600107,2224.42711727001,2220.058273392113,0.9981540637821444,0.8880233093568453,1.0,137124.23432078,47139.63157676,184010.74330706155
BSC8REUo9LpiiWUuqMuLXs2D2yJsJfGd4HdiF3wCLxk5,AZjEH1zWVx1UJ6udMyRijGTzPteuLnaY18yNNmprJEsh,Caf8ypkSVR8xYnXNhjvfvdGCC7mrM3C11rz8Xi6NA6aK,360.6578175520003,361.172887103,360.2468173617745,0.9988604151352783,0.14409872694470982,1.0,3467.404036811,2762.768693895,6226.221329545775
MiMuMS9C4vBqcrYeeQPph1E7oAW9aNKvW9k6Zw9XffM,Afy2q2hh6Y474pshJa5fnQ6PfEchGyTbKrQpCZw2hr3m,5pXz9ksgjeL8Wgb37bksUaBFMLdFfsNNY3FQnikkCPtS,0.6427761459999601,0.009739280999998101,0.0,0.0,0.0,0.0,25.996946403,7674.349352952,0.0
KwnjUuZhTMTSGAaavkLEmSyfobY16JNH4poL9oeeEvE,J63v6qEZmQpDqCD8bd4PXu2Pq5ZbyXrFcSa3Xt1HdAPQ,BnKQtTdLw9qPCDgZkWX3sURkBAoKCUYL1yahh6Mw7mRK,170.7229910000009,8695.507994999585,3.740893968593451,0.021912069058076845,0.00037408939685934517,1.0,276836.895763,591.269987,6657.3391647824765
KysFMBBoavfov2tLpvefWW6tPFt6rAeZWDJVy1mMQae,B8ka2V21TH3x64dFV8ETcjuQcwmrciJ2qzy1mJUttRew,7fSf7EYxBANyxzk2s5pymFgshA91tFYQNKKs5UnLWcYS,21.554701000000023,26.951070999988588,0.0,0.0,0.0,0.02191774961171611,134017.413936,2987.442094,65.47800779579286
RoBgmK8CvjdHvPrqdDyVw54VwjZv2TqJ493xnqJAQHx,ExiHJxM7qPAcy27NDHAF6G7vnW7muNHi2sVJpnaNynGQ,6rkPHSqZb7StM4HwS9EuVrmfkV7tRdc7dnsFhyB6cefE,16.448894000000347,10.952078000000064,0.0,0.0,0.0,0.9469957034804933,6231.839807,19.556631,18.520045531553425
GokA1R67GqSavkd15zR62QD68Tuc5AEfvjssntVDEbM8,3YB7hfpBdbQEuZqLGWVDpRPmeZWCUsrrWyqGXegnQ6Cg,4DPCj6Z1DsG6HUtwSogBGqXEUxdEV5a8YVrrFtcnz7UW,5995.921493,5997.203052999992,5994.992269198275,0.9998450240212768,0.5994992269198276,1.0,19645.822401,12819.826897,32462.604667445587
MATSnbbiTCv7Dc3trJrkrqjx7ckKdr6fwPoVwv9q3sD,631WX9JizSHJm4w6VanZeJAst9T8DeUUnPLesdGkCVtK,211maUSfpnXbPuW1iBu8b4dtJv5EbN1j7JJiEX5TZKEP,309.75979799999914,309.8389170000046,309.48281088425773,0.9991058003087236,0.12379312435370309,0.9944964566091252,22477.70236,23116.928375,45447.30616211353
FTMDfFPjYWvSsDXMGR8Mdt4fLjDtSDwfz7GAqe5V6qwq,2n895yX1VzrWuwrMCixUcD3SkRysj51jigxtV5N81vk6,HuEnD3eWBSuJtTCZMDG3P74sHPhi5UyVRV4SVefva6jS,1.1119286619998547,0.11486799999999953,0.0,0.0,0.0,1.0,1598.281982789,11.966723256,11.966723256
BSCuChvaSj9b5HUSqgDVRzcnr2sSn7cXaamt1jbKH6hn,GnKpRj5kBVPMJfiwZtEuD9GYApLzPdW5JFuZTcyX4BTc,3dmwD9okkomV9nDwyuh4UMhKdUR13QpuKxRo89ycZB5t,128.66331401000002,128.84433864099992,128.375251499408,0.9977611138590007,0.05135010059976319,0.9988962196772567,1680.818544792,1327.021381837,3002.6120251943994
SAMyS8Jr2HJrkFwYVKbpUwsNStnQmvz3f8Tup8bWUWF,6jPzm5TFfquvgm25sTyN3MMGBfufRaFHMxobDWv6hMFW,Cj9ECoDmxsHTDzCY5ZA6RWrPbg9uFzEC1Qc2kso2vJG6,1073.9228344799926,203.94946168999138,1085.2723632421355,1.0105682907539986,0.43410894529685423,0.0,477.73351088,109110.83217671,482.78233752590836
MNkYtBe2HtgL15osfaMmyqNW3vo4J399FXXCS4a39Wf,2mUxDu8NrhSKhQJMgKfYLxJqZzeEbmwhQdHeHMyohyuk,AZCBmDBcFsA2jHHhfFJBTsWCHx9XnnKmGfFsue3ZVW1t,2.997634729999845,3.001320620000115,2.9963303674642807,0.9995648694210436,0.0011985321469857122,1.0,2198.17576468,1938.31987653,4135.539147716867
BSCrK1Nx9PXU9mF7STWWBqeHLxmtJDr9h7jheEy4tAWX,FfSySSbVJPvEo5a5AvrP3nySoXpRE2QPn1uUMpJJ1x7v,HL7Vcj6838ZmvBHDbQxXfjBNckNi83WvPiZQoMQLFeRM,0.00023189600000006472,0.0002305739999999279,0.8382257790503729,3614.662517034097,0.00033529031162014914,3591.180061768297,0.583134549,1.222647055,6498.580323153609
parEAJhzYzHW87y9VoZAQ22dzQ2MD2ekEtTReaxbMcz,3oyc6hpjYSJEquK6dSvG72NXyz3pqLZz5D8AC71pwgQb,Di2vordgFJVZ1aj1aBpvzXtLfZgJsuLLXawGtVFwX6Rz,1.9471545989999015,2.2849173179998274,281.1012054342931,144.3651190196569,0.11244048217371724,171.7994028939953,1105.273264945,138.317980399,183325.85288508126
C98Sspw7XqnMsgxea3SLQVdbMDL8pKUc3RE82UvX9eq2,CSqgQJurPCzGxb4Cgwx5R61hWQUiaoUHcShNc8r1cKEL,6S2CR5EnukPhC914XkAns8m5GixjMAoUuZMsS5ubHuWc,7.787407999999985,8.54658100000006,0.0,0.0,0.0,1.0,658.595979,70.806196,70.806196
ALBpShJ9NLpE739pcHDF2LNVk5J4VYPvvKuV6jMPitZi,D6d156U1bPiJpDYRLextvDRccgFk7QzkQbJg42ceKEu5,GNcM8U5g8RwTZffwwm3kSQqUNPSwv5d2fbN9sLxPJqt2,5153.225998000002,5158.138988000006,5143.27889661395,0.9980697331361147,2.05731155864558,0.9952645313597901,55864.615621,44485.118423,100031.24254435496
AUSejoEUCh2DBs9mof6BNC8Pubs22w4cJa1ccV9h44R,4xkyD7AfGQDwsQMy9MosRRNGoVJ1zosNinesxg1TzHG7,Cbm5gsQe3nSiCsFrvepVzMCD9xLK3ri9g3ypS2hdmVJ7,0.33033699999941746,0.32996300000013434,0.33077328996888644,1.0013207420587755,3.307732899688864e-05,1.0,13987.911838,14895.540935,28901.927196478893
Cob4usZcpHEY7Qt4ZCwj6WVg9S44zvzYV2v9qYF65dTf,NhFM9UXE48PyNAyeyPYA3iXztqKVJwA4bTdLj4ysM8w,6TuFuynuBoeskxyR2cz4wxyidk8dpDK7kAWw3UkjQGx,15.658642000001777,1457.5812379999813,0.09486073394070092,0.0060580434715022,3.794429357628037e-05,1.0,76769.244217,145.382875,610.4542937409549
KEN5P7p3asnb23Sw6yAmJRGvijfAzso3RqfyLAQhznt,9zj4aX38Uxf3h6AUjS4EipWS8mwbEofasHAf3a1uKGds,CwQDG1MWunn9cLNwcZLd8YBacweSR7ARo32w4mLua1Yr,15202.986809000373,15202.571210000082,15197.819550353252,0.9996601155607093,1.5197819550353253,1.0,1026065.537101,1017001.424688,2042718.218079247
Sid7E679i9ABqptiAVhkmQ27YHN8vaYT4fppPwmxFsJ,GP7KB8o1bv527HG8kTzzzf4wJ5aEGHvcMQvVhLziUfmT,9gYxhAZ1M9wu5pxr8SBoa5NDm21gi3s9vMHaYTME77sa,582.2337389999993,2013.5854289999988,3.527197301437262,0.0060580434715022,0.001410878920574905,0.02192169142159056,139624.083393,7617.153247,1012.8296498551431
MiMUFdSLMyCLpqpH6zkqdDrGYs7XBomwENbivdYjv9V,,,0.009739281000000002,0.01267599999999991,0.0,0.0,0.0,0.02192169142159056,139624.083393,7617.153247,166.98088299170058
SoNcU2iwHMw6dGzsYNQkYFkUjwN1UdAjrWVRnStrZu2,8ivTTid27jZnYNc4w3CTA1Z6QS2twsFb8WMwUabeDJgc,CyXm53PMvHCbeXJBykU46Rcbo28xk5srhMZFg7gv6EYB,0.3159640900000049,0.31273269399999926,55.96108951621718,177.1121823249481,0.022384435806486875,175.2692925044685,13.21362158,17.199470442,5354.832370270687
HEDSDjj84KS7LKhZY7ejkCACTdPen62rKhCby1wXtgxc,EnnjMSFttpCTywBrYNt1J5QQeoSVkvzPipJDa8Y7kJow,6bjVT6JN2rSvpyn9PdfLYC8wJn4LWh49jpY47fnLDXZk,49.90704695200202,46.74297586199282,44.6149141307299,0.893960209139166,0.017845965652291962,1.0,43354.65330589,4804.339003452,43561.67393994146
C2ypsDADXcCRz8HbV2zX1AXPSja7a1P3xZtRC91xGhJh,J9bYNuDpY1d1T86gLaw7DGk5D3CsUAf2tzUwxMvb6FTv,A2NGvvPrMGzsJ4jb52KEnSBVmsA7C34dV1GC7PerdgvG,32.0633884209999,32.464269669000714,4748.023495493912,148.0823995627423,1.8992093981975648,149.9220255545091,2963.487990656,1203.888904734,619329.8758720309
heyk4SZTeCUV6a65WiVA5bzic3KcxgVf1qxobfeV4tQ,9ZDpBKPqMABtGfq66FbVribaArMvtk63xxy91onZAtDt,DaTP4s6N7xxSPinbNZ3FB52EpRDRt87QShTuN3VPCW52,20.607567164002944,17.780477167999152,3543.2147274837794,171.93755571851418,1.4172858909935118,148.08071109542112,610.517574364,4492.062273522,770158.6752073943
TETFuZgEmET6d9vYmz9iMFCxK1jKdKYxf3oPz8hSzJK,Eu1Ze6Z84LWNkq7SNoAHBJbXx5t1P95EwyqYohrfCRFV,ASMbv7WNu3qe4pkhREmvyEdwFNDZQ6B6iSrjkj4u8bdC,346.839115637,346.80062616199996,345.4228370999215,0.9959166124199186,0.1381691348399686,0.9989550929727504,187.671140135,64.265384827,251.1030396070184
SRMuKizofcAMicegrfSv7xs9q76tH1w8aAF7oX9FEWu,72Hj2KWntXPfbie4UgKeTPnm1XVkomDfCnRPKbvfTtPi,6aqJQ5wedqpUt4fFEDUqUmXhrdxCu4bEJsQdVPCADLko,6931.455469,6942.029917,260.64439081319546,0.037603125631967535,0.10425775632527819,0.03772011051841501,16643.483104,5260.124671,824.2594700440023
SEQV6QiTpvTzrceiaYg9Avnwf7oc8ZALpnQMz6TyT4A,3dFMPj4r9mMmPHF32mz1gNDX7f8ftidWof7S8YiYTs1j,Fc1ED3YPeQfXQosHbd8DTaBd2AV5gHQtwiSAL5C5pUhi,1991.001230854,1992.7965414149999,1983.3762519225536,0.9961702791473536,0.7933505007690216,0.9978546125829466,4343.251972998,1218.899848944,5542.903366894139
BkwbeSfcX1h4thMDd7obGkHrPevf3QwgzJ4pCEqG18Lu,35yX27bmurdebhfAb8EPmjLETDiUaEUCn9zHaDPbakH2,2CxECn1ZJFoESyUnQysQU8rRgT3iJ5GRs2Mdd6gZjx5g,0.04180638000000059,0.030000000000000027,0.0,0.0,0.0,0.0,1.02796094,21.7574099,0.0
wrmcMSHFi3sWpAEy4rGDvQb3ezh3PhXoV2xNjgLBkKU,8p4mGnARWPBu6P2Gcw4adodLkNDorrXniZMhaY7eJXUn,AyY89zccbsgp9LKFgH4CFZMJmpSgqmPSdTfukhP227rc,0.0050755900000000465,0.05589796999999308,1.6825866721475753,331.50563228069245,0.0006730346688590302,3587.3152532644567,27.13805462,0.0905179,9321.134199034534
FrnkTEL6yZ5Aycq2TrEgu29dCrwKG4LPUZydfiwqspkc,DjvZuMZ46fxKBoBpGMPcRcos4xdTtHFxwMh69DpA2ZFY,9rvDPJLAng4uVVqnnSoEXgNDFhBZQTny9AoQioYDZbQX,10.980977634001306,9.075681606999922,1969.1399110740463,179.32282322266425,0.7876559644296185,148.15027712250088,168.410085416,1445.104457235,244292.39778629362
SoN9GaFpSXfpyR5dth3x7PHPVhvJMpQqqDJfCSmPv1t,9kZ9iS68ViMPtoeqtnhAKuF2iqVyfHPdZHoUNdwCELr,BBhm5fJLjw3HRzjtKB8uMEYjGhY6EDm9co3cqpjrSzB9,0.07299462900000053,0.07172558600000078,13.088628910067428,179.30947919561768,0.0052354515640269704,174.90596180963306,3.02246458,5.175326693,1447.152042645234
MARpDPs5A7XiyCWPNH8GsMWPLxmwNn9SBmKvPa9LzgA,6YjT74rmcfCpw8LSjPNx5JTmZoYLGrTKnf9arfSgZ4SR,F8GSmi3vA8M8TsybLya1LQ4n1aFHCRbZ6k437PeTdXtg,11382.145643999978,12006.026533999631,10786.228113201805,0.9476445347444392,4.314491245280722,1.0,297993.564225,14803.629973,297195.60249983723
JSoLLrxK5bYdHwTEWYaGgmeycBCNXKDiBCTw5hXGBg7,xG4wXczA7Dk4hccJ61CHKpDHW4NrNfQwgmWgkb9BuF2,BVR6WgfhsRr9Lob4QDnkEAiNGgAbv7ZieKcY9kSg3QYR,0.3260665130000575,0.2754226560000106,57.18890940371984,175.39031799843167,0.02287556376148794,148.21283481649917,17.426506219,171.790458905,28517.991376089412
WiiQFxXqp8P9Fs1rt9SVcDyA3KUdJmUsog6wnVQAwba,3S2jpqSYxho6wiz3cafhjXruVY8cg4HYa2v3BqBHYFSj,Dfe67M6TfrG74gKRtdqys4e6E9QirPD53BkF4FujFjuv,1812.0908446640005,1812.0007832109986,1812.4243524939516,1.000184045866648,0.18124243524939515,1.0,12863.610041616,13987.874244821,26853.85178069533
KEVpg4SYCVrqFxKijQH6hm4QxsRdoE51ud64bEEFUC9,2bPenuBYfqzD8p5dFjCcggwkHDsc2RQDnx9AoyYGUBjA,AE6n6iLuX8oYu61vt5hoDYkjswpnxFxrhSehxrnQTnbx,2.2993368380000447,2.306457306000084,2.2926465834695455,0.9970903547405788,0.0009170586333878182,1.0,5981.190260645,1565.927583325,7529.714702082418
B2izdXFYb2sNwbWWHmh75T4aQFtfXsUxem9u2p61HGzf,4DYwgJtxwuJdAjkj5RJSNH4e7U329V5cNp7d3a1nLrZv,EXNW64GEf1ACC6xY9BtKRiunrs6GoJSXBdxWN2eTPmrF,2391.547747000008,2369.114067999997,2414.6486910270637,1.009659411590688,0.24146486910270637,1.0,10661.038505,29085.601544,39849.61940790397
BUSD5rCfUDpCxKGMvYU2yThChxgHoioK74PTPociGnv2,CcFHbafgYDZ8yA8Me1PdtDiVb2eeaS61LbqyKKK5CsNZ,26R9s4nmF3CFDTkiePDwRmtscn8i7r2eygbSijditJ58,61.38011857000001,61.38626507000001,61.378744299915134,0.9999776105013009,0.0061378744299915135,1.0,73.80262798,74.55430753,148.35528310615683
YAkoNb6HKmSxQN9L8hiBE5tPJRsniSSMzND1boHmZxe,CfWX7o2TswwbxusJ4hCaPobu2jLCb1hfXuXJQjVq3jQF,EnTrdMMpdhugeH6Ban6gYZWXughWxKtVGfCwFn78ZmY3,2876370.7412260077,2874574.3766990025,2876370.7412260077,1.0,287.6370741226008,0.9986019572598361,308732.986062,1368399.488923,1675219.3940138672
BUSDgu5JdqP1rndBvXvanbEufS94FNh1w5FJcAj6vawb,Bgzr8cWubt89JQFXndVjtdKmDbGzuPxNhvjH1EhWCwbo,Dxaf8xPBBQsasRKW5Aa4Sw2YrbfGofY9xZueyyF23FBW,4706.44198119,4705.004281630002,4706.532958472088,1.0000193303736562,1.882613183388835,1.0,7817.87376104,7380.67539699,15198.700280450998
BUSDTd9WiT6uBHJRgNvFXBsA7JrifsAtWzKfioN7ERcy,DyBxrn7gSc1EwnpWhDyhzvMHPtxpmBqRqotapLcKcfTM,Cds99GeBgoCpqBsoRWu1C6fF9LiUMd4pXQQD24s9LPff,130.58075230000003,130.20121167000002,130.7859187865188,1.0015711847489392,0.013078591878651881,0.99850424064751,79.62558812,106.42968675,186.02118818034057
BSCNHw8CmxbZ8hCWWzMf5FaG2ajPT6JxfznKUNuRVrn4,7n9kgNL633yGzCYksgnzHyjG73ZLBAwvEae5sbAekbzW,SscdxE99omdG9AiMVwmaEMQySQnCgeAh1sPj2Leutm2,10.349196762000247,10.368164056999376,10.335270625619003,0.9986543751460619,0.004134108250247602,1.0,6479.339216021,5231.532866572,11702.153322706825
KZMu9QBEdL97EFgamLbN5DE1AoKBG4HdrKKJo4Vuon3,DD4ACBWyVqdaKWh7v5btsgqQCCMwbKnuL2xd9pv7Gyuw,GcYqiJ1MAuYbNTNYXm1F1gQYTfTgkErACAhNU5dpVj9T,24.516606009999805,24.286565629999814,24.77572115540311,1.0105689647783065,0.009910288462161245,1.0,1187.72541503,1903.30154081,3103.5799839177516
AURHmCnNwiW4uA2Qj1XvEh4iKgRUZYXtiY7FKAapUV5Y,BKWm4TRnTeKwfWXRyuzjRHU7iZDkPuXBX5b5V5jSVfGJ,A5Ww74HVrkj9nPeC7pHKLfgeDMEhBCpW1efQdz3TGLEg,0.002154786000119202,0.0018995309999922938,0.36114480363574053,167.60123910948099,0.0001444579214542962,148.03941045969495,272.457663567,1806.863076253,313151.18660858826
SAMGk1Nd4haC8zQA63DG37pzuEZy8j4q13tSFtCbcRE,9U9TnkHD3jXMAVZtynCVLgDruuqN4pTvLJTmVHCLWS8g,C6zoEbvqSknmi96QWq96UBiPCyNW3YSTvKhavR2BfifE,0.04810691999999994,0.07605601000000028,0.0,0.0,0.0,0.0,53.63732131,1.14084546,0.0
CZgvH45CRmoaNJ7395Ao5CQZXkGznvqU7cErD6n7FaRg,4ZjU6MKvtqVQKCiowhvZ5yUsPxXX5SCzd5eFsPeXyey5,BsyWeshjDbCvjDojry3vKDCesmFRM37WtwcR4Kfgzqr,3.0224767299999655,2.991118410000041,3.1347515559843826,1.0371466304008297,0.001253900622393753,1.0,196.77872937,609.15621623,813.2446123306523
DFWzVTzNBrQZLjoQ4yQwkj9HuoXmfkuZP9V5vbymZe23,DhgiEgiNdqZdRdo195UUHnoEJUtefK8buko8nU97XJUZ,2K2kkXsouBHtWVjtcgkyiXd8eP3oVBvq1bTJzcVdLLr2,3.5112893040022755,3.5798387350005214,3.4467988631474618,0.9816334015026031,0.0013787195452589847,1.0,46484.241848389,21568.841211737,67199.32565364074
Lid8SLUxQ9RmF7XMqUA8c24RitTwzja8VSKngJxRcUa,4PgzyzLtds9bKZ2to9PMnKqJzKEUpjvNUaeN23phegax,AtymwxoVN9peZo7EXTcDz9jKVc4vRmisJKKrNfe3ewBa,42.63061978400208,36.047371924999425,7467.51943996732,175.16797733186237,0.7467519439967321,147.9760136800865,962.187217803,7624.029072384,1296717.8190695955
ionytDfEj1mXodptgrsKEZro7DGsfpzANUfarJdm6Qb,3gkSjY95an9xNFSjCfsay6JZez7uv7yfW3Ad4ubc4fMK,9wXqANaSuEqkKL9yHzCPEDGHwbkStVAqV5rB3QDs3Jr6,0.0016579650000003582,0.0036116899999999036,1.637433224794658,987.6162794717043,0.0006549732899178633,3591.567000682398,3.146371016,0.085792947,3415.53835399602
SUiuyGR7SFq3xeRVJonq84fjjeFwRSsFekcevJ53tzy,49GjCCPsv7fBqo6t3iKDrP1xxGDS8uWZbVCdfnp2gjMf,CEwj5xEbbJEjYqM8D6Ai8ByGz1mrh8mkAVsE5fzDSSSx,9.994872999999984,0.062497000000000025,0.060549375126143515,0.0060580434715022,2.4219750050457405e-05,0.9471715090810069,685.014331,1.368677,5.446218455334462
YakoMPuYrybnr9R7VC7hVGxMz94fJvPFCdZ4gmW61Ed,,,0.007842000000000127,0.00783899999999993,0.0,0.0,0.0,0.9471715090810069,685.014331,1.368677,1.296371859534465
Lee1XZJfJ9Hm2K1qTyeCz1LXNc1YBZaKZszvNY4KCDw,9DgFSWkPDGijNKcLGbr3p5xoJbHsPgXUTr6QvGBJ5vGN,2hNHZg7XBhuhHVZ3JDEi4buq2fPQwuWBdQ9xkH7t1GQX,415.46567033698375,347.40464815800897,73478.60549551908,176.8584283652622,7.347860549551909,148.03599169458872,6549.930822152,54048.225548875,9159493.13956751
daob129AwBGn9Y5r91uLoWZeYiGzbPmksauMhFZKTze,6VW5GQNyj4LStgmxEHLr5zUfW92vQnmbw8jTnCH7a38F,4VPCCUifPeBA1c7HWK358CHn2nyjm8pdTRk6Ps3KmnMQ,3.982724021000138,3.559116629999984,658.7104359334717,165.39193588614683,0.26348417437338867,147.63008683454078,48.339592203,224.283852092,41106.02329432832
