0,1,2,3,4,5,6,7,8,9,10,11
ercAoEmXjQzEvAFbdjAo81KtMxRGn9AW1ju882upmPH,CMRhskR2Eg6V42RTSdRTXGdozyPbWB8U9dVpijPWb9T4,7TKLLgrWswt6ZJ1pXhVR3FyufHGjJFqiEXxvWJfDcgRm,0.020718246000001272,0.0183581800000141,3.1786874284851803,153.4245432014363,0.001271474971394072,135.0567109882275,35.83430256,305.089801631,46702.28666554368
daob129AwBGn9Y5r91uLoWZeYiGzbPmksauMhFZKTze,6VW5GQNyj4LStgmxEHLr5zUfW92vQnmbw8jTnCH7a38F,4VPCCUifPeBA1c7HWK358CHn2nyjm8pdTRk6Ps3KmnMQ,8.196829142000013,7.269598002000016,1393.2752444826651,169.97734371985558,0.5573100977930661,153.66296395266627,47.370243929,225.351362346,42680.02650327067
MARpDPs5A7XiyCWPNH8GsMWPLxmwNn9SBmKvPa9LzgA,6YjT74rmcfCpw8LSjPNx5JTmZoYLGrTKnf9arfSgZ4SR,F8GSmi3vA8M8TsybLya1LQ4n1aFHCRbZ6k437PeTdXtg,27593.223296999982,28640.10517700063,26229.02545410645,0.9505604028855211,10.491610181642582,1.0,296999.854661,15684.258475,298000.5599785014
SoN9GaFpSXfpyR5dth3x7PHPVhvJMpQqqDJfCSmPv1t,9kZ9iS68ViMPtoeqtnhAKuF2iqVyfHPdZHoUNdwCELr,BBhm5fJLjw3HRzjtKB8uMEYjGhY6EDm9co3cqpjrSzB9,0.061208801999999896,0.06034097700000007,11.367265312262324,185.71291939780727,0.00454690612490493,181.77515068251117,3.096723862,5.098334054,1501.8520698765005
JSoLLrxK5bYdHwTEWYaGgmeycBCNXKDiBCTw5hXGBg7,xG4wXczA7Dk4hccJ61CHKpDHW4NrNfQwgmWgkb9BuF2,BVR6WgfhsRr9Lob4QDnkEAiNGgAbv7ZieKcY9kSg3QYR,0.4949398709999855,0.42139281000001816,90.04741818152443,181.9360763956862,0.036018967272609774,153.6651127026036,17.455297924,171.754200727,29568.377028470386
AURHmCnNwiW4uA2Qj1XvEh4iKgRUZYXtiY7FKAapUV5Y,BKWm4TRnTeKwfWXRyuzjRHU7iZDkPuXBX5b5V5jSVfGJ,A5Ww74HVrkj9nPeC7pHKLfgeDMEhBCpW1efQdz3TGLEg,0.001735820000703825,0.0015108010000517424,0.3031647853487455,174.6522019712994,0.00012126591413949821,153.77560632952697,271.290815183,1808.186361007,325436.49226693215
SAMyS8Jr2HJrkFwYVKbpUwsNStnQmvz3f8Tup8bWUWF,6jPzm5TFfquvgm25sTyN3MMGBfufRaFHMxobDWv6hMFW,Cj9ECoDmxsHTDzCY5ZA6RWrPbg9uFzEC1Qc2kso2vJG6,1603.5480030699946,84.43885195999246,1627.6985076446042,1.015060668298282,0.6510794030578417,0.021276475885691058,470.77161521,109437.53731028,2806.306873922512
BSC8REUo9LpiiWUuqMuLXs2D2yJsJfGd4HdiF3wCLxk5,AZjEH1zWVx1UJ6udMyRijGTzPteuLnaY18yNNmprJEsh,Caf8ypkSVR8xYnXNhjvfvdGCC7mrM3C11rz8Xi6NA6aK,70.04783367100026,70.0,69.95173467741778,0.9986280947097688,0.027980693870967112,0.9975493185939118,2955.786759866,3273.783775017,6217.492474365357
oKQqupM9E7SSLAFDLxr7mdsXP7znck9qRbVWc6Yyj7Q,CMR2J7CwfW98RpvnJmFBgRFTLAd3x8CJ1SWs8Bt3uunG,FmRb5jHfSNj1YWP3b45d9vvYuhwjp4om8bALmtqZpr1v,7.592329130000053,7.685934000000088,7.685617773382795,1.0122872232993858,0.003074247109353118,1.0,2174.94484804,3721.68902272,5923.357903771716
FrnkTEL6yZ5Aycq2TrEgu29dCrwKG4LPUZydfiwqspkc,DjvZuMZ46fxKBoBpGMPcRcos4xdTtHFxwMh69DpA2ZFY,9rvDPJLAng4uVVqnnSoEXgNDFhBZQTny9AoQioYDZbQX,39.263630365999916,32.523372677000054,7268.209404667239,185.11302538547474,2.907283761866896,153.0828122904679,168.823585358,1444.232293563,252338.58574137895
C2ypsDADXcCRz8HbV2zX1AXPSja7a1P3xZtRC91xGhJh,J9bYNuDpY1d1T86gLaw7DGk5D3CsUAf2tzUwxMvb6FTv,A2NGvvPrMGzsJ4jb52KEnSBVmsA7C34dV1GC7PerdgvG,43.06538314900047,43.51284576299963,6597.688607954548,153.20166977563923,2.6390754431818197,154.91429986017434,2426.158529846,1047.358737718,533942.3834688372
BUSDTd9WiT6uBHJRgNvFXBsA7JrifsAtWzKfioN7ERcy,DyBxrn7gSc1EwnpWhDyhzvMHPtxpmBqRqotapLcKcfTM,Cds99GeBgoCpqBsoRWu1C6fF9LiUMd4pXQQD24s9LPff,192.18184705,191.81732386000002,191.07116185043313,0.9942206549858068,0.019107116185043314,0.9899255279025357,122.25810035,63.72069374,184.6302699961828
AUSejoEUCh2DBs9mof6BNC8Pubs22w4cJa1ccV9h44R,4xkyD7AfGQDwsQMy9MosRRNGoVJ1zosNinesxg1TzHG7,Cbm5gsQe3nSiCsFrvepVzMCD9xLK3ri9g3ypS2hdmVJ7,101.88784699999633,101.67556799999875,101.99279758871512,1.0010300599316697,0.010199279758871513,1.0,14084.01945,14799.179622,28897.7064561123
Lid8SLUxQ9RmF7XMqUA8c24RitTwzja8VSKngJxRcUa,4PgzyzLtds9bKZ2to9PMnKqJzKEUpjvNUaeN23phegax,AtymwxoVN9peZo7EXTcDz9jKVc4vRmisJKKrNfe3ewBa,37.71100190699883,31.881862339999657,6861.206431677742,181.94176990042692,0.6861206431677742,152.5969715605024,961.887791411,7656.727694355,1343401.0254369308
KEN5P7p3asnb23Sw6yAmJRGvijfAzso3RqfyLAQhznt,9zj4aX38Uxf3h6AUjS4EipWS8mwbEofasHAf3a1uKGds,CwQDG1MWunn9cLNwcZLd8YBacweSR7ARo32w4mLua1Yr,48893.00498100044,48898.07289900072,48870.280300660634,0.9995352161245021,4.887028030066063,1.0,1052187.177046,1109702.239735,2161400.3771471037
RajgMbScQbqqrdJfR2rxfHJiTiY5b6bJ2tTXiF4aPxy,725ZA3fhyBAKb5iopNRrcbSuQa3LXA1656Q3mBvYPxeg,GLA6i1dSZpUfk2f9Nj8uiG7xyDdAR2reff8oEiZH3617,24178.53697966,24194.170124070006,24159.33465728769,0.9992058112371124,9.663733862915077,1.0,110665.0189439,73376.52290914,183953.65293855
Lee1XZJfJ9Hm2K1qTyeCz1LXNc1YBZaKZszvNY4KCDw,9DgFSWkPDGijNKcLGbr3p5xoJbHsPgXUTr6QvGBJ5vGN,2hNHZg7XBhuhHVZ3JDEi4buq2fPQwuWBdQ9xkH7t1GQX,752.0898541130082,631.567827672995,137813.41781575486,183.24062884519006,13.781341781575486,153.30555130132652,6571.660953112,54021.742964354,9486028.37301447
BUSDgu5JdqP1rndBvXvanbEufS94FNh1w5FJcAj6vawb,Bgzr8cWubt89JQFXndVjtdKmDbGzuPxNhvjH1EhWCwbo,Dxaf8xPBBQsasRKW5Aa4Sw2YrbfGofY9xZueyyF23FBW,3455.5111082099957,3447.948573910003,3460.8698845305034,1.001550791229632,1.3843479538122017,1.0,6879.85571664,8300.80569918,15191.3306357265
CZgvH45CRmoaNJ7395Ao5CQZXkGznvqU7cErD6n7FaRg,4ZjU6MKvtqVQKCiowhvZ5yUsPxXX5SCzd5eFsPeXyey5,BsyWeshjDbCvjDojry3vKDCesmFRM37WtwcR4Kfgzqr,0.725603250000006,0.7503900000000385,0.7492089046094541,1.0325324543535987,0.0002996835618437817,1.0,208.43472071,597.09628019,812.3118939372032
heyk4SZTeCUV6a65WiVA5bzic3KcxgVf1qxobfeV4tQ,9ZDpBKPqMABtGfq66FbVribaArMvtk63xxy91onZAtDt,DaTP4s6N7xxSPinbNZ3FB52EpRDRt87QShTuN3VPCW52,17.93588771400266,15.494550437000271,3155.850979066431,175.95175825072982,1.2623403916265725,153.40792640346777,606.130468335,4497.033843327,796530.3585038937
Cob4usZcpHEY7Qt4ZCwj6WVg9S44zvzYV2v9qYF65dTf,NhFM9UXE48PyNAyeyPYA3iXztqKVJwA4bTdLj4ysM8w,6TuFuynuBoeskxyR2cz4wxyidk8dpDK7kAWw3UkjQGx,7.021830000000023,1004.5891720000072,0.049702454031372356,0.007078276465162528,1.988098161254894e-05,1.0,74196.485135,162.242369,687.4256035288518
BSCNHw8CmxbZ8hCWWzMf5FaG2ajPT6JxfznKUNuRVrn4,7n9kgNL633yGzCYksgnzHyjG73ZLBAwvEae5sbAekbzW,SscdxE99omdG9AiMVwmaEMQySQnCgeAh1sPj2Leutm2,7.640385435000098,7.603302999999869,7.617437926100036,0.9969965508814592,0.003046975170440014,0.9975485254961418,6273.512424843,5437.014362222,11678.355909616354
SRMuKizofcAMicegrfSv7xs9q76tH1w8aAF7oX9FEWu,72Hj2KWntXPfbie4UgKeTPnm1XVkomDfCnRPKbvfTtPi,6aqJQ5wedqpUt4fFEDUqUmXhrdxCu4bEJsQdVPCADLko,0.025508000000627362,0.025508000000627362,0.0008938451953412459,0.035041759264515526,3.575380781364984e-07,0.03499851483802285,16324.963797,5565.125343,766.8265732688478
wrmcMSHFi3sWpAEy4rGDvQb3ezh3PhXoV2xNjgLBkKU,8p4mGnARWPBu6P2Gcw4adodLkNDorrXniZMhaY7eJXUn,AyY89zccbsgp9LKFgH4CFZMJmpSgqmPSdTfukhP227rc,0.0049953199999999975,0.05206976000000196,1.464903225806451,293.2551319648094,0.0005859612903225804,3522.242964319679,27.19567092,0.08546504,8276.29870035143
SoNcU2iwHMw6dGzsYNQkYFkUjwN1UdAjrWVRnStrZu2,8ivTTid27jZnYNc4w3CTA1Z6QS2twsFb8WMwUabeDJgc,CyXm53PMvHCbeXJBykU46Rcbo28xk5srhMZFg7gv6EYB,0.9691484449999983,0.9630216640000029,177.99735799813917,183.6636677450785,0.07119894319925567,181.8427471202019,13.232436888,17.178603851,5554.122408010871
ALBpShJ9NLpE739pcHDF2LNVk5J4VYPvvKuV6jMPitZi,D6d156U1bPiJpDYRLextvDRccgFk7QzkQbJg42ceKEu5,GNcM8U5g8RwTZffwwm3kSQqUNPSwv5d2fbN9sLxPJqt2,131.9785769999944,131.97059199999057,131.6241132629772,0.9973142327711473,0.05264964530519088,0.9982221663217808,54324.965705,46013.287236,100110.54475670723
KwnjUuZhTMTSGAaavkLEmSyfobY16JNH4poL9oeeEvE,J63v6qEZmQpDqCD8bd4PXu2Pq5ZbyXrFcSa3Xt1HdAPQ,BnKQtTdLw9qPCDgZkWX3sURkBAoKCUYL1yahh6Mw7mRK,450.26608199999964,18682.20096699911,9.478512689754249,0.02105091426752028,0.0009478512689754249,1.0,277221.791558,582.83049,6418.602657175837
SEQV6QiTpvTzrceiaYg9Avnwf7oc8ZALpnQMz6TyT4A,3dFMPj4r9mMmPHF32mz1gNDX7f8ftidWof7S8YiYTs1j,Fc1ED3YPeQfXQosHbd8DTaBd2AV5gHQtwiSAL5C5pUhi,64.20033701299985,64.20193002799988,64.09014848704993,0.9982836768298021,0.02563605939481997,0.9986548119682788,3044.103274375,2514.583550116,5550.079571812335
vEnkoSUkpnbRrPgBz9DfcVxNz67zjwMYBZraAvDDNSf,DtfyjjsZ5yCjWKLKHvwsfXs5QVsmm1QkK6Sh9JZHoq1g,e5wrKCRv4GhHvEf1VD5Pq2KGaZDXP77nTL612Jyrxwy,5974.893804000002,5976.930785999999,5958.6029834432675,0.9972734543757367,0.5958602983443267,0.9978287246950636,6445.374828,3887.934965,10307.294407289275
BSCrK1Nx9PXU9mF7STWWBqeHLxmtJDr9h7jheEy4tAWX,FfSySSbVJPvEo5a5AvrP3nySoXpRE2QPn1uUMpJJ1x7v,HL7Vcj6838ZmvBHDbQxXfjBNckNi83WvPiZQoMQLFeRM,0.006046991999999696,0.006014024000000062,21.492850516617068,3554.3044403925373,0.008597140206646828,3506.55726208009,0.606467162,1.199071767,6360.182739177915
ALLwa5WNZbvQsRKAqe1jdRGemdYQnW8E5k4msbRFcYtu,CGoM82Hbz7QVqTgvQatYtjvDWBvoUJp5qm21P8iMs9yb,3dxNNww8TivyN5FMy5dCNdi3Zcxv6e4kUfSPxfFwpdNq,3.294708230000002,3.2864955630000003,11629.339698563419,3529.702446083795,4.651735879425368,3529.4782019426248,2.699458321,6.05965738,30915.71327268571
4vezWG46exH6pf9nry3n1VJ7hZHvjBJNgNeF4qEFCML5,,,0.05163600000000024,0.052475999999998635,0.0,0.0,0.0,3529.4782019426248,2.699458321,6.05965738,21387.428633950756
DFWzVTzNBrQZLjoQ4yQwkj9HuoXmfkuZP9V5vbymZe23,DhgiEgiNdqZdRdo195UUHnoEJUtefK8buko8nU97XJUZ,2K2kkXsouBHtWVjtcgkyiXd8eP3oVBvq1bTJzcVdLLr2,2511.8905444970005,2553.328999999998,2470.9035862116875,0.9836828247253423,0.9883614344846752,0.9975486837175535,44358.820393138,23654.262415506,67231.28808270372
HEDSDjj84KS7LKhZY7ejkCACTdPen62rKhCby1wXtgxc,EnnjMSFttpCTywBrYNt1J5QQeoSVkvzPipJDa8Y7kJow,6bjVT6JN2rSvpyn9PdfLYC8wJn4LWh49jpY47fnLDXZk,137.45571400200424,127.416741,112.19572885506409,0.8162318290633459,0.04487829154202564,0.9975496997191357,44693.499248485,3646.401198918,40117.72305986833
WiiQFxXqp8P9Fs1rt9SVcDyA3KUdJmUsog6wnVQAwba,3S2jpqSYxho6wiz3cafhjXruVY8cg4HYa2v3BqBHYFSj,Dfe67M6TfrG74gKRtdqys4e6E9QirPD53BkF4FujFjuv,967.4620425610001,969.2745168000001,964.8059029659577,0.9972545283657731,0.09648059029659578,0.9975487225265868,15901.019795626,10947.242917428,26777.772184290356
GokA1R67GqSavkd15zR62QD68Tuc5AEfvjssntVDEbM8,3YB7hfpBdbQEuZqLGWVDpRPmeZWCUsrrWyqGXegnQ6Cg,4DPCj6Z1DsG6HUtwSogBGqXEUxdEV5a8YVrrFtcnz7UW,9858.751461,9859.345736000003,9857.332005191252,0.9998560207330145,0.9857332005191254,1.0,18637.294756,13821.814247,32456.425618962436
KZMu9QBEdL97EFgamLbN5DE1AoKBG4HdrKKJo4Vuon3,DD4ACBWyVqdaKWh7v5btsgqQCCMwbKnuL2xd9pv7Gyuw,GcYqiJ1MAuYbNTNYXm1F1gQYTfTgkErACAhNU5dpVj9T,39.30155890999936,38.8912877399996,39.89690693884592,1.0151482039226463,0.015958762775538368,1.0,1072.29484685,2019.52171001,3108.059897865287
YAkoNb6HKmSxQN9L8hiBE5tPJRsniSSMzND1boHmZxe,CfWX7o2TswwbxusJ4hCaPobu2jLCb1hfXuXJQjVq3jQF,EnTrdMMpdhugeH6Ban6gYZWXughWxKtVGfCwFn78ZmY3,4626342.919066984,4625150.01459003,4626342.919066984,1.0,462.6342919066984,0.9979034049462081,289529.870282,1429819.145728,1716351.2642612497
BSCuChvaSj9b5HUSqgDVRzcnr2sSn7cXaamt1jbKH6hn,GnKpRj5kBVPMJfiwZtEuD9GYApLzPdW5JFuZTcyX4BTc,3dmwD9okkomV9nDwyuh4UMhKdUR13QpuKxRo89ycZB5t,284.2306270239999,284.1566133489998,283.6883230356069,0.9980920283149247,0.11347532921424278,0.9984274767241593,1586.11027806,1421.323638666,3002.1725987217496
C98Sspw7XqnMsgxea3SLQVdbMDL8pKUc3RE82UvX9eq2,CSqgQJurPCzGxb4Cgwx5R61hWQUiaoUHcShNc8r1cKEL,6S2CR5EnukPhC914XkAns8m5GixjMAoUuZMsS5ubHuWc,25.723316000000068,25.72230999999988,0.0,0.0,0.0,1.0,671.990798,59.117999,59.117999
BUSD5rCfUDpCxKGMvYU2yThChxgHoioK74PTPociGnv2,CcFHbafgYDZ8yA8Me1PdtDiVb2eeaS61LbqyKKK5CsNZ,26R9s4nmF3CFDTkiePDwRmtscn8i7r2eygbSijditJ58,91.82982345,91.77085349999999,91.64071001518427,0.99794060983991,0.009164071001518429,1.0,100.02928674,48.32312465,148.1464120611668
Sid7E679i9ABqptiAVhkmQ27YHN8vaYT4fppPwmxFsJ,GP7KB8o1bv527HG8kTzzzf4wJ5aEGHvcMQvVhLziUfmT,9gYxhAZ1M9wu5pxr8SBoa5NDm21gi3s9vMHaYTME77sa,436.8259599999992,864.6216590000085,3.0899565382554965,0.007073655920668044,0.0012359826153021986,0.021283815033601397,135599.23784,8832.212704,1147.1655331143506
parEAJhzYzHW87y9VoZAQ22dzQ2MD2ekEtTReaxbMcz,3oyc6hpjYSJEquK6dSvG72NXyz3pqLZz5D8AC71pwgQb,Di2vordgFJVZ1aj1aBpvzXtLfZgJsuLLXawGtVFwX6Rz,0.562146494999979,0.6666531139999279,84.0350491798297,149.4895902176404,0.03361401967193188,178.27132789142277,1106.276470002,137.46165453,189882.28785523184
MATgk4zXLXtYkwBH678J1xZbRDZ45LicNzkRBHkxTuY,y8dALFo1bJrSzPYjMX14HJX448pXqYmrfXHD1K8MXih,GN7Yuet3UyiWS5YVkEHv6oQKi4HGBJc3XDPt9zQhAqZz,203.57579400000031,203.81044399999973,203.6586830840155,1.0004071657164466,0.08146347323360621,1.0,4039.032503,4046.817546,8087.494604562835
B2izdXFYb2sNwbWWHmh75T4aQFtfXsUxem9u2p61HGzf,4DYwgJtxwuJdAjkj5RJSNH4e7U329V5cNp7d3a1nLrZv,EXNW64GEf1ACC6xY9BtKRiunrs6GoJSXBdxWN2eTPmrF,2546.2948979999856,2515.794647000006,2565.704452180733,1.007622665464237,0.2565704452180733,1.0,10242.956728,29504.688563,39825.7239235022
NorjjEePhxfwLF4vZjUHCrVVKLzQjEEGQFd3wgjEJmh,34M8pFVqgbV7aqHxvRT5tCv3vu2P1JJYT8J3VaxBK2oG,3AZWBSze3ucsY3xSeuLne3b2pauVqiaJ1SZSV5T9WGWw,14.561007999995581,16.70557799999324,8.208365301084424,0.5637223261663556,0.0032833461204337696,1.0,38257.636967,2119.168092,23685.852196665197
MATSnbbiTCv7Dc3trJrkrqjx7ckKdr6fwPoVwv9q3sD,631WX9JizSHJm4w6VanZeJAst9T8DeUUnPLesdGkCVtK,211maUSfpnXbPuW1iBu8b4dtJv5EbN1j7JJiEX5TZKEP,13880.288250000001,13902.972270000002,13867.336158028404,0.9990668715419798,5.546934463211361,0.9922751380502787,24076.969345,21513.418851,45401.73310003079
STK75uPSyBnEhGTTzb1nwmP3n427XoXmfRhXxxhyady,6TYyD5fUmDe6N65avW1Ny2RxzRNobw2RRgKwH9CTzSAU,54zDfk4cx2vGrEajPtodWpArNe5eUurytyxd4X3aZAxK,170.31814396900091,192.94896110499735,26149.80784610273,153.535068177247,2.614980784610273,174.1259616759206,1504.447227946,256.486531394,275646.37164766085
