0,1,2,3,4,5,6,7,8,9,10,11
YAkoNb6HKmSxQN9L8hiBE5tPJRsniSSMzND1boHmZxe,CfWX7o2TswwbxusJ4hCaPobu2jLCb1hfXuXJQjVq3jQF,EnTrdMMpdhugeH6Ban6gYZWXughWxKtVGfCwFn78ZmY3,4633694.989769992,4631991.082856977,4633694.989769992,1.0,463.36949897699924,0.9944964566091252,451562.001681,1536942.284415,1980045.6575444518
BSCNHw8CmxbZ8hCWWzMf5FaG2ajPT6JxfznKUNuRVrn4,7n9kgNL633yGzCYksgnzHyjG73ZLBAwvEae5sbAekbzW,SscdxE99omdG9AiMVwmaEMQySQnCgeAh1sPj2Leutm2,40.69042347600043,40.71587689899934,40.6289288294499,0.9984887194259159,0.01625157153177996,1.0,6514.822135385,5196.149362262,11701.125773510179
AURHmCnNwiW4uA2Qj1XvEh4iKgRUZYXtiY7FKAapUV5Y,BKWm4TRnTeKwfWXRyuzjRHU7iZDkPuXBX5b5V5jSVfGJ,A5Ww74HVrkj9nPeC7pHKLfgeDMEhBCpW1efQdz3TGLEg,0.403738933999648,0.35592789100002165,61.92721454715861,153.38430191429742,0.024770885818863445,135.0872521807473,272.449225521,1806.872820765,285874.91866084933
SUiuyGR7SFq3xeRVJonq84fjjeFwRSsFekcevJ53tzy,49GjCCPsv7fBqo6t3iKDrP1xxGDS8uWZbVCdfnp2gjMf,CEwj5xEbbJEjYqM8D6Ai8ByGz1mrh8mkAVsE5fzDSSSx,7.501444999999982,5.55709899999999,0.045833177046847806,0.0061099130963231645,1.8333270818739124e-05,0.9288673391666201,684.343714,1.373082,5.456691644352615
BSCuChvaSj9b5HUSqgDVRzcnr2sSn7cXaamt1jbKH6hn,GnKpRj5kBVPMJfiwZtEuD9GYApLzPdW5JFuZTcyX4BTc,3dmwD9okkomV9nDwyuh4UMhKdUR13QpuKxRo89ycZB5t,200.88919014400017,201.569008296,200.30306731448587,0.9970823575469931,0.08012122692579435,0.9988104167935988,1777.489062934,1230.75037479,3001.5892801971063
DFWzVTzNBrQZLjoQ4yQwkj9HuoXmfkuZP9V5vbymZe23,DhgiEgiNdqZdRdo195UUHnoEJUtefK8buko8nU97XJUZ,2K2kkXsouBHtWVjtcgkyiXd8eP3oVBvq1bTJzcVdLLr2,6.409423101998982,6.412182005002251,6.332557793588812,0.9880074529038039,0.002533023117435525,1.0,43305.86344084,24699.502622199,67486.01845618329
JSoLLrxK5bYdHwTEWYaGgmeycBCNXKDiBCTw5hXGBg7,xG4wXczA7Dk4hccJ61CHKpDHW4NrNfQwgmWgkb9BuF2,BVR6WgfhsRr9Lob4QDnkEAiNGgAbv7ZieKcY9kSg3QYR,0.8103262090000598,0.6882348540000329,129.56736309604332,159.89531334044975,0.05182694523841734,134.9293496432333,17.414120681,171.806766191,25966.211509295576
parEAJhzYzHW87y9VoZAQ22dzQ2MD2ekEtTReaxbMcz,3oyc6hpjYSJEquK6dSvG72NXyz3pqLZz5D8AC71pwgQb,Di2vordgFJVZ1aj1aBpvzXtLfZgJsuLLXawGtVFwX6Rz,0.43612352599993187,0.507626891000541,57.6092976734063,132.09399227276563,0.023043719069362523,156.96302908509233,1106.331517741,137.427799671,167710.83067245613
SAMyS8Jr2HJrkFwYVKbpUwsNStnQmvz3f8Tup8bWUWF,6jPzm5TFfquvgm25sTyN3MMGBfufRaFHMxobDWv6hMFW,Cj9ECoDmxsHTDzCY5ZA6RWrPbg9uFzEC1Qc2kso2vJG6,1249.065656079998,23.573724779999964,1261.3320344349559,1.0098204432210987,0.5045328137739824,0.0,447.99233376,110576.34553669,452.3918170371776
RoBgmK8CvjdHvPrqdDyVw54VwjZv2TqJ493xnqJAQHx,ExiHJxM7qPAcy27NDHAF6G7vnW7muNHi2sVJpnaNynGQ,6rkPHSqZb7StM4HwS9EuVrmfkV7tRdc7dnsFhyB6cefE,29.630856999999448,37.80326499999988,0.0,0.0,0.0,0.9265882649449421,6288.919154,18.565783,17.2028366573143
SoNcU2iwHMw6dGzsYNQkYFkUjwN1UdAjrWVRnStrZu2,8ivTTid27jZnYNc4w3CTA1Z6QS2twsFb8WMwUabeDJgc,CyXm53PMvHCbeXJBykU46Rcbo28xk5srhMZFg7gv6EYB,0.20691179399999626,0.20488159599999634,33.476468872298234,161.79101357701649,0.013390587548919293,160.1338206312251,12.534093394,16.376802931,4650.383697549922
Sid7E679i9ABqptiAVhkmQ27YHN8vaYT4fppPwmxFsJ,GP7KB8o1bv527HG8kTzzzf4wJ5aEGHvcMQvVhLziUfmT,9gYxhAZ1M9wu5pxr8SBoa5NDm21gi3s9vMHaYTME77sa,1380.0755190000054,4328.506422999966,8.44669665598097,0.006120459742740308,0.0033786786623923883,0.019076159161857665,136430.917198,8565.284422,998.4126652761474
KEVpg4SYCVrqFxKijQH6hm4QxsRdoE51ud64bEEFUC9,2bPenuBYfqzD8p5dFjCcggwkHDsc2RQDnx9AoyYGUBjA,AE6n6iLuX8oYu61vt5hoDYkjswpnxFxrhSehxrnQTnbx,1251.7709949010004,1253.742087398999,1248.6911294474965,0.9975395935310455,0.49947645177899863,1.0,5940.340319106,1607.171190512,7532.89585786908
MATgk4zXLXtYkwBH678J1xZbRDZ45LicNzkRBHkxTuY,y8dALFo1bJrSzPYjMX14HJX448pXqYmrfXHD1K8MXih,GN7Yuet3UyiWS5YVkEHv6oQKi4HGBJc3XDPt9zQhAqZz,1110.8405190000003,1110.893943000001,1111.0382838145192,1.0001780316896407,0.4444153135258077,1.0,4179.667583,3908.332754,8088.744450281938
STK75uPSyBnEhGTTzb1nwmP3n427XoXmfRhXxxhyady,6TYyD5fUmDe6N65avW1Ny2RxzRNobw2RRgKwH9CTzSAU,54zDfk4cx2vGrEajPtodWpArNe5eUurytyxd4X3aZAxK,178.36898300000001,202.63869429600447,24116.965855579154,135.2082937849074,2.4116965855579156,153.56949249889814,1535.937548825,259.734236547,247558.75022791274
B2izdXFYb2sNwbWWHmh75T4aQFtfXsUxem9u2p61HGzf,4DYwgJtxwuJdAjkj5RJSNH4e7U329V5cNp7d3a1nLrZv,EXNW64GEf1ACC6xY9BtKRiunrs6GoJSXBdxWN2eTPmrF,3808.776112000007,3784.2810229999977,3832.3026177704996,1.006176920112571,0.38323026177704994,1.0,12774.437232,26957.490402,39810.83431226511
wrmcMSHFi3sWpAEy4rGDvQb3ezh3PhXoV2xNjgLBkKU,8p4mGnARWPBu6P2Gcw4adodLkNDorrXniZMhaY7eJXUn,AyY89zccbsgp9LKFgH4CFZMJmpSgqmPSdTfukhP227rc,0.009771760000001586,0.07174134999999483,2.9706725522210933,304.0058855539443,0.0011882690208884375,3560.9999287800015,27.18148741,0.08668162,8572.005393396974
AUSejoEUCh2DBs9mof6BNC8Pubs22w4cJa1ccV9h44R,4xkyD7AfGQDwsQMy9MosRRNGoVJ1zosNinesxg1TzHG7,Cbm5gsQe3nSiCsFrvepVzMCD9xLK3ri9g3ypS2hdmVJ7,1297.0539900000003,1294.3871349999972,1299.1963648055648,1.0016517236923688,0.12991963648055646,1.0,13839.80729,15043.998941,28906.665768598712
MARpDPs5A7XiyCWPNH8GsMWPLxmwNn9SBmKvPa9LzgA,6YjT74rmcfCpw8LSjPNx5JTmZoYLGrTKnf9arfSgZ4SR,F8GSmi3vA8M8TsybLya1LQ4n1aFHCRbZ6k437PeTdXtg,39311.341107999964,42486.27146200056,36459.24384011897,0.9274484871924,14.58369753604759,1.0,300387.621366,12614.290827,291208.3358342201
FrnkTEL6yZ5Aycq2TrEgu29dCrwKG4LPUZydfiwqspkc,DjvZuMZ46fxKBoBpGMPcRcos4xdTtHFxwMh69DpA2ZFY,9rvDPJLAng4uVVqnnSoEXgNDFhBZQTny9AoQioYDZbQX,15.06801200000075,12.470817360000012,2468.663254645287,163.83470192651586,0.9874653018581148,135.31041698069959,168.023913179,1445.60204234,223133.1628693846
vEnkoSUkpnbRrPgBz9DfcVxNz67zjwMYBZraAvDDNSf,DtfyjjsZ5yCjWKLKHvwsfXs5QVsmm1QkK6Sh9JZHoq1g,e5wrKCRv4GhHvEf1VD5Pq2KGaZDXP77nTL612Jyrxwy,11109.156295000004,11111.513742999996,11093.126726879666,0.9985570850121576,1.1093126726879665,0.9962322496318923,11808.99831,11398.950253,23147.960783335315
ALBpShJ9NLpE739pcHDF2LNVk5J4VYPvvKuV6jMPitZi,D6d156U1bPiJpDYRLextvDRccgFk7QzkQbJg42ceKEu5,GNcM8U5g8RwTZffwwm3kSQqUNPSwv5d2fbN9sLxPJqt2,6136.356521000016,6138.910115999992,6108.30717445492,0.9954289900775639,2.443322869781968,0.9992655398282263,52475.478025,47877.523969,100077.97192878477
KZMu9QBEdL97EFgamLbN5DE1AoKBG4HdrKKJo4Vuon3,DD4ACBWyVqdaKWh7v5btsgqQCCMwbKnuL2xd9pv7Gyuw,GcYqiJ1MAuYbNTNYXm1F1gQYTfTgkErACAhNU5dpVj9T,29.54636008999978,29.42423444000019,29.83651844165376,1.0098204432210987,0.011934607376661504,1.0,1209.58648577,1881.27564032,3102.7408014945127
Cob4usZcpHEY7Qt4ZCwj6WVg9S44zvzYV2v9qYF65dTf,NhFM9UXE48PyNAyeyPYA3iXztqKVJwA4bTdLj4ysM8w,6TuFuynuBoeskxyR2cz4wxyidk8dpDK7kAWw3UkjQGx,10.191423,1719.6417690000017,0.06218681882830105,0.006101877905401537,2.487472753132042e-05,1.0,38607.210468,73.762922,309.3394065438761
BUSDTd9WiT6uBHJRgNvFXBsA7JrifsAtWzKfioN7ERcy,DyBxrn7gSc1EwnpWhDyhzvMHPtxpmBqRqotapLcKcfTM,Cds99GeBgoCpqBsoRWu1C6fF9LiUMd4pXQQD24s9LPff,238.14941079000002,238.48673436,237.6703434321507,0.9979883747926979,0.023767034343215074,0.9992515605811246,105.48582898,80.60192326,185.81522863080573
C2ypsDADXcCRz8HbV2zX1AXPSja7a1P3xZtRC91xGhJh,J9bYNuDpY1d1T86gLaw7DGk5D3CsUAf2tzUwxMvb6FTv,A2NGvvPrMGzsJ4jb52KEnSBVmsA7C34dV1GC7PerdgvG,53.45498253999983,54.135490363999,7170.476238894488,134.1404654566839,2.8681904955577955,136.44625457077896,3473.507893674,1378.431899847,654019.8355399023
TETFuZgEmET6d9vYmz9iMFCxK1jKdKYxf3oPz8hSzJK,Eu1Ze6Z84LWNkq7SNoAHBJbXx5t1P95EwyqYohrfCRFV,ASMbv7WNu3qe4pkhREmvyEdwFNDZQ6B6iSrjkj4u8bdC,29.360305020000006,29.596716070000042,29.25100973366852,0.9962774471771655,0.01170040389346741,0.9991756800639472,207.890705551,44.122563212,251.20301352172467
WiiQFxXqp8P9Fs1rt9SVcDyA3KUdJmUsog6wnVQAwba,3S2jpqSYxho6wiz3cafhjXruVY8cg4HYa2v3BqBHYFSj,Dfe67M6TfrG74gKRtdqys4e6E9QirPD53BkF4FujFjuv,15575.759672425,15532.709412331,15598.00643829366,1.0014282941144788,1.5598006438293661,1.0,7573.423393292,19283.974477437,26868.214946788095
HEDSDjj84KS7LKhZY7ejkCACTdPen62rKhCby1wXtgxc,EnnjMSFttpCTywBrYNt1J5QQeoSVkvzPipJDa8Y7kJow,6bjVT6JN2rSvpyn9PdfLYC8wJn4LWh49jpY47fnLDXZk,119.10165269100071,132.81560185698527,106.56184709831562,0.894713420768236,0.04262473883932625,1.0,43261.83101735,4887.625343431,43594.56616166159
SoN9GaFpSXfpyR5dth3x7PHPVhvJMpQqqDJfCSmPv1t,9kZ9iS68ViMPtoeqtnhAKuF2iqVyfHPdZHoUNdwCELr,BBhm5fJLjw3HRzjtKB8uMEYjGhY6EDm9co3cqpjrSzB9,0.1208298300000008,0.11959607699999975,19.74472032658346,163.40931975641553,0.007897888130633385,159.9003756699426,3.075252314,5.121780331,1321.4994877359059
KysFMBBoavfov2tLpvefWW6tPFt6rAeZWDJVy1mMQae,B8ka2V21TH3x64dFV8ETcjuQcwmrciJ2qzy1mJUttRew,7fSf7EYxBANyxzk2s5pymFgshA91tFYQNKKs5UnLWcYS,53.449685000000045,66.35288500002935,0.0,0.0,0.0,0.019050956412307123,130641.594432,3032.944833,57.78049981441511
RajgMbScQbqqrdJfR2rxfHJiTiY5b6bJ2tTXiF4aPxy,725ZA3fhyBAKb5iopNRrcbSuQa3LXA1656Q3mBvYPxeg,GLA6i1dSZpUfk2f9Nj8uiG7xyDdAR2reff8oEiZH3617,13620.17100853,13649.479658380034,13595.792664618926,0.9982101293812092,5.438317065847571,1.0,132038.8546873,52221.0213689,184023.5435896564
heyk4SZTeCUV6a65WiVA5bzic3KcxgVf1qxobfeV4tQ,9ZDpBKPqMABtGfq66FbVribaArMvtk63xxy91onZAtDt,DaTP4s6N7xxSPinbNZ3FB52EpRDRt87QShTuN3VPCW52,1.6071844210017616,1.390125797999758,252.2826322792355,156.9718004869579,0.1009130529116942,134.95788436781476,606.795957679,4496.398801481,702074.3235269343
C98Sspw7XqnMsgxea3SLQVdbMDL8pKUc3RE82UvX9eq2,CSqgQJurPCzGxb4Cgwx5R61hWQUiaoUHcShNc8r1cKEL,6S2CR5EnukPhC914XkAns8m5GixjMAoUuZMsS5ubHuWc,40.58624600000003,45.80340799999988,0.0,0.0,0.0,1.0,659.330074,70.195594,70.195594
ALLwa5WNZbvQsRKAqe1jdRGemdYQnW8E5k4msbRFcYtu,CGoM82Hbz7QVqTgvQatYtjvDWBvoUJp5qm21P8iMs9yb,3dxNNww8TivyN5FMy5dCNdi3Zcxv6e4kUfSPxfFwpdNq,0.1992964560000008,0.19886368199999982,709.3410307517112,3559.2255125284737,0.2837364123006845,3556.288941363908,2.284156966,6.482124029,31182.135748888795
Lee1XZJfJ9Hm2K1qTyeCz1LXNc1YBZaKZszvNY4KCDw,9DgFSWkPDGijNKcLGbr3p5xoJbHsPgXUTr6QvGBJ5vGN,2hNHZg7XBhuhHVZ3JDEi4buq2fPQwuWBdQ9xkH7t1GQX,1379.2776188222215,1152.8063708559757,222259.68900255483,161.14209784129213,22.225968900255488,135.0126567615081,6538.372321261,54062.601935992,8352742.551133569
KEN5P7p3asnb23Sw6yAmJRGvijfAzso3RqfyLAQhznt,9zj4aX38Uxf3h6AUjS4EipWS8mwbEofasHAf3a1uKGds,CwQDG1MWunn9cLNwcZLd8YBacweSR7ARo32w4mLua1Yr,61539.66650999943,61546.78197199991,61521.21014695534,0.9997000899730081,6.152121014695535,1.0,992568.622614,944812.645216,1937083.5865476006
ercAoEmXjQzEvAFbdjAo81KtMxRGn9AW1ju882upmPH,CMRhskR2Eg6V42RTSdRTXGdozyPbWB8U9dVpijPWb9T4,7TKLLgrWswt6ZJ1pXhVR3FyufHGjJFqiEXxvWJfDcgRm,0.4559491589999993,0.3999999999999986,61.40729414141405,134.68013468013467,0.02456291765656562,118.57835930713242,34.947010277,304.741937244,40842.46698124504
GokA1R67GqSavkd15zR62QD68Tuc5AEfvjssntVDEbM8,3YB7hfpBdbQEuZqLGWVDpRPmeZWCUsrrWyqGXegnQ6Cg,4DPCj6Z1DsG6HUtwSogBGqXEUxdEV5a8YVrrFtcnz7UW,12720.134008000008,12722.898248999994,12718.50603922699,0.9998720163819033,1.2718506039226989,1.0,19616.17647,12853.01172,32466.677640762144
MATSnbbiTCv7Dc3trJrkrqjx7ckKdr6fwPoVwv9q3sD,631WX9JizSHJm4w6VanZeJAst9T8DeUUnPLesdGkCVtK,211maUSfpnXbPuW1iBu8b4dtJv5EbN1j7JJiEX5TZKEP,563.5124629999991,563.8535310000043,563.2629375186784,0.9995571961621003,0.22530517500747135,0.9977341457549905,21763.446127,23832.589945,45532.397959432594
BUSDgu5JdqP1rndBvXvanbEufS94FNh1w5FJcAj6vawb,Bgzr8cWubt89JQFXndVjtdKmDbGzuPxNhvjH1EhWCwbo,Dxaf8xPBBQsasRKW5Aa4Sw2YrbfGofY9xZueyyF23FBW,4894.0271411700005,4903.8242389100005,4873.0705014783925,0.9957179151060862,1.949228200591357,1.0,9854.70385636,5356.46788151,15168.973059352686
daob129AwBGn9Y5r91uLoWZeYiGzbPmksauMhFZKTze,6VW5GQNyj4LStgmxEHLr5zUfW92vQnmbw8jTnCH7a38F,4VPCCUifPeBA1c7HWK358CHn2nyjm8pdTRk6Ps3KmnMQ,11.466353227000042,10.238811344000013,1730.6449082934432,150.93246074246696,0.6922579633173773,135.08006262852024,48.577632073,224.034606054,37594.55016255026
BSC8REUo9LpiiWUuqMuLXs2D2yJsJfGd4HdiF3wCLxk5,AZjEH1zWVx1UJ6udMyRijGTzPteuLnaY18yNNmprJEsh,Caf8ypkSVR8xYnXNhjvfvdGCC7mrM3C11rz8Xi6NA6aK,159.34368211100036,159.93199013100048,158.83145622377964,0.9967854019661482,0.06353258248951185,1.0,3862.795173707,2368.668515866,6219.046355802429
SQDY9uoDoCbNq7F3HAHYYQZbrUzpKxDtdWLvYcqBLak,GiehZ4X2uQjhEKuxSm3ACmEFrabxh3RTvjbLfLjw1xGX,rxDQYV77NKRKYxCjq4cECX3QQsiSyLv1T1FT2X3zNA2,0.01382841899999221,0.013857999999999038,0.013858404679648849,1.0021684098273749,5.543361871859541e-06,1.0,169.738532746,236.94898152,407.05557696849064
SEQV6QiTpvTzrceiaYg9Avnwf7oc8ZALpnQMz6TyT4A,3dFMPj4r9mMmPHF32mz1gNDX7f8ftidWof7S8YiYTs1j,Fc1ED3YPeQfXQosHbd8DTaBd2AV5gHQtwiSAL5C5pUhi,1410.2532693360001,1413.0226154069992,1408.1038073227448,0.9984758326323417,0.5632415229290979,0.9988463324859786,3904.665428181,1658.48531694,5555.286040861109
KwnjUuZhTMTSGAaavkLEmSyfobY16JNH4poL9oeeEvE,J63v6qEZmQpDqCD8bd4PXu2Pq5ZbyXrFcSa3Xt1HdAPQ,BnKQtTdLw9qPCDgZkWX3sURkBAoKCUYL1yahh6Mw7mRK,157.25831400000027,8017.349855999812,2.994019835337049,0.019038865158741584,0.0002994019835337049,1.0,278938.417968,548.350025,5859.020952285452
Lid8SLUxQ9RmF7XMqUA8c24RitTwzja8VSKngJxRcUa,4PgzyzLtds9bKZ2to9PMnKqJzKEUpjvNUaeN23phegax,AtymwxoVN9peZo7EXTcDz9jKVc4vRmisJKKrNfe3ewBa,59.422644376994754,50.110555390999025,9518.500080731415,160.18304436846074,0.9518500080731416,135.0697723169369,953.873274001,7633.927342933,1183907.1530651904
