0,1,2,3,4,5,6,7,8,9,10,11
BUSD5rCfUDpCxKGMvYU2yThChxgHoioK74PTPociGnv2,CcFHbafgYDZ8yA8Me1PdtDiVb2eeaS61LbqyKKK5CsNZ,26R9s4nmF3CFDTkiePDwRmtscn8i7r2eygbSijditJ58,132.15901645000002,132.42847014999998,132.0562252048628,0.9992222154197394,0.013205622520486283,1.0,79.79141438,68.58778359,148.31713743825804
Cob4usZcpHEY7Qt4ZCwj6WVg9S44zvzYV2v9qYF65dTf,NhFM9UXE48PyNAyeyPYA3iXztqKVJwA4bTdLj4ysM8w,6TuFuynuBoeskxyR2cz4wxyidk8dpDK7kAWw3UkjQGx,7.520670000004884,327.3294209999987,0.04524637842380946,0.00601626961743835,1.8098551369523784e-05,1.0,38609.377682,73.750541,306.0349668964189
AUSejoEUCh2DBs9mof6BNC8Pubs22w4cJa1ccV9h44R,4xkyD7AfGQDwsQMy9MosRRNGoVJ1zosNinesxg1TzHG7,Cbm5gsQe3nSiCsFrvepVzMCD9xLK3ri9g3ypS2hdmVJ7,762.1726020000024,761.4235119999976,762.9760157445813,1.0010541099778065,0.07629760157445814,1.0,14091.282326,14792.273959,28898.410046299927
SAMyS8Jr2HJrkFwYVKbpUwsNStnQmvz3f8Tup8bWUWF,6jPzm5TFfquvgm25sTyN3MMGBfufRaFHMxobDWv6hMFW,Cj9ECoDmxsHTDzCY5ZA6RWrPbg9uFzEC1Qc2kso2vJG6,558.2307807399854,174.98421034000035,563.6050820886484,1.009627382677714,0.22544203283545936,0.0,441.24253399,110931.16212638,445.490544718406
Sid7E679i9ABqptiAVhkmQ27YHN8vaYT4fppPwmxFsJ,GP7KB8o1bv527HG8kTzzzf4wJ5aEGHvcMQvVhLziUfmT,9gYxhAZ1M9wu5pxr8SBoa5NDm21gi3s9vMHaYTME77sa,107.09739199999967,337.10058799997205,0.644326785596483,0.00601626961743835,0.0002577307142385932,0.01878442915838563,136428.511864,8566.0946,981.6999080574403
MiMuMS9C4vBqcrYeeQPph1E7oAW9aNKvW9k6Zw9XffM,Afy2q2hh6Y474pshJa5fnQ6PfEchGyTbKrQpCZw2hr3m,5pXz9ksgjeL8Wgb37bksUaBFMLdFfsNNY3FQnikkCPtS,0.008258036000000857,0.5456489999996847,0.0,0.0,0.0,0.0,25.982227486,7675.322347924,0.0
BSCrK1Nx9PXU9mF7STWWBqeHLxmtJDr9h7jheEy4tAWX,FfSySSbVJPvEo5a5AvrP3nySoXpRE2QPn1uUMpJJ1x7v,HL7Vcj6838ZmvBHDbQxXfjBNckNi83WvPiZQoMQLFeRM,0.2031124000000002,0.20178116499999998,716.1200018333816,3525.7325590824635,0.28644800073335264,3502.504290567756,0.598023242,1.207760612,6338.656740916191
Lee1XZJfJ9Hm2K1qTyeCz1LXNc1YBZaKZszvNY4KCDw,9DgFSWkPDGijNKcLGbr3p5xoJbHsPgXUTr6QvGBJ5vGN,2hNHZg7XBhuhHVZ3JDEi4buq2fPQwuWBdQ9xkH7t1GQX,941.4902378022016,786.6444307500124,149982.61805334745,159.30342347836157,14.998261805334746,133.08411115451133,6533.382758125,54068.667144687,8236470.748523613
ALBpShJ9NLpE739pcHDF2LNVk5J4VYPvvKuV6jMPitZi,D6d156U1bPiJpDYRLextvDRccgFk7QzkQbJg42ceKEu5,GNcM8U5g8RwTZffwwm3kSQqUNPSwv5d2fbN9sLxPJqt2,5024.756965000008,5029.983789999998,5017.376404309269,0.9985311606626652,2.006950561723708,0.9983397609774944,53276.221234,47079.365119,100199.1691443816
MiMUFdSLMyCLpqpH6zkqdDrGYs7XBomwENbivdYjv9V,,,0.010449064000000008,0.008258035999999996,0.0,0.0,0.0,0.9983397609774944,53276.221234,47079.365119,47001.20211987465
B2izdXFYb2sNwbWWHmh75T4aQFtfXsUxem9u2p61HGzf,4DYwgJtxwuJdAjkj5RJSNH4e7U329V5cNp7d3a1nLrZv,EXNW64GEf1ACC6xY9BtKRiunrs6GoJSXBdxWN2eTPmrF,3225.5753119999754,3205.0523079999984,3243.710899639862,1.0056224350342766,0.32437108996398617,1.0,12823.757623,26908.188419,39804.046786130624
daob129AwBGn9Y5r91uLoWZeYiGzbPmksauMhFZKTze,6VW5GQNyj4LStgmxEHLr5zUfW92vQnmbw8jTnCH7a38F,4VPCCUifPeBA1c7HWK358CHn2nyjm8pdTRk6Ps3KmnMQ,9.604233520999827,8.572555148999975,1429.813981466141,148.8733045005442,0.5719255925864565,132.80579330743797,48.319904551,224.326602832,36985.41631272457
heyk4SZTeCUV6a65WiVA5bzic3KcxgVf1qxobfeV4tQ,9ZDpBKPqMABtGfq66FbVribaArMvtk63xxy91onZAtDt,DaTP4s6N7xxSPinbNZ3FB52EpRDRt87QShTuN3VPCW52,2.1970595829980084,1.8897071199997981,340.03246440365365,154.7670655065534,0.13601298576146145,133.02275181240174,606.652860464,4496.566090355,692035.4780405245
WiiQFxXqp8P9Fs1rt9SVcDyA3KUdJmUsog6wnVQAwba,3S2jpqSYxho6wiz3cafhjXruVY8cg4HYa2v3BqBHYFSj,Dfe67M6TfrG74gKRtdqys4e6E9QirPD53BkF4FujFjuv,2959.277244443001,2953.8417259609996,2965.6298994912922,1.0021466914126482,0.2965629899491292,1.0,5842.811234973,21018.019924994,26873.373872670843
ALLwa5WNZbvQsRKAqe1jdRGemdYQnW8E5k4msbRFcYtu,CGoM82Hbz7QVqTgvQatYtjvDWBvoUJp5qm21P8iMs9yb,3dxNNww8TivyN5FMy5dCNdi3Zcxv6e4kUfSPxfFwpdNq,3.121267853000001,3.1209367370000005,10932.63696322242,3502.626970227671,4.373054785288968,3503.019602897698,3.326950582,5.439290513,30707.008130022325
SUiuyGR7SFq3xeRVJonq84fjjeFwRSsFekcevJ53tzy,49GjCCPsv7fBqo6t3iKDrP1xxGDS8uWZbVCdfnp2gjMf,CEwj5xEbbJEjYqM8D6Ai8ByGz1mrh8mkAVsE5fzDSSSx,0.10058400000000045,15.312972999999943,0.0006051404632004217,0.00601626961743835,2.420561852801687e-07,0.931597456738943,684.581834,1.371573,5.396382807076226
AURHmCnNwiW4uA2Qj1XvEh4iKgRUZYXtiY7FKAapUV5Y,BKWm4TRnTeKwfWXRyuzjRHU7iZDkPuXBX5b5V5jSVfGJ,A5Ww74HVrkj9nPeC7pHKLfgeDMEhBCpW1efQdz3TGLEg,0.007485925000082716,0.006598554999982298,1.1308153130306269,151.0588622004805,0.0004523261252122508,133.12601175768935,272.445634478,1806.876896799,281697.6425636956
KZMu9QBEdL97EFgamLbN5DE1AoKBG4HdrKKJo4Vuon3,DD4ACBWyVqdaKWh7v5btsgqQCCMwbKnuL2xd9pv7Gyuw,GcYqiJ1MAuYbNTNYXm1F1gQYTfTgkErACAhNU5dpVj9T,14.857515120000244,14.722376429999713,15.000554103700408,1.009627382677714,0.006000221641480163,1.0,1215.35215188,1875.4622792,3102.5150913343323
FrnkTEL6yZ5Aycq2TrEgu29dCrwKG4LPUZydfiwqspkc,DjvZuMZ46fxKBoBpGMPcRcos4xdTtHFxwMh69DpA2ZFY,9rvDPJLAng4uVVqnnSoEXgNDFhBZQTny9AoQioYDZbQX,9.274391358999793,7.674397247999991,1483.7414237716885,159.9826194882188,0.5934965695086754,133.17473110690042,167.928098834,1445.721800845,219399.18922005655
KysFMBBoavfov2tLpvefWW6tPFt6rAeZWDJVy1mMQae,B8ka2V21TH3x64dFV8ETcjuQcwmrciJ2qzy1mJUttRew,7fSf7EYxBANyxzk2s5pymFgshA91tFYQNKKs5UnLWcYS,8.181350999991992,6.615659999999934,0.0,0.0,0.0,0.01878442915838563,130633.413081,3039.560493,57.0964087533862
BkwbeSfcX1h4thMDd7obGkHrPevf3QwgzJ4pCEqG18Lu,35yX27bmurdebhfAb8EPmjLETDiUaEUCn9zHaDPbakH2,2CxECn1ZJFoESyUnQysQU8rRgT3iJ5GRs2Mdd6gZjx5g,0.015088659999999976,0.010944140000000102,0.0,0.0,0.0,0.0,1.03827844,21.74318824,0.0
STK75uPSyBnEhGTTzb1nwmP3n427XoXmfRhXxxhyady,6TYyD5fUmDe6N65avW1Ny2RxzRNobw2RRgKwH9CTzSAU,54zDfk4cx2vGrEajPtodWpArNe5eUurytyxd4X3aZAxK,158.45489678499882,180.01967176999574,21120.732718822597,133.29176407517707,2.1120732718822595,151.68763874678706,1536.095888103,259.611846978,244128.8387726597
2jQoGQRixdcfuRPt9Zui7pk6ivnrQv79mf8h13Tyoa9K,,,0.0007810429999999999,0.0008081300000000004,0.0,0.0,0.0,151.68763874678706,1536.095888103,259.611846978,39379.908058785026
C98Sspw7XqnMsgxea3SLQVdbMDL8pKUc3RE82UvX9eq2,CSqgQJurPCzGxb4Cgwx5R61hWQUiaoUHcShNc8r1cKEL,6S2CR5EnukPhC914XkAns8m5GixjMAoUuZMsS5ubHuWc,26.242262999999966,30.029257999999913,0.0,0.0,0.0,1.0,665.039824,65.187904,65.187904
RajgMbScQbqqrdJfR2rxfHJiTiY5b6bJ2tTXiF4aPxy,725ZA3fhyBAKb5iopNRrcbSuQa3LXA1656Q3mBvYPxeg,GLA6i1dSZpUfk2f9Nj8uiG7xyDdAR2reff8oEiZH3617,2093.7524315399933,2097.424453149986,2090.1333030218116,0.9982714630136479,0.8360533212087247,1.0,131944.38644163,52316.16287512,184032.47856464412
Lid8SLUxQ9RmF7XMqUA8c24RitTwzja8VSKngJxRcUa,4PgzyzLtds9bKZ2to9PMnKqJzKEUpjvNUaeN23phegax,AtymwxoVN9peZo7EXTcDz9jKVc4vRmisJKKrNfe3ewBa,30.06154542199704,25.34897237799987,4749.78340647461,158.00197028456944,0.4749783406474611,133.37781038717043,953.339809537,7634.563069514,1168910.8737320942
KEVpg4SYCVrqFxKijQH6hm4QxsRdoE51ud64bEEFUC9,2bPenuBYfqzD8p5dFjCcggwkHDsc2RQDnx9AoyYGUBjA,AE6n6iLuX8oYu61vt5hoDYkjswpnxFxrhSehxrnQTnbx,696.430901341,699.1514400419999,692.4329589276291,0.9942593839450938,0.2769731835710516,1.0,6492.256130463,1057.731228138,7512.717808825901
SoNcU2iwHMw6dGzsYNQkYFkUjwN1UdAjrWVRnStrZu2,8ivTTid27jZnYNc4w3CTA1Z6QS2twsFb8WMwUabeDJgc,CyXm53PMvHCbeXJBykU46Rcbo28xk5srhMZFg7gv6EYB,0.329081120999998,0.3256428790000001,52.480122431938256,159.47472851819592,0.020992048972775304,157.93716375177837,12.586228311,16.324253752,4585.391680919963
KEN5P7p3asnb23Sw6yAmJRGvijfAzso3RqfyLAQhznt,9zj4aX38Uxf3h6AUjS4EipWS8mwbEofasHAf3a1uKGds,CwQDG1MWunn9cLNwcZLd8YBacweSR7ARo32w4mLua1Yr,43286.63733700011,43292.05359900044,43262.3671490295,0.9994393145445405,4.326236714902951,1.0,991563.147329,945822.358262,1936829.550556123
C2ypsDADXcCRz8HbV2zX1AXPSja7a1P3xZtRC91xGhJh,J9bYNuDpY1d1T86gLaw7DGk5D3CsUAf2tzUwxMvb6FTv,A2NGvvPrMGzsJ4jb52KEnSBVmsA7C34dV1GC7PerdgvG,54.70258192900087,55.421780881000814,7276.370500751728,133.0169480884068,2.9105482003006915,134.9935925291306,3467.668188104,1358.403058073,644634.3482766809
wrmcMSHFi3sWpAEy4rGDvQb3ezh3PhXoV2xNjgLBkKU,8p4mGnARWPBu6P2Gcw4adodLkNDorrXniZMhaY7eJXUn,AyY89zccbsgp9LKFgH4CFZMJmpSgqmPSdTfukhP227rc,0.009408580000001374,0.06799184000000415,2.852952235402983,303.2287800499721,0.0011411808941611933,3498.950314905528,27.17435035,0.08729606,8545.489681908046
BSC8REUo9LpiiWUuqMuLXs2D2yJsJfGd4HdiF3wCLxk5,AZjEH1zWVx1UJ6udMyRijGTzPteuLnaY18yNNmprJEsh,Caf8ypkSVR8xYnXNhjvfvdGCC7mrM3C11rz8Xi6NA6aK,79.22178204099964,79.55608378100032,78.89013210679967,0.9958136521843407,0.03155605284271987,1.0,3942.351257488,2289.446733825,6215.293937737653
MAR3XM1n9xWPQ3HJjAcC85o8DopWFP5p2WxGTaZ3fPB,6qG7GUhER8Cg9gDEgnebph9LdS6eu2eoWcA4R7z9uizK,4QV4CwRXVMY227KkFF9voNAfwWHVvVajXSXDKbUHkWZR,0.0023220000000000046,0.10821800000000081,0.0021675025833606414,0.9334636448581555,8.670010333442566e-07,0.01885369852344055,0.10617,24.540574,0.5617864189627739
MATgk4zXLXtYkwBH678J1xZbRDZ45LicNzkRBHkxTuY,y8dALFo1bJrSzPYjMX14HJX448pXqYmrfXHD1K8MXih,GN7Yuet3UyiWS5YVkEHv6oQKi4HGBJc3XDPt9zQhAqZz,231.08308900000156,231.02308799999992,231.19961360525858,1.0005042541440885,0.09247984544210344,1.0,3981.163934,4106.91696,8090.088412412015
BSCuChvaSj9b5HUSqgDVRzcnr2sSn7cXaamt1jbKH6hn,GnKpRj5kBVPMJfiwZtEuD9GYApLzPdW5JFuZTcyX4BTc,3dmwD9okkomV9nDwyuh4UMhKdUR13QpuKxRo89ycZB5t,70.10215129199992,70.3381452619999,69.77264960537529,0.9952996922269598,0.027909059842150117,0.0,1847.827208196,1160.648223498,1839.141851606081
KwnjUuZhTMTSGAaavkLEmSyfobY16JNH4poL9oeeEvE,J63v6qEZmQpDqCD8bd4PXu2Pq5ZbyXrFcSa3Xt1HdAPQ,BnKQtTdLw9qPCDgZkWX3sURkBAoKCUYL1yahh6Mw7mRK,106.00351300002944,4762.753324000003,0.0,0.0,0.0,1.0,279147.858113,544.379076,544.379076
JSoLLrxK5bYdHwTEWYaGgmeycBCNXKDiBCTw5hXGBg7,xG4wXczA7Dk4hccJ61CHKpDHW4NrNfQwgmWgkb9BuF2,BVR6WgfhsRr9Lob4QDnkEAiNGgAbv7ZieKcY9kSg3QYR,0.5537812970000573,0.46759769599999856,0.0,0.0,0.0,0.0,17.322433252,171.91561327,0.0
YAkoNb6HKmSxQN9L8hiBE5tPJRsniSSMzND1boHmZxe,CfWX7o2TswwbxusJ4hCaPobu2jLCb1hfXuXJQjVq3jQF,EnTrdMMpdhugeH6Ban6gYZWXughWxKtVGfCwFn78ZmY3,4154646.14776099,4152577.490355993,4154646.14776099,1.0,415.46461477609904,0.0,339146.450305,1449464.252822,339146.450305
vEnkoSUkpnbRrPgBz9DfcVxNz67zjwMYBZraAvDDNSf,DtfyjjsZ5yCjWKLKHvwsfXs5QVsmm1QkK6Sh9JZHoq1g,e5wrKCRv4GhHvEf1VD5Pq2KGaZDXP77nTL612Jyrxwy,5453.109607000004,5453.493953000003,0.0,0.0,0.0,0.0,12611.042805,10597.652146,0.0
TETFuZgEmET6d9vYmz9iMFCxK1jKdKYxf3oPz8hSzJK,Eu1Ze6Z84LWNkq7SNoAHBJbXx5t1P95EwyqYohrfCRFV,ASMbv7WNu3qe4pkhREmvyEdwFNDZQ6B6iSrjkj4u8bdC,59.43236277,59.73482570699997,0.0,0.0,0.0,0.0,185.666389438,66.315244442,0.0
parEAJhzYzHW87y9VoZAQ22dzQ2MD2ekEtTReaxbMcz,3oyc6hpjYSJEquK6dSvG72NXyz3pqLZz5D8AC71pwgQb,Di2vordgFJVZ1aj1aBpvzXtLfZgJsuLLXawGtVFwX6Rz,0.2984558279999021,0.34551895900008844,0.0,0.0,0.0,0.0,1106.360962665,137.403149491,0.0
BSCNHw8CmxbZ8hCWWzMf5FaG2ajPT6JxfznKUNuRVrn4,7n9kgNL633yGzCYksgnzHyjG73ZLBAwvEae5sbAekbzW,SscdxE99omdG9AiMVwmaEMQySQnCgeAh1sPj2Leutm2,9.610894809000456,9.629570759999297,0.0,0.0,0.0,0.0,6524.451706145,5186.538467453,0.0
MATSnbbiTCv7Dc3trJrkrqjx7ckKdr6fwPoVwv9q3sD,631WX9JizSHJm4w6VanZeJAst9T8DeUUnPLesdGkCVtK,211maUSfpnXbPuW1iBu8b4dtJv5EbN1j7JJiEX5TZKEP,1634.3958180000009,1634.9461020000017,0.0,0.0,0.0,0.0,23398.392229,22198.194127,0.0
Dg3mAgpwDfVNnbGWcsxL8sUcSkEbjSJQhKAWNigG44Ju,EATxwd8YA2wV93VJcKMmH2Kn2Y9XfJVUB9hHVu3udwEy,GiGvrRi7NMHfHKanG2B8xyCEqe8jaafWins8bhrLVEaa,0.00033312599999998915,0.0003371839999999904,0.0,0.0,0.0,0.0,0.19606872,0.263597861,0.0
RoBgmK8CvjdHvPrqdDyVw54VwjZv2TqJ493xnqJAQHx,ExiHJxM7qPAcy27NDHAF6G7vnW7muNHi2sVJpnaNynGQ,6rkPHSqZb7StM4HwS9EuVrmfkV7tRdc7dnsFhyB6cefE,0.13513599999999926,8.181351000000177,0.0,0.0,0.0,0.0,6297.100505,18.430647,0.0
BUSDgu5JdqP1rndBvXvanbEufS94FNh1w5FJcAj6vawb,Bgzr8cWubt89JQFXndVjtdKmDbGzuPxNhvjH1EhWCwbo,Dxaf8xPBBQsasRKW5Aa4Sw2YrbfGofY9xZueyyF23FBW,5393.30597857,5423.471910770005,0.0,0.0,0.0,0.0,10120.00525486,5094.70289349,0.0
MARpDPs5A7XiyCWPNH8GsMWPLxmwNn9SBmKvPa9LzgA,6YjT74rmcfCpw8LSjPNx5JTmZoYLGrTKnf9arfSgZ4SR,F8GSmi3vA8M8TsybLya1LQ4n1aFHCRbZ6k437PeTdXtg,16660.952788000024,17897.466639999948,0.0,0.0,0.0,1.0,299681.945068,13283.597689,13283.597689
BUSDTd9WiT6uBHJRgNvFXBsA7JrifsAtWzKfioN7ERcy,DyBxrn7gSc1EwnpWhDyhzvMHPtxpmBqRqotapLcKcfTM,Cds99GeBgoCpqBsoRWu1C6fF9LiUMd4pXQQD24s9LPff,222.82614845,223.05086285000004,0.0,0.0,0.0,0.0,104.79439659,81.31445281,0.0
SoN9GaFpSXfpyR5dth3x7PHPVhvJMpQqqDJfCSmPv1t,9kZ9iS68ViMPtoeqtnhAKuF2iqVyfHPdZHoUNdwCELr,BBhm5fJLjw3HRzjtKB8uMEYjGhY6EDm9co3cqpjrSzB9,0.23022474600000065,0.22564683200000024,0.0,0.0,0.0,0.0,3.059730104,5.137737761,0.0
HEDSDjj84KS7LKhZY7ejkCACTdPen62rKhCby1wXtgxc,EnnjMSFttpCTywBrYNt1J5QQeoSVkvzPipJDa8Y7kJow,6bjVT6JN2rSvpyn9PdfLYC8wJn4LWh49jpY47fnLDXZk,75.82740349399592,82.65891893698972,0.0,0.0,0.0,0.0,43252.029260935,4896.426891561,0.0
GokA1R67GqSavkd15zR62QD68Tuc5AEfvjssntVDEbM8,3YB7hfpBdbQEuZqLGWVDpRPmeZWCUsrrWyqGXegnQ6Cg,4DPCj6Z1DsG6HUtwSogBGqXEUxdEV5a8YVrrFtcnz7UW,3857.224363000005,3858.0886969999992,3856.692139484756,0.9998620190413723,0.38566921394847564,1.0,19333.489256,13136.027468,32466.84907061884
SEQV6QiTpvTzrceiaYg9Avnwf7oc8ZALpnQMz6TyT4A,3dFMPj4r9mMmPHF32mz1gNDX7f8ftidWof7S8YiYTs1j,Fc1ED3YPeQfXQosHbd8DTaBd2AV5gHQtwiSAL5C5pUhi,2879.3587956310007,2891.9716723500005,2871.9541625796046,0.9974283743093666,1.1487816650318419,0.9987296159285389,3511.003996803,2052.969107309,5552.336056780778
