0,1,2,3,4,5,6,7,8,9,10,11
moFiBS1R4Lf3E3zzmBPnw3NF4RhWPkhREFviuzUaCAU,44ALBrpqi9PfZkBRTvbtRNtFJGsatfY4QydjtMbFWq8S,2ho8qEEie1UjVwWNBo9y4oAJZMyMLx8zPj9bxyUz6uWs,15.013465356001689,15.07658444599656,14.956260888654933,0.9961897892331775,0.0059825043554619746,1.0,42268.985765583,22175.337624613,64283.269645529304
SoN9GaFpSXfpyR5dth3x7PHPVhvJMpQqqDJfCSmPv1t,9kZ9iS68ViMPtoeqtnhAKuF2iqVyfHPdZHoUNdwCELr,BBhm5fJLjw3HRzjtKB8uMEYjGhY6EDm9co3cqpjrSzB9,0.6351113979999994,0.6215612499999996,109.59451585148965,172.55951664008674,0.043837806340595864,168.74957074327943,3.071276734,5.125667262,1394.9321789223648
MATSnbbiTCv7Dc3trJrkrqjx7ckKdr6fwPoVwv9q3sD,631WX9JizSHJm4w6VanZeJAst9T8DeUUnPLesdGkCVtK,211maUSfpnXbPuW1iBu8b4dtJv5EbN1j7JJiEX5TZKEP,51.28383399999802,51.29997000000003,50.97872632295514,0.9940506071164084,0.020391490529182058,0.9973132381364604,22539.86609,23054.784283,45398.60913890335
MARpDPs5A7XiyCWPNH8GsMWPLxmwNn9SBmKvPa9LzgA,6YjT74rmcfCpw8LSjPNx5JTmZoYLGrTKnf9arfSgZ4SR,F8GSmi3vA8M8TsybLya1LQ4n1aFHCRbZ6k437PeTdXtg,42946.32251599996,45800.3464460001,39503.185375487126,0.91982696215188,15.80127415019485,1.0,299898.766872,13033.028521,288888.00020596664
BSC8REUo9LpiiWUuqMuLXs2D2yJsJfGd4HdiF3wCLxk5,AZjEH1zWVx1UJ6udMyRijGTzPteuLnaY18yNNmprJEsh,Caf8ypkSVR8xYnXNhjvfvdGCC7mrM3C11rz8Xi6NA6aK,333.35164504700015,334.22610505500006,331.7395167249935,0.9951638807068753,0.13269580668999742,1.0,3913.93296453,2317.616722152,6212.6214399602395
YAkoNb6HKmSxQN9L8hiBE5tPJRsniSSMzND1boHmZxe,CfWX7o2TswwbxusJ4hCaPobu2jLCb1hfXuXJQjVq3jQF,EnTrdMMpdhugeH6Ban6gYZWXughWxKtVGfCwFn78ZmY3,4368474.2867009975,4365362.896335032,4368474.2867009975,1.0,436.84742867009976,0.9986917138548502,341229.049886,1405149.675352,1744540.387385875
Sid7E679i9ABqptiAVhkmQ27YHN8vaYT4fppPwmxFsJ,GP7KB8o1bv527HG8kTzzzf4wJ5aEGHvcMQvVhLziUfmT,9gYxhAZ1M9wu5pxr8SBoa5NDm21gi3s9vMHaYTME77sa,942.5838689999991,3314.711709999974,5.317616311350144,0.005641531206121404,0.0021270465245400577,0.019428128000977932,138524.087546,7928.146362,935.5170050216758
BUSDgu5JdqP1rndBvXvanbEufS94FNh1w5FJcAj6vawb,Bgzr8cWubt89JQFXndVjtdKmDbGzuPxNhvjH1EhWCwbo,Dxaf8xPBBQsasRKW5Aa4Sw2YrbfGofY9xZueyyF23FBW,4124.443054460001,4125.934017620005,4123.182803636069,0.9996944433933768,1.6492731214544278,1.0,7651.76861306,7548.63432023,15198.064884837928
SAMyS8Jr2HJrkFwYVKbpUwsNStnQmvz3f8Tup8bWUWF,6jPzm5TFfquvgm25sTyN3MMGBfufRaFHMxobDWv6hMFW,Cj9ECoDmxsHTDzCY5ZA6RWrPbg9uFzEC1Qc2kso2vJG6,2381.863603589998,49.93015137000003,2404.7793714633085,1.009620940442925,0.9619117485853234,0.0,449.94409074,110474.30821452,454.2729760396556
MiMuMS9C4vBqcrYeeQPph1E7oAW9aNKvW9k6Zw9XffM,Afy2q2hh6Y474pshJa5fnQ6PfEchGyTbKrQpCZw2hr3m,5pXz9ksgjeL8Wgb37bksUaBFMLdFfsNNY3FQnikkCPtS,0.018601288999999355,1.228041999999732,0.0,0.0,0.0,0.0,25.990485522,7674.776698924,0.0
BUSDTd9WiT6uBHJRgNvFXBsA7JrifsAtWzKfioN7ERcy,DyBxrn7gSc1EwnpWhDyhzvMHPtxpmBqRqotapLcKcfTM,Cds99GeBgoCpqBsoRWu1C6fF9LiUMd4pXQQD24s9LPff,27.35581535,27.35967841,27.279596974441322,0.9972138145186494,0.0027279596974441322,0.997304286513554,106.98526653,79.0738714,185.54789663211722
GokA1R67GqSavkd15zR62QD68Tuc5AEfvjssntVDEbM8,3YB7hfpBdbQEuZqLGWVDpRPmeZWCUsrrWyqGXegnQ6Cg,4DPCj6Z1DsG6HUtwSogBGqXEUxdEV5a8YVrrFtcnz7UW,3662.5863299999965,3663.5802840000106,3660.7303397177593,0.9994932569187421,0.36607303397177593,1.0,21841.694868,10626.216623,32456.843363242693
DFWzVTzNBrQZLjoQ4yQwkj9HuoXmfkuZP9V5vbymZe23,DhgiEgiNdqZdRdo195UUHnoEJUtefK8buko8nU97XJUZ,2K2kkXsouBHtWVjtcgkyiXd8eP3oVBvq1bTJzcVdLLr2,2999.6554035670015,3045.7919419149985,2962.981031771721,0.9877738050338484,1.1851924127086884,1.0,43440.71216121,24566.27951417,67475.87705902857
ALBpShJ9NLpE739pcHDF2LNVk5J4VYPvvKuV6jMPitZi,D6d156U1bPiJpDYRLextvDRccgFk7QzkQbJg42ceKEu5,GNcM8U5g8RwTZffwwm3kSQqUNPSwv5d2fbN9sLxPJqt2,10171.941025999993,10184.980195000004,10139.444107635025,0.9968052392083374,4.05577764305401,0.9917073431961935,54598.16062,45753.919611,99798.23061539135
JSoLLrxK5bYdHwTEWYaGgmeycBCNXKDiBCTw5hXGBg7,xG4wXczA7Dk4hccJ61CHKpDHW4NrNfQwgmWgkb9BuF2,BVR6WgfhsRr9Lob4QDnkEAiNGgAbv7ZieKcY9kSg3QYR,0.9144155050001217,0.7757534460000066,153.79644131431863,168.19098153229385,0.06151857652572745,142.55370710915338,17.408121211,171.812655553,27420.419970459454
YakoMPuYrybnr9R7VC7hVGxMz94fJvPFCdZ4gmW61Ed,,,0.7637929999999999,0.7672430000000001,0.0,0.0,0.0,142.55370710915338,17.408121211,171.812655553,24492.53097734822
parEAJhzYzHW87y9VoZAQ22dzQ2MD2ekEtTReaxbMcz,3oyc6hpjYSJEquK6dSvG72NXyz3pqLZz5D8AC71pwgQb,Di2vordgFJVZ1aj1aBpvzXtLfZgJsuLLXawGtVFwX6Rz,2.15230318899998,2.555310744000053,300.49478166307136,139.61545157710313,0.12019791266522854,165.81704775016942,1106.292703359,137.460035631,177248.7726478865
Lid8SLUxQ9RmF7XMqUA8c24RitTwzja8VSKngJxRcUa,4PgzyzLtds9bKZ2to9PMnKqJzKEUpjvNUaeN23phegax,AtymwxoVN9peZo7EXTcDz9jKVc4vRmisJKKrNfe3ewBa,125.20160029900853,106.21396439300099,20982.67381191461,167.59109916968666,2.098267381191461,142.39632799741065,986.345153247,7595.582327471,1246885.700827254
RoBgmK8CvjdHvPrqdDyVw54VwjZv2TqJ493xnqJAQHx,ExiHJxM7qPAcy27NDHAF6G7vnW7muNHi2sVJpnaNynGQ,6rkPHSqZb7StM4HwS9EuVrmfkV7tRdc7dnsFhyB6cefE,20.272469000000218,66.52955599999991,0.0,0.0,0.0,0.9285611480730035,6278.920572,18.732953,17.394692344477612
KysFMBBoavfov2tLpvefWW6tPFt6rAeZWDJVy1mMQae,B8ka2V21TH3x64dFV8ETcjuQcwmrciJ2qzy1mJUttRew,7fSf7EYxBANyxzk2s5pymFgshA91tFYQNKKs5UnLWcYS,67.91211699999985,85.2747570000065,0.0,0.0,0.0,0.01943790968917791,133970.333171,3025.015639,58.799980799232806
daob129AwBGn9Y5r91uLoWZeYiGzbPmksauMhFZKTze,6VW5GQNyj4LStgmxEHLr5zUfW92vQnmbw8jTnCH7a38F,4VPCCUifPeBA1c7HWK358CHn2nyjm8pdTRk6Ps3KmnMQ,10.424857114999867,9.32114762199997,1654.3337815303466,158.6912667752538,0.6617335126121386,142.573807965342,48.076811264,224.582866415,39649.00455055722
SUiuyGR7SFq3xeRVJonq84fjjeFwRSsFekcevJ53tzy,49GjCCPsv7fBqo6t3iKDrP1xxGDS8uWZbVCdfnp2gjMf,CEwj5xEbbJEjYqM8D6Ai8ByGz1mrh8mkAVsE5fzDSSSx,0.07196399999999992,11.700901000000044,0.00040688193836918004,0.005653965015412992,1.62752775347672e-07,0.9299462212100273,696.715232,1.296713,5.145076901777264
vEnkoSUkpnbRrPgBz9DfcVxNz67zjwMYBZraAvDDNSf,DtfyjjsZ5yCjWKLKHvwsfXs5QVsmm1QkK6Sh9JZHoq1g,e5wrKCRv4GhHvEf1VD5Pq2KGaZDXP77nTL612Jyrxwy,3954.5810400000037,3955.174772999998,3890.8527626013565,0.9838849484296706,0.38908527626013567,0.9924159572546599,7494.794037,4866.38251,12203.490701613731
WiiQFxXqp8P9Fs1rt9SVcDyA3KUdJmUsog6wnVQAwba,3S2jpqSYxho6wiz3cafhjXruVY8cg4HYa2v3BqBHYFSj,Dfe67M6TfrG74gKRtdqys4e6E9QirPD53BkF4FujFjuv,3479.3712460220013,3480.9097310000016,3481.1842293627324,1.0005210663687596,0.34811842293627326,1.0,9449.099040192,17404.372263197,26858.394911113923
SEQV6QiTpvTzrceiaYg9Avnwf7oc8ZALpnQMz6TyT4A,3dFMPj4r9mMmPHF32mz1gNDX7f8ftidWof7S8YiYTs1j,Fc1ED3YPeQfXQosHbd8DTaBd2AV5gHQtwiSAL5C5pUhi,1937.8653322580003,1943.9733593660012,1924.0067023608615,0.9928485072381212,0.7696026809443446,0.9947437738987192,4682.218687954,881.857968686,5525.956558710934
KwnjUuZhTMTSGAaavkLEmSyfobY16JNH4poL9oeeEvE,J63v6qEZmQpDqCD8bd4PXu2Pq5ZbyXrFcSa3Xt1HdAPQ,BnKQtTdLw9qPCDgZkWX3sURkBAoKCUYL1yahh6Mw7mRK,309.2200159999999,14974.313770000706,5.870865681522467,0.018986046755532376,0.0005870865681522467,1.0,278962.812697,547.843281,5844.244285920063
BkwbeSfcX1h4thMDd7obGkHrPevf3QwgzJ4pCEqG18Lu,35yX27bmurdebhfAb8EPmjLETDiUaEUCn9zHaDPbakH2,2CxECn1ZJFoESyUnQysQU8rRgT3iJ5GRs2Mdd6gZjx5g,0.0006266400000001227,0.000866999999999507,0.0,0.0,0.0,0.0,1.0273343,21.7582769,0.0
TETFuZgEmET6d9vYmz9iMFCxK1jKdKYxf3oPz8hSzJK,Eu1Ze6Z84LWNkq7SNoAHBJbXx5t1P95EwyqYohrfCRFV,ASMbv7WNu3qe4pkhREmvyEdwFNDZQ6B6iSrjkj4u8bdC,20.481836998,20.579761345999998,20.257585526224695,0.9890512031807888,0.008103034210489878,0.9988134096693129,219.387040779,32.675268232,249.62151271940598
KZMu9QBEdL97EFgamLbN5DE1AoKBG4HdrKKJo4Vuon3,DD4ACBWyVqdaKWh7v5btsgqQCCMwbKnuL2xd9pv7Gyuw,GcYqiJ1MAuYbNTNYXm1F1gQYTfTgkErACAhNU5dpVj9T,50.35111798999992,50.03339708000021,50.835543097416405,1.009620940442925,0.02033421723896656,1.0,1215.53362149,1875.24833843,3102.476536498729
wrmcMSHFi3sWpAEy4rGDvQb3ezh3PhXoV2xNjgLBkKU,8p4mGnARWPBu6P2Gcw4adodLkNDorrXniZMhaY7eJXUn,AyY89zccbsgp9LKFgH4CFZMJmpSgqmPSdTfukhP227rc,0.008474239999999966,0.094584219999998,2.6057987681691865,307.4964561033434,0.0010423195072676746,3486.0210555671756,27.16339047,0.088243,8660.263261282746
heyk4SZTeCUV6a65WiVA5bzic3KcxgVf1qxobfeV4tQ,9ZDpBKPqMABtGfq66FbVribaArMvtk63xxy91onZAtDt,DaTP4s6N7xxSPinbNZ3FB52EpRDRt87QShTuN3VPCW52,17.05216024099957,14.72081305899917,2814.4521122633614,165.04959327653978,1.1257808449053448,141.2963031517836,607.222491516,4495.90092875,735476.0058221284
HEDSDjj84KS7LKhZY7ejkCACTdPen62rKhCby1wXtgxc,EnnjMSFttpCTywBrYNt1J5QQeoSVkvzPipJDa8Y7kJow,6bjVT6JN2rSvpyn9PdfLYC8wJn4LWh49jpY47fnLDXZk,275.05786867999996,308.568494696985,243.96208252436782,0.8869482036457982,0.09758483300974713,1.0,43426.798626809,4740.075518484,43257.39655062006
SoNcU2iwHMw6dGzsYNQkYFkUjwN1UdAjrWVRnStrZu2,8ivTTid27jZnYNc4w3CTA1Z6QS2twsFb8WMwUabeDJgc,CyXm53PMvHCbeXJBykU46Rcbo28xk5srhMZFg7gv6EYB,1.8735988609999907,1.8556841140000042,317.9818832020046,169.71716295359457,0.12719275328080185,167.92289786559923,12.567039055,16.343157338,4877.232555612015
BSCrK1Nx9PXU9mF7STWWBqeHLxmtJDr9h7jheEy4tAWX,FfSySSbVJPvEo5a5AvrP3nySoXpRE2QPn1uUMpJJ1x7v,HL7Vcj6838ZmvBHDbQxXfjBNckNi83WvPiZQoMQLFeRM,0.0043772309999999814,0.004403111999999987,15.391324069255479,3516.223856875624,0.0061565296277021914,3486.3856639821497,0.57916911,1.226645392,6313.047151205987
C2ypsDADXcCRz8HbV2zX1AXPSja7a1P3xZtRC91xGhJh,J9bYNuDpY1d1T86gLaw7DGk5D3CsUAf2tzUwxMvb6FTv,A2NGvvPrMGzsJ4jb52KEnSBVmsA7C34dV1GC7PerdgvG,21.137835789000064,21.41306662999932,2989.1337665428605,141.4115331569743,1.1956535066171443,143.61122488311483,2536.238485697,1019.704289762,505094.3547854231
iLiUBQ7Z7im6Ew3b4ewwPcehzWgEQRJ1iQz7g6D62NW,GpugBvKWM3TVhYcZjemSdtehBWgfvuGr6uAm9iPjXT6v,92fMXJ3xy8tEyMUWLHKRLyhPw2nECBo77GtDiBBbYrjX,0.1810146809998514,0.1468876509999859,0.14696438839589795,0.8118920939678843,5.8785755358359195e-05,1.0,2606.231662078,414.547187151,2530.526068640907
B2izdXFYb2sNwbWWHmh75T4aQFtfXsUxem9u2p61HGzf,4DYwgJtxwuJdAjkj5RJSNH4e7U329V5cNp7d3a1nLrZv,EXNW64GEf1ACC6xY9BtKRiunrs6GoJSXBdxWN2eTPmrF,5447.017793000021,5395.242506999995,5465.759883641026,1.0034407984980498,0.5465759883641026,1.0,11416.017896,28324.379209,39779.677322230265
MiMUFdSLMyCLpqpH6zkqdDrGYs7XBomwENbivdYjv9V,,,0.025351043000000018,0.018601288999999993,0.0,0.0,0.0,1.0,11416.017896,28324.379209,28324.379209
STK75uPSyBnEhGTTzb1nwmP3n427XoXmfRhXxxhyady,6TYyD5fUmDe6N65avW1Ny2RxzRNobw2RRgKwH9CTzSAU,54zDfk4cx2vGrEajPtodWpArNe5eUurytyxd4X3aZAxK,213.11088830600042,242.04818073200136,30022.527481113317,140.87749208761565,3.002252748111332,160.8641622797669,1490.199306154,252.307241336,250522.73397631507
FLUY35bdRBEtuiBaRNgxvhnZsdnCjSfTjZtKbCpgnJuF,FVoNijdQ6k9FA5LPX1RWVe73YJJvz3Q48iYjd85Yz3Ln,HsorcrEakUPvUfxc4L3DB43YUS7oFeHa2JC1HtmEJVxi,0.18029099999999998,0.1831910000000001,0.18029099999999998,1.0,7.21164e-05,0.9586670693068358,0.835518,1.185591,1.9721050493665608
AURHmCnNwiW4uA2Qj1XvEh4iKgRUZYXtiY7FKAapUV5Y,BKWm4TRnTeKwfWXRyuzjRHU7iZDkPuXBX5b5V5jSVfGJ,A5Ww74HVrkj9nPeC7pHKLfgeDMEhBCpW1efQdz3TGLEg,0.005179302999977153,0.004567257999951835,0.8333004312310185,160.89045789263426,0.0003333201724924074,141.81987231105978,272.4631892,1806.856813019,300084.92977599846
Cob4usZcpHEY7Qt4ZCwj6WVg9S44zvzYV2v9qYF65dTf,NhFM9UXE48PyNAyeyPYA3iXztqKVJwA4bTdLj4ysM8w,6TuFuynuBoeskxyR2cz4wxyidk8dpDK7kAWw3UkjQGx,183.10139799999922,3162.483216000037,1.0043488136147498,0.005485205599657705,0.0004017395254459,1.0,39148.638188,70.57348,285.3118094077911
KEN5P7p3asnb23Sw6yAmJRGvijfAzso3RqfyLAQhznt,9zj4aX38Uxf3h6AUjS4EipWS8mwbEofasHAf3a1uKGds,CwQDG1MWunn9cLNwcZLd8YBacweSR7ARo32w4mLua1Yr,38321.56233499979,38325.76944299915,38287.98377323067,0.9991237684550649,3.828798377323067,1.0,1005172.513339,964729.990328,1969021.7398027107
SRMuKizofcAMicegrfSv7xs9q76tH1w8aAF7oX9FEWu,72Hj2KWntXPfbie4UgKeTPnm1XVkomDfCnRPKbvfTtPi,6aqJQ5wedqpUt4fFEDUqUmXhrdxCu4bEJsQdVPCADLko,9.95717599999989,10.0,0.3435266637460881,0.03450041093439464,0.00013741066549843525,0.03450970713199004,16653.483104,5250.167495,755.7337532233418
ionytDfEj1mXodptgrsKEZro7DGsfpzANUfarJdm6Qb,3gkSjY95an9xNFSjCfsay6JZez7uv7yfW3Ad4ubc4fMK,9wXqANaSuEqkKL9yHzCPEDGHwbkStVAqV5rB3QDs3Jr6,0.0006632999999999917,0.0024181160000003032,0.635738815146927,958.4483870751319,0.0002542955260587708,3489.5488013399868,3.146518846,0.085752727,3315.014238564691
CZgvH45CRmoaNJ7395Ao5CQZXkGznvqU7cErD6n7FaRg,4ZjU6MKvtqVQKCiowhvZ5yUsPxXX5SCzd5eFsPeXyey5,BsyWeshjDbCvjDojry3vKDCesmFRM37WtwcR4Kfgzqr,61.23970833000001,64.643865,66.31589785791377,1.0828904915836615,0.026526359143165507,1.0,135.53902104,673.80008123,820.5739983527739
MAR3XM1n9xWPQ3HJjAcC85o8DopWFP5p2WxGTaZ3fPB,6qG7GUhER8Cg9gDEgnebph9LdS6eu2eoWcA4R7z9uizK,4QV4CwRXVMY227KkFF9voNAfwWHVvVajXSXDKbUHkWZR,0.005178999999999989,0.22823499999999797,0.0048307015850185655,0.9327479407257339,1.9322806340074263e-06,0.018864821087263024,0.108492,24.432356,0.5621077142655335
RajgMbScQbqqrdJfR2rxfHJiTiY5b6bJ2tTXiF4aPxy,725ZA3fhyBAKb5iopNRrcbSuQa3LXA1656Q3mBvYPxeg,GLA6i1dSZpUfk2f9Nj8uiG7xyDdAR2reff8oEiZH3617,249.40439082001103,248.94961062999937,248.8438848999071,0.9977526220839134,0.09953755395996285,1.0,136874.82992996,47388.58118739,183955.80164729728
MATgk4zXLXtYkwBH678J1xZbRDZ45LicNzkRBHkxTuY,y8dALFo1bJrSzPYjMX14HJX448pXqYmrfXHD1K8MXih,GN7Yuet3UyiWS5YVkEHv6oQKi4HGBJc3XDPt9zQhAqZz,0.1001749999995809,0.09999999999990905,0.09999970052456136,0.9982500676314422,3.9999880209824544e-05,1.0,5162.104443,2925.388566,8078.459675345319
FrnkTEL6yZ5Aycq2TrEgu29dCrwKG4LPUZydfiwqspkc,DjvZuMZ46fxKBoBpGMPcRcos4xdTtHFxwMh69DpA2ZFY,9rvDPJLAng4uVVqnnSoEXgNDFhBZQTny9AoQioYDZbQX,20.659740203999718,17.08298269700009,3552.965947677829,171.97534492664994,1.4211863790711317,141.8649797218198,168.211393688,1445.536590098,233999.23149148762
ALLwa5WNZbvQsRKAqe1jdRGemdYQnW8E5k4msbRFcYtu,CGoM82Hbz7QVqTgvQatYtjvDWBvoUJp5qm21P8iMs9yb,3dxNNww8TivyN5FMy5dCNdi3Zcxv6e4kUfSPxfFwpdNq,0.16940748899999747,0.1690866299999989,591.2175926572118,3489.9141481119564,0.2364870370628847,3490.693810301735,2.382603306,6.383136709,30596.656787363812
BSCNHw8CmxbZ8hCWWzMf5FaG2ajPT6JxfznKUNuRVrn4,7n9kgNL633yGzCYksgnzHyjG73ZLBAwvEae5sbAekbzW,SscdxE99omdG9AiMVwmaEMQySQnCgeAh1sPj2Leutm2,27.00449148200005,27.055208110999956,26.939260137899158,0.9975844261261364,0.010775704055159664,1.0,6537.3960754,5173.587021945,11695.191534182166
Lee1XZJfJ9Hm2K1qTyeCz1LXNc1YBZaKZszvNY4KCDw,9DgFSWkPDGijNKcLGbr3p5xoJbHsPgXUTr6QvGBJ5vGN,2hNHZg7XBhuhHVZ3JDEi4buq2fPQwuWBdQ9xkH7t1GQX,1118.3051582079788,934.9015989109848,188454.650047409,168.51809066981053,18.845465004740902,141.63104291859656,6546.36008399,54052.640037999,8758711.883276343
BSCuChvaSj9b5HUSqgDVRzcnr2sSn7cXaamt1jbKH6hn,GnKpRj5kBVPMJfiwZtEuD9GYApLzPdW5JFuZTcyX4BTc,3dmwD9okkomV9nDwyuh4UMhKdUR13QpuKxRo89ycZB5t,85.15914589800013,85.36555948099999,84.58087088198529,0.9932094784427797,0.03383234835279412,0.9975928085529617,1766.184104273,1241.862235939,2993.063628825162
C98Sspw7XqnMsgxea3SLQVdbMDL8pKUc3RE82UvX9eq2,CSqgQJurPCzGxb4Cgwx5R61hWQUiaoUHcShNc8r1cKEL,6S2CR5EnukPhC914XkAns8m5GixjMAoUuZMsS5ubHuWc,10.551818999999995,11.682563000000073,0.0,0.0,0.0,1.0,662.140228,67.684579,67.684579
