0,1,2,3,4,5,6,7,8,9,10,11
KEN5P7p3asnb23Sw6yAmJRGvijfAzso3RqfyLAQhznt,9zj4aX38Uxf3h6AUjS4EipWS8mwbEofasHAf3a1uKGds,CwQDG1MWunn9cLNwcZLd8YBacweSR7ARo32w4mLua1Yr,183834.67376199877,183799.6437650011,183668.8208168012,0.9990978146733499,18.36688208168012,1.0,1033993.449368,1125696.674315,2158757.269965128
ALLwa5WNZbvQsRKAqe1jdRGemdYQnW8E5k4msbRFcYtu,CGoM82Hbz7QVqTgvQatYtjvDWBvoUJp5qm21P8iMs9yb,3dxNNww8TivyN5FMy5dCNdi3Zcxv6e4kUfSPxfFwpdNq,16.34800232,16.284692262000004,57468.282490245016,3515.309171441628,22.987312996098005,3514.1479596856943,3.104904263,5.658133435,30798.216498406764
B2izdXFYb2sNwbWWHmh75T4aQFtfXsUxem9u2p61HGzf,4DYwgJtxwuJdAjkj5RJSNH4e7U329V5cNp7d3a1nLrZv,EXNW64GEf1ACC6xY9BtKRiunrs6GoJSXBdxWN2eTPmrF,10796.970468000003,10689.029792999998,10906.383305318965,1.0101336608860085,1.0906383305318965,1.0,10483.746832,29262.285831,39852.27139821026
RajgMbScQbqqrdJfR2rxfHJiTiY5b6bJ2tTXiF4aPxy,725ZA3fhyBAKb5iopNRrcbSuQa3LXA1656Q3mBvYPxeg,GLA6i1dSZpUfk2f9Nj8uiG7xyDdAR2reff8oEiZH3617,10681.666103320022,10692.44418419998,10671.685089689337,0.9990655939313079,4.268674035875735,1.0,117878.45660117,66171.71440734,183940.0246632938
HEDSDjj84KS7LKhZY7ejkCACTdPen62rKhCby1wXtgxc,EnnjMSFttpCTywBrYNt1J5QQeoSVkvzPipJDa8Y7kJow,6bjVT6JN2rSvpyn9PdfLYC8wJn4LWh49jpY47fnLDXZk,1059.1205219430003,1228.6518808030087,939.6174690839641,0.887167654310198,0.3758469876335857,1.0,43538.462376912,4640.515066897,43266.43060609483
wrmcMSHFi3sWpAEy4rGDvQb3ezh3PhXoV2xNjgLBkKU,8p4mGnARWPBu6P2Gcw4adodLkNDorrXniZMhaY7eJXUn,AyY89zccbsgp9LKFgH4CFZMJmpSgqmPSdTfukhP227rc,0.003517649999999997,0.04313538999999622,1.00360912981455,285.30670470756064,0.00040144365192582,3510.00351000351,27.20541968,0.08466272,8059.055083453462
BUSD5rCfUDpCxKGMvYU2yThChxgHoioK74PTPociGnv2,CcFHbafgYDZ8yA8Me1PdtDiVb2eeaS61LbqyKKK5CsNZ,26R9s4nmF3CFDTkiePDwRmtscn8i7r2eygbSijditJ58,123.25457624,123.23463963,123.25316992133122,0.9999885901301867,0.012325316992133122,1.0,71.3572014,76.93094065,148.2873278736218
moFiBS1R4Lf3E3zzmBPnw3NF4RhWPkhREFviuzUaCAU,44ALBrpqi9PfZkBRTvbtRNtFJGsatfY4QydjtMbFWq8S,2ho8qEEie1UjVwWNBo9y4oAJZMyMLx8zPj9bxyUz6uWs,5.416379725997103,5.398039091996907,5.395423630843725,0.9961309774769308,0.00215816945233749,0.9992554597532151,42252.591617138,22191.663143681,64264.25594584069
KwnjUuZhTMTSGAaavkLEmSyfobY16JNH4poL9oeeEvE,J63v6qEZmQpDqCD8bd4PXu2Pq5ZbyXrFcSa3Xt1HdAPQ,BnKQtTdLw9qPCDgZkWX3sURkBAoKCUYL1yahh6Mw7mRK,205.24830600000905,9832.503960000053,4.266540964983103,0.020787216460548597,0.00042665409649831037,1.0,277645.925208,573.925,6345.410946687983
BSCNHw8CmxbZ8hCWWzMf5FaG2ajPT6JxfznKUNuRVrn4,7n9kgNL633yGzCYksgnzHyjG73ZLBAwvEae5sbAekbzW,SscdxE99omdG9AiMVwmaEMQySQnCgeAh1sPj2Leutm2,84.54490130500017,84.65129135900042,84.36535327285782,0.9978762997014495,0.03374614130914313,0.9992554597532151,6283.877632682,5426.663323137,11693.155513764592
MARpDPs5A7XiyCWPNH8GsMWPLxmwNn9SBmKvPa9LzgA,6YjT74rmcfCpw8LSjPNx5JTmZoYLGrTKnf9arfSgZ4SR,F8GSmi3vA8M8TsybLya1LQ4n1aFHCRbZ6k437PeTdXtg,31049.80035599997,32821.27862100059,29240.679514441475,0.9417348639663988,11.69627180577659,1.0,298769.952679,14016.350964,295378.4317074054
KysFMBBoavfov2tLpvefWW6tPFt6rAeZWDJVy1mMQae,B8ka2V21TH3x64dFV8ETcjuQcwmrciJ2qzy1mJUttRew,7fSf7EYxBANyxzk2s5pymFgshA91tFYQNKKs5UnLWcYS,10.513036999996984,8.387473999999656,0.0,0.0,0.0,0.020787216460548597,133988.457964,3010.455971,62.578999914128005
Lid8SLUxQ9RmF7XMqUA8c24RitTwzja8VSKngJxRcUa,4PgzyzLtds9bKZ2to9PMnKqJzKEUpjvNUaeN23phegax,AtymwxoVN9peZo7EXTcDz9jKVc4vRmisJKKrNfe3ewBa,122.18312335700466,103.26422237799898,21799.511594411106,178.41671579073574,2.1799511594411105,150.14365745144954,962.522663305,7655.987401266,1321228.082289326
BUSDgu5JdqP1rndBvXvanbEufS94FNh1w5FJcAj6vawb,Bgzr8cWubt89JQFXndVjtdKmDbGzuPxNhvjH1EhWCwbo,Dxaf8xPBBQsasRKW5Aa4Sw2YrbfGofY9xZueyyF23FBW,5419.193361700012,5411.39628311,5428.410911996802,1.0017009081761012,2.1713643647987206,1.0,6860.58813118,8321.84564235,15194.103003975186
BSCuChvaSj9b5HUSqgDVRzcnr2sSn7cXaamt1jbKH6hn,GnKpRj5kBVPMJfiwZtEuD9GYApLzPdW5JFuZTcyX4BTc,3dmwD9okkomV9nDwyuh4UMhKdUR13QpuKxRo89ycZB5t,80.74700373600012,80.79314037299991,80.47284755139646,0.9966047509886558,0.03218913902055859,0.99668234745675,1588.670514296,1418.766323581,2997.335932182279
ALBpShJ9NLpE739pcHDF2LNVk5J4VYPvvKuV6jMPitZi,D6d156U1bPiJpDYRLextvDRccgFk7QzkQbJg42ceKEu5,GNcM8U5g8RwTZffwwm3kSQqUNPSwv5d2fbN9sLxPJqt2,1770.095030999997,1773.211322999996,1765.6931579572097,0.9975131995934136,0.7062772631828839,0.99879146233058,57268.777248,43075.13938,100149.4426808987
SoNcU2iwHMw6dGzsYNQkYFkUjwN1UdAjrWVRnStrZu2,8ivTTid27jZnYNc4w3CTA1Z6QS2twsFb8WMwUabeDJgc,CyXm53PMvHCbeXJBykU46Rcbo28xk5srhMZFg7gv6EYB,0.6074226009999997,0.6033686490000019,107.82571883208885,177.51351144092334,0.04313028753283554,178.20416887268576,13.188799963,17.222895912,5410.3820447027865
GokA1R67GqSavkd15zR62QD68Tuc5AEfvjssntVDEbM8,3YB7hfpBdbQEuZqLGWVDpRPmeZWCUsrrWyqGXegnQ6Cg,4DPCj6Z1DsG6HUtwSogBGqXEUxdEV5a8YVrrFtcnz7UW,6946.183059999999,6947.832945000013,6944.967690654135,0.9998250306196416,0.6944967690654135,1.0,19634.805941,12825.064083,32456.434534171043
BSCrK1Nx9PXU9mF7STWWBqeHLxmtJDr9h7jheEy4tAWX,FfSySSbVJPvEo5a5AvrP3nySoXpRE2QPn1uUMpJJ1x7v,HL7Vcj6838ZmvBHDbQxXfjBNckNi83WvPiZQoMQLFeRM,0.0010543580000003105,0.0010510479999999989,3.7285979008130483,3536.368008600447,0.0014914391603252192,3515.803536898358,0.607007921,1.198528412,6360.39382277424
vEnkoSUkpnbRrPgBz9DfcVxNz67zjwMYBZraAvDDNSf,DtfyjjsZ5yCjWKLKHvwsfXs5QVsmm1QkK6Sh9JZHoq1g,e5wrKCRv4GhHvEf1VD5Pq2KGaZDXP77nTL612Jyrxwy,13370.775801,13378.459869999997,13347.257932522894,0.9982410991832391,1.3347257932522896,0.9987365982032728,8276.913056,4078.918578,12336.120051805392
JSoLLrxK5bYdHwTEWYaGgmeycBCNXKDiBCTw5hXGBg7,xG4wXczA7Dk4hccJ61CHKpDHW4NrNfQwgmWgkb9BuF2,BVR6WgfhsRr9Lob4QDnkEAiNGgAbv7ZieKcY9kSg3QYR,0.6950530720000074,0.5936657590000003,123.77553000374814,178.08068907254153,0.04951021200149926,150.6024096385542,17.450899648,171.759661613,28975.08715187209
SoN9GaFpSXfpyR5dth3x7PHPVhvJMpQqqDJfCSmPv1t,9kZ9iS68ViMPtoeqtnhAKuF2iqVyfHPdZHoUNdwCELr,BBhm5fJLjw3HRzjtKB8uMEYjGhY6EDm9co3cqpjrSzB9,0.1163232690000009,0.11501578800000001,20.909977097100295,179.75747481013565,0.008363990838840119,178.0294877361717,3.041349249,5.15497607,1464.443010050266
MiMuMS9C4vBqcrYeeQPph1E7oAW9aNKvW9k6Zw9XffM,Afy2q2hh6Y474pshJa5fnQ6PfEchGyTbKrQpCZw2hr3m,5pXz9ksgjeL8Wgb37bksUaBFMLdFfsNNY3FQnikkCPtS,0.015200464999999497,1.0028689999999187,0.0,0.0,0.0,0.020787216460548597,26.002549919,7673.978898098,159.52066046844533
heyk4SZTeCUV6a65WiVA5bzic3KcxgVf1qxobfeV4tQ,9ZDpBKPqMABtGfq66FbVribaArMvtk63xxy91onZAtDt,DaTP4s6N7xxSPinbNZ3FB52EpRDRt87QShTuN3VPCW52,76.19034312800238,65.49973784699966,13331.785890978432,174.97999541202452,5.332714356391373,150.90654086292585,610.463465918,4492.025583077,784694.9366754579
Sid7E679i9ABqptiAVhkmQ27YHN8vaYT4fppPwmxFsJ,GP7KB8o1bv527HG8kTzzzf4wJ5aEGHvcMQvVhLziUfmT,9gYxhAZ1M9wu5pxr8SBoa5NDm21gi3s9vMHaYTME77sa,557.2024400000009,1084.9263509999892,3.9114228342656534,0.007019751805583707,0.0015645691337062616,0.020787216460548597,135237.715327,8952.997805,1135.443099693075
daob129AwBGn9Y5r91uLoWZeYiGzbPmksauMhFZKTze,6VW5GQNyj4LStgmxEHLr5zUfW92vQnmbw8jTnCH7a38F,4VPCCUifPeBA1c7HWK358CHn2nyjm8pdTRk6Ps3KmnMQ,19.521267899000208,17.407035460999985,3268.2753113742833,167.42126219894098,1.3073101245497134,150.851041234227,47.662290922,225.029523399,41925.61881863536
RoBgmK8CvjdHvPrqdDyVw54VwjZv2TqJ493xnqJAQHx,ExiHJxM7qPAcy27NDHAF6G7vnW7muNHi2sVJpnaNynGQ,6rkPHSqZb7StM4HwS9EuVrmfkV7tRdc7dnsFhyB6cefE,0.18383599999999944,10.513036999999713,0.0,0.0,0.0,0.9362357891110161,6260.795779,19.0426,17.828363637725435
AURHmCnNwiW4uA2Qj1XvEh4iKgRUZYXtiY7FKAapUV5Y,BKWm4TRnTeKwfWXRyuzjRHU7iZDkPuXBX5b5V5jSVfGJ,A5Ww74HVrkj9nPeC7pHKLfgeDMEhBCpW1efQdz3TGLEg,1.3089978040000005,1.1546482610001476,221.79433852480943,169.43828159761324,0.08871773540992378,150.86244287027867,272.419002313,1806.906732575,318752.57134146884
ionytDfEj1mXodptgrsKEZro7DGsfpzANUfarJdm6Qb,3gkSjY95an9xNFSjCfsay6JZez7uv7yfW3Ad4ubc4fMK,9wXqANaSuEqkKL9yHzCPEDGHwbkStVAqV5rB3QDs3Jr6,0.0013269429999997057,0.002142307000000024,1.2543784604416184,945.3145014080459,0.0005017513841766474,3518.0299032541775,3.151537932,0.084391619,3276.0867480831575
KEVpg4SYCVrqFxKijQH6hm4QxsRdoE51ud64bEEFUC9,2bPenuBYfqzD8p5dFjCcggwkHDsc2RQDnx9AoyYGUBjA,AE6n6iLuX8oYu61vt5hoDYkjswpnxFxrhSehxrnQTnbx,42.46340695300023,42.35105500000009,42.32810474290848,0.9968136751193443,0.016931241897163392,0.9993633705552384,6046.331546107,1500.707527882,7526.818102746721
MiMUFdSLMyCLpqpH6zkqdDrGYs7XBomwENbivdYjv9V,,,0.02163902399999995,0.015200464999999996,0.0,0.0,0.0,0.9993633705552384,6046.331546107,1500.707527882,1499.7521332817748
MATSnbbiTCv7Dc3trJrkrqjx7ckKdr6fwPoVwv9q3sD,631WX9JizSHJm4w6VanZeJAst9T8DeUUnPLesdGkCVtK,211maUSfpnXbPuW1iBu8b4dtJv5EbN1j7JJiEX5TZKEP,1528.8485609999952,1529.4683679999944,1525.0192376941452,0.9974952893284962,0.6100076950776581,0.9990788493009445,24238.10339,21352.95841,45510.68307121578
BUSDTd9WiT6uBHJRgNvFXBsA7JrifsAtWzKfioN7ERcy,DyBxrn7gSc1EwnpWhDyhzvMHPtxpmBqRqotapLcKcfTM,Cds99GeBgoCpqBsoRWu1C6fF9LiUMd4pXQQD24s9LPff,543.9751432000002,544.6545452600001,543.9316993751711,0.9999201363787075,0.05439316993751711,0.9993084785328553,90.01797627,95.92266128,185.8671158089729
C2ypsDADXcCRz8HbV2zX1AXPSja7a1P3xZtRC91xGhJh,J9bYNuDpY1d1T86gLaw7DGk5D3CsUAf2tzUwxMvb6FTv,A2NGvvPrMGzsJ4jb52KEnSBVmsA7C34dV1GC7PerdgvG,38.859010083000044,39.284404849999646,5862.228992553459,150.85893799229987,2.344891597021384,151.73827575245113,2388.813747448,1007.190028098,513203.1832200646
DFWzVTzNBrQZLjoQ4yQwkj9HuoXmfkuZP9V5vbymZe23,DhgiEgiNdqZdRdo195UUHnoEJUtefK8buko8nU97XJUZ,2K2kkXsouBHtWVjtcgkyiXd8eP3oVBvq1bTJzcVdLLr2,33.9723502789966,34.46678219698515,33.47881743731588,0.9854725140407538,0.013391526974926354,0.9993633705552384,44358.709665737,23654.376813424,67353.60687454481
YAkoNb6HKmSxQN9L8hiBE5tPJRsniSSMzND1boHmZxe,CfWX7o2TswwbxusJ4hCaPobu2jLCb1hfXuXJQjVq3jQF,EnTrdMMpdhugeH6Ban6gYZWXughWxKtVGfCwFn78ZmY3,5780507.304174987,5778030.594706982,5780507.304174987,1.0,578.0507304174987,0.9979292967093281,477708.36893,1242008.874153,1717145.4112202479
Lee1XZJfJ9Hm2K1qTyeCz1LXNc1YBZaKZszvNY4KCDw,9DgFSWkPDGijNKcLGbr3p5xoJbHsPgXUTr6QvGBJ5vGN,2hNHZg7XBhuhHVZ3JDEi4buq2fPQwuWBdQ9xkH7t1GQX,1156.1523089259863,967.5746689050047,208356.05104951595,180.21505422851197,20.835605104951597,150.7805077593911,6561.57567272,54033.894767931,9329752.805009862
STK75uPSyBnEhGTTzb1nwmP3n427XoXmfRhXxxhyady,6TYyD5fUmDe6N65avW1Ny2RxzRNobw2RRgKwH9CTzSAU,54zDfk4cx2vGrEajPtodWpArNe5eUurytyxd4X3aZAxK,283.80862517299965,321.93962961200236,42748.88761722256,150.62575209320843,4.274888761722257,170.66803565186999,1450.187150135,246.324058131,260475.17330000573
SEQV6QiTpvTzrceiaYg9Avnwf7oc8ZALpnQMz6TyT4A,3dFMPj4r9mMmPHF32mz1gNDX7f8ftidWof7S8YiYTs1j,Fc1ED3YPeQfXQosHbd8DTaBd2AV5gHQtwiSAL5C5pUhi,955.746982158,956.505181383,950.766030165588,0.9947884198586058,0.38030641206623517,0.9965637773397045,3759.256739974,1800.084416889,5533.56399822679
BkwbeSfcX1h4thMDd7obGkHrPevf3QwgzJ4pCEqG18Lu,35yX27bmurdebhfAb8EPmjLETDiUaEUCn9zHaDPbakH2,2CxECn1ZJFoESyUnQysQU8rRgT3iJ5GRs2Mdd6gZjx5g,0.015948749999999956,0.022328999999999155,28.432185260455583,1782.721859735444,0.011372874104182234,1264.2225031605562,0.99796094,21.79921628,29338.14655534008
FrnkTEL6yZ5Aycq2TrEgu29dCrwKG4LPUZydfiwqspkc,DjvZuMZ46fxKBoBpGMPcRcos4xdTtHFxwMh69DpA2ZFY,9rvDPJLAng4uVVqnnSoEXgNDFhBZQTny9AoQioYDZbQX,87.28074093799614,72.23977124499976,15904.620635376936,182.22371240724812,6.361848254150774,150.20976041993842,168.574951603,1444.56625386,247706.30440300936
KZMu9QBEdL97EFgamLbN5DE1AoKBG4HdrKKJo4Vuon3,DD4ACBWyVqdaKWh7v5btsgqQCCMwbKnuL2xd9pv7Gyuw,GcYqiJ1MAuYbNTNYXm1F1gQYTfTgkErACAhNU5dpVj9T,1345.0792643899983,1311.3054640899998,1365.1178982746671,1.0148977345909473,0.5460471593098669,1.0,1076.21664154,2016.08091778,3108.3307492080235
parEAJhzYzHW87y9VoZAQ22dzQ2MD2ekEtTReaxbMcz,3oyc6hpjYSJEquK6dSvG72NXyz3pqLZz5D8AC71pwgQb,Di2vordgFJVZ1aj1aBpvzXtLfZgJsuLLXawGtVFwX6Rz,6.629778120999816,7.844733075000335,970.7307022380581,146.41978728718982,0.3882922808952233,172.7778479447816,1105.365121044,138.231827742,185730.72361267783
SAMyS8Jr2HJrkFwYVKbpUwsNStnQmvz3f8Tup8bWUWF,6jPzm5TFfquvgm25sTyN3MMGBfufRaFHMxobDWv6hMFW,Cj9ECoDmxsHTDzCY5ZA6RWrPbg9uFzEC1Qc2kso2vJG6,773.421710340016,240.29359893000844,784.9439417075381,1.0148977345909473,0.3139775766830153,0.02057703211869211,461.33760773,109896.53893709,2729.5551044083827
C98Sspw7XqnMsgxea3SLQVdbMDL8pKUc3RE82UvX9eq2,CSqgQJurPCzGxb4Cgwx5R61hWQUiaoUHcShNc8r1cKEL,6S2CR5EnukPhC914XkAns8m5GixjMAoUuZMsS5ubHuWc,13.278540999999905,15.121516000000234,0.0,0.0,0.0,1.0,665.981037,64.277142,64.277142
YakoMPuYrybnr9R7VC7hVGxMz94fJvPFCdZ4gmW61Ed,,,2.226628999999999,2.2251159999999994,0.0,0.0,0.0,1.0,665.981037,64.277142,64.277142
WiiQFxXqp8P9Fs1rt9SVcDyA3KUdJmUsog6wnVQAwba,3S2jpqSYxho6wiz3cafhjXruVY8cg4HYa2v3BqBHYFSj,Dfe67M6TfrG74gKRtdqys4e6E9QirPD53BkF4FujFjuv,11803.123456218,11799.370917995002,11815.189789681852,1.0010223000300396,1.1815189789681853,0.9993633705552384,7091.254171181,19761.273378892,26847.196330926232
AUSejoEUCh2DBs9mof6BNC8Pubs22w4cJa1ccV9h44R,4xkyD7AfGQDwsQMy9MosRRNGoVJ1zosNinesxg1TzHG7,Cbm5gsQe3nSiCsFrvepVzMCD9xLK3ri9g3ypS2hdmVJ7,181.3887739999991,181.62833200000023,181.67345630603066,1.0015694593427902,0.018167345630603068,1.0,13902.630676,14980.807954,28905.25824360381
Cob4usZcpHEY7Qt4ZCwj6WVg9S44zvzYV2v9qYF65dTf,NhFM9UXE48PyNAyeyPYA3iXztqKVJwA4bTdLj4ysM8w,6TuFuynuBoeskxyR2cz4wxyidk8dpDK7kAWw3UkjQGx,8.617514,1229.6711779999896,0.06049280946114287,0.007019751805583707,2.419712378445715e-05,1.0,74558.007648,159.692317,683.0710258077718
MATgk4zXLXtYkwBH678J1xZbRDZ45LicNzkRBHkxTuY,y8dALFo1bJrSzPYjMX14HJX448pXqYmrfXHD1K8MXih,GN7Yuet3UyiWS5YVkEHv6oQKi4HGBJc3XDPt9zQhAqZz,3.153794000000289,3.155044999999973,3.155062335058983,1.0004021616689909,0.001262024934023593,1.0,4042.187548,4043.663752,8087.476912890677
