0,1,2,3,4,5,6,7,8,9,10,11
SEQV6QiTpvTzrceiaYg9Avnwf7oc8ZALpnQMz6TyT4A,3dFMPj4r9mMmPHF32mz1gNDX7f8ftidWof7S8YiYTs1j,Fc1ED3YPeQfXQosHbd8DTaBd2AV5gHQtwiSAL5C5pUhi,1125.28285158,1126.6346061289996,1119.0078572404163,0.9944236292850522,0.44760314289616654,0.9988395412291233,4400.886381876,1159.745781433,5534.745352205244
ALBpShJ9NLpE739pcHDF2LNVk5J4VYPvvKuV6jMPitZi,D6d156U1bPiJpDYRLextvDRccgFk7QzkQbJg42ceKEu5,GNcM8U5g8RwTZffwwm3kSQqUNPSwv5d2fbN9sLxPJqt2,2938.147855999996,2943.811542999996,2927.7951722708463,0.996476459240127,1.1711180689083387,0.9979342760485794,57038.950236,43304.618289,100053.13407173636
B2izdXFYb2sNwbWWHmh75T4aQFtfXsUxem9u2p61HGzf,4DYwgJtxwuJdAjkj5RJSNH4e7U329V5cNp7d3a1nLrZv,EXNW64GEf1ACC6xY9BtKRiunrs6GoJSXBdxWN2eTPmrF,10469.491892999999,10365.139828000001,10545.04715587182,1.0072167077107474,1.0545047155871818,1.0,10371.077316,29376.213591,39822.13594063513
C98Sspw7XqnMsgxea3SLQVdbMDL8pKUc3RE82UvX9eq2,CSqgQJurPCzGxb4Cgwx5R61hWQUiaoUHcShNc8r1cKEL,6S2CR5EnukPhC914XkAns8m5GixjMAoUuZMsS5ubHuWc,13.273631999999907,15.101498000000298,0.0,0.0,0.0,1.0,664.838235,65.271933,65.271933
KwnjUuZhTMTSGAaavkLEmSyfobY16JNH4poL9oeeEvE,J63v6qEZmQpDqCD8bd4PXu2Pq5ZbyXrFcSa3Xt1HdAPQ,BnKQtTdLw9qPCDgZkWX3sURkBAoKCUYL1yahh6Mw7mRK,190.92330000000902,9163.603708000148,4.0507747736655775,0.021216764919029716,0.0004050774773665578,1.0,277297.902581,581.23543,6464.599841601081
BUSD5rCfUDpCxKGMvYU2yThChxgHoioK74PTPociGnv2,CcFHbafgYDZ8yA8Me1PdtDiVb2eeaS61LbqyKKK5CsNZ,26R9s4nmF3CFDTkiePDwRmtscn8i7r2eygbSijditJ58,123.25457624,123.23463963,123.160757301518,0.9992388198366012,0.0123160757301518,1.0,71.3572014,76.93094065,148.23382636377866
daob129AwBGn9Y5r91uLoWZeYiGzbPmksauMhFZKTze,6VW5GQNyj4LStgmxEHLr5zUfW92vQnmbw8jTnCH7a38F,4VPCCUifPeBA1c7HWK358CHn2nyjm8pdTRk6Ps3KmnMQ,19.802424319000295,17.657465345999988,3294.8363289102454,166.3855028976867,1.3179345315640982,151.63567890477793,47.690819551,224.998632179,42052.88133770505
DFWzVTzNBrQZLjoQ4yQwkj9HuoXmfkuZP9V5vbymZe23,DhgiEgiNdqZdRdo195UUHnoEJUtefK8buko8nU97XJUZ,2K2kkXsouBHtWVjtcgkyiXd8eP3oVBvq1bTJzcVdLLr2,2046.4796384539986,2081.276922149991,2009.2553658260483,0.9818105824614648,0.8037021463304194,1.0,46405.509665737,21641.879524249,67203.29999858738
Sid7E679i9ABqptiAVhkmQ27YHN8vaYT4fppPwmxFsJ,GP7KB8o1bv527HG8kTzzzf4wJ5aEGHvcMQvVhLziUfmT,9gYxhAZ1M9wu5pxr8SBoa5NDm21gi3s9vMHaYTME77sa,506.5814329999994,933.4337149999792,3.58853828590735,0.007083833026915051,0.00143541531436294,0.021262256840578322,135537.270703,8852.91981,1148.356449373101
KZMu9QBEdL97EFgamLbN5DE1AoKBG4HdrKKJo4Vuon3,DD4ACBWyVqdaKWh7v5btsgqQCCMwbKnuL2xd9pv7Gyuw,GcYqiJ1MAuYbNTNYXm1F1gQYTfTgkErACAhNU5dpVj9T,1345.0792643899983,1311.3054640899998,1361.235730437489,1.0120115345431466,0.5444942921749957,0.9997085449707991,1066.70164712,2025.73943878,3104.66339763433
wrmcMSHFi3sWpAEy4rGDvQb3ezh3PhXoV2xNjgLBkKU,8p4mGnARWPBu6P2Gcw4adodLkNDorrXniZMhaY7eJXUn,AyY89zccbsgp9LKFgH4CFZMJmpSgqmPSdTfukhP227rc,0.003517649999999997,0.04313538999999622,1.0522434938677827,299.1325157044571,0.00042089739754711306,3534.5680757811397,27.18598794,0.08627907,8437.172210833318
Cob4usZcpHEY7Qt4ZCwj6WVg9S44zvzYV2v9qYF65dTf,NhFM9UXE48PyNAyeyPYA3iXztqKVJwA4bTdLj4ysM8w,6TuFuynuBoeskxyR2cz4wxyidk8dpDK7kAWw3UkjQGx,7.550051999999994,1078.1785419999942,0.05348330771252599,0.007083833026915051,2.13933230850104e-05,1.0,74258.452272,161.803822,687.8382987319885
MiMuMS9C4vBqcrYeeQPph1E7oAW9aNKvW9k6Zw9XffM,Afy2q2hh6Y474pshJa5fnQ6PfEchGyTbKrQpCZw2hr3m,5pXz9ksgjeL8Wgb37bksUaBFMLdFfsNNY3FQnikkCPtS,0.015200464999999497,1.0028689999999187,0.0,0.0,0.0,0.021262256840578322,26.002549919,7673.978898098,163.1661103205379
CZgvH45CRmoaNJ7395Ao5CQZXkGznvqU7cErD6n7FaRg,4ZjU6MKvtqVQKCiowhvZ5yUsPxXX5SCzd5eFsPeXyey5,BsyWeshjDbCvjDojry3vKDCesmFRM37WtwcR4Kfgzqr,9.673865189999987,10.004614999999944,10.025099565838936,1.0363075532830481,0.004010039826335575,1.0,198.76085552,607.10089519,813.0782710623766
BSC8REUo9LpiiWUuqMuLXs2D2yJsJfGd4HdiF3wCLxk5,AZjEH1zWVx1UJ6udMyRijGTzPteuLnaY18yNNmprJEsh,Caf8ypkSVR8xYnXNhjvfvdGCC7mrM3C11rz8Xi6NA6aK,165.45968608999965,165.4490493870003,165.60610938130688,1.0008849484413236,0.06624244375252276,1.0,2915.11006802,3314.620174927,6232.309965057981
Lee1XZJfJ9Hm2K1qTyeCz1LXNc1YBZaKZszvNY4KCDw,9DgFSWkPDGijNKcLGbr3p5xoJbHsPgXUTr6QvGBJ5vGN,2hNHZg7XBhuhHVZ3JDEi4buq2fPQwuWBdQ9xkH7t1GQX,1112.2528441249597,930.7958372550011,202256.95161592565,181.84440047446842,20.22569516159257,151.86169530196105,6561.824246625,54033.605119391,9398865.872853793
parEAJhzYzHW87y9VoZAQ22dzQ2MD2ekEtTReaxbMcz,3oyc6hpjYSJEquK6dSvG72NXyz3pqLZz5D8AC71pwgQb,Di2vordgFJVZ1aj1aBpvzXtLfZgJsuLLXawGtVFwX6Rz,6.679553567999818,7.903722449000355,993.9718672280032,148.80812873331692,0.39758874689120133,176.36793172444627,1104.674739282,138.814806213,188867.0610760358
MATSnbbiTCv7Dc3trJrkrqjx7ckKdr6fwPoVwv9q3sD,631WX9JizSHJm4w6VanZeJAst9T8DeUUnPLesdGkCVtK,211maUSfpnXbPuW1iBu8b4dtJv5EbN1j7JJiEX5TZKEP,1528.8485609999952,1529.4683679999944,1526.8880367607944,0.9987176465418403,0.6107552147043177,0.9980697331361147,24276.990419,21314.257661,45518.97419209115
C2ypsDADXcCRz8HbV2zX1AXPSja7a1P3xZtRC91xGhJh,J9bYNuDpY1d1T86gLaw7DGk5D3CsUAf2tzUwxMvb6FTv,A2NGvvPrMGzsJ4jb52KEnSBVmsA7C34dV1GC7PerdgvG,38.31901008300008,38.73863704999985,5828.777974407791,152.11191421131417,2.3315111897631167,153.89291361606027,2403.847223952,1017.017214671,522165.5450703028
RoBgmK8CvjdHvPrqdDyVw54VwjZv2TqJ493xnqJAQHx,ExiHJxM7qPAcy27NDHAF6G7vnW7muNHi2sVJpnaNynGQ,6rkPHSqZb7StM4HwS9EuVrmfkV7tRdc7dnsFhyB6cefE,0.18383599999999944,10.513036999999713,0.0,0.0,0.0,0.9426501099601352,6249.496243,19.240349,18.136917100521377
vEnkoSUkpnbRrPgBz9DfcVxNz67zjwMYBZraAvDDNSf,DtfyjjsZ5yCjWKLKHvwsfXs5QVsmm1QkK6Sh9JZHoq1g,e5wrKCRv4GhHvEf1VD5Pq2KGaZDXP77nTL612Jyrxwy,13213.634084000001,13221.333935999995,13163.822180867597,0.9962302646784567,1.3163822180867597,0.9986169155719329,8082.396074,4273.358676,12319.375840196817
MARpDPs5A7XiyCWPNH8GsMWPLxmwNn9SBmKvPa9LzgA,6YjT74rmcfCpw8LSjPNx5JTmZoYLGrTKnf9arfSgZ4SR,F8GSmi3vA8M8TsybLya1LQ4n1aFHCRbZ6k437PeTdXtg,27876.766037999994,29499.853161000763,24737.61248844172,0.8873917603900264,9.895044995376688,1.0,298639.061116,14141.229087,279151.0712519519
Lid8SLUxQ9RmF7XMqUA8c24RitTwzja8VSKngJxRcUa,4PgzyzLtds9bKZ2to9PMnKqJzKEUpjvNUaeN23phegax,AtymwxoVN9peZo7EXTcDz9jKVc4vRmisJKKrNfe3ewBa,122.28303060300459,103.34900585699893,22056.97886457076,180.3764492571286,2.2056978864570764,152.35390593517494,962.473730128,7656.045612404,1340036.0470113603
YAkoNb6HKmSxQN9L8hiBE5tPJRsniSSMzND1boHmZxe,CfWX7o2TswwbxusJ4hCaPobu2jLCb1hfXuXJQjVq3jQF,EnTrdMMpdhugeH6Ban6gYZWXughWxKtVGfCwFn78ZmY3,5717770.901946003,5715326.776293977,5717770.901946003,1.0,571.7770901946003,0.9991696899876202,433168.863206,1286120.138069,1718221.1228472383
SoNcU2iwHMw6dGzsYNQkYFkUjwN1UdAjrWVRnStrZu2,8ivTTid27jZnYNc4w3CTA1Z6QS2twsFb8WMwUabeDJgc,CyXm53PMvHCbeXJBykU46Rcbo28xk5srhMZFg7gv6EYB,0.6074226009999997,0.6033686490000019,110.5180565848134,181.94590784548936,0.04420722263392536,180.0194601036372,13.155222676,17.256846008,5500.107034146155
WiiQFxXqp8P9Fs1rt9SVcDyA3KUdJmUsog6wnVQAwba,3S2jpqSYxho6wiz3cafhjXruVY8cg4HYa2v3BqBHYFSj,Dfe67M6TfrG74gKRtdqys4e6E9QirPD53BkF4FujFjuv,11878.654976218,11874.775770033002,11897.745920856418,1.0016071638309758,1.189774592085642,1.0,7030.138557958,19822.494284187,26863.9314265621
moFiBS1R4Lf3E3zzmBPnw3NF4RhWPkhREFviuzUaCAU,44ALBrpqi9PfZkBRTvbtRNtFJGsatfY4QydjtMbFWq8S,2ho8qEEie1UjVwWNBo9y4oAJZMyMLx8zPj9bxyUz6uWs,5.416379725997103,5.398039091996907,5.395420599600009,0.9961304178330599,0.002158168239840004,1.0,42252.591617138,22191.663143681,64280.75488579032
BkwbeSfcX1h4thMDd7obGkHrPevf3QwgzJ4pCEqG18Lu,35yX27bmurdebhfAb8EPmjLETDiUaEUCn9zHaDPbakH2,2CxECn1ZJFoESyUnQysQU8rRgT3iJ5GRs2Mdd6gZjx5g,0.015948749999999956,0.022328999999999155,28.8712188410781,1810.249633424449,0.011548487536431241,1282.051282051282,0.99796094,21.79921628,29754.271605294096
SAMyS8Jr2HJrkFwYVKbpUwsNStnQmvz3f8Tup8bWUWF,6jPzm5TFfquvgm25sTyN3MMGBfufRaFHMxobDWv6hMFW,Cj9ECoDmxsHTDzCY5ZA6RWrPbg9uFzEC1Qc2kso2vJG6,773.421710340016,240.29359893000844,785.266975804502,1.015315403364199,0.31410679032180083,0.021214150921010293,469.86251736,109481.63372601,2799.618552281433
AURHmCnNwiW4uA2Qj1XvEh4iKgRUZYXtiY7FKAapUV5Y,BKWm4TRnTeKwfWXRyuzjRHU7iZDkPuXBX5b5V5jSVfGJ,A5Ww74HVrkj9nPeC7pHKLfgeDMEhBCpW1efQdz3TGLEg,1.3045069309999917,1.1529056610000907,222.77968324978787,170.77692571476976,0.08911187329991516,151.8584205721995,272.423415345,1806.901729794,320916.87618102896
KEVpg4SYCVrqFxKijQH6hm4QxsRdoE51ud64bEEFUC9,2bPenuBYfqzD8p5dFjCcggwkHDsc2RQDnx9AoyYGUBjA,AE6n6iLuX8oYu61vt5hoDYkjswpnxFxrhSehxrnQTnbx,85.47328795300018,85.46720249099963,85.2705082039326,0.9976275658287641,0.03410820328157304,1.0,6002.213016621,1544.717408882,7532.6905702393315
heyk4SZTeCUV6a65WiVA5bzic3KcxgVf1qxobfeV4tQ,9ZDpBKPqMABtGfq66FbVribaArMvtk63xxy91onZAtDt,DaTP4s6N7xxSPinbNZ3FB52EpRDRt87QShTuN3VPCW52,76.08300225300252,65.41252563399962,13220.358105525593,173.7623084531193,5.2881432422102375,152.28794360716532,612.843504578,4489.266651324,790150.2887103303
GokA1R67GqSavkd15zR62QD68Tuc5AEfvjssntVDEbM8,3YB7hfpBdbQEuZqLGWVDpRPmeZWCUsrrWyqGXegnQ6Cg,4DPCj6Z1DsG6HUtwSogBGqXEUxdEV5a8YVrrFtcnz7UW,5665.260343,5666.7108170000065,5664.325729254673,0.9998350272205087,0.5664325729254673,1.0,17848.022659,14611.906488,32456.984709093518
SoN9GaFpSXfpyR5dth3x7PHPVhvJMpQqqDJfCSmPv1t,9kZ9iS68ViMPtoeqtnhAKuF2iqVyfHPdZHoUNdwCELr,BBhm5fJLjw3HRzjtKB8uMEYjGhY6EDm9co3cqpjrSzB9,0.1163232690000009,0.11501578800000001,21.434826929508805,184.26946829966272,0.008573930771803523,180.2885157116934,3.041349249,5.15497607,1489.810793216407
SRMuKizofcAMicegrfSv7xs9q76tH1w8aAF7oX9FEWu,72Hj2KWntXPfbie4UgKeTPnm1XVkomDfCnRPKbvfTtPi,6aqJQ5wedqpUt4fFEDUqUmXhrdxCu4bEJsQdVPCADLko,838.2720680000002,841.4087579999978,28.717765666255016,0.0342582876878763,0.011487106266502007,0.03428386491608681,16771.555039,5120.540631,750.1166807896514
STK75uPSyBnEhGTTzb1nwmP3n427XoXmfRhXxxhyady,6TYyD5fUmDe6N65avW1Ny2RxzRNobw2RRgKwH9CTzSAU,54zDfk4cx2vGrEajPtodWpArNe5eUurytyxd4X3aZAxK,289.92982314899973,328.8961967700013,44090.62712792567,152.07344539118614,4.409062712792567,172.83150898153502,1450.172869074,246.339153346,263107.9522069276
BSCNHw8CmxbZ8hCWWzMf5FaG2ajPT6JxfznKUNuRVrn4,7n9kgNL633yGzCYksgnzHyjG73ZLBAwvEae5sbAekbzW,SscdxE99omdG9AiMVwmaEMQySQnCgeAh1sPj2Leutm2,102.3584460380007,102.48937518500043,102.23654940015089,0.9988091198863595,0.040894619760060355,1.0,6270.578565557,5439.960861489,11703.071919731257
KysFMBBoavfov2tLpvefWW6tPFt6rAeZWDJVy1mMQae,B8ka2V21TH3x64dFV8ETcjuQcwmrciJ2qzy1mJUttRew,7fSf7EYxBANyxzk2s5pymFgshA91tFYQNKKs5UnLWcYS,10.513036999996984,8.387473999999656,0.0,0.0,0.0,0.021211859856296436,133999.7575,3001.448603,63.66630713271272
KEN5P7p3asnb23Sw6yAmJRGvijfAzso3RqfyLAQhznt,9zj4aX38Uxf3h6AUjS4EipWS8mwbEofasHAf3a1uKGds,CwQDG1MWunn9cLNwcZLd8YBacweSR7ARo32w4mLua1Yr,207188.1743679985,207151.02315000107,203567.5224143371,0.982524813664169,20.356752241433707,1.0,1053058.136703,1106632.466821,2141288.216362652
BUSDTd9WiT6uBHJRgNvFXBsA7JrifsAtWzKfioN7ERcy,DyBxrn7gSc1EwnpWhDyhzvMHPtxpmBqRqotapLcKcfTM,Cds99GeBgoCpqBsoRWu1C6fF9LiUMd4pXQQD24s9LPff,543.9751432000002,544.6545452600001,543.1151149842715,0.9984189935395403,0.054311511498427154,0.982356870603953,90.01797627,95.92266128,184.1059426229834
MATgk4zXLXtYkwBH678J1xZbRDZ45LicNzkRBHkxTuY,y8dALFo1bJrSzPYjMX14HJX448pXqYmrfXHD1K8MXih,GN7Yuet3UyiWS5YVkEHv6oQKi4HGBJc3XDPt9zQhAqZz,3.153794000000289,3.155044999999973,3.155062335058983,1.0004021616689909,0.001262024934023593,1.0,4042.187548,4043.663752,8087.476912890677
MiMUFdSLMyCLpqpH6zkqdDrGYs7XBomwENbivdYjv9V,,,0.02163902399999995,0.015200464999999996,0.0,0.0,0.0,1.0,4042.187548,4043.663752,4043.663752
ionytDfEj1mXodptgrsKEZro7DGsfpzANUfarJdm6Qb,3gkSjY95an9xNFSjCfsay6JZez7uv7yfW3Ad4ubc4fMK,9wXqANaSuEqkKL9yHzCPEDGHwbkStVAqV5rB3QDs3Jr6,0.0013269429999997057,0.002142307000000024,1.2777680948686845,962.9412076245685,0.0005111072379474738,3560.112499554986,3.152586258,0.08411159,3335.201941335584
ALLwa5WNZbvQsRKAqe1jdRGemdYQnW8E5k4msbRFcYtu,CGoM82Hbz7QVqTgvQatYtjvDWBvoUJp5qm21P8iMs9yb,3dxNNww8TivyN5FMy5dCNdi3Zcxv6e4kUfSPxfFwpdNq,16.347659088,16.284349072,58199.50545765246,3560.112499554986,23.279802183060987,3602.5260912952167,2.817500386,5.945944982,31451.04027676047
FrnkTEL6yZ5Aycq2TrEgu29dCrwKG4LPUZydfiwqspkc,DjvZuMZ46fxKBoBpGMPcRcos4xdTtHFxwMh69DpA2ZFY,9rvDPJLAng4uVVqnnSoEXgNDFhBZQTny9AoQioYDZbQX,85.89596321099657,71.09332102199963,16064.38834837545,187.02145884218754,6.4257553393501805,154.44475796730313,168.767293643,1444.337250269,254633.42250291753
JSoLLrxK5bYdHwTEWYaGgmeycBCNXKDiBCTw5hXGBg7,xG4wXczA7Dk4hccJ61CHKpDHW4NrNfQwgmWgkb9BuF2,BVR6WgfhsRr9Lob4QDnkEAiNGgAbv7ZieKcY9kSg3QYR,0.6950530720000074,0.5936657590000003,125.43996685028367,180.4753793682712,0.05017598674011346,155.12307930481282,17.534222432,171.661285598,29793.12266472753
BUSDgu5JdqP1rndBvXvanbEufS94FNh1w5FJcAj6vawb,Bgzr8cWubt89JQFXndVjtdKmDbGzuPxNhvjH1EhWCwbo,Dxaf8xPBBQsasRKW5Aa4Sw2YrbfGofY9xZueyyF23FBW,5299.913829640012,5292.269439549999,5308.2484166439535,1.001572589153682,2.1232993666575815,1.0,6930.45409514,8251.99292345,15193.345775530108
RajgMbScQbqqrdJfR2rxfHJiTiY5b6bJ2tTXiF4aPxy,725ZA3fhyBAKb5iopNRrcbSuQa3LXA1656Q3mBvYPxeg,GLA6i1dSZpUfk2f9Nj8uiG7xyDdAR2reff8oEiZH3617,10681.666103320022,10692.44418419998,10675.501108185055,0.9994228433022214,4.270200443274023,1.0,116633.57233506,67416.03440734,183982.290894941
BSCrK1Nx9PXU9mF7STWWBqeHLxmtJDr9h7jheEy4tAWX,FfSySSbVJPvEo5a5AvrP3nySoXpRE2QPn1uUMpJJ1x7v,HL7Vcj6838ZmvBHDbQxXfjBNckNi83WvPiZQoMQLFeRM,0.0008761090000002358,0.0008726589999999979,3.1783615335508903,3627.8151845832367,0.0012713446134203562,3565.3166001140903,0.607007921,1.198528412,6475.24579597808
AUSejoEUCh2DBs9mof6BNC8Pubs22w4cJa1ccV9h44R,4xkyD7AfGQDwsQMy9MosRRNGoVJ1zosNinesxg1TzHG7,Cbm5gsQe3nSiCsFrvepVzMCD9xLK3ri9g3ypS2hdmVJ7,226.79587699999865,226.9614840000013,227.18026601008776,1.0016948677161759,0.022718026601008776,1.0,13857.297524,15026.215057,28906.998867206872
BSCuChvaSj9b5HUSqgDVRzcnr2sSn7cXaamt1jbKH6hn,GnKpRj5kBVPMJfiwZtEuD9GYApLzPdW5JFuZTcyX4BTc,3dmwD9okkomV9nDwyuh4UMhKdUR13QpuKxRo89ycZB5t,180.8499356310001,181.05752368599997,180.7898125325239,0.9996675525580564,0.07231592501300957,0.9816615800235796,1366.108965243,1641.549571686,2977.1009520403977
YakoMPuYrybnr9R7VC7hVGxMz94fJvPFCdZ4gmW61Ed,,,2.226628999999999,2.2251159999999994,0.0,0.0,0.0,0.9816615800235796,1366.108965243,1641.549571686,1611.446146228309
HEDSDjj84KS7LKhZY7ejkCACTdPen62rKhCby1wXtgxc,EnnjMSFttpCTywBrYNt1J5QQeoSVkvzPipJDa8Y7kJow,6bjVT6JN2rSvpyn9PdfLYC8wJn4LWh49jpY47fnLDXZk,1069.1205219430003,1239.9212359710073,936.6521385106547,0.8760959305209108,0.3746608554042619,1.0,43525.529177038,4651.991911897,42784.53089766916
