0,1,2,3,4,5,6,7,8,9,10,11
B2izdXFYb2sNwbWWHmh75T4aQFtfXsUxem9u2p61HGzf,4DYwgJtxwuJdAjkj5RJSNH4e7U329V5cNp7d3a1nLrZv,EXNW64GEf1ACC6xY9BtKRiunrs6GoJSXBdxWN2eTPmrF,2978.4304670000183,2949.5854570000065,3004.9733970158595,1.00891171719801,0.30049733970158593,1.0,10935.338379,28808.969824,39841.760846098194
KEnkcdADoLR5jS2CLLLesy8TtFsyWL37BhXNfDMzWzP,3qsjFRuw1qeLMPo4DLwaQevenGAGBj9dA3Q6rb8ax2YR,77iEv8zPQAEyCcEbvBRSB6AFcUdfkhiqnAKtPxk76rNN,1.3400009999999867,0.007809999999999984,0.007536345178569329,0.0056241339958473194,3.014538071427732e-06,0.9979910440283708,127.430728,0.239888,0.9560935650302507
BSCrK1Nx9PXU9mF7STWWBqeHLxmtJDr9h7jheEy4tAWX,FfSySSbVJPvEo5a5AvrP3nySoXpRE2QPn1uUMpJJ1x7v,HL7Vcj6838ZmvBHDbQxXfjBNckNi83WvPiZQoMQLFeRM,0.02083789700000005,0.02070698999999987,73.81707883000185,3542.443790273158,0.029526831532000742,3516.298041421991,0.57916911,1.226645392,6364.924806646442
KEN5P7p3asnb23Sw6yAmJRGvijfAzso3RqfyLAQhznt,9zj4aX38Uxf3h6AUjS4EipWS8mwbEofasHAf3a1uKGds,CwQDG1MWunn9cLNwcZLd8YBacweSR7ARo32w4mLua1Yr,26701.028649999993,26702.731790999766,26697.264335728658,0.9998590198781973,2.669726433572866,1.0,1006827.222748,965574.488569,1972259.7686925028
TETFuZgEmET6d9vYmz9iMFCxK1jKdKYxf3oPz8hSzJK,Eu1Ze6Z84LWNkq7SNoAHBJbXx5t1P95EwyqYohrfCRFV,ASMbv7WNu3qe4pkhREmvyEdwFNDZQ6B6iSrjkj4u8bdC,31.590116595000005,31.715900643999987,31.360215140050236,0.9927223613037833,0.012544086056020096,0.9988842462968863,219.387040779,32.675268232,250.42923184204818
SAMGk1Nd4haC8zQA63DG37pzuEZy8j4q13tSFtCbcRE,9U9TnkHD3jXMAVZtynCVLgDruuqN4pTvLJTmVHCLWS8g,C6zoEbvqSknmi96QWq96UBiPCyNW3YSTvKhavR2BfifE,0.02103946000000012,0.039630309999999724,0.0,0.0,0.0,0.0,53.624604,1.1475868,0.0
KysFMBBoavfov2tLpvefWW6tPFt6rAeZWDJVy1mMQae,B8ka2V21TH3x64dFV8ETcjuQcwmrciJ2qzy1mJUttRew,7fSf7EYxBANyxzk2s5pymFgshA91tFYQNKKs5UnLWcYS,99.32938399999966,124.70611599998665,0.0,0.0,0.0,0.01946445725871849,133982.425603,3015.35019,58.692154893323675
HEDSDjj84KS7LKhZY7ejkCACTdPen62rKhCby1wXtgxc,EnnjMSFttpCTywBrYNt1J5QQeoSVkvzPipJDa8Y7kJow,6bjVT6JN2rSvpyn9PdfLYC8wJn4LWh49jpY47fnLDXZk,312.7525527100024,341.594139728988,278.6351647038015,0.8909125194644341,0.1114540658815206,1.0,43439.13760361,4729.080027484,43429.55155327842
RoBgmK8CvjdHvPrqdDyVw54VwjZv2TqJ493xnqJAQHx,ExiHJxM7qPAcy27NDHAF6G7vnW7muNHi2sVJpnaNynGQ,6rkPHSqZb7StM4HwS9EuVrmfkV7tRdc7dnsFhyB6cefE,12.722159000000062,114.20393899999932,0.0,0.0,0.0,0.9384771893734352,6266.82814,18.938871,17.77369842598606
BSCuChvaSj9b5HUSqgDVRzcnr2sSn7cXaamt1jbKH6hn,GnKpRj5kBVPMJfiwZtEuD9GYApLzPdW5JFuZTcyX4BTc,3dmwD9okkomV9nDwyuh4UMhKdUR13QpuKxRo89ycZB5t,60.84919708499979,60.988782725999954,60.573765507989286,0.9954735380217794,0.02422950620319571,0.9986757559476135,1766.184104273,1241.862235939,2998.407246337645
MAR3XM1n9xWPQ3HJjAcC85o8DopWFP5p2WxGTaZ3fPB,6qG7GUhER8Cg9gDEgnebph9LdS6eu2eoWcA4R7z9uizK,4QV4CwRXVMY227KkFF9voNAfwWHVvVajXSXDKbUHkWZR,0.3906579999999984,0.008638999999999994,0.36887344118399523,0.9442362403534466,0.00014754937647359808,0.01944973660972186,0.113671,24.204121,0.5780960559970543
SAMyS8Jr2HJrkFwYVKbpUwsNStnQmvz3f8Tup8bWUWF,6jPzm5TFfquvgm25sTyN3MMGBfufRaFHMxobDWv6hMFW,Cj9ECoDmxsHTDzCY5ZA6RWrPbg9uFzEC1Qc2kso2vJG6,2749.6870998800005,58.12797193,2776.797024768758,1.0098592763118177,1.1107188099075032,0.0,457.03552242,110113.59200552,461.54156191985476
iLiUBQ7Z7im6Ew3b4ewwPcehzWgEQRJ1iQz7g6D62NW,GpugBvKWM3TVhYcZjemSdtehBWgfvuGr6uAm9iPjXT6v,92fMXJ3xy8tEyMUWLHKRLyhPw2nECBo77GtDiBBbYrjX,0.1810146809998514,0.1468876509999859,0.14696438839589795,0.8118920939678843,5.8785755358359195e-05,1.0,2606.231662078,414.547187151,2530.526068640907
MARpDPs5A7XiyCWPNH8GsMWPLxmwNn9SBmKvPa9LzgA,6YjT74rmcfCpw8LSjPNx5JTmZoYLGrTKnf9arfSgZ4SR,F8GSmi3vA8M8TsybLya1LQ4n1aFHCRbZ6k437PeTdXtg,12237.29478899999,12940.06331400061,11558.291402281558,0.9445136038294359,4.623316560912623,1.0,298467.757469,14359.566147,296266.4233809353
JSoLLrxK5bYdHwTEWYaGgmeycBCNXKDiBCTw5hXGBg7,xG4wXczA7Dk4hccJ61CHKpDHW4NrNfQwgmWgkb9BuF2,BVR6WgfhsRr9Lob4QDnkEAiNGgAbv7ZieKcY9kSg3QYR,0.41823104400000943,0.35321336399999836,70.98484139748788,169.7263807071344,0.028393936558995154,143.27267454838304,17.370666888,171.856792212,27570.642680888464
BUSDgu5JdqP1rndBvXvanbEufS94FNh1w5FJcAj6vawb,Bgzr8cWubt89JQFXndVjtdKmDbGzuPxNhvjH1EhWCwbo,Dxaf8xPBBQsasRKW5Aa4Sw2YrbfGofY9xZueyyF23FBW,2132.3419693099995,2131.985047690001,2131.3925191983976,0.9995547383462564,0.852557007679359,1.0,7645.38848709,7553.92870581,15195.912994578726
wrmcMSHFi3sWpAEy4rGDvQb3ezh3PhXoV2xNjgLBkKU,8p4mGnARWPBu6P2Gcw4adodLkNDorrXniZMhaY7eJXUn,AyY89zccbsgp9LKFgH4CFZMJmpSgqmPSdTfukhP227rc,0.0055766499999999886,0.0612228899999927,1.7679965252899252,317.03559041538,0.0007071986101159701,3522.8633833579934,27.15183897,0.08926721,8922.575484160803
CZgvH45CRmoaNJ7395Ao5CQZXkGznvqU7cErD6n7FaRg,4ZjU6MKvtqVQKCiowhvZ5yUsPxXX5SCzd5eFsPeXyey5,BsyWeshjDbCvjDojry3vKDCesmFRM37WtwcR4Kfgzqr,3.0224767299999655,2.991118410000041,3.1347515559843826,1.0371466304008297,0.001253900622393753,1.0,196.77872937,609.15621623,813.2446123306523
BSC8REUo9LpiiWUuqMuLXs2D2yJsJfGd4HdiF3wCLxk5,AZjEH1zWVx1UJ6udMyRijGTzPteuLnaY18yNNmprJEsh,Caf8ypkSVR8xYnXNhjvfvdGCC7mrM3C11rz8Xi6NA6aK,381.6250803900002,382.57726261100015,380.64505070697226,0.9974319568252001,0.1522580202827889,1.0,3757.55224149,2473.401636418,6221.304321520288
RajgMbScQbqqrdJfR2rxfHJiTiY5b6bJ2tTXiF4aPxy,725ZA3fhyBAKb5iopNRrcbSuQa3LXA1656Q3mBvYPxeg,GLA6i1dSZpUfk2f9Nj8uiG7xyDdAR2reff8oEiZH3617,299.78486084999895,300.5720719700039,299.20170774555163,0.9980547613285279,0.11968068309822066,1.0,137124.23432078,47139.63157676,183997.12653414323
Lee1XZJfJ9Hm2K1qTyeCz1LXNc1YBZaKZszvNY4KCDw,9DgFSWkPDGijNKcLGbr3p5xoJbHsPgXUTr6QvGBJ5vGN,2hNHZg7XBhuhHVZ3JDEi4buq2fPQwuWBdQ9xkH7t1GQX,773.1312123579555,646.3514423759916,132103.87862550456,170.86863977798012,13.210387862550457,143.43261499889198,6552.713277475,54044.988518035,8871467.235304115
FrnkTEL6yZ5Aycq2TrEgu29dCrwKG4LPUZydfiwqspkc,DjvZuMZ46fxKBoBpGMPcRcos4xdTtHFxwMh69DpA2ZFY,9rvDPJLAng4uVVqnnSoEXgNDFhBZQTny9AoQioYDZbQX,14.125590146000377,11.667734808000063,2454.876927779995,173.78933569547797,0.9819507711119982,143.43347906652917,168.284503858,1445.261411983,236544.92461465095
SUiuyGR7SFq3xeRVJonq84fjjeFwRSsFekcevJ53tzy,49GjCCPsv7fBqo6t3iKDrP1xxGDS8uWZbVCdfnp2gjMf,CEwj5xEbbJEjYqM8D6Ai8ByGz1mrh8mkAVsE5fzDSSSx,10.075475999999984,13.10339899999996,0.05662088071785425,0.005619673027642003,2.26483522871417e-05,0.9443717802824616,696.715232,1.296713,5.139890961543152
MiMUFdSLMyCLpqpH6zkqdDrGYs7XBomwENbivdYjv9V,,,0.04523357000000004,0.05016745099999992,0.0,0.0,0.0,0.9443717802824616,696.715232,1.296713,1.2245791643254116
SEQV6QiTpvTzrceiaYg9Avnwf7oc8ZALpnQMz6TyT4A,3dFMPj4r9mMmPHF32mz1gNDX7f8ftidWof7S8YiYTs1j,Fc1ED3YPeQfXQosHbd8DTaBd2AV5gHQtwiSAL5C5pUhi,1333.8192255450003,1338.026740059001,1329.7014393700952,0.9969127854089652,0.531880575748038,0.99864483895354,4076.272068647,1485.904075399,5547.578178116889
Cob4usZcpHEY7Qt4ZCwj6WVg9S44zvzYV2v9qYF65dTf,NhFM9UXE48PyNAyeyPYA3iXztqKVJwA4bTdLj4ysM8w,6TuFuynuBoeskxyR2cz4wxyidk8dpDK7kAWw3UkjQGx,18.452935999999994,3109.145762,0.10369951858541157,0.005619675838327928,4.1479807434164635e-05,1.0,77712.810141,139.875091,576.5958924779433
YAkoNb6HKmSxQN9L8hiBE5tPJRsniSSMzND1boHmZxe,CfWX7o2TswwbxusJ4hCaPobu2jLCb1hfXuXJQjVq3jQF,EnTrdMMpdhugeH6Ban6gYZWXughWxKtVGfCwFn78ZmY3,3257156.754558998,3254964.404171024,3257156.754558998,1.0,325.7156754558998,0.9963037132239391,311748.910479,1432379.452315,1738833.8775661066
STK75uPSyBnEhGTTzb1nwmP3n427XoXmfRhXxxhyady,6TYyD5fUmDe6N65avW1Ny2RxzRNobw2RRgKwH9CTzSAU,54zDfk4cx2vGrEajPtodWpArNe5eUurytyxd4X3aZAxK,154.3359466320004,175.27725944499895,22027.038369071535,142.7213740528831,2.2027038369071534,162.68230585900324,1489.915244426,252.320521682,253690.83518959032
SoNcU2iwHMw6dGzsYNQkYFkUjwN1UdAjrWVRnStrZu2,8ivTTid27jZnYNc4w3CTA1Z6QS2twsFb8WMwUabeDJgc,CyXm53PMvHCbeXJBykU46Rcbo28xk5srhMZFg7gv6EYB,1.434086145000002,1.4205463099999989,246.03006893574917,171.55877964063924,0.09841202757429968,169.8025518946314,12.70620799,16.202375305,4931.0662101680955
DFWzVTzNBrQZLjoQ4yQwkj9HuoXmfkuZP9V5vbymZe23,DhgiEgiNdqZdRdo195UUHnoEJUtefK8buko8nU97XJUZ,2K2kkXsouBHtWVjtcgkyiXd8eP3oVBvq1bTJzcVdLLr2,4.542635567002435,4.629459434996534,4.459203193003256,0.9816334872633786,0.0017836812772013023,1.0,46484.206865068,21568.87735617,67199.33144379899
BSCNHw8CmxbZ8hCWWzMf5FaG2ajPT6JxfznKUNuRVrn4,7n9kgNL633yGzCYksgnzHyjG73ZLBAwvEae5sbAekbzW,SscdxE99omdG9AiMVwmaEMQySQnCgeAh1sPj2Leutm2,16.658907459000147,16.689984601000106,16.63719066782638,0.9986963856286967,0.0066548762671305535,1.0,6506.394424132,5204.52837509,11702.440969945332
C2ypsDADXcCRz8HbV2zX1AXPSja7a1P3xZtRC91xGhJh,J9bYNuDpY1d1T86gLaw7DGk5D3CsUAf2tzUwxMvb6FTv,A2NGvvPrMGzsJ4jb52KEnSBVmsA7C34dV1GC7PerdgvG,16.703980373999457,16.91762577800091,2393.8649648765336,143.31104989818468,0.9575459859506136,145.203380567025,2972.487385968,1185.096319853,598070.2800323805
ALBpShJ9NLpE739pcHDF2LNVk5J4VYPvvKuV6jMPitZi,D6d156U1bPiJpDYRLextvDRccgFk7QzkQbJg42ceKEu5,GNcM8U5g8RwTZffwwm3kSQqUNPSwv5d2fbN9sLxPJqt2,7408.603327999997,7418.380800000006,7396.473112096159,0.998362685196278,2.9585892448384636,0.9983965751003888,52712.851009,47636.374421,100186.53654982275
SoN9GaFpSXfpyR5dth3x7PHPVhvJMpQqqDJfCSmPv1t,9kZ9iS68ViMPtoeqtnhAKuF2iqVyfHPdZHoUNdwCELr,BBhm5fJLjw3HRzjtKB8uMEYjGhY6EDm9co3cqpjrSzB9,0.36016324599999905,0.353515004000001,62.515935813431305,173.57666699125505,0.025006374325372525,169.7774421466388,3.067930362,5.128982037,1403.3065778551518
MiMuMS9C4vBqcrYeeQPph1E7oAW9aNKvW9k6Zw9XffM,Afy2q2hh6Y474pshJa5fnQ6PfEchGyTbKrQpCZw2hr3m,5pXz9ksgjeL8Wgb37bksUaBFMLdFfsNNY3FQnikkCPtS,2.6715141739996398,0.04048097799999795,0.0,0.0,0.0,0.0,25.990485522,7674.776698924,0.0
moFiBS1R4Lf3E3zzmBPnw3NF4RhWPkhREFviuzUaCAU,44ALBrpqi9PfZkBRTvbtRNtFJGsatfY4QydjtMbFWq8S,2ho8qEEie1UjVwWNBo9y4oAJZMyMLx8zPj9bxyUz6uWs,15.013465356001689,15.07658444599656,14.956243933299907,0.9961886598899763,0.005982497573319963,1.0,42268.985765583,22175.337624613,64283.22190933761
vEnkoSUkpnbRrPgBz9DfcVxNz67zjwMYBZraAvDDNSf,DtfyjjsZ5yCjWKLKHvwsfXs5QVsmm1QkK6Sh9JZHoq1g,e5wrKCRv4GhHvEf1VD5Pq2KGaZDXP77nTL612Jyrxwy,648.2530800000013,648.1381179999998,646.9966125783741,0.9980617640542067,0.06469966125783741,0.9962213324858811,6264.804248,6095.761874,12325.389595846078
BkwbeSfcX1h4thMDd7obGkHrPevf3QwgzJ4pCEqG18Lu,35yX27bmurdebhfAb8EPmjLETDiUaEUCn9zHaDPbakH2,2CxECn1ZJFoESyUnQysQU8rRgT3iJ5GRs2Mdd6gZjx5g,0.0006266400000001227,0.000866999999999507,0.0,0.0,0.0,0.0,1.0273343,21.7582769,0.0
ALLwa5WNZbvQsRKAqe1jdRGemdYQnW8E5k4msbRFcYtu,CGoM82Hbz7QVqTgvQatYtjvDWBvoUJp5qm21P8iMs9yb,3dxNNww8TivyN5FMy5dCNdi3Zcxv6e4kUfSPxfFwpdNq,0.6090928549999974,0.6081004379999997,2144.164660118976,3520.259091069103,0.8576658640475904,3518.760270381539,2.383650026,6.381283856,30845.273780473515
parEAJhzYzHW87y9VoZAQ22dzQ2MD2ekEtTReaxbMcz,3oyc6hpjYSJEquK6dSvG72NXyz3pqLZz5D8AC71pwgQb,Di2vordgFJVZ1aj1aBpvzXtLfZgJsuLLXawGtVFwX6Rz,3.9119058089999896,4.589281177000231,548.1893144231478,140.13356690796266,0.21927572576925913,166.79390261537844,1106.549282034,137.243968106,177956.15490168985
MATgk4zXLXtYkwBH678J1xZbRDZ45LicNzkRBHkxTuY,y8dALFo1bJrSzPYjMX14HJX448pXqYmrfXHD1K8MXih,GN7Yuet3UyiWS5YVkEHv6oQKi4HGBJc3XDPt9zQhAqZz,0.1001749999995809,0.09999999999990905,0.09999970052456136,0.9982500676314422,3.9999880209824544e-05,1.0,5162.104443,2925.388566,8078.459675345319
AURHmCnNwiW4uA2Qj1XvEh4iKgRUZYXtiY7FKAapUV5Y,BKWm4TRnTeKwfWXRyuzjRHU7iZDkPuXBX5b5V5jSVfGJ,A5Ww74HVrkj9nPeC7pHKLfgeDMEhBCpW1efQdz3TGLEg,0.009691314000065177,0.00854695400005312,1.5740464058324362,162.41826503834778,0.0006296185623329745,143.21998044760826,272.464413267,1806.855424091,303030.99579748546
daob129AwBGn9Y5r91uLoWZeYiGzbPmksauMhFZKTze,6VW5GQNyj4LStgmxEHLr5zUfW92vQnmbw8jTnCH7a38F,4VPCCUifPeBA1c7HWK358CHn2nyjm8pdTRk6Ps3KmnMQ,7.753192175000066,6.936927579999967,1243.221169063957,160.34958775724482,0.49728846762558276,142.56669376859514,47.914142795,224.762911716,39726.718250072765
C98Sspw7XqnMsgxea3SLQVdbMDL8pKUc3RE82UvX9eq2,CSqgQJurPCzGxb4Cgwx5R61hWQUiaoUHcShNc8r1cKEL,6S2CR5EnukPhC914XkAns8m5GixjMAoUuZMsS5ubHuWc,20.624976000000004,23.48810500000002,0.0,0.0,0.0,1.0,660.519948,69.108889,69.108889
GokA1R67GqSavkd15zR62QD68Tuc5AEfvjssntVDEbM8,3YB7hfpBdbQEuZqLGWVDpRPmeZWCUsrrWyqGXegnQ6Cg,4DPCj6Z1DsG6HUtwSogBGqXEUxdEV5a8YVrrFtcnz7UW,2055.1933020000015,2055.7729990000043,2054.4495912479697,0.9996381309965793,0.205444959124797,1.0,20060.953748,12404.878045,32458.57235565954
Sid7E679i9ABqptiAVhkmQ27YHN8vaYT4fppPwmxFsJ,GP7KB8o1bv527HG8kTzzzf4wJ5aEGHvcMQvVhLziUfmT,9gYxhAZ1M9wu5pxr8SBoa5NDm21gi3s9vMHaYTME77sa,1163.236771999993,3501.9036520000473,6.519198114885908,0.0056043604120915354,0.002607679245954363,0.019387612029377353,138668.816568,7886.178775,930.0442004492925
heyk4SZTeCUV6a65WiVA5bzic3KcxgVf1qxobfeV4tQ,9ZDpBKPqMABtGfq66FbVribaArMvtk63xxy91onZAtDt,DaTP4s6N7xxSPinbNZ3FB52EpRDRt87QShTuN3VPCW52,36.55899129699992,31.491657816999805,6091.794562390115,166.62917510226865,2.4367178249560464,143.04895106495653,604.974592243,4498.513843359,744314.1039069736
ionytDfEj1mXodptgrsKEZro7DGsfpzANUfarJdm6Qb,3gkSjY95an9xNFSjCfsay6JZez7uv7yfW3Ad4ubc4fMK,9wXqANaSuEqkKL9yHzCPEDGHwbkStVAqV5rB3QDs3Jr6,0.0007877229999998514,0.0013665400000001104,0.7645940305749589,970.638194612958,0.00030583761222998355,3517.1637591446256,3.145538384,0.08602162,3355.731822498432
KwnjUuZhTMTSGAaavkLEmSyfobY16JNH4poL9oeeEvE,J63v6qEZmQpDqCD8bd4PXu2Pq5ZbyXrFcSa3Xt1HdAPQ,BnKQtTdLw9qPCDgZkWX3sURkBAoKCUYL1yahh6Mw7mRK,445.8167250000155,18344.604223000184,8.651460183808405,0.01940586725140943,0.0008651460183808405,1.0,278685.810298,553.171781,5961.31162049446
KZMu9QBEdL97EFgamLbN5DE1AoKBG4HdrKKJo4Vuon3,DD4ACBWyVqdaKWh7v5btsgqQCCMwbKnuL2xd9pv7Gyuw,GcYqiJ1MAuYbNTNYXm1F1gQYTfTgkErACAhNU5dpVj9T,58.669039870000006,58.21569437000062,59.24743704945156,1.0098586440264437,0.023698974819780626,1.0,1208.44218981,1882.40299257,3102.7587837558726
Lid8SLUxQ9RmF7XMqUA8c24RitTwzja8VSKngJxRcUa,4PgzyzLtds9bKZ2to9PMnKqJzKEUpjvNUaeN23phegax,AtymwxoVN9peZo7EXTcDz9jKVc4vRmisJKKrNfe3ewBa,23.905645932002358,20.213115346000222,4030.686331546035,168.60813311679553,0.4030686331546035,142.9465661447354,958.434971301,7628.472084856,1252063.820686047
BUSDTd9WiT6uBHJRgNvFXBsA7JrifsAtWzKfioN7ERcy,DyBxrn7gSc1EwnpWhDyhzvMHPtxpmBqRqotapLcKcfTM,Cds99GeBgoCpqBsoRWu1C6fF9LiUMd4pXQQD24s9LPff,114.53767221000001,114.19217636,114.54923366415372,1.000100940187893,0.011454923366415373,0.9990459111548471,79.62558812,106.42968675,185.96176891490464
MATSnbbiTCv7Dc3trJrkrqjx7ckKdr6fwPoVwv9q3sD,631WX9JizSHJm4w6VanZeJAst9T8DeUUnPLesdGkCVtK,211maUSfpnXbPuW1iBu8b4dtJv5EbN1j7JJiEX5TZKEP,6.961209000000963,6.958921000001283,6.957723180687438,0.9994992508753113,0.002783089272274975,0.99864483895354,22477.70236,23116.928375,45552.04788437061
