0,1,2,3,4,5,6,7,8,9,10,11
STK75uPSyBnEhGTTzb1nwmP3n427XoXmfRhXxxhyady,6TYyD5fUmDe6N65avW1Ny2RxzRNobw2RRgKwH9CTzSAU,54zDfk4cx2vGrEajPtodWpArNe5eUurytyxd4X3aZAxK,179.5358509959977,204.0360420980008,23355.77003830592,130.08972808905213,2.335577003830592,147.7529800667932,1536.255028182,259.486226528,238190.86214743444
C2ypsDADXcCRz8HbV2zX1AXPSja7a1P3xZtRC91xGhJh,J9bYNuDpY1d1T86gLaw7DGk5D3CsUAf2tzUwxMvb6FTv,A2NGvvPrMGzsJ4jb52KEnSBVmsA7C34dV1GC7PerdgvG,46.56839080800023,47.1935859149994,6057.011074294953,130.06700401711942,2.4228044297179814,131.73927059391093,3443.240733471,1330.393778877,623117.1123442146
HEDSDjj84KS7LKhZY7ejkCACTdPen62rKhCby1wXtgxc,EnnjMSFttpCTywBrYNt1J5QQeoSVkvzPipJDa8Y7kJow,6bjVT6JN2rSvpyn9PdfLYC8wJn4LWh49jpY47fnLDXZk,231.1834852029997,258.9551281639897,205.46255590377154,0.8887423585787588,0.08218502236150863,1.0,43497.575108057,4677.283027742,43335.420521733286
MARpDPs5A7XiyCWPNH8GsMWPLxmwNn9SBmKvPa9LzgA,6YjT74rmcfCpw8LSjPNx5JTmZoYLGrTKnf9arfSgZ4SR,F8GSmi3vA8M8TsybLya1LQ4n1aFHCRbZ6k437PeTdXtg,26795.825197000053,28692.13184800011,25090.26430063574,0.9363497528504828,10.036105720254298,1.0,299592.18447,13373.536506,293896.6043904207
KysFMBBoavfov2tLpvefWW6tPFt6rAeZWDJVy1mMQae,B8ka2V21TH3x64dFV8ETcjuQcwmrciJ2qzy1mJUttRew,7fSf7EYxBANyxzk2s5pymFgshA91tFYQNKKs5UnLWcYS,8.181350999991992,6.615659999999934,0.0,0.0,0.0,0.0185380387300042,130608.071144,3060.0874,56.72801873839785
SUiuyGR7SFq3xeRVJonq84fjjeFwRSsFekcevJ53tzy,49GjCCPsv7fBqo6t3iKDrP1xxGDS8uWZbVCdfnp2gjMf,CEwj5xEbbJEjYqM8D6Ai8ByGz1mrh8mkAVsE5fzDSSSx,0.032924000000000175,5.021401999999966,0.0001969333168739743,0.005981451733506659,7.877332674958971e-08,0.9362936441578553,684.581834,1.371573,5.3789882801049895
B2izdXFYb2sNwbWWHmh75T4aQFtfXsUxem9u2p61HGzf,4DYwgJtxwuJdAjkj5RJSNH4e7U329V5cNp7d3a1nLrZv,EXNW64GEf1ACC6xY9BtKRiunrs6GoJSXBdxWN2eTPmrF,2543.7953059999927,2528.0269890000163,2557.9921625018783,1.0055809744079642,0.25579921625018787,1.0,12783.440722,26948.939553,39803.72433051521
RajgMbScQbqqrdJfR2rxfHJiTiY5b6bJ2tTXiF4aPxy,725ZA3fhyBAKb5iopNRrcbSuQa3LXA1656Q3mBvYPxeg,GLA6i1dSZpUfk2f9Nj8uiG7xyDdAR2reff8oEiZH3617,5035.467817299999,5042.7600672199915,5027.1665577065905,0.9983514422304738,2.010866623082636,1.0,129152.91673649,55105.10932004,184045.1100121871
MATSnbbiTCv7Dc3trJrkrqjx7ckKdr6fwPoVwv9q3sD,631WX9JizSHJm4w6VanZeJAst9T8DeUUnPLesdGkCVtK,211maUSfpnXbPuW1iBu8b4dtJv5EbN1j7JJiEX5TZKEP,2631.7390760000126,2631.8865320000077,2623.234549590241,0.9967684765988665,1.0492938198360964,0.997941247207012,23388.860001,22208.777603,45476.333572661904
2jQoGQRixdcfuRPt9Zui7pk6ivnrQv79mf8h13Tyoa9K,,,0.0003197720000000003,0.0003038030000000005,0.0,0.0,0.0,0.997941247207012,23388.860001,22208.777603,22163.055220080973
Lid8SLUxQ9RmF7XMqUA8c24RitTwzja8VSKngJxRcUa,4PgzyzLtds9bKZ2to9PMnKqJzKEUpjvNUaeN23phegax,AtymwxoVN9peZo7EXTcDz9jKVc4vRmisJKKrNfe3ewBa,24.912586964999946,21.00648266799999,3831.193249710952,153.78544408468903,0.3831193249710952,129.60842185156517,953.166304136,7634.771141575,1136113.742225525
SoNcU2iwHMw6dGzsYNQkYFkUjwN1UdAjrWVRnStrZu2,8ivTTid27jZnYNc4w3CTA1Z6QS2twsFb8WMwUabeDJgc,CyXm53PMvHCbeXJBykU46Rcbo28xk5srhMZFg7gv6EYB,0.7391441340000053,0.7320464319999971,114.12240831303853,154.39804371502692,0.04564896332521542,153.63267533482707,12.605122528,16.30545529,4451.256977866524
ACUSESXyNnwRLAg1dpSGMLSzUDdLjUMybY8rkXiAKhCP,AhFPQdu8GKBsxuhiH46UmCu1YpaLgNpoP325HnYtsgas,A8wxWpT3aFEr2XqZp1kDmbxbFfcBE95UUmdsNTDBJYbT,10.851937904000351,10.717515242000445,10.851937904000351,1.0,0.004340775161600141,0.9879761387243536,1047.126421791,1839.366676767,2864.3768088015067
RoBgmK8CvjdHvPrqdDyVw54VwjZv2TqJ493xnqJAQHx,ExiHJxM7qPAcy27NDHAF6G7vnW7muNHi2sVJpnaNynGQ,6rkPHSqZb7StM4HwS9EuVrmfkV7tRdc7dnsFhyB6cefE,0.13513599999999926,8.181351000000177,0.0,0.0,0.0,0.9322783671330855,6322.442442,18.022393,16.801887117870752
TETFuZgEmET6d9vYmz9iMFCxK1jKdKYxf3oPz8hSzJK,Eu1Ze6Z84LWNkq7SNoAHBJbXx5t1P95EwyqYohrfCRFV,ASMbv7WNu3qe4pkhREmvyEdwFNDZQ6B6iSrjkj4u8bdC,130.55271983599997,130.75202223399998,130.24193184951113,0.9976194445670741,0.052096772739804446,0.9969771652350076,116.133564886,135.864778606,251.31118432705736
heyk4SZTeCUV6a65WiVA5bzic3KcxgVf1qxobfeV4tQ,9ZDpBKPqMABtGfq66FbVribaArMvtk63xxy91onZAtDt,DaTP4s6N7xxSPinbNZ3FB52EpRDRt87QShTuN3VPCW52,1.94266903100106,1.6706577820000348,291.65035733646783,150.1286903133366,0.11666014293458712,128.79481029039624,606.443326328,4496.810371652,670210.3810596915
GokA1R67GqSavkd15zR62QD68Tuc5AEfvjssntVDEbM8,3YB7hfpBdbQEuZqLGWVDpRPmeZWCUsrrWyqGXegnQ6Cg,4DPCj6Z1DsG6HUtwSogBGqXEUxdEV5a8YVrrFtcnz7UW,23618.70035699999,23613.88026099999,23614.75669263232,0.9998330278843433,2.361475669263232,1.0,18306.052787,14165.716141,32468.712327636833
YAkoNb6HKmSxQN9L8hiBE5tPJRsniSSMzND1boHmZxe,CfWX7o2TswwbxusJ4hCaPobu2jLCb1hfXuXJQjVq3jQF,EnTrdMMpdhugeH6Ban6gYZWXughWxKtVGfCwFn78ZmY3,3437561.9646769757,3435277.218025009,3437561.9646769757,1.0,343.7561964676976,0.996535047639358,323001.093518,1442864.576301,1760866.212799259
AUSejoEUCh2DBs9mof6BNC8Pubs22w4cJa1ccV9h44R,4xkyD7AfGQDwsQMy9MosRRNGoVJ1zosNinesxg1TzHG7,Cbm5gsQe3nSiCsFrvepVzMCD9xLK3ri9g3ypS2hdmVJ7,1662.8262330000016,1663.687563999998,1661.9287914526174,0.999460291442621,0.16619287914526173,1.0,14677.833237,14205.798231,28875.709715798213
Lee1XZJfJ9Hm2K1qTyeCz1LXNc1YBZaKZszvNY4KCDw,9DgFSWkPDGijNKcLGbr3p5xoJbHsPgXUTr6QvGBJ5vGN,2hNHZg7XBhuhHVZ3JDEi4buq2fPQwuWBdQ9xkH7t1GQX,761.3792024801223,636.0513808769911,117904.06900628998,154.8559096731673,11.790406900628998,129.48570866233493,6535.795110872,54065.848050614,8012861.146595396
ercAoEmXjQzEvAFbdjAo81KtMxRGn9AW1ju882upmPH,CMRhskR2Eg6V42RTSdRTXGdozyPbWB8U9dVpijPWb9T4,7TKLLgrWswt6ZJ1pXhVR3FyufHGjJFqiEXxvWJfDcgRm,0.9702673139999689,0.9706304729999715,125.68128520210965,129.53263846844754,0.050272514080843864,113.80292974262329,34.947373436,304.741937244,39207.35076251707
KEVpg4SYCVrqFxKijQH6hm4QxsRdoE51ud64bEEFUC9,2bPenuBYfqzD8p5dFjCcggwkHDsc2RQDnx9AoyYGUBjA,AE6n6iLuX8oYu61vt5hoDYkjswpnxFxrhSehxrnQTnbx,141.22891105300005,142.29759669600026,140.05470765002536,0.9916858142272723,0.05602188306001015,1.0,6634.553727159,916.502317085,7495.895132037257
C98Sspw7XqnMsgxea3SLQVdbMDL8pKUc3RE82UvX9eq2,CSqgQJurPCzGxb4Cgwx5R61hWQUiaoUHcShNc8r1cKEL,6S2CR5EnukPhC914XkAns8m5GixjMAoUuZMsS5ubHuWc,18.077565999999976,20.365664999999893,0.0,0.0,0.0,1.0,666.577645,63.857895,63.857895
ALLwa5WNZbvQsRKAqe1jdRGemdYQnW8E5k4msbRFcYtu,CGoM82Hbz7QVqTgvQatYtjvDWBvoUJp5qm21P8iMs9yb,3dxNNww8TivyN5FMy5dCNdi3Zcxv6e4kUfSPxfFwpdNq,2.248046374999999,2.2489635849999994,7830.458654080599,3483.2282559476125,3.13218346163224,3482.8400470879974,3.080040104,5.687294709,30536.420491801502
Cob4usZcpHEY7Qt4ZCwj6WVg9S44zvzYV2v9qYF65dTf,NhFM9UXE48PyNAyeyPYA3iXztqKVJwA4bTdLj4ysM8w,6TuFuynuBoeskxyR2cz4wxyidk8dpDK7kAWw3UkjQGx,22.597597999999508,166.74622399999927,0.13518732829384061,0.005982376015974953,5.407493131753626e-05,1.0,38787.059739,72.683154,304.7219299127813
BSCuChvaSj9b5HUSqgDVRzcnr2sSn7cXaamt1jbKH6hn,GnKpRj5kBVPMJfiwZtEuD9GYApLzPdW5JFuZTcyX4BTc,3dmwD9okkomV9nDwyuh4UMhKdUR13QpuKxRo89ycZB5t,146.72922942000014,147.33663810100006,146.00782374389863,0.9950834221718936,0.05840312949755945,0.9989660701174286,1949.942892318,1058.981898971,2998.242832268107
DFWzVTzNBrQZLjoQ4yQwkj9HuoXmfkuZP9V5vbymZe23,DhgiEgiNdqZdRdo195UUHnoEJUtefK8buko8nU97XJUZ,2K2kkXsouBHtWVjtcgkyiXd8eP3oVBvq1bTJzcVdLLr2,3029.0135240170057,3000.0,3006.8025114026727,0.9926672454783638,1.2027210045610692,1.0,40276.849916823,27699.502622199,67681.01228567715
AURHmCnNwiW4uA2Qj1XvEh4iKgRUZYXtiY7FKAapUV5Y,BKWm4TRnTeKwfWXRyuzjRHU7iZDkPuXBX5b5V5jSVfGJ,A5Ww74HVrkj9nPeC7pHKLfgeDMEhBCpW1efQdz3TGLEg,0.013112669999941318,0.011617149999835874,1.9304203808441946,147.2179488123192,0.0007721681523376778,129.74707235462262,272.44029149,1806.882964222,274545.875582235
KwnjUuZhTMTSGAaavkLEmSyfobY16JNH4poL9oeeEvE,J63v6qEZmQpDqCD8bd4PXu2Pq5ZbyXrFcSa3Xt1HdAPQ,BnKQtTdLw9qPCDgZkWX3sURkBAoKCUYL1yahh6Mw7mRK,129.25107599997625,5569.950951000077,2.395849551909912,0.018536399278489196,0.0002395849551909912,1.0,279471.127966,538.346268,5718.734682787524
BUSD5rCfUDpCxKGMvYU2yThChxgHoioK74PTPociGnv2,CcFHbafgYDZ8yA8Me1PdtDiVb2eeaS61LbqyKKK5CsNZ,26R9s4nmF3CFDTkiePDwRmtscn8i7r2eygbSijditJ58,185.79948513,188.48231853,185.43376709152906,0.9980316520349072,0.018543376709152907,1.0,83.44421451,64.95888601,148.23885327017047
SAMyS8Jr2HJrkFwYVKbpUwsNStnQmvz3f8Tup8bWUWF,6jPzm5TFfquvgm25sTyN3MMGBfufRaFHMxobDWv6hMFW,Cj9ECoDmxsHTDzCY5ZA6RWrPbg9uFzEC1Qc2kso2vJG6,278.44092607999727,166.27690835000402,280.8977448346218,1.0088234829168707,0.11235909793384873,0.0,432.34794978,111412.36550338,436.1627645290279
BUSDTd9WiT6uBHJRgNvFXBsA7JrifsAtWzKfioN7ERcy,DyBxrn7gSc1EwnpWhDyhzvMHPtxpmBqRqotapLcKcfTM,Cds99GeBgoCpqBsoRWu1C6fF9LiUMd4pXQQD24s9LPff,412.39458135000007,414.03327913000004,411.4057881085705,0.9976023127214895,0.04114057881085705,0.9986238962709385,106.25117456,79.9001282,185.78659480606217
BSCNHw8CmxbZ8hCWWzMf5FaG2ajPT6JxfznKUNuRVrn4,7n9kgNL633yGzCYksgnzHyjG73ZLBAwvEae5sbAekbzW,SscdxE99omdG9AiMVwmaEMQySQnCgeAh1sPj2Leutm2,18.18090322199987,18.187865408000107,18.141158664539663,0.9978139393310166,0.007256463465815865,1.0,6524.253566224,5186.74356956,11696.734721668403
FrnkTEL6yZ5Aycq2TrEgu29dCrwKG4LPUZydfiwqspkc,DjvZuMZ46fxKBoBpGMPcRcos4xdTtHFxwMh69DpA2ZFY,9rvDPJLAng4uVVqnnSoEXgNDFhBZQTny9AoQioYDZbQX,4.467523160001292,3.6887078519997942,703.0985214156785,157.37993877920383,0.28123940856627144,129.81419175477373,167.845246397,1445.823155958,214103.8390133642
Sid7E679i9ABqptiAVhkmQ27YHN8vaYT4fppPwmxFsJ,GP7KB8o1bv527HG8kTzzzf4wJ5aEGHvcMQvVhLziUfmT,9gYxhAZ1M9wu5pxr8SBoa5NDm21gi3s9vMHaYTME77sa,65.31993400001375,189.81465300002128,0.3908659326343066,0.005983869068732132,0.00015634637305372265,0.01850459963281693,136250.829807,8623.058796,974.8733767014137
BSC8REUo9LpiiWUuqMuLXs2D2yJsJfGd4HdiF3wCLxk5,AZjEH1zWVx1UJ6udMyRijGTzPteuLnaY18yNNmprJEsh,Caf8ypkSVR8xYnXNhjvfvdGCC7mrM3C11rz8Xi6NA6aK,694.0947095189999,696.2902098309996,690.9220032800799,0.9954290009772316,0.27636880131203195,1.0,3925.111410233,2306.874313263,6214.044043075568
4vezWG46exH6pf9nry3n1VJ7hZHvjBJNgNeF4qEFCML5,,,0.040185000000001025,0.040434999999998666,0.0,0.0,0.0,1.0,3925.111410233,2306.874313263,2306.874313263
MiMuMS9C4vBqcrYeeQPph1E7oAW9aNKvW9k6Zw9XffM,Afy2q2hh6Y474pshJa5fnQ6PfEchGyTbKrQpCZw2hr3m,5pXz9ksgjeL8Wgb37bksUaBFMLdFfsNNY3FQnikkCPtS,0.008258036000000857,0.5456489999996847,0.0,0.0,0.0,0.0,25.982227486,7675.322347924,0.0
SoN9GaFpSXfpyR5dth3x7PHPVhvJMpQqqDJfCSmPv1t,9kZ9iS68ViMPtoeqtnhAKuF2iqVyfHPdZHoUNdwCELr,BBhm5fJLjw3HRzjtKB8uMEYjGhY6EDm9co3cqpjrSzB9,0.2660421180000001,0.2604483329999989,41.832587017660956,157.24046753251656,0.016733034807064385,153.82729225354984,3.07176526,5.125538618,1271.4535325804843
ionytDfEj1mXodptgrsKEZro7DGsfpzANUfarJdm6Qb,3gkSjY95an9xNFSjCfsay6JZez7uv7yfW3Ad4ubc4fMK,9wXqANaSuEqkKL9yHzCPEDGHwbkStVAqV5rB3QDs3Jr6,0.0002869580000000038,0.0010541269999997382,0.27254396720636104,949.769538421502,0.00010901758688254441,3486.142583231654,3.148266622,0.085276224,3287.412812228363
daob129AwBGn9Y5r91uLoWZeYiGzbPmksauMhFZKTze,6VW5GQNyj4LStgmxEHLr5zUfW92vQnmbw8jTnCH7a38F,4VPCCUifPeBA1c7HWK358CHn2nyjm8pdTRk6Ps3KmnMQ,9.068530521999861,8.103022622000012,1318.160143599515,145.3554289089854,0.5272640574398061,129.15357910398413,47.990422605,224.69845671,35996.27836451138
WiiQFxXqp8P9Fs1rt9SVcDyA3KUdJmUsog6wnVQAwba,3S2jpqSYxho6wiz3cafhjXruVY8cg4HYa2v3BqBHYFSj,Dfe67M6TfrG74gKRtdqys4e6E9QirPD53BkF4FujFjuv,3549.6633295759966,3540.739443418999,3556.114715541146,1.0018174641835456,0.3556114715541146,1.0,6811.356627123,20047.847472418,26871.583496252155
ALBpShJ9NLpE739pcHDF2LNVk5J4VYPvvKuV6jMPitZi,D6d156U1bPiJpDYRLextvDRccgFk7QzkQbJg42ceKEu5,GNcM8U5g8RwTZffwwm3kSQqUNPSwv5d2fbN9sLxPJqt2,2230.889568000006,2233.7509890000074,2224.671610847686,0.9972127902512476,0.8898686443390745,0.9986268880289603,54782.536685,45575.491417,100142.75742883948
wrmcMSHFi3sWpAEy4rGDvQb3ezh3PhXoV2xNjgLBkKU,8p4mGnARWPBu6P2Gcw4adodLkNDorrXniZMhaY7eJXUn,AyY89zccbsgp9LKFgH4CFZMJmpSgqmPSdTfukhP227rc,0.019981830000000603,0.1848961800000014,5.8346560846562605,291.99808449256574,0.0023338624338625044,3488.331531028709,27.19412608,0.08562492,8239.320833087137
MNkYtBe2HtgL15osfaMmyqNW3vo4J399FXXCS4a39Wf,2mUxDu8NrhSKhQJMgKfYLxJqZzeEbmwhQdHeHMyohyuk,AZCBmDBcFsA2jHHhfFJBTsWCHx9XnnKmGfFsue3ZVW1t,2.648851299999933,2.6477129999998397,2.6477446221802,0.9995822046259325,0.0010590978488720802,1.0,2195.52691338,1940.96758953,4135.577221921949
BUSDgu5JdqP1rndBvXvanbEufS94FNh1w5FJcAj6vawb,Bgzr8cWubt89JQFXndVjtdKmDbGzuPxNhvjH1EhWCwbo,Dxaf8xPBBQsasRKW5Aa4Sw2YrbfGofY9xZueyyF23FBW,15335.118051429998,15513.994154020002,15228.080936493056,0.9930201310105362,6.091232374597222,1.0,10618.8064686,4605.22378102,15149.912371644701
parEAJhzYzHW87y9VoZAQ22dzQ2MD2ekEtTReaxbMcz,3oyc6hpjYSJEquK6dSvG72NXyz3pqLZz5D8AC71pwgQb,Di2vordgFJVZ1aj1aBpvzXtLfZgJsuLLXawGtVFwX6Rz,0.4918954610000128,0.5843281269999352,62.54008419023356,127.14100687794704,0.025016033676093424,151.28316107980473,1106.345645695,137.416169322,161450.6518272046
MiMUFdSLMyCLpqpH6zkqdDrGYs7XBomwENbivdYjv9V,,,0.010449064000000008,0.008258035999999996,0.0,0.0,0.0,151.28316107980473,1106.345645695,137.416169322,20788.752478509847
KEN5P7p3asnb23Sw6yAmJRGvijfAzso3RqfyLAQhznt,9zj4aX38Uxf3h6AUjS4EipWS8mwbEofasHAf3a1uKGds,CwQDG1MWunn9cLNwcZLd8YBacweSR7ARo32w4mLua1Yr,39093.619625999825,39097.9466580007,39073.88731290681,0.9994952548962774,3.907388731290681,1.0,990129.966654,947258.465754,1936888.6691552824
SAMGk1Nd4haC8zQA63DG37pzuEZy8j4q13tSFtCbcRE,9U9TnkHD3jXMAVZtynCVLgDruuqN4pTvLJTmVHCLWS8g,C6zoEbvqSknmi96QWq96UBiPCyNW3YSTvKhavR2BfifE,0.008719239999997797,0.004556299999999958,0.0,0.0,0.0,0.0,53.65981576,1.1290297,0.0
BSCrK1Nx9PXU9mF7STWWBqeHLxmtJDr9h7jheEy4tAWX,FfSySSbVJPvEo5a5AvrP3nySoXpRE2QPn1uUMpJJ1x7v,HL7Vcj6838ZmvBHDbQxXfjBNckNi83WvPiZQoMQLFeRM,0.15160200699999993,0.15056597299999996,532.9204320957273,3515.2597425423764,0.21316817283829093,3496.136768870398,0.598053177,1.207730519,6324.7033313705
SEQV6QiTpvTzrceiaYg9Avnwf7oc8ZALpnQMz6TyT4A,3dFMPj4r9mMmPHF32mz1gNDX7f8ftidWof7S8YiYTs1j,Fc1ED3YPeQfXQosHbd8DTaBd2AV5gHQtwiSAL5C5pUhi,1815.8980335329998,1815.2547961940006,1807.1973343753723,0.9952085970704536,0.722878933750149,0.997336115236204,1695.938388076,3869.056328309,5546.562072020792
vEnkoSUkpnbRrPgBz9DfcVxNz67zjwMYBZraAvDDNSf,DtfyjjsZ5yCjWKLKHvwsfXs5QVsmm1QkK6Sh9JZHoq1g,e5wrKCRv4GhHvEf1VD5Pq2KGaZDXP77nTL612Jyrxwy,4156.44162,4157.132768000005,4143.402332858494,0.9968628725401163,0.41434023328584946,0.9970785598197281,12009.715928,11199.142216,23138.46451032247
KZMu9QBEdL97EFgamLbN5DE1AoKBG4HdrKKJo4Vuon3,DD4ACBWyVqdaKWh7v5btsgqQCCMwbKnuL2xd9pv7Gyuw,GcYqiJ1MAuYbNTNYXm1F1gQYTfTgkErACAhNU5dpVj9T,24.057485250000127,23.854461119999996,24.269756060126372,1.0088234829168707,0.009707902424050549,1.0,1239.92841478,1850.67958893,3101.548490895954
SQDY9uoDoCbNq7F3HAHYYQZbrUzpKxDtdWLvYcqBLak,GiehZ4X2uQjhEKuxSm3ACmEFrabxh3RTvjbLfLjw1xGX,rxDQYV77NKRKYxCjq4cECX3QQsiSyLv1T1FT2X3zNA2,2.5911898660000077,2.596929000000017,2.5972023895317733,1.0023203716603937,0.0010388809558127094,1.0,167.14734288,239.54591052,407.08109735752885
JSoLLrxK5bYdHwTEWYaGgmeycBCNXKDiBCTw5hXGBg7,xG4wXczA7Dk4hccJ61CHKpDHW4NrNfQwgmWgkb9BuF2,BVR6WgfhsRr9Lob4QDnkEAiNGgAbv7ZieKcY9kSg3QYR,0.5470491669999795,0.46792456000000726,84.40153917907972,154.2851068432079,0.03376061567163189,130.3054346357318,17.352597272,171.880036627,25074.150202004417
BkwbeSfcX1h4thMDd7obGkHrPevf3QwgzJ4pCEqG18Lu,35yX27bmurdebhfAb8EPmjLETDiUaEUCn9zHaDPbakH2,2CxECn1ZJFoESyUnQysQU8rRgT3iJ5GRs2Mdd6gZjx5g,0.015088659999999976,0.010944140000000102,0.0,0.0,0.0,0.0,1.03827844,21.74318824,0.0
