0,1,2,3,4,5,6,7,8,9,10,11
WiiQFxXqp8P9Fs1rt9SVcDyA3KUdJmUsog6wnVQAwba,3S2jpqSYxho6wiz3cafhjXruVY8cg4HYa2v3BqBHYFSj,Dfe67M6TfrG74gKRtdqys4e6E9QirPD53BkF4FujFjuv,198.96665973400013,198.65719102300045,198.7567414102625,0.9989449572907426,0.01987567414102625,0.9912122403681476,7060.027214203,19792.561272694,26671.207585694352
BSCuChvaSj9b5HUSqgDVRzcnr2sSn7cXaamt1jbKH6hn,GnKpRj5kBVPMJfiwZtEuD9GYApLzPdW5JFuZTcyX4BTc,3dmwD9okkomV9nDwyuh4UMhKdUR13QpuKxRo89ycZB5t,425.54642698,425.65055191500005,425.4511978129423,0.9997762190891051,0.17018047912517695,0.9856382648429731,1366.108965243,1641.549571686,2983.7773276246908
AURHmCnNwiW4uA2Qj1XvEh4iKgRUZYXtiY7FKAapUV5Y,BKWm4TRnTeKwfWXRyuzjRHU7iZDkPuXBX5b5V5jSVfGJ,A5Ww74HVrkj9nPeC7pHKLfgeDMEhBCpW1efQdz3TGLEg,1.3074334679999993,1.1525478229999635,228.93233273869168,175.10056025175257,0.09157293309547668,155.3553232579192,272.43002739,1806.89431295,328413.30050663237
YakoMPuYrybnr9R7VC7hVGxMz94fJvPFCdZ4gmW61Ed,,,1.388126,1.386083,0.0,0.0,0.0,155.3553232579192,272.43002739,1806.89431295,280710.6500812431
B2izdXFYb2sNwbWWHmh75T4aQFtfXsUxem9u2p61HGzf,4DYwgJtxwuJdAjkj5RJSNH4e7U329V5cNp7d3a1nLrZv,EXNW64GEf1ACC6xY9BtKRiunrs6GoJSXBdxWN2eTPmrF,8074.200850999987,7987.884598999999,8110.666407166609,1.0045163053086679,0.8110666407166609,1.0,9911.566209,29841.218987,39797.54885508692
ercAoEmXjQzEvAFbdjAo81KtMxRGn9AW1ju882upmPH,CMRhskR2Eg6V42RTSdRTXGdozyPbWB8U9dVpijPWb9T4,7TKLLgrWswt6ZJ1pXhVR3FyufHGjJFqiEXxvWJfDcgRm,2.12922168299999,2.1298880349999934,332.69343515286135,156.25119629822166,0.13307737406114456,134.25936492635202,34.617015887,305.088669122,46369.96110716395
BSCNHw8CmxbZ8hCWWzMf5FaG2ajPT6JxfznKUNuRVrn4,7n9kgNL633yGzCYksgnzHyjG73ZLBAwvEae5sbAekbzW,SscdxE99omdG9AiMVwmaEMQySQnCgeAh1sPj2Leutm2,38.57358873300109,38.610026938000374,38.44737633882496,0.9967280100627984,0.015378950535529982,0.9876416138199474,6270.578565557,5439.960861489,11622.793019948413
AUSejoEUCh2DBs9mof6BNC8Pubs22w4cJa1ccV9h44R,4xkyD7AfGQDwsQMy9MosRRNGoVJ1zosNinesxg1TzHG7,Cbm5gsQe3nSiCsFrvepVzMCD9xLK3ri9g3ypS2hdmVJ7,45.36942799999997,45.370827000000645,45.44632317881854,1.0016948677161759,0.0045446323178818535,1.0,13857.297524,15026.215057,28906.998867206872
ionytDfEj1mXodptgrsKEZro7DGsfpzANUfarJdm6Qb,3gkSjY95an9xNFSjCfsay6JZez7uv7yfW3Ad4ubc4fMK,9wXqANaSuEqkKL9yHzCPEDGHwbkStVAqV5rB3QDs3Jr6,0.0013587919999999698,0.0034145419999993543,1.3077895166405065,962.4648339411298,0.0005231158066562027,3536.0678925035363,3.151633994,0.08436614,3331.661287546888
KysFMBBoavfov2tLpvefWW6tPFt6rAeZWDJVy1mMQae,B8ka2V21TH3x64dFV8ETcjuQcwmrciJ2qzy1mJUttRew,7fSf7EYxBANyxzk2s5pymFgshA91tFYQNKKs5UnLWcYS,37.53967699999703,42.3330419999952,0.0,0.0,0.0,0.02091896030340693,134022.403532,2983.429331,62.410239743208884
MATSnbbiTCv7Dc3trJrkrqjx7ckKdr6fwPoVwv9q3sD,631WX9JizSHJm4w6VanZeJAst9T8DeUUnPLesdGkCVtK,211maUSfpnXbPuW1iBu8b4dtJv5EbN1j7JJiEX5TZKEP,1964.2119569999995,1965.9282600000079,1955.650120771263,0.99564108333715,0.7822600483085053,0.9993094771512885,25669.580586,19923.138888,45467.0705288351
RoBgmK8CvjdHvPrqdDyVw54VwjZv2TqJ493xnqJAQHx,ExiHJxM7qPAcy27NDHAF6G7vnW7muNHi2sVJpnaNynGQ,6rkPHSqZb7StM4HwS9EuVrmfkV7tRdc7dnsFhyB6cefE,0.7884980000000006,44.45860499999981,0.0,0.0,0.0,0.9230882841634973,6226.850211,19.647262,18.136157368090682
KEN5P7p3asnb23Sw6yAmJRGvijfAzso3RqfyLAQhznt,9zj4aX38Uxf3h6AUjS4EipWS8mwbEofasHAf3a1uKGds,CwQDG1MWunn9cLNwcZLd8YBacweSR7ARo32w4mLua1Yr,158706.8245109974,158686.47227700078,155651.0824601399,0.9807459946333579,15.565108246013992,1.0,1070371.774584,1089323.741094,2139086.5717858574
KwnjUuZhTMTSGAaavkLEmSyfobY16JNH4poL9oeeEvE,J63v6qEZmQpDqCD8bd4PXu2Pq5ZbyXrFcSa3Xt1HdAPQ,BnKQtTdLw9qPCDgZkWX3sURkBAoKCUYL1yahh6Mw7mRK,178.8834320000003,8417.415678000252,3.7225538610204754,0.020809942091341745,0.0003722553861020475,1.0,277162.83966,584.121587,6351.864230196436
daob129AwBGn9Y5r91uLoWZeYiGzbPmksauMhFZKTze,6VW5GQNyj4LStgmxEHLr5zUfW92vQnmbw8jTnCH7a38F,4VPCCUifPeBA1c7HWK358CHn2nyjm8pdTRk6Ps3KmnMQ,14.496492105000243,12.938820250000042,2489.4267532166873,171.726148311288,0.995770701286675,156.80007426051517,48.158439123,224.47603496,43467.92221071043
JSoLLrxK5bYdHwTEWYaGgmeycBCNXKDiBCTw5hXGBg7,xG4wXczA7Dk4hccJ61CHKpDHW4NrNfQwgmWgkb9BuF2,BVR6WgfhsRr9Lob4QDnkEAiNGgAbv7ZieKcY9kSg3QYR,0.7267785700000218,0.6147462350000055,133.2755880445305,183.37853308543,0.0533102352178122,156.00864974357637,17.461698088,171.747037455,29996.123991372082
GokA1R67GqSavkd15zR62QD68Tuc5AEfvjssntVDEbM8,3YB7hfpBdbQEuZqLGWVDpRPmeZWCUsrrWyqGXegnQ6Cg,4DPCj6Z1DsG6HUtwSogBGqXEUxdEV5a8YVrrFtcnz7UW,9708.376812,9709.28929300001,9709.202094178007,1.0000850072256142,0.9709202094178007,1.0,16168.740844,16291.444528,32461.559831800823
FrnkTEL6yZ5Aycq2TrEgu29dCrwKG4LPUZydfiwqspkc,DjvZuMZ46fxKBoBpGMPcRcos4xdTtHFxwMh69DpA2ZFY,9rvDPJLAng4uVVqnnSoEXgNDFhBZQTny9AoQioYDZbQX,46.51738481699658,38.477895045999844,8815.11433990024,189.5015030311713,3.526045735960096,156.0394929715131,168.68380624,1444.44369738,257356.0969845718
C2ypsDADXcCRz8HbV2zX1AXPSja7a1P3xZtRC91xGhJh,J9bYNuDpY1d1T86gLaw7DGk5D3CsUAf2tzUwxMvb6FTv,A2NGvvPrMGzsJ4jb52KEnSBVmsA7C34dV1GC7PerdgvG,62.932331855999905,63.67341082499979,9895.387919425926,157.2385390401279,3.9581551677703706,157.81102224772448,2795.101644984,1168.191308024,623851.1636261162
RajgMbScQbqqrdJfR2rxfHJiTiY5b6bJ2tTXiF4aPxy,725ZA3fhyBAKb5iopNRrcbSuQa3LXA1656Q3mBvYPxeg,GLA6i1dSZpUfk2f9Nj8uiG7xyDdAR2reff8oEiZH3617,1910.3894341999985,1910.3362381300103,1909.220819228757,0.9993882844249864,0.7636883276915029,1.0,116481.41660221,67568.35945661,183978.52256208478
SoNcU2iwHMw6dGzsYNQkYFkUjwN1UdAjrWVRnStrZu2,8ivTTid27jZnYNc4w3CTA1Z6QS2twsFb8WMwUabeDJgc,CyXm53PMvHCbeXJBykU46Rcbo28xk5srhMZFg7gv6EYB,0.5035442169999982,0.49826039199999705,94.5581390414014,187.78517526178192,0.03782325561656057,184.27744812589836,13.221924676,17.189589145,5650.535064553982
SRMuKizofcAMicegrfSv7xs9q76tH1w8aAF7oX9FEWu,72Hj2KWntXPfbie4UgKeTPnm1XVkomDfCnRPKbvfTtPi,6aqJQ5wedqpUt4fFEDUqUmXhrdxCu4bEJsQdVPCADLko,838.2720680000002,841.4087579999978,29.294195617591885,0.03494592833980945,0.011717678247036754,0.03474075303639392,16771.555039,5120.540631,763.9889980144558
Sid7E679i9ABqptiAVhkmQ27YHN8vaYT4fppPwmxFsJ,GP7KB8o1bv527HG8kTzzzf4wJ5aEGHvcMQvVhLziUfmT,9gYxhAZ1M9wu5pxr8SBoa5NDm21gi3s9vMHaYTME77sa,389.5547779999997,1162.6996699999727,2.770368451284532,0.007111627446870987,0.0011081473805138128,0.020786456409720013,135531.1123,8855.002497,1147.9109015494864
STK75uPSyBnEhGTTzb1nwmP3n427XoXmfRhXxxhyady,6TYyD5fUmDe6N65avW1Ny2RxzRNobw2RRgKwH9CTzSAU,54zDfk4cx2vGrEajPtodWpArNe5eUurytyxd4X3aZAxK,263.9142484949999,299.4496004060031,41187.948063693504,156.06564745394505,4.118794806369351,176.42079606002966,1450.189171317,246.333887413,269783.1324662508
YAkoNb6HKmSxQN9L8hiBE5tPJRsniSSMzND1boHmZxe,CfWX7o2TswwbxusJ4hCaPobu2jLCb1hfXuXJQjVq3jQF,EnTrdMMpdhugeH6Ban6gYZWXughWxKtVGfCwFn78ZmY3,5997624.754271996,5996200.878141001,5997624.754271996,1.0,599.7624754271997,0.9925912985476405,802653.904714,914953.797452,1710829.0826379755
heyk4SZTeCUV6a65WiVA5bzic3KcxgVf1qxobfeV4tQ,9ZDpBKPqMABtGfq66FbVribaArMvtk63xxy91onZAtDt,DaTP4s6N7xxSPinbNZ3FB52EpRDRt87QShTuN3VPCW52,75.99025384299875,65.51778369699991,13761.905138792807,181.10092337927804,5.504762055517123,156.55449849958168,607.513801455,4495.473782892,813807.9540078302
DFWzVTzNBrQZLjoQ4yQwkj9HuoXmfkuZP9V5vbymZe23,DhgiEgiNdqZdRdo195UUHnoEJUtefK8buko8nU97XJUZ,2K2kkXsouBHtWVjtcgkyiXd8eP3oVBvq1bTJzcVdLLr2,2042.0880539429963,2076.7544912960075,1999.5706297613167,0.9791794364108912,0.7998282519045268,0.9972742102376102,46385.656882141,21661.371632249,67022.2086506183
SAMyS8Jr2HJrkFwYVKbpUwsNStnQmvz3f8Tup8bWUWF,6jPzm5TFfquvgm25sTyN3MMGBfufRaFHMxobDWv6hMFW,Cj9ECoDmxsHTDzCY5ZA6RWrPbg9uFzEC1Qc2kso2vJG6,1304.944624650005,311.5220064800022,1325.2921127686861,1.0155926065630092,0.5301168451074745,0.021244412719454785,473.81897782,109293.33936777,2803.0798597395756
KEVpg4SYCVrqFxKijQH6hm4QxsRdoE51ud64bEEFUC9,2bPenuBYfqzD8p5dFjCcggwkHDsc2RQDnx9AoyYGUBjA,AE6n6iLuX8oYu61vt5hoDYkjswpnxFxrhSehxrnQTnbx,89.58135168800004,89.58755837199988,89.12414207630022,0.9948961518989775,0.035649656830520085,0.9972742370906189,6005.330990507,1541.609345147,7512.087976908332
SoN9GaFpSXfpyR5dth3x7PHPVhvJMpQqqDJfCSmPv1t,9kZ9iS68ViMPtoeqtnhAKuF2iqVyfHPdZHoUNdwCELr,BBhm5fJLjw3HRzjtKB8uMEYjGhY6EDm9co3cqpjrSzB9,0.1807738070000009,0.1774366780000003,34.48873478212112,190.78391584750412,0.01379549391284845,186.00149061594578,3.07533414,5.120304744,1539.1086045606153
Lid8SLUxQ9RmF7XMqUA8c24RitTwzja8VSKngJxRcUa,4PgzyzLtds9bKZ2to9PMnKqJzKEUpjvNUaeN23phegax,AtymwxoVN9peZo7EXTcDz9jKVc4vRmisJKKrNfe3ewBa,69.76989012499905,58.99546413799851,12997.69836331559,186.29380582410323,1.299769836331559,157.81473307847304,965.867774276,7652.033115015,1387538.7471464607
BUSDgu5JdqP1rndBvXvanbEufS94FNh1w5FJcAj6vawb,Bgzr8cWubt89JQFXndVjtdKmDbGzuPxNhvjH1EhWCwbo,Dxaf8xPBBQsasRKW5Aa4Sw2YrbfGofY9xZueyyF23FBW,3297.584062560002,3294.0879514499993,3302.7416900379994,1.0015640624712363,1.3210966760151996,1.0,6935.54504025,8247.84407949,15194.236745455024
HEDSDjj84KS7LKhZY7ejkCACTdPen62rKhCby1wXtgxc,EnnjMSFttpCTywBrYNt1J5QQeoSVkvzPipJDa8Y7kJow,6bjVT6JN2rSvpyn9PdfLYC8wJn4LWh49jpY47fnLDXZk,117.02522436199888,131.72047023501364,92.15895966632758,0.7875136336525921,0.03686358386653103,0.9956187488315854,43439.022803616,4728.919801632,38917.0239066192
parEAJhzYzHW87y9VoZAQ22dzQ2MD2ekEtTReaxbMcz,3oyc6hpjYSJEquK6dSvG72NXyz3pqLZz5D8AC71pwgQb,Di2vordgFJVZ1aj1aBpvzXtLfZgJsuLLXawGtVFwX6Rz,7.0095674709999685,8.283889700000117,1077.3676840145301,153.69959537044522,0.4309470736058121,178.96797046026268,1106.031626107,137.671772708,194635.4511507788
TETFuZgEmET6d9vYmz9iMFCxK1jKdKYxf3oPz8hSzJK,Eu1Ze6Z84LWNkq7SNoAHBJbXx5t1P95EwyqYohrfCRFV,ASMbv7WNu3qe4pkhREmvyEdwFNDZQ6B6iSrjkj4u8bdC,91.02422306400001,90.915469069,90.31212021451154,0.9921767764061244,0.036124848085804614,0.9860114554810898,124.625413308,127.092925936,248.9655217177181
CZgvH45CRmoaNJ7395Ao5CQZXkGznvqU7cErD6n7FaRg,4ZjU6MKvtqVQKCiowhvZ5yUsPxXX5SCzd5eFsPeXyey5,BsyWeshjDbCvjDojry3vKDCesmFRM37WtwcR4Kfgzqr,9.673865189999987,10.004614999999944,10.025099565838936,1.0363075532830481,0.004010039826335575,1.0,198.76085552,607.10089519,813.0782710623766
MATgk4zXLXtYkwBH678J1xZbRDZ45LicNzkRBHkxTuY,y8dALFo1bJrSzPYjMX14HJX448pXqYmrfXHD1K8MXih,GN7Yuet3UyiWS5YVkEHv6oQKi4HGBJc3XDPt9zQhAqZz,1.8657600000001366,1.8665019999998549,1.866510337155673,1.0004021616689909,0.0007466041348622692,1.0,4042.187548,4043.663752,8087.476912890677
C98Sspw7XqnMsgxea3SLQVdbMDL8pKUc3RE82UvX9eq2,CSqgQJurPCzGxb4Cgwx5R61hWQUiaoUHcShNc8r1cKEL,6S2CR5EnukPhC914XkAns8m5GixjMAoUuZMsS5ubHuWc,7.755025000000074,8.63681200000012,0.0,0.0,0.0,1.0,662.77258,67.078429,67.078429
MiMUFdSLMyCLpqpH6zkqdDrGYs7XBomwENbivdYjv9V,,,0.02163902399999995,0.015200464999999996,0.0,0.0,0.0,1.0,662.77258,67.078429,67.078429
Cob4usZcpHEY7Qt4ZCwj6WVg9S44zvzYV2v9qYF65dTf,NhFM9UXE48PyNAyeyPYA3iXztqKVJwA4bTdLj4ysM8w,6TuFuynuBoeskxyR2cz4wxyidk8dpDK7kAWw3UkjQGx,151.19737499999266,1019.66461599998,1.0772488390981134,0.007124785328436857,0.0004308995356392454,1.0,74264.610675,161.760807,690.8802155593153
ALBpShJ9NLpE739pcHDF2LNVk5J4VYPvvKuV6jMPitZi,D6d156U1bPiJpDYRLextvDRccgFk7QzkQbJg42ceKEu5,GNcM8U5g8RwTZffwwm3kSQqUNPSwv5d2fbN9sLxPJqt2,2852.192372999998,2857.7130340000003,2826.5947311150203,0.9910252751086164,1.1306378924460083,0.9966274128349665,54475.941706,45866.87778,99699.2228526886
wrmcMSHFi3sWpAEy4rGDvQb3ezh3PhXoV2xNjgLBkKU,8p4mGnARWPBu6P2Gcw4adodLkNDorrXniZMhaY7eJXUn,AyY89zccbsgp9LKFgH4CFZMJmpSgqmPSdTfukhP227rc,0.00554571999999999,0.06671497999999332,1.6574178123132066,298.86431560071725,0.0006629671249252828,3581.4053434567722,27.19482394,0.08553827,8433.909661958149
BSCrK1Nx9PXU9mF7STWWBqeHLxmtJDr9h7jheEy4tAWX,FfSySSbVJPvEo5a5AvrP3nySoXpRE2QPn1uUMpJJ1x7v,HL7Vcj6838ZmvBHDbQxXfjBNckNi83WvPiZQoMQLFeRM,0.03209989900000032,0.03190057499999999,116.22018544600206,3620.5779166470556,0.046488074178400826,3583.587170757929,0.606300745,1.199264225,6492.826979252608
Lee1XZJfJ9Hm2K1qTyeCz1LXNc1YBZaKZszvNY4KCDw,9DgFSWkPDGijNKcLGbr3p5xoJbHsPgXUTr6QvGBJ5vGN,2hNHZg7XBhuhHVZ3JDEi4buq2fPQwuWBdQ9xkH7t1GQX,969.5837472729891,811.3652519419975,181508.90931890317,187.20292066508705,18.15089093189032,157.6640494434459,6565.801639647,54028.912019626,9747554.299487436
vEnkoSUkpnbRrPgBz9DfcVxNz67zjwMYBZraAvDDNSf,DtfyjjsZ5yCjWKLKHvwsfXs5QVsmm1QkK6Sh9JZHoq1g,e5wrKCRv4GhHvEf1VD5Pq2KGaZDXP77nTL612Jyrxwy,13411.580198,13419.186987,13243.310692343088,0.9874534168850584,1.3243310692343087,0.9927282654555382,7293.15252,5062.778459,12227.611653726606
Dg3mAgpwDfVNnbGWcsxL8sUcSkEbjSJQhKAWNigG44Ju,EATxwd8YA2wV93VJcKMmH2Kn2Y9XfJVUB9hHVu3udwEy,GiGvrRi7NMHfHKanG2B8xyCEqe8jaafWins8bhrLVEaa,0.0014343099999999942,0.0014178910000000045,0.27400994704765447,191.03955703275832,0.0001096039788190618,185.95597269199348,0.196401846,0.263260677,86.47541692334373
BSC8REUo9LpiiWUuqMuLXs2D2yJsJfGd4HdiF3wCLxk5,AZjEH1zWVx1UJ6udMyRijGTzPteuLnaY18yNNmprJEsh,Caf8ypkSVR8xYnXNhjvfvdGCC7mrM3C11rz8Xi6NA6aK,320.9996860899996,320.845826494,320.52793883911903,0.9985303809588515,0.12821117553564762,0.9939523950535835,2915.11006802,3314.620174927,6205.400628318614
MiMuMS9C4vBqcrYeeQPph1E7oAW9aNKvW9k6Zw9XffM,Afy2q2hh6Y474pshJa5fnQ6PfEchGyTbKrQpCZw2hr3m,5pXz9ksgjeL8Wgb37bksUaBFMLdFfsNNY3FQnikkCPtS,0.015200464999999497,1.0028689999999187,0.0,0.0,0.0,0.02136240306355659,26.002549919,7673.978898098,163.93463032239734
ALLwa5WNZbvQsRKAqe1jdRGemdYQnW8E5k4msbRFcYtu,CGoM82Hbz7QVqTgvQatYtjvDWBvoUJp5qm21P8iMs9yb,3dxNNww8TivyN5FMy5dCNdi3Zcxv6e4kUfSPxfFwpdNq,0.5774502950000002,0.57675769,2063.280433772824,3573.0875049129954,0.8253121735091297,3593.528773384888,2.832370751,5.931087185,31433.84099643102
KZMu9QBEdL97EFgamLbN5DE1AoKBG4HdrKKJo4Vuon3,DD4ACBWyVqdaKWh7v5btsgqQCCMwbKnuL2xd9pv7Gyuw,GcYqiJ1MAuYbNTNYXm1F1gQYTfTgkErACAhNU5dpVj9T,1226.3538837499987,1195.0804809699998,1245.4759373663308,1.0155926065630092,0.49819037494653234,1.0,1060.49613286,2032.04071478,3109.0727466012786
BUSD5rCfUDpCxKGMvYU2yThChxgHoioK74PTPociGnv2,CcFHbafgYDZ8yA8Me1PdtDiVb2eeaS61LbqyKKK5CsNZ,26R9s4nmF3CFDTkiePDwRmtscn8i7r2eygbSijditJ58,29.014637599999993,29.087164180000002,28.950892656023182,0.9978030074042072,0.0028950892656023183,1.0,100.44436558,47.91630305,148.13999310253163
SEQV6QiTpvTzrceiaYg9Avnwf7oc8ZALpnQMz6TyT4A,3dFMPj4r9mMmPHF32mz1gNDX7f8ftidWof7S8YiYTs1j,Fc1ED3YPeQfXQosHbd8DTaBd2AV5gHQtwiSAL5C5pUhi,1354.837768683,1356.783107501,1347.864407513306,0.9948529917523096,0.5391457630053224,0.9941049576014236,4400.886381876,1159.745781433,5531.144014251218
BUSDTd9WiT6uBHJRgNvFXBsA7JrifsAtWzKfioN7ERcy,DyBxrn7gSc1EwnpWhDyhzvMHPtxpmBqRqotapLcKcfTM,Cds99GeBgoCpqBsoRWu1C6fF9LiUMd4pXQQD24s9LPff,185.75866580000002,186.12502816,185.15134900860343,0.99673061394589,0.018515134900860344,0.998277970500886,106.22905219,79.73764593,185.48208375974733
MARpDPs5A7XiyCWPNH8GsMWPLxmwNn9SBmKvPa9LzgA,6YjT74rmcfCpw8LSjPNx5JTmZoYLGrTKnf9arfSgZ4SR,F8GSmi3vA8M8TsybLya1LQ4n1aFHCRbZ6k437PeTdXtg,69020.162277,73443.6828020013,64963.08753430743,0.9412189915403237,25.985235013722974,1.0,298216.190452,14560.977059,295247.71909722855
