0,1,2,3,4,5,6,7,8,9,10,11
Lee1XZJfJ9Hm2K1qTyeCz1LXNc1YBZaKZszvNY4KCDw,9DgFSWkPDGijNKcLGbr3p5xoJbHsPgXUTr6QvGBJ5vGN,2hNHZg7XBhuhHVZ3JDEi4buq2fPQwuWBdQ9xkH7t1GQX,828.1634501799708,691.6356386260095,134315.12968582477,162.18432443092763,13.431512968582478,135.46211138290832,6521.278235611,54083.256259242,8383881.188408495
ionytDfEj1mXodptgrsKEZro7DGsfpzANUfarJdm6Qb,3gkSjY95an9xNFSjCfsay6JZez7uv7yfW3Ad4ubc4fMK,9wXqANaSuEqkKL9yHzCPEDGHwbkStVAqV5rB3QDs3Jr6,0.00012598799999999355,0.000465962000000264,0.11475320246578348,910.8264474853903,4.590128098631339e-05,3360.2150537634407,3.149535814,0.084932457,3154.071837258143
ALBpShJ9NLpE739pcHDF2LNVk5J4VYPvvKuV6jMPitZi,D6d156U1bPiJpDYRLextvDRccgFk7QzkQbJg42ceKEu5,GNcM8U5g8RwTZffwwm3kSQqUNPSwv5d2fbN9sLxPJqt2,5180.132687999998,5179.586454000004,5175.883287820698,0.9991796734880664,2.070353315128279,0.9988493255769353,49389.520961,50974.197552,100264.54827418466
KysFMBBoavfov2tLpvefWW6tPFt6rAeZWDJVy1mMQae,B8ka2V21TH3x64dFV8ETcjuQcwmrciJ2qzy1mJUttRew,7fSf7EYxBANyxzk2s5pymFgshA91tFYQNKKs5UnLWcYS,13.263814999999795,16.328459000011208,0.0,0.0,0.0,0.018194787426295645,130592.327879,3072.981134,55.912238498146934
wrmcMSHFi3sWpAEy4rGDvQb3ezh3PhXoV2xNjgLBkKU,8p4mGnARWPBu6P2Gcw4adodLkNDorrXniZMhaY7eJXUn,AyY89zccbsgp9LKFgH4CFZMJmpSgqmPSdTfukhP227rc,0.028081889999999998,0.27988222999999124,8.784814680414435,312.82846989338805,0.003513925872165774,3361.1185802635114,27.13370983,0.09096265,8793.93318167509
TETFuZgEmET6d9vYmz9iMFCxK1jKdKYxf3oPz8hSzJK,Eu1Ze6Z84LWNkq7SNoAHBJbXx5t1P95EwyqYohrfCRFV,ASMbv7WNu3qe4pkhREmvyEdwFNDZQ6B6iSrjkj4u8bdC,256.10143002899997,255.455124236,256.74555919305135,1.0025151330235775,0.10269822367722053,0.9986488281355327,53.762856634,198.751454474,252.38098447085483
Lid8SLUxQ9RmF7XMqUA8c24RitTwzja8VSKngJxRcUa,4PgzyzLtds9bKZ2to9PMnKqJzKEUpjvNUaeN23phegax,AtymwxoVN9peZo7EXTcDz9jKVc4vRmisJKKrNfe3ewBa,30.73885779200168,25.954693813999825,4944.602436457596,160.8583659781982,0.49446024364575963,135.4986744164682,952.15059113,7636.08883918,1187841.3036896246
SoNcU2iwHMw6dGzsYNQkYFkUjwN1UdAjrWVRnStrZu2,8ivTTid27jZnYNc4w3CTA1Z6QS2twsFb8WMwUabeDJgc,CyXm53PMvHCbeXJBykU46Rcbo28xk5srhMZFg7gv6EYB,0.18532764800000123,0.18387555400000188,30.060530248336452,162.20208140954907,0.012024212099334582,160.5935279844661,11.878597687,15.100787314,4351.821979156384
Cob4usZcpHEY7Qt4ZCwj6WVg9S44zvzYV2v9qYF65dTf,NhFM9UXE48PyNAyeyPYA3iXztqKVJwA4bTdLj4ysM8w,6TuFuynuBoeskxyR2cz4wxyidk8dpDK7kAWw3UkjQGx,1.082806000000005,184.33804500000406,0.006371735823812272,0.00588446667622108,2.5486943295249088e-06,1.0,38797.575148,72.629672,300.93271007658916
MARpDPs5A7XiyCWPNH8GsMWPLxmwNn9SBmKvPa9LzgA,6YjT74rmcfCpw8LSjPNx5JTmZoYLGrTKnf9arfSgZ4SR,F8GSmi3vA8M8TsybLya1LQ4n1aFHCRbZ6k437PeTdXtg,14638.309913000001,15231.78294699969,13999.552338453386,0.9563639806546693,5.599820935381356,1.0,296081.85941,16815.607758,299977.6334229837
7oAd7xG4m3oC2qeWB1szghTebAZyyGPAFDJ4wwwbRSNi,D9yh4KAysxt9GLacVe4Wwh2XqghhcjTCSTV9HuM7TBJd,HDYfJLpZKaMFb84jM4mRytn7XLR8UFZUnQpSfhJJaNEy,8.277625957038254,0.23909099999991668,8.277625957038254,1.0,0.0033110503828153014,0.028912392837323653,1091.092578087,293013.671992688,9562.818969446294
BUSDgu5JdqP1rndBvXvanbEufS94FNh1w5FJcAj6vawb,Bgzr8cWubt89JQFXndVjtdKmDbGzuPxNhvjH1EhWCwbo,Dxaf8xPBBQsasRKW5Aa4Sw2YrbfGofY9xZueyyF23FBW,15455.041586460004,15563.461061130014,15430.527570225013,0.9984138498691283,6.172211028090005,1.0,8409.42147409,6832.36852129,15228.451390408318
vEnkoSUkpnbRrPgBz9DfcVxNz67zjwMYBZraAvDDNSf,DtfyjjsZ5yCjWKLKHvwsfXs5QVsmm1QkK6Sh9JZHoq1g,e5wrKCRv4GhHvEf1VD5Pq2KGaZDXP77nTL612Jyrxwy,5609.222390000002,5611.889100999999,5568.52759036958,0.9927450193982376,0.556852759036958,0.9981952629645601,13137.641007,10053.752308,23077.93560520591
BUSDTd9WiT6uBHJRgNvFXBsA7JrifsAtWzKfioN7ERcy,DyBxrn7gSc1EwnpWhDyhzvMHPtxpmBqRqotapLcKcfTM,Cds99GeBgoCpqBsoRWu1C6fF9LiUMd4pXQQD24s9LPff,31.06224603999999,31.033502,30.939340438289104,0.9960432480783065,0.0030939340438289106,0.9984843008313381,116.21922322,70.0400647,185.69327761734775
SoN9GaFpSXfpyR5dth3x7PHPVhvJMpQqqDJfCSmPv1t,9kZ9iS68ViMPtoeqtnhAKuF2iqVyfHPdZHoUNdwCELr,BBhm5fJLjw3HRzjtKB8uMEYjGhY6EDm9co3cqpjrSzB9,0.08213540699999955,0.08207098999999962,13.484665383795063,164.17603414073466,0.005393866153518025,160.8481199669618,3.036131592,5.134618372,1324.3537557879772
KwnjUuZhTMTSGAaavkLEmSyfobY16JNH4poL9oeeEvE,J63v6qEZmQpDqCD8bd4PXu2Pq5ZbyXrFcSa3Xt1HdAPQ,BnKQtTdLw9qPCDgZkWX3sURkBAoKCUYL1yahh6Mw7mRK,113.02302899998904,4753.857726000085,2.0487744435377926,0.01812705305870002,0.00020487744435377926,1.0,279710.26691,534.099854,5604.422703340715
C98Sspw7XqnMsgxea3SLQVdbMDL8pKUc3RE82UvX9eq2,CSqgQJurPCzGxb4Cgwx5R61hWQUiaoUHcShNc8r1cKEL,6S2CR5EnukPhC914XkAns8m5GixjMAoUuZMsS5ubHuWc,18.302791999999982,20.80749900000012,0.0,0.0,0.0,1.0,687.479596,65.5559,65.5559
NorjjEePhxfwLF4vZjUHCrVVKLzQjEEGQFd3wgjEJmh,34M8pFVqgbV7aqHxvRT5tCv3vu2P1JJYT8J3VaxBK2oG,3AZWBSze3ucsY3xSeuLne3b2pauVqiaJ1SZSV5T9WGWw,0.0002919999997175182,0.0005200000014156103,0.00016460691908133456,0.5637223261663556,6.584276763253384e-08,1.0,38257.637487,2119.1678,23685.852197800807
AURHmCnNwiW4uA2Qj1XvEh4iKgRUZYXtiY7FKAapUV5Y,BKWm4TRnTeKwfWXRyuzjRHU7iZDkPuXBX5b5V5jSVfGJ,A5Ww74HVrkj9nPeC7pHKLfgeDMEhBCpW1efQdz3TGLEg,0.0021052489998396595,0.0019191320001255008,0.3235216692911072,153.6738263814624,0.00012940866771644287,135.48850380045255,272.449244994,1806.872988774,286678.8357794096
STK75uPSyBnEhGTTzb1nwmP3n427XoXmfRhXxxhyady,6TYyD5fUmDe6N65avW1Ny2RxzRNobw2RRgKwH9CTzSAU,54zDfk4cx2vGrEajPtodWpArNe5eUurytyxd4X3aZAxK,69.50483214099995,79.08478407599978,9416.839056137931,135.48466726794763,0.9416839056137931,151.15313974546115,1709.482323524,287.099938148,275004.700874885
ALLwa5WNZbvQsRKAqe1jdRGemdYQnW8E5k4msbRFcYtu,CGoM82Hbz7QVqTgvQatYtjvDWBvoUJp5qm21P8iMs9yb,3dxNNww8TivyN5FMy5dCNdi3Zcxv6e4kUfSPxfFwpdNq,0.4064988409999999,0.4061306720000002,1353.0117194780985,3328.451604313673,0.5412046877912394,3331.334532613765,3.341151305,5.428044383,29203.492119030052
BSCNHw8CmxbZ8hCWWzMf5FaG2ajPT6JxfznKUNuRVrn4,7n9kgNL633yGzCYksgnzHyjG73ZLBAwvEae5sbAekbzW,SscdxE99omdG9AiMVwmaEMQySQnCgeAh1sPj2Leutm2,160.06786910699975,160.35371693300021,159.82793796377553,0.9985010661754743,0.06393117518551021,1.0,6633.586241029,5078.745731397,11702.388665631413
moFiBS1R4Lf3E3zzmBPnw3NF4RhWPkhREFviuzUaCAU,44ALBrpqi9PfZkBRTvbtRNtFJGsatfY4QydjtMbFWq8S,2ho8qEEie1UjVwWNBo9y4oAJZMyMLx8zPj9bxyUz6uWs,810.5684777449969,813.3405656219984,807.3395675482639,0.996016486841783,0.32293582701930557,1.0,41889.215044558,22554.19358116,64276.542386400615
Sid7E679i9ABqptiAVhkmQ27YHN8vaYT4fppPwmxFsJ,GP7KB8o1bv527HG8kTzzzf4wJ5aEGHvcMQvVhLziUfmT,9gYxhAZ1M9wu5pxr8SBoa5NDm21gi3s9vMHaYTME77sa,68.00898400000551,174.36033999999927,0.40055996775921465,0.0058898096133767,0.00016022398710368587,0.018218261661204136,136230.754364,8630.008482,959.5969593541341
C2ypsDADXcCRz8HbV2zX1AXPSja7a1P3xZtRC91xGhJh,J9bYNuDpY1d1T86gLaw7DGk5D3CsUAf2tzUwxMvb6FTv,A2NGvvPrMGzsJ4jb52KEnSBVmsA7C34dV1GC7PerdgvG,52.00042588600036,52.710377905999394,7019.13967190655,134.98234970795218,2.80765586876262,136.62799912120872,2712.230538037,1024.156957985,506031.766929452
SEQV6QiTpvTzrceiaYg9Avnwf7oc8ZALpnQMz6TyT4A,3dFMPj4r9mMmPHF32mz1gNDX7f8ftidWof7S8YiYTs1j,Fc1ED3YPeQfXQosHbd8DTaBd2AV5gHQtwiSAL5C5pUhi,1236.1691352750013,1230.5802468050001,1243.6853401661836,1.0060802398933137,0.49747413606647345,0.9992525590858038,727.83822287,4842.809537451,5571.453477331623
HEDSDjj84KS7LKhZY7ejkCACTdPen62rKhCby1wXtgxc,EnnjMSFttpCTywBrYNt1J5QQeoSVkvzPipJDa8Y7kJow,6bjVT6JN2rSvpyn9PdfLYC8wJn4LWh49jpY47fnLDXZk,2.9181430070002534,3.2976779710006667,2.5727931128376307,0.8816542255351528,0.0010291172451350522,1.0,43585.211847976,4599.63085089,43026.717047502854
DEDaBEWzMCXohXYXoLzB4jK1xqMsd3SS9izXp2xvg9pe,GC5zHpW5GuVdw3C7covC6viyGdLS8ZAaVGDKMeru7p78,F8juxtAFueW19vxkdDArUkjVWAv9QV6yy1wCXUWQiXvh,2709521.200812541,773.9111441500003,2709521.200812541,1.0,1083.8084803250165,0.00031991119983434003,825.75731235,6017935.32805986,2750.9622236750924
SERgf3DMJpQxUifu7VoFKmfne73d2fDJxSrxUMrcNJB,AJfM2GZ2tTB8UtN2krcyR9xufRJEx2mhSCbJyMgPo3GU,F4yRYkufQvERZcEKnKjJwRLU1btiMBUuEwq46hfm11QD,0.39948415400000314,0.3996436600000024,54.12677902269081,135.49167965918966,0.021650711609076327,135.6173096509346,29.174428338,28.072476288,7760.006008030496
BSCuChvaSj9b5HUSqgDVRzcnr2sSn7cXaamt1jbKH6hn,GnKpRj5kBVPMJfiwZtEuD9GYApLzPdW5JFuZTcyX4BTc,3dmwD9okkomV9nDwyuh4UMhKdUR13QpuKxRo89ycZB5t,1296.390873383,1285.47694297,1300.308803933028,1.0030221830702988,0.5201235215732112,0.9973132381364604,1187.454512556,1822.097063949,3008.244740526511
CZgvH45CRmoaNJ7395Ao5CQZXkGznvqU7cErD6n7FaRg,4ZjU6MKvtqVQKCiowhvZ5yUsPxXX5SCzd5eFsPeXyey5,BsyWeshjDbCvjDojry3vKDCesmFRM37WtwcR4Kfgzqr,1.9997789400000556,1.9279375399999878,2.0755308772564276,1.0378801555217747,0.000830212350902571,1.0,195.13063788,611.03086802,813.5530848099575
WiiQFxXqp8P9Fs1rt9SVcDyA3KUdJmUsog6wnVQAwba,3S2jpqSYxho6wiz3cafhjXruVY8cg4HYa2v3BqBHYFSj,Dfe67M6TfrG74gKRtdqys4e6E9QirPD53BkF4FujFjuv,12317.480461596,12307.672407151002,12330.643732046052,1.0010686658274874,1.2330643732046052,1.0,8535.258779423,18325.668219975,26870.04833878433
MAR3XM1n9xWPQ3HJjAcC85o8DopWFP5p2WxGTaZ3fPB,6qG7GUhER8Cg9gDEgnebph9LdS6eu2eoWcA4R7z9uizK,4QV4CwRXVMY227KkFF9voNAfwWHVvVajXSXDKbUHkWZR,0.001129000000000005,0.06062599999999918,0.001082975698754343,0.9592344541668186,4.331902795017372e-07,0.018222280258160146,0.097895,24.960455,0.5487406632718554
heyk4SZTeCUV6a65WiVA5bzic3KcxgVf1qxobfeV4tQ,9ZDpBKPqMABtGfq66FbVribaArMvtk63xxy91onZAtDt,DaTP4s6N7xxSPinbNZ3FB52EpRDRt87QShTuN3VPCW52,0.9277617600000667,0.7980497539997486,146.53310619082353,157.94260176320805,0.058613242476329416,135.6242438100756,606.990346565,4496.177061201,705660.248543221
DFWzVTzNBrQZLjoQ4yQwkj9HuoXmfkuZP9V5vbymZe23,DhgiEgiNdqZdRdo195UUHnoEJUtefK8buko8nU97XJUZ,2K2kkXsouBHtWVjtcgkyiXd8eP3oVBvq1bTJzcVdLLr2,4.218905994996021,4.204365000001417,4.204378341636329,0.9965565354201011,0.0016817513366545317,1.0,37256.53609246,30703.677242251,67831.92177230689
SAMyS8Jr2HJrkFwYVKbpUwsNStnQmvz3f8Tup8bWUWF,6jPzm5TFfquvgm25sTyN3MMGBfufRaFHMxobDWv6hMFW,Cj9ECoDmxsHTDzCY5ZA6RWrPbg9uFzEC1Qc2kso2vJG6,449.32822072001,8.034167490000016,453.440682855541,1.0091524679419004,0.1813762731422164,0.0,431.85277592,111441.25453425,435.8052946072285
daob129AwBGn9Y5r91uLoWZeYiGzbPmksauMhFZKTze,6VW5GQNyj4LStgmxEHLr5zUfW92vQnmbw8jTnCH7a38F,4VPCCUifPeBA1c7HWK358CHn2nyjm8pdTRk6Ps3KmnMQ,3.238220543999887,2.88870846599999,493.43313026949505,152.37786418957148,0.19737325210779805,135.9111141313581,47.749180419,224.981430477,37853.39500404548
BUSD5rCfUDpCxKGMvYU2yThChxgHoioK74PTPociGnv2,CcFHbafgYDZ8yA8Me1PdtDiVb2eeaS61LbqyKKK5CsNZ,26R9s4nmF3CFDTkiePDwRmtscn8i7r2eygbSijditJ58,0.5326990599999988,0.5338850500000092,0.5311491137711033,0.9970903905313904,5.3114911377110336e-05,1.0,92.94265494,55.58156652,148.25379463114885
RajgMbScQbqqrdJfR2rxfHJiTiY5b6bJ2tTXiF4aPxy,725ZA3fhyBAKb5iopNRrcbSuQa3LXA1656Q3mBvYPxeg,GLA6i1dSZpUfk2f9Nj8uiG7xyDdAR2reff8oEiZH3617,1052.160604100005,1053.370401399996,1051.1403357559102,0.9990303112090311,0.42045613430236406,1.0,119380.79052075,64879.83162532,184144.85993164504
KEnkcdADoLR5jS2CLLLesy8TtFsyWL37BhXNfDMzWzP,3qsjFRuw1qeLMPo4DLwaQevenGAGBj9dA3Q6rb8ax2YR,77iEv8zPQAEyCcEbvBRSB6AFcUdfkhiqnAKtPxk76rNN,1.1500820000000118,0.00667100000000001,0.006773764019771572,0.0058898096133767,2.709505607908629e-06,0.9991127878443942,127.652361,0.238593,0.9902294203781905
MATSnbbiTCv7Dc3trJrkrqjx7ckKdr6fwPoVwv9q3sD,631WX9JizSHJm4w6VanZeJAst9T8DeUUnPLesdGkCVtK,211maUSfpnXbPuW1iBu8b4dtJv5EbN1j7JJiEX5TZKEP,7776.444455000001,7783.677853000005,7770.8649739487055,0.9992825151541194,3.1083459895794823,0.9990209594597295,24010.423577,21594.87585,45566.930053021075
BkwbeSfcX1h4thMDd7obGkHrPevf3QwgzJ4pCEqG18Lu,35yX27bmurdebhfAb8EPmjLETDiUaEUCn9zHaDPbakH2,2CxECn1ZJFoESyUnQysQU8rRgT3iJ5GRs2Mdd6gZjx5g,0.6598876099999949,0.5281714499999999,0.0,0.0,0.0,0.0,1.55586439,21.09566863,0.0
RoBgmK8CvjdHvPrqdDyVw54VwjZv2TqJ493xnqJAQHx,ExiHJxM7qPAcy27NDHAF6G7vnW7muNHi2sVJpnaNynGQ,6rkPHSqZb7StM4HwS9EuVrmfkV7tRdc7dnsFhyB6cefE,16.328459000000294,0.2493210000000019,0.0,0.0,0.0,0.958821493326123,6338.185707,17.77692,17.04489298113902
KEVpg4SYCVrqFxKijQH6hm4QxsRdoE51ud64bEEFUC9,2bPenuBYfqzD8p5dFjCcggwkHDsc2RQDnx9AoyYGUBjA,AE6n6iLuX8oYu61vt5hoDYkjswpnxFxrhSehxrnQTnbx,6927.689612585,6918.767519237,6958.595323011957,1.0044611857856351,2.7834381292047827,1.0,1276.155541143,6277.342799594,7559.191507697406
FrnkTEL6yZ5Aycq2TrEgu29dCrwKG4LPUZydfiwqspkc,DjvZuMZ46fxKBoBpGMPcRcos4xdTtHFxwMh69DpA2ZFY,9rvDPJLAng4uVVqnnSoEXgNDFhBZQTny9AoQioYDZbQX,0.647815219999984,0.5373611900001549,106.89132898704678,165.00280587271385,0.042756531594818716,135.9290711232553,167.067632373,1446.78514935,224226.78957812174
KZMu9QBEdL97EFgamLbN5DE1AoKBG4HdrKKJo4Vuon3,DD4ACBWyVqdaKWh7v5btsgqQCCMwbKnuL2xd9pv7Gyuw,GcYqiJ1MAuYbNTNYXm1F1gQYTfTgkErACAhNU5dpVj9T,10.88858748000007,10.840801489999876,10.988244927843349,1.0091524679419004,0.004395297971137339,1.0,1229.80084669,1860.99566771,3102.0522272242524
BSCrK1Nx9PXU9mF7STWWBqeHLxmtJDr9h7jheEy4tAWX,FfSySSbVJPvEo5a5AvrP3nySoXpRE2QPn1uUMpJJ1x7v,HL7Vcj6838ZmvBHDbQxXfjBNckNi83WvPiZQoMQLFeRM,0.00017634800000010387,0.0001754190000000655,0.5971016455614,3385.9280828875194,0.00023884065822456,3359.3120128997584,0.598290976,1.207491462,6082.110791147075
AUSejoEUCh2DBs9mof6BNC8Pubs22w4cJa1ccV9h44R,4xkyD7AfGQDwsQMy9MosRRNGoVJ1zosNinesxg1TzHG7,Cbm5gsQe3nSiCsFrvepVzMCD9xLK3ri9g3ypS2hdmVJ7,9029.522636000002,8987.972307999999,9049.204656127078,1.002179740936537,0.9049204656127079,1.0,13605.874344,15280.022858,28915.554483284996
ACUSESXyNnwRLAg1dpSGMLSzUDdLjUMybY8rkXiAKhCP,AhFPQdu8GKBsxuhiH46UmCu1YpaLgNpoP325HnYtsgas,A8wxWpT3aFEr2XqZp1kDmbxbFfcBE95UUmdsNTDBJYbT,0.06947218799996335,0.06859700000018165,0.06947218799996335,1.0,2.7788875199985342e-05,0.9874249302297393,1033.917771669,1852.753874243,2863.3731366762736
B2izdXFYb2sNwbWWHmh75T4aQFtfXsUxem9u2p61HGzf,4DYwgJtxwuJdAjkj5RJSNH4e7U329V5cNp7d3a1nLrZv,EXNW64GEf1ACC6xY9BtKRiunrs6GoJSXBdxWN2eTPmrF,1238.1430560000008,1231.046762,1244.4736936797497,1.005113009881266,0.12444736936797497,1.0,13105.001649,26626.725782,39798.73343392534
BSC8REUo9LpiiWUuqMuLXs2D2yJsJfGd4HdiF3wCLxk5,AZjEH1zWVx1UJ6udMyRijGTzPteuLnaY18yNNmprJEsh,Caf8ypkSVR8xYnXNhjvfvdGCC7mrM3C11rz8Xi6NA6aK,5200.179584007999,5185.548319313999,5236.71391663768,1.0070255905665324,2.0946855666550723,1.0,1960.228101647,4280.034433383,6254.034295089183
MATgk4zXLXtYkwBH678J1xZbRDZ45LicNzkRBHkxTuY,y8dALFo1bJrSzPYjMX14HJX448pXqYmrfXHD1K8MXih,GN7Yuet3UyiWS5YVkEHv6oQKi4HGBJc3XDPt9zQhAqZz,2770.1580299999987,2771.185092,2767.0478681961463,0.9988772619575598,1.1068191472784588,1.0,4894.242236,3196.522113,8085.269397052725
KEN5P7p3asnb23Sw6yAmJRGvijfAzso3RqfyLAQhznt,9zj4aX38Uxf3h6AUjS4EipWS8mwbEofasHAf3a1uKGds,CwQDG1MWunn9cLNwcZLd8YBacweSR7ARo32w4mLua1Yr,55509.63483799994,55518.952595999814,55391.429527388485,0.9978705442585522,5.539142952738849,1.0,988946.63513,907790.421646,1894631.138685837
YAkoNb6HKmSxQN9L8hiBE5tPJRsniSSMzND1boHmZxe,CfWX7o2TswwbxusJ4hCaPobu2jLCb1hfXuXJQjVq3jQF,EnTrdMMpdhugeH6Ban6gYZWXughWxKtVGfCwFn78ZmY3,3185410.1789240045,3184551.6568870055,3185410.1789240045,1.0,318.5410178924005,0.9984274767241593,380274.503088,1474472.144203,1852428.005524662
JSoLLrxK5bYdHwTEWYaGgmeycBCNXKDiBCTw5hXGBg7,xG4wXczA7Dk4hccJ61CHKpDHW4NrNfQwgmWgkb9BuF2,BVR6WgfhsRr9Lob4QDnkEAiNGgAbv7ZieKcY9kSg3QYR,0.5884770010000295,0.4962026359999925,94.61160634760641,160.7736686171728,0.037844642539042565,135.5860319812197,17.264099668,171.985874719,26094.494948965254
GokA1R67GqSavkd15zR62QD68Tuc5AEfvjssntVDEbM8,3YB7hfpBdbQEuZqLGWVDpRPmeZWCUsrrWyqGXegnQ6Cg,4DPCj6Z1DsG6HUtwSogBGqXEUxdEV5a8YVrrFtcnz7UW,2778.34131299999,2778.7445339999977,2777.938511915762,0.9998550210219518,0.27779385119157624,1.0,18652.09459,13825.689438,32475.07986638788
