0,1,2,3,4,5,6,7,8,9,10,11
KEVpg4SYCVrqFxKijQH6hm4QxsRdoE51ud64bEEFUC9,2bPenuBYfqzD8p5dFjCcggwkHDsc2RQDnx9AoyYGUBjA,AE6n6iLuX8oYu61vt5hoDYkjswpnxFxrhSehxrnQTnbx,1933.7340458010005,1938.4437187269994,1931.803553941672,0.9990016766454929,0.7727214215766689,1.0,4852.900818937,2694.206241311,7542.2622960233475
KysFMBBoavfov2tLpvefWW6tPFt6rAeZWDJVy1mMQae,B8ka2V21TH3x64dFV8ETcjuQcwmrciJ2qzy1mJUttRew,7fSf7EYxBANyxzk2s5pymFgshA91tFYQNKKs5UnLWcYS,77.04712100000052,94.83513300001505,0.0,0.0,0.0,0.016785026279476395,130545.349395,3111.166348,52.221008911002606
B2izdXFYb2sNwbWWHmh75T4aQFtfXsUxem9u2p61HGzf,4DYwgJtxwuJdAjkj5RJSNH4e7U329V5cNp7d3a1nLrZv,EXNW64GEf1ACC6xY9BtKRiunrs6GoJSXBdxWN2eTPmrF,1505.899666000012,1496.5252690000034,1514.004130108483,1.0053818088226276,0.1514004130108483,1.0,12706.114463,27027.04236,39801.53870191829
Cob4usZcpHEY7Qt4ZCwj6WVg9S44zvzYV2v9qYF65dTf,NhFM9UXE48PyNAyeyPYA3iXztqKVJwA4bTdLj4ysM8w,6TuFuynuBoeskxyR2cz4wxyidk8dpDK7kAWw3UkjQGx,8.600579999999965,1553.4839329999813,0.04774303818414409,0.005551141688600569,1.9097215273657634e-05,1.0,39264.438095,69.934054,287.8965131886308
SUiuyGR7SFq3xeRVJonq84fjjeFwRSsFekcevJ53tzy,49GjCCPsv7fBqo6t3iKDrP1xxGDS8uWZbVCdfnp2gjMf,CEwj5xEbbJEjYqM8D6Ai8ByGz1mrh8mkAVsE5fzDSSSx,4.033464999999987,7.442660999999937,0.02238174148994655,0.00554901095954635,8.95269659597862e-06,0.9330568996758559,694.65054,1.309109,5.076096644392551
AURHmCnNwiW4uA2Qj1XvEh4iKgRUZYXtiY7FKAapUV5Y,BKWm4TRnTeKwfWXRyuzjRHU7iZDkPuXBX5b5V5jSVfGJ,A5Ww74HVrkj9nPeC7pHKLfgeDMEhBCpW1efQdz3TGLEg,0.0023005989999660414,0.0025647049999975025,0.3351359438140895,145.6733415162905,0.00013405437752563582,128.54884804806287,272.442586052,1806.880365481,271960.0114247797
HEDSDjj84KS7LKhZY7ejkCACTdPen62rKhCby1wXtgxc,EnnjMSFttpCTywBrYNt1J5QQeoSVkvzPipJDa8Y7kJow,6bjVT6JN2rSvpyn9PdfLYC8wJn4LWh49jpY47fnLDXZk,0.6437711970002056,0.7279096420024871,0.56864497290456,0.883302911895231,0.000227457989161824,1.0,43591.509205194,4594.04141654,43098.548431395626
SEQV6QiTpvTzrceiaYg9Avnwf7oc8ZALpnQMz6TyT4A,3dFMPj4r9mMmPHF32mz1gNDX7f8ftidWof7S8YiYTs1j,Fc1ED3YPeQfXQosHbd8DTaBd2AV5gHQtwiSAL5C5pUhi,949.3535831079998,949.6419965519999,947.5801621973633,0.9981319700665892,0.37903206487894536,0.998999002998995,3062.987486455,2502.223565411,5556.984581270819
MARpDPs5A7XiyCWPNH8GsMWPLxmwNn9SBmKvPa9LzgA,6YjT74rmcfCpw8LSjPNx5JTmZoYLGrTKnf9arfSgZ4SR,F8GSmi3vA8M8TsybLya1LQ4n1aFHCRbZ6k437PeTdXtg,4732.787901000003,5046.673785999941,4416.07577832975,0.9330812769777125,1.7664303113319002,1.0,299707.856097,13270.725969,292922.5150562413
BUSDTd9WiT6uBHJRgNvFXBsA7JrifsAtWzKfioN7ERcy,DyBxrn7gSc1EwnpWhDyhzvMHPtxpmBqRqotapLcKcfTM,Cds99GeBgoCpqBsoRWu1C6fF9LiUMd4pXQQD24s9LPff,135.33988008,135.67014466,135.01459616419143,0.9975965405347168,0.013501459616419144,0.999303485470627,105.87438068,80.30555667,185.8695385806136
SoNcU2iwHMw6dGzsYNQkYFkUjwN1UdAjrWVRnStrZu2,8ivTTid27jZnYNc4w3CTA1Z6QS2twsFb8WMwUabeDJgc,CyXm53PMvHCbeXJBykU46Rcbo28xk5srhMZFg7gv6EYB,0.22379163099999744,0.2216050439999968,34.10076085025266,152.3772837164454,0.013640304340101066,152.5390351204349,12.591908085,16.319051935,4408.013187044614
STK75uPSyBnEhGTTzb1nwmP3n427XoXmfRhXxxhyady,6TYyD5fUmDe6N65avW1Ny2RxzRNobw2RRgKwH9CTzSAU,54zDfk4cx2vGrEajPtodWpArNe5eUurytyxd4X3aZAxK,64.39703004099977,73.2348003439995,8284.816041713111,128.65214492715586,0.8284816041713112,146.27384921974604,1602.612512803,269.71893425,245632.36397940008
BSCNHw8CmxbZ8hCWWzMf5FaG2ajPT6JxfznKUNuRVrn4,7n9kgNL633yGzCYksgnzHyjG73ZLBAwvEae5sbAekbzW,SscdxE99omdG9AiMVwmaEMQySQnCgeAh1sPj2Leutm2,29.44373104599981,29.47782396399998,29.393982142738974,0.9983103736689105,0.01175759285709559,1.0,6740.1113586,4972.212764332,11700.935853306033
BUSD5rCfUDpCxKGMvYU2yThChxgHoioK74PTPociGnv2,CcFHbafgYDZ8yA8Me1PdtDiVb2eeaS61LbqyKKK5CsNZ,26R9s4nmF3CFDTkiePDwRmtscn8i7r2eygbSijditJ58,614.9714100299999,612.77027034,614.4705612202549,0.9991855738306265,0.061447056122025494,1.0,79.19421003,69.26502198,148.3947341728887
MAR3XM1n9xWPQ3HJjAcC85o8DopWFP5p2WxGTaZ3fPB,6qG7GUhER8Cg9gDEgnebph9LdS6eu2eoWcA4R7z9uizK,4QV4CwRXVMY227KkFF9voNAfwWHVvVajXSXDKbUHkWZR,0.2495100000000011,0.13546600000000164,0.2298049177202434,0.9210248796450738,9.192196708809736e-05,0.01680915394250133,0.094134,25.170867,0.509800734289736
AUSejoEUCh2DBs9mof6BNC8Pubs22w4cJa1ccV9h44R,4xkyD7AfGQDwsQMy9MosRRNGoVJ1zosNinesxg1TzHG7,Cbm5gsQe3nSiCsFrvepVzMCD9xLK3ri9g3ypS2hdmVJ7,878.1168339999967,878.3378589999993,878.8128537801907,1.000792627761187,0.08788128537801908,1.0,14081.060368,14802.833753,28895.055160354626
wrmcMSHFi3sWpAEy4rGDvQb3ezh3PhXoV2xNjgLBkKU,8p4mGnARWPBu6P2Gcw4adodLkNDorrXniZMhaY7eJXUn,AyY89zccbsgp9LKFgH4CFZMJmpSgqmPSdTfukhP227rc,0.0007657300000000061,0.008988999999999692,0.22242910840125898,290.4798145576864,8.89716433605036e-05,3419.7387319608783,27.18605997,0.08630333,8192.136498937942
BSCuChvaSj9b5HUSqgDVRzcnr2sSn7cXaamt1jbKH6hn,GnKpRj5kBVPMJfiwZtEuD9GYApLzPdW5JFuZTcyX4BTc,3dmwD9okkomV9nDwyuh4UMhKdUR13QpuKxRo89ycZB5t,37.58539602099995,37.646764820000044,37.430944527441646,0.9958906514255694,0.01497237781097666,0.9991467286936957,1892.873695579,1115.828778971,2999.9718920476507
Lid8SLUxQ9RmF7XMqUA8c24RitTwzja8VSKngJxRcUa,4PgzyzLtds9bKZ2to9PMnKqJzKEUpjvNUaeN23phegax,AtymwxoVN9peZo7EXTcDz9jKVc4vRmisJKKrNfe3ewBa,7.048855742000342,5.949280697999598,1069.3537251485227,151.70600226315014,0.10693537251485229,128.6410730106269,956.23659658,7631.133560788,1126744.040832047
WiiQFxXqp8P9Fs1rt9SVcDyA3KUdJmUsog6wnVQAwba,3S2jpqSYxho6wiz3cafhjXruVY8cg4HYa2v3BqBHYFSj,Dfe67M6TfrG74gKRtdqys4e6E9QirPD53BkF4FujFjuv,6525.970552582989,6520.120754268998,6534.532554553242,1.0013119890599054,0.6534532554553243,1.0,7491.904141252,19367.315826462,26869.04926398518
RajgMbScQbqqrdJfR2rxfHJiTiY5b6bJ2tTXiF4aPxy,725ZA3fhyBAKb5iopNRrcbSuQa3LXA1656Q3mBvYPxeg,GLA6i1dSZpUfk2f9Nj8uiG7xyDdAR2reff8oEiZH3617,2207.0357338400063,2210.1549255599966,2204.979744576771,0.9990684386157815,0.8819918978307084,1.0,126048.22622242,58207.96363542,184138.76819774194
Sid7E679i9ABqptiAVhkmQ27YHN8vaYT4fppPwmxFsJ,GP7KB8o1bv527HG8kTzzzf4wJ5aEGHvcMQvVhLziUfmT,9gYxhAZ1M9wu5pxr8SBoa5NDm21gi3s9vMHaYTME77sa,633.388156999994,1415.740252000036,3.5160478778544206,0.005551174013906379,0.0014064191511417683,0.01680915394250133,135760.757556,8782.697342,901.2613011051866
BSC8REUo9LpiiWUuqMuLXs2D2yJsJfGd4HdiF3wCLxk5,AZjEH1zWVx1UJ6udMyRijGTzPteuLnaY18yNNmprJEsh,Caf8ypkSVR8xYnXNhjvfvdGCC7mrM3C11rz8Xi6NA6aK,714.165478591,712.6934821639998,713.0165308832999,0.9983912024003639,0.28520661235332,1.0,3321.289009452,2909.912209892,6225.857937557896
Lee1XZJfJ9Hm2K1qTyeCz1LXNc1YBZaKZszvNY4KCDw,9DgFSWkPDGijNKcLGbr3p5xoJbHsPgXUTr6QvGBJ5vGN,2hNHZg7XBhuhHVZ3JDEi4buq2fPQwuWBdQ9xkH7t1GQX,595.8048943788599,497.9361323740013,91994.76050737518,154.40417051840737,9.199476050737518,128.87268873276392,6527.458350378,54075.945144729,7976779.238750244
ALBpShJ9NLpE739pcHDF2LNVk5J4VYPvvKuV6jMPitZi,D6d156U1bPiJpDYRLextvDRccgFk7QzkQbJg42ceKEu5,GNcM8U5g8RwTZffwwm3kSQqUNPSwv5d2fbN9sLxPJqt2,2348.558778999992,2350.584487999986,2344.9545838046843,0.9984653587436112,0.9379818335218737,0.9985391372422147,53653.836863,46705.781785,100209.04851920353
YAkoNb6HKmSxQN9L8hiBE5tPJRsniSSMzND1boHmZxe,CfWX7o2TswwbxusJ4hCaPobu2jLCb1hfXuXJQjVq3jQF,EnTrdMMpdhugeH6Ban6gYZWXughWxKtVGfCwFn78ZmY3,1827619.7791450047,1826766.3881790037,1827619.7791450047,1.0,182.76197791450048,0.9991806718490837,326620.600533,1455026.724535,1780455.1807122529
vEnkoSUkpnbRrPgBz9DfcVxNz67zjwMYBZraAvDDNSf,DtfyjjsZ5yCjWKLKHvwsfXs5QVsmm1QkK6Sh9JZHoq1g,e5wrKCRv4GhHvEf1VD5Pq2KGaZDXP77nTL612Jyrxwy,4692.180989999995,4694.3840230000005,4630.594088621331,0.9868745682423763,0.46305940886213315,0.9956847024993677,12135.841579,9052.157804,20989.648468586573
FrnkTEL6yZ5Aycq2TrEgu29dCrwKG4LPUZydfiwqspkc,DjvZuMZ46fxKBoBpGMPcRcos4xdTtHFxwMh69DpA2ZFY,9rvDPJLAng4uVVqnnSoEXgNDFhBZQTny9AoQioYDZbQX,4.504468189000818,3.716259111999989,703.1542790234566,156.10150844009635,0.2812617116093827,128.75895679493203,167.551133678,1446.188227991,212364.6722732165
heyk4SZTeCUV6a65WiVA5bzic3KcxgVf1qxobfeV4tQ,9ZDpBKPqMABtGfq66FbVribaArMvtk63xxy91onZAtDt,DaTP4s6N7xxSPinbNZ3FB52EpRDRt87QShTuN3VPCW52,0.4709837450000123,0.40888268300000163,70.57417519392645,149.84418452472198,0.02822967007757058,128.90531543646307,606.478659034,4496.769972096,670534.8517928468
BUSDgu5JdqP1rndBvXvanbEufS94FNh1w5FJcAj6vawb,Bgzr8cWubt89JQFXndVjtdKmDbGzuPxNhvjH1EhWCwbo,Dxaf8xPBBQsasRKW5Aa4Sw2YrbfGofY9xZueyyF23FBW,8570.201177939998,8632.169480710003,8507.295765930934,0.99265998420539,3.402918306372374,1.0,10544.35720075,4685.64511574,15152.606568092488
7oAd7xG4m3oC2qeWB1szghTebAZyyGPAFDJ4wwwbRSNi,D9yh4KAysxt9GLacVe4Wwh2XqghhcjTCSTV9HuM7TBJd,HDYfJLpZKaMFb84jM4mRytn7XLR8UFZUnQpSfhJJaNEy,0.4049772440000652,14.076851182966493,0.4049772440000652,1.0,0.00016199089760002608,0.028805663698158283,1088.762117111,293094.489500427,9531.543413443684
C98Sspw7XqnMsgxea3SLQVdbMDL8pKUc3RE82UvX9eq2,CSqgQJurPCzGxb4Cgwx5R61hWQUiaoUHcShNc8r1cKEL,6S2CR5EnukPhC914XkAns8m5GixjMAoUuZMsS5ubHuWc,21.663005000000055,24.30006199999984,0.0,0.0,0.0,1.0,666.138706,64.262331,64.262331
C2ypsDADXcCRz8HbV2zX1AXPSja7a1P3xZtRC91xGhJh,J9bYNuDpY1d1T86gLaw7DGk5D3CsUAf2tzUwxMvb6FTv,A2NGvvPrMGzsJ4jb52KEnSBVmsA7C34dV1GC7PerdgvG,21.905235048000122,22.21295085499969,2822.0733169486225,128.83099910887597,1.1288293267794491,130.78511613064387,3471.196379247,1330.162652676,621163.1746443798
CZgvH45CRmoaNJ7395Ao5CQZXkGznvqU7cErD6n7FaRg,4ZjU6MKvtqVQKCiowhvZ5yUsPxXX5SCzd5eFsPeXyey5,BsyWeshjDbCvjDojry3vKDCesmFRM37WtwcR4Kfgzqr,6.445142069999974,6.352037920000043,6.691125994509592,1.0381657877883859,0.0026764503978038367,1.0,194.48404104,611.70031196,813.6069896385604
KwnjUuZhTMTSGAaavkLEmSyfobY16JNH4poL9oeeEvE,J63v6qEZmQpDqCD8bd4PXu2Pq5ZbyXrFcSa3Xt1HdAPQ,BnKQtTdLw9qPCDgZkWX3sURkBAoKCUYL1yahh6Mw7mRK,498.4824679999651,28079.374167,8.379068542249406,0.01680915394250133,0.0008379068542249407,1.0,281115.365864,509.456485,5234.767945410559
KEN5P7p3asnb23Sw6yAmJRGvijfAzso3RqfyLAQhznt,9zj4aX38Uxf3h6AUjS4EipWS8mwbEofasHAf3a1uKGds,CwQDG1MWunn9cLNwcZLd8YBacweSR7ARo32w4mLua1Yr,37896.092983000446,37902.4121560005,37880.410493056326,0.9995861713250715,3.7880410493056327,1.0,1001431.355069,933562.812929,1934579.7469873
KEnkcdADoLR5jS2CLLLesy8TtFsyWL37BhXNfDMzWzP,3qsjFRuw1qeLMPo4DLwaQevenGAGBj9dA3Q6rb8ax2YR,77iEv8zPQAEyCcEbvBRSB6AFcUdfkhiqnAKtPxk76rNN,0.008868999999999988,1.5781679999999767,4.923336232933561e-05,0.005551174013906379,1.9693344931734247e-08,0.9984803129636692,129.823311,0.226229,0.9465569931439441
MATSnbbiTCv7Dc3trJrkrqjx7ckKdr6fwPoVwv9q3sD,631WX9JizSHJm4w6VanZeJAst9T8DeUUnPLesdGkCVtK,211maUSfpnXbPuW1iBu8b4dtJv5EbN1j7JJiEX5TZKEP,186.39474399999744,186.50262899999507,186.26045021539215,0.9992795194664648,0.07450418008615686,0.9987455755571003,23732.591306,21865.290523,45553.354604070526
GokA1R67GqSavkd15zR62QD68Tuc5AEfvjssntVDEbM8,3YB7hfpBdbQEuZqLGWVDpRPmeZWCUsrrWyqGXegnQ6Cg,4DPCj6Z1DsG6HUtwSogBGqXEUxdEV5a8YVrrFtcnz7UW,2238.6554940000005,2239.1479939999954,2238.4025545113404,0.9998870127675572,0.22384025545113406,1.0,19446.039932,13026.802782,32470.64555976611
ALLwa5WNZbvQsRKAqe1jdRGemdYQnW8E5k4msbRFcYtu,CGoM82Hbz7QVqTgvQatYtjvDWBvoUJp5qm21P8iMs9yb,3dxNNww8TivyN5FMy5dCNdi3Zcxv6e4kUfSPxfFwpdNq,3.140216457,3.1400475880000003,10745.701868391337,3421.962153098587,4.298280747356535,3422.6297433369955,3.861054712,4.907615113,30009.332550110914
JSoLLrxK5bYdHwTEWYaGgmeycBCNXKDiBCTw5hXGBg7,xG4wXczA7Dk4hccJ61CHKpDHW4NrNfQwgmWgkb9BuF2,BVR6WgfhsRr9Lob4QDnkEAiNGgAbv7ZieKcY9kSg3QYR,0.12667752000001542,0.10680101799999875,19.342494986399128,152.69082459458295,0.0077369979945596514,128.9045344619183,17.283063116,171.962640172,24805.729234916293
MATgk4zXLXtYkwBH678J1xZbRDZ45LicNzkRBHkxTuY,y8dALFo1bJrSzPYjMX14HJX448pXqYmrfXHD1K8MXih,GN7Yuet3UyiWS5YVkEHv6oQKi4HGBJc3XDPt9zQhAqZz,706.1535179999996,706.1684629999995,706.2206089578506,1.0000950090258574,0.28248824358314023,1.0,4229.601285,3858.967352,8088.970487297853
ercAoEmXjQzEvAFbdjAo81KtMxRGn9AW1ju882upmPH,CMRhskR2Eg6V42RTSdRTXGdozyPbWB8U9dVpijPWb9T4,7TKLLgrWswt6ZJ1pXhVR3FyufHGjJFqiEXxvWJfDcgRm,12.623642727999986,10.46214744999999,1628.4496985850876,128.99998310100221,0.6513798794340352,112.1710024498147,32.094385297,292.608491965,36962.36302999265
daob129AwBGn9Y5r91uLoWZeYiGzbPmksauMhFZKTze,6VW5GQNyj4LStgmxEHLr5zUfW92vQnmbw8jTnCH7a38F,4VPCCUifPeBA1c7HWK358CHn2nyjm8pdTRk6Ps3KmnMQ,4.063543097999812,3.6333268259999727,587.3457137876426,144.54029393136014,0.23493828551505705,128.94284659901638,47.801522566,224.914178627,35910.32055470121
ACUSESXyNnwRLAg1dpSGMLSzUDdLjUMybY8rkXiAKhCP,AhFPQdu8GKBsxuhiH46UmCu1YpaLgNpoP325HnYtsgas,A8wxWpT3aFEr2XqZp1kDmbxbFfcBE95UUmdsNTDBJYbT,18.352487555000152,18.547031605000257,18.352487555000152,1.0,0.007340995022000061,0.9873723761961423,1032.676936669,1854.010571934,2863.2757605722422
SoN9GaFpSXfpyR5dth3x7PHPVhvJMpQqqDJfCSmPv1t,9kZ9iS68ViMPtoeqtnhAKuF2iqVyfHPdZHoUNdwCELr,BBhm5fJLjw3HRzjtKB8uMEYjGhY6EDm9co3cqpjrSzB9,0.010954073999999814,0.010719702999999914,1.7122819840827652,156.31462632832262,0.0006849127936331062,152.69082459458295,3.080845691,5.116308125,1262.7945494501023
RoBgmK8CvjdHvPrqdDyVw54VwjZv2TqJ493xnqJAQHx,ExiHJxM7qPAcy27NDHAF6G7vnW7muNHi2sVJpnaNynGQ,6rkPHSqZb7StM4HwS9EuVrmfkV7tRdc7dnsFhyB6cefE,17.063984000000257,79.22482399999933,0.0,0.0,0.0,0.9360237150968457,6385.164191,17.075013,15.982617103586934
TETFuZgEmET6d9vYmz9iMFCxK1jKdKYxf3oPz8hSzJK,Eu1Ze6Z84LWNkq7SNoAHBJbXx5t1P95EwyqYohrfCRFV,ASMbv7WNu3qe4pkhREmvyEdwFNDZQ6B6iSrjkj4u8bdC,204.17348028299995,204.497436023,202.49127932272694,0.9917609233190259,0.08099651172909078,0.9988822507613979,220.558951333,31.720838493,250.4271317702188
