0,1,2,3,4,5,6,7,8,9,10,11
vEnkoSUkpnbRrPgBz9DfcVxNz67zjwMYBZraAvDDNSf,DtfyjjsZ5yCjWKLKHvwsfXs5QVsmm1QkK6Sh9JZHoq1g,e5wrKCRv4GhHvEf1VD5Pq2KGaZDXP77nTL612Jyrxwy,3662.354034000002,3663.324864999997,3659.847038778438,0.9993154689038009,0.3659847038778439,0.9990588865288897,12478.924166,8711.112936,21173.29674462883
SAMyS8Jr2HJrkFwYVKbpUwsNStnQmvz3f8Tup8bWUWF,6jPzm5TFfquvgm25sTyN3MMGBfufRaFHMxobDWv6hMFW,Cj9ECoDmxsHTDzCY5ZA6RWrPbg9uFzEC1Qc2kso2vJG6,1153.1709599399965,84.84915222999263,1163.3218974189324,1.0088026301663582,0.46532875896757303,0.0,423.81860843,111890.58275497,427.54932689762984
AURHmCnNwiW4uA2Qj1XvEh4iKgRUZYXtiY7FKAapUV5Y,BKWm4TRnTeKwfWXRyuzjRHU7iZDkPuXBX5b5V5jSVfGJ,A5Ww74HVrkj9nPeC7pHKLfgeDMEhBCpW1efQdz3TGLEg,0.002039136000007602,0.0018469249999952808,0.31731653084084555,155.61322581704337,0.0001269266123363382,137.1897368357873,272.449509738,1806.872528197,290281.11372176226
KEVpg4SYCVrqFxKijQH6hm4QxsRdoE51ud64bEEFUC9,2bPenuBYfqzD8p5dFjCcggwkHDsc2RQDnx9AoyYGUBjA,AE6n6iLuX8oYu61vt5hoDYkjswpnxFxrhSehxrnQTnbx,6036.371677858001,6030.510451947001,6040.965917011411,1.0007610928217463,2.4163863668045646,1.0,3071.130229886,4478.842799594,7552.310444652614
Lee1XZJfJ9Hm2K1qTyeCz1LXNc1YBZaKZszvNY4KCDw,9DgFSWkPDGijNKcLGbr3p5xoJbHsPgXUTr6QvGBJ5vGN,2hNHZg7XBhuhHVZ3JDEi4buq2fPQwuWBdQ9xkH7t1GQX,762.286628933929,636.4658804010114,125060.96955269435,164.06029543978002,12.506096955269436,136.5781944990947,6523.221323299,54080.868889357,8456469.047370147
YAkoNb6HKmSxQN9L8hiBE5tPJRsniSSMzND1boHmZxe,CfWX7o2TswwbxusJ4hCaPobu2jLCb1hfXuXJQjVq3jQF,EnTrdMMpdhugeH6Ban6gYZWXughWxKtVGfCwFn78ZmY3,3670271.508999006,3669245.8254919737,3670271.508999006,1.0,367.0271508999006,0.9993214607281655,668581.463881,1317632.066688,1985319.4654659238
HEDSDjj84KS7LKhZY7ejkCACTdPen62rKhCby1wXtgxc,EnnjMSFttpCTywBrYNt1J5QQeoSVkvzPipJDa8Y7kJow,6bjVT6JN2rSvpyn9PdfLYC8wJn4LWh49jpY47fnLDXZk,15.74889104399972,17.793698232002498,13.94413318982029,0.8854041310504185,0.005577653275928116,1.0,43584.455918004,4600.298791335,43190.1561107206
BUSD5rCfUDpCxKGMvYU2yThChxgHoioK74PTPociGnv2,CcFHbafgYDZ8yA8Me1PdtDiVb2eeaS61LbqyKKK5CsNZ,26R9s4nmF3CFDTkiePDwRmtscn8i7r2eygbSijditJ58,45.817175029999994,45.853086250000004,45.642563924598775,0.9961889595924042,0.004564256392459878,1.0,93.47694961,55.04927708,148.1699822578575
SoN9GaFpSXfpyR5dth3x7PHPVhvJMpQqqDJfCSmPv1t,9kZ9iS68ViMPtoeqtnhAKuF2iqVyfHPdZHoUNdwCELr,BBhm5fJLjw3HRzjtKB8uMEYjGhY6EDm9co3cqpjrSzB9,0.033151113999999815,0.0329429099999996,5.510009264482496,166.2088720301383,0.002204003705792998,162.41757916923083,3.031838613,5.138975768,1338.578479692048
MATgk4zXLXtYkwBH678J1xZbRDZ45LicNzkRBHkxTuY,y8dALFo1bJrSzPYjMX14HJX448pXqYmrfXHD1K8MXih,GN7Yuet3UyiWS5YVkEHv6oQKi4HGBJc3XDPt9zQhAqZz,1253.4593840000016,1251.9431829999999,1255.405262156344,1.001552406229656,0.5021621048625375,1.0,3381.494196,4708.177064,8094.920712655416
TETFuZgEmET6d9vYmz9iMFCxK1jKdKYxf3oPz8hSzJK,Eu1Ze6Z84LWNkq7SNoAHBJbXx5t1P95EwyqYohrfCRFV,ASMbv7WNu3qe4pkhREmvyEdwFNDZQ6B6iSrjkj4u8bdC,192.773304763,192.534626049,193.57562540062298,1.0041619903679577,0.0774302501602492,0.9996611148820549,41.346774437,211.106783046,252.55410141288138
RajgMbScQbqqrdJfR2rxfHJiTiY5b6bJ2tTXiF4aPxy,725ZA3fhyBAKb5iopNRrcbSuQa3LXA1656Q3mBvYPxeg,GLA6i1dSZpUfk2f9Nj8uiG7xyDdAR2reff8oEiZH3617,3567.699398100005,3570.7395468200266,3565.445359198374,0.9993682094116921,1.4261781436793497,1.0,118896.46475675,65363.51168426,184184.85877359362
C98Sspw7XqnMsgxea3SLQVdbMDL8pKUc3RE82UvX9eq2,CSqgQJurPCzGxb4Cgwx5R61hWQUiaoUHcShNc8r1cKEL,6S2CR5EnukPhC914XkAns8m5GixjMAoUuZMsS5ubHuWc,22.991246000000004,25.86933399999998,0.0,0.0,0.0,1.0,680.702386,71.480662,71.480662
ionytDfEj1mXodptgrsKEZro7DGsfpzANUfarJdm6Qb,3gkSjY95an9xNFSjCfsay6JZez7uv7yfW3Ad4ubc4fMK,9wXqANaSuEqkKL9yHzCPEDGHwbkStVAqV5rB3QDs3Jr6,0.0003437669999999948,0.0012691920000000856,0.3147164670738124,915.493537988862,0.00012588658682952496,3378.036009863865,3.149535814,0.084932457,3170.284583533705
MiMy69CnJDY4V6cQWkU3HHfTyb8pqXJmhX4MisFYDnM,,,0.003853975999999981,0.003201785999999998,0.0,0.0,0.0,3378.036009863865,3.149535814,0.084932457,286.9048981522143
DEDaBEWzMCXohXYXoLzB4jK1xqMsd3SS9izXp2xvg9pe,GC5zHpW5GuVdw3C7covC6viyGdLS8ZAaVGDKMeru7p78,F8juxtAFueW19vxkdDArUkjVWAv9QV6yy1wCXUWQiXvh,19953703.423225224,3389.563227590003,19953703.423225224,1.0,7981.48136929009,0.0002808373323688242,769.47191621,6249412.88297113,2524.540359134975
7oAd7xG4m3oC2qeWB1szghTebAZyyGPAFDJ4wwwbRSNi,D9yh4KAysxt9GLacVe4Wwh2XqghhcjTCSTV9HuM7TBJd,HDYfJLpZKaMFb84jM4mRytn7XLR8UFZUnQpSfhJJaNEy,52.97946772701107,1.5286939759998859,52.97946772701107,1.0,0.02119178709080443,0.028912392837323653,1091.092578087,293013.671992688,9562.818969446294
moFiBS1R4Lf3E3zzmBPnw3NF4RhWPkhREFviuzUaCAU,44ALBrpqi9PfZkBRTvbtRNtFJGsatfY4QydjtMbFWq8S,2ho8qEEie1UjVwWNBo9y4oAJZMyMLx8zPj9bxyUz6uWs,406.7983744680023,408.55579565600056,405.06853980056604,0.9957476853989438,0.16202741592022643,1.0,42677.318013708,21768.762058905,64264.602690089385
AUSejoEUCh2DBs9mof6BNC8Pubs22w4cJa1ccV9h44R,4xkyD7AfGQDwsQMy9MosRRNGoVJ1zosNinesxg1TzHG7,Cbm5gsQe3nSiCsFrvepVzMCD9xLK3ri9g3ypS2hdmVJ7,8721.242914999999,8681.909747999998,8754.958259256395,1.0038658875328892,0.8754958259256396,1.0,13083.165284,15804.10482,28937.848149562145
daob129AwBGn9Y5r91uLoWZeYiGzbPmksauMhFZKTze,6VW5GQNyj4LStgmxEHLr5zUfW92vQnmbw8jTnCH7a38F,4VPCCUifPeBA1c7HWK358CHn2nyjm8pdTRk6Ps3KmnMQ,5.043288359000165,4.503328565999979,774.5990813470165,153.59008373270595,0.30983963253880664,137.0540774273305,47.920451349,224.7882774,38168.25611073781
MATSnbbiTCv7Dc3trJrkrqjx7ckKdr6fwPoVwv9q3sD,631WX9JizSHJm4w6VanZeJAst9T8DeUUnPLesdGkCVtK,211maUSfpnXbPuW1iBu8b4dtJv5EbN1j7JJiEX5TZKEP,3864.7567440000057,3867.8834520000055,3856.5384605405934,0.9978735315043641,1.5426153842162373,0.9993264539700242,26426.343455,19178.625772,45535.85675293896
MiMUFdSLMyCLpqpH6zkqdDrGYs7XBomwENbivdYjv9V,,,0.011339321999999999,0.013472031000000051,0.0,0.0,0.0,0.9993264539700242,26426.343455,19178.625772,19165.708084750877
MARpDPs5A7XiyCWPNH8GsMWPLxmwNn9SBmKvPa9LzgA,6YjT74rmcfCpw8LSjPNx5JTmZoYLGrTKnf9arfSgZ4SR,F8GSmi3vA8M8TsybLya1LQ4n1aFHCRbZ6k437PeTdXtg,228645.28341799992,231391.571392,219601.64833621777,0.9604468767228015,87.84065933448711,1.0,295518.246337,17351.671186,301181.2478949711
BkwbeSfcX1h4thMDd7obGkHrPevf3QwgzJ4pCEqG18Lu,35yX27bmurdebhfAb8EPmjLETDiUaEUCn9zHaDPbakH2,2CxECn1ZJFoESyUnQysQU8rRgT3iJ5GRs2Mdd6gZjx5g,0.021836439999997737,0.015948749999999956,0.0,0.0,0.0,0.0,1.05422719,21.7213518,0.0
KEN5P7p3asnb23Sw6yAmJRGvijfAzso3RqfyLAQhznt,9zj4aX38Uxf3h6AUjS4EipWS8mwbEofasHAf3a1uKGds,CwQDG1MWunn9cLNwcZLd8YBacweSR7ARo32w4mLua1Yr,29378.050697000115,29380.166951000225,29364.044047989224,0.9995232274205204,2.9364044047989224,1.0,967947.154364,937061.141786,1904546.805488414
ALLwa5WNZbvQsRKAqe1jdRGemdYQnW8E5k4msbRFcYtu,CGoM82Hbz7QVqTgvQatYtjvDWBvoUJp5qm21P8iMs9yb,3dxNNww8TivyN5FMy5dCNdi3Zcxv6e4kUfSPxfFwpdNq,0.1035957250000008,0.10366760100000016,349.1245408283652,3370.06706433458,0.13964981633134607,3376.1884183232496,3.754772405,5.014044383,29582.193391006185
JSoLLrxK5bYdHwTEWYaGgmeycBCNXKDiBCTw5hXGBg7,xG4wXczA7Dk4hccJ61CHKpDHW4NrNfQwgmWgkb9BuF2,BVR6WgfhsRr9Lob4QDnkEAiNGgAbv7ZieKcY9kSg3QYR,0.3372885320000556,0.287883223000005,54.77600868911431,162.4010409257119,0.021910403475645726,136.72231492754744,17.285618404,171.960129314,26317.989376904734
Cob4usZcpHEY7Qt4ZCwj6WVg9S44zvzYV2v9qYF65dTf,NhFM9UXE48PyNAyeyPYA3iXztqKVJwA4bTdLj4ysM8w,6TuFuynuBoeskxyR2cz4wxyidk8dpDK7kAWw3UkjQGx,3.3503199999999964,579.8138569999865,0.019507297163341604,0.005822517599316371,7.802918865336642e-06,1.0,38953.481293,71.712478,298.5198083831335
Sid7E679i9ABqptiAVhkmQ27YHN8vaYT4fppPwmxFsJ,GP7KB8o1bv527HG8kTzzzf4wJ5aEGHvcMQvVhLziUfmT,9gYxhAZ1M9wu5pxr8SBoa5NDm21gi3s9vMHaYTME77sa,309.36262800001714,478.7929759999879,1.8031386165725167,0.0058285599273239196,0.0007212554466290067,0.017887247733909303,136073.698137,8680.713353,948.3877743762553
BUSDgu5JdqP1rndBvXvanbEufS94FNh1w5FJcAj6vawb,Bgzr8cWubt89JQFXndVjtdKmDbGzuPxNhvjH1EhWCwbo,Dxaf8xPBBQsasRKW5Aa4Sw2YrbfGofY9xZueyyF23FBW,13990.089170619996,14095.93774794001,13881.520962282728,0.9922396342858723,5.552608384913091,1.0,10715.42678219,4531.63430588,15163.905457457247
GokA1R67GqSavkd15zR62QD68Tuc5AEfvjssntVDEbM8,3YB7hfpBdbQEuZqLGWVDpRPmeZWCUsrrWyqGXegnQ6Cg,4DPCj6Z1DsG6HUtwSogBGqXEUxdEV5a8YVrrFtcnz7UW,29660.965670000005,29653.17996400001,29661.97417712203,1.0000340011560394,2.966197417712203,1.0,17163.925824,15313.476218,32477.98563532019
7dwD9TF6uikvHXxPFK9AsSim54yJoujQjY9vU6gNFumk,CquVr6atkvwueDYficKjn6SSEWq4F4rH4VSiBbW4GBWU,8BCa6ge3b7ho3TfZuM64Vk1hgbrJ3J7EPiAb9uP86CGd,0.001109967,0.0011200520000000003,0.18035932545556707,162.490709593679,7.214373018222683e-05,164.10261796188485,0.004243882,0.003274893,1.2270099124568925
BSC8REUo9LpiiWUuqMuLXs2D2yJsJfGd4HdiF3wCLxk5,AZjEH1zWVx1UJ6udMyRijGTzPteuLnaY18yNNmprJEsh,Caf8ypkSVR8xYnXNhjvfvdGCC7mrM3C11rz8Xi6NA6aK,5024.664568302,5020.719400744,5024.9059848851375,1.0000480463083368,2.009962393954055,1.0,2981.40132839,3254.874118554,6236.4186922715
wrmcMSHFi3sWpAEy4rGDvQb3ezh3PhXoV2xNjgLBkKU,8p4mGnARWPBu6P2Gcw4adodLkNDorrXniZMhaY7eJXUn,AyY89zccbsgp9LKFgH4CFZMJmpSgqmPSdTfukhP227rc,0.024809859999999156,0.20030627999999473,7.846255534471586,316.25553447185325,0.003138502213788635,3376.0972316002703,27.1300764,0.09129647,8888.262571766089
heyk4SZTeCUV6a65WiVA5bzic3KcxgVf1qxobfeV4tQ,9ZDpBKPqMABtGfq66FbVribaArMvtk63xxy91onZAtDt,DaTP4s6N7xxSPinbNZ3FB52EpRDRt87QShTuN3VPCW52,0.9265780099995027,0.7970413199998347,147.7557150654133,159.4638697129156,0.059102286026165324,137.11712613472992,607.04140571,4496.117365912,713295.86360879
BUSDTd9WiT6uBHJRgNvFXBsA7JrifsAtWzKfioN7ERcy,DyBxrn7gSc1EwnpWhDyhzvMHPtxpmBqRqotapLcKcfTM,Cds99GeBgoCpqBsoRWu1C6fF9LiUMd4pXQQD24s9LPff,56.47611518,56.60965704999999,56.24525540428799,0.9959122582178994,0.005624525540428799,0.9994523001395236,104.21922322,82.0073951,185.75568160789123
BSCNHw8CmxbZ8hCWWzMf5FaG2ajPT6JxfznKUNuRVrn4,7n9kgNL633yGzCYksgnzHyjG73ZLBAwvEae5sbAekbzW,SscdxE99omdG9AiMVwmaEMQySQnCgeAh1sPj2Leutm2,57.39184168100019,57.5055365850003,57.25482156047007,0.9976125505556745,0.022901928624188026,1.0,6664.879880065,5047.45689149,11696.424707788843
Lid8SLUxQ9RmF7XMqUA8c24RitTwzja8VSKngJxRcUa,4PgzyzLtds9bKZ2to9PMnKqJzKEUpjvNUaeN23phegax,AtymwxoVN9peZo7EXTcDz9jKVc4vRmisJKKrNfe3ewBa,969.053443455,836.5472160230009,157732.8614068507,162.77003345086956,15.77328614068507,137.20551066724823,953.128614198,7634.925812714,1202694.671455969
ALBpShJ9NLpE739pcHDF2LNVk5J4VYPvvKuV6jMPitZi,D6d156U1bPiJpDYRLextvDRccgFk7QzkQbJg42ceKEu5,GNcM8U5g8RwTZffwwm3kSQqUNPSwv5d2fbN9sLxPJqt2,3697.184776000009,3698.441726000012,3695.817323590281,0.9996301368493657,1.4783269294361123,0.9991447321093144,51527.214177,48834.635646,100301.02510939975
KysFMBBoavfov2tLpvefWW6tPFt6rAeZWDJVy1mMQae,B8ka2V21TH3x64dFV8ETcjuQcwmrciJ2qzy1mJUttRew,7fSf7EYxBANyxzk2s5pymFgshA91tFYQNKKs5UnLWcYS,58.90925500000276,62.05028499999116,0.0,0.0,0.0,0.01791945616600871,130575.99942,3086.244949,55.30383108117129
SoNcU2iwHMw6dGzsYNQkYFkUjwN1UdAjrWVRnStrZu2,8ivTTid27jZnYNc4w3CTA1Z6QS2twsFb8WMwUabeDJgc,CyXm53PMvHCbeXJBykU46Rcbo28xk5srhMZFg7gv6EYB,0.04306474500000235,0.04265922599999783,7.068234429440392,164.1304140879043,0.002827293771776157,162.58795805295716,11.852395378,15.127171804,4404.834536053331
BSCuChvaSj9b5HUSqgDVRzcnr2sSn7cXaamt1jbKH6hn,GnKpRj5kBVPMJfiwZtEuD9GYApLzPdW5JFuZTcyX4BTc,3dmwD9okkomV9nDwyuh4UMhKdUR13QpuKxRo89ycZB5t,191.73805845900006,190.78129199900002,192.4444566281668,1.0036841833845824,0.07697778265126673,0.9991127878443942,1112.621013103,1896.749878873,3011.7871722771315
BSCrK1Nx9PXU9mF7STWWBqeHLxmtJDr9h7jheEy4tAWX,FfSySSbVJPvEo5a5AvrP3nySoXpRE2QPn1uUMpJJ1x7v,HL7Vcj6838ZmvBHDbQxXfjBNckNi83WvPiZQoMQLFeRM,0.00021034200000014103,0.00020923600000000153,0.7150403850865528,3399.418019635039,0.00028601615403462115,3378.150124991555,0.598262413,1.207520177,6112.928464084915
WiiQFxXqp8P9Fs1rt9SVcDyA3KUdJmUsog6wnVQAwba,3S2jpqSYxho6wiz3cafhjXruVY8cg4HYa2v3BqBHYFSj,Dfe67M6TfrG74gKRtdqys4e6E9QirPD53BkF4FujFjuv,15707.853465351995,15679.713963387001,15714.177793346704,1.0004026220392659,1.5714177793346704,1.0,10712.526500442,16146.237827329,26863.077427036296
C2ypsDADXcCRz8HbV2zX1AXPSja7a1P3xZtRC91xGhJh,J9bYNuDpY1d1T86gLaw7DGk5D3CsUAf2tzUwxMvb6FTv,A2NGvvPrMGzsJ4jb52KEnSBVmsA7C34dV1GC7PerdgvG,11.121907666000652,11.282425360999241,1524.7487428465154,137.09417382663838,0.6098994971386061,139.00005031801822,2863.886165608,1076.411799645,542243.4021211315
SEQV6QiTpvTzrceiaYg9Avnwf7oc8ZALpnQMz6TyT4A,3dFMPj4r9mMmPHF32mz1gNDX7f8ftidWof7S8YiYTs1j,Fc1ED3YPeQfXQosHbd8DTaBd2AV5gHQtwiSAL5C5pUhi,1138.942032306999,1137.5484010129999,1140.2784614694106,1.0011733952426924,0.45611138458776423,0.9996171466328396,1366.927545301,4200.861626726,5567.7848042869955
DFWzVTzNBrQZLjoQ4yQwkj9HuoXmfkuZP9V5vbymZe23,DhgiEgiNdqZdRdo195UUHnoEJUtefK8buko8nU97XJUZ,2K2kkXsouBHtWVjtcgkyiXd8eP3oVBvq1bTJzcVdLLr2,3002.8071060270013,3018.9578342299938,2992.451702969262,0.9965514258185434,1.1969806811877048,1.0,37260.754998455,30699.472877251,67831.73139803675
STK75uPSyBnEhGTTzb1nwmP3n427XoXmfRhXxxhyady,6TYyD5fUmDe6N65avW1Ny2RxzRNobw2RRgKwH9CTzSAU,54zDfk4cx2vGrEajPtodWpArNe5eUurytyxd4X3aZAxK,127.85261474200001,145.51415632500448,17529.73271742183,137.10891054356554,1.7529732717421829,155.9219062014352,1706.258500357,286.524511614,278618.69211393635
RoBgmK8CvjdHvPrqdDyVw54VwjZv2TqJ493xnqJAQHx,ExiHJxM7qPAcy27NDHAF6G7vnW7muNHi2sVJpnaNynGQ,6rkPHSqZb7StM4HwS9EuVrmfkV7tRdc7dnsFhyB6cefE,1.0147039999999983,66.71688199999971,0.0,0.0,0.0,0.9614487879495854,6354.514166,17.527599,16.851888814216366
KEnkcdADoLR5jS2CLLLesy8TtFsyWL37BhXNfDMzWzP,3qsjFRuw1qeLMPo4DLwaQevenGAGBj9dA3Q6rb8ax2YR,77iEv8zPQAEyCcEbvBRSB6AFcUdfkhiqnAKtPxk76rNN,0.02224100000000004,3.844705999999988,0.00012978266419178854,0.005835289069366859,5.1913065676715414e-08,0.9997170800663412,128.802443,0.231922,0.983455872388794
MiMuMS9C4vBqcrYeeQPph1E7oAW9aNKvW9k6Zw9XffM,Afy2q2hh6Y474pshJa5fnQ6PfEchGyTbKrQpCZw2hr3m,5pXz9ksgjeL8Wgb37bksUaBFMLdFfsNNY3FQnikkCPtS,0.008137535999999557,0.5383590000001277,0.0,0.0,0.0,0.0,25.962427625,7676.633211386,0.0
KwnjUuZhTMTSGAaavkLEmSyfobY16JNH4poL9oeeEvE,J63v6qEZmQpDqCD8bd4PXu2Pq5ZbyXrFcSa3Xt1HdAPQ,BnKQtTdLw9qPCDgZkWX3sURkBAoKCUYL1yahh6Mw7mRK,226.19118599999945,12678.678512000246,4.04962995198673,0.017903570972861604,0.00040496299519867307,1.0,279992.670889,528.983659,5541.852314142292
SUiuyGR7SFq3xeRVJonq84fjjeFwRSsFekcevJ53tzy,49GjCCPsv7fBqo6t3iKDrP1xxGDS8uWZbVCdfnp2gjMf,CEwj5xEbbJEjYqM8D6Ai8ByGz1mrh8mkAVsE5fzDSSSx,0.09497199999999961,15.695517999999993,0.0005537823658626164,0.005831006674205225,2.2151294634504657e-07,0.9613203157744974,693.687629,1.314942,5.308977653177747
B2izdXFYb2sNwbWWHmh75T4aQFtfXsUxem9u2p61HGzf,4DYwgJtxwuJdAjkj5RJSNH4e7U329V5cNp7d3a1nLrZv,EXNW64GEf1ACC6xY9BtKRiunrs6GoJSXBdxWN2eTPmrF,1521.612927999955,1512.8206610000052,1530.3543118291232,1.0057448143797372,0.15303543118291232,1.0,13052.218171,26679.718162,39806.91890363623
KZMu9QBEdL97EFgamLbN5DE1AoKBG4HdrKKJo4Vuon3,DD4ACBWyVqdaKWh7v5btsgqQCCMwbKnuL2xd9pv7Gyuw,GcYqiJ1MAuYbNTNYXm1F1gQYTfTgkErACAhNU5dpVj9T,98.18891486999973,97.4662999499999,99.05323557403636,1.0088026301663582,0.03962129422961455,1.0,1240.61707866,1850.08251071,3101.6202826915114
FrnkTEL6yZ5Aycq2TrEgu29dCrwKG4LPUZydfiwqspkc,DjvZuMZ46fxKBoBpGMPcRcos4xdTtHFxwMh69DpA2ZFY,9rvDPJLAng4uVVqnnSoEXgNDFhBZQTny9AoQioYDZbQX,2.839903159999949,2.3406979599999715,472.11997576145643,166.245096808676,0.18884799030458257,136.90072903745235,167.040295907,1446.81813475,225840.08759589106
