0,1,2,3,4,5,6,7,8,9,10,11
AURHmCnNwiW4uA2Qj1XvEh4iKgRUZYXtiY7FKAapUV5Y,BKWm4TRnTeKwfWXRyuzjRHU7iZDkPuXBX5b5V5jSVfGJ,A5Ww74HVrkj9nPeC7pHKLfgeDMEhBCpW1efQdz3TGLEg,0.008408742999790775,0.007387642000026062,1.4094943382643017,167.62247797314922,0.0005637977353057208,147.9029141606983,272.487141623,1806.830126734,312910.4110319702
SEQV6QiTpvTzrceiaYg9Avnwf7oc8ZALpnQMz6TyT4A,3dFMPj4r9mMmPHF32mz1gNDX7f8ftidWof7S8YiYTs1j,Fc1ED3YPeQfXQosHbd8DTaBd2AV5gHQtwiSAL5C5pUhi,94.60633145099996,94.44280545900017,94.84691720091737,1.002543019544543,0.037938766880366945,0.9980488145675206,1009.146066331,4561.969929179,5564.781024410755
DFWzVTzNBrQZLjoQ4yQwkj9HuoXmfkuZP9V5vbymZe23,DhgiEgiNdqZdRdo195UUHnoEJUtefK8buko8nU97XJUZ,2K2kkXsouBHtWVjtcgkyiXd8eP3oVBvq1bTJzcVdLLr2,3212.5068447859994,3239.446915228,3180.8139241671033,0.9901345204383503,1.2723255696668414,1.0,42007.351447361,25987.617922074,67580.54670229202
ALBpShJ9NLpE739pcHDF2LNVk5J4VYPvvKuV6jMPitZi,D6d156U1bPiJpDYRLextvDRccgFk7QzkQbJg42ceKEu5,GNcM8U5g8RwTZffwwm3kSQqUNPSwv5d2fbN9sLxPJqt2,694.9895570000008,694.8702330000015,694.9819121989666,0.9999890001209987,0.2779927648795867,0.9986378579617403,43868.303796,56506.887324,100297.73816729103
KZMu9QBEdL97EFgamLbN5DE1AoKBG4HdrKKJo4Vuon3,DD4ACBWyVqdaKWh7v5btsgqQCCMwbKnuL2xd9pv7Gyuw,GcYqiJ1MAuYbNTNYXm1F1gQYTfTgkErACAhNU5dpVj9T,11.592756750000262,11.580212249999931,11.661982394111531,1.0059714566262479,0.004664792957644613,1.0,1334.57361619,1755.57137804,3098.1143426936133
vEnkoSUkpnbRrPgBz9DfcVxNz67zjwMYBZraAvDDNSf,DtfyjjsZ5yCjWKLKHvwsfXs5QVsmm1QkK6Sh9JZHoq1g,e5wrKCRv4GhHvEf1VD5Pq2KGaZDXP77nTL612Jyrxwy,4025.774342000006,4026.655375999995,4014.041299282204,0.9970855190278815,0.40140412992822044,0.9976664581543768,18022.567218,13773.011001,31710.91189226335
KysFMBBoavfov2tLpvefWW6tPFt6rAeZWDJVy1mMQae,B8ka2V21TH3x64dFV8ETcjuQcwmrciJ2qzy1mJUttRew,7fSf7EYxBANyxzk2s5pymFgshA91tFYQNKKs5UnLWcYS,9.886042000000089,12.192291000013938,0.0,0.0,0.0,0.018608715652497866,130608.614855,3059.815238,56.93923171312208
DEDaBEWzMCXohXYXoLzB4jK1xqMsd3SS9izXp2xvg9pe,GC5zHpW5GuVdw3C7covC6viyGdLS8ZAaVGDKMeru7p78,F8juxtAFueW19vxkdDArUkjVWAv9QV6yy1wCXUWQiXvh,1745126.0644899183,1209.6153353000009,1745126.0644899183,1.0,698.0504257959674,0.0006668551382450225,644.20011259,2398364.5153757,2243.5618130528187
parEAJhzYzHW87y9VoZAQ22dzQ2MD2ekEtTReaxbMcz,3oyc6hpjYSJEquK6dSvG72NXyz3pqLZz5D8AC71pwgQb,Di2vordgFJVZ1aj1aBpvzXtLfZgJsuLLXawGtVFwX6Rz,0.029515453999948704,0.03269006800007901,4.260460775126148,144.34678101626196,0.0017041843100504596,171.5781189170195,1105.919188839,137.129745767,183164.33879929618
AyiATPCAx5HZstcZ1jdH9rENwFb3yd9zEhkgspvDrCs4,DvHVapj4g2Y1tJVSw2ubSPkPBsJPb8fW387ZWXwaKmZq,DKjqWWgrtDRPKrnMWtZ4UiJk4sGQVCQgFjSo7BvfngvK,0.0023283600000000293,0.0023092900000000194,0.0,0.0,0.0,0.0,0.80171218,0.31907696,0.0
WiiQFxXqp8P9Fs1rt9SVcDyA3KUdJmUsog6wnVQAwba,3S2jpqSYxho6wiz3cafhjXruVY8cg4HYa2v3BqBHYFSj,Dfe67M6TfrG74gKRtdqys4e6E9QirPD53BkF4FujFjuv,21006.45770431999,21029.33571544799,20981.07769191703,0.998791799514216,2.0981077691917034,1.0,19059.00768885,7810.436686082,26846.417272583774
MiMUFdSLMyCLpqpH6zkqdDrGYs7XBomwENbivdYjv9V,,,0.017710546999999854,0.014568782999999988,0.0,0.0,0.0,1.0,19059.00768885,7810.436686082,7810.436686082
BSCuChvaSj9b5HUSqgDVRzcnr2sSn7cXaamt1jbKH6hn,GnKpRj5kBVPMJfiwZtEuD9GYApLzPdW5JFuZTcyX4BTc,3dmwD9okkomV9nDwyuh4UMhKdUR13QpuKxRo89ycZB5t,13.004707914999926,12.980416378999962,13.017978911349397,1.001020476310288,0.0052071915645397595,0.9980518028807768,1266.881621775,1743.094400467,3007.8729534354366
4vezWG46exH6pf9nry3n1VJ7hZHvjBJNgNeF4qEFCML5,,,1.0329690000000031,1.0317710000000027,0.0,0.0,0.0,0.9980518028807768,1266.881621775,1743.094400467,1739.698508977476
STK75uPSyBnEhGTTzb1nwmP3n427XoXmfRhXxxhyady,6TYyD5fUmDe6N65avW1Ny2RxzRNobw2RRgKwH9CTzSAU,54zDfk4cx2vGrEajPtodWpArNe5eUurytyxd4X3aZAxK,398.36052734499987,451.6172252909965,58636.263755827575,147.1939605729201,5.863626375582757,167.18421326285738,1853.884060754,309.962262365,324701.33432005724
ACUSESXyNnwRLAg1dpSGMLSzUDdLjUMybY8rkXiAKhCP,AhFPQdu8GKBsxuhiH46UmCu1YpaLgNpoP325HnYtsgas,A8wxWpT3aFEr2XqZp1kDmbxbFfcBE95UUmdsNTDBJYbT,100.12357803899977,100.15779185899987,100.12357803899977,1.0,0.04004943121559991,0.9873959314186738,1033.280736632,1853.533878045,2863.452546560309
wrmcMSHFi3sWpAEy4rGDvQb3ezh3PhXoV2xNjgLBkKU,8p4mGnARWPBu6P2Gcw4adodLkNDorrXniZMhaY7eJXUn,AyY89zccbsgp9LKFgH4CFZMJmpSgqmPSdTfukhP227rc,0.008380109999999621,0.03030594000000078,3.140735327186726,374.784498913125,0.0012562941308746905,3475.3596997289224,27.07661086,0.09907946,10492.230795785681
HEDSDjj84KS7LKhZY7ejkCACTdPen62rKhCby1wXtgxc,EnnjMSFttpCTywBrYNt1J5QQeoSVkvzPipJDa8Y7kJow,6bjVT6JN2rSvpyn9PdfLYC8wJn4LWh49jpY47fnLDXZk,13.24664148899683,14.687057185983576,11.723791451196782,0.8850387821648993,0.004689516580478713,1.0,43576.371872321,4607.491983488,43174.271076531746
Sid7E679i9ABqptiAVhkmQ27YHN8vaYT4fppPwmxFsJ,GP7KB8o1bv527HG8kTzzzf4wJ5aEGHvcMQvVhLziUfmT,9gYxhAZ1M9wu5pxr8SBoa5NDm21gi3s9vMHaYTME77sa,179.72167500000796,207.1711489999998,1.0766206047233153,0.005990488374444917,0.0004306482418893262,0.018551973567296477,136266.04789,8619.534597,976.2095537225407
SoN9GaFpSXfpyR5dth3x7PHPVhvJMpQqqDJfCSmPv1t,9kZ9iS68ViMPtoeqtnhAKuF2iqVyfHPdZHoUNdwCELr,BBhm5fJLjw3HRzjtKB8uMEYjGhY6EDm9co3cqpjrSzB9,0.004588894000000288,0.0044876670000002505,0.8211393970454203,178.9405893980922,0.00032845575881816814,174.85219743750608,2.97505956,5.052042071,1415.7195688219078
daob129AwBGn9Y5r91uLoWZeYiGzbPmksauMhFZKTze,6VW5GQNyj4LStgmxEHLr5zUfW92vQnmbw8jTnCH7a38F,4VPCCUifPeBA1c7HWK358CHn2nyjm8pdTRk6Ps3KmnMQ,4.275623961000008,3.812687246000003,705.7957698711955,165.07433214639386,0.2823183079484782,147.14799954501837,47.642955042,225.109293076,40989.01114016547
Lee1XZJfJ9Hm2K1qTyeCz1LXNc1YBZaKZszvNY4KCDw,9DgFSWkPDGijNKcLGbr3p5xoJbHsPgXUTr6QvGBJ5vGN,2hNHZg7XBhuhHVZ3JDEi4buq2fPQwuWBdQ9xkH7t1GQX,524.2257953758708,437.28487752101864,92613.4096939793,176.66702117848916,9.26134096939793,147.32813068594504,6500.510776637,54108.421130839,9120118.414621525
moFiBS1R4Lf3E3zzmBPnw3NF4RhWPkhREFviuzUaCAU,44ALBrpqi9PfZkBRTvbtRNtFJGsatfY4QydjtMbFWq8S,2ho8qEEie1UjVwWNBo9y4oAJZMyMLx8zPj9bxyUz6uWs,5308.282968946001,5315.897945429002,5296.491131212518,0.9977785966191954,2.1185964524850074,1.0,38109.932199139,26329.633403056,64354.908069965604
SRMuKizofcAMicegrfSv7xs9q76tH1w8aAF7oX9FEWu,72Hj2KWntXPfbie4UgKeTPnm1XVkomDfCnRPKbvfTtPi,6aqJQ5wedqpUt4fFEDUqUmXhrdxCu4bEJsQdVPCADLko,1.7905159999991156,1.7969199999979537,0.06321108972082184,0.03530328113284275,2.528443588832874e-05,0.03542792684274818,16653.778411,5250.153976,773.9350921424916
7oAd7xG4m3oC2qeWB1szghTebAZyyGPAFDJ4wwwbRSNi,D9yh4KAysxt9GLacVe4Wwh2XqghhcjTCSTV9HuM7TBJd,HDYfJLpZKaMFb84jM4mRytn7XLR8UFZUnQpSfhJJaNEy,9.558824843959883,0.27620999999999185,9.558824843959883,1.0,0.003823529937583953,0.028925053856150015,1091.368788087,293004.113167844,9566.528541540361
heyk4SZTeCUV6a65WiVA5bzic3KcxgVf1qxobfeV4tQ,9ZDpBKPqMABtGfq66FbVribaArMvtk63xxy91onZAtDt,DaTP4s6N7xxSPinbNZ3FB52EpRDRt87QShTuN3VPCW52,0.6714716529995712,0.5775045399997225,115.18430919339468,171.54009209301384,0.046073723677357875,147.17225438017743,606.059486626,4494.144256609,765376.841904542
SAMyS8Jr2HJrkFwYVKbpUwsNStnQmvz3f8Tup8bWUWF,6jPzm5TFfquvgm25sTyN3MMGBfufRaFHMxobDWv6hMFW,Cj9ECoDmxsHTDzCY5ZA6RWrPbg9uFzEC1Qc2kso2vJG6,628.5840376100095,11.547549699999934,632.3375999265495,1.0059714566262479,0.25293503997061983,0.0,437.74593298,111122.29357928,440.3599138321065
BUSDTd9WiT6uBHJRgNvFXBsA7JrifsAtWzKfioN7ERcy,DyBxrn7gSc1EwnpWhDyhzvMHPtxpmBqRqotapLcKcfTM,Cds99GeBgoCpqBsoRWu1C6fF9LiUMd4pXQQD24s9LPff,92.98408274999997,93.04843681999999,92.9457361276458,0.9995876001438088,0.00929457361276458,0.9981593940773215,89.26791324,97.02660409,186.07911551327192
JSoLLrxK5bYdHwTEWYaGgmeycBCNXKDiBCTw5hXGBg7,xG4wXczA7Dk4hccJ61CHKpDHW4NrNfQwgmWgkb9BuF2,BVR6WgfhsRr9Lob4QDnkEAiNGgAbv7ZieKcY9kSg3QYR,0.5482068119998758,0.46169811399999716,95.93266177802481,174.99356023698326,0.03837306471120993,147.4576313674233,17.25143946,172.002094552,28381.91226319168
SoNcU2iwHMw6dGzsYNQkYFkUjwN1UdAjrWVRnStrZu2,8ivTTid27jZnYNc4w3CTA1Z6QS2twsFb8WMwUabeDJgc,CyXm53PMvHCbeXJBykU46Rcbo28xk5srhMZFg7gv6EYB,0.023742817999998778,0.02398211599999911,4.195211806546788,176.69392936200768,0.0016780847226187156,175.15515243402606,11.836037191,15.144089903,4743.921294787209
RoBgmK8CvjdHvPrqdDyVw54VwjZv2TqJ493xnqJAQHx,ExiHJxM7qPAcy27NDHAF6G7vnW7muNHi2sVJpnaNynGQ,6rkPHSqZb7StM4HwS9EuVrmfkV7tRdc7dnsFhyB6cefE,12.192290999999386,0.1912300000000009,0.0,0.0,0.0,0.9513987464370118,6321.898731,18.031813,17.155444284186615
BSC8REUo9LpiiWUuqMuLXs2D2yJsJfGd4HdiF3wCLxk5,AZjEH1zWVx1UJ6udMyRijGTzPteuLnaY18yNNmprJEsh,Caf8ypkSVR8xYnXNhjvfvdGCC7mrM3C11rz8Xi6NA6aK,2373.6929603859994,2365.746524208,2374.8694184487717,1.0004956235209885,0.9499477673795087,1.0,2936.162699136,3303.897665064,6241.515595495141
KwnjUuZhTMTSGAaavkLEmSyfobY16JNH4poL9oeeEvE,J63v6qEZmQpDqCD8bd4PXu2Pq5ZbyXrFcSa3Xt1HdAPQ,BnKQtTdLw9qPCDgZkWX3sURkBAoKCUYL1yahh6Mw7mRK,198.8421410000269,6992.7350310000165,3.6883748736011936,0.01854926151494564,0.00036883748736011934,1.0,279417.531067,539.581567,5722.570422622231
C98Sspw7XqnMsgxea3SLQVdbMDL8pKUc3RE82UvX9eq2,CSqgQJurPCzGxb4Cgwx5R61hWQUiaoUHcShNc8r1cKEL,6S2CR5EnukPhC914XkAns8m5GixjMAoUuZMsS5ubHuWc,12.671985999999947,14.134295999999935,0.0,0.0,0.0,1.0,667.560604,63.15076,63.15076
YAkoNb6HKmSxQN9L8hiBE5tPJRsniSSMzND1boHmZxe,CfWX7o2TswwbxusJ4hCaPobu2jLCb1hfXuXJQjVq3jQF,EnTrdMMpdhugeH6Ban6gYZWXughWxKtVGfCwFn78ZmY3,2734062.7111160094,2730822.6265450018,2734062.7111160094,1.0,273.406271111601,0.9983577015808995,274588.521238,1624253.881629,1896174.893284983
KEN5P7p3asnb23Sw6yAmJRGvijfAzso3RqfyLAQhznt,9zj4aX38Uxf3h6AUjS4EipWS8mwbEofasHAf3a1uKGds,CwQDG1MWunn9cLNwcZLd8YBacweSR7ARo32w4mLua1Yr,45864.419555999455,45872.016117999214,45784.891199985075,0.9982660119372648,4.578489119998507,1.0,935046.941117,871629.204179,1805054.785062006
B2izdXFYb2sNwbWWHmh75T4aQFtfXsUxem9u2p61HGzf,4DYwgJtxwuJdAjkj5RJSNH4e7U329V5cNp7d3a1nLrZv,EXNW64GEf1ACC6xY9BtKRiunrs6GoJSXBdxWN2eTPmrF,4523.680225000004,4483.456889000001,4564.864431904647,1.0091041375287846,0.4564864431904647,1.0,10034.845309,29723.284997,39849.48891777321
MiMuMS9C4vBqcrYeeQPph1E7oAW9aNKvW9k6Zw9XffM,Afy2q2hh6Y474pshJa5fnQ6PfEchGyTbKrQpCZw2hr3m,5pXz9ksgjeL8Wgb37bksUaBFMLdFfsNNY3FQnikkCPtS,0.6839718820001508,0.010348297000000173,0.0,0.0,0.0,0.0,25.97395008,7675.872986443,0.0
AUSejoEUCh2DBs9mof6BNC8Pubs22w4cJa1ccV9h44R,4xkyD7AfGQDwsQMy9MosRRNGoVJ1zosNinesxg1TzHG7,Cbm5gsQe3nSiCsFrvepVzMCD9xLK3ri9g3ypS2hdmVJ7,6986.376442000001,7004.160646999999,6981.224298467732,0.9992625442423493,0.6981224298467732,1.0,14752.095963,14134.651997,28875.86894189467
MATgk4zXLXtYkwBH678J1xZbRDZ45LicNzkRBHkxTuY,y8dALFo1bJrSzPYjMX14HJX448pXqYmrfXHD1K8MXih,GN7Yuet3UyiWS5YVkEHv6oQKi4HGBJc3XDPt9zQhAqZz,210.61273299999993,210.6582069999995,210.71134590988578,1.0004682191265513,0.08428453836395432,1.0,4005.413701,4088.596314,8095.885426304559
BSCNHw8CmxbZ8hCWWzMf5FaG2ajPT6JxfznKUNuRVrn4,7n9kgNL633yGzCYksgnzHyjG73ZLBAwvEae5sbAekbzW,SscdxE99omdG9AiMVwmaEMQySQnCgeAh1sPj2Leutm2,74.13796664900019,74.28919592900047,73.73332039865201,0.9945419834311893,0.02949332815946081,1.0,7810.482468192,3906.764609427,11674.617334897202
MATSnbbiTCv7Dc3trJrkrqjx7ckKdr6fwPoVwv9q3sD,631WX9JizSHJm4w6VanZeJAst9T8DeUUnPLesdGkCVtK,211maUSfpnXbPuW1iBu8b4dtJv5EbN1j7JJiEX5TZKEP,2518.134917000003,2518.577266999997,2515.4861101260403,0.9989481076426523,1.0061944440504162,0.9970616592900722,23602.45783,22006.571884,45519.539662941286
BUSDgu5JdqP1rndBvXvanbEufS94FNh1w5FJcAj6vawb,Bgzr8cWubt89JQFXndVjtdKmDbGzuPxNhvjH1EhWCwbo,Dxaf8xPBBQsasRKW5Aa4Sw2YrbfGofY9xZueyyF23FBW,6367.851598880001,6369.65347336,6364.370733594676,0.9994533689689098,2.5457482934378706,1.0,7636.73208732,7613.90865977,15246.466272354948
MiMy69CnJDY4V6cQWkU3HHfTyb8pqXJmhX4MisFYDnM,,,0.0042204860000000025,0.005111000000000004,0.0,0.0,0.0,1.0,7636.73208732,7613.90865977,7613.90865977
Lid8SLUxQ9RmF7XMqUA8c24RitTwzja8VSKngJxRcUa,4PgzyzLtds9bKZ2to9PMnKqJzKEUpjvNUaeN23phegax,AtymwxoVN9peZo7EXTcDz9jKVc4vRmisJKKrNfe3ewBa,26.881079166004156,22.69305953500009,4681.64509434567,174.16135213300635,0.46816450943456706,147.00931598035368,956.109305988,7631.417496922,1288406.7557008264
RajgMbScQbqqrdJfR2rxfHJiTiY5b6bJ2tTXiF4aPxy,725ZA3fhyBAKb5iopNRrcbSuQa3LXA1656Q3mBvYPxeg,GLA6i1dSZpUfk2f9Nj8uiG7xyDdAR2reff8oEiZH3617,23412.248240350003,23405.68613263998,23420.66094176028,1.0003593290710022,9.368264376704113,1.0,84563.01517569,99704.74785174,184298.14897711424
ALLwa5WNZbvQsRKAqe1jdRGemdYQnW8E5k4msbRFcYtu,CGoM82Hbz7QVqTgvQatYtjvDWBvoUJp5qm21P8iMs9yb,3dxNNww8TivyN5FMy5dCNdi3Zcxv6e4kUfSPxfFwpdNq,3.9657204899999994,3.967055574999997,13772.253828789719,3472.8251432540374,5.508901531515888,3482.80365694384,6.600155796,2.173577248,30491.329785726994
FrnkTEL6yZ5Aycq2TrEgu29dCrwKG4LPUZydfiwqspkc,DjvZuMZ46fxKBoBpGMPcRcos4xdTtHFxwMh69DpA2ZFY,9rvDPJLAng4uVVqnnSoEXgNDFhBZQTny9AoQioYDZbQX,11.099406168999991,9.14300002799996,1985.0033324802712,178.83869661642552,0.7940013329921086,147.27037308887236,166.520791946,1447.281920643,242922.10980903197
KEVpg4SYCVrqFxKijQH6hm4QxsRdoE51ud64bEEFUC9,2bPenuBYfqzD8p5dFjCcggwkHDsc2RQDnx9AoyYGUBjA,AE6n6iLuX8oYu61vt5hoDYkjswpnxFxrhSehxrnQTnbx,3918.9571111699997,3922.7927495579993,3911.3654441952253,0.998062834892187,1.5645461776780902,1.0,5761.439833899,1795.193288729,7545.472262411007
NorjjEePhxfwLF4vZjUHCrVVKLzQjEEGQFd3wgjEJmh,34M8pFVqgbV7aqHxvRT5tCv3vu2P1JJYT8J3VaxBK2oG,3AZWBSze3ucsY3xSeuLne3b2pauVqiaJ1SZSV5T9WGWw,0.7207410000000891,1.2799999999988358,0.4061812456042774,0.5635606210888893,0.00016247249824171095,1.0,38258.917487,2118.447059,23679.666360162286
Cob4usZcpHEY7Qt4ZCwj6WVg9S44zvzYV2v9qYF65dTf,NhFM9UXE48PyNAyeyPYA3iXztqKVJwA4bTdLj4ysM8w,6TuFuynuBoeskxyR2cz4wxyidk8dpDK7kAWw3UkjQGx,1.7589260000000024,292.96953100000246,0.010538533952163243,0.005991459533921967,4.2154135808652976e-06,1.0,38765.980746,72.827325,305.0921299324571
MARpDPs5A7XiyCWPNH8GsMWPLxmwNn9SBmKvPa9LzgA,6YjT74rmcfCpw8LSjPNx5JTmZoYLGrTKnf9arfSgZ4SR,F8GSmi3vA8M8TsybLya1LQ4n1aFHCRbZ6k437PeTdXtg,30490.409333000018,31907.472260999843,29006.025954764922,0.9513163840464243,11.60241038190597,1.0,297461.185994,15537.601026,298517.3008799729
BkwbeSfcX1h4thMDd7obGkHrPevf3QwgzJ4pCEqG18Lu,35yX27bmurdebhfAb8EPmjLETDiUaEUCn9zHaDPbakH2,2CxECn1ZJFoESyUnQysQU8rRgT3iJ5GRs2Mdd6gZjx5g,0.0027186300000003882,0.0023283600000001403,0.0,0.0,0.0,0.0,1.55893768,21.09208243,0.0
C2ypsDADXcCRz8HbV2zX1AXPSja7a1P3xZtRC91xGhJh,J9bYNuDpY1d1T86gLaw7DGk5D3CsUAf2tzUwxMvb6FTv,A2NGvvPrMGzsJ4jb52KEnSBVmsA7C34dV1GC7PerdgvG,27.92693928599988,28.34707518199957,4113.160283696282,147.28288845309518,1.6452641134785126,149.56994900412587,2791.025872797,1012.804167795,562555.4200211274
GokA1R67GqSavkd15zR62QD68Tuc5AEfvjssntVDEbM8,3YB7hfpBdbQEuZqLGWVDpRPmeZWCUsrrWyqGXegnQ6Cg,4DPCj6Z1DsG6HUtwSogBGqXEUxdEV5a8YVrrFtcnz7UW,6285.479381000005,6286.006399000009,6285.491951983909,1.000002000004,0.6285491951983909,1.0,17811.945412,14678.309192,32490.290227962072
