0,1,2,3,4,5,6,7,8,9,10,11
JSoLLrxK5bYdHwTEWYaGgmeycBCNXKDiBCTw5hXGBg7,xG4wXczA7Dk4hccJ61CHKpDHW4NrNfQwgmWgkb9BuF2,BVR6WgfhsRr9Lob4QDnkEAiNGgAbv7ZieKcY9kSg3QYR,0.21686119700000006,0.19159381399999376,32.42115711765754,149.5018821539454,0.012968462847063017,126.18286976691248,17.342839129,171.891833719,24282.59195983894
DFWzVTzNBrQZLjoQ4yQwkj9HuoXmfkuZP9V5vbymZe23,DhgiEgiNdqZdRdo195UUHnoEJUtefK8buko8nU97XJUZ,2K2kkXsouBHtWVjtcgkyiXd8eP3oVBvq1bTJzcVdLLr2,0.1143149400013499,0.11520900898904074,0.11347669525642923,0.9926672336537047,4.53906781025717e-05,1.0,40276.858620786,27699.494031259,67681.01185861601
Lid8SLUxQ9RmF7XMqUA8c24RitTwzja8VSKngJxRcUa,4PgzyzLtds9bKZ2to9PMnKqJzKEUpjvNUaeN23phegax,AtymwxoVN9peZo7EXTcDz9jKVc4vRmisJKKrNfe3ewBa,25.063212843001338,21.15076396599966,3728.2954804156197,148.75568841752508,0.372829548041562,125.55501594799811,956.147173123,7631.242198592,1100373.0669136373
RoBgmK8CvjdHvPrqdDyVw54VwjZv2TqJ493xnqJAQHx,ExiHJxM7qPAcy27NDHAF6G7vnW7muNHi2sVJpnaNynGQ,6rkPHSqZb7StM4HwS9EuVrmfkV7tRdc7dnsFhyB6cefE,4.823301999999831,62.06516599999999,0.0,0.0,0.0,0.9388948456550762,6381.971195,17.121226,16.07503084269568
CZgvH45CRmoaNJ7395Ao5CQZXkGznvqU7cErD6n7FaRg,4ZjU6MKvtqVQKCiowhvZ5yUsPxXX5SCzd5eFsPeXyey5,BsyWeshjDbCvjDojry3vKDCesmFRM37WtwcR4Kfgzqr,6.445142069999974,6.352037920000043,6.694828441609461,1.038740243255722,0.0026779313766437845,1.0,193.20270034,613.03064696,813.718066908834
STK75uPSyBnEhGTTzb1nwmP3n427XoXmfRhXxxhyady,6TYyD5fUmDe6N65avW1Ny2RxzRNobw2RRgKwH9CTzSAU,54zDfk4cx2vGrEajPtodWpArNe5eUurytyxd4X3aZAxK,172.0297111969989,195.59694489799995,21761.866764350314,126.50062953038285,2.176186676435031,143.90694401372298,1598.031277068,269.002655483,240863.31264047854
Lee1XZJfJ9Hm2K1qTyeCz1LXNc1YBZaKZszvNY4KCDw,9DgFSWkPDGijNKcLGbr3p5xoJbHsPgXUTr6QvGBJ5vGN,2hNHZg7XBhuhHVZ3JDEi4buq2fPQwuWBdQ9xkH7t1GQX,983.1489082929693,821.2274343610115,149038.93667092128,151.59345182989213,14.90389366709213,126.58546715290677,6528.644277857,54074.587942192,7834756.69761313
C98Sspw7XqnMsgxea3SLQVdbMDL8pKUc3RE82UvX9eq2,CSqgQJurPCzGxb4Cgwx5R61hWQUiaoUHcShNc8r1cKEL,6S2CR5EnukPhC914XkAns8m5GixjMAoUuZMsS5ubHuWc,23.56457199999997,26.582914999999986,0.0,0.0,0.0,1.0,663.658412,66.425359,66.425359
SoN9GaFpSXfpyR5dth3x7PHPVhvJMpQqqDJfCSmPv1t,9kZ9iS68ViMPtoeqtnhAKuF2iqVyfHPdZHoUNdwCELr,BBhm5fJLjw3HRzjtKB8uMEYjGhY6EDm9co3cqpjrSzB9,0.15182807700000112,0.14854662600000035,23.290840829485525,153.40272556758626,0.009316336331794212,150.0484731592541,3.03126957,5.167037337,1240.3110771417935
AUSejoEUCh2DBs9mof6BNC8Pubs22w4cJa1ccV9h44R,4xkyD7AfGQDwsQMy9MosRRNGoVJ1zosNinesxg1TzHG7,Cbm5gsQe3nSiCsFrvepVzMCD9xLK3ri9g3ypS2hdmVJ7,39.706215999998676,39.661566999999195,39.75523420377193,1.0012345221658305,0.003975523420377193,1.0,14025.638486,14858.31978,28901.27322760089
HEDSDjj84KS7LKhZY7ejkCACTdPen62rKhCby1wXtgxc,EnnjMSFttpCTywBrYNt1J5QQeoSVkvzPipJDa8Y7kJow,6bjVT6JN2rSvpyn9PdfLYC8wJn4LWh49jpY47fnLDXZk,7.986803601999782,9.03051872800279,7.068064628120667,0.8849678770554624,0.0028272258512482672,1.0,43595.550131555,4590.468955971,43171.13040495822
BSCuChvaSj9b5HUSqgDVRzcnr2sSn7cXaamt1jbKH6hn,GnKpRj5kBVPMJfiwZtEuD9GYApLzPdW5JFuZTcyX4BTc,3dmwD9okkomV9nDwyuh4UMhKdUR13QpuKxRo89ycZB5t,33.843868982000004,33.99803765699994,33.676678082757135,0.9950599353953358,0.013470671233102853,0.998942120294608,1926.871733236,1081.984909989,2998.1931625000952
Cob4usZcpHEY7Qt4ZCwj6WVg9S44zvzYV2v9qYF65dTf,NhFM9UXE48PyNAyeyPYA3iXztqKVJwA4bTdLj4ysM8w,6TuFuynuBoeskxyR2cz4wxyidk8dpDK7kAWw3UkjQGx,7.723355999999981,1412.4005399999878,0.04359538864121239,0.005644617267572865,1.7438155456484956e-05,1.0,39264.438095,69.934054,291.56677927258283
heyk4SZTeCUV6a65WiVA5bzic3KcxgVf1qxobfeV4tQ,9ZDpBKPqMABtGfq66FbVribaArMvtk63xxy91onZAtDt,DaTP4s6N7xxSPinbNZ3FB52EpRDRt87QShTuN3VPCW52,1.1897824999977047,1.025430821000441,174.88887748848126,146.99230950935876,0.06995555099539251,126.62683830512509,606.33187281,4496.941000493,658559.5432505911
MATgk4zXLXtYkwBH678J1xZbRDZ45LicNzkRBHkxTuY,y8dALFo1bJrSzPYjMX14HJX448pXqYmrfXHD1K8MXih,GN7Yuet3UyiWS5YVkEHv6oQKi4HGBJc3XDPt9zQhAqZz,678.5429939999995,678.5468789999995,678.6081403814761,1.000096009216885,0.27144325615259046,1.0,4229.602997,3858.965641,8088.9747188714755
BUSDgu5JdqP1rndBvXvanbEufS94FNh1w5FJcAj6vawb,Bgzr8cWubt89JQFXndVjtdKmDbGzuPxNhvjH1EhWCwbo,Dxaf8xPBBQsasRKW5Aa4Sw2YrbfGofY9xZueyyF23FBW,11359.74432035,11462.332739190004,11280.532197647477,0.9930269449321476,4.512212879058991,1.0,10617.5230373,4615.49736138,15158.983825856714
MARpDPs5A7XiyCWPNH8GsMWPLxmwNn9SBmKvPa9LzgA,6YjT74rmcfCpw8LSjPNx5JTmZoYLGrTKnf9arfSgZ4SR,F8GSmi3vA8M8TsybLya1LQ4n1aFHCRbZ6k437PeTdXtg,10188.000354,10888.9926559999,9565.461019902692,0.9388948456550762,3.8261844079610765,1.0,299172.471949,13776.501564,294667.993438804
KwnjUuZhTMTSGAaavkLEmSyfobY16JNH4poL9oeeEvE,J63v6qEZmQpDqCD8bd4PXu2Pq5ZbyXrFcSa3Xt1HdAPQ,BnKQtTdLw9qPCDgZkWX3sURkBAoKCUYL1yahh6Mw7mRK,540.9129580000001,34452.37063099985,9.243934635651588,0.017089504880472072,0.0009243934635651587,1.0,280830.60652,514.279905,5313.535925709472
MATSnbbiTCv7Dc3trJrkrqjx7ckKdr6fwPoVwv9q3sD,631WX9JizSHJm4w6VanZeJAst9T8DeUUnPLesdGkCVtK,211maUSfpnXbPuW1iBu8b4dtJv5EbN1j7JJiEX5TZKEP,4142.072556000003,4144.516387,4134.861357792013,0.998259036240796,1.6539445431168056,0.9990069870548676,24685.045662,20915.002416,45536.3034399616
KZMu9QBEdL97EFgamLbN5DE1AoKBG4HdrKKJo4Vuon3,DD4ACBWyVqdaKWh7v5btsgqQCCMwbKnuL2xd9pv7Gyuw,GcYqiJ1MAuYbNTNYXm1F1gQYTfTgkErACAhNU5dpVj9T,0.6081109900001138,0.6033005300000696,0.6134542686986191,1.0087866833298051,0.00024538170747944767,1.0,1241.07853619,1849.52722112,3101.5107213949195
MAR3XM1n9xWPQ3HJjAcC85o8DopWFP5p2WxGTaZ3fPB,6qG7GUhER8Cg9gDEgnebph9LdS6eu2eoWcA4R7z9uizK,4QV4CwRXVMY227KkFF9voNAfwWHVvVajXSXDKbUHkWZR,0.00443700000000001,0.2470150000000011,0.004165876430171583,0.9388948456550762,1.666350572068633e-06,0.017093256809329608,0.094134,25.170867,0.5186340211453748
WiiQFxXqp8P9Fs1rt9SVcDyA3KUdJmUsog6wnVQAwba,3S2jpqSYxho6wiz3cafhjXruVY8cg4HYa2v3BqBHYFSj,Dfe67M6TfrG74gKRtdqys4e6E9QirPD53BkF4FujFjuv,4167.787082663002,4159.62854184,4179.488941185201,1.002807691057654,0.41794889411852015,1.0,5372.999578301,21490.819469767,26878.904770936773
C2ypsDADXcCRz8HbV2zX1AXPSja7a1P3xZtRC91xGhJh,J9bYNuDpY1d1T86gLaw7DGk5D3CsUAf2tzUwxMvb6FTv,A2NGvvPrMGzsJ4jb52KEnSBVmsA7C34dV1GC7PerdgvG,11.005842030000167,11.15877021200049,1394.6027149906317,126.71476759244477,0.5578410859962527,128.41274527315895,2882.370234923,1086.108657137,504709.0687615547
B2izdXFYb2sNwbWWHmh75T4aQFtfXsUxem9u2p61HGzf,4DYwgJtxwuJdAjkj5RJSNH4e7U329V5cNp7d3a1nLrZv,EXNW64GEf1ACC6xY9BtKRiunrs6GoJSXBdxWN2eTPmrF,2494.8966730000066,2480.136905999996,2508.2682510463346,1.00535957187768,0.2508268251046335,1.0,13227.709392,26502.557274,39801.16152526349
Dg3mAgpwDfVNnbGWcsxL8sUcSkEbjSJQhKAWNigG44Ju,EATxwd8YA2wV93VJcKMmH2Kn2Y9XfJVUB9hHVu3udwEy,GiGvrRi7NMHfHKanG2B8xyCEqe8jaafWins8bhrLVEaa,0.000338493000000023,0.00034266900000001765,0.05200055734689714,153.62373031907188,2.0800222938758858e-05,151.54167130763037,0.195660811,0.264010797,70.06678108371442
SEQV6QiTpvTzrceiaYg9Avnwf7oc8ZALpnQMz6TyT4A,3dFMPj4r9mMmPHF32mz1gNDX7f8ftidWof7S8YiYTs1j,Fc1ED3YPeQfXQosHbd8DTaBd2AV5gHQtwiSAL5C5pUhi,1464.71370235,1465.8127938919997,1461.6145372719902,0.9978841154602176,0.5846458149087961,0.9993324459261215,3715.399095758,1850.676830299,5556.979143693665
BSCNHw8CmxbZ8hCWWzMf5FaG2ajPT6JxfznKUNuRVrn4,7n9kgNL633yGzCYksgnzHyjG73ZLBAwvEae5sbAekbzW,SscdxE99omdG9AiMVwmaEMQySQnCgeAh1sPj2Leutm2,145.03968299199914,145.36000504300137,144.67374074726706,0.9974769508786622,0.05786949629890683,1.0,6743.968001115,4968.414800559,11695.367439134458
FrnkTEL6yZ5Aycq2TrEgu29dCrwKG4LPUZydfiwqspkc,DjvZuMZ46fxKBoBpGMPcRcos4xdTtHFxwMh69DpA2ZFY,9rvDPJLAng4uVVqnnSoEXgNDFhBZQTny9AoQioYDZbQX,4.060185457000443,3.3495042110000384,623.8413685348853,153.64849097207562,0.24953654741395415,126.7538293599388,167.547017952,1446.194544568,209054.04299864278
KEN5P7p3asnb23Sw6yAmJRGvijfAzso3RqfyLAQhznt,9zj4aX38Uxf3h6AUjS4EipWS8mwbEofasHAf3a1uKGds,CwQDG1MWunn9cLNwcZLd8YBacweSR7ARo32w4mLua1Yr,90354.94578500139,90364.42134100001,90316.2001351434,0.9995711839620802,9.03162001351434,1.0,981770.409098,953226.505502,1934575.9157030238
ALLwa5WNZbvQsRKAqe1jdRGemdYQnW8E5k4msbRFcYtu,CGoM82Hbz7QVqTgvQatYtjvDWBvoUJp5qm21P8iMs9yb,3dxNNww8TivyN5FMy5dCNdi3Zcxv6e4kUfSPxfFwpdNq,0.1541281730000006,0.15412481900000063,510.56106068636745,3312.574532926991,0.20422442427454696,3314.836545409946,3.85006252,4.918615113,29058.02418330679
TETFuZgEmET6d9vYmz9iMFCxK1jKdKYxf3oPz8hSzJK,Eu1Ze6Z84LWNkq7SNoAHBJbXx5t1P95EwyqYohrfCRFV,ASMbv7WNu3qe4pkhREmvyEdwFNDZQ6B6iSrjkj4u8bdC,218.52802632599997,219.060685504,216.78648015874447,0.9920305592077353,0.08671459206349778,0.998569050550561,217.875969789,34.463633007,250.5539374380323
KysFMBBoavfov2tLpvefWW6tPFt6rAeZWDJVy1mMQae,B8ka2V21TH3x64dFV8ETcjuQcwmrciJ2qzy1mJUttRew,7fSf7EYxBANyxzk2s5pymFgshA91tFYQNKKs5UnLWcYS,53.67316600000004,65.90870499999437,0.0,0.0,0.0,0.017093256809329608,130548.542391,3108.563235,53.13546968389542
daob129AwBGn9Y5r91uLoWZeYiGzbPmksauMhFZKTze,6VW5GQNyj4LStgmxEHLr5zUfW92vQnmbw8jTnCH7a38F,4VPCCUifPeBA1c7HWK358CHn2nyjm8pdTRk6Ps3KmnMQ,5.832305012999889,5.21203632699995,828.7860500945819,142.10265893969247,0.33151442003783277,126.83062568972079,48.038148064,224.649989686,35318.84732349774
ACUSESXyNnwRLAg1dpSGMLSzUDdLjUMybY8rkXiAKhCP,AhFPQdu8GKBsxuhiH46UmCu1YpaLgNpoP325HnYtsgas,A8wxWpT3aFEr2XqZp1kDmbxbFfcBE95UUmdsNTDBJYbT,3.199151241000436,3.174151033000271,3.199151241000436,1.0,0.0012796604964001746,0.9873723761961423,1032.676936669,1854.010571934,2863.2757605722422
AURHmCnNwiW4uA2Qj1XvEh4iKgRUZYXtiY7FKAapUV5Y,BKWm4TRnTeKwfWXRyuzjRHU7iZDkPuXBX5b5V5jSVfGJ,A5Ww74HVrkj9nPeC7pHKLfgeDMEhBCpW1efQdz3TGLEg,0.01618578800008663,0.014801462000036736,2.3331349868864493,144.14713617118682,0.0009332539947545797,126.99496388771207,272.430349295,1806.89425067,268736.5247697416
ALBpShJ9NLpE739pcHDF2LNVk5J4VYPvvKuV6jMPitZi,D6d156U1bPiJpDYRLextvDRccgFk7QzkQbJg42ceKEu5,GNcM8U5g8RwTZffwwm3kSQqUNPSwv5d2fbN9sLxPJqt2,3088.2199380000093,3091.677496999997,3083.6407315137117,0.9985172019550967,1.2334562926054846,0.998213198374909,54376.578241,45984.754907,100198.53802929848
moFiBS1R4Lf3E3zzmBPnw3NF4RhWPkhREFviuzUaCAU,44ALBrpqi9PfZkBRTvbtRNtFJGsatfY4QydjtMbFWq8S,2ho8qEEie1UjVwWNBo9y4oAJZMyMLx8zPj9bxyUz6uWs,0.27274364300319576,0.27284828999472666,0.27169699255797747,0.9961625120435674,0.00010867879702319098,1.0,42268.762218052,22175.560433373,64282.11678547991
SoNcU2iwHMw6dGzsYNQkYFkUjwN1UdAjrWVRnStrZu2,8ivTTid27jZnYNc4w3CTA1Z6QS2twsFb8WMwUabeDJgc,CyXm53PMvHCbeXJBykU46Rcbo28xk5srhMZFg7gv6EYB,0.48303739399999834,0.4782540789999974,73.45299425514293,152.06481975832946,0.029381197702057167,150.38595804201694,11.703914745,15.276942472,4077.191315769778
parEAJhzYzHW87y9VoZAQ22dzQ2MD2ekEtTReaxbMcz,3oyc6hpjYSJEquK6dSvG72NXyz3pqLZz5D8AC71pwgQb,Di2vordgFJVZ1aj1aBpvzXtLfZgJsuLLXawGtVFwX6Rz,0.023725011000010454,0.028193853999937346,2.9511245489676794,124.38875366449268,0.001180449819587072,147.43332585846372,1105.701545077,137.312828533,157781.32411068506
BSC8REUo9LpiiWUuqMuLXs2D2yJsJfGd4HdiF3wCLxk5,AZjEH1zWVx1UJ6udMyRijGTzPteuLnaY18yNNmprJEsh,Caf8ypkSVR8xYnXNhjvfvdGCC7mrM3C11rz8Xi6NA6aK,4112.100262374999,4130.352892628001,4098.618059101868,0.9967213340111157,1.6394472236407474,1.0,3772.812750991,2460.905611106,6221.348569247897
RajgMbScQbqqrdJfR2rxfHJiTiY5b6bJ2tTXiF4aPxy,725ZA3fhyBAKb5iopNRrcbSuQa3LXA1656Q3mBvYPxeg,GLA6i1dSZpUfk2f9Nj8uiG7xyDdAR2reff8oEiZH3617,15178.302747589994,15186.83221949001,15173.263251666218,0.9996679802737116,6.069305300666487,1.0,112001.76118159,72247.05825545,184211.63264294868
vEnkoSUkpnbRrPgBz9DfcVxNz67zjwMYBZraAvDDNSf,DtfyjjsZ5yCjWKLKHvwsfXs5QVsmm1QkK6Sh9JZHoq1g,e5wrKCRv4GhHvEf1VD5Pq2KGaZDXP77nTL612Jyrxwy,6312.62349199999,6314.745170999997,6294.3133345099,0.997099437735627,0.6294313334509901,0.9954131362680767,12685.881745,8502.870364,21112.95441143028
7dwD9TF6uikvHXxPFK9AsSim54yJoujQjY9vU6gNFumk,CquVr6atkvwueDYficKjn6SSEWq4F4rH4VSiBbW4GBWU,8BCa6ge3b7ho3TfZuM64Vk1hgbrJ3J7EPiAb9uP86CGd,0.0002542240000000004,0.0002565499999999995,0.038307227508683164,150.6829705640817,1.5322891003473266e-05,152.32440956012366,0.004123496,0.003393266,1.1382178663195512
Sid7E679i9ABqptiAVhkmQ27YHN8vaYT4fppPwmxFsJ,GP7KB8o1bv527HG8kTzzzf4wJ5aEGHvcMQvVhLziUfmT,9gYxhAZ1M9wu5pxr8SBoa5NDm21gi3s9vMHaYTME77sa,582.5485610000051,1280.9605130000164,3.270512122480283,0.005614145054046841,0.0013082048489921133,0.016995157280918275,135760.757556,8782.697342,911.4439082446625
7oAd7xG4m3oC2qeWB1szghTebAZyyGPAFDJ4wwwbRSNi,D9yh4KAysxt9GLacVe4Wwh2XqghhcjTCSTV9HuM7TBJd,HDYfJLpZKaMFb84jM4mRytn7XLR8UFZUnQpSfhJJaNEy,0.4049772440000652,14.076851182966493,0.4049772440000652,1.0,0.00016199089760002608,0.028805663698158283,1088.762117111,293094.489500427,9531.543413443684
BUSD5rCfUDpCxKGMvYU2yThChxgHoioK74PTPociGnv2,CcFHbafgYDZ8yA8Me1PdtDiVb2eeaS61LbqyKKK5CsNZ,26R9s4nmF3CFDTkiePDwRmtscn8i7r2eygbSijditJ58,247.39973883,248.20001046,247.06225179404933,0.9986358634105812,0.024706225179404937,1.0,79.42559623,69.04037314,148.35762200804623
YAkoNb6HKmSxQN9L8hiBE5tPJRsniSSMzND1boHmZxe,CfWX7o2TswwbxusJ4hCaPobu2jLCb1hfXuXJQjVq3jQF,EnTrdMMpdhugeH6Ban6gYZWXughWxKtVGfCwFn78ZmY3,2959158.42687901,2957558.4935900033,2959158.42687901,1.0,295.91584268790103,0.9991836669441067,448188.030533,1333691.511559,1780790.80562475
GokA1R67GqSavkd15zR62QD68Tuc5AEfvjssntVDEbM8,3YB7hfpBdbQEuZqLGWVDpRPmeZWCUsrrWyqGXegnQ6Cg,4DPCj6Z1DsG6HUtwSogBGqXEUxdEV5a8YVrrFtcnz7UW,6601.599437000008,6603.836716999995,6599.863672854048,0.9997370691508134,0.6599863672854048,1.0,20759.413628,11714.391607,32468.34694474617
KEnkcdADoLR5jS2CLLLesy8TtFsyWL37BhXNfDMzWzP,3qsjFRuw1qeLMPo4DLwaQevenGAGBj9dA3Q6rb8ax2YR,77iEv8zPQAEyCcEbvBRSB6AFcUdfkhiqnAKtPxk76rNN,0.008868999999999988,1.5781679999999767,4.974046151778909e-05,0.005608350605230484,1.9896184607115637e-08,0.9991457304005075,129.823311,0.226229,0.9541303842626517
BUSDTd9WiT6uBHJRgNvFXBsA7JrifsAtWzKfioN7ERcy,DyBxrn7gSc1EwnpWhDyhzvMHPtxpmBqRqotapLcKcfTM,Cds99GeBgoCpqBsoRWu1C6fF9LiUMd4pXQQD24s9LPff,179.76083576000002,180.25753080999996,179.3377350020737,0.9976463129127237,0.01793377350020737,0.998942120294608,103.87392419,82.31821745,185.86057215430486
SUiuyGR7SFq3xeRVJonq84fjjeFwRSsFekcevJ53tzy,49GjCCPsv7fBqo6t3iKDrP1xxGDS8uWZbVCdfnp2gjMf,CEwj5xEbbJEjYqM8D6Ai8ByGz1mrh8mkAVsE5fzDSSSx,4.033464999999987,7.442660999999937,0.022619850130177217,0.0056080442324843004,9.047940052070888e-06,0.9401367899029309,694.65054,1.309109,5.126372487332141
wrmcMSHFi3sWpAEy4rGDvQb3ezh3PhXoV2xNjgLBkKU,8p4mGnARWPBu6P2Gcw4adodLkNDorrXniZMhaY7eJXUn,AyY89zccbsgp9LKFgH4CFZMJmpSgqmPSdTfukhP227rc,0.0032267400000000057,0.03851124999999911,0.9054059362601241,280.5946361529353,0.0003621623745040497,3317.629885210006,27.18782972,0.08615492,7914.589325421239
