0,1,2,3,4,5,6,7,8,9,10,11
HEDSDjj84KS7LKhZY7ejkCACTdPen62rKhCby1wXtgxc,EnnjMSFttpCTywBrYNt1J5QQeoSVkvzPipJDa8Y7kJow,6bjVT6JN2rSvpyn9PdfLYC8wJn4LWh49jpY47fnLDXZk,16.822885325002062,18.683259485002964,14.895238513704014,0.8854152082679186,0.005958095405481606,1.0,43584.173101257,4600.548993475,43190.63869710948
DFWzVTzNBrQZLjoQ4yQwkj9HuoXmfkuZP9V5vbymZe23,DhgiEgiNdqZdRdo195UUHnoEJUtefK8buko8nU97XJUZ,2K2kkXsouBHtWVjtcgkyiXd8eP3oVBvq1bTJzcVdLLr2,3005.680306084003,3021.8099692299947,2995.314994582729,0.9965514258185434,1.1981259978330918,1.0,37260.754998455,30699.472877251,67831.73139803675
SAMyS8Jr2HJrkFwYVKbpUwsNStnQmvz3f8Tup8bWUWF,6jPzm5TFfquvgm25sTyN3MMGBfufRaFHMxobDWv6hMFW,Cj9ECoDmxsHTDzCY5ZA6RWrPbg9uFzEC1Qc2kso2vJG6,1153.1709599399965,84.84915222999263,1163.3218974189324,1.0088026301663582,0.46532875896757303,0.0,423.81860843,111890.58275497,427.54932689762984
SEQV6QiTpvTzrceiaYg9Avnwf7oc8ZALpnQMz6TyT4A,3dFMPj4r9mMmPHF32mz1gNDX7f8ftidWof7S8YiYTs1j,Fc1ED3YPeQfXQosHbd8DTaBd2AV5gHQtwiSAL5C5pUhi,1875.564141115999,1874.2462257539996,1877.0333702162022,1.000783353161854,0.7508133480864809,0.9995561970485104,1366.927545301,4200.861626726,5566.995604252897
AUSejoEUCh2DBs9mof6BNC8Pubs22w4cJa1ccV9h44R,4xkyD7AfGQDwsQMy9MosRRNGoVJ1zosNinesxg1TzHG7,Cbm5gsQe3nSiCsFrvepVzMCD9xLK3ri9g3ypS2hdmVJ7,1841.7225299999955,1834.2578939999985,1848.8869669971093,1.003890074036893,0.18488869669971095,1.0,13034.943512,15851.815618,28937.4660253284
moFiBS1R4Lf3E3zzmBPnw3NF4RhWPkhREFviuzUaCAU,44ALBrpqi9PfZkBRTvbtRNtFJGsatfY4QydjtMbFWq8S,2ho8qEEie1UjVwWNBo9y4oAJZMyMLx8zPj9bxyUz6uWs,406.7983744680023,408.55579565600056,405.0678896077594,0.9957460870818229,0.1620271558431038,1.0,42677.318013708,21768.762058905,64264.534478201334
KEVpg4SYCVrqFxKijQH6hm4QxsRdoE51ud64bEEFUC9,2bPenuBYfqzD8p5dFjCcggwkHDsc2RQDnx9AoyYGUBjA,AE6n6iLuX8oYu61vt5hoDYkjswpnxFxrhSehxrnQTnbx,907.1820652730007,906.7176214529995,907.3972499938506,1.0002372012510907,0.3629588999975402,1.0,2741.017383336,4807.073250179,7548.740806267589
DEDaBEWzMCXohXYXoLzB4jK1xqMsd3SS9izXp2xvg9pe,GC5zHpW5GuVdw3C7covC6viyGdLS8ZAaVGDKMeru7p78,F8juxtAFueW19vxkdDArUkjVWAv9QV6yy1wCXUWQiXvh,18442423.53561381,13627.99111700942,18442423.53561381,1.0,7376.969414245524,0.00018509693866177896,538.14620707,6680205.59856542,1774.631812995736
TETFuZgEmET6d9vYmz9iMFCxK1jKdKYxf3oPz8hSzJK,Eu1Ze6Z84LWNkq7SNoAHBJbXx5t1P95EwyqYohrfCRFV,ASMbv7WNu3qe4pkhREmvyEdwFNDZQ6B6iSrjkj4u8bdC,250.91153031699994,250.45945685700002,251.663332242635,1.0029962828917636,0.100665332897054,0.9994822681850801,41.346774437,211.106783046,252.4681474179469
Lee1XZJfJ9Hm2K1qTyeCz1LXNc1YBZaKZszvNY4KCDw,9DgFSWkPDGijNKcLGbr3p5xoJbHsPgXUTr6QvGBJ5vGN,2hNHZg7XBhuhHVZ3JDEi4buq2fPQwuWBdQ9xkH7t1GQX,645.5893693589414,539.5110402829896,106040.24953359285,164.25340094879334,10.604024953359286,137.17505800790266,6522.564669588,54081.630847075,8490004.278497763
GokA1R67GqSavkd15zR62QD68Tuc5AEfvjssntVDEbM8,3YB7hfpBdbQEuZqLGWVDpRPmeZWCUsrrWyqGXegnQ6Cg,4DPCj6Z1DsG6HUtwSogBGqXEUxdEV5a8YVrrFtcnz7UW,33197.06808499999,33190.22106800003,33198.163624399596,1.000033001089036,3.3198163624399597,1.0,16542.175591,15935.126814,32477.848314809526
SUiuyGR7SFq3xeRVJonq84fjjeFwRSsFekcevJ53tzy,49GjCCPsv7fBqo6t3iKDrP1xxGDS8uWZbVCdfnp2gjMf,CEwj5xEbbJEjYqM8D6Ai8ByGz1mrh8mkAVsE5fzDSSSx,0.09497199999999961,15.695517999999993,0.0005505587601564176,0.0057970639783980525,2.2022350406256707e-07,0.9598992489748276,693.687629,1.314942,5.28356340458171
BUSDTd9WiT6uBHJRgNvFXBsA7JrifsAtWzKfioN7ERcy,DyBxrn7gSc1EwnpWhDyhzvMHPtxpmBqRqotapLcKcfTM,Cds99GeBgoCpqBsoRWu1C6fF9LiUMd4pXQQD24s9LPff,45.35727007,45.50903613,45.117067255104494,0.994704204760895,0.00451170672551045,0.9992615457177145,123.31413886,62.9738931,185.588482189479
MARpDPs5A7XiyCWPNH8GsMWPLxmwNn9SBmKvPa9LzgA,6YjT74rmcfCpw8LSjPNx5JTmZoYLGrTKnf9arfSgZ4SR,F8GSmi3vA8M8TsybLya1LQ4n1aFHCRbZ6k437PeTdXtg,228648.29240800004,231430.74674599996,219519.78180156377,0.960076191646569,87.80791272062552,1.0,295884.200488,16999.245862,301070.6222349089
RoBgmK8CvjdHvPrqdDyVw54VwjZv2TqJ493xnqJAQHx,ExiHJxM7qPAcy27NDHAF6G7vnW7muNHi2sVJpnaNynGQ,6rkPHSqZb7StM4HwS9EuVrmfkV7tRdc7dnsFhyB6cefE,6.971118000000221,66.81105099999971,0.0,0.0,0.0,0.9599241275969547,6354.514166,17.527599,16.825165178944253
AURHmCnNwiW4uA2Qj1XvEh4iKgRUZYXtiY7FKAapUV5Y,BKWm4TRnTeKwfWXRyuzjRHU7iZDkPuXBX5b5V5jSVfGJ,A5Ww74HVrkj9nPeC7pHKLfgeDMEhBCpW1efQdz3TGLEg,0.006980311000006623,0.0061560899999903995,1.0860796465460896,155.5918706981765,0.00043443185861843583,137.18173836698858,272.450683679,1806.871196131,290260.8432371033
MiMUFdSLMyCLpqpH6zkqdDrGYs7XBomwENbivdYjv9V,,,0.025001333999999972,0.028673906999999957,0.0,0.0,0.0,137.18173836698858,272.450683679,1806.871196131,247869.73169049056
ercAoEmXjQzEvAFbdjAo81KtMxRGn9AW1ju882upmPH,CMRhskR2Eg6V42RTSdRTXGdozyPbWB8U9dVpijPWb9T4,7TKLLgrWswt6ZJ1pXhVR3FyufHGjJFqiEXxvWJfDcgRm,0.0,5.861799999706818e-05,0.0,137.18173836698858,0.0,117.5454304272694,29.624920366,288.483543561,37973.92037385314
ionytDfEj1mXodptgrsKEZro7DGsfpzANUfarJdm6Qb,3gkSjY95an9xNFSjCfsay6JZez7uv7yfW3Ad4ubc4fMK,9wXqANaSuEqkKL9yHzCPEDGHwbkStVAqV5rB3QDs3Jr6,0.00021777900000000128,0.0008032299999998216,0.20067765186349773,921.4738421220437,8.02710607453991e-05,3393.8571186153067,3.149069852,0.085058445,3190.4617046947337
Lid8SLUxQ9RmF7XMqUA8c24RitTwzja8VSKngJxRcUa,4PgzyzLtds9bKZ2to9PMnKqJzKEUpjvNUaeN23phegax,AtymwxoVN9peZo7EXTcDz9jKVc4vRmisJKKrNfe3ewBa,974.0216871710008,840.7498064840006,158585.73446777693,162.81540396536914,15.858573446777692,137.19003797283062,953.387856961,7634.617947081,1202619.7551348794
BSCrK1Nx9PXU9mF7STWWBqeHLxmtJDr9h7jheEy4tAWX,FfSySSbVJPvEo5a5AvrP3nySoXpRE2QPn1uUMpJJ1x7v,HL7Vcj6838ZmvBHDbQxXfjBNckNi83WvPiZQoMQLFeRM,6.270900000004964e-05,6.23799999999175e-05,0.21412401020289232,3414.5658550243634,8.564960408115693e-05,3391.0949845705177,0.598115557,1.20766781,6137.621211809339
BSCNHw8CmxbZ8hCWWzMf5FaG2ajPT6JxfznKUNuRVrn4,7n9kgNL633yGzCYksgnzHyjG73ZLBAwvEae5sbAekbzW,SscdxE99omdG9AiMVwmaEMQySQnCgeAh1sPj2Leutm2,30.733000666999942,30.786206274000506,30.67486027303508,0.9981082096540188,0.012269944109214032,1.0,6638.160549754,5074.115732504,11699.718274214902
KEnkcdADoLR5jS2CLLLesy8TtFsyWL37BhXNfDMzWzP,3qsjFRuw1qeLMPo4DLwaQevenGAGBj9dA3Q6rb8ax2YR,77iEv8zPQAEyCcEbvBRSB6AFcUdfkhiqnAKtPxk76rNN,0.02224100000000004,3.844705999999988,0.0001288770353616081,0.005794570179470702,5.155081414464324e-08,0.9991257649556639,128.802443,0.231922,0.9780740409108224
SoNcU2iwHMw6dGzsYNQkYFkUjwN1UdAjrWVRnStrZu2,8ivTTid27jZnYNc4w3CTA1Z6QS2twsFb8WMwUabeDJgc,CyXm53PMvHCbeXJBykU46Rcbo28xk5srhMZFg7gv6EYB,0.26743382400000115,0.2667460379999991,43.8834796477953,164.09098516945676,0.017553391859118122,162.60876493764766,11.866766422,15.112656987,4404.67988054419
RajgMbScQbqqrdJfR2rxfHJiTiY5b6bJ2tTXiF4aPxy,725ZA3fhyBAKb5iopNRrcbSuQa3LXA1656Q3mBvYPxeg,GLA6i1dSZpUfk2f9Nj8uiG7xyDdAR2reff8oEiZH3617,9236.535983009991,9245.859547830041,9230.108873599127,0.9993041645241585,3.692043549439651,1.0,118785.01613011,65474.6303877,184176.99168958826
MiMy69CnJDY4V6cQWkU3HHfTyb8pqXJmhX4MisFYDnM,,,0.007361081999999998,0.008830975999999963,0.0,0.0,0.0,1.0,118785.01613011,65474.6303877,65474.6303877
MATgk4zXLXtYkwBH678J1xZbRDZ45LicNzkRBHkxTuY,y8dALFo1bJrSzPYjMX14HJX448pXqYmrfXHD1K8MXih,GN7Yuet3UyiWS5YVkEHv6oQKi4HGBJc3XDPt9zQhAqZz,594.8756890000013,594.2959649999998,595.6619627908854,1.001321744703008,0.23826478511635416,1.0,3504.05621,4585.224729,8093.912406734609
MiMuMS9C4vBqcrYeeQPph1E7oAW9aNKvW9k6Zw9XffM,Afy2q2hh6Y474pshJa5fnQ6PfEchGyTbKrQpCZw2hr3m,5pXz9ksgjeL8Wgb37bksUaBFMLdFfsNNY3FQnikkCPtS,1.1278610950002985,0.017055037999998746,0.0,0.0,0.0,0.0,25.962427625,7676.633211386,0.0
Cob4usZcpHEY7Qt4ZCwj6WVg9S44zvzYV2v9qYF65dTf,NhFM9UXE48PyNAyeyPYA3iXztqKVJwA4bTdLj4ysM8w,6TuFuynuBoeskxyR2cz4wxyidk8dpDK7kAWw3UkjQGx,3.3503199999999964,579.8138569999865,0.01942277963019578,0.005797290894659555,7.769111852078313e-06,1.0,38953.481293,71.712478,297.53714041520016
daob129AwBGn9Y5r91uLoWZeYiGzbPmksauMhFZKTze,6VW5GQNyj4LStgmxEHLr5zUfW92vQnmbw8jTnCH7a38F,4VPCCUifPeBA1c7HWK358CHn2nyjm8pdTRk6Ps3KmnMQ,7.405107293000036,6.613732940000013,1139.3966244498565,153.8663221702291,0.4557586497799427,137.23808625880332,47.86535174,224.849890833,38222.83434503994
JSoLLrxK5bYdHwTEWYaGgmeycBCNXKDiBCTw5hXGBg7,xG4wXczA7Dk4hccJ61CHKpDHW4NrNfQwgmWgkb9BuF2,BVR6WgfhsRr9Lob4QDnkEAiNGgAbv7ZieKcY9kSg3QYR,0.38164614900002647,0.3252039929999988,62.13678942083441,162.81256756721552,0.024854715768333768,137.13164212535943,17.295502695,171.948392139,26395.49057597496
Sid7E679i9ABqptiAVhkmQ27YHN8vaYT4fppPwmxFsJ,GP7KB8o1bv527HG8kTzzzf4wJ5aEGHvcMQvVhLziUfmT,9gYxhAZ1M9wu5pxr8SBoa5NDm21gi3s9vMHaYTME77sa,309.36262800001714,478.7929759999879,1.7934651464524505,0.005797290894659555,0.0007173860585809802,0.01780759164343147,136073.698137,8680.713353,943.4414097761896
BUSD5rCfUDpCxKGMvYU2yThChxgHoioK74PTPociGnv2,CcFHbafgYDZ8yA8Me1PdtDiVb2eeaS61LbqyKKK5CsNZ,26R9s4nmF3CFDTkiePDwRmtscn8i7r2eygbSijditJ58,78.71281836,78.69890142,78.58288078080014,0.9983492195819291,0.007858288078080014,1.0,93.47694961,55.04927708,148.37191677204282
7dwD9TF6uikvHXxPFK9AsSim54yJoujQjY9vU6gNFumk,CquVr6atkvwueDYficKjn6SSEWq4F4rH4VSiBbW4GBWU,8BCa6ge3b7ho3TfZuM64Vk1hgbrJ3J7EPiAb9uP86CGd,0.001109967,0.0011200520000000003,0.18029042239565987,162.42863291941103,7.211616895826396e-05,164.13658330333737,0.004243882,0.003274893,1.2268576992353122
ALLwa5WNZbvQsRKAqe1jdRGemdYQnW8E5k4msbRFcYtu,CGoM82Hbz7QVqTgvQatYtjvDWBvoUJp5qm21P8iMs9yb,3dxNNww8TivyN5FMy5dCNdi3Zcxv6e4kUfSPxfFwpdNq,0.10226606200000132,0.10219320799999965,346.85274046941163,3391.670058336725,0.13874109618776467,3392.4409630461405,3.756271246,5.012544383,29744.793610025426
BSC8REUo9LpiiWUuqMuLXs2D2yJsJfGd4HdiF3wCLxk5,AZjEH1zWVx1UJ6udMyRijGTzPteuLnaY18yNNmprJEsh,Caf8ypkSVR8xYnXNhjvfvdGCC7mrM3C11rz8Xi6NA6aK,1716.0805565280002,1716.3544167220007,1718.623405940078,1.0014817774156375,0.6874493623760312,1.0,2866.912801699,3368.095915413,6239.2568437541595
SoN9GaFpSXfpyR5dth3x7PHPVhvJMpQqqDJfCSmPv1t,9kZ9iS68ViMPtoeqtnhAKuF2iqVyfHPdZHoUNdwCELr,BBhm5fJLjw3HRzjtKB8uMEYjGhY6EDm9co3cqpjrSzB9,0.043675901000000295,0.042708687999999384,7.266964205344998,166.38384186613456,0.002906785682137999,162.68757267050512,3.031838613,5.138975768,1340.4964500574974
MATSnbbiTCv7Dc3trJrkrqjx7ckKdr6fwPoVwv9q3sD,631WX9JizSHJm4w6VanZeJAst9T8DeUUnPLesdGkCVtK,211maUSfpnXbPuW1iBu8b4dtJv5EbN1j7JJiEX5TZKEP,1592.0187940000105,1592.530112000004,1591.450646119346,0.999643127403517,0.6365802584477384,0.9997030881828097,24083.632204,21518.581295,45587.22958956697
ALBpShJ9NLpE739pcHDF2LNVk5J4VYPvvKuV6jMPitZi,D6d156U1bPiJpDYRLextvDRccgFk7QzkQbJg42ceKEu5,GNcM8U5g8RwTZffwwm3kSQqUNPSwv5d2fbN9sLxPJqt2,4732.481470000013,4734.169531000007,4731.142556656479,0.9997170800663412,1.8924570226625919,0.9967923223068167,51645.510799,48716.335646,100190.96859736566
KwnjUuZhTMTSGAaavkLEmSyfobY16JNH4poL9oeeEvE,J63v6qEZmQpDqCD8bd4PXu2Pq5ZbyXrFcSa3Xt1HdAPQ,BnKQtTdLw9qPCDgZkWX3sURkBAoKCUYL1yahh6Mw7mRK,233.33895299999972,13046.660132000572,4.153369065093498,0.017799724442465907,0.0004153369065093499,1.0,280145.457462,526.250693,5512.762639632155
B2izdXFYb2sNwbWWHmh75T4aQFtfXsUxem9u2p61HGzf,4DYwgJtxwuJdAjkj5RJSNH4e7U329V5cNp7d3a1nLrZv,EXNW64GEf1ACC6xY9BtKRiunrs6GoJSXBdxWN2eTPmrF,2173.5703309999626,2161.2318200000045,2186.090068824118,1.0057599874481153,0.21860900688241183,1.0,13067.319206,26664.502389,39807.089189607075
KZMu9QBEdL97EFgamLbN5DE1AoKBG4HdrKKJo4Vuon3,DD4ACBWyVqdaKWh7v5btsgqQCCMwbKnuL2xd9pv7Gyuw,GcYqiJ1MAuYbNTNYXm1F1gQYTfTgkErACAhNU5dpVj9T,98.18891486999973,97.4662999499999,99.05323557403636,1.0088026301663582,0.03962129422961455,1.0,1240.61707866,1850.08251071,3101.6202826915114
BSCuChvaSj9b5HUSqgDVRzcnr2sSn7cXaamt1jbKH6hn,GnKpRj5kBVPMJfiwZtEuD9GYApLzPdW5JFuZTcyX4BTc,3dmwD9okkomV9nDwyuh4UMhKdUR13QpuKxRo89ycZB5t,33.11229761300012,33.02646078500004,33.35609847083077,1.0073628493159874,0.013342439388332308,0.9991297579807986,921.839721104,2088.487937332,3015.297535436319
STK75uPSyBnEhGTTzb1nwmP3n427XoXmfRhXxxhyady,6TYyD5fUmDe6N65avW1Ny2RxzRNobw2RRgKwH9CTzSAU,54zDfk4cx2vGrEajPtodWpArNe5eUurytyxd4X3aZAxK,139.1084657010005,158.31240103200025,19082.410791866438,137.17648811454896,1.908241079186644,156.06382073885294,1706.098874729,286.663513184,278774.4551454256
KEN5P7p3asnb23Sw6yAmJRGvijfAzso3RqfyLAQhznt,9zj4aX38Uxf3h6AUjS4EipWS8mwbEofasHAf3a1uKGds,CwQDG1MWunn9cLNwcZLd8YBacweSR7ARo32w4mLua1Yr,7930.061210000305,7929.349478000309,7931.163641746509,1.000139019323686,0.7931163641746509,1.0,945037.768457,959967.487557,1905136.6345254288
KysFMBBoavfov2tLpvefWW6tPFt6rAeZWDJVy1mMQae,B8ka2V21TH3x64dFV8ETcjuQcwmrciJ2qzy1mJUttRew,7fSf7EYxBANyxzk2s5pymFgshA91tFYQNKKs5UnLWcYS,59.06972700000051,72.67329599999357,0.0,0.0,0.0,0.01780759164343147,130575.99942,3086.244949,54.958589763394976
7oAd7xG4m3oC2qeWB1szghTebAZyyGPAFDJ4wwwbRSNi,D9yh4KAysxt9GLacVe4Wwh2XqghhcjTCSTV9HuM7TBJd,HDYfJLpZKaMFb84jM4mRytn7XLR8UFZUnQpSfhJJaNEy,44.701841769972816,1.2896029759999692,44.701841769972816,1.0,0.017880736707989127,0.02890143522645273,1090.853487087,293021.949618645,9559.608383919165
C98Sspw7XqnMsgxea3SLQVdbMDL8pKUc3RE82UvX9eq2,CSqgQJurPCzGxb4Cgwx5R61hWQUiaoUHcShNc8r1cKEL,6S2CR5EnukPhC914XkAns8m5GixjMAoUuZMsS5ubHuWc,90.34047699999998,99.64677599999982,0.0,0.0,0.0,1.0,683.835667,68.716548,68.716548
heyk4SZTeCUV6a65WiVA5bzic3KcxgVf1qxobfeV4tQ,9ZDpBKPqMABtGfq66FbVribaArMvtk63xxy91onZAtDt,DaTP4s6N7xxSPinbNZ3FB52EpRDRt87QShTuN3VPCW52,1.1657116100010398,1.005563752999933,185.85219405298668,159.4323951640328,0.07434087762119468,137.09842158587227,607.052136656,4496.10484407,713192.6535431012
wrmcMSHFi3sWpAEy4rGDvQb3ezh3PhXoV2xNjgLBkKU,8p4mGnARWPBu6P2Gcw4adodLkNDorrXniZMhaY7eJXUn,AyY89zccbsgp9LKFgH4CFZMJmpSgqmPSdTfukhP227rc,0.004919080000000006,0.05337511999999833,1.538404763691863,312.74237534088917,0.0006153619054767453,3390.0603430741066,27.13873859,0.09048114,8794.170094902189
WiiQFxXqp8P9Fs1rt9SVcDyA3KUdJmUsog6wnVQAwba,3S2jpqSYxho6wiz3cafhjXruVY8cg4HYa2v3BqBHYFSj,Dfe67M6TfrG74gKRtdqys4e6E9QirPD53BkF4FujFjuv,10278.346165109991,10254.046753126,10281.899527895435,1.0003457134765033,1.0281899527895437,1.0,10825.463506669,16032.704507326,26861.91052261865
YAkoNb6HKmSxQN9L8hiBE5tPJRsniSSMzND1boHmZxe,CfWX7o2TswwbxusJ4hCaPobu2jLCb1hfXuXJQjVq3jQF,EnTrdMMpdhugeH6Ban6gYZWXughWxKtVGfCwFn78ZmY3,3980281.0988860335,3978930.8205019864,3980281.0988860335,1.0,398.02810988860335,0.9995302207962258,581034.982551,1434285.95626,2014647.1410964835
C2ypsDADXcCRz8HbV2zX1AXPSja7a1P3xZtRC91xGhJh,J9bYNuDpY1d1T86gLaw7DGk5D3CsUAf2tzUwxMvb6FTv,A2NGvvPrMGzsJ4jb52KEnSBVmsA7C34dV1GC7PerdgvG,18.668977986000982,18.938730915999713,2559.8832928237593,137.11962672746733,1.0239533171295039,139.095136065644,2866.998121195,1077.077681943,542937.9789297385
BUSDgu5JdqP1rndBvXvanbEufS94FNh1w5FJcAj6vawb,Bgzr8cWubt89JQFXndVjtdKmDbGzuPxNhvjH1EhWCwbo,Dxaf8xPBBQsasRKW5Aa4Sw2YrbfGofY9xZueyyF23FBW,9024.796234729996,9091.23476904001,8960.075815102347,0.9928286004532063,3.5840303260409394,1.0,10505.07088978,4738.37516527,15168.109994431998
vEnkoSUkpnbRrPgBz9DfcVxNz67zjwMYBZraAvDDNSf,DtfyjjsZ5yCjWKLKHvwsfXs5QVsmm1QkK6Sh9JZHoq1g,e5wrKCRv4GhHvEf1VD5Pq2KGaZDXP77nTL612Jyrxwy,5151.183912999999,5152.267462999998,5148.357464751851,0.9994513012356218,0.5148357464751852,0.9967923223068167,12254.292711,8935.625362,21154.531551582815
FrnkTEL6yZ5Aycq2TrEgu29dCrwKG4LPUZydfiwqspkc,DjvZuMZ46fxKBoBpGMPcRcos4xdTtHFxwMh69DpA2ZFY,9rvDPJLAng4uVVqnnSoEXgNDFhBZQTny9AoQioYDZbQX,3.126793238000289,2.5835745579999525,519.8944243580556,166.2708035951073,0.20795776974322228,137.01434238733242,167.063109721,1446.790318645,226008.74158591204
