0,1,2,3,4,5,6,7,8,9,10,11
MNkYtBe2HtgL15osfaMmyqNW3vo4J399FXXCS4a39Wf,2mUxDu8NrhSKhQJMgKfYLxJqZzeEbmwhQdHeHMyohyuk,AZCBmDBcFsA2jHHhfFJBTsWCHx9XnnKmGfFsue3ZVW1t,2.648851299999933,2.6477129999998397,2.6477446221802,0.9995822046259325,0.0010590978488720802,1.0,2195.52691338,1940.96758953,4135.577221921949
Cob4usZcpHEY7Qt4ZCwj6WVg9S44zvzYV2v9qYF65dTf,NhFM9UXE48PyNAyeyPYA3iXztqKVJwA4bTdLj4ysM8w,6TuFuynuBoeskxyR2cz4wxyidk8dpDK7kAWw3UkjQGx,26.43491399999951,810.938724000004,0.15559718535282915,0.005886048479402356,6.223887414113167e-05,1.0,38788.034388,72.678159,300.9864098284937
MiMuMS9C4vBqcrYeeQPph1E7oAW9aNKvW9k6Zw9XffM,Afy2q2hh6Y474pshJa5fnQ6PfEchGyTbKrQpCZw2hr3m,5pXz9ksgjeL8Wgb37bksUaBFMLdFfsNNY3FQnikkCPtS,0.01780825999999891,1.1776440000003277,0.0,0.0,0.0,0.0,25.964419226,7676.499991924,0.0
FrnkTEL6yZ5Aycq2TrEgu29dCrwKG4LPUZydfiwqspkc,DjvZuMZ46fxKBoBpGMPcRcos4xdTtHFxwMh69DpA2ZFY,9rvDPJLAng4uVVqnnSoEXgNDFhBZQTny9AoQioYDZbQX,5.950821301999639,4.944229140999681,978.5894933069011,164.44612325664497,0.39143579732276046,136.3004115590927,167.669875396,1446.037188637,224668.12493677338
KwnjUuZhTMTSGAaavkLEmSyfobY16JNH4poL9oeeEvE,J63v6qEZmQpDqCD8bd4PXu2Pq5ZbyXrFcSa3Xt1HdAPQ,BnKQtTdLw9qPCDgZkWX3sURkBAoKCUYL1yahh6Mw7mRK,173.50391100000036,9366.489940999774,3.162020924306595,0.01822449365021281,0.0003162020924306595,1.0,279756.260105,533.121398,5631.537583890856
Sid7E679i9ABqptiAVhkmQ27YHN8vaYT4fppPwmxFsJ,GP7KB8o1bv527HG8kTzzzf4wJ5aEGHvcMQvVhLziUfmT,9gYxhAZ1M9wu5pxr8SBoa5NDm21gi3s9vMHaYTME77sa,268.42149100000097,835.8804620000301,1.5799419089394688,0.005886048479402356,0.0006319767635757876,0.01822449365021281,136246.37986,8624.533175,959.1305470828659
Lee1XZJfJ9Hm2K1qTyeCz1LXNc1YBZaKZszvNY4KCDw,9DgFSWkPDGijNKcLGbr3p5xoJbHsPgXUTr6QvGBJ5vGN,2hNHZg7XBhuhHVZ3JDEi4buq2fPQwuWBdQ9xkH7t1GQX,732.876992310843,612.4348728820105,119630.14407173838,163.2335921673993,11.963014407173839,136.3933453141248,6538.124696067,54063.083751791,8441086.43108188
ALBpShJ9NLpE739pcHDF2LNVk5J4VYPvvKuV6jMPitZi,D6d156U1bPiJpDYRLextvDRccgFk7QzkQbJg42ceKEu5,GNcM8U5g8RwTZffwwm3kSQqUNPSwv5d2fbN9sLxPJqt2,1110.5155730000042,1112.1633779999975,1108.1507792371121,0.9978705442585522,0.44326031169484487,0.9971242935374379,54782.536685,45575.491417,100110.30937952273
MAR3XM1n9xWPQ3HJjAcC85o8DopWFP5p2WxGTaZ3fPB,6qG7GUhER8Cg9gDEgnebph9LdS6eu2eoWcA4R7z9uizK,4QV4CwRXVMY227KkFF9voNAfwWHVvVajXSXDKbUHkWZR,0.005103999999999997,0.25224899999999906,0.00480582725386142,0.9415805748161094,1.922330901544568e-06,0.01822449365021281,0.101066,24.792823,0.546998427708715
BSCuChvaSj9b5HUSqgDVRzcnr2sSn7cXaamt1jbKH6hn,GnKpRj5kBVPMJfiwZtEuD9GYApLzPdW5JFuZTcyX4BTc,3dmwD9okkomV9nDwyuh4UMhKdUR13QpuKxRo89ycZB5t,116.86790351400009,117.38221289800003,116.30850114562455,0.9952133789384822,0.04652340045824982,0.997697314597908,1930.56067942,1078.283601971,2997.120471072776
WiiQFxXqp8P9Fs1rt9SVcDyA3KUdJmUsog6wnVQAwba,3S2jpqSYxho6wiz3cafhjXruVY8cg4HYa2v3BqBHYFSj,Dfe67M6TfrG74gKRtdqys4e6E9QirPD53BkF4FujFjuv,70.39804635799919,70.30674098200325,70.52599228584644,1.0018174641835456,0.007052599228584644,1.0,6811.356627123,20047.847472418,26871.583496252155
7dwD9TF6uikvHXxPFK9AsSim54yJoujQjY9vU6gNFumk,CquVr6atkvwueDYficKjn6SSEWq4F4rH4VSiBbW4GBWU,8BCa6ge3b7ho3TfZuM64Vk1hgbrJ3J7EPiAb9uP86CGd,0.00010174200000000015,0.00010087500000000027,0.016432406381217252,161.51055003063854,6.572962552486901e-06,162.953313712668,0.004134682,0.003382064,1.2189133000101013
parEAJhzYzHW87y9VoZAQ22dzQ2MD2ekEtTReaxbMcz,3oyc6hpjYSJEquK6dSvG72NXyz3pqLZz5D8AC71pwgQb,Di2vordgFJVZ1aj1aBpvzXtLfZgJsuLLXawGtVFwX6Rz,0.4731969890000016,0.5550910309998756,63.04928494833998,133.24109496465914,0.025219713979335992,158.37682756960464,1106.353101844,137.409973702,169174.2544185872
vEnkoSUkpnbRrPgBz9DfcVxNz67zjwMYBZraAvDDNSf,DtfyjjsZ5yCjWKLKHvwsfXs5QVsmm1QkK6Sh9JZHoq1g,e5wrKCRv4GhHvEf1VD5Pq2KGaZDXP77nTL612Jyrxwy,7426.411902,7428.149652,7417.162700112959,0.9987545530723189,0.7417162700112959,0.9975818615675602,13197.906589,10011.709106,23168.968704223284
Dg3mAgpwDfVNnbGWcsxL8sUcSkEbjSJQhKAWNigG44Ju,EATxwd8YA2wV93VJcKMmH2Kn2Y9XfJVUB9hHVu3udwEy,GiGvrRi7NMHfHKanG2B8xyCEqe8jaafWins8bhrLVEaa,6.941599999998882e-05,7.026700000001274e-05,0.011412793554801553,164.41157016830977,4.565117421920622e-06,162.51883390136373,0.195999304,0.263668128,75.07559002205139
ACUSESXyNnwRLAg1dpSGMLSzUDdLjUMybY8rkXiAKhCP,AhFPQdu8GKBsxuhiH46UmCu1YpaLgNpoP325HnYtsgas,A8wxWpT3aFEr2XqZp1kDmbxbFfcBE95UUmdsNTDBJYbT,10.851937904000351,10.717515242000445,10.851937904000351,1.0,0.004340775161600141,0.9879761387243536,1047.126421791,1839.366676767,2864.3768088015067
4vezWG46exH6pf9nry3n1VJ7hZHvjBJNgNeF4qEFCML5,,,0.03947199999999995,0.039213000000000164,0.0,0.0,0.0,0.9879761387243536,1047.126421791,1839.366676767,1817.250387010507
Lid8SLUxQ9RmF7XMqUA8c24RitTwzja8VSKngJxRcUa,4PgzyzLtds9bKZ2to9PMnKqJzKEUpjvNUaeN23phegax,AtymwxoVN9peZo7EXTcDz9jKVc4vRmisJKKrNfe3ewBa,30.643867641994007,25.835175642000536,4941.9192388460015,161.2694355876166,0.4941919238846002,135.97330028275647,953.855312569,7633.954963759,1191841.758522494
B2izdXFYb2sNwbWWHmh75T4aQFtfXsUxem9u2p61HGzf,4DYwgJtxwuJdAjkj5RJSNH4e7U329V5cNp7d3a1nLrZv,EXNW64GEf1ACC6xY9BtKRiunrs6GoJSXBdxWN2eTPmrF,2042.3604119999964,2029.7405800000088,2052.920635750296,1.0051705975538168,0.20529206357502958,1.0,12834.291389,26897.877022,39798.529366660936
HEDSDjj84KS7LKhZY7ejkCACTdPen62rKhCby1wXtgxc,EnnjMSFttpCTywBrYNt1J5QQeoSVkvzPipJDa8Y7kJow,6bjVT6JN2rSvpyn9PdfLYC8wJn4LWh49jpY47fnLDXZk,224.70949670699792,251.80787942098686,199.75607507734796,0.8889525276175261,0.07990243003093919,1.0,43491.999500162,4682.239018568,43344.56190537719
BUSD5rCfUDpCxKGMvYU2yThChxgHoioK74PTPociGnv2,CcFHbafgYDZ8yA8Me1PdtDiVb2eeaS61LbqyKKK5CsNZ,26R9s4nmF3CFDTkiePDwRmtscn8i7r2eygbSijditJ58,64.43135867000001,64.43834924999999,64.33208975226597,0.9984593073965355,0.0064332089752265975,1.0,83.44421451,64.95888601,148.27453863590253
STK75uPSyBnEhGTTzb1nwmP3n427XoXmfRhXxxhyady,6TYyD5fUmDe6N65avW1Ny2RxzRNobw2RRgKwH9CTzSAU,54zDfk4cx2vGrEajPtodWpArNe5eUurytyxd4X3aZAxK,196.3093589979983,222.77962095200547,26689.9353827088,135.95854787025692,2.6689935382708803,154.63751728847444,1536.621806608,259.173466,248994.8107814833
ALLwa5WNZbvQsRKAqe1jdRGemdYQnW8E5k4msbRFcYtu,CGoM82Hbz7QVqTgvQatYtjvDWBvoUJp5qm21P8iMs9yb,3dxNNww8TivyN5FMy5dCNdi3Zcxv6e4kUfSPxfFwpdNq,3.2166336559999977,3.216903426,11269.43087972532,3503.4859685386964,4.507772351890129,3502.7864666342075,3.169157063,5.598489366,30713.41008713613
daob129AwBGn9Y5r91uLoWZeYiGzbPmksauMhFZKTze,6VW5GQNyj4LStgmxEHLr5zUfW92vQnmbw8jTnCH7a38F,4VPCCUifPeBA1c7HWK358CHn2nyjm8pdTRk6Ps3KmnMQ,8.045040539999889,7.185735020000024,1225.2755698644785,152.30197582876264,0.49011022794579145,135.99824616661743,48.177655331,224.489859732,37867.77930345038
KysFMBBoavfov2tLpvefWW6tPFt6rAeZWDJVy1mMQae,B8ka2V21TH3x64dFV8ETcjuQcwmrciJ2qzy1mJUttRew,7fSf7EYxBANyxzk2s5pymFgshA91tFYQNKKs5UnLWcYS,63.05602800000406,67.08900000001495,0.0,0.0,0.0,0.018200693956059156,130602.602761,3064.540965,55.776772219771196
wrmcMSHFi3sWpAEy4rGDvQb3ezh3PhXoV2xNjgLBkKU,8p4mGnARWPBu6P2Gcw4adodLkNDorrXniZMhaY7eJXUn,AyY89zccbsgp9LKFgH4CFZMJmpSgqmPSdTfukhP227rc,0.016924220000000004,0.19567744000000076,5.134370468348978,303.3741270409494,0.0020537481873395915,3501.277966457757,27.17393401,0.08733909,8549.666939979586
KEN5P7p3asnb23Sw6yAmJRGvijfAzso3RqfyLAQhznt,9zj4aX38Uxf3h6AUjS4EipWS8mwbEofasHAf3a1uKGds,CwQDG1MWunn9cLNwcZLd8YBacweSR7ARo32w4mLua1Yr,32351.62920899957,32355.209164,32338.24117715223,0.9995861713250715,3.233824117715223,1.0,988894.435535,944593.098832,1933078.3014930985
MiMy69CnJDY4V6cQWkU3HHfTyb8pqXJmhX4MisFYDnM,,,0.008365525999999984,0.006826332000000001,0.0,0.0,0.0,1.0,988894.435535,944593.098832,944593.098832
RajgMbScQbqqrdJfR2rxfHJiTiY5b6bJ2tTXiF4aPxy,725ZA3fhyBAKb5iopNRrcbSuQa3LXA1656Q3mBvYPxeg,GLA6i1dSZpUfk2f9Nj8uiG7xyDdAR2reff8oEiZH3617,6803.408522240003,6810.307781349999,6796.634452613771,0.9990043123819351,2.7186537810455085,1.0,126495.48711678,57759.80797904,184129.34510555674
YAkoNb6HKmSxQN9L8hiBE5tPJRsniSSMzND1boHmZxe,CfWX7o2TswwbxusJ4hCaPobu2jLCb1hfXuXJQjVq3jQF,EnTrdMMpdhugeH6Ban6gYZWXughWxKtVGfCwFn78ZmY3,3318097.812575986,3315914.7395800035,3318097.812575986,1.0,331.8097812575986,0.9959653443898766,336959.376057,1377652.054484,1709053.0789505779
MARpDPs5A7XiyCWPNH8GsMWPLxmwNn9SBmKvPa9LzgA,6YjT74rmcfCpw8LSjPNx5JTmZoYLGrTKnf9arfSgZ4SR,F8GSmi3vA8M8TsybLya1LQ4n1aFHCRbZ6k437PeTdXtg,14268.39528799996,15276.701250999584,13433.338657061073,0.9414750843326307,5.373335462824429,1.0,298948.128687,13979.857382,295432.0720486755
C2ypsDADXcCRz8HbV2zX1AXPSja7a1P3xZtRC91xGhJh,J9bYNuDpY1d1T86gLaw7DGk5D3CsUAf2tzUwxMvb6FTv,A2NGvvPrMGzsJ4jb52KEnSBVmsA7C34dV1GC7PerdgvG,16.576227301000245,16.80370285400022,2256.1238919781504,136.10599390381253,0.9024495567912602,136.6335061701642,3455.447969543,1340.27460665,653433.5990149882
BUSDgu5JdqP1rndBvXvanbEufS94FNh1w5FJcAj6vawb,Bgzr8cWubt89JQFXndVjtdKmDbGzuPxNhvjH1EhWCwbo,Dxaf8xPBBQsasRKW5Aa4Sw2YrbfGofY9xZueyyF23FBW,11318.62174704,11400.23576287,11241.139941763407,0.9931544840875298,4.496455976705363,1.0,10609.6654536,4615.31888045,15152.355700361397
ionytDfEj1mXodptgrsKEZro7DGsfpzANUfarJdm6Qb,3gkSjY95an9xNFSjCfsay6JZez7uv7yfW3Ad4ubc4fMK,9wXqANaSuEqkKL9yHzCPEDGHwbkStVAqV5rB3QDs3Jr6,0.0002869580000000038,0.0010541269999997382,0.2739638925751638,954.7177377008487,0.00010958555703006552,3503.7314740198312,3.148266622,0.085276224,3304.490977049298
BSCrK1Nx9PXU9mF7STWWBqeHLxmtJDr9h7jheEy4tAWX,FfSySSbVJPvEo5a5AvrP3nySoXpRE2QPn1uUMpJJ1x7v,HL7Vcj6838ZmvBHDbQxXfjBNckNi83WvPiZQoMQLFeRM,3.0092999999897785e-05,2.993500000003646e-05,0.1061073520230239,3525.98119241632,4.244294080920956e-05,3503.117774819589,0.598053177,1.207730519,6339.546502467816
BSC8REUo9LpiiWUuqMuLXs2D2yJsJfGd4HdiF3wCLxk5,AZjEH1zWVx1UJ6udMyRijGTzPteuLnaY18yNNmprJEsh,Caf8ypkSVR8xYnXNhjvfvdGCC7mrM3C11rz8Xi6NA6aK,354.1929590699997,355.14714815800016,352.75055815743775,0.9959276409210697,0.1411002232629751,1.0,3968.284205172,2264.019143768,6216.143070729292
SQDY9uoDoCbNq7F3HAHYYQZbrUzpKxDtdWLvYcqBLak,GiehZ4X2uQjhEKuxSm3ACmEFrabxh3RTvjbLfLjw1xGX,rxDQYV77NKRKYxCjq4cECX3QQsiSyLv1T1FT2X3zNA2,2.5911898660000077,2.596929000000017,2.5972023895317733,1.0023203716603937,0.0010388809558127094,1.0,167.14734288,239.54591052,407.08109735752885
SoNcU2iwHMw6dGzsYNQkYFkUjwN1UdAjrWVRnStrZu2,8ivTTid27jZnYNc4w3CTA1Z6QS2twsFb8WMwUabeDJgc,CyXm53PMvHCbeXJBykU46Rcbo28xk5srhMZFg7gv6EYB,0.7637302860000048,0.7560285989999986,124.60566261903386,163.15401510610394,0.04984226504761355,161.31485805018409,12.54531148,16.3659723,4686.892437146444
JSoLLrxK5bYdHwTEWYaGgmeycBCNXKDiBCTw5hXGBg7,xG4wXczA7Dk4hccJ61CHKpDHW4NrNfQwgmWgkb9BuF2,BVR6WgfhsRr9Lob4QDnkEAiNGgAbv7ZieKcY9kSg3QYR,0.4623778689999156,0.39322187300001943,74.59471368551267,161.32846895733732,0.02983788547420507,136.03150925055073,17.387696157,171.838521244,26180.583791908328
SoN9GaFpSXfpyR5dth3x7PHPVhvJMpQqqDJfCSmPv1t,9kZ9iS68ViMPtoeqtnhAKuF2iqVyfHPdZHoUNdwCELr,BBhm5fJLjw3HRzjtKB8uMEYjGhY6EDm9co3cqpjrSzB9,0.2816416470000007,0.27544451199999953,46.40248516443932,164.75718580228016,0.01856099406577573,161.15297865496566,3.03501655,5.163134697,1332.095321259699
RoBgmK8CvjdHvPrqdDyVw54VwjZv2TqJ493xnqJAQHx,ExiHJxM7qPAcy27NDHAF6G7vnW7muNHi2sVJpnaNynGQ,6rkPHSqZb7StM4HwS9EuVrmfkV7tRdc7dnsFhyB6cefE,1.153687999999999,71.90402999999787,0.0,0.0,0.0,0.9400351573148835,6327.910825,17.936375,16.860823094783747
MiMUFdSLMyCLpqpH6zkqdDrGYs7XBomwENbivdYjv9V,,,0.02463459200000001,0.029581089000000005,0.0,0.0,0.0,0.9400351573148835,6327.910825,17.936375,16.860823094783747
BSCNHw8CmxbZ8hCWWzMf5FaG2ajPT6JxfznKUNuRVrn4,7n9kgNL633yGzCYksgnzHyjG73ZLBAwvEae5sbAekbzW,SscdxE99omdG9AiMVwmaEMQySQnCgeAh1sPj2Leutm2,18.18090322199987,18.187865408000107,18.143735236056752,0.99795565789613,0.0072574940944227,1.0,6524.253566224,5186.74356956,11697.659329522245
SAMyS8Jr2HJrkFwYVKbpUwsNStnQmvz3f8Tup8bWUWF,6jPzm5TFfquvgm25sTyN3MMGBfufRaFHMxobDWv6hMFW,Cj9ECoDmxsHTDzCY5ZA6RWrPbg9uFzEC1Qc2kso2vJG6,1178.2470022200002,134.6071512599886,1188.7274294893675,1.0088949322592127,0.47549097179574706,0.0,434.57705842,111290.62609001,438.4425919160538
BUSDTd9WiT6uBHJRgNvFXBsA7JrifsAtWzKfioN7ERcy,DyBxrn7gSc1EwnpWhDyhzvMHPtxpmBqRqotapLcKcfTM,Cds99GeBgoCpqBsoRWu1C6fF9LiUMd4pXQQD24s9LPff,385.62369893000005,386.1591595799999,384.81470297992536,0.9979021103933201,0.03848147029799254,0.9980308850637691,105.10147377,81.05917092,185.7805385763541
AUSejoEUCh2DBs9mof6BNC8Pubs22w4cJa1ccV9h44R,4xkyD7AfGQDwsQMy9MosRRNGoVJ1zosNinesxg1TzHG7,Cbm5gsQe3nSiCsFrvepVzMCD9xLK3ri9g3ypS2hdmVJ7,99.82056299999931,99.88102299999991,99.76668898794583,0.999460291442621,0.009976668898794581,1.0,14677.833237,14205.798231,28875.709715798213
MATSnbbiTCv7Dc3trJrkrqjx7ckKdr6fwPoVwv9q3sD,631WX9JizSHJm4w6VanZeJAst9T8DeUUnPLesdGkCVtK,211maUSfpnXbPuW1iBu8b4dtJv5EbN1j7JJiEX5TZKEP,2631.7390760000126,2631.8865320000077,2628.471885446402,0.9987585431308882,1.051388754178561,0.9987066748560613,23388.860001,22208.777603,45539.87817260096
heyk4SZTeCUV6a65WiVA5bzic3KcxgVf1qxobfeV4tQ,9ZDpBKPqMABtGfq66FbVribaArMvtk63xxy91onZAtDt,DaTP4s6N7xxSPinbNZ3FB52EpRDRt87QShTuN3VPCW52,2.2140223210024033,1.909393886000089,349.07403621731225,157.6650934843639,0.1396296144869249,135.37245768832307,606.868374422,4496.316524526,704359.3774556523
AURHmCnNwiW4uA2Qj1XvEh4iKgRUZYXtiY7FKAapUV5Y,BKWm4TRnTeKwfWXRyuzjRHU7iZDkPuXBX5b5V5jSVfGJ,A5Ww74HVrkj9nPeC7pHKLfgeDMEhBCpW1efQdz3TGLEg,0.023648837000223466,0.022117138999817598,3.6201961156253306,153.08135937471775,0.0014480784462501321,135.48035372294592,272.445238236,1806.877356035,286502.6707539388
GokA1R67GqSavkd15zR62QD68Tuc5AEfvjssntVDEbM8,3YB7hfpBdbQEuZqLGWVDpRPmeZWCUsrrWyqGXegnQ6Cg,4DPCj6Z1DsG6HUtwSogBGqXEUxdEV5a8YVrrFtcnz7UW,27781.81689599999,27778.23449999999,27774.62326857343,0.9997410670636305,2.777462326857343,1.0,20827.09429,11645.653477,32467.354946319447
SUiuyGR7SFq3xeRVJonq84fjjeFwRSsFekcevJ53tzy,49GjCCPsv7fBqo6t3iKDrP1xxGDS8uWZbVCdfnp2gjMf,CEwj5xEbbJEjYqM8D6Ai8ByGz1mrh8mkAVsE5fzDSSSx,0.022085999999999828,3.475298000000066,0.00012999926671607943,0.005886048479402356,5.199970668643177e-08,0.938037906111786,688.057132,1.349487,5.315807595355622
2jQoGQRixdcfuRPt9Zui7pk6ivnrQv79mf8h13Tyoa9K,,,0.00013984100000000036,0.00011548099999999996,0.0,0.0,0.0,0.938037906111786,688.057132,1.349487,1.2658699598050758
C98Sspw7XqnMsgxea3SLQVdbMDL8pKUc3RE82UvX9eq2,CSqgQJurPCzGxb4Cgwx5R61hWQUiaoUHcShNc8r1cKEL,6S2CR5EnukPhC914XkAns8m5GixjMAoUuZMsS5ubHuWc,19.538400999999894,22.002686000000054,0.0,0.0,0.0,1.0,665.6277,64.684205,64.684205
KZMu9QBEdL97EFgamLbN5DE1AoKBG4HdrKKJo4Vuon3,DD4ACBWyVqdaKWh7v5btsgqQCCMwbKnuL2xd9pv7Gyuw,GcYqiJ1MAuYbNTNYXm1F1gQYTfTgkErACAhNU5dpVj9T,39.859247990000085,39.524002939999946,40.21379330077429,1.0088949322592127,0.016085517320309717,1.0,1237.70919234,1852.92358011,3101.6421118724693
