0,1,2,3,4,5,6,7,8,9,10,11
SoN9GaFpSXfpyR5dth3x7PHPVhvJMpQqqDJfCSmPv1t,9kZ9iS68ViMPtoeqtnhAKuF2iqVyfHPdZHoUNdwCELr,BBhm5fJLjw3HRzjtKB8uMEYjGhY6EDm9co3cqpjrSzB9,0.016728491999999928,0.01711206999999959,2.8419212507891043,169.8850829344998,0.0011367685003156416,166.19069651185671,2.98017142,5.046807744,1345.019162982518
BSCsJRZuzNScmNdka9rr24iFediCUYHKh3Sya7TjVBni,,,0.13188608400000001,0.13280501100000003,0.0,0.0,0.0,166.19069651185671,2.98017142,5.046807744,838.7324941367922
JSoLLrxK5bYdHwTEWYaGgmeycBCNXKDiBCTw5hXGBg7,xG4wXczA7Dk4hccJ61CHKpDHW4NrNfQwgmWgkb9BuF2,BVR6WgfhsRr9Lob4QDnkEAiNGgAbv7ZieKcY9kSg3QYR,0.3177279220000173,0.26760405699999623,52.79794057937321,166.1734362124155,0.021119176231749283,139.7491419053314,17.206461419,172.055110275,26903.810840410006
Cob4usZcpHEY7Qt4ZCwj6WVg9S44zvzYV2v9qYF65dTf,NhFM9UXE48PyNAyeyPYA3iXztqKVJwA4bTdLj4ysM8w,6TuFuynuBoeskxyR2cz4wxyidk8dpDK7kAWw3UkjQGx,8.516241999999963,1439.9788779999944,0.0502282673046,0.005897937999483836,2.0091306921840002e-05,1.0,38842.54383,72.371348,301.4622632515734
AUSejoEUCh2DBs9mof6BNC8Pubs22w4cJa1ccV9h44R,4xkyD7AfGQDwsQMy9MosRRNGoVJ1zosNinesxg1TzHG7,Cbm5gsQe3nSiCsFrvepVzMCD9xLK3ri9g3ypS2hdmVJ7,3359.896237000001,3359.4690910000027,3360.161689773493,1.000079006241493,0.33601616897734926,1.0,14354.017702,14531.641305,28886.79306398896
YAkoNb6HKmSxQN9L8hiBE5tPJRsniSSMzND1boHmZxe,CfWX7o2TswwbxusJ4hCaPobu2jLCb1hfXuXJQjVq3jQF,EnTrdMMpdhugeH6Ban6gYZWXughWxKtVGfCwFn78ZmY3,1829401.6381769883,1826826.1230650004,1829401.6381769883,1.0,182.94016381769885,0.9982500676314422,250995.729316,1643827.058612,1891946.2017498235
C98Sspw7XqnMsgxea3SLQVdbMDL8pKUc3RE82UvX9eq2,CSqgQJurPCzGxb4Cgwx5R61hWQUiaoUHcShNc8r1cKEL,6S2CR5EnukPhC914XkAns8m5GixjMAoUuZMsS5ubHuWc,6.166454000000009,7.228040000000114,0.0,0.0,0.0,1.0,672.998474,58.499146,58.499146
KEVpg4SYCVrqFxKijQH6hm4QxsRdoE51ud64bEEFUC9,2bPenuBYfqzD8p5dFjCcggwkHDsc2RQDnx9AoyYGUBjA,AE6n6iLuX8oYu61vt5hoDYkjswpnxFxrhSehxrnQTnbx,2306.7277938179996,2300.738314402001,2307.3876697733517,1.0002860658102446,0.9229550679093408,1.0,2600.441639565,4951.866836796,7553.052373805616
KwnjUuZhTMTSGAaavkLEmSyfobY16JNH4poL9oeeEvE,J63v6qEZmQpDqCD8bd4PXu2Pq5ZbyXrFcSa3Xt1HdAPQ,BnKQtTdLw9qPCDgZkWX3sURkBAoKCUYL1yahh6Mw7mRK,533.1606270000325,24973.086017999507,9.709563134459364,0.018211328149065988,0.0009709563134459364,1.0,279711.194686,534.153504,5628.065857394028
C2ypsDADXcCRz8HbV2zX1AXPSja7a1P3xZtRC91xGhJh,J9bYNuDpY1d1T86gLaw7DGk5D3CsUAf2tzUwxMvb6FTv,A2NGvvPrMGzsJ4jb52KEnSBVmsA7C34dV1GC7PerdgvG,16.42926973100009,16.68062652800063,2299.420491028585,139.95877654195732,0.9197681964114339,142.02645043802377,2762.172944973,999.800427621,528588.4518571452
BSCrK1Nx9PXU9mF7STWWBqeHLxmtJDr9h7jheEy4tAWX,FfSySSbVJPvEo5a5AvrP3nySoXpRE2QPn1uUMpJJ1x7v,HL7Vcj6838ZmvBHDbQxXfjBNckNi83WvPiZQoMQLFeRM,0.030115461000000177,0.029955261999999983,102.21763214434876,3394.1911812124727,0.0408870528577395,3373.4777181796717,0.596701241,1.209102328,6104.197852527907
ercAoEmXjQzEvAFbdjAo81KtMxRGn9AW1ju882upmPH,CMRhskR2Eg6V42RTSdRTXGdozyPbWB8U9dVpijPWb9T4,7TKLLgrWswt6ZJ1pXhVR3FyufHGjJFqiEXxvWJfDcgRm,0.5673921919999998,0.6642736100000093,79.48058596236426,140.0805070690227,0.0317922343849457,119.56166303099577,44.00337799,433.760767128,58025.174177013236
DEDaBEWzMCXohXYXoLzB4jK1xqMsd3SS9izXp2xvg9pe,GC5zHpW5GuVdw3C7covC6viyGdLS8ZAaVGDKMeru7p78,F8juxtAFueW19vxkdDArUkjVWAv9QV6yy1wCXUWQiXvh,11206211.014295937,7321.175389980006,11206211.014295937,1.0,4482.4844057183755,0.0006610230275502429,1318.48040802,4947061.2310347,4588.601800434989
Lee1XZJfJ9Hm2K1qTyeCz1LXNc1YBZaKZszvNY4KCDw,9DgFSWkPDGijNKcLGbr3p5xoJbHsPgXUTr6QvGBJ5vGN,2hNHZg7XBhuhHVZ3JDEi4buq2fPQwuWBdQ9xkH7t1GQX,237.96343117699143,198.53295312798855,39979.810650879175,168.00821224141436,3.9979810650879175,140.22989569560127,6503.706813864,54104.480895071,8679741.867320053
SUiuyGR7SFq3xeRVJonq84fjjeFwRSsFekcevJ53tzy,49GjCCPsv7fBqo6t3iKDrP1xxGDS8uWZbVCdfnp2gjMf,CEwj5xEbbJEjYqM8D6Ai8ByGz1mrh8mkAVsE5fzDSSSx,3.9991220000000394,2.939346000000011,0.023644869972111786,0.005912515290134072,9.457947988844714e-06,0.9398443241861418,686.289239,1.36079,5.336626376951236
Sid7E679i9ABqptiAVhkmQ27YHN8vaYT4fppPwmxFsJ,GP7KB8o1bv527HG8kTzzzf4wJ5aEGHvcMQvVhLziUfmT,9gYxhAZ1M9wu5pxr8SBoa5NDm21gi3s9vMHaYTME77sa,467.0141569999778,1439.2229110000226,2.761228343971443,0.005912515290134072,0.001104491337588577,0.018256757190971522,136193.184072,8642.902643,963.0356582162012
MATSnbbiTCv7Dc3trJrkrqjx7ckKdr6fwPoVwv9q3sD,631WX9JizSHJm4w6VanZeJAst9T8DeUUnPLesdGkCVtK,211maUSfpnXbPuW1iBu8b4dtJv5EbN1j7JJiEX5TZKEP,1642.380836999997,1642.5613179999891,1640.5237640990372,0.9988692799750684,0.6562095056396149,0.9982460816345681,23425.874481,22181.172435,45541.65484492224
STK75uPSyBnEhGTTzb1nwmP3n427XoXmfRhXxxhyady,6TYyD5fUmDe6N65avW1Ny2RxzRNobw2RRgKwH9CTzSAU,54zDfk4cx2vGrEajPtodWpArNe5eUurytyxd4X3aZAxK,94.51414581800117,107.58375923000028,13258.567023458283,140.28129766933847,1.3258567023458283,159.72399693329925,1744.644007302,291.887170508,291362.3108424486
KEN5P7p3asnb23Sw6yAmJRGvijfAzso3RqfyLAQhznt,9zj4aX38Uxf3h6AUjS4EipWS8mwbEofasHAf3a1uKGds,CwQDG1MWunn9cLNwcZLd8YBacweSR7ARo32w4mLua1Yr,33528.764517000294,33536.489590000245,33523.93707006221,0.9998560207330145,3.352393707006221,1.0,945789.420323,860807.037464,1806460.2837195394
BSC8REUo9LpiiWUuqMuLXs2D2yJsJfGd4HdiF3wCLxk5,AZjEH1zWVx1UJ6udMyRijGTzPteuLnaY18yNNmprJEsh,Caf8ypkSVR8xYnXNhjvfvdGCC7mrM3C11rz8Xi6NA6aK,3794.0739369960024,3770.2579372000005,3794.4036175487163,1.0000868935498328,1.5177614470194865,1.0,3165.572734505,3073.470476313,6239.3182786701545
RoBgmK8CvjdHvPrqdDyVw54VwjZv2TqJ493xnqJAQHx,ExiHJxM7qPAcy27NDHAF6G7vnW7muNHi2sVJpnaNynGQ,6rkPHSqZb7StM4HwS9EuVrmfkV7tRdc7dnsFhyB6cefE,0.5258349999999972,33.33034899999984,0.0,0.0,0.0,0.9403984844538024,6309.797804,18.22495,17.138715359246326
heyk4SZTeCUV6a65WiVA5bzic3KcxgVf1qxobfeV4tQ,9ZDpBKPqMABtGfq66FbVribaArMvtk63xxy91onZAtDt,DaTP4s6N7xxSPinbNZ3FB52EpRDRt87QShTuN3VPCW52,2.342837184000018,2.014285908000147,382.20301007011267,163.136820894042,0.15288120402804506,140.18271695693602,605.637856536,4494.634103589,728871.8548967736
GokA1R67GqSavkd15zR62QD68Tuc5AEfvjssntVDEbM8,3YB7hfpBdbQEuZqLGWVDpRPmeZWCUsrrWyqGXegnQ6Cg,4DPCj6Z1DsG6HUtwSogBGqXEUxdEV5a8YVrrFtcnz7UW,13500.577338000005,13501.679817999982,13501.090379434423,1.0000380014440549,1.3501090379434424,1.0,17141.262049,15344.701773,32486.615214710786
WiiQFxXqp8P9Fs1rt9SVcDyA3KUdJmUsog6wnVQAwba,3S2jpqSYxho6wiz3cafhjXruVY8cg4HYa2v3BqBHYFSj,Dfe67M6TfrG74gKRtdqys4e6E9QirPD53BkF4FujFjuv,19300.671947626994,19307.53529056199,19295.588486249115,0.9997366173886757,1.9295588486249116,1.0,15734.082639212,11129.182998861,26859.12155430069
moFiBS1R4Lf3E3zzmBPnw3NF4RhWPkhREFviuzUaCAU,44ALBrpqi9PfZkBRTvbtRNtFJGsatfY4QydjtMbFWq8S,2ho8qEEie1UjVwWNBo9y4oAJZMyMLx8zPj9bxyUz6uWs,10761.448286491996,10773.686073034001,10756.212409683845,0.999513459836561,4.302484963873539,1.0,32794.03425371,31637.916372002,64415.99501092638
BSCuChvaSj9b5HUSqgDVRzcnr2sSn7cXaamt1jbKH6hn,GnKpRj5kBVPMJfiwZtEuD9GYApLzPdW5JFuZTcyX4BTc,3dmwD9okkomV9nDwyuh4UMhKdUR13QpuKxRo89ycZB5t,1396.279951567,1380.7432162779999,1396.8330401807568,1.000396115845634,0.5587332160723026,0.9982122019463141,1253.901205396,1756.099108382,3007.3574533462725
vEnkoSUkpnbRrPgBz9DfcVxNz67zjwMYBZraAvDDNSf,DtfyjjsZ5yCjWKLKHvwsfXs5QVsmm1QkK6Sh9JZHoq1g,e5wrKCRv4GhHvEf1VD5Pq2KGaZDXP77nTL612Jyrxwy,8020.3668670000025,8021.117670000005,8006.987191403168,0.9983317875829489,0.8006987191403169,0.9982620258130595,18875.778216,12919.342831,31741.17875504605
parEAJhzYzHW87y9VoZAQ22dzQ2MD2ekEtTReaxbMcz,3oyc6hpjYSJEquK6dSvG72NXyz3pqLZz5D8AC71pwgQb,Di2vordgFJVZ1aj1aBpvzXtLfZgJsuLLXawGtVFwX6Rz,0.12169185799999127,0.14464808100001392,16.69278313238349,137.17255539302133,0.006677113252953395,163.1320838068242,1105.882382387,137.160691527,174072.02178133168
ACUSESXyNnwRLAg1dpSGMLSzUDdLjUMybY8rkXiAKhCP,AhFPQdu8GKBsxuhiH46UmCu1YpaLgNpoP325HnYtsgas,A8wxWpT3aFEr2XqZp1kDmbxbFfcBE95UUmdsNTDBJYbT,233.86086443800014,231.34306070799994,233.86086443800014,1.0,0.09354434577520006,0.987376864675526,1032.816526614,1853.963874243,2863.3775639857445
ALBpShJ9NLpE739pcHDF2LNVk5J4VYPvvKuV6jMPitZi,D6d156U1bPiJpDYRLextvDRccgFk7QzkQbJg42ceKEu5,GNcM8U5g8RwTZffwwm3kSQqUNPSwv5d2fbN9sLxPJqt2,5949.690916,5944.434293999999,5929.246872782645,0.9965638478526043,2.3716987491130586,0.997778944070499,46691.300768,53679.015077,100090.65333687479
2jQoGQRixdcfuRPt9Zui7pk6ivnrQv79mf8h13Tyoa9K,,,0.00010782900000000026,8.923000000000004e-05,0.0,0.0,0.0,0.997778944070499,46691.300768,53679.015077,53559.79098227346
SAMyS8Jr2HJrkFwYVKbpUwsNStnQmvz3f8Tup8bWUWF,6jPzm5TFfquvgm25sTyN3MMGBfufRaFHMxobDWv6hMFW,Cj9ECoDmxsHTDzCY5ZA6RWrPbg9uFzEC1Qc2kso2vJG6,2997.343396150027,54.639948349999884,3014.9619291755503,1.0058780495582034,1.2059847716702201,0.0,434.46510405,111299.74152048,437.01891146291587
SoNcU2iwHMw6dGzsYNQkYFkUjwN1UdAjrWVRnStrZu2,8ivTTid27jZnYNc4w3CTA1Z6QS2twsFb8WMwUabeDJgc,CyXm53PMvHCbeXJBykU46Rcbo28xk5srhMZFg7gv6EYB,0.10242612200000245,0.1017239390000011,17.22801057974164,168.1993835492593,0.006891204231896655,166.72666047666152,11.920485561,15.058806459,4515.722834641497
BUSDTd9WiT6uBHJRgNvFXBsA7JrifsAtWzKfioN7ERcy,DyBxrn7gSc1EwnpWhDyhzvMHPtxpmBqRqotapLcKcfTM,Cds99GeBgoCpqBsoRWu1C6fF9LiUMd4pXQQD24s9LPff,128.12999186999997,128.37764659000004,127.38318628526096,0.9941715005687606,0.012738318628526096,0.997949214364481,121.03407999,65.28219572,185.47694885438
MiMuMS9C4vBqcrYeeQPph1E7oAW9aNKvW9k6Zw9XffM,Afy2q2hh6Y474pshJa5fnQ6PfEchGyTbKrQpCZw2hr3m,5pXz9ksgjeL8Wgb37bksUaBFMLdFfsNNY3FQnikkCPtS,1.090888661000463,0.01650666200000117,0.0,0.0,0.0,0.0,25.978792378,7675.552283325,0.0
AURHmCnNwiW4uA2Qj1XvEh4iKgRUZYXtiY7FKAapUV5Y,BKWm4TRnTeKwfWXRyuzjRHU7iZDkPuXBX5b5V5jSVfGJ,A5Ww74HVrkj9nPeC7pHKLfgeDMEhBCpW1efQdz3TGLEg,0.02794952799990824,0.024651775999984693,4.4483921297475835,159.15804122925394,0.0017793568518990335,140.34821796358946,272.47958617,1806.838676222,296953.9055652236
Lid8SLUxQ9RmF7XMqUA8c24RitTwzja8VSKngJxRcUa,4PgzyzLtds9bKZ2to9PMnKqJzKEUpjvNUaeN23phegax,AtymwxoVN9peZo7EXTcDz9jKVc4vRmisJKKrNfe3ewBa,12.197342369995681,10.289303043000245,2032.027122143556,166.5958911788975,0.2032027122143556,140.309759048857,952.567398818,7635.612467548,1230044.7602261573
B2izdXFYb2sNwbWWHmh75T4aQFtfXsUxem9u2p61HGzf,4DYwgJtxwuJdAjkj5RJSNH4e7U329V5cNp7d3a1nLrZv,EXNW64GEf1ACC6xY9BtKRiunrs6GoJSXBdxWN2eTPmrF,398.0503899999767,395.9078049999971,400.37496705871956,1.0058399064971222,0.04003749670587196,1.0,13125.48395,26606.597882,39808.733430997476
wrmcMSHFi3sWpAEy4rGDvQb3ezh3PhXoV2xNjgLBkKU,8p4mGnARWPBu6P2Gcw4adodLkNDorrXniZMhaY7eJXUn,AyY89zccbsgp9LKFgH4CFZMJmpSgqmPSdTfukhP227rc,0.015787660000003173,0.0747758599999976,5.235833131586196,331.6408594804514,0.0020943332526344783,3380.2055164954027,27.12793463,0.0938128,9313.838100700581
SEQV6QiTpvTzrceiaYg9Avnwf7oc8ZALpnQMz6TyT4A,3dFMPj4r9mMmPHF32mz1gNDX7f8ftidWof7S8YiYTs1j,Fc1ED3YPeQfXQosHbd8DTaBd2AV5gHQtwiSAL5C5pUhi,1757.770882586999,1748.6369986050004,1755.6563823297156,0.9987970558175526,0.7022625529318863,0.9981095804546188,1274.165276355,4295.903881097,5560.415347083428
CZgvH45CRmoaNJ7395Ao5CQZXkGznvqU7cErD6n7FaRg,4ZjU6MKvtqVQKCiowhvZ5yUsPxXX5SCzd5eFsPeXyey5,BsyWeshjDbCvjDojry3vKDCesmFRM37WtwcR4Kfgzqr,55.52884681000006,55.55159530999998,57.6324347112304,1.0378827946567677,0.023052973884492164,1.0,195.13063788,611.05591922,813.578650986052
KZMu9QBEdL97EFgamLbN5DE1AoKBG4HdrKKJo4Vuon3,DD4ACBWyVqdaKWh7v5btsgqQCCMwbKnuL2xd9pv7Gyuw,GcYqiJ1MAuYbNTNYXm1F1gQYTfTgkErACAhNU5dpVj9T,54.88937138000006,54.6791474299996,55.212013825190326,1.0058780495582034,0.02208480553007613,1.0,1337.85440933,1752.26457347,3097.9829573197026
MiMUFdSLMyCLpqpH6zkqdDrGYs7XBomwENbivdYjv9V,,,0.018779408999999983,0.016598062000000094,0.0,0.0,0.0,1.0,1337.85440933,1752.26457347,1752.26457347
BUSDgu5JdqP1rndBvXvanbEufS94FNh1w5FJcAj6vawb,Bgzr8cWubt89JQFXndVjtdKmDbGzuPxNhvjH1EhWCwbo,Dxaf8xPBBQsasRKW5Aa4Sw2YrbfGofY9xZueyyF23FBW,2885.6271055499983,2886.5502096200025,2884.0865707082544,0.9994661351639021,1.1536346282833017,1.0,7818.3232974,7427.92615501,15242.075524524273
ALLwa5WNZbvQsRKAqe1jdRGemdYQnW8E5k4msbRFcYtu,CGoM82Hbz7QVqTgvQatYtjvDWBvoUJp5qm21P8iMs9yb,3dxNNww8TivyN5FMy5dCNdi3Zcxv6e4kUfSPxfFwpdNq,0.11557009500000115,0.11549660399999961,391.0075278275913,3383.2932976959773,0.15640301113103652,3382.343490510835,3.282081726,5.487257919,29664.036209149926
MATgk4zXLXtYkwBH678J1xZbRDZ45LicNzkRBHkxTuY,y8dALFo1bJrSzPYjMX14HJX448pXqYmrfXHD1K8MXih,GN7Yuet3UyiWS5YVkEHv6oQKi4HGBJc3XDPt9zQhAqZz,495.0761830000001,495.235772,495.22475042512764,1.000300090027008,0.19808990017005107,1.0,4108.273561,3985.354786,8094.861198923877
MARpDPs5A7XiyCWPNH8GsMWPLxmwNn9SBmKvPa9LzgA,6YjT74rmcfCpw8LSjPNx5JTmZoYLGrTKnf9arfSgZ4SR,F8GSmi3vA8M8TsybLya1LQ4n1aFHCRbZ6k437PeTdXtg,19549.08597200003,20748.104878999875,18383.930820525915,0.9403984844538024,7.353572328210367,1.0,299210.876027,13866.284396,295243.73874388536
TETFuZgEmET6d9vYmz9iMFCxK1jKdKYxf3oPz8hSzJK,Eu1Ze6Z84LWNkq7SNoAHBJbXx5t1P95EwyqYohrfCRFV,ASMbv7WNu3qe4pkhREmvyEdwFNDZQ6B6iSrjkj4u8bdC,62.778589168999986,62.414668180999996,62.70965532954036,0.998901953032521,0.025083862131816143,0.9983895975791048,54.950469155,197.643106184,252.21495220631087
MiMy69CnJDY4V6cQWkU3HHfTyb8pqXJmhX4MisFYDnM,,,0.007937072999999989,0.006538009000000001,0.0,0.0,0.0,0.9983895975791048,54.950469155,197.643106184,197.32482124732806
FrnkTEL6yZ5Aycq2TrEgu29dCrwKG4LPUZydfiwqspkc,DjvZuMZ46fxKBoBpGMPcRcos4xdTtHFxwMh69DpA2ZFY,9rvDPJLAng4uVVqnnSoEXgNDFhBZQTny9AoQioYDZbQX,9.72507149099988,8.009235393999916,1655.5373087272444,170.2339474069029,0.6622149234908977,140.63125149860178,166.548846932,1447.242439866,231879.78318954792
HEDSDjj84KS7LKhZY7ejkCACTdPen62rKhCby1wXtgxc,EnnjMSFttpCTywBrYNt1J5QQeoSVkvzPipJDa8Y7kJow,6bjVT6JN2rSvpyn9PdfLYC8wJn4LWh49jpY47fnLDXZk,6.324103006000769,7.1438140100071905,5.60026982765776,0.8855437399333655,0.002240107931063104,1.0,43580.920148356,4603.458342904,43196.269360816535
BUSD5rCfUDpCxKGMvYU2yThChxgHoioK74PTPociGnv2,CcFHbafgYDZ8yA8Me1PdtDiVb2eeaS61LbqyKKK5CsNZ,26R9s4nmF3CFDTkiePDwRmtscn8i7r2eygbSijditJ58,0.10900023000000658,0.10847957000000008,0.108695607299681,0.9972053022243571,1.08695607299681e-05,1.0,96.83675378,51.70972093,148.27584524961054
KysFMBBoavfov2tLpvefWW6tPFt6rAeZWDJVy1mMQae,B8ka2V21TH3x64dFV8ETcjuQcwmrciJ2qzy1mJUttRew,7fSf7EYxBANyxzk2s5pymFgshA91tFYQNKKs5UnLWcYS,27.314142000008815,33.03228600000193,0.0,0.0,0.0,0.018286168033463248,130620.715782,3049.996135,55.772741826023456
BSCNHw8CmxbZ8hCWWzMf5FaG2ajPT6JxfznKUNuRVrn4,7n9kgNL633yGzCYksgnzHyjG73ZLBAwvEae5sbAekbzW,SscdxE99omdG9AiMVwmaEMQySQnCgeAh1sPj2Leutm2,528.3880797790016,529.2987907240004,527.2568912448733,0.9978591709816742,0.21090275649794932,1.0,6688.812717693,5023.861598604,11698.354711932818
MAR3XM1n9xWPQ3HJjAcC85o8DopWFP5p2WxGTaZ3fPB,6qG7GUhER8Cg9gDEgnebph9LdS6eu2eoWcA4R7z9uizK,4QV4CwRXVMY227KkFF9voNAfwWHVvVajXSXDKbUHkWZR,0.22349299999999772,0.004234000000000002,0.21017247848603152,0.9403984844538024,8.40689913944126e-05,0.018286168033463248,0.101606,24.765609,0.5484182160364628
daob129AwBGn9Y5r91uLoWZeYiGzbPmksauMhFZKTze,6VW5GQNyj4LStgmxEHLr5zUfW92vQnmbw8jTnCH7a38F,4VPCCUifPeBA1c7HWK358CHn2nyjm8pdTRk6Ps3KmnMQ,3.0749464340001964,2.741888921000026,485.010383977217,157.7297017646799,0.19400415359088677,140.17381553125875,47.691660164,225.051983258,39068.78652048101
