0,1,2,3,4,5,6,7,8,9,10,11
SoNcU2iwHMw6dGzsYNQkYFkUjwN1UdAjrWVRnStrZu2,8ivTTid27jZnYNc4w3CTA1Z6QS2twsFb8WMwUabeDJgc,CyXm53PMvHCbeXJBykU46Rcbo28xk5srhMZFg7gv6EYB,0.07466465600000127,0.07430342100000153,12.295562543721992,164.67714715945095,0.004918225017488797,163.13253621338387,11.920485561,15.058806459,4419.612844944064
BUSDTd9WiT6uBHJRgNvFXBsA7JrifsAtWzKfioN7ERcy,DyBxrn7gSc1EwnpWhDyhzvMHPtxpmBqRqotapLcKcfTM,Cds99GeBgoCpqBsoRWu1C6fF9LiUMd4pXQQD24s9LPff,159.75014611,160.09348110000008,158.79560508440895,0.9940247877774473,0.015879560508440894,0.9982909259347997,117.88613143,68.41961348,185.4844160696603
KEVpg4SYCVrqFxKijQH6hm4QxsRdoE51ud64bEEFUC9,2bPenuBYfqzD8p5dFjCcggwkHDsc2RQDnx9AoyYGUBjA,AE6n6iLuX8oYu61vt5hoDYkjswpnxFxrhSehxrnQTnbx,2299.5566449969992,2293.537720077001,2299.4488905225403,0.9999531411958504,0.9197795562090162,1.0,3219.919795299,4332.315327238,7552.084240945935
wrmcMSHFi3sWpAEy4rGDvQb3ezh3PhXoV2xNjgLBkKU,8p4mGnARWPBu6P2Gcw4adodLkNDorrXniZMhaY7eJXUn,AyY89zccbsgp9LKFgH4CFZMJmpSgqmPSdTfukhP227rc,0.015787660000003173,0.0747758599999976,5.19554808157567,329.0891798768548,0.002078219232630268,3342.8046130703665,27.12793463,0.0938128,9241.107619744676
WiiQFxXqp8P9Fs1rt9SVcDyA3KUdJmUsog6wnVQAwba,3S2jpqSYxho6wiz3cafhjXruVY8cg4HYa2v3BqBHYFSj,Dfe67M6TfrG74gKRtdqys4e6E9QirPD53BkF4FujFjuv,11138.823347434998,11146.143818206992,11114.160835600067,0.9977858961341182,1.1114160835600069,1.0,20864.615752468,6004.791610731,26823.210936801323
SUiuyGR7SFq3xeRVJonq84fjjeFwRSsFekcevJ53tzy,49GjCCPsv7fBqo6t3iKDrP1xxGDS8uWZbVCdfnp2gjMf,CEwj5xEbbJEjYqM8D6Ai8ByGz1mrh8mkAVsE5fzDSSSx,4.022324000000039,6.638612000000091,0.023332553749273812,0.005800764371361826,9.333021499709526e-06,0.9384974468176959,689.988505,1.337588,5.2577836593472
AURHmCnNwiW4uA2Qj1XvEh4iKgRUZYXtiY7FKAapUV5Y,BKWm4TRnTeKwfWXRyuzjRHU7iZDkPuXBX5b5V5jSVfGJ,A5Ww74HVrkj9nPeC7pHKLfgeDMEhBCpW1efQdz3TGLEg,0.028060889000016687,0.024749919999976555,4.371467126006693,155.78505463615545,0.0017485868504026772,137.29108758430016,272.479488026,1806.838787583,290511.09416613047
moFiBS1R4Lf3E3zzmBPnw3NF4RhWPkhREFviuzUaCAU,44ALBrpqi9PfZkBRTvbtRNtFJGsatfY4QydjtMbFWq8S,2ho8qEEie1UjVwWNBo9y4oAJZMyMLx8zPj9bxyUz6uWs,53.19919131400093,53.22954980000213,53.173324405917135,0.999513772532159,0.021269329762366854,1.0,32794.03425371,31637.916372002,64416.00526547653
Cob4usZcpHEY7Qt4ZCwj6WVg9S44zvzYV2v9qYF65dTf,NhFM9UXE48PyNAyeyPYA3iXztqKVJwA4bTdLj4ysM8w,6TuFuynuBoeskxyR2cz4wxyidk8dpDK7kAWw3UkjQGx,9.740114999999975,1649.8663439999946,0.0564843968596274,0.005799150919637761,2.2593758743850964e-05,1.0,38976.705744,71.586251,297.618049959768
BSCuChvaSj9b5HUSqgDVRzcnr2sSn7cXaamt1jbKH6hn,GnKpRj5kBVPMJfiwZtEuD9GYApLzPdW5JFuZTcyX4BTc,3dmwD9okkomV9nDwyuh4UMhKdUR13QpuKxRo89ycZB5t,1396.279951567,1380.7432162779999,1396.983599633283,1.0005039448324766,0.5587934398533131,0.997969132814722,1253.901205396,1756.099108382,3007.0658067575864
2jQoGQRixdcfuRPt9Zui7pk6ivnrQv79mf8h13Tyoa9K,,,0.00010782900000000026,8.923000000000004e-05,0.0,0.0,0.0,0.997969132814722,1253.901205396,1756.099108382,1752.532704328691
BSCrK1Nx9PXU9mF7STWWBqeHLxmtJDr9h7jheEy4tAWX,FfSySSbVJPvEo5a5AvrP3nySoXpRE2QPn1uUMpJJ1x7v,HL7Vcj6838ZmvBHDbQxXfjBNckNi83WvPiZQoMQLFeRM,0.02864727400000011,0.028478101999999894,96.70912595663411,3375.8578898862675,0.038683650382653645,3354.579000335458,0.596701241,1.209102328,6070.407871100292
BSCNHw8CmxbZ8hCWWzMf5FaG2ajPT6JxfznKUNuRVrn4,7n9kgNL633yGzCYksgnzHyjG73ZLBAwvEae5sbAekbzW,SscdxE99omdG9AiMVwmaEMQySQnCgeAh1sPj2Leutm2,528.3880797790016,529.2987907240004,527.293594393102,0.99792863346509,0.2109174377572408,1.0,6688.812717693,5023.861598604,11698.81933347529
SEQV6QiTpvTzrceiaYg9Avnwf7oc8ZALpnQMz6TyT4A,3dFMPj4r9mMmPHF32mz1gNDX7f8ftidWof7S8YiYTs1j,Fc1ED3YPeQfXQosHbd8DTaBd2AV5gHQtwiSAL5C5pUhi,2025.462583743998,2016.193524477,2026.7542220491846,1.0006377004026403,0.8107016888196739,0.9980049880289301,1339.968219182,4230.134073179,5562.517622518674
C2ypsDADXcCRz8HbV2zX1AXPSja7a1P3xZtRC91xGhJh,J9bYNuDpY1d1T86gLaw7DGk5D3CsUAf2tzUwxMvb6FTv,A2NGvvPrMGzsJ4jb52KEnSBVmsA7C34dV1GC7PerdgvG,16.480472707000104,16.732643485001063,2262.2449703555717,137.26820890244733,0.9048979881422288,139.40513320369584,2762.260380127,999.714334738,518535.8449020217
DEDaBEWzMCXohXYXoLzB4jK1xqMsd3SS9izXp2xvg9pe,GC5zHpW5GuVdw3C7covC6viyGdLS8ZAaVGDKMeru7p78,F8juxtAFueW19vxkdDArUkjVWAv9QV6yy1wCXUWQiXvh,6530181.481887984,4301.577462180008,6530181.481887984,1.0,2612.072592755194,0.0006466834407758505,1299.76923799,4975766.35955891,4517.514947886284
KysFMBBoavfov2tLpvefWW6tPFt6rAeZWDJVy1mMQae,B8ka2V21TH3x64dFV8ETcjuQcwmrciJ2qzy1mJUttRew,7fSf7EYxBANyxzk2s5pymFgshA91tFYQNKKs5UnLWcYS,40.90868100000898,49.801225999996404,0.0,0.0,0.0,0.01779336856455896,130591.350283,3073.817631,54.69357000862249
AUSejoEUCh2DBs9mof6BNC8Pubs22w4cJa1ccV9h44R,4xkyD7AfGQDwsQMy9MosRRNGoVJ1zosNinesxg1TzHG7,Cbm5gsQe3nSiCsFrvepVzMCD9xLK3ri9g3ypS2hdmVJ7,3047.6885920000022,3046.8760180000027,3046.0863505795974,0.9994742765305449,0.30460863505795976,1.0,14599.771331,14285.934979,28878.030867562615
MATgk4zXLXtYkwBH678J1xZbRDZ45LicNzkRBHkxTuY,y8dALFo1bJrSzPYjMX14HJX448pXqYmrfXHD1K8MXih,GN7Yuet3UyiWS5YVkEHv6oQKi4HGBJc3XDPt9zQhAqZz,165.85033999999996,165.91085199999998,165.90011003300984,1.000300090027008,0.06636004401320394,1.0,4108.273561,3985.354786,8094.861198923877
MiMy69CnJDY4V6cQWkU3HHfTyb8pqXJmhX4MisFYDnM,,,0.003498600000000001,0.004256999999999983,0.0,0.0,0.0,1.0,4108.273561,3985.354786,3985.354786
MARpDPs5A7XiyCWPNH8GsMWPLxmwNn9SBmKvPa9LzgA,6YjT74rmcfCpw8LSjPNx5JTmZoYLGrTKnf9arfSgZ4SR,F8GSmi3vA8M8TsybLya1LQ4n1aFHCRbZ6k437PeTdXtg,18840.280054000003,20031.117489999568,17662.276838011956,0.9374742194589648,7.064910735204783,1.0,299537.444355,13560.144804,294368.7766494367
JSoLLrxK5bYdHwTEWYaGgmeycBCNXKDiBCTw5hXGBg7,xG4wXczA7Dk4hccJ61CHKpDHW4NrNfQwgmWgkb9BuF2,BVR6WgfhsRr9Lob4QDnkEAiNGgAbv7ZieKcY9kSg3QYR,0.2995700070000247,0.25476162099997524,48.86358875705639,163.11241985267358,0.019545435502822558,137.3014740823559,17.191044317,172.073444523,26430.01042177681
MiMuMS9C4vBqcrYeeQPph1E7oAW9aNKvW9k6Zw9XffM,Afy2q2hh6Y474pshJa5fnQ6PfEchGyTbKrQpCZw2hr3m,5pXz9ksgjeL8Wgb37bksUaBFMLdFfsNNY3FQnikkCPtS,1.090888661000463,0.01650666200000117,0.0,0.0,0.0,0.0,25.963601783,7676.556958325,0.0
Lid8SLUxQ9RmF7XMqUA8c24RitTwzja8VSKngJxRcUa,4PgzyzLtds9bKZ2to9PMnKqJzKEUpjvNUaeN23phegax,AtymwxoVN9peZo7EXTcDz9jKVc4vRmisJKKrNfe3ewBa,16.020303725999952,13.53160586499962,2610.0873443793357,162.92371162372703,0.2610087344379336,137.31380419793015,952.176565456,7636.077063389,1203670.9308877268
FrnkTEL6yZ5Aycq2TrEgu29dCrwKG4LPUZydfiwqspkc,DjvZuMZ46fxKBoBpGMPcRcos4xdTtHFxwMh69DpA2ZFY,9rvDPJLAng4uVVqnnSoEXgNDFhBZQTny9AoQioYDZbQX,9.575450148000016,7.899760292999929,1595.396767436578,166.61323935458032,0.6381587069746313,137.4132235493286,166.529193819,1447.266501023,226619.52366981845
ALBpShJ9NLpE739pcHDF2LNVk5J4VYPvvKuV6jMPitZi,D6d156U1bPiJpDYRLextvDRccgFk7QzkQbJg42ceKEu5,GNcM8U5g8RwTZffwwm3kSQqUNPSwv5d2fbN9sLxPJqt2,6337.7422390000065,6330.451938000006,6328.5279023741505,0.9985461168538609,2.53141116094966,0.9968241183589086,45716.490041,54655.254309,100131.69929687961
BSC8REUo9LpiiWUuqMuLXs2D2yJsJfGd4HdiF3wCLxk5,AZjEH1zWVx1UJ6udMyRijGTzPteuLnaY18yNNmprJEsh,Caf8ypkSVR8xYnXNhjvfvdGCC7mrM3C11rz8Xi6NA6aK,3645.332820938002,3623.971955589001,3646.086007508917,1.0002066166816344,1.4584344030035667,1.0,3165.572734505,3073.470476313,6239.697270951876
B2izdXFYb2sNwbWWHmh75T4aQFtfXsUxem9u2p61HGzf,4DYwgJtxwuJdAjkj5RJSNH4e7U329V5cNp7d3a1nLrZv,EXNW64GEf1ACC6xY9BtKRiunrs6GoJSXBdxWN2eTPmrF,477.5602069999877,474.82780399999865,480.25588327279786,1.0056446836090978,0.04802558832727979,1.0,13119.778046,26612.355843,39806.19088509126
C98Sspw7XqnMsgxea3SLQVdbMDL8pKUc3RE82UvX9eq2,CSqgQJurPCzGxb4Cgwx5R61hWQUiaoUHcShNc8r1cKEL,6S2CR5EnukPhC914XkAns8m5GixjMAoUuZMsS5ubHuWc,5.920307000000079,6.967013000000037,0.0,0.0,0.0,1.0,672.998474,58.499146,58.499146
MATSnbbiTCv7Dc3trJrkrqjx7ckKdr6fwPoVwv9q3sD,631WX9JizSHJm4w6VanZeJAst9T8DeUUnPLesdGkCVtK,211maUSfpnXbPuW1iBu8b4dtJv5EbN1j7JJiEX5TZKEP,1634.409576000009,1634.6099739999918,1630.245927900152,0.9974525062989126,0.6520983711600609,0.9967009199549492,23416.118979,22190.933691,45474.19058787606
KwnjUuZhTMTSGAaavkLEmSyfobY16JNH4poL9oeeEvE,J63v6qEZmQpDqCD8bd4PXu2Pq5ZbyXrFcSa3Xt1HdAPQ,BnKQtTdLw9qPCDgZkWX3sURkBAoKCUYL1yahh6Mw7mRK,496.4086759999997,26014.165491999185,8.855259320238357,0.017838647365297788,0.0008855259320238358,1.0,280101.251178,527.120351,5523.747797343043
SAMyS8Jr2HJrkFwYVKbpUwsNStnQmvz3f8Tup8bWUWF,6jPzm5TFfquvgm25sTyN3MMGBfufRaFHMxobDWv6hMFW,Cj9ECoDmxsHTDzCY5ZA6RWrPbg9uFzEC1Qc2kso2vJG6,2912.363371950024,64.12211643000171,2928.93855742976,1.005691317793438,1.171575422971904,0.0,427.86453477,111664.52331848,430.29964780991753
KEN5P7p3asnb23Sw6yAmJRGvijfAzso3RqfyLAQhznt,9zj4aX38Uxf3h6AUjS4EipWS8mwbEofasHAf3a1uKGds,CwQDG1MWunn9cLNwcZLd8YBacweSR7ARo32w4mLua1Yr,44171.28426500037,44180.18788500014,44131.34539741572,0.9990958182844526,4.413134539741572,1.0,935791.61817,870803.937739,1805749.4302382881
KZMu9QBEdL97EFgamLbN5DE1AoKBG4HdrKKJo4Vuon3,DD4ACBWyVqdaKWh7v5btsgqQCCMwbKnuL2xd9pv7Gyuw,GcYqiJ1MAuYbNTNYXm1F1gQYTfTgkErACAhNU5dpVj9T,53.644976989999805,53.35705070999961,53.950287602071555,1.005691317793438,0.021580115040828622,1.0,1344.45497861,1745.63122543,3097.7379245822394
heyk4SZTeCUV6a65WiVA5bzic3KcxgVf1qxobfeV4tQ,9ZDpBKPqMABtGfq66FbVribaArMvtk63xxy91onZAtDt,DaTP4s6N7xxSPinbNZ3FB52EpRDRt87QShTuN3VPCW52,2.3098859329999186,2.0001065360003167,369.6334979697027,160.0224031364391,0.1478533991878811,137.52161839841222,605.507290129,4494.786027962,715024.9806029808
ALLwa5WNZbvQsRKAqe1jdRGemdYQnW8E5k4msbRFcYtu,CGoM82Hbz7QVqTgvQatYtjvDWBvoUJp5qm21P8iMs9yb,3dxNNww8TivyN5FMy5dCNdi3Zcxv6e4kUfSPxfFwpdNq,0.17357009500000098,0.17343054899999943,582.9586048230033,3358.6350507153893,0.2331834419292013,3357.4172060916976,3.224147781,5.545257919,29446.480095419683
RajgMbScQbqqrdJfR2rxfHJiTiY5b6bJ2tTXiF4aPxy,725ZA3fhyBAKb5iopNRrcbSuQa3LXA1656Q3mBvYPxeg,GLA6i1dSZpUfk2f9Nj8uiG7xyDdAR2reff8oEiZH3617,343.8859079499962,344.37313705999986,343.46364344283825,0.9987720796421256,0.1373854573771353,1.0,120980.17615321,63283.88736092,184115.50949293224
BSCsJRZuzNScmNdka9rr24iFediCUYHKh3Sya7TjVBni,,,0.13188608400000001,0.13280501100000003,0.0,0.0,0.0,1.0,120980.17615321,63283.88736092,63283.88736092
MAR3XM1n9xWPQ3HJjAcC85o8DopWFP5p2WxGTaZ3fPB,6qG7GUhER8Cg9gDEgnebph9LdS6eu2eoWcA4R7z9uizK,4QV4CwRXVMY227KkFF9voNAfwWHVvVajXSXDKbUHkWZR,0.22349299999999772,0.004234000000000002,0.209670474001452,0.9381523090273706,8.38681896005808e-05,0.017844176513737552,0.101606,24.765609,0.5372438019772424
ercAoEmXjQzEvAFbdjAo81KtMxRGn9AW1ju882upmPH,CMRhskR2Eg6V42RTSdRTXGdozyPbWB8U9dVpijPWb9T4,7TKLLgrWswt6ZJ1pXhVR3FyufHGjJFqiEXxvWJfDcgRm,22.62992632800001,18.088986479000006,3116.3601907169086,137.70969226979037,1.2465440762867637,122.90126124961334,50.794290762,409.897577787,57371.795443081064
STK75uPSyBnEhGTTzb1nwmP3n427XoXmfRhXxxhyady,6TYyD5fUmDe6N65avW1Ny2RxzRNobw2RRgKwH9CTzSAU,54zDfk4cx2vGrEajPtodWpArNe5eUurytyxd4X3aZAxK,112.86684261500028,128.50036417899878,15546.973106166093,137.74615064938357,1.5546973106166093,156.7518508474789,1744.372762605,292.129111766,286072.41230222024
BUSDgu5JdqP1rndBvXvanbEufS94FNh1w5FJcAj6vawb,Bgzr8cWubt89JQFXndVjtdKmDbGzuPxNhvjH1EhWCwbo,Dxaf8xPBBQsasRKW5Aa4Sw2YrbfGofY9xZueyyF23FBW,5514.546605729999,5516.764026670002,5510.871570805576,0.999333574419227,2.2043486283222307,1.0,7872.15278745,7375.34381657,15242.250400026689
CZgvH45CRmoaNJ7395Ao5CQZXkGznvqU7cErD6n7FaRg,4ZjU6MKvtqVQKCiowhvZ5yUsPxXX5SCzd5eFsPeXyey5,BsyWeshjDbCvjDojry3vKDCesmFRM37WtwcR4Kfgzqr,55.52884681000006,55.55159530999998,57.6324347112304,1.0378827946567677,0.023052973884492164,1.0,195.13063788,611.05591922,813.578650986052
SQDY9uoDoCbNq7F3HAHYYQZbrUzpKxDtdWLvYcqBLak,GiehZ4X2uQjhEKuxSm3ACmEFrabxh3RTvjbLfLjw1xGX,rxDQYV77NKRKYxCjq4cECX3QQsiSyLv1T1FT2X3zNA2,14.938137374999997,14.976901999999995,14.984594788529641,1.0031099870327471,0.005993837915411857,1.0,154.778370258,251.951269332,407.2109983144521
BerKDkt6v49dT1bHRedgnpsJS263C1DSJtEGvY9Mg35V,78XKqNb8wbfsMMrvo8WPUpdx7GEkfQutpNVH943aCGFa,DKYQwn4nDvFHCszi5tXbqfVMAP7DaXXp1KGTXEnYnKVH,316.208388354,317.259065985,314.4211628120306,0.994347950251185,0.12576846512481227,1.0,1337.213326346,639.382350696,1969.037680796714
parEAJhzYzHW87y9VoZAQ22dzQ2MD2ekEtTReaxbMcz,3oyc6hpjYSJEquK6dSvG72NXyz3pqLZz5D8AC71pwgQb,Di2vordgFJVZ1aj1aBpvzXtLfZgJsuLLXawGtVFwX6Rz,0.15900829399998884,0.18901210300009552,21.429120278071974,134.76731143391476,0.00857164811122879,160.28718334064777,1105.926746409,137.123375091,171021.89381989732
HEDSDjj84KS7LKhZY7ejkCACTdPen62rKhCby1wXtgxc,EnnjMSFttpCTywBrYNt1J5QQeoSVkvzPipJDa8Y7kJow,6bjVT6JN2rSvpyn9PdfLYC8wJn4LWh49jpY47fnLDXZk,7.371620293997694,8.053187187011645,6.527239127837991,0.8854551465642857,0.0026108956511351963,1.0,43583.184593976,4601.454831408,43192.40993380534
TETFuZgEmET6d9vYmz9iMFCxK1jKdKYxf3oPz8hSzJK,Eu1Ze6Z84LWNkq7SNoAHBJbXx5t1P95EwyqYohrfCRFV,ASMbv7WNu3qe4pkhREmvyEdwFNDZQ6B6iSrjkj4u8bdC,79.240825226,78.86639666100001,79.28832535524214,1.0005994401131824,0.031715330142096855,0.9981912774053416,63.783397112,188.803536128,252.28367434503787
GokA1R67GqSavkd15zR62QD68Tuc5AEfvjssntVDEbM8,3YB7hfpBdbQEuZqLGWVDpRPmeZWCUsrrWyqGXegnQ6Cg,4DPCj6Z1DsG6HUtwSogBGqXEUxdEV5a8YVrrFtcnz7UW,14876.072973000006,14876.730735999987,14875.805208506252,0.9999820003239941,1.4875805208506254,1.0,18117.93794,14370.977913,32488.58973598719
vEnkoSUkpnbRrPgBz9DfcVxNz67zjwMYBZraAvDDNSf,DtfyjjsZ5yCjWKLKHvwsfXs5QVsmm1QkK6Sh9JZHoq1g,e5wrKCRv4GhHvEf1VD5Pq2KGaZDXP77nTL612Jyrxwy,4701.283629000003,4702.728865000005,4690.752888764726,0.9977600287354887,0.4690752888764726,0.9981972557561045,18223.880006,13571.076142,31729.6700010602
YAkoNb6HKmSxQN9L8hiBE5tPJRsniSSMzND1boHmZxe,CfWX7o2TswwbxusJ4hCaPobu2jLCb1hfXuXJQjVq3jQF,EnTrdMMpdhugeH6Ban6gYZWXughWxKtVGfCwFn78ZmY3,1878576.5515519883,1875987.381921999,1878576.5515519883,1.0,187.85765515519884,0.9979432389844529,229916.848604,1664735.166763,1891228.0529747915
MiMUFdSLMyCLpqpH6zkqdDrGYs7XBomwENbivdYjv9V,,,0.013008062,0.015739999999999976,0.0,0.0,0.0,0.9979432389844529,229916.848604,1664735.166763,1661311.2043707916
daob129AwBGn9Y5r91uLoWZeYiGzbPmksauMhFZKTze,6VW5GQNyj4LStgmxEHLr5zUfW92vQnmbw8jTnCH7a38F,4VPCCUifPeBA1c7HWK358CHn2nyjm8pdTRk6Ps3KmnMQ,2.529165404000061,2.259191974000018,390.8952560412954,154.55503836287886,0.15635810241651818,137.78828581865048,47.595491474,225.160222398,38380.56408943068
Sid7E679i9ABqptiAVhkmQ27YHN8vaYT4fppPwmxFsJ,GP7KB8o1bv527HG8kTzzzf4wJ5aEGHvcMQvVhLziUfmT,9gYxhAZ1M9wu5pxr8SBoa5NDm21gi3s9vMHaYTME77sa,533.8075679999783,1645.4111109999976,3.1065139933870736,0.005819539061662759,0.0012426055973548296,0.017858603116851286,136055.322892,8687.518912,946.9262184366811
ACUSESXyNnwRLAg1dpSGMLSzUDdLjUMybY8rkXiAKhCP,AhFPQdu8GKBsxuhiH46UmCu1YpaLgNpoP325HnYtsgas,A8wxWpT3aFEr2XqZp1kDmbxbFfcBE95UUmdsNTDBJYbT,233.86086443800014,231.34306070799994,233.86086443800014,1.0,0.09354434577520006,0.987376864675526,1032.816526614,1853.963874243,2863.3775639857445
RoBgmK8CvjdHvPrqdDyVw54VwjZv2TqJ493xnqJAQHx,ExiHJxM7qPAcy27NDHAF6G7vnW7muNHi2sVJpnaNynGQ,6rkPHSqZb7StM4HwS9EuVrmfkV7tRdc7dnsFhyB6cefE,0.7926329999999986,50.09928899999977,0.0,0.0,0.0,0.9377203642856071,6339.163303,17.762029,16.655816304331516
Lee1XZJfJ9Hm2K1qTyeCz1LXNc1YBZaKZszvNY4KCDw,9DgFSWkPDGijNKcLGbr3p5xoJbHsPgXUTr6QvGBJ5vGN,2hNHZg7XBhuhHVZ3JDEi4buq2fPQwuWBdQ9xkH7t1GQX,245.63555236303455,204.90984392199152,40553.84177392666,165.09760653046885,4.055384177392666,137.6978976973469,6503.903028845,54104.260461828,8523821.745231979
