0,1,2,3,4,5,6,7,8,9,10,11
SoNcU2iwHMw6dGzsYNQkYFkUjwN1UdAjrWVRnStrZu2,8ivTTid27jZnYNc4w3CTA1Z6QS2twsFb8WMwUabeDJgc,CyXm53PMvHCbeXJBykU46Rcbo28xk5srhMZFg7gv6EYB,0.5590964410000012,0.5533726869999995,89.95574281214307,160.89485858870432,0.035982297124857225,159.33913773944292,12.566310724,16.344767088,4626.215881273644
JSoLLrxK5bYdHwTEWYaGgmeycBCNXKDiBCTw5hXGBg7,xG4wXczA7Dk4hccJ61CHKpDHW4NrNfQwgmWgkb9BuF2,BVR6WgfhsRr9Lob4QDnkEAiNGgAbv7ZieKcY9kSg3QYR,0.46256866499995297,0.39380619500000336,73.72245440683318,159.376239648314,0.029488981762733273,134.35782067315418,17.327760652,171.909560557,25859.02724355992
SoN9GaFpSXfpyR5dth3x7PHPVhvJMpQqqDJfCSmPv1t,9kZ9iS68ViMPtoeqtnhAKuF2iqVyfHPdZHoUNdwCELr,BBhm5fJLjw3HRzjtKB8uMEYjGhY6EDm9co3cqpjrSzB9,0.19925502599999945,0.1948576369999997,32.45996260315645,162.90661899367367,0.012983985041262582,159.36762924714733,3.055831386,5.141855716,1317.260514697825
KysFMBBoavfov2tLpvefWW6tPFt6rAeZWDJVy1mMQae,B8ka2V21TH3x64dFV8ETcjuQcwmrciJ2qzy1mJUttRew,7fSf7EYxBANyxzk2s5pymFgshA91tFYQNKKs5UnLWcYS,96.03972000000385,107.74632000002794,0.0,0.0,0.0,0.017804108550866452,130589.368949,3075.291795,54.75282894376894
MiMUFdSLMyCLpqpH6zkqdDrGYs7XBomwENbivdYjv9V,,,0.02463459200000001,0.029581089000000005,0.0,0.0,0.0,0.017804108550866452,130589.368949,3075.291795,54.75282894376894
MATSnbbiTCv7Dc3trJrkrqjx7ckKdr6fwPoVwv9q3sD,631WX9JizSHJm4w6VanZeJAst9T8DeUUnPLesdGkCVtK,211maUSfpnXbPuW1iBu8b4dtJv5EbN1j7JJiEX5TZKEP,13.466772000003402,13.469056999998429,13.45787634374019,0.999339436632386,0.005383150537496077,0.9993304485994384,23388.812016,22208.830965,45567.32323469277
Lee1XZJfJ9Hm2K1qTyeCz1LXNc1YBZaKZszvNY4KCDw,9DgFSWkPDGijNKcLGbr3p5xoJbHsPgXUTr6QvGBJ5vGN,2hNHZg7XBhuhHVZ3JDEi4buq2fPQwuWBdQ9xkH7t1GQX,540.452948344835,451.5570284200194,86988.02540510253,160.9539288693083,8.698802540510252,134.44116437879174,6536.868617784,54064.592295724,8320641.426436609
MiMy69CnJDY4V6cQWkU3HHfTyb8pqXJmhX4MisFYDnM,,,0.008365525999999984,0.006826332000000001,0.0,0.0,0.0,134.44116437879174,6536.868617784,54064.592295724,7268506.7399017885
STK75uPSyBnEhGTTzb1nwmP3n427XoXmfRhXxxhyady,6TYyD5fUmDe6N65avW1Ny2RxzRNobw2RRgKwH9CTzSAU,54zDfk4cx2vGrEajPtodWpArNe5eUurytyxd4X3aZAxK,183.62297131099956,208.3537969760069,24688.351421204206,134.4513229741278,2.4688351421204207,152.84368737229912,1536.512991544,259.271770206,246214.2578698541
MARpDPs5A7XiyCWPNH8GsMWPLxmwNn9SBmKvPa9LzgA,6YjT74rmcfCpw8LSjPNx5JTmZoYLGrTKnf9arfSgZ4SR,F8GSmi3vA8M8TsybLya1LQ4n1aFHCRbZ6k437PeTdXtg,12790.991531000007,13685.529422999825,12012.610414003802,0.9391461471059742,4.8050441656015215,1.0,299261.276244,13685.788391,294735.8629535692
FrnkTEL6yZ5Aycq2TrEgu29dCrwKG4LPUZydfiwqspkc,DjvZuMZ46fxKBoBpGMPcRcos4xdTtHFxwMh69DpA2ZFY,9rvDPJLAng4uVVqnnSoEXgNDFhBZQTny9AoQioYDZbQX,14.309270760999624,11.89414990399979,2330.3798095439734,162.8580413682225,0.9321519238175895,134.4228032692701,167.628482467,1446.091097635,221687.26545893552
BSC8REUo9LpiiWUuqMuLXs2D2yJsJfGd4HdiF3wCLxk5,AZjEH1zWVx1UJ6udMyRijGTzPteuLnaY18yNNmprJEsh,Caf8ypkSVR8xYnXNhjvfvdGCC7mrM3C11rz8Xi6NA6aK,610.0970508769997,611.8947113220001,607.8759978113286,0.9963595086019866,0.24315039912453146,1.0,3824.208621304,2407.654433961,6217.941056674934
Lid8SLUxQ9RmF7XMqUA8c24RitTwzja8VSKngJxRcUa,4PgzyzLtds9bKZ2to9PMnKqJzKEUpjvNUaeN23phegax,AtymwxoVN9peZo7EXTcDz9jKVc4vRmisJKKrNfe3ewBa,25.77175601299325,21.732464126000195,4108.782695916472,159.42967541074665,0.41087826959164725,134.32641749295323,953.573669543,7634.289100202,1177514.645551111
MAR3XM1n9xWPQ3HJjAcC85o8DopWFP5p2WxGTaZ3fPB,6qG7GUhER8Cg9gDEgnebph9LdS6eu2eoWcA4R7z9uizK,4QV4CwRXVMY227KkFF9voNAfwWHVvVajXSXDKbUHkWZR,0.005103999999999997,0.25224899999999906,0.00479340193482889,0.9391461471059742,1.917360773931556e-06,0.01786669547730868,0.101066,24.792823,0.537881563067227
7dwD9TF6uikvHXxPFK9AsSim54yJoujQjY9vU6gNFumk,CquVr6atkvwueDYficKjn6SSEWq4F4rH4VSiBbW4GBWU,8BCa6ge3b7ho3TfZuM64Vk1hgbrJ3J7EPiAb9uP86CGd,0.00010174200000000015,0.00010087500000000027,0.01622010443539557,159.42388035811706,6.488041774158229e-06,160.94791886293513,0.004134682,0.003382064,1.203503210748114
KZMu9QBEdL97EFgamLbN5DE1AoKBG4HdrKKJo4Vuon3,DD4ACBWyVqdaKWh7v5btsgqQCCMwbKnuL2xd9pv7Gyuw,GcYqiJ1MAuYbNTNYXm1F1gQYTfTgkErACAhNU5dpVj9T,40.52586191,40.18685960999983,40.88273342245462,1.0088060190612889,0.01635309336898185,1.0,1240.47523566,1850.13533211,3101.534216340279
ALBpShJ9NLpE739pcHDF2LNVk5J4VYPvvKuV6jMPitZi,D6d156U1bPiJpDYRLextvDRccgFk7QzkQbJg42ceKEu5,GNcM8U5g8RwTZffwwm3kSQqUNPSwv5d2fbN9sLxPJqt2,5782.071154000005,5789.179344999997,5775.671709745606,0.9988932263052537,2.3102686838982422,0.9940012027414553,53192.999119,47165.282176,100016.47371741456
B2izdXFYb2sNwbWWHmh75T4aQFtfXsUxem9u2p61HGzf,4DYwgJtxwuJdAjkj5RJSNH4e7U329V5cNp7d3a1nLrZv,EXNW64GEf1ACC6xY9BtKRiunrs6GoJSXBdxWN2eTPmrF,2026.810380999992,2014.2628210000094,2039.2333908168482,1.0061293399389077,0.2039233390816848,1.0,12842.405669,26889.7224,39810.843538978654
WiiQFxXqp8P9Fs1rt9SVcDyA3KUdJmUsog6wnVQAwba,3S2jpqSYxho6wiz3cafhjXruVY8cg4HYa2v3BqBHYFSj,Dfe67M6TfrG74gKRtdqys4e6E9QirPD53BkF4FujFjuv,60.53559063600096,60.49247934599862,60.64561190381167,1.0018174641835456,0.006064561190381167,1.0,6811.356627123,20047.847472418,26871.583496252155
BSCuChvaSj9b5HUSqgDVRzcnr2sSn7cXaamt1jbKH6hn,GnKpRj5kBVPMJfiwZtEuD9GYApLzPdW5JFuZTcyX4BTc,3dmwD9okkomV9nDwyuh4UMhKdUR13QpuKxRo89ycZB5t,19.344407365000052,19.33950853300007,19.256271372415963,0.9954438515007932,0.007702508548966385,0.9993454287441725,1930.56067942,1078.283601971,2999.342546797353
BSCNHw8CmxbZ8hCWWzMf5FaG2ajPT6JxfznKUNuRVrn4,7n9kgNL633yGzCYksgnzHyjG73ZLBAwvEae5sbAekbzW,SscdxE99omdG9AiMVwmaEMQySQnCgeAh1sPj2Leutm2,2300.6007120679997,2308.3371081140003,2294.4599250696992,0.9973307897515252,0.9177839700278798,1.0,6719.865546578,4992.401218784,11694.330031376701
GokA1R67GqSavkd15zR62QD68Tuc5AEfvjssntVDEbM8,3YB7hfpBdbQEuZqLGWVDpRPmeZWCUsrrWyqGXegnQ6Cg,4DPCj6Z1DsG6HUtwSogBGqXEUxdEV5a8YVrrFtcnz7UW,15539.076166000003,15539.654072999987,15535.72045038272,0.9997840466459245,1.553572045038272,1.0,19845.41602,12627.180413,32468.310748847456
SEQV6QiTpvTzrceiaYg9Avnwf7oc8ZALpnQMz6TyT4A,3dFMPj4r9mMmPHF32mz1gNDX7f8ftidWof7S8YiYTs1j,Fc1ED3YPeQfXQosHbd8DTaBd2AV5gHQtwiSAL5C5pUhi,749.2165993140002,749.057834947,748.3086031515534,0.9987880725503436,0.2993234412606214,0.998501249624314,2444.996223023,3119.839728995,5557.1969330151005
4vezWG46exH6pf9nry3n1VJ7hZHvjBJNgNeF4qEFCML5,,,0.03947199999999995,0.039213000000000164,0.0,0.0,0.0,0.998501249624314,2444.996223023,3119.839728995,3115.1638680290885
heyk4SZTeCUV6a65WiVA5bzic3KcxgVf1qxobfeV4tQ,9ZDpBKPqMABtGfq66FbVribaArMvtk63xxy91onZAtDt,DaTP4s6N7xxSPinbNZ3FB52EpRDRt87QShTuN3VPCW52,2.0498146780028037,1.762971195000091,320.414613040585,156.31394217196973,0.128165845216234,134.19101070522206,606.73615771,4496.470307362,698227.2158208513
BUSDgu5JdqP1rndBvXvanbEufS94FNh1w5FJcAj6vawb,Bgzr8cWubt89JQFXndVjtdKmDbGzuPxNhvjH1EhWCwbo,Dxaf8xPBBQsasRKW5Aa4Sw2YrbfGofY9xZueyyF23FBW,6124.752473570004,6172.1545279299935,6084.1786074813635,0.9933754276170786,2.4336714429925452,1.0,10555.6947792,4669.41093003,15155.178745113164
wrmcMSHFi3sWpAEy4rGDvQb3ezh3PhXoV2xNjgLBkKU,8p4mGnARWPBu6P2Gcw4adodLkNDorrXniZMhaY7eJXUn,AyY89zccbsgp9LKFgH4CFZMJmpSgqmPSdTfukhP227rc,0.007697299999999144,0.04296624999999962,2.328584782654472,302.51968646859694,0.000931433913061789,3491.8639569802363,27.17393401,0.08733909,8525.626217229998
Dg3mAgpwDfVNnbGWcsxL8sUcSkEbjSJQhKAWNigG44Ju,EATxwd8YA2wV93VJcKMmH2Kn2Y9XfJVUB9hHVu3udwEy,GiGvrRi7NMHfHKanG2B8xyCEqe8jaafWins8bhrLVEaa,6.941599999998882e-05,7.026700000001274e-05,0.01130565530324564,162.8681471598401,4.522262121298256e-06,160.8874810876766,0.195999304,0.263668128,74.34294444412133
Sid7E679i9ABqptiAVhkmQ27YHN8vaYT4fppPwmxFsJ,GP7KB8o1bv527HG8kTzzzf4wJ5aEGHvcMQvVhLziUfmT,9gYxhAZ1M9wu5pxr8SBoa5NDm21gi3s9vMHaYTME77sa,270.90408000000025,841.9886170000245,1.5734213193856168,0.005808038473933709,0.0006293685277542468,0.01785783293482984,136099.537589,8671.94079,945.3334204500554
daob129AwBGn9Y5r91uLoWZeYiGzbPmksauMhFZKTze,6VW5GQNyj4LStgmxEHLr5zUfW92vQnmbw8jTnCH7a38F,4VPCCUifPeBA1c7HWK358CHn2nyjm8pdTRk6Ps3KmnMQ,6.153581138999897,5.493411371000022,926.5592542150696,150.57236319559726,0.3706237016860278,134.38159939635784,47.749813029,224.969389872,37421.548616146596
Cob4usZcpHEY7Qt4ZCwj6WVg9S44zvzYV2v9qYF65dTf,NhFM9UXE48PyNAyeyPYA3iXztqKVJwA4bTdLj4ysM8w,6TuFuynuBoeskxyR2cz4wxyidk8dpDK7kAWw3UkjQGx,143.1085930000041,700.383219000001,0.8270227542312019,0.0057789873891861835,0.00033080910169248077,1.0,38934.876659,71.813722,296.8178832118805
RajgMbScQbqqrdJfR2rxfHJiTiY5b6bJ2tTXiF4aPxy,725ZA3fhyBAKb5iopNRrcbSuQa3LXA1656Q3mBvYPxeg,GLA6i1dSZpUfk2f9Nj8uiG7xyDdAR2reff8oEiZH3617,4046.415250160004,4049.0319085400115,4042.687205299893,0.9990786796140204,1.617074882119957,1.0,126217.05299872,58037.98310204,184138.74975677402
C98Sspw7XqnMsgxea3SLQVdbMDL8pKUc3RE82UvX9eq2,CSqgQJurPCzGxb4Cgwx5R61hWQUiaoUHcShNc8r1cKEL,6S2CR5EnukPhC914XkAns8m5GixjMAoUuZMsS5ubHuWc,27.575779000000026,31.320105999999868,0.0,0.0,0.0,1.0,667.724256,62.879081,62.879081
parEAJhzYzHW87y9VoZAQ22dzQ2MD2ekEtTReaxbMcz,3oyc6hpjYSJEquK6dSvG72NXyz3pqLZz5D8AC71pwgQb,Di2vordgFJVZ1aj1aBpvzXtLfZgJsuLLXawGtVFwX6Rz,0.4089982730000088,0.4799630599997329,53.8224600100077,131.5958124106958,0.021528984004003084,156.23000744123524,1106.341706699,137.419570501,167058.99621883323
YAkoNb6HKmSxQN9L8hiBE5tPJRsniSSMzND1boHmZxe,CfWX7o2TswwbxusJ4hCaPobu2jLCb1hfXuXJQjVq3jQF,EnTrdMMpdhugeH6Ban6gYZWXughWxKtVGfCwFn78ZmY3,2983394.0980419833,2981393.2249710145,2983394.0980419833,1.0,298.33940980419834,0.9994143431948879,342160.140951,1372497.35018,1713853.6787178686
SAMyS8Jr2HJrkFwYVKbpUwsNStnQmvz3f8Tup8bWUWF,6jPzm5TFfquvgm25sTyN3MMGBfufRaFHMxobDWv6hMFW,Cj9ECoDmxsHTDzCY5ZA6RWrPbg9uFzEC1Qc2kso2vJG6,1168.7677348699954,184.02479894000868,1179.05992582148,1.0088060190612889,0.471623970328592,0.0,431.80260124,111442.77209901,435.60506317723355
vEnkoSUkpnbRrPgBz9DfcVxNz67zjwMYBZraAvDDNSf,DtfyjjsZ5yCjWKLKHvwsfXs5QVsmm1QkK6Sh9JZHoq1g,e5wrKCRv4GhHvEf1VD5Pq2KGaZDXP77nTL612Jyrxwy,6068.215965999998,6069.711006999998,6063.692451431231,0.9992545561011487,0.6063692451431231,0.9990249516471923,12829.71124,10379.849224,23189.875779143862
TETFuZgEmET6d9vYmz9iMFCxK1jKdKYxf3oPz8hSzJK,Eu1Ze6Z84LWNkq7SNoAHBJbXx5t1P95EwyqYohrfCRFV,ASMbv7WNu3qe4pkhREmvyEdwFNDZQ6B6iSrjkj4u8bdC,100.02116783,100.19258318399999,99.43128101678954,0.9941023802660148,0.03977251240671582,0.9994842661186828,216.32614807,35.843610776,250.87546372165943
AURHmCnNwiW4uA2Qj1XvEh4iKgRUZYXtiY7FKAapUV5Y,BKWm4TRnTeKwfWXRyuzjRHU7iZDkPuXBX5b5V5jSVfGJ,A5Ww74HVrkj9nPeC7pHKLfgeDMEhBCpW1efQdz3TGLEg,0.011789601000145922,0.010439281999936156,1.7969588757067358,152.41897293084767,0.0007187835502826944,134.3952529446336,272.445238236,1806.877356035,284361.56269608584
SQDY9uoDoCbNq7F3HAHYYQZbrUzpKxDtdWLvYcqBLak,GiehZ4X2uQjhEKuxSm3ACmEFrabxh3RTvjbLfLjw1xGX,rxDQYV77NKRKYxCjq4cECX3QQsiSyLv1T1FT2X3zNA2,2.5911898660000077,2.596929000000017,2.5972023895317733,1.0023203716603937,0.0010388809558127094,1.0,167.14734288,239.54591052,407.08109735752885
ALLwa5WNZbvQsRKAqe1jdRGemdYQnW8E5k4msbRFcYtu,CGoM82Hbz7QVqTgvQatYtjvDWBvoUJp5qm21P8iMs9yb,3dxNNww8TivyN5FMy5dCNdi3Zcxv6e4kUfSPxfFwpdNq,0.9796637909999983,0.9790304010000002,3418.465318584683,3489.427036080676,1.3673861274338732,3488.3558681122413,3.169131623,5.598579094,30588.28980183985
MATgk4zXLXtYkwBH678J1xZbRDZ45LicNzkRBHkxTuY,y8dALFo1bJrSzPYjMX14HJX448pXqYmrfXHD1K8MXih,GN7Yuet3UyiWS5YVkEHv6oQKi4HGBJc3XDPt9zQhAqZz,0.9899109999996654,0.9902059999999437,0.9904071940038613,1.0005012511268145,0.0003961628776015446,1.0,3982.15414,4105.927049,8090.077248249824
KwnjUuZhTMTSGAaavkLEmSyfobY16JNH4poL9oeeEvE,J63v6qEZmQpDqCD8bd4PXu2Pq5ZbyXrFcSa3Xt1HdAPQ,BnKQtTdLw9qPCDgZkWX3sURkBAoKCUYL1yahh6Mw7mRK,192.08570300000042,10425.469986999698,3.4177620095502403,0.017792901585966723,0.00034177620095502407,1.0,280144.795871,526.138342,5510.72712475344
HEDSDjj84KS7LKhZY7ejkCACTdPen62rKhCby1wXtgxc,EnnjMSFttpCTywBrYNt1J5QQeoSVkvzPipJDa8Y7kJow,6bjVT6JN2rSvpyn9PdfLYC8wJn4LWh49jpY47fnLDXZk,224.64382430000023,251.73464902499109,199.69769542515263,0.8889525276175261,0.07987907817006105,1.0,43491.999500162,4682.239018568,43344.56190537719
BUSDTd9WiT6uBHJRgNvFXBsA7JrifsAtWzKfioN7ERcy,DyBxrn7gSc1EwnpWhDyhzvMHPtxpmBqRqotapLcKcfTM,Cds99GeBgoCpqBsoRWu1C6fF9LiUMd4pXQQD24s9LPff,141.46627969999997,141.65730085999996,141.2003119683701,0.9981199213537396,0.01412003119683701,0.9990918255305926,103.74945606,82.40907692,185.88863402339427
MiMuMS9C4vBqcrYeeQPph1E7oAW9aNKvW9k6Zw9XffM,Afy2q2hh6Y474pshJa5fnQ6PfEchGyTbKrQpCZw2hr3m,5pXz9ksgjeL8Wgb37bksUaBFMLdFfsNNY3FQnikkCPtS,0.01780825999999891,1.1776440000003277,0.0,0.0,0.0,0.0,25.964419226,7676.499991924,0.0
RoBgmK8CvjdHvPrqdDyVw54VwjZv2TqJ493xnqJAQHx,ExiHJxM7qPAcy27NDHAF6G7vnW7muNHi2sVJpnaNynGQ,6rkPHSqZb7StM4HwS9EuVrmfkV7tRdc7dnsFhyB6cefE,1.7923939999999945,112.56134999999904,0.0,0.0,0.0,0.9391461471059742,6341.144637,17.730865,16.651873549606172
SUiuyGR7SFq3xeRVJonq84fjjeFwRSsFekcevJ53tzy,49GjCCPsv7fBqo6t3iKDrP1xxGDS8uWZbVCdfnp2gjMf,CEwj5xEbbJEjYqM8D6Ai8ByGz1mrh8mkAVsE5fzDSSSx,0.022085999999999828,3.475298000000066,0.0001277872235688556,0.005785892582126985,5.111488942754224e-08,0.9391461471059742,688.057132,1.349487,5.248390172737968
AUSejoEUCh2DBs9mof6BNC8Pubs22w4cJa1ccV9h44R,4xkyD7AfGQDwsQMy9MosRRNGoVJ1zosNinesxg1TzHG7,Cbm5gsQe3nSiCsFrvepVzMCD9xLK3ri9g3ypS2hdmVJ7,291.6213889999981,291.77984900000047,291.46399844084004,0.999460291442621,0.029146399844084007,1.0,14677.833237,14205.817411,28875.72889579821
KEN5P7p3asnb23Sw6yAmJRGvijfAzso3RqfyLAQhznt,9zj4aX38Uxf3h6AUjS4EipWS8mwbEofasHAf3a1uKGds,CwQDG1MWunn9cLNwcZLd8YBacweSR7ARo32w4mLua1Yr,26185.582555999397,26187.959327000193,26185.268332779408,0.9999880001439984,2.618526833277941,1.0,987971.660445,945515.863641,1933475.668568341
C2ypsDADXcCRz8HbV2zX1AXPSja7a1P3xZtRC91xGhJh,J9bYNuDpY1d1T86gLaw7DGk5D3CsUAf2tzUwxMvb6FTv,A2NGvvPrMGzsJ4jb52KEnSBVmsA7C34dV1GC7PerdgvG,0.1587028540002393,0.15665993000015987,21.32764901909218,134.38730609759557,0.008531059607636872,136.05479198582853,3454.390940635,1343.47226509,647012.1322854266
