0,1,2,3,4,5,6,7,8,9,10,11
AUSejoEUCh2DBs9mof6BNC8Pubs22w4cJa1ccV9h44R,4xkyD7AfGQDwsQMy9MosRRNGoVJ1zosNinesxg1TzHG7,Cbm5gsQe3nSiCsFrvepVzMCD9xLK3ri9g3ypS2hdmVJ7,3225.31595,3222.5968029999967,3226.7034324759647,1.0004301849795412,0.32267034324759647,1.0,14321.339449,14563.94587,28891.44614411787
GokA1R67GqSavkd15zR62QD68Tuc5AEfvjssntVDEbM8,3YB7hfpBdbQEuZqLGWVDpRPmeZWCUsrrWyqGXegnQ6Cg,4DPCj6Z1DsG6HUtwSogBGqXEUxdEV5a8YVrrFtcnz7UW,63567.92665099997,63559.268100999965,63558.58353921971,0.999853021605824,6.355858353921971,1.0,19115.311356,13368.949578,32481.45139623272
JSoLLrxK5bYdHwTEWYaGgmeycBCNXKDiBCTw5hXGBg7,xG4wXczA7Dk4hccJ61CHKpDHW4NrNfQwgmWgkb9BuF2,BVR6WgfhsRr9Lob4QDnkEAiNGgAbv7ZieKcY9kSg3QYR,1.13809847699995,0.9630558189999725,194.4580288070195,170.86221687917086,0.0777832115228078,144.15657018075217,17.218671107,172.040303988,27742.760472819406
YAkoNb6HKmSxQN9L8hiBE5tPJRsniSSMzND1boHmZxe,CfWX7o2TswwbxusJ4hCaPobu2jLCb1hfXuXJQjVq3jQF,EnTrdMMpdhugeH6Ban6gYZWXughWxKtVGfCwFn78ZmY3,4533977.558580006,4530315.0221690275,4533977.558580006,1.0,453.39775585800055,0.9982351203072967,303381.517229,1590394.840782,1890969.5024531237
Lee1XZJfJ9Hm2K1qTyeCz1LXNc1YBZaKZszvNY4KCDw,9DgFSWkPDGijNKcLGbr3p5xoJbHsPgXUTr6QvGBJ5vGN,2hNHZg7XBhuhHVZ3JDEi4buq2fPQwuWBdQ9xkH7t1GQX,855.3603494819681,714.0834527890038,147861.86729153356,172.8650005592183,14.786186729153357,144.27453713121625,6513.537790194,54092.619135636,8930150.30175343
DEDaBEWzMCXohXYXoLzB4jK1xqMsd3SS9izXp2xvg9pe,GC5zHpW5GuVdw3C7covC6viyGdLS8ZAaVGDKMeru7p78,F8juxtAFueW19vxkdDArUkjVWAv9QV6yy1wCXUWQiXvh,5228503.003687422,1659.0606586999997,5228503.003687422,1.0,2091.4012014749687,0.0003342378017727275,844.0510465,5964625.75595236,2837.6544475665096
KZMu9QBEdL97EFgamLbN5DE1AoKBG4HdrKKJo4Vuon3,DD4ACBWyVqdaKWh7v5btsgqQCCMwbKnuL2xd9pv7Gyuw,GcYqiJ1MAuYbNTNYXm1F1gQYTfTgkErACAhNU5dpVj9T,62.588092499999675,62.099454299999934,63.11432650035104,1.0084078932482463,0.025245730600140414,1.0,1253.04637432,1837.58106313,3101.162917600385
ALLwa5WNZbvQsRKAqe1jdRGemdYQnW8E5k4msbRFcYtu,CGoM82Hbz7QVqTgvQatYtjvDWBvoUJp5qm21P8iMs9yb,3dxNNww8TivyN5FMy5dCNdi3Zcxv6e4kUfSPxfFwpdNq,0.1126991149999994,0.11270417699999946,388.41673272445087,3446.493193175944,0.15536669308978035,3446.0893777741016,3.31413285,5.455126276,30220.98902294578
Dg3mAgpwDfVNnbGWcsxL8sUcSkEbjSJQhKAWNigG44Ju,EATxwd8YA2wV93VJcKMmH2Kn2Y9XfJVUB9hHVu3udwEy,GiGvrRi7NMHfHKanG2B8xyCEqe8jaafWins8bhrLVEaa,0.00010862900000002673,0.00010738700000001433,0.01902643916466923,175.15064268901074,7.610575665867693e-06,172.9021522514108,0.195768198,0.263902168,79.9181785287829
WiiQFxXqp8P9Fs1rt9SVcDyA3KUdJmUsog6wnVQAwba,3S2jpqSYxho6wiz3cafhjXruVY8cg4HYa2v3BqBHYFSj,Dfe67M6TfrG74gKRtdqys4e6E9QirPD53BkF4FujFjuv,13987.489139038997,13975.376658039993,13995.204135270607,1.0005515640552012,1.399520413527061,1.0,9747.355469318,17114.006385708,26866.738145936142
BSCNHw8CmxbZ8hCWWzMf5FaG2ajPT6JxfznKUNuRVrn4,7n9kgNL633yGzCYksgnzHyjG73ZLBAwvEae5sbAekbzW,SscdxE99omdG9AiMVwmaEMQySQnCgeAh1sPj2Leutm2,46.44477854300112,46.53343510000013,46.340739227406104,0.9977599351561405,0.018536295690962445,1.0,6639.386572179,5072.974578854,11697.48849458787
KwnjUuZhTMTSGAaavkLEmSyfobY16JNH4poL9oeeEvE,J63v6qEZmQpDqCD8bd4PXu2Pq5ZbyXrFcSa3Xt1HdAPQ,BnKQtTdLw9qPCDgZkWX3sURkBAoKCUYL1yahh6Mw7mRK,75.80824199999972,4048.2240760001005,1.3845158266375721,0.01826339445567907,0.00013845158266375721,1.0,279639.990848,535.392822,5642.568280439508
BSC8REUo9LpiiWUuqMuLXs2D2yJsJfGd4HdiF3wCLxk5,AZjEH1zWVx1UJ6udMyRijGTzPteuLnaY18yNNmprJEsh,Caf8ypkSVR8xYnXNhjvfvdGCC7mrM3C11rz8Xi6NA6aK,1168.0046498250003,1164.2452899560005,1171.7301447290236,1.0031896233500281,0.4686920578916095,1.0,2393.314857291,3845.288825558,6246.237455801785
MiMuMS9C4vBqcrYeeQPph1E7oAW9aNKvW9k6Zw9XffM,Afy2q2hh6Y474pshJa5fnQ6PfEchGyTbKrQpCZw2hr3m,5pXz9ksgjeL8Wgb37bksUaBFMLdFfsNNY3FQnikkCPtS,0.7116574000001492,0.010766520000000668,0.0,0.0,0.0,0.0,25.973194145,7675.921553986,0.0
vEnkoSUkpnbRrPgBz9DfcVxNz67zjwMYBZraAvDDNSf,DtfyjjsZ5yCjWKLKHvwsfXs5QVsmm1QkK6Sh9JZHoq1g,e5wrKCRv4GhHvEf1VD5Pq2KGaZDXP77nTL612Jyrxwy,12610.316979000001,12614.012724000006,12523.752799648828,0.9931354477849107,1.252375279964883,0.9985720419799686,12415.233317,10777.385606,23092.00425142188
Sid7E679i9ABqptiAVhkmQ27YHN8vaYT4fppPwmxFsJ,GP7KB8o1bv527HG8kTzzzf4wJ5aEGHvcMQvVhLziUfmT,9gYxhAZ1M9wu5pxr8SBoa5NDm21gi3s9vMHaYTME77sa,111.37585099999706,347.32042100004037,0.657065574938292,0.005899533597622606,0.0002628262299753168,0.01826072976742185,136243.434857,8625.973249,961.2892878753772
SEQV6QiTpvTzrceiaYg9Avnwf7oc8ZALpnQMz6TyT4A,3dFMPj4r9mMmPHF32mz1gNDX7f8ftidWof7S8YiYTs1j,Fc1ED3YPeQfXQosHbd8DTaBd2AV5gHQtwiSAL5C5pUhi,1327.3209085320004,1321.4490669359998,1328.8035037668826,1.001116983259551,0.5315214015067532,0.998476325127855,1448.924817384,4119.748514919,5564.014599776627
BSCuChvaSj9b5HUSqgDVRzcnr2sSn7cXaamt1jbKH6hn,GnKpRj5kBVPMJfiwZtEuD9GYApLzPdW5JFuZTcyX4BTc,3dmwD9okkomV9nDwyuh4UMhKdUR13QpuKxRo89ycZB5t,170.817996914,171.41845798000008,171.59544956520855,1.0045513509422546,0.06863817982608343,0.9981364791933459,1016.724703662,1993.603709949,3011.240762555313
STK75uPSyBnEhGTTzb1nwmP3n427XoXmfRhXxxhyady,6TYyD5fUmDe6N65avW1Ny2RxzRNobw2RRgKwH9CTzSAU,54zDfk4cx2vGrEajPtodWpArNe5eUurytyxd4X3aZAxK,264.33752164800353,300.6750434870037,38170.70607631,144.40139197165806,3.817070607631001,164.2658123092258,1729.621018645,289.749883063,297355.68258362205
wrmcMSHFi3sWpAEy4rGDvQb3ezh3PhXoV2xNjgLBkKU,8p4mGnARWPBu6P2Gcw4adodLkNDorrXniZMhaY7eJXUn,AyY89zccbsgp9LKFgH4CFZMJmpSgqmPSdTfukhP227rc,0.008847889999999276,0.08783646999999624,2.995030786780564,338.50226288762735,0.0011980123147122255,3444.1191665231618,27.10409834,0.0937879,9497.81532559674
BkwbeSfcX1h4thMDd7obGkHrPevf3QwgzJ4pCEqG18Lu,35yX27bmurdebhfAb8EPmjLETDiUaEUCn9zHaDPbakH2,2CxECn1ZJFoESyUnQysQU8rRgT3iJ5GRs2Mdd6gZjx5g,0.0039665699999993365,0.003397019999999973,0.0,0.0,0.0,0.0,1.55926141,21.09170206,0.0
ALBpShJ9NLpE739pcHDF2LNVk5J4VYPvvKuV6jMPitZi,D6d156U1bPiJpDYRLextvDRccgFk7QzkQbJg42ceKEu5,GNcM8U5g8RwTZffwwm3kSQqUNPSwv5d2fbN9sLxPJqt2,4081.909414000009,4081.3512319999863,4076.7645371541203,0.9987395906366165,1.630705814861648,0.9984005622991966,49026.366048,51339.079211,100221.53830936583
moFiBS1R4Lf3E3zzmBPnw3NF4RhWPkhREFviuzUaCAU,44ALBrpqi9PfZkBRTvbtRNtFJGsatfY4QydjtMbFWq8S,2ho8qEEie1UjVwWNBo9y4oAJZMyMLx8zPj9bxyUz6uWs,8.585623400002078,8.620045000003302,8.551628921953384,0.9960405346863124,0.003420651568781354,1.0,41897.835089558,22545.60795776,64277.5500225623
heyk4SZTeCUV6a65WiVA5bzic3KcxgVf1qxobfeV4tQ,9ZDpBKPqMABtGfq66FbVribaArMvtk63xxy91onZAtDt,DaTP4s6N7xxSPinbNZ3FB52EpRDRt87QShTuN3VPCW52,1.818797320000499,1.5717816000003495,305.34562462654355,167.88326069584255,0.12213824985061741,144.22372445653616,607.462390072,4495.62909717,750359.1389644096
C2ypsDADXcCRz8HbV2zX1AXPSja7a1P3xZtRC91xGhJh,J9bYNuDpY1d1T86gLaw7DGk5D3CsUAf2tzUwxMvb6FTv,A2NGvvPrMGzsJ4jb52KEnSBVmsA7C34dV1GC7PerdgvG,31.681164518999935,32.141721171999734,4572.368570018305,144.32451077598958,1.8289474280073221,146.4484350666677,2741.540056314,1012.175637859,543902.9655773537
MARpDPs5A7XiyCWPNH8GsMWPLxmwNn9SBmKvPa9LzgA,6YjT74rmcfCpw8LSjPNx5JTmZoYLGrTKnf9arfSgZ4SR,F8GSmi3vA8M8TsybLya1LQ4n1aFHCRbZ6k437PeTdXtg,24302.65511100005,25212.25412799997,23267.729759047383,0.9574151323291326,9.307091903618954,1.0,296343.759684,16574.407776,300298.4076687695
Cob4usZcpHEY7Qt4ZCwj6WVg9S44zvzYV2v9qYF65dTf,NhFM9UXE48PyNAyeyPYA3iXztqKVJwA4bTdLj4ysM8w,6TuFuynuBoeskxyR2cz4wxyidk8dpDK7kAWw3UkjQGx,2.121845999999991,353.7876919999908,0.012521085796664435,0.005901034192238499,5.008434318665774e-06,1.0,38790.069784,72.675114,301.57664211470143
DFWzVTzNBrQZLjoQ4yQwkj9HuoXmfkuZP9V5vbymZe23,DhgiEgiNdqZdRdo195UUHnoEJUtefK8buko8nU97XJUZ,2K2kkXsouBHtWVjtcgkyiXd8eP3oVBvq1bTJzcVdLLr2,4.193537811999704,4.2114097960002255,4.179076127418924,0.9965514357496912,0.0016716304509675694,1.0,37260.747502256,30699.483704439,67831.73512491894
SRMuKizofcAMicegrfSv7xs9q76tH1w8aAF7oX9FEWu,72Hj2KWntXPfbie4UgKeTPnm1XVkomDfCnRPKbvfTtPi,6aqJQ5wedqpUt4fFEDUqUmXhrdxCu4bEJsQdVPCADLko,0.40890500000023167,0.021432999999888125,0.014453741329415884,0.03534743113781366,5.781496531766354e-06,0.03541203137930925,16653.483104,5250.382664,774.5845628743326
MATSnbbiTCv7Dc3trJrkrqjx7ckKdr6fwPoVwv9q3sD,631WX9JizSHJm4w6VanZeJAst9T8DeUUnPLesdGkCVtK,211maUSfpnXbPuW1iBu8b4dtJv5EbN1j7JJiEX5TZKEP,2885.2279390000076,2885.786334000004,2881.8820739121957,0.9988403463578786,1.1527528295648783,0.9951367666215205,24023.560561,21582.897863,45473.636745207055
MiMUFdSLMyCLpqpH6zkqdDrGYs7XBomwENbivdYjv9V,,,0.010766520000000002,0.013002999999999987,0.0,0.0,0.0,0.9951367666215205,24023.560561,21582.897863,21477.935193708345
SoN9GaFpSXfpyR5dth3x7PHPVhvJMpQqqDJfCSmPv1t,9kZ9iS68ViMPtoeqtnhAKuF2iqVyfHPdZHoUNdwCELr,BBhm5fJLjw3HRzjtKB8uMEYjGhY6EDm9co3cqpjrSzB9,0.13659610000000155,0.13386938700000028,23.926252490126906,175.1605828433362,0.009570500996050762,171.2871078531542,3.051205159,5.11928522,1411.3184336342324
RoBgmK8CvjdHvPrqdDyVw54VwjZv2TqJ493xnqJAQHx,ExiHJxM7qPAcy27NDHAF6G7vnW7muNHi2sVJpnaNynGQ,6rkPHSqZb7StM4HwS9EuVrmfkV7tRdc7dnsFhyB6cefE,18.978522999999768,0.2973649999999992,0.0,0.0,0.0,0.9573051477169707,6319.207184,18.074285,17.302606071803627
RajgMbScQbqqrdJfR2rxfHJiTiY5b6bJ2tTXiF4aPxy,725ZA3fhyBAKb5iopNRrcbSuQa3LXA1656Q3mBvYPxeg,GLA6i1dSZpUfk2f9Nj8uiG7xyDdAR2reff8oEiZH3617,911.0302154799938,911.7242446300224,910.1351430735381,0.9990175162236697,0.36405405722941525,1.0,118981.66727184,65278.94591494,184143.7156290047
Lid8SLUxQ9RmF7XMqUA8c24RitTwzja8VSKngJxRcUa,4PgzyzLtds9bKZ2to9PMnKqJzKEUpjvNUaeN23phegax,AtymwxoVN9peZo7EXTcDz9jKVc4vRmisJKKrNfe3ewBa,122.87001863700402,103.60401398300064,21052.270454042256,171.33773305786795,2.105227045404226,144.37724966825718,952.854033861,7635.266528835,1265618.632014087
B2izdXFYb2sNwbWWHmh75T4aQFtfXsUxem9u2p61HGzf,4DYwgJtxwuJdAjkj5RJSNH4e7U329V5cNp7d3a1nLrZv,EXNW64GEf1ACC6xY9BtKRiunrs6GoJSXBdxWN2eTPmrF,3686.2219589999986,3664.6884589999972,3706.6306674550065,1.0055364838802447,0.37066306674550065,1.0,13030.079371,26702.45245,39804.672645395854
KEVpg4SYCVrqFxKijQH6hm4QxsRdoE51ud64bEEFUC9,2bPenuBYfqzD8p5dFjCcggwkHDsc2RQDnx9AoyYGUBjA,AE6n6iLuX8oYu61vt5hoDYkjswpnxFxrhSehxrnQTnbx,1060.9511026490009,1058.1207224549996,1063.5323456378844,1.0024329518885824,0.42541293825515375,1.0,1642.81107061,5909.937450945,7556.745401851825
KysFMBBoavfov2tLpvefWW6tPFt6rAeZWDJVy1mMQae,B8ka2V21TH3x64dFV8ETcjuQcwmrciJ2qzy1mJUttRew,7fSf7EYxBANyxzk2s5pymFgshA91tFYQNKKs5UnLWcYS,15.389599999999973,18.97852299999795,0.0,0.0,0.0,0.018289482713439362,130611.306402,3057.591534,55.92176750585155
SUiuyGR7SFq3xeRVJonq84fjjeFwRSsFekcevJ53tzy,49GjCCPsv7fBqo6t3iKDrP1xxGDS8uWZbVCdfnp2gjMf,CEwj5xEbbJEjYqM8D6Ai8ByGz1mrh8mkAVsE5fzDSSSx,1.9900090000000423,4.51716199999994,0.01176759757463012,0.005913338871648254,4.707039029852049e-06,0.9579874599441494,688.5125,1.34674,5.361567761670902
BUSDgu5JdqP1rndBvXvanbEufS94FNh1w5FJcAj6vawb,Bgzr8cWubt89JQFXndVjtdKmDbGzuPxNhvjH1EhWCwbo,Dxaf8xPBBQsasRKW5Aa4Sw2YrbfGofY9xZueyyF23FBW,4979.8697006400025,4980.906788299999,4979.802622698674,0.9999865301814383,1.9919210490794699,1.0,7842.51349811,7400.76562651,15243.173487386113
MATgk4zXLXtYkwBH678J1xZbRDZ45LicNzkRBHkxTuY,y8dALFo1bJrSzPYjMX14HJX448pXqYmrfXHD1K8MXih,GN7Yuet3UyiWS5YVkEHv6oQKi4HGBJc3XDPt9zQhAqZz,5279.281525999999,5284.020616999999,5274.671463141213,0.9991267632089553,2.1098685852564856,1.0,4773.586987,3319.120925,8088.539440217699
ACUSESXyNnwRLAg1dpSGMLSzUDdLjUMybY8rkXiAKhCP,AhFPQdu8GKBsxuhiH46UmCu1YpaLgNpoP325HnYtsgas,A8wxWpT3aFEr2XqZp1kDmbxbFfcBE95UUmdsNTDBJYbT,1.1937723470000492,1.2100000000000364,1.1937723470000492,1.0,0.0004775089388000197,0.9873743572054702,1032.723999322,1853.963874243,2863.2803879348453
SAMyS8Jr2HJrkFwYVKbpUwsNStnQmvz3f8Tup8bWUWF,6jPzm5TFfquvgm25sTyN3MMGBfufRaFHMxobDWv6hMFW,Cj9ECoDmxsHTDzCY5ZA6RWrPbg9uFzEC1Qc2kso2vJG6,629.5244481299887,11.626097580000021,634.8174224870269,1.0084078932482463,0.25392696899481076,0.0,435.43367605,111245.55863612,439.09475591491986
C98Sspw7XqnMsgxea3SLQVdbMDL8pKUc3RE82UvX9eq2,CSqgQJurPCzGxb4Cgwx5R61hWQUiaoUHcShNc8r1cKEL,6S2CR5EnukPhC914XkAns8m5GixjMAoUuZMsS5ubHuWc,25.829472999999993,30.16399600000011,0.0,0.0,0.0,1.0,687.90916,65.194561,65.194561
AURHmCnNwiW4uA2Qj1XvEh4iKgRUZYXtiY7FKAapUV5Y,BKWm4TRnTeKwfWXRyuzjRHU7iZDkPuXBX5b5V5jSVfGJ,A5Ww74HVrkj9nPeC7pHKLfgeDMEhBCpW1efQdz3TGLEg,0.01583242100014104,0.013964225999984592,2.5968032221254216,164.01807544798666,0.0010387212888501687,144.50839904491508,272.46320922,1806.857156353,305794.9261740664
MAR3XM1n9xWPQ3HJjAcC85o8DopWFP5p2WxGTaZ3fPB,6qG7GUhER8Cg9gDEgnebph9LdS6eu2eoWcA4R7z9uizK,4QV4CwRXVMY227KkFF9voNAfwWHVvVajXSXDKbUHkWZR,0.2123109999999997,0.004050999999999999,0.20339517260869744,0.9580058150952976,8.135806904347897e-05,0.01830207780744036,0.101946,24.748144,0.5506073179034435
SoNcU2iwHMw6dGzsYNQkYFkUjwN1UdAjrWVRnStrZu2,8ivTTid27jZnYNc4w3CTA1Z6QS2twsFb8WMwUabeDJgc,CyXm53PMvHCbeXJBykU46Rcbo28xk5srhMZFg7gv6EYB,0.5430036929999975,0.5377946680000001,94.012955174131,173.13501986464652,0.037605182069652396,171.58397748818214,11.933866189,15.045221539,4647.689113547038
FrnkTEL6yZ5Aycq2TrEgu29dCrwKG4LPUZydfiwqspkc,DjvZuMZ46fxKBoBpGMPcRcos4xdTtHFxwMh69DpA2ZFY,9rvDPJLAng4uVVqnnSoEXgNDFhBZQTny9AoQioYDZbQX,11.78157575499975,9.711146147999983,2069.470410267653,175.65310899855066,0.8277881641070612,144.67278632552825,166.731512172,1447.198425469,238657.13705955906
HEDSDjj84KS7LKhZY7ejkCACTdPen62rKhCby1wXtgxc,EnnjMSFttpCTywBrYNt1J5QQeoSVkvzPipJDa8Y7kJow,6bjVT6JN2rSvpyn9PdfLYC8wJn4LWh49jpY47fnLDXZk,61.997889662997295,69.76209492299677,54.90695077721375,0.8856261249483193,0.021962780310885503,1.0,43578.808845997,4605.323054219,43199.854662362864
daob129AwBGn9Y5r91uLoWZeYiGzbPmksauMhFZKTze,6VW5GQNyj4LStgmxEHLr5zUfW92vQnmbw8jTnCH7a38F,4VPCCUifPeBA1c7HWK358CHn2nyjm8pdTRk6Ps3KmnMQ,9.0230888540001,8.062590762000035,1464.36020504413,162.29034521753073,0.585744082017652,144.65742517883996,47.797340909,224.931028259,40294.99034737744
TETFuZgEmET6d9vYmz9iMFCxK1jKdKYxf3oPz8hSzJK,Eu1Ze6Z84LWNkq7SNoAHBJbXx5t1P95EwyqYohrfCRFV,ASMbv7WNu3qe4pkhREmvyEdwFNDZQ6B6iSrjkj4u8bdC,102.10592030199999,101.90490223799999,102.3887395021402,1.0027698609375804,0.04095549580085608,0.9987196414196999,43.44070072,209.151687253,252.44492351566686
BUSDTd9WiT6uBHJRgNvFXBsA7JrifsAtWzKfioN7ERcy,DyBxrn7gSc1EwnpWhDyhzvMHPtxpmBqRqotapLcKcfTM,Cds99GeBgoCpqBsoRWu1C6fF9LiUMd4pXQQD24s9LPff,111.06386138,111.21253427999997,110.399130551091,0.9940148773809092,0.011039913055109101,0.9986637878518542,115.31900079,70.94814397,185.48214462809972
KEN5P7p3asnb23Sw6yAmJRGvijfAzso3RqfyLAQhznt,9zj4aX38Uxf3h6AUjS4EipWS8mwbEofasHAf3a1uKGds,CwQDG1MWunn9cLNwcZLd8YBacweSR7ARo32w4mLua1Yr,102836.35286000033,102860.12923999922,102791.43300377768,0.999563190885583,10.27914330037777,1.0,925362.028122,881325.365718,1806283.187271981
