0,1,2,3,4,5,6,7,8,9,10,11
STK75uPSyBnEhGTTzb1nwmP3n427XoXmfRhXxxhyady,6TYyD5fUmDe6N65avW1Ny2RxzRNobw2RRgKwH9CTzSAU,54zDfk4cx2vGrEajPtodWpArNe5eUurytyxd4X3aZAxK,309.07426219899895,351.05891323999816,42394.17440983711,137.16501046774778,4.239417440983711,156.19735660965515,1702.190716279,285.804801048,278122.96184655814
ALLwa5WNZbvQsRKAqe1jdRGemdYQnW8E5k4msbRFcYtu,CGoM82Hbz7QVqTgvQatYtjvDWBvoUJp5qm21P8iMs9yb,3dxNNww8TivyN5FMy5dCNdi3Zcxv6e4kUfSPxfFwpdNq,0.16228509500000055,0.16234991799999943,546.3960641055876,3366.890003703579,0.21855842564223504,3369.1133167572957,3.850029559,4.918713035,29534.327623686593
JSoLLrxK5bYdHwTEWYaGgmeycBCNXKDiBCTw5hXGBg7,xG4wXczA7Dk4hccJ61CHKpDHW4NrNfQwgmWgkb9BuF2,BVR6WgfhsRr9Lob4QDnkEAiNGgAbv7ZieKcY9kSg3QYR,0.7792595409999237,0.6603059039999906,126.99165719434149,162.9645201794891,0.0507966628777366,137.31044807557348,17.29016072,171.954605145,26428.84662667931
BerKDkt6v49dT1bHRedgnpsJS263C1DSJtEGvY9Mg35V,78XKqNb8wbfsMMrvo8WPUpdx7GEkfQutpNVH943aCGFa,DKYQwn4nDvFHCszi5tXbqfVMAP7DaXXp1KGTXEnYnKVH,0.0010890029998336104,0.0010890029998336104,0.0010910405923305478,1.0018710623361449,4.3641623693221915e-07,1.0,1337.213326346,1661.136211028,3000.8515468643172
ALBpShJ9NLpE739pcHDF2LNVk5J4VYPvvKuV6jMPitZi,D6d156U1bPiJpDYRLextvDRccgFk7QzkQbJg42ceKEu5,GNcM8U5g8RwTZffwwm3kSQqUNPSwv5d2fbN9sLxPJqt2,2842.2675430000163,2843.7809919999927,2834.9816401847415,0.9974365879689199,1.1339926560738967,0.9951030976564328,52309.124789,48051.605294,99991.33622460425
CZgvH45CRmoaNJ7395Ao5CQZXkGznvqU7cErD6n7FaRg,4ZjU6MKvtqVQKCiowhvZ5yUsPxXX5SCzd5eFsPeXyey5,BsyWeshjDbCvjDojry3vKDCesmFRM37WtwcR4Kfgzqr,1.281340699999987,1.330334999999991,1.3309801504114436,1.038740243255722,0.0005323920601645774,1.0,193.20270034,613.03064696,813.718066908834
SEQV6QiTpvTzrceiaYg9Avnwf7oc8ZALpnQMz6TyT4A,3dFMPj4r9mMmPHF32mz1gNDX7f8ftidWof7S8YiYTs1j,Fc1ED3YPeQfXQosHbd8DTaBd2AV5gHQtwiSAL5C5pUhi,1592.906273266,1592.5360430860005,1591.3298557623161,0.9990103513746282,0.6365319423049266,0.9987904647471911,2168.790379146,3397.713833033,5560.248217101549
SAMyS8Jr2HJrkFwYVKbpUwsNStnQmvz3f8Tup8bWUWF,6jPzm5TFfquvgm25sTyN3MMGBfufRaFHMxobDWv6hMFW,Cj9ECoDmxsHTDzCY5ZA6RWrPbg9uFzEC1Qc2kso2vJG6,1407.4641277199771,63.093347640004765,1417.0019679663587,1.0067766133846925,0.5668007871865436,0.0,433.48248918,111351.10188551,436.42003241820703
parEAJhzYzHW87y9VoZAQ22dzQ2MD2ekEtTReaxbMcz,3oyc6hpjYSJEquK6dSvG72NXyz3pqLZz5D8AC71pwgQb,Di2vordgFJVZ1aj1aBpvzXtLfZgJsuLLXawGtVFwX6Rz,0.04696917499992992,0.05271325599994725,6.289652489582443,133.9102185548677,0.0025158609958329772,159.20669215778082,1105.737734306,137.282383385,169925.85581554283
DFWzVTzNBrQZLjoQ4yQwkj9HuoXmfkuZP9V5vbymZe23,DhgiEgiNdqZdRdo195UUHnoEJUtefK8buko8nU97XJUZ,2K2kkXsouBHtWVjtcgkyiXd8eP3oVBvq1bTJzcVdLLr2,4.119558567002969,4.141648487006023,4.089366828955923,0.9926711229963139,0.0016357467315823691,1.0,40274.052628573,27702.279983278,67681.1690336962
KZMu9QBEdL97EFgamLbN5DE1AoKBG4HdrKKJo4Vuon3,DD4ACBWyVqdaKWh7v5btsgqQCCMwbKnuL2xd9pv7Gyuw,GcYqiJ1MAuYbNTNYXm1F1gQYTfTgkErACAhNU5dpVj9T,126.45681799000022,125.61977324999998,127.31376695537688,1.0067766133846925,0.050925506782150756,1.0,1306.67974523,1783.49502556,3099.029634241032
WiiQFxXqp8P9Fs1rt9SVcDyA3KUdJmUsog6wnVQAwba,3S2jpqSYxho6wiz3cafhjXruVY8cg4HYa2v3BqBHYFSj,Dfe67M6TfrG74gKRtdqys4e6E9QirPD53BkF4FujFjuv,3349.1239696169905,3337.584730809999,3359.520806318094,1.003104345134854,0.3359520806318094,1.0,5240.525881779,21624.045801168,26880.840083972176
MiMUFdSLMyCLpqpH6zkqdDrGYs7XBomwENbivdYjv9V,,,0.056278482999999935,0.048036895000000024,0.0,0.0,0.0,1.0,5240.525881779,21624.045801168,21624.045801168
MARpDPs5A7XiyCWPNH8GsMWPLxmwNn9SBmKvPa9LzgA,6YjT74rmcfCpw8LSjPNx5JTmZoYLGrTKnf9arfSgZ4SR,F8GSmi3vA8M8TsybLya1LQ4n1aFHCRbZ6k437PeTdXtg,20661.648132,21921.560003999562,19501.374833529495,0.9438441071565092,7.800549933411799,1.0,298479.818999,14437.6148,296156.03306734766
RoBgmK8CvjdHvPrqdDyVw54VwjZv2TqJ493xnqJAQHx,ExiHJxM7qPAcy27NDHAF6G7vnW7muNHi2sVJpnaNynGQ,6rkPHSqZb7StM4HwS9EuVrmfkV7tRdc7dnsFhyB6cefE,13.757592999999712,49.56931700000068,0.0,0.0,0.0,0.9437550313940112,6319.591084,18.068025,17.05178950110278
BSCuChvaSj9b5HUSqgDVRzcnr2sSn7cXaamt1jbKH6hn,GnKpRj5kBVPMJfiwZtEuD9GYApLzPdW5JFuZTcyX4BTc,3dmwD9okkomV9nDwyuh4UMhKdUR13QpuKxRo89ycZB5t,1407.1546286569999,1403.090491852,1417.1213451098947,1.0070828864503734,0.566848538043958,0.9989980050009839,921.839721104,2088.487937332,3014.764290037311
KysFMBBoavfov2tLpvefWW6tPFt6rAeZWDJVy1mMQae,B8ka2V21TH3x64dFV8ETcjuQcwmrciJ2qzy1mJUttRew,7fSf7EYxBANyxzk2s5pymFgshA91tFYQNKKs5UnLWcYS,50.69365800000014,62.380111000005854,0.0,0.0,0.0,0.01814258072768077,130610.922502,3057.869577,55.47764565544155
SoNcU2iwHMw6dGzsYNQkYFkUjwN1UdAjrWVRnStrZu2,8ivTTid27jZnYNc4w3CTA1Z6QS2twsFb8WMwUabeDJgc,CyXm53PMvHCbeXJBykU46Rcbo28xk5srhMZFg7gv6EYB,0.4786506459999984,0.47388604,78.69219809790839,164.40424504913057,0.031476879239163355,162.90160335903107,11.839859346,15.139812015,4412.822789064846
BUSDgu5JdqP1rndBvXvanbEufS94FNh1w5FJcAj6vawb,Bgzr8cWubt89JQFXndVjtdKmDbGzuPxNhvjH1EhWCwbo,Dxaf8xPBBQsasRKW5Aa4Sw2YrbfGofY9xZueyyF23FBW,19160.493779089993,19324.44996032,19017.308092480842,0.9925270356672431,7.606923236992337,1.0,10579.15864515,4661.3011212,15161.402091124219
KwnjUuZhTMTSGAaavkLEmSyfobY16JNH4poL9oeeEvE,J63v6qEZmQpDqCD8bd4PXu2Pq5ZbyXrFcSa3Xt1HdAPQ,BnKQtTdLw9qPCDgZkWX3sURkBAoKCUYL1yahh6Mw7mRK,186.5778549999999,10368.87049999996,3.3706951308504314,0.018065890675238137,0.00033706951308504316,1.0,279830.02588,531.891426,5587.270081197138
vEnkoSUkpnbRrPgBz9DfcVxNz67zjwMYBZraAvDDNSf,DtfyjjsZ5yCjWKLKHvwsfXs5QVsmm1QkK6Sh9JZHoq1g,e5wrKCRv4GhHvEf1VD5Pq2KGaZDXP77nTL612Jyrxwy,9850.963995000004,9853.56652299999,9836.366826629286,0.9985181989926948,0.9836366826629286,0.9954616901545853,11087.935344,10101.41011,21127.07201128354
GokA1R67GqSavkd15zR62QD68Tuc5AEfvjssntVDEbM8,3YB7hfpBdbQEuZqLGWVDpRPmeZWCUsrrWyqGXegnQ6Cg,4DPCj6Z1DsG6HUtwSogBGqXEUxdEV5a8YVrrFtcnz7UW,10140.780531000006,10141.693605000015,10138.793327507814,0.9998040384084719,1.0138793327507813,1.0,20425.875778,12049.072707,32470.94579787419
7dwD9TF6uikvHXxPFK9AsSim54yJoujQjY9vU6gNFumk,CquVr6atkvwueDYficKjn6SSEWq4F4rH4VSiBbW4GBWU,8BCa6ge3b7ho3TfZuM64Vk1hgbrJ3J7EPiAb9uP86CGd,0.00014661499999999968,0.0001480320000000002,0.023782129963342558,162.20802757796002,9.512851985337023e-06,164.22707348997312,0.004271528,0.003246651,1.2260641239973231
MAR3XM1n9xWPQ3HJjAcC85o8DopWFP5p2WxGTaZ3fPB,6qG7GUhER8Cg9gDEgnebph9LdS6eu2eoWcA4R7z9uizK,4QV4CwRXVMY227KkFF9voNAfwWHVvVajXSXDKbUHkWZR,0.2710380000000008,0.0048900000000000055,0.25576861375861165,0.9436633009342266,0.00010230744550344465,0.01814706622006011,0.099024,24.899829,0.5453041604428839
Lid8SLUxQ9RmF7XMqUA8c24RitTwzja8VSKngJxRcUa,4PgzyzLtds9bKZ2to9PMnKqJzKEUpjvNUaeN23phegax,AtymwxoVN9peZo7EXTcDz9jKVc4vRmisJKKrNfe3ewBa,73.52204559501479,62.113345916998696,11946.793011485433,162.49266345624494,1.1946793011485435,137.25102663767925,958.810123599,7628.095322235,1202763.5249992453
FrnkTEL6yZ5Aycq2TrEgu29dCrwKG4LPUZydfiwqspkc,DjvZuMZ46fxKBoBpGMPcRcos4xdTtHFxwMh69DpA2ZFY,9rvDPJLAng4uVVqnnSoEXgNDFhBZQTny9AoQioYDZbQX,19.775635049000584,16.31304268200003,3288.525194781795,166.29176188948682,1.3154100779127182,137.2599751971225,167.158228728,1446.673985291,226367.47170886997
KEnkcdADoLR5jS2CLLLesy8TtFsyWL37BhXNfDMzWzP,3qsjFRuw1qeLMPo4DLwaQevenGAGBj9dA3Q6rb8ax2YR,77iEv8zPQAEyCcEbvBRSB6AFcUdfkhiqnAKtPxk76rNN,1.2361189999999853,1.1928309999999984,0.007246071862588272,0.0058619533091784515,2.8984287450353086e-06,0.9993384379540745,127.408167,0.240035,0.9867369281163171
BSCNHw8CmxbZ8hCWWzMf5FaG2ajPT6JxfznKUNuRVrn4,7n9kgNL633yGzCYksgnzHyjG73ZLBAwvEae5sbAekbzW,SscdxE99omdG9AiMVwmaEMQySQnCgeAh1sPj2Leutm2,222.70332538799994,223.0900474050004,222.3560168521897,0.9984404878768418,0.08894240674087589,1.0,6648.399267522,5063.883599171,11701.914607435703
BUSDTd9WiT6uBHJRgNvFXBsA7JrifsAtWzKfioN7ERcy,DyBxrn7gSc1EwnpWhDyhzvMHPtxpmBqRqotapLcKcfTM,Cds99GeBgoCpqBsoRWu1C6fF9LiUMd4pXQQD24s9LPff,281.64668889000006,282.87632432,281.0407341526861,0.9978485288085506,0.028104073415268615,0.9988982152685587,100.44103517,85.77486856,185.9053022958716
MiMuMS9C4vBqcrYeeQPph1E7oAW9aNKvW9k6Zw9XffM,Afy2q2hh6Y474pshJa5fnQ6PfEchGyTbKrQpCZw2hr3m,5pXz9ksgjeL8Wgb37bksUaBFMLdFfsNNY3FQnikkCPtS,1.8128800180005342,1.4138864150003485,0.0,0.0,0.0,0.0,25.970565161,7676.094852386,0.0
B2izdXFYb2sNwbWWHmh75T4aQFtfXsUxem9u2p61HGzf,4DYwgJtxwuJdAjkj5RJSNH4e7U329V5cNp7d3a1nLrZv,EXNW64GEf1ACC6xY9BtKRiunrs6GoJSXBdxWN2eTPmrF,5045.790504999986,5017.968342000007,5071.640657430911,1.005123112504435,0.5071640657430911,1.0,13112.495216,26618.958282,39798.630286205436
7oAd7xG4m3oC2qeWB1szghTebAZyyGPAFDJ4wwwbRSNi,D9yh4KAysxt9GLacVe4Wwh2XqghhcjTCSTV9HuM7TBJd,HDYfJLpZKaMFb84jM4mRytn7XLR8UFZUnQpSfhJJaNEy,27.838040011993144,0.8017670000001544,27.838040011993144,1.0,0.011135216004797258,0.02884236331537565,1089.563884111,293066.651460415,9542.298721152854
AUSejoEUCh2DBs9mof6BNC8Pubs22w4cJa1ccV9h44R,4xkyD7AfGQDwsQMy9MosRRNGoVJ1zosNinesxg1TzHG7,Cbm5gsQe3nSiCsFrvepVzMCD9xLK3ri9g3ypS2hdmVJ7,1353.5619079999997,1350.263496999998,1358.125208701236,1.0033713276609408,0.1358125208701236,1.0,13255.981939,15629.807838,28930.48003558388
wrmcMSHFi3sWpAEy4rGDvQb3ezh3PhXoV2xNjgLBkKU,8p4mGnARWPBu6P2Gcw4adodLkNDorrXniZMhaY7eJXUn,AyY89zccbsgp9LKFgH4CFZMJmpSgqmPSdTfukhP227rc,0.009570320000003532,0.09248017999999655,2.9389534973002243,307.0904104877517,0.0011755813989200899,3369.7263782180885,27.14535265,0.08987541,8638.933027953442
heyk4SZTeCUV6a65WiVA5bzic3KcxgVf1qxobfeV4tQ,9ZDpBKPqMABtGfq66FbVribaArMvtk63xxy91onZAtDt,DaTP4s6N7xxSPinbNZ3FB52EpRDRt87QShTuN3VPCW52,2.4246180259997345,2.0855000840001594,386.9883170171021,159.60795179584483,0.15479532680684083,137.3391501041374,607.09657441,4496.052861404,714381.5195923542
ercAoEmXjQzEvAFbdjAo81KtMxRGn9AW1ju882upmPH,CMRhskR2Eg6V42RTSdRTXGdozyPbWB8U9dVpijPWb9T4,7TKLLgrWswt6ZJ1pXhVR3FyufHGjJFqiEXxvWJfDcgRm,0.12170916499999862,0.1401648689999604,16.718381458362018,137.36337323785114,0.006687352583344807,119.20346338510657,31.5201362,288.483543561,38717.94975542796
Lee1XZJfJ9Hm2K1qTyeCz1LXNc1YBZaKZszvNY4KCDw,9DgFSWkPDGijNKcLGbr3p5xoJbHsPgXUTr6QvGBJ5vGN,2hNHZg7XBhuhHVZ3JDEi4buq2fPQwuWBdQ9xkH7t1GQX,882.3895180569962,736.9387242519806,145114.67518479913,164.45648119703267,14.511467518479911,137.3393010006404,6520.91492429,54083.552763942,8500204.054864997
C2ypsDADXcCRz8HbV2zX1AXPSja7a1P3xZtRC91xGhJh,J9bYNuDpY1d1T86gLaw7DGk5D3CsUAf2tzUwxMvb6FTv,A2NGvvPrMGzsJ4jb52KEnSBVmsA7C34dV1GC7PerdgvG,9.270565398000144,9.400988803000018,1273.429312912108,137.36263736263737,0.5093717251648432,139.3444678852805,2889.933298907,1087.468270694,548501.547261954
MATSnbbiTCv7Dc3trJrkrqjx7ckKdr6fwPoVwv9q3sD,631WX9JizSHJm4w6VanZeJAst9T8DeUUnPLesdGkCVtK,211maUSfpnXbPuW1iBu8b4dtJv5EbN1j7JJiEX5TZKEP,5315.366566000001,5318.962265999995,5306.658339664611,0.998361688469222,2.122663335865844,0.9974962843263409,25203.427189,20398.88252,45509.94564173069
DEDaBEWzMCXohXYXoLzB4jK1xqMsd3SS9izXp2xvg9pe,GC5zHpW5GuVdw3C7covC6viyGdLS8ZAaVGDKMeru7p78,F8juxtAFueW19vxkdDArUkjVWAv9QV6yy1wCXUWQiXvh,54847.79572506894,10640.931533209425,54847.79572506894,1.0,21.93911829002758,0.00011457009248667259,390.89568344,7679840.62086531,1270.7757336554437
TETFuZgEmET6d9vYmz9iMFCxK1jKdKYxf3oPz8hSzJK,Eu1Ze6Z84LWNkq7SNoAHBJbXx5t1P95EwyqYohrfCRFV,ASMbv7WNu3qe4pkhREmvyEdwFNDZQ6B6iSrjkj4u8bdC,184.24934734,184.010173161,185.11706283894657,1.0047094630807312,0.07404682513557863,0.998461371027247,33.785380288,218.632564007,252.24066089876635
ACUSESXyNnwRLAg1dpSGMLSzUDdLjUMybY8rkXiAKhCP,AhFPQdu8GKBsxuhiH46UmCu1YpaLgNpoP325HnYtsgas,A8wxWpT3aFEr2XqZp1kDmbxbFfcBE95UUmdsNTDBJYbT,1.187225503000036,1.1722379999998793,1.187225503000036,1.0,0.00047489020120001444,0.9874220276394771,1033.849174669,1852.823346431,2863.367760259659
C98Sspw7XqnMsgxea3SLQVdbMDL8pKUc3RE82UvX9eq2,CSqgQJurPCzGxb4Cgwx5R61hWQUiaoUHcShNc8r1cKEL,6S2CR5EnukPhC914XkAns8m5GixjMAoUuZMsS5ubHuWc,82.88513100000002,91.27096299999984,0.0,0.0,0.0,1.0,670.65923,80.462955,80.462955
HEDSDjj84KS7LKhZY7ejkCACTdPen62rKhCby1wXtgxc,EnnjMSFttpCTywBrYNt1J5QQeoSVkvzPipJDa8Y7kJow,6bjVT6JN2rSvpyn9PdfLYC8wJn4LWh49jpY47fnLDXZk,18.191403894996256,20.493951312017998,16.10594977538698,0.8853604630161114,0.006442379910154791,1.0,43585.564240898,4599.311963372,43188.24730051192
KEVpg4SYCVrqFxKijQH6hm4QxsRdoE51ud64bEEFUC9,2bPenuBYfqzD8p5dFjCcggwkHDsc2RQDnx9AoyYGUBjA,AE6n6iLuX8oYu61vt5hoDYkjswpnxFxrhSehxrnQTnbx,1627.4332796910003,1627.4353528859992,1627.521300925518,1.000054085925129,0.6510085203702073,1.0,3298.734456361,4248.748645606,7547.661517071827
RajgMbScQbqqrdJfR2rxfHJiTiY5b6bJ2tTXiF4aPxy,725ZA3fhyBAKb5iopNRrcbSuQa3LXA1656Q3mBvYPxeg,GLA6i1dSZpUfk2f9Nj8uiG7xyDdAR2reff8oEiZH3617,11017.715462780012,11028.575612749992,11009.593355473877,0.9992628138443426,4.403837342189552,1.0,118888.66834288,65369.87339673,184170.89865924307
Sid7E679i9ABqptiAVhkmQ27YHN8vaYT4fppPwmxFsJ,GP7KB8o1bv527HG8kTzzzf4wJ5aEGHvcMQvVhLziUfmT,9gYxhAZ1M9wu5pxr8SBoa5NDm21gi3s9vMHaYTME77sa,247.56961000000047,763.0045499999833,1.4656579294758683,0.005920185153080241,0.0005862631717903474,0.018302694165732544,136225.861578,8631.482864,964.461714236193
MNkYtBe2HtgL15osfaMmyqNW3vo4J399FXXCS4a39Wf,2mUxDu8NrhSKhQJMgKfYLxJqZzeEbmwhQdHeHMyohyuk,AZCBmDBcFsA2jHHhfFJBTsWCHx9XnnKmGfFsue3ZVW1t,0.0015504699999837612,0.0015504699999837612,0.0015498222207901377,0.9995822046259325,6.199288883160551e-07,1.0,2195.52691338,1940.96914,4135.578772391949
SoN9GaFpSXfpyR5dth3x7PHPVhvJMpQqqDJfCSmPv1t,9kZ9iS68ViMPtoeqtnhAKuF2iqVyfHPdZHoUNdwCELr,BBhm5fJLjw3HRzjtKB8uMEYjGhY6EDm9co3cqpjrSzB9,0.07570960400000004,0.07405289000000037,12.430796420713161,164.19048263299797,0.004972318568285264,163.06863868832804,3.054921488,5.142877081,1340.2309980607085
AURHmCnNwiW4uA2Qj1XvEh4iKgRUZYXtiY7FKAapUV5Y,BKWm4TRnTeKwfWXRyuzjRHU7iZDkPuXBX5b5V5jSVfGJ,A5Ww74HVrkj9nPeC7pHKLfgeDMEhBCpW1efQdz3TGLEg,0.0237881059999836,0.02098087100000612,3.7092643876004336,155.9293702324595,0.0014837057550401735,137.37846985387463,272.451330166,1806.870462564,290708.26370298525
Cob4usZcpHEY7Qt4ZCwj6WVg9S44zvzYV2v9qYF65dTf,NhFM9UXE48PyNAyeyPYA3iXztqKVJwA4bTdLj4ysM8w,6TuFuynuBoeskxyR2cz4wxyidk8dpDK7kAWw3UkjQGx,19.863091999997323,745.2987069999991,0.11743004076976973,0.0059119718505953435,4.6972016307907895e-05,1.0,38806.421608,72.575352,301.99782416883085
BUSD5rCfUDpCxKGMvYU2yThChxgHoioK74PTPociGnv2,CcFHbafgYDZ8yA8Me1PdtDiVb2eeaS61LbqyKKK5CsNZ,26R9s4nmF3CFDTkiePDwRmtscn8i7r2eygbSijditJ58,227.06251244999999,228.10727626999997,226.55513316706703,0.99776546433201,0.022655513316706705,1.0,67.63040753,80.85990794,148.3391929121335
MATgk4zXLXtYkwBH678J1xZbRDZ45LicNzkRBHkxTuY,y8dALFo1bJrSzPYjMX14HJX448pXqYmrfXHD1K8MXih,GN7Yuet3UyiWS5YVkEHv6oQKi4HGBJc3XDPt9zQhAqZz,628.4974489999995,628.251556000002,628.9433698492226,1.0007095030376536,0.251577347939689,1.0,3856.577193,4232.250516,8091.563962233379
YAkoNb6HKmSxQN9L8hiBE5tPJRsniSSMzND1boHmZxe,CfWX7o2TswwbxusJ4hCaPobu2jLCb1hfXuXJQjVq3jQF,EnTrdMMpdhugeH6Ban6gYZWXughWxKtVGfCwFn78ZmY3,4240294.638608021,4238367.693476003,4240294.638608021,1.0,424.0294638608021,0.9988952218845956,433553.547523,1581461.395411,2013267.7789939928
BSC8REUo9LpiiWUuqMuLXs2D2yJsJfGd4HdiF3wCLxk5,AZjEH1zWVx1UJ6udMyRijGTzPteuLnaY18yNNmprJEsh,Caf8ypkSVR8xYnXNhjvfvdGCC7mrM3C11rz8Xi6NA6aK,3653.5300539439986,3648.750950696999,3662.214706806228,1.002377058005272,1.464885882722491,1.0,2671.805113896,3562.849854612,6241.006004242513
SUiuyGR7SFq3xeRVJonq84fjjeFwRSsFekcevJ53tzy,49GjCCPsv7fBqo6t3iKDrP1xxGDS8uWZbVCdfnp2gjMf,CEwj5xEbbJEjYqM8D6Ai8ByGz1mrh8mkAVsE5fzDSSSx,4.672390999999948,0.028454999999999897,0.027594165255551393,0.005905791115416433,1.103766610222056e-05,0.9428651976198311,689.978149,1.337564,5.336009367384848
daob129AwBGn9Y5r91uLoWZeYiGzbPmksauMhFZKTze,6VW5GQNyj4LStgmxEHLr5zUfW92vQnmbw8jTnCH7a38F,4VPCCUifPeBA1c7HWK358CHn2nyjm8pdTRk6Ps3KmnMQ,10.97855910599992,9.800595822000027,1686.3778249383686,153.6064804730834,0.6745511299753475,136.97129081744467,48.232668291,224.43670783,38150.23599829899
KEN5P7p3asnb23Sw6yAmJRGvijfAzso3RqfyLAQhznt,9zj4aX38Uxf3h6AUjS4EipWS8mwbEofasHAf3a1uKGds,CwQDG1MWunn9cLNwcZLd8YBacweSR7ARo32w4mLua1Yr,115772.30926699948,115768.23984899989,115697.79988387426,0.9993564144690819,11.569779988387427,1.0,948249.463719,956755.225694,1904394.4097784497
