0,1,2,3,4,5,6,7,8,9,10,11
AUSejoEUCh2DBs9mof6BNC8Pubs22w4cJa1ccV9h44R,4xkyD7AfGQDwsQMy9MosRRNGoVJ1zosNinesxg1TzHG7,Cbm5gsQe3nSiCsFrvepVzMCD9xLK3ri9g3ypS2hdmVJ7,316.85803999999735,317.12009000000035,0.0,0.0,0.0,1.0,14738.909256,14147.844938,14147.844938
WiiQFxXqp8P9Fs1rt9SVcDyA3KUdJmUsog6wnVQAwba,3S2jpqSYxho6wiz3cafhjXruVY8cg4HYa2v3BqBHYFSj,Dfe67M6TfrG74gKRtdqys4e6E9QirPD53BkF4FujFjuv,10631.996287651997,10644.474156338001,0.0,0.0,0.0,0.0,19299.351329082,7570.978698345,0.0
KEN5P7p3asnb23Sw6yAmJRGvijfAzso3RqfyLAQhznt,9zj4aX38Uxf3h6AUjS4EipWS8mwbEofasHAf3a1uKGds,CwQDG1MWunn9cLNwcZLd8YBacweSR7ARo32w4mLua1Yr,62232.5164290003,62242.82304200006,0.0,0.0,0.0,1.0,926900.371162,879778.900182,879778.900182
B2izdXFYb2sNwbWWHmh75T4aQFtfXsUxem9u2p61HGzf,4DYwgJtxwuJdAjkj5RJSNH4e7U329V5cNp7d3a1nLrZv,EXNW64GEf1ACC6xY9BtKRiunrs6GoJSXBdxWN2eTPmrF,2742.2013709999956,2715.0570019999977,0.0,0.0,0.0,1.0,11536.19712,28207.541539,28207.541539
ALBpShJ9NLpE739pcHDF2LNVk5J4VYPvvKuV6jMPitZi,D6d156U1bPiJpDYRLextvDRccgFk7QzkQbJg42ceKEu5,GNcM8U5g8RwTZffwwm3kSQqUNPSwv5d2fbN9sLxPJqt2,889.7592740000109,888.3592990000034,0.0,0.0,0.0,0.0,43787.647544,56588.121169,0.0
BSCNHw8CmxbZ8hCWWzMf5FaG2ajPT6JxfznKUNuRVrn4,7n9kgNL633yGzCYksgnzHyjG73ZLBAwvEae5sbAekbzW,SscdxE99omdG9AiMVwmaEMQySQnCgeAh1sPj2Leutm2,11.790461599999617,11.742259682000622,0.0,0.0,0.0,0.0,7798.68585791,3918.500720427,0.0
MAR3XM1n9xWPQ3HJjAcC85o8DopWFP5p2WxGTaZ3fPB,6qG7GUhER8Cg9gDEgnebph9LdS6eu2eoWcA4R7z9uizK,4QV4CwRXVMY227KkFF9voNAfwWHVvVajXSXDKbUHkWZR,0.003589999999999996,0.18863899999999845,0.0,0.0,0.0,0.0,0.098016,24.954248,0.0
Cob4usZcpHEY7Qt4ZCwj6WVg9S44zvzYV2v9qYF65dTf,NhFM9UXE48PyNAyeyPYA3iXztqKVJwA4bTdLj4ysM8w,6TuFuynuBoeskxyR2cz4wxyidk8dpDK7kAWw3UkjQGx,3.646950000000004,617.6501320000025,0.0,0.0,0.0,1.0,38829.847682,72.449455,72.449455
TETFuZgEmET6d9vYmz9iMFCxK1jKdKYxf3oPz8hSzJK,Eu1Ze6Z84LWNkq7SNoAHBJbXx5t1P95EwyqYohrfCRFV,ASMbv7WNu3qe4pkhREmvyEdwFNDZQ6B6iSrjkj4u8bdC,5.941629897000013,5.919259460000006,0.0,0.0,0.0,0.0,43.357560819,209.294629231,0.0
NorjjEePhxfwLF4vZjUHCrVVKLzQjEEGQFd3wgjEJmh,34M8pFVqgbV7aqHxvRT5tCv3vu2P1JJYT8J3VaxBK2oG,3AZWBSze3ucsY3xSeuLne3b2pauVqiaJ1SZSV5T9WGWw,13.427964999999858,23.91399400000455,0.0,0.0,0.0,1.0,38282.830306,2105.021444,2105.021444
SoNcU2iwHMw6dGzsYNQkYFkUjwN1UdAjrWVRnStrZu2,8ivTTid27jZnYNc4w3CTA1Z6QS2twsFb8WMwUabeDJgc,CyXm53PMvHCbeXJBykU46Rcbo28xk5srhMZFg7gv6EYB,0.027090491000000938,0.02700209500000028,0.0,0.0,0.0,0.0,11.846253005,15.133785693,0.0
4vezWG46exH6pf9nry3n1VJ7hZHvjBJNgNeF4qEFCML5,,,0.4056270000000026,0.40457199999999993,0.0,0.0,0.0,0.0,11.846253005,15.133785693,0.0
YAkoNb6HKmSxQN9L8hiBE5tPJRsniSSMzND1boHmZxe,CfWX7o2TswwbxusJ4hCaPobu2jLCb1hfXuXJQjVq3jQF,EnTrdMMpdhugeH6Ban6gYZWXughWxKtVGfCwFn78ZmY3,2062380.782201006,2060083.080476997,2062380.782201006,1.0,206.23807822010062,0.0,247875.524024,1646189.610276,247875.524024
vEnkoSUkpnbRrPgBz9DfcVxNz67zjwMYBZraAvDDNSf,DtfyjjsZ5yCjWKLKHvwsfXs5QVsmm1QkK6Sh9JZHoq1g,e5wrKCRv4GhHvEf1VD5Pq2KGaZDXP77nTL612Jyrxwy,2261.4073570000037,2262.0161490000028,0.0,0.0,0.0,0.0,18175.536749,13620.210668,0.0
JSoLLrxK5bYdHwTEWYaGgmeycBCNXKDiBCTw5hXGBg7,xG4wXczA7Dk4hccJ61CHKpDHW4NrNfQwgmWgkb9BuF2,BVR6WgfhsRr9Lob4QDnkEAiNGgAbv7ZieKcY9kSg3QYR,0.33720210299989617,0.2840316499999993,0.0,0.0,0.0,0.0,17.231940052,172.025327243,0.0
DFWzVTzNBrQZLjoQ4yQwkj9HuoXmfkuZP9V5vbymZe23,DhgiEgiNdqZdRdo195UUHnoEJUtefK8buko8nU97XJUZ,2K2kkXsouBHtWVjtcgkyiXd8eP3oVBvq1bTJzcVdLLr2,1.06158725700152,1.0730246740058647,0.0,0.0,0.0,0.0,42008.424472035,25986.556334817,0.0
parEAJhzYzHW87y9VoZAQ22dzQ2MD2ekEtTReaxbMcz,3oyc6hpjYSJEquK6dSvG72NXyz3pqLZz5D8AC71pwgQb,Di2vordgFJVZ1aj1aBpvzXtLfZgJsuLLXawGtVFwX6Rz,0.017395359999994753,0.020681650999904377,0.0,0.0,0.0,0.0,1105.93987049,137.112350407,0.0
GokA1R67GqSavkd15zR62QD68Tuc5AEfvjssntVDEbM8,3YB7hfpBdbQEuZqLGWVDpRPmeZWCUsrrWyqGXegnQ6Cg,4DPCj6Z1DsG6HUtwSogBGqXEUxdEV5a8YVrrFtcnz7UW,3821.284916000006,3821.718069999999,3821.078577756807,0.9999460029158426,0.38210785777568074,1.0,17466.699267,15012.771797,32478.527913169724
BUSDgu5JdqP1rndBvXvanbEufS94FNh1w5FJcAj6vawb,Bgzr8cWubt89JQFXndVjtdKmDbGzuPxNhvjH1EhWCwbo,Dxaf8xPBBQsasRKW5Aa4Sw2YrbfGofY9xZueyyF23FBW,8759.770828739998,8761.994180739994,8762.070171194322,1.0002624888823324,3.504828068477729,1.0,7638.92734969,7613.94612002,15254.878603212237
heyk4SZTeCUV6a65WiVA5bzic3KcxgVf1qxobfeV4tQ,9ZDpBKPqMABtGfq66FbVribaArMvtk63xxy91onZAtDt,DaTP4s6N7xxSPinbNZ3FB52EpRDRt87QShTuN3VPCW52,0.7447397469968564,0.6405202979997284,128.68767128298862,172.79549238766737,0.05147506851319545,148.7378773052326,606.168293477,4494.017946473,773173.8386711647
STK75uPSyBnEhGTTzb1nwmP3n427XoXmfRhXxxhyady,6TYyD5fUmDe6N65avW1Ny2RxzRNobw2RRgKwH9CTzSAU,54zDfk4cx2vGrEajPtodWpArNe5eUurytyxd4X3aZAxK,248.38202851700015,282.7863097430052,36949.58627556778,148.76111003755176,3.694958627556778,0.0,1920.31702905,320.856169507,285668.49286549154
BkwbeSfcX1h4thMDd7obGkHrPevf3QwgzJ4pCEqG18Lu,35yX27bmurdebhfAb8EPmjLETDiUaEUCn9zHaDPbakH2,2CxECn1ZJFoESyUnQysQU8rRgT3iJ5GRs2Mdd6gZjx5g,0.0027186300000003882,0.0023283600000001403,0.0,0.0,0.0,0.0,1.55893768,21.09208243,0.0
wrmcMSHFi3sWpAEy4rGDvQb3ezh3PhXoV2xNjgLBkKU,8p4mGnARWPBu6P2Gcw4adodLkNDorrXniZMhaY7eJXUn,AyY89zccbsgp9LKFgH4CFZMJmpSgqmPSdTfukhP227rc,0.017033179999998607,0.059433369999999694,0.0,0.0,0.0,0.0,27.03741803,0.10345635,0.0
FrnkTEL6yZ5Aycq2TrEgu29dCrwKG4LPUZydfiwqspkc,DjvZuMZ46fxKBoBpGMPcRcos4xdTtHFxwMh69DpA2ZFY,9rvDPJLAng4uVVqnnSoEXgNDFhBZQTny9AoQioYDZbQX,9.204788015998702,7.577605100000056,0.0,0.0,0.0,0.0,166.600234001,1447.188295784,0.0
C98Sspw7XqnMsgxea3SLQVdbMDL8pKUc3RE82UvX9eq2,CSqgQJurPCzGxb4Cgwx5R61hWQUiaoUHcShNc8r1cKEL,6S2CR5EnukPhC914XkAns8m5GixjMAoUuZMsS5ubHuWc,32.18633300000003,36.657414000000124,0.0,0.0,0.0,1.0,666.287511,64.260996,64.260996
SERgf3DMJpQxUifu7VoFKmfne73d2fDJxSrxUMrcNJB,AJfM2GZ2tTB8UtN2krcyR9xufRJEx2mhSCbJyMgPo3GU,F4yRYkufQvERZcEKnKjJwRLU1btiMBUuEwq46hfm11QD,1.0850999998979205e-05,1.0850999998979205e-05,0.0,0.0,0.0,0.0,29.034058595,27.937419272,0.0
KwnjUuZhTMTSGAaavkLEmSyfobY16JNH4poL9oeeEvE,J63v6qEZmQpDqCD8bd4PXu2Pq5ZbyXrFcSa3Xt1HdAPQ,BnKQtTdLw9qPCDgZkWX3sURkBAoKCUYL1yahh6Mw7mRK,195.4368100000006,10321.151175999785,0.0,0.0,0.0,1.0,279479.508906,538.449861,538.449861
BUSDTd9WiT6uBHJRgNvFXBsA7JrifsAtWzKfioN7ERcy,DyBxrn7gSc1EwnpWhDyhzvMHPtxpmBqRqotapLcKcfTM,Cds99GeBgoCpqBsoRWu1C6fF9LiUMd4pXQQD24s9LPff,257.00660611,256.9367251,0.0,0.0,0.0,0.0,115.31133781,71.03915572,0.0
BSC8REUo9LpiiWUuqMuLXs2D2yJsJfGd4HdiF3wCLxk5,AZjEH1zWVx1UJ6udMyRijGTzPteuLnaY18yNNmprJEsh,Caf8ypkSVR8xYnXNhjvfvdGCC7mrM3C11rz8Xi6NA6aK,363.86661997999954,363.4109284780002,0.0,0.0,0.0,0.0,2728.238898494,3512.163989064,0.0
iLiUBQ7Z7im6Ew3b4ewwPcehzWgEQRJ1iQz7g6D62NW,GpugBvKWM3TVhYcZjemSdtehBWgfvuGr6uAm9iPjXT6v,92fMXJ3xy8tEyMUWLHKRLyhPw2nECBo77GtDiBBbYrjX,0.47106314300026497,0.3823449999999866,0.0,0.0,0.0,0.0,2563.246351473,408.159755674,0.0
KysFMBBoavfov2tLpvefWW6tPFt6rAeZWDJVy1mMQae,B8ka2V21TH3x64dFV8ETcjuQcwmrciJ2qzy1mJUttRew,7fSf7EYxBANyxzk2s5pymFgshA91tFYQNKKs5UnLWcYS,28.61623100000952,28.38139900000897,0.0,0.0,0.0,0.0,130607.320193,3060.875068,0.0
MATgk4zXLXtYkwBH678J1xZbRDZ45LicNzkRBHkxTuY,y8dALFo1bJrSzPYjMX14HJX448pXqYmrfXHD1K8MXih,GN7Yuet3UyiWS5YVkEHv6oQKi4HGBJc3XDPt9zQhAqZz,577.1330380000004,576.8953029999993,0.0,0.0,0.0,1.0,3639.176605,4455.116619,4455.116619
AyiATPCAx5HZstcZ1jdH9rENwFb3yd9zEhkgspvDrCs4,DvHVapj4g2Y1tJVSw2ubSPkPBsJPb8fW387ZWXwaKmZq,DKjqWWgrtDRPKrnMWtZ4UiJk4sGQVCQgFjSo7BvfngvK,0.0023283600000000293,0.0023092900000000194,0.0,0.0,0.0,0.0,0.80171218,0.31907696,0.0
SoN9GaFpSXfpyR5dth3x7PHPVhvJMpQqqDJfCSmPv1t,9kZ9iS68ViMPtoeqtnhAKuF2iqVyfHPdZHoUNdwCELr,BBhm5fJLjw3HRzjtKB8uMEYjGhY6EDm9co3cqpjrSzB9,0.03823714399999911,0.03738013200000001,0.0,0.0,0.0,0.0,2.982439084,5.044509609,0.0
Lid8SLUxQ9RmF7XMqUA8c24RitTwzja8VSKngJxRcUa,4PgzyzLtds9bKZ2to9PMnKqJzKEUpjvNUaeN23phegax,AtymwxoVN9peZo7EXTcDz9jKVc4vRmisJKKrNfe3ewBa,16.470093559004226,13.901447179001025,0.0,0.0,0.0,0.0,956.671231868,7630.752390425,0.0
HEDSDjj84KS7LKhZY7ejkCACTdPen62rKhCby1wXtgxc,EnnjMSFttpCTywBrYNt1J5QQeoSVkvzPipJDa8Y7kJow,6bjVT6JN2rSvpyn9PdfLYC8wJn4LWh49jpY47fnLDXZk,1.538788634001321,1.7290072770010738,0.0,0.0,0.0,0.0,43575.678643608,4608.106340958,0.0
C2ypsDADXcCRz8HbV2zX1AXPSja7a1P3xZtRC91xGhJh,J9bYNuDpY1d1T86gLaw7DGk5D3CsUAf2tzUwxMvb6FTv,A2NGvvPrMGzsJ4jb52KEnSBVmsA7C34dV1GC7PerdgvG,36.335959091999825,36.902484613000524,0.0,0.0,0.0,151.48363832796602,2805.755866759,1000.830161268,151609.39417724163
Lee1XZJfJ9Hm2K1qTyeCz1LXNc1YBZaKZszvNY4KCDw,9DgFSWkPDGijNKcLGbr3p5xoJbHsPgXUTr6QvGBJ5vGN,2hNHZg7XBhuhHVZ3JDEi4buq2fPQwuWBdQ9xkH7t1GQX,407.36021563189297,339.7191766210108,72756.27760675499,178.6042790013163,7.275627760675499,149.03660502959792,6496.091256329,54113.847045469,9225173.743911035
BSCuChvaSj9b5HUSqgDVRzcnr2sSn7cXaamt1jbKH6hn,GnKpRj5kBVPMJfiwZtEuD9GYApLzPdW5JFuZTcyX4BTc,3dmwD9okkomV9nDwyuh4UMhKdUR13QpuKxRo89ycZB5t,146.94378995800002,146.46278837699992,147.34795139060907,1.0027504492209203,0.05893918055624363,0.9980587756812997,1120.42805944,1890.047416467,3009.888150381841
MARpDPs5A7XiyCWPNH8GsMWPLxmwNn9SBmKvPa9LzgA,6YjT74rmcfCpw8LSjPNx5JTmZoYLGrTKnf9arfSgZ4SR,F8GSmi3vA8M8TsybLya1LQ4n1aFHCRbZ6k437PeTdXtg,14764.684976999984,15536.799657000229,14037.446962227848,0.9507447659123776,5.614978784891139,1.0,297684.616962,15328.343517,298350.4349862524
MATSnbbiTCv7Dc3trJrkrqjx7ckKdr6fwPoVwv9q3sD,631WX9JizSHJm4w6VanZeJAst9T8DeUUnPLesdGkCVtK,211maUSfpnXbPuW1iBu8b4dtJv5EbN1j7JJiEX5TZKEP,2405.083699000006,2405.470833999985,2398.7486039370087,0.9973659565088602,0.9594994415748035,0.9973619775693291,23602.420072,22006.609797,45488.80613776669
daob129AwBGn9Y5r91uLoWZeYiGzbPmksauMhFZKTze,6VW5GQNyj4LStgmxEHLr5zUfW92vQnmbw8jTnCH7a38F,4VPCCUifPeBA1c7HWK358CHn2nyjm8pdTRk6Ps3KmnMQ,4.849513298000005,4.324253222999985,811.0434222710802,167.24223080397857,0.3244173689084321,148.99758892101607,47.61682776,225.140093679,41508.875626013905
ALLwa5WNZbvQsRKAqe1jdRGemdYQnW8E5k4msbRFcYtu,CGoM82Hbz7QVqTgvQatYtjvDWBvoUJp5qm21P8iMs9yb,3dxNNww8TivyN5FMy5dCNdi3Zcxv6e4kUfSPxfFwpdNq,4.660157291000001,4.6680172059999965,16047.926206136577,3443.644753607218,6.419170482454631,3454.3984855917042,6.589465895,2.184302641,30237.2313935348
moFiBS1R4Lf3E3zzmBPnw3NF4RhWPkhREFviuzUaCAU,44ALBrpqi9PfZkBRTvbtRNtFJGsatfY4QydjtMbFWq8S,2ho8qEEie1UjVwWNBo9y4oAJZMyMLx8zPj9bxyUz6uWs,595.8630953289976,597.330389167997,594.5830917137334,0.9978518494847254,0.23783323668549342,1.0,38707.262588307,25733.770307727,64357.88386996006
ACUSESXyNnwRLAg1dpSGMLSzUDdLjUMybY8rkXiAKhCP,AhFPQdu8GKBsxuhiH46UmCu1YpaLgNpoP325HnYtsgas,A8wxWpT3aFEr2XqZp1kDmbxbFfcBE95UUmdsNTDBJYbT,222.343214342,219.93041403499979,222.343214342,1.0,0.08893728573680001,0.9873983122540858,1033.368700597,1853.533878045,2863.5449234844036
RoBgmK8CvjdHvPrqdDyVw54VwjZv2TqJ493xnqJAQHx,ExiHJxM7qPAcy27NDHAF6G7vnW7muNHi2sVJpnaNynGQ,6rkPHSqZb7StM4HwS9EuVrmfkV7tRdc7dnsFhyB6cefE,0.4917519999999982,31.466482000000724,0.0,0.0,0.0,0.9512566576075323,6323.193393,18.011395,17.13345940654902
SAMyS8Jr2HJrkFwYVKbpUwsNStnQmvz3f8Tup8bWUWF,6jPzm5TFfquvgm25sTyN3MMGBfufRaFHMxobDWv6hMFW,Cj9ECoDmxsHTDzCY5ZA6RWrPbg9uFzEC1Qc2kso2vJG6,524.2712986600055,18.417169220007224,527.2657197724512,1.0057115869590787,0.2109062879089805,0.0,431.3554837,111471.00121191,433.81920805542796
HuonfMR5ivyhX5BZBw2Lr3XuNPSTVrSmZMWgBZrMQJU2,E7L8CZxreEeNwM1V8DLxa8AZQKu6oday6RvXxRo27CHi,48UJw19Ra8y5Kv989DsXPrfUHeUWUbHvXZmdPBbGuHdz,138.57591012000012,5.0,0.0,0.0,0.0,0.0,4804.38711906,11.30548048,0.0
2jQoGQRixdcfuRPt9Zui7pk6ivnrQv79mf8h13Tyoa9K,,,0.00032699500000000006,0.0003494829999999996,0.0,0.0,0.0,0.0,4804.38711906,11.30548048,0.0
RajgMbScQbqqrdJfR2rxfHJiTiY5b6bJ2tTXiF4aPxy,725ZA3fhyBAKb5iopNRrcbSuQa3LXA1656Q3mBvYPxeg,GLA6i1dSZpUfk2f9Nj8uiG7xyDdAR2reff8oEiZH3617,9934.36340033001,9930.837203999981,0.0,0.0,0.0,0.0,84734.98423165,99533.43341807,0.0
AURHmCnNwiW4uA2Qj1XvEh4iKgRUZYXtiY7FKAapUV5Y,BKWm4TRnTeKwfWXRyuzjRHU7iZDkPuXBX5b5V5jSVfGJ,A5Ww74HVrkj9nPeC7pHKLfgeDMEhBCpW1efQdz3TGLEg,0.00026630699994711904,0.00023488900001211732,0.0,0.0,0.0,0.0,272.487141623,1806.830126734,0.0
KZMu9QBEdL97EFgamLbN5DE1AoKBG4HdrKKJo4Vuon3,DD4ACBWyVqdaKWh7v5btsgqQCCMwbKnuL2xd9pv7Gyuw,GcYqiJ1MAuYbNTNYXm1F1gQYTfTgkErACAhNU5dpVj9T,12.608282760000066,12.544604359999994,0.0,0.0,0.0,0.0,1343.74056582,1746.35912167,0.0
DEDaBEWzMCXohXYXoLzB4jK1xqMsd3SS9izXp2xvg9pe,GC5zHpW5GuVdw3C7covC6viyGdLS8ZAaVGDKMeru7p78,F8juxtAFueW19vxkdDArUkjVWAv9QV6yy1wCXUWQiXvh,3058068.614132155,6280.917929480254,0.0,0.0,0.0,0.0,911.46901788,3365438.78811686,0.0
SEQV6QiTpvTzrceiaYg9Avnwf7oc8ZALpnQMz6TyT4A,3dFMPj4r9mMmPHF32mz1gNDX7f8ftidWof7S8YiYTs1j,Fc1ED3YPeQfXQosHbd8DTaBd2AV5gHQtwiSAL5C5pUhi,75.70236709800008,75.59329744000001,0.0,0.0,0.0,0.0,933.661574793,4637.781102179,0.0
Sid7E679i9ABqptiAVhkmQ27YHN8vaYT4fppPwmxFsJ,GP7KB8o1bv527HG8kTzzzf4wJ5aEGHvcMQvVhLziUfmT,9gYxhAZ1M9wu5pxr8SBoa5NDm21gi3s9vMHaYTME77sa,475.31209999998464,996.9881350000232,0.0,0.0,0.0,0.0,136202.180954,8640.232688,0.0
