0,1,2,3,4,5,6,7,8,9,10,11
ACUSESXyNnwRLAg1dpSGMLSzUDdLjUMybY8rkXiAKhCP,AhFPQdu8GKBsxuhiH46UmCu1YpaLgNpoP325HnYtsgas,A8wxWpT3aFEr2XqZp1kDmbxbFfcBE95UUmdsNTDBJYbT,1.2794721879999997,1.2623693470002308,1.2794721879999997,1.0,0.0005117888751999999,0.9873743572054702,1032.723999322,1853.963874243,2863.2803879348453
MAR3XM1n9xWPQ3HJjAcC85o8DopWFP5p2WxGTaZ3fPB,6qG7GUhER8Cg9gDEgnebph9LdS6eu2eoWcA4R7z9uizK,4QV4CwRXVMY227KkFF9voNAfwWHVvVajXSXDKbUHkWZR,0.001129000000000005,0.06062599999999918,0.0010847237461304522,0.9607827689375088,4.338894984521809e-07,0.018786937232128806,0.097895,24.960455,0.5629863305355131
ALLwa5WNZbvQsRKAqe1jdRGemdYQnW8E5k4msbRFcYtu,CGoM82Hbz7QVqTgvQatYtjvDWBvoUJp5qm21P8iMs9yb,3dxNNww8TivyN5FMy5dCNdi3Zcxv6e4kUfSPxfFwpdNq,0.41391349399999955,0.41370760600000045,1424.733216301802,3442.1038138510257,0.5698932865207209,3450.322260099093,3.341185555,5.428044383,30229.209905120202
KEVpg4SYCVrqFxKijQH6hm4QxsRdoE51ud64bEEFUC9,2bPenuBYfqzD8p5dFjCcggwkHDsc2RQDnx9AoyYGUBjA,AE6n6iLuX8oYu61vt5hoDYkjswpnxFxrhSehxrnQTnbx,1060.2195368300002,1061.002582848,1062.7065347352075,1.002345738612442,0.42508261389408303,1.0,1714.998123991,5837.334453548,7556.355514858711
BUSDgu5JdqP1rndBvXvanbEufS94FNh1w5FJcAj6vawb,Bgzr8cWubt89JQFXndVjtdKmDbGzuPxNhvjH1EhWCwbo,Dxaf8xPBBQsasRKW5Aa4Sw2YrbfGofY9xZueyyF23FBW,11523.16659970001,11580.04577966001,11520.040521504094,0.9997287136162731,4.608016208601638,1.0,7589.78694857,7652.55666029,15240.284603005464
C2ypsDADXcCRz8HbV2zX1AXPSja7a1P3xZtRC91xGhJh,J9bYNuDpY1d1T86gLaw7DGk5D3CsUAf2tzUwxMvb6FTv,A2NGvvPrMGzsJ4jb52KEnSBVmsA7C34dV1GC7PerdgvG,19.203108874000236,19.480145256999094,2838.3952115156685,147.80915059845708,1.1353580846062674,149.83682021094927,2723.58316359,1014.532899653,554584.8976778961
SUiuyGR7SFq3xeRVJonq84fjjeFwRSsFekcevJ53tzy,49GjCCPsv7fBqo6t3iKDrP1xxGDS8uWZbVCdfnp2gjMf,CEwj5xEbbJEjYqM8D6Ai8ByGz1mrh8mkAVsE5fzDSSSx,1.9620240000000422,0.011914999999999898,0.011831021361751522,0.006030008481930531,4.732408544700609e-06,0.9604561013934297,687.866429,1.350791,5.445215858962598
Cob4usZcpHEY7Qt4ZCwj6WVg9S44zvzYV2v9qYF65dTf,NhFM9UXE48PyNAyeyPYA3iXztqKVJwA4bTdLj4ysM8w,6TuFuynuBoeskxyR2cz4wxyidk8dpDK7kAWw3UkjQGx,2.094452000000004,352.8689619999932,0.012637531106718091,0.006033812714121912,5.055012442687237e-06,1.0,38636.827455,73.594633,306.72201373131355
NorjjEePhxfwLF4vZjUHCrVVKLzQjEEGQFd3wgjEJmh,34M8pFVqgbV7aqHxvRT5tCv3vu2P1JJYT8J3VaxBK2oG,3AZWBSze3ucsY3xSeuLne3b2pauVqiaJ1SZSV5T9WGWw,0.0002919999997175182,0.0005200000014156103,0.00016460691908133456,0.5637223261663556,6.584276763253384e-08,1.0,38257.637487,2119.1678,23685.852197800807
SERgf3DMJpQxUifu7VoFKmfne73d2fDJxSrxUMrcNJB,AJfM2GZ2tTB8UtN2krcyR9xufRJEx2mhSCbJyMgPo3GU,F4yRYkufQvERZcEKnKjJwRLU1btiMBUuEwq46hfm11QD,0.39948415400000314,0.3996436600000024,59.038189691686235,147.78606135072323,0.023615275876674495,147.79899218823206,29.174428338,28.072476288,8460.657559826388
FrnkTEL6yZ5Aycq2TrEgu29dCrwKG4LPUZydfiwqspkc,DjvZuMZ46fxKBoBpGMPcRcos4xdTtHFxwMh69DpA2ZFY,9rvDPJLAng4uVVqnnSoEXgNDFhBZQTny9AoQioYDZbQX,5.654340175999579,4.659324860999902,1012.9660771727619,179.14841442904324,0.4051864308691048,147.88583154650277,166.851914163,1447.049364089,243889.35436389208
BSCuChvaSj9b5HUSqgDVRzcnr2sSn7cXaamt1jbKH6hn,GnKpRj5kBVPMJfiwZtEuD9GYApLzPdW5JFuZTcyX4BTc,3dmwD9okkomV9nDwyuh4UMhKdUR13QpuKxRo89ycZB5t,1276.159460924,1265.425459865,1282.0899977024824,1.004647175341386,0.512835999080993,0.9984065431571213,1016.724703662,1993.603709949,3011.8765901092293
KEnkcdADoLR5jS2CLLLesy8TtFsyWL37BhXNfDMzWzP,3qsjFRuw1qeLMPo4DLwaQevenGAGBj9dA3Q6rb8ax2YR,77iEv8zPQAEyCcEbvBRSB6AFcUdfkhiqnAKtPxk76rNN,1.1500820000000118,0.00667100000000001,0.006944606222104748,0.006038357458080968,2.7778424888418994e-06,0.9952169871597103,127.652361,0.238593,1.008262392703391
AUSejoEUCh2DBs9mof6BNC8Pubs22w4cJa1ccV9h44R,4xkyD7AfGQDwsQMy9MosRRNGoVJ1zosNinesxg1TzHG7,Cbm5gsQe3nSiCsFrvepVzMCD9xLK3ri9g3ypS2hdmVJ7,1874.9517779999987,1869.8696939999973,1875.7170705647893,1.000408166531945,0.18757170705647894,1.0,14329.193906,14555.841968,28890.88457138218
C98Sspw7XqnMsgxea3SLQVdbMDL8pKUc3RE82UvX9eq2,CSqgQJurPCzGxb4Cgwx5R61hWQUiaoUHcShNc8r1cKEL,6S2CR5EnukPhC914XkAns8m5GixjMAoUuZMsS5ubHuWc,27.84506199999997,32.38278500000024,0.0,0.0,0.0,1.0,690.274417,63.156943,63.156943
AURHmCnNwiW4uA2Qj1XvEh4iKgRUZYXtiY7FKAapUV5Y,BKWm4TRnTeKwfWXRyuzjRHU7iZDkPuXBX5b5V5jSVfGJ,A5Ww74HVrkj9nPeC7pHKLfgeDMEhBCpW1efQdz3TGLEg,0.01578127600021162,0.013975617999847145,2.650157308915953,167.93048349705154,0.0010600629235663812,148.0420842193652,272.463051746,1806.857334893,313245.7777593952
WiiQFxXqp8P9Fs1rt9SVcDyA3KUdJmUsog6wnVQAwba,3S2jpqSYxho6wiz3cafhjXruVY8cg4HYa2v3BqBHYFSj,Dfe67M6TfrG74gKRtdqys4e6E9QirPD53BkF4FujFjuv,7387.290353190005,7381.274523829998,7392.31436223075,1.0006800882056268,0.739231436223075,1.0,10018.870831033,16841.128527227,26866.813074145884
DFWzVTzNBrQZLjoQ4yQwkj9HuoXmfkuZP9V5vbymZe23,DhgiEgiNdqZdRdo195UUHnoEJUtefK8buko8nU97XJUZ,2K2kkXsouBHtWVjtcgkyiXd8eP3oVBvq1bTJzcVdLLr2,4.193537811999704,4.2114097960002255,4.179076127418924,0.9965514357496912,0.0016716304509675694,1.0,37260.747502256,30699.483704439,67831.73512491894
SRMuKizofcAMicegrfSv7xs9q76tH1w8aAF7oX9FEWu,72Hj2KWntXPfbie4UgKeTPnm1XVkomDfCnRPKbvfTtPi,6aqJQ5wedqpUt4fFEDUqUmXhrdxCu4bEJsQdVPCADLko,0.40890500000023167,0.021432999999888125,0.014943770957669179,0.03654582594407188,5.9775083830676715e-06,0.03654727111759801,16653.483104,5250.382664,800.5024535736704
MATSnbbiTCv7Dc3trJrkrqjx7ckKdr6fwPoVwv9q3sD,631WX9JizSHJm4w6VanZeJAst9T8DeUUnPLesdGkCVtK,211maUSfpnXbPuW1iBu8b4dtJv5EbN1j7JJiEX5TZKEP,2158.457274000004,2159.172074000002,2154.1317773910027,0.9979960239838405,0.8616527109564012,0.9970894957618712,24041.423577,21563.899358,45494.382678285314
BSC8REUo9LpiiWUuqMuLXs2D2yJsJfGd4HdiF3wCLxk5,AZjEH1zWVx1UJ6udMyRijGTzPteuLnaY18yNNmprJEsh,Caf8ypkSVR8xYnXNhjvfvdGCC7mrM3C11rz8Xi6NA6aK,2957.1577746530006,2944.726705155,2967.3431562982487,1.003444314582249,1.1869372625192995,1.0,2393.314857291,3845.288825558,6246.847012111881
SoN9GaFpSXfpyR5dth3x7PHPVhvJMpQqqDJfCSmPv1t,9kZ9iS68ViMPtoeqtnhAKuF2iqVyfHPdZHoUNdwCELr,BBhm5fJLjw3HRzjtKB8uMEYjGhY6EDm9co3cqpjrSzB9,0.1277553779999998,0.12496397000000048,22.953097163242347,179.6644299642899,0.00918123886529694,175.72681930415342,3.041302989,5.129399829,1447.7870847568145
BSCNHw8CmxbZ8hCWWzMf5FaG2ajPT6JxfznKUNuRVrn4,7n9kgNL633yGzCYksgnzHyjG73ZLBAwvEae5sbAekbzW,SscdxE99omdG9AiMVwmaEMQySQnCgeAh1sPj2Leutm2,169.52057483499902,169.7630601710016,169.20056867587203,0.9981122871991293,0.06768022747034881,1.0,6649.763079531,5062.613092854,11699.823329497012
MARpDPs5A7XiyCWPNH8GsMWPLxmwNn9SBmKvPa9LzgA,6YjT74rmcfCpw8LSjPNx5JTmZoYLGrTKnf9arfSgZ4SR,F8GSmi3vA8M8TsybLya1LQ4n1aFHCRbZ6k437PeTdXtg,23597.720573000002,24485.20838700002,22708.348118922408,0.9623110863048698,9.083339247568963,1.0,295388.694515,17488.968181,301744.78368190693
wrmcMSHFi3sWpAEy4rGDvQb3ezh3PhXoV2xNjgLBkKU,8p4mGnARWPBu6P2Gcw4adodLkNDorrXniZMhaY7eJXUn,AyY89zccbsgp9LKFgH4CFZMJmpSgqmPSdTfukhP227rc,0.013687569999999968,0.14288543999998993,4.707903390017049,343.954653018546,0.0018831613560068197,3454.35075477564,27.09644076,0.09454069,9646.523583501898
Lee1XZJfJ9Hm2K1qTyeCz1LXNc1YBZaKZszvNY4KCDw,9DgFSWkPDGijNKcLGbr3p5xoJbHsPgXUTr6QvGBJ5vGN,2hNHZg7XBhuhHVZ3JDEi4buq2fPQwuWBdQ9xkH7t1GQX,957.0751692749764,799.2804799680134,169762.9871389319,177.37685877644734,16.976298713893193,148.04517450454833,6516.553272068,54088.976859045,9163497.767318595
KZMu9QBEdL97EFgamLbN5DE1AoKBG4HdrKKJo4Vuon3,DD4ACBWyVqdaKWh7v5btsgqQCCMwbKnuL2xd9pv7Gyuw,GcYqiJ1MAuYbNTNYXm1F1gQYTfTgkErACAhNU5dpVj9T,57.7305728299998,57.321820049999815,58.20222855765159,1.0081699471273338,0.023280891423060637,1.0,1260.63674395,1829.92448236,3100.8605618548454
ALBpShJ9NLpE739pcHDF2LNVk5J4VYPvvKuV6jMPitZi,D6d156U1bPiJpDYRLextvDRccgFk7QzkQbJg42ceKEu5,GNcM8U5g8RwTZffwwm3kSQqUNPSwv5d2fbN9sLxPJqt2,5034.175064000003,5035.2464099999925,5029.467482436442,0.9990648752767409,2.0117869929745766,0.9982959088835359,49663.810493,50700.903366,100231.87304293402
MATgk4zXLXtYkwBH678J1xZbRDZ45LicNzkRBHkxTuY,y8dALFo1bJrSzPYjMX14HJX448pXqYmrfXHD1K8MXih,GN7Yuet3UyiWS5YVkEHv6oQKi4HGBJc3XDPt9zQhAqZz,3513.1545529999994,3516.319238,3509.24525378728,0.9988872396150688,1.4036981015149121,1.0,4889.621111,3201.697481,8085.877615330356
KEN5P7p3asnb23Sw6yAmJRGvijfAzso3RqfyLAQhznt,9zj4aX38Uxf3h6AUjS4EipWS8mwbEofasHAf3a1uKGds,CwQDG1MWunn9cLNwcZLd8YBacweSR7ARo32w4mLua1Yr,31553.533548999694,31560.888892999617,31543.43964831223,0.9996801023672424,3.1543439648312233,1.0,990103.789693,906634.982989,1896422.040823493
JSoLLrxK5bYdHwTEWYaGgmeycBCNXKDiBCTw5hXGBg7,xG4wXczA7Dk4hccJ61CHKpDHW4NrNfQwgmWgkb9BuF2,BVR6WgfhsRr9Lob4QDnkEAiNGgAbv7ZieKcY9kSg3QYR,1.272076990999949,1.073111539999985,223.6137648794262,175.78634505734502,0.08944550595177049,147.6755862720775,17.262124995,171.988614326,28432.96531350837
Lid8SLUxQ9RmF7XMqUA8c24RitTwzja8VSKngJxRcUa,4PgzyzLtds9bKZ2to9PMnKqJzKEUpjvNUaeN23phegax,AtymwxoVN9peZo7EXTcDz9jKVc4vRmisJKKrNfe3ewBa,122.54340317200968,103.3205324219997,21538.04568350457,175.7585078102687,2.153804568350457,148.08926346916277,952.771144422,7635.363174909,1298172.9435201348
BkwbeSfcX1h4thMDd7obGkHrPevf3QwgzJ4pCEqG18Lu,35yX27bmurdebhfAb8EPmjLETDiUaEUCn9zHaDPbakH2,2CxECn1ZJFoESyUnQysQU8rRgT3iJ5GRs2Mdd6gZjx5g,0.005292749999999957,0.006183999999997525,0.0,0.0,0.0,0.0,1.55586439,21.09566863,0.0
BUSDTd9WiT6uBHJRgNvFXBsA7JrifsAtWzKfioN7ERcy,DyBxrn7gSc1EwnpWhDyhzvMHPtxpmBqRqotapLcKcfTM,Cds99GeBgoCpqBsoRWu1C6fF9LiUMd4pXQQD24s9LPff,11.967330399999994,12.0,11.91578663920837,0.9956929608301259,0.0011915786639208371,0.998733605787861,116.21922322,70.0400647,185.6700288407452
CZgvH45CRmoaNJ7395Ao5CQZXkGznvqU7cErD6n7FaRg,4ZjU6MKvtqVQKCiowhvZ5yUsPxXX5SCzd5eFsPeXyey5,BsyWeshjDbCvjDojry3vKDCesmFRM37WtwcR4Kfgzqr,1.9997789400000556,1.9279375399999878,2.0755308772564276,1.0378801555217747,0.000830212350902571,1.0,195.13063788,611.03086802,813.5530848099575
B2izdXFYb2sNwbWWHmh75T4aQFtfXsUxem9u2p61HGzf,4DYwgJtxwuJdAjkj5RJSNH4e7U329V5cNp7d3a1nLrZv,EXNW64GEf1ACC6xY9BtKRiunrs6GoJSXBdxWN2eTPmrF,3896.945023999997,3875.048802999996,3916.9921900285635,1.0051443286741544,0.3916992190028563,1.0,13007.793281,26724.812329,39799.521973962925
SoNcU2iwHMw6dGzsYNQkYFkUjwN1UdAjrWVRnStrZu2,8ivTTid27jZnYNc4w3CTA1Z6QS2twsFb8WMwUabeDJgc,CyXm53PMvHCbeXJBykU46Rcbo28xk5srhMZFg7gv6EYB,0.5949306279999984,0.5892957230000064,105.6119368540941,177.5197508474793,0.04224477474163764,175.92810873764546,11.862561985,15.117158796,4765.37220445692
vEnkoSUkpnbRrPgBz9DfcVxNz67zjwMYBZraAvDDNSf,DtfyjjsZ5yCjWKLKHvwsfXs5QVsmm1QkK6Sh9JZHoq1g,e5wrKCRv4GhHvEf1VD5Pq2KGaZDXP77nTL612Jyrxwy,12317.782688999998,12322.652276000003,12295.638244521615,0.9982022377697767,1.2295638244521616,0.9984035527192021,13544.240945,9648.212996,23152.70175279001
TETFuZgEmET6d9vYmz9iMFCxK1jKdKYxf3oPz8hSzJK,Eu1Ze6Z84LWNkq7SNoAHBJbXx5t1P95EwyqYohrfCRFV,ASMbv7WNu3qe4pkhREmvyEdwFNDZQ6B6iSrjkj4u8bdC,166.83730704199996,166.198623551,167.10191543161466,1.001586026496748,0.06684076617264587,0.9989371308927302,53.833181017,198.713651172,252.42100643947367
daob129AwBGn9Y5r91uLoWZeYiGzbPmksauMhFZKTze,6VW5GQNyj4LStgmxEHLr5zUfW92vQnmbw8jTnCH7a38F,4VPCCUifPeBA1c7HWK358CHn2nyjm8pdTRk6Ps3KmnMQ,9.179393863999934,8.195382984000055,1404.2506113406284,152.97857703305087,0.5617002445362514,146.0765660320857,47.74327262,224.990918842,40169.59872115167
MiMUFdSLMyCLpqpH6zkqdDrGYs7XBomwENbivdYjv9V,,,0.010766520000000002,0.013002999999999987,0.0,0.0,0.0,146.0765660320857,47.74327262,224.990918842,32865.90081284305
YAkoNb6HKmSxQN9L8hiBE5tPJRsniSSMzND1boHmZxe,CfWX7o2TswwbxusJ4hCaPobu2jLCb1hfXuXJQjVq3jQF,EnTrdMMpdhugeH6Ban6gYZWXughWxKtVGfCwFn78ZmY3,4091212.6993139875,4088796.945872001,4091212.6993139875,1.0,409.1212699313988,0.9977560466510818,315403.057361,1578135.714219,1889997.5086590308
MiMuMS9C4vBqcrYeeQPph1E7oAW9aNKvW9k6Zw9XffM,Afy2q2hh6Y474pshJa5fnQ6PfEchGyTbKrQpCZw2hr3m,5pXz9ksgjeL8Wgb37bksUaBFMLdFfsNNY3FQnikkCPtS,0.7116574000001492,0.010766520000000668,0.0,0.0,0.0,0.0,25.973194145,7675.921553986,0.0
RajgMbScQbqqrdJfR2rxfHJiTiY5b6bJ2tTXiF4aPxy,725ZA3fhyBAKb5iopNRrcbSuQa3LXA1656Q3mBvYPxeg,GLA6i1dSZpUfk2f9Nj8uiG7xyDdAR2reff8oEiZH3617,1040.8503231599898,1042.0007400000031,1039.8807071921826,0.9990684386157815,0.4159522828768731,1.0,119335.71654047,64925.08596368,184149.63395886286
KysFMBBoavfov2tLpvefWW6tPFt6rAeZWDJVy1mMQae,B8ka2V21TH3x64dFV8ETcjuQcwmrciJ2qzy1mJUttRew,7fSf7EYxBANyxzk2s5pymFgshA91tFYQNKKs5UnLWcYS,28.653414999999768,35.30698200000916,0.0,0.0,0.0,0.01883778691268113,130611.306402,3057.591534,57.59825778350982
SEQV6QiTpvTzrceiaYg9Avnwf7oc8ZALpnQMz6TyT4A,3dFMPj4r9mMmPHF32mz1gNDX7f8ftidWof7S8YiYTs1j,Fc1ED3YPeQfXQosHbd8DTaBd2AV5gHQtwiSAL5C5pUhi,680.2745721510008,676.8693474420003,683.9865844444454,1.005456638312538,0.2735946337777782,0.9987974478727613,762.116528063,4808.430177841,5568.922912210605
heyk4SZTeCUV6a65WiVA5bzic3KcxgVf1qxobfeV4tQ,9ZDpBKPqMABtGfq66FbVribaArMvtk63xxy91onZAtDt,DaTP4s6N7xxSPinbNZ3FB52EpRDRt87QShTuN3VPCW52,1.6951282550007818,1.4586227459998327,292.08914523792555,172.3109412967639,0.11683565809517021,148.19838191078694,607.668254638,4495.389565876,770917.3486742935
STK75uPSyBnEhGTTzb1nwmP3n427XoXmfRhXxxhyady,6TYyD5fUmDe6N65avW1Ny2RxzRNobw2RRgKwH9CTzSAU,54zDfk4cx2vGrEajPtodWpArNe5eUurytyxd4X3aZAxK,195.89821538200118,222.75871061399556,29013.975767259464,148.1074021561772,2.901397576725947,168.44882718346318,1729.207401321,289.918659495,304944.87416942196
GokA1R67GqSavkd15zR62QD68Tuc5AEfvjssntVDEbM8,3YB7hfpBdbQEuZqLGWVDpRPmeZWCUsrrWyqGXegnQ6Cg,4DPCj6Z1DsG6HUtwSogBGqXEUxdEV5a8YVrrFtcnz7UW,5388.644459999994,5390.118666999988,5388.93546251497,1.0000540029161575,0.538893546251497,1.0,17015.79197,15468.006876,32484.71774838711
RoBgmK8CvjdHvPrqdDyVw54VwjZv2TqJ493xnqJAQHx,ExiHJxM7qPAcy27NDHAF6G7vnW7muNHi2sVJpnaNynGQ,6rkPHSqZb7StM4HwS9EuVrmfkV7tRdc7dnsFhyB6cefE,16.625824000000293,19.22784399999977,0.0,0.0,0.0,0.961642022987091,6319.207184,18.074285,17.380991991445235
HEDSDjj84KS7LKhZY7ejkCACTdPen62rKhCby1wXtgxc,EnnjMSFttpCTywBrYNt1J5QQeoSVkvzPipJDa8Y7kJow,6bjVT6JN2rSvpyn9PdfLYC8wJn4LWh49jpY47fnLDXZk,21.3422031889977,23.836154487005842,18.90333019583823,0.8857253409330882,0.007561332078335294,1.0,43576.251554158,4607.569954817,43204.16021920961
KwnjUuZhTMTSGAaavkLEmSyfobY16JNH4poL9oeeEvE,J63v6qEZmQpDqCD8bd4PXu2Pq5ZbyXrFcSa3Xt1HdAPQ,BnKQtTdLw9qPCDgZkWX3sURkBAoKCUYL1yahh6Mw7mRK,80.7088080000076,4198.1587760001685,1.5187632030477252,0.018817812338990093,0.0001518763203047725,1.0,279174.05704,544.05268,5797.497695293236
SAMyS8Jr2HJrkFwYVKbpUwsNStnQmvz3f8Tup8bWUWF,6jPzm5TFfquvgm25sTyN3MMGBfufRaFHMxobDWv6hMFW,Cj9ECoDmxsHTDzCY5ZA6RWrPbg9uFzEC1Qc2kso2vJG6,873.8402278499998,15.85672814000003,880.9794563092715,1.0081699471273338,0.3523917825237087,0.0,439.67533657,111016.74252712,443.2674608229696
Sid7E679i9ABqptiAVhkmQ27YHN8vaYT4fppPwmxFsJ,GP7KB8o1bv527HG8kTzzzf4wJ5aEGHvcMQvVhLziUfmT,9gYxhAZ1M9wu5pxr8SBoa5NDm21gi3s9vMHaYTME77sa,121.3945120000044,340.9292330000171,0.7337872014364575,0.0060446488836038235,0.000293514880574583,0.018829757675329333,136397.323257,8576.622954,985.9696596484623
moFiBS1R4Lf3E3zzmBPnw3NF4RhWPkhREFviuzUaCAU,44ALBrpqi9PfZkBRTvbtRNtFJGsatfY4QydjtMbFWq8S,2ho8qEEie1UjVwWNBo9y4oAJZMyMLx8zPj9bxyUz6uWs,17.88067454299744,17.95228823600337,17.809853979226418,0.9960392677803782,0.007123941591690568,1.0,41896.752514558,22546.686207716,64277.496904692074
DEDaBEWzMCXohXYXoLzB4jK1xqMsd3SS9izXp2xvg9pe,GC5zHpW5GuVdw3C7covC6viyGdLS8ZAaVGDKMeru7p78,F8juxtAFueW19vxkdDArUkjVWAv9QV6yy1wCXUWQiXvh,3425851.597790123,1174.3995667900003,3425851.597790123,1.0,1370.3406391160493,0.0003228871891674841,824.89475478,6021854.67065111,2769.2744829616227
