0,1,2,3,4,5,6,7,8,9,10,11
MATSnbbiTCv7Dc3trJrkrqjx7ckKdr6fwPoVwv9q3sD,631WX9JizSHJm4w6VanZeJAst9T8DeUUnPLesdGkCVtK,211maUSfpnXbPuW1iBu8b4dtJv5EbN1j7JJiEX5TZKEP,204.8765710000007,205.0,204.71709638191916,0.9992216063686388,0.08188683855276767,0.998844337101973,23593.812016,22003.954394,45553.97198328419
MARpDPs5A7XiyCWPNH8GsMWPLxmwNn9SBmKvPa9LzgA,6YjT74rmcfCpw8LSjPNx5JTmZoYLGrTKnf9arfSgZ4SR,F8GSmi3vA8M8TsybLya1LQ4n1aFHCRbZ6k437PeTdXtg,6398.497318000009,6813.550788000342,5997.9539530175,0.9374004012073717,2.3991815812070003,1.0,299464.787421,13497.273308,294215.68518392567
CZgvH45CRmoaNJ7395Ao5CQZXkGznvqU7cErD6n7FaRg,4ZjU6MKvtqVQKCiowhvZ5yUsPxXX5SCzd5eFsPeXyey5,BsyWeshjDbCvjDojry3vKDCesmFRM37WtwcR4Kfgzqr,257.73449032999997,203.99789728000002,267.3534864572461,1.0373213383856001,0.10694139458289845,1.0,196.41197858,609.69820949,813.4405459855694
SEQV6QiTpvTzrceiaYg9Avnwf7oc8ZALpnQMz6TyT4A,3dFMPj4r9mMmPHF32mz1gNDX7f8ftidWof7S8YiYTs1j,Fc1ED3YPeQfXQosHbd8DTaBd2AV5gHQtwiSAL5C5pUhi,859.0504023459998,859.2885715910002,858.864831716135,0.9997839816739995,0.343545932686454,0.9994552968632096,2952.193105526,2612.955486649,5563.087579312442
TETFuZgEmET6d9vYmz9iMFCxK1jKdKYxf3oPz8hSzJK,Eu1Ze6Z84LWNkq7SNoAHBJbXx5t1P95EwyqYohrfCRFV,ASMbv7WNu3qe4pkhREmvyEdwFNDZQ6B6iSrjkj4u8bdC,180.62876518099995,180.840987431,180.07219659518597,0.9969187156582936,0.07202887863807439,0.9995072429292358,196.902502741,55.265553595,251.5341112451577
Cob4usZcpHEY7Qt4ZCwj6WVg9S44zvzYV2v9qYF65dTf,NhFM9UXE48PyNAyeyPYA3iXztqKVJwA4bTdLj4ysM8w,6TuFuynuBoeskxyR2cz4wxyidk8dpDK7kAWw3UkjQGx,1.877223999999984,325.8933340000003,0.010929031229802242,0.005821911093083369,4.371612491920896e-06,1.0,38978.803689,71.558872,298.49000159210806
ALLwa5WNZbvQsRKAqe1jdRGemdYQnW8E5k4msbRFcYtu,CGoM82Hbz7QVqTgvQatYtjvDWBvoUJp5qm21P8iMs9yb,3dxNNww8TivyN5FMy5dCNdi3Zcxv6e4kUfSPxfFwpdNq,3.353795789999999,3.3535405949999992,11733.12269101595,3498.4606773019873,4.693249076406381,3498.88910270989,3.911414588,4.857183301,30678.675850476706
BUSDgu5JdqP1rndBvXvanbEufS94FNh1w5FJcAj6vawb,Bgzr8cWubt89JQFXndVjtdKmDbGzuPxNhvjH1EhWCwbo,Dxaf8xPBBQsasRKW5Aa4Sw2YrbfGofY9xZueyyF23FBW,8998.218327580002,9061.053565990002,8929.60715522639,0.99237502693802,3.571842862090556,1.0,10731.8988768,4498.52366884,15148.592105800508
FrnkTEL6yZ5Aycq2TrEgu29dCrwKG4LPUZydfiwqspkc,DjvZuMZ46fxKBoBpGMPcRcos4xdTtHFxwMh69DpA2ZFY,9rvDPJLAng4uVVqnnSoEXgNDFhBZQTny9AoQioYDZbQX,6.86652655800026,5.666077563999806,1115.958206945821,162.52150159466098,0.44638328277832845,133.96330021805207,167.479908809,1446.273709088,220966.685354607
Lid8SLUxQ9RmF7XMqUA8c24RitTwzja8VSKngJxRcUa,4PgzyzLtds9bKZ2to9PMnKqJzKEUpjvNUaeN23phegax,AtymwxoVN9peZo7EXTcDz9jKVc4vRmisJKKrNfe3ewBa,8.126012036002862,6.866873597000563,1290.4279695009186,158.80212381960396,0.12904279695009188,134.03210524629807,957.024171214,7630.199808396,1174669.2147046956
B2izdXFYb2sNwbWWHmh75T4aQFtfXsUxem9u2p61HGzf,4DYwgJtxwuJdAjkj5RJSNH4e7U329V5cNp7d3a1nLrZv,EXNW64GEf1ACC6xY9BtKRiunrs6GoJSXBdxWN2eTPmrF,1346.8545280000126,1338.5238219999992,1355.375775500585,1.0063267764435004,0.13553757755005852,1.0,12761.353698,26971.428384,39813.52031396369
BSCuChvaSj9b5HUSqgDVRzcnr2sSn7cXaamt1jbKH6hn,GnKpRj5kBVPMJfiwZtEuD9GYApLzPdW5JFuZTcyX4BTc,3dmwD9okkomV9nDwyuh4UMhKdUR13QpuKxRo89ycZB5t,37.58539602099995,37.646764820000044,37.43050086032624,0.9958788471834336,0.014972200344130498,0.9989511013435892,1892.873695579,1115.828778971,2999.731261481013
Sid7E679i9ABqptiAVhkmQ27YHN8vaYT4fppPwmxFsJ,GP7KB8o1bv527HG8kTzzzf4wJ5aEGHvcMQvVhLziUfmT,9gYxhAZ1M9wu5pxr8SBoa5NDm21gi3s9vMHaYTME77sa,110.23547500002132,327.2571679999928,0.6411934269788785,0.005816579707927547,0.0002564773707915514,0.01785538410180883,136051.400085,8687.585483,946.4739886858065
MATgk4zXLXtYkwBH678J1xZbRDZ45LicNzkRBHkxTuY,y8dALFo1bJrSzPYjMX14HJX448pXqYmrfXHD1K8MXih,GN7Yuet3UyiWS5YVkEHv6oQKi4HGBJc3XDPt9zQhAqZz,478.9884009999987,478.8556740000008,479.2294534150665,1.0005032531363276,0.1916917813660266,1.0,3982.055754,4106.21708,8090.276816047232
KEVpg4SYCVrqFxKijQH6hm4QxsRdoE51ud64bEEFUC9,2bPenuBYfqzD8p5dFjCcggwkHDsc2RQDnx9AoyYGUBjA,AE6n6iLuX8oYu61vt5hoDYkjswpnxFxrhSehxrnQTnbx,1933.7340458010005,1938.4437187269994,1933.0743571135945,0.9996588524213873,0.7732297428454379,1.0,4852.900818937,2694.206241311,7545.451504884371
YAkoNb6HKmSxQN9L8hiBE5tPJRsniSSMzND1boHmZxe,CfWX7o2TswwbxusJ4hCaPobu2jLCb1hfXuXJQjVq3jQF,EnTrdMMpdhugeH6Ban6gYZWXughWxKtVGfCwFn78ZmY3,2107502.1253039916,2106578.382278002,2107502.1253039916,1.0,210.75021253039918,0.9992076283507179,406977.792926,1377656.8176,1783542.9943212934
KysFMBBoavfov2tLpvefWW6tPFt6rAeZWDJVy1mMQae,B8ka2V21TH3x64dFV8ETcjuQcwmrciJ2qzy1mJUttRew,7fSf7EYxBANyxzk2s5pymFgshA91tFYQNKKs5UnLWcYS,58.954070000000684,72.58888900002057,0.0,0.0,0.0,0.01785691996451687,130597.31001,3068.868077,54.8005316326498
C98Sspw7XqnMsgxea3SLQVdbMDL8pKUc3RE82UvX9eq2,CSqgQJurPCzGxb4Cgwx5R61hWQUiaoUHcShNc8r1cKEL,6S2CR5EnukPhC914XkAns8m5GixjMAoUuZMsS5ubHuWc,22.916247000000013,25.347938999999784,0.0,0.0,0.0,1.0,663.094436,66.910066,66.910066
KEnkcdADoLR5jS2CLLLesy8TtFsyWL37BhXNfDMzWzP,3qsjFRuw1qeLMPo4DLwaQevenGAGBj9dA3Q6rb8ax2YR,77iEv8zPQAEyCcEbvBRSB6AFcUdfkhiqnAKtPxk76rNN,0.007474000000000008,1.2796269999999623,4.351091367120364e-05,0.005821636830506234,1.7404365468481458e-08,0.9994622892883629,128.245143,0.235098,0.9815682331094544
HEDSDjj84KS7LKhZY7ejkCACTdPen62rKhCby1wXtgxc,EnnjMSFttpCTywBrYNt1J5QQeoSVkvzPipJDa8Y7kJow,6bjVT6JN2rSvpyn9PdfLYC8wJn4LWh49jpY47fnLDXZk,86.28366499499953,97.34569265500613,76.37931029751412,0.8852117060852782,0.030551724119005655,1.0,43589.345192817,4595.955353573,43181.75397884666
BSC8REUo9LpiiWUuqMuLXs2D2yJsJfGd4HdiF3wCLxk5,AZjEH1zWVx1UJ6udMyRijGTzPteuLnaY18yNNmprJEsh,Caf8ypkSVR8xYnXNhjvfvdGCC7mrM3C11rz8Xi6NA6aK,926.7278749380002,929.0971823429995,925.1342710224366,0.9982803971277218,0.37005370840897467,1.0,3321.289009452,2909.912209892,6225.48992122368
BSCNHw8CmxbZ8hCWWzMf5FaG2ajPT6JxfznKUNuRVrn4,7n9kgNL633yGzCYksgnzHyjG73ZLBAwvEae5sbAekbzW,SscdxE99omdG9AiMVwmaEMQySQnCgeAh1sPj2Leutm2,29.03460237299987,29.09814045999974,28.984116766004526,0.998261191720597,0.01159364670640181,1.0,6719.990455636,4992.284098341,11700.589778935231
STK75uPSyBnEhGTTzb1nwmP3n427XoXmfRhXxxhyady,6TYyD5fUmDe6N65avW1Ny2RxzRNobw2RRgKwH9CTzSAU,54zDfk4cx2vGrEajPtodWpArNe5eUurytyxd4X3aZAxK,37.33801310699994,42.435369941000886,5000.768518259326,133.93236817204416,0.5000768518259326,151.96778526100923,1540.506097916,259.259834222,245722.7726912186
ALBpShJ9NLpE739pcHDF2LNVk5J4VYPvvKuV6jMPitZi,D6d156U1bPiJpDYRLextvDRccgFk7QzkQbJg42ceKEu5,GNcM8U5g8RwTZffwwm3kSQqUNPSwv5d2fbN9sLxPJqt2,1696.3197739999887,1697.7119059999895,1694.7639806657376,0.9990828419510889,0.6779055922662951,0.999580176325943,53473.539037,46885.656222,100290.46786381275
vEnkoSUkpnbRrPgBz9DfcVxNz67zjwMYBZraAvDDNSf,DtfyjjsZ5yCjWKLKHvwsfXs5QVsmm1QkK6Sh9JZHoq1g,e5wrKCRv4GhHvEf1VD5Pq2KGaZDXP77nTL612Jyrxwy,4701.873199,4703.9932009999975,4696.622375184544,0.9988832485281456,0.46966223751845443,0.9991736833638581,12530.251929,8657.789933,21166.894608861723
ACUSESXyNnwRLAg1dpSGMLSzUDdLjUMybY8rkXiAKhCP,AhFPQdu8GKBsxuhiH46UmCu1YpaLgNpoP325HnYtsgas,A8wxWpT3aFEr2XqZp1kDmbxbFfcBE95UUmdsNTDBJYbT,16.4317405459999,16.651150799000106,16.4317405459999,1.0,0.006572696218399961,0.9872881399607153,1030.694681245,1856.017827566,2863.119069956564
JSoLLrxK5bYdHwTEWYaGgmeycBCNXKDiBCTw5hXGBg7,xG4wXczA7Dk4hccJ61CHKpDHW4NrNfQwgmWgkb9BuF2,BVR6WgfhsRr9Lob4QDnkEAiNGgAbv7ZieKcY9kSg3QYR,0.11244995800001334,0.09483724300000063,17.85611821977584,158.79168420653144,0.007142447287910337,133.8970936564645,17.298129639,171.944740247,25769.70012758875
KEN5P7p3asnb23Sw6yAmJRGvijfAzso3RqfyLAQhznt,9zj4aX38Uxf3h6AUjS4EipWS8mwbEofasHAf3a1uKGds,CwQDG1MWunn9cLNwcZLd8YBacweSR7ARo32w4mLua1Yr,6726.546727999579,6727.180094000301,6725.981745532955,0.9999160070554074,0.6725981745532955,1.0,987441.77189,946046.304479,1933405.1382269652
WiiQFxXqp8P9Fs1rt9SVcDyA3KUdJmUsog6wnVQAwba,3S2jpqSYxho6wiz3cafhjXruVY8cg4HYa2v3BqBHYFSj,Dfe67M6TfrG74gKRtdqys4e6E9QirPD53BkF4FujFjuv,9416.232468887985,9408.039948796999,9430.087681794988,1.0014714178895627,0.943008768179499,1.0,7014.666589342,19845.142376828,26870.130472078876
heyk4SZTeCUV6a65WiVA5bzic3KcxgVf1qxobfeV4tQ,9ZDpBKPqMABtGfq66FbVribaArMvtk63xxy91onZAtDt,DaTP4s6N7xxSPinbNZ3FB52EpRDRt87QShTuN3VPCW52,0.1795529830014857,0.15446098399968378,27.975497735352246,155.8063657183616,0.011190199094140898,133.95389708723948,606.80296646,4496.392703055,696853.0903200975
ercAoEmXjQzEvAFbdjAo81KtMxRGn9AW1ju882upmPH,CMRhskR2Eg6V42RTSdRTXGdozyPbWB8U9dVpijPWb9T4,7TKLLgrWswt6ZJ1pXhVR3FyufHGjJFqiEXxvWJfDcgRm,12.623642727999986,10.46214744999999,1690.7653163644818,133.93640431650243,0.6763061265457928,116.57499403427468,32.094385297,292.608491965,38409.43977062659
GokA1R67GqSavkd15zR62QD68Tuc5AEfvjssntVDEbM8,3YB7hfpBdbQEuZqLGWVDpRPmeZWCUsrrWyqGXegnQ6Cg,4DPCj6Z1DsG6HUtwSogBGqXEUxdEV5a8YVrrFtcnz7UW,2193.036535999996,2193.5666099999944,2192.707629855517,0.9998500224966254,0.21927076298555176,1.0,19898.977655,12573.867751,32469.861007011597
AURHmCnNwiW4uA2Qj1XvEh4iKgRUZYXtiY7FKAapUV5Y,BKWm4TRnTeKwfWXRyuzjRHU7iZDkPuXBX5b5V5jSVfGJ,A5Ww74HVrkj9nPeC7pHKLfgeDMEhBCpW1efQdz3TGLEg,0.00037303800002064236,0.0004232879998653516,0.05673880329225573,152.09925875947235,2.2695521316902294e-05,133.85583512387822,272.444865198,1806.877779323,283299.79616749886
BUSDTd9WiT6uBHJRgNvFXBsA7JrifsAtWzKfioN7ERcy,DyBxrn7gSc1EwnpWhDyhzvMHPtxpmBqRqotapLcKcfTM,Cds99GeBgoCpqBsoRWu1C6fF9LiUMd4pXQQD24s9LPff,130.98546668,131.35820709,130.47464019717842,0.9961001285427372,0.013047464019717844,0.9983666721244046,116.41877226,69.78592071,185.63669143335392
SoNcU2iwHMw6dGzsYNQkYFkUjwN1UdAjrWVRnStrZu2,8ivTTid27jZnYNc4w3CTA1Z6QS2twsFb8WMwUabeDJgc,CyXm53PMvHCbeXJBykU46Rcbo28xk5srhMZFg7gv6EYB,0.118440709999998,0.11730387199999903,18.99832554600177,160.4036783129896,0.007599330218400709,158.73018392542602,12.681746734,16.22821321,4610.10609117167
AUSejoEUCh2DBs9mof6BNC8Pubs22w4cJa1ccV9h44R,4xkyD7AfGQDwsQMy9MosRRNGoVJ1zosNinesxg1TzHG7,Cbm5gsQe3nSiCsFrvepVzMCD9xLK3ri9g3ypS2hdmVJ7,1412.7561629999982,1413.053006,1414.2453633676241,1.0010541099778065,0.1414245363367624,1.0,14072.392389,14811.509476,28898.735714228853
MAR3XM1n9xWPQ3HJjAcC85o8DopWFP5p2WxGTaZ3fPB,6qG7GUhER8Cg9gDEgnebph9LdS6eu2eoWcA4R7z9uizK,4QV4CwRXVMY227KkFF9voNAfwWHVvVajXSXDKbUHkWZR,0.0024949999999999972,0.13102900000000162,0.0023370767151286113,0.9367040942399254,9.348306860514446e-07,0.01786395699974056,0.098571,24.923852,0.5375704796692214
Lee1XZJfJ9Hm2K1qTyeCz1LXNc1YBZaKZszvNY4KCDw,9DgFSWkPDGijNKcLGbr3p5xoJbHsPgXUTr6QvGBJ5vGN,2hNHZg7XBhuhHVZ3JDEi4buq2fPQwuWBdQ9xkH7t1GQX,501.5690075878483,419.3180647810077,80446.32628002702,160.3893483509088,8.044632628002702,133.86966877431072,6528.373474331,54074.812489061,8286058.804282865
SUiuyGR7SFq3xeRVJonq84fjjeFwRSsFekcevJ53tzy,49GjCCPsv7fBqo6t3iKDrP1xxGDS8uWZbVCdfnp2gjMf,CEwj5xEbbJEjYqM8D6Ai8ByGz1mrh8mkAVsE5fzDSSSx,0.03242300000000009,5.257494999999949,0.0001887638233710426,0.005821911093083369,7.550552934841705e-08,0.9363313414444596,691.220585,1.329868,5.2694218799631365
wrmcMSHFi3sWpAEy4rGDvQb3ezh3PhXoV2xNjgLBkKU,8p4mGnARWPBu6P2Gcw4adodLkNDorrXniZMhaY7eJXUn,AyY89zccbsgp9LKFgH4CFZMJmpSgqmPSdTfukhP227rc,0.00034664999999999,0.004029039999998929,0.104434984590075,301.2692473390394,4.177399383603001e-05,3496.136768870398,27.17707097,0.08706906,8492.02105810854
RajgMbScQbqqrdJfR2rxfHJiTiY5b6bJ2tTXiF4aPxy,725ZA3fhyBAKb5iopNRrcbSuQa3LXA1656Q3mBvYPxeg,GLA6i1dSZpUfk2f9Nj8uiG7xyDdAR2reff8oEiZH3617,2932.0922097400035,2934.849438719997,2929.3276567639323,0.9990571398242908,1.171731062705573,1.0,126556.2216032,57700.4390219,184137.3358037621
RoBgmK8CvjdHvPrqdDyVw54VwjZv2TqJ493xnqJAQHx,ExiHJxM7qPAcy27NDHAF6G7vnW7muNHi2sVJpnaNynGQ,6rkPHSqZb7StM4HwS9EuVrmfkV7tRdc7dnsFhyB6cefE,16.72733900000026,56.9785799999994,0.0,0.0,0.0,0.936901554132298,6333.203576,17.853845,16.727295127737158
BUSD5rCfUDpCxKGMvYU2yThChxgHoioK74PTPociGnv2,CcFHbafgYDZ8yA8Me1PdtDiVb2eeaS61LbqyKKK5CsNZ,26R9s4nmF3CFDTkiePDwRmtscn8i7r2eygbSijditJ58,453.68153742,451.15311049,451.88418164403635,0.9960382875922505,0.04518841816440363,1.0,111.39301678,37.21704851,148.168758193286
C2ypsDADXcCRz8HbV2zX1AXPSja7a1P3xZtRC91xGhJh,J9bYNuDpY1d1T86gLaw7DGk5D3CsUAf2tzUwxMvb6FTv,A2NGvvPrMGzsJ4jb52KEnSBVmsA7C34dV1GC7PerdgvG,21.90523510200046,22.2129509089998,2932.4434270063643,133.86952540575854,1.1729773708025457,135.79260992174136,3463.986379247,1317.072207124,642570.885062564
KwnjUuZhTMTSGAaavkLEmSyfobY16JNH4poL9oeeEvE,J63v6qEZmQpDqCD8bd4PXu2Pq5ZbyXrFcSa3Xt1HdAPQ,BnKQtTdLw9qPCDgZkWX3sURkBAoKCUYL1yahh6Mw7mRK,277.8233850000254,11916.413605000093,4.9636455182728225,0.01786619048742916,0.0004963645518272823,1.0,280085.639844,527.212709,5531.276103246383
daob129AwBGn9Y5r91uLoWZeYiGzbPmksauMhFZKTze,6VW5GQNyj4LStgmxEHLr5zUfW92vQnmbw8jTnCH7a38F,4VPCCUifPeBA1c7HWK358CHn2nyjm8pdTRk6Ps3KmnMQ,3.174881158999817,2.840314489999983,477.04603824351796,150.25634483710937,0.1908184152974072,133.6255278208349,47.630476256,225.104515247,37236.49092981083
