0,1,2,3,4,5,6,7,8,9,10,11
ALLwa5WNZbvQsRKAqe1jdRGemdYQnW8E5k4msbRFcYtu,CGoM82Hbz7QVqTgvQatYtjvDWBvoUJp5qm21P8iMs9yb,3dxNNww8TivyN5FMy5dCNdi3Zcxv6e4kUfSPxfFwpdNq,0.7297722220000002,0.7294523539999997,2247.3199950728304,3079.4814153296584,0.8989279980291323,3080.619820707926,3.493327923,5.281411087,27027.65809244945
KEVpg4SYCVrqFxKijQH6hm4QxsRdoE51ud64bEEFUC9,2bPenuBYfqzD8p5dFjCcggwkHDsc2RQDnx9AoyYGUBjA,AE6n6iLuX8oYu61vt5hoDYkjswpnxFxrhSehxrnQTnbx,301.7368699680005,301.80087344599997,301.4918475435019,0.9991879599449527,0.12059673901740077,1.0,4657.029594107,2903.821485029,7557.0693845680435
C98Sspw7XqnMsgxea3SLQVdbMDL8pKUc3RE82UvX9eq2,CSqgQJurPCzGxb4Cgwx5R61hWQUiaoUHcShNc8r1cKEL,6S2CR5EnukPhC914XkAns8m5GixjMAoUuZMsS5ubHuWc,16.246156000000013,16.778944000000024,0.0,0.0,0.0,1.0,849.80345,195.033675,195.033675
DEDaBEWzMCXohXYXoLzB4jK1xqMsd3SS9izXp2xvg9pe,,,1156373.6919143426,3795742.9368051696,0.0,0.0,0.0,1.0,849.80345,195.033675,195.033675
7oAd7xG4m3oC2qeWB1szghTebAZyyGPAFDJ4wwwbRSNi,D9yh4KAysxt9GLacVe4Wwh2XqghhcjTCSTV9HuM7TBJd,HDYfJLpZKaMFb84jM4mRytn7XLR8UFZUnQpSfhJJaNEy,1.7397519280000324,59.74047249701107,1.7397519280000324,1.0,0.000695900771200013,0.029128153780378644,1095.792699721,292851.657615049,9626.020817570941
Lee1XZJfJ9Hm2K1qTyeCz1LXNc1YBZaKZszvNY4KCDw,9DgFSWkPDGijNKcLGbr3p5xoJbHsPgXUTr6QvGBJ5vGN,2hNHZg7XBhuhHVZ3JDEi4buq2fPQwuWBdQ9xkH7t1GQX,693.1082781398973,577.0873811640058,112776.15723777981,162.71073480818683,11.277615723777982,135.60473065239165,6468.593361918,54147.313531521,8395141.446085544
MARpDPs5A7XiyCWPNH8GsMWPLxmwNn9SBmKvPa9LzgA,6YjT74rmcfCpw8LSjPNx5JTmZoYLGrTKnf9arfSgZ4SR,F8GSmi3vA8M8TsybLya1LQ4n1aFHCRbZ6k437PeTdXtg,27542.136163000032,28706.547227999625,26279.83676372789,0.9541684279025565,10.511934705491157,1.0,296886.564488,15927.012925,299206.79942790593
KEN5P7p3asnb23Sw6yAmJRGvijfAzso3RqfyLAQhznt,9zj4aX38Uxf3h6AUjS4EipWS8mwbEofasHAf3a1uKGds,CwQDG1MWunn9cLNwcZLd8YBacweSR7ARo32w4mLua1Yr,38218.34328800009,38215.28615200019,38192.067145803776,0.9993124730185632,3.819206714580378,1.0,919250.418266,950714.800153,1869333.2089537452
BSCNHw8CmxbZ8hCWWzMf5FaG2ajPT6JxfznKUNuRVrn4,7n9kgNL633yGzCYksgnzHyjG73ZLBAwvEae5sbAekbzW,SscdxE99omdG9AiMVwmaEMQySQnCgeAh1sPj2Leutm2,2139.67135641,2136.15940898,2139.7851009666124,1.0000531598258169,0.8559140403866449,1.0,6011.250085185,5703.81747297,11715.38711516247
C2ypsDADXcCRz8HbV2zX1AXPSja7a1P3xZtRC91xGhJh,J9bYNuDpY1d1T86gLaw7DGk5D3CsUAf2tzUwxMvb6FTv,A2NGvvPrMGzsJ4jb52KEnSBVmsA7C34dV1GC7PerdgvG,60.97613434399989,61.99810270400076,8272.268824267569,135.66404156746233,3.3089075297070276,137.47057442354463,2775.364960893,964.775591544,509145.4821788352
Cob4usZcpHEY7Qt4ZCwj6WVg9S44zvzYV2v9qYF65dTf,NhFM9UXE48PyNAyeyPYA3iXztqKVJwA4bTdLj4ysM8w,6TuFuynuBoeskxyR2cz4wxyidk8dpDK7kAWw3UkjQGx,213.36506800000367,4301.390385999985,1.152441983626615,0.005401268325828271,0.0004609767934506461,1.0,39560.526041,68.357977,282.03499325835776
FrnkTEL6yZ5Aycq2TrEgu29dCrwKG4LPUZydfiwqspkc,DjvZuMZ46fxKBoBpGMPcRcos4xdTtHFxwMh69DpA2ZFY,9rvDPJLAng4uVVqnnSoEXgNDFhBZQTny9AoQioYDZbQX,3.9915514599999824,3.285504875000015,658.8778933346289,165.06811948620896,0.2635511573338516,135.8120849667566,166.35046989,1447.529274841,224051.12810696298
BSCuChvaSj9b5HUSqgDVRzcnr2sSn7cXaamt1jbKH6hn,GnKpRj5kBVPMJfiwZtEuD9GYApLzPdW5JFuZTcyX4BTc,3dmwD9okkomV9nDwyuh4UMhKdUR13QpuKxRo89ycZB5t,2.695921890000136,2.700747000000092,2.700883242360708,1.0018403175473944,0.0010803532969442834,0.9999490026008674,1349.43671886,1661.108443216,3012.943841938535
KEnkcdADoLR5jS2CLLLesy8TtFsyWL37BhXNfDMzWzP,3qsjFRuw1qeLMPo4DLwaQevenGAGBj9dA3Q6rb8ax2YR,77iEv8zPQAEyCcEbvBRSB6AFcUdfkhiqnAKtPxk76rNN,2.1955099999999943,3.64277499999998,0.011858538622039198,0.005401268325828271,4.7434154488156795e-06,0.999658116924012,129.517754,0.227955,0.927437208356031
MiMUFdSLMyCLpqpH6zkqdDrGYs7XBomwENbivdYjv9V,,,0.29060547099999995,0.284068129,0.0,0.0,0.0,0.999658116924012,129.517754,0.227955,0.22787706604341315
JSoLLrxK5bYdHwTEWYaGgmeycBCNXKDiBCTw5hXGBg7,xG4wXczA7Dk4hccJ61CHKpDHW4NrNfQwgmWgkb9BuF2,BVR6WgfhsRr9Lob4QDnkEAiNGgAbv7ZieKcY9kSg3QYR,1.4193506610000384,1.19232979800001,228.6713403016618,161.1098276028179,0.09146853612066473,135.73167585049808,17.181194426,172.092900382,26126.517042805037
MATgk4zXLXtYkwBH678J1xZbRDZ45LicNzkRBHkxTuY,y8dALFo1bJrSzPYjMX14HJX448pXqYmrfXHD1K8MXih,GN7Yuet3UyiWS5YVkEHv6oQKi4HGBJc3XDPt9zQhAqZz,15.672322000001259,15.637920000000122,15.703100076150513,1.0019638491443228,0.006281240030460206,1.0,3181.341018,4914.052243,8101.640934835998
HEDSDjj84KS7LKhZY7ejkCACTdPen62rKhCby1wXtgxc,EnnjMSFttpCTywBrYNt1J5QQeoSVkvzPipJDa8Y7kJow,6bjVT6JN2rSvpyn9PdfLYC8wJn4LWh49jpY47fnLDXZk,16.648748759001137,18.907523075002246,14.664349186252942,0.880807885236701,0.005865739674501176,1.0,43699.055860773,4499.328821438,42989.80180100593
ALBpShJ9NLpE739pcHDF2LNVk5J4VYPvvKuV6jMPitZi,D6d156U1bPiJpDYRLextvDRccgFk7QzkQbJg42ceKEu5,GNcM8U5g8RwTZffwwm3kSQqUNPSwv5d2fbN9sLxPJqt2,6667.046412999996,6656.855549,6669.247264597314,1.0003301089359489,2.6676989058389253,0.9991996410874888,46379.813826,53996.83151,100348.73888164521
ionytDfEj1mXodptgrsKEZro7DGsfpzANUfarJdm6Qb,3gkSjY95an9xNFSjCfsay6JZez7uv7yfW3Ad4ubc4fMK,9wXqANaSuEqkKL9yHzCPEDGHwbkStVAqV5rB3QDs3Jr6,0.0009303479999999975,0.0034093870000000415,0.7802975595886582,838.7157919280315,0.00031211902383546325,3085.848299697587,3.148918944,0.085107473,2903.676796682749
Dg3mAgpwDfVNnbGWcsxL8sUcSkEbjSJQhKAWNigG44Ju,EATxwd8YA2wV93VJcKMmH2Kn2Y9XfJVUB9hHVu3udwEy,GiGvrRi7NMHfHKanG2B8xyCEqe8jaafWins8bhrLVEaa,0.0011699520000000019,0.0011554720000000185,0.1931754744262332,165.11401700773442,7.727018977049329e-05,163.14081303508146,0.1344026,0.183948515,52.2012634759796
daob129AwBGn9Y5r91uLoWZeYiGzbPmksauMhFZKTze,6VW5GQNyj4LStgmxEHLr5zUfW92vQnmbw8jTnCH7a38F,4VPCCUifPeBA1c7HWK358CHn2nyjm8pdTRk6Ps3KmnMQ,8.03600349700011,7.176260065000001,1222.3497483962537,152.10916083505495,0.48893989935850146,135.89402983553424,47.990889298,224.761042676,37843.53773812493
SEQV6QiTpvTzrceiaYg9Avnwf7oc8ZALpnQMz6TyT4A,3dFMPj4r9mMmPHF32mz1gNDX7f8ftidWof7S8YiYTs1j,Fc1ED3YPeQfXQosHbd8DTaBd2AV5gHQtwiSAL5C5pUhi,814.332605087,813.6000031030001,815.0269925991817,1.0008527074905804,0.3260107970396726,0.9996920948347909,1656.666995164,3914.729092677,5571.603374889144
SUiuyGR7SFq3xeRVJonq84fjjeFwRSsFekcevJ53tzy,49GjCCPsv7fBqo6t3iKDrP1xxGDS8uWZbVCdfnp2gjMf,CEwj5xEbbJEjYqM8D6Ai8ByGz1mrh8mkAVsE5fzDSSSx,0.27773499999999984,49.134635,0.001500121258473914,0.005401268325828271,6.000485033895656e-07,0.954822570095912,705.895256,1.244807,5.001299506598621
RoBgmK8CvjdHvPrqdDyVw54VwjZv2TqJ493xnqJAQHx,ExiHJxM7qPAcy27NDHAF6G7vnW7muNHi2sVJpnaNynGQ,6rkPHSqZb7StM4HwS9EuVrmfkV7tRdc7dnsFhyB6cefE,0.5370369999999944,40.303046000000904,0.0,0.0,0.0,0.9547851924274077,6431.650362,16.426557,15.68383338616478
BUSDgu5JdqP1rndBvXvanbEufS94FNh1w5FJcAj6vawb,Bgzr8cWubt89JQFXndVjtdKmDbGzuPxNhvjH1EhWCwbo,Dxaf8xPBBQsasRKW5Aa4Sw2YrbfGofY9xZueyyF23FBW,6302.561994860002,6304.1583714200015,6302.584179956316,1.0000035200123905,2.5210336719825266,0.9545690063662117,7504.20492233,7770.51049205,14921.719816578698
BUSDTd9WiT6uBHJRgNvFXBsA7JrifsAtWzKfioN7ERcy,DyBxrn7gSc1EwnpWhDyhzvMHPtxpmBqRqotapLcKcfTM,Cds99GeBgoCpqBsoRWu1C6fF9LiUMd4pXQQD24s9LPff,167.65133598,167.94809464000002,167.52247434228644,0.9992313712446113,0.016752247434228644,0.9996601155607093,97.63907009,88.8332731,186.36710194586146
MATSnbbiTCv7Dc3trJrkrqjx7ckKdr6fwPoVwv9q3sD,631WX9JizSHJm4w6VanZeJAst9T8DeUUnPLesdGkCVtK,211maUSfpnXbPuW1iBu8b4dtJv5EbN1j7JJiEX5TZKEP,400.2415660000006,400.327873000002,400.2339615547311,0.9999810003609931,0.16009358462189244,0.9999050090241427,23081.161645,22537.728905,45616.31113539859
KwnjUuZhTMTSGAaavkLEmSyfobY16JNH4poL9oeeEvE,J63v6qEZmQpDqCD8bd4PXu2Pq5ZbyXrFcSa3Xt1HdAPQ,BnKQtTdLw9qPCDgZkWX3sURkBAoKCUYL1yahh6Mw7mRK,317.95981200001734,16985.239507999395,5.07265813314356,0.015953771331149495,0.0005072658133143561,1.0,282040.159982,494.744774,4994.348992553649
parEAJhzYzHW87y9VoZAQ22dzQ2MD2ekEtTReaxbMcz,3oyc6hpjYSJEquK6dSvG72NXyz3pqLZz5D8AC71pwgQb,Di2vordgFJVZ1aj1aBpvzXtLfZgJsuLLXawGtVFwX6Rz,0.009355421999998725,0.011137165000036475,1.2397109953891887,132.5125681545266,0.0004958843981556755,157.74176883732486,1106.596470267,136.561372891,168179.37270049428
KZMu9QBEdL97EFgamLbN5DE1AoKBG4HdrKKJo4Vuon3,DD4ACBWyVqdaKWh7v5btsgqQCCMwbKnuL2xd9pv7Gyuw,GcYqiJ1MAuYbNTNYXm1F1gQYTfTgkErACAhNU5dpVj9T,32.75985018999995,32.62252792000004,32.91665459918098,1.0047864812650729,0.013166661839672394,0.9545690063662117,1377.09136578,1712.9564414,3018.817916018399
ercAoEmXjQzEvAFbdjAo81KtMxRGn9AW1ju882upmPH,CMRhskR2Eg6V42RTSdRTXGdozyPbWB8U9dVpijPWb9T4,7TKLLgrWswt6ZJ1pXhVR3FyufHGjJFqiEXxvWJfDcgRm,0.0,5.36820000007765e-05,0.0,135.95087714146425,0.0,120.08547203557605,49.318575738,411.36141278,56103.43306185659
SAMyS8Jr2HJrkFwYVKbpUwsNStnQmvz3f8Tup8bWUWF,6jPzm5TFfquvgm25sTyN3MMGBfufRaFHMxobDWv6hMFW,Cj9ECoDmxsHTDzCY5ZA6RWrPbg9uFzEC1Qc2kso2vJG6,2089.056727569981,47.81387787000597,2099.0559584581692,1.0047864812650729,0.8396223833832677,0.015913232096278773,396.7924053,113519.81992,2205.158886628822
SoNcU2iwHMw6dGzsYNQkYFkUjwN1UdAjrWVRnStrZu2,8ivTTid27jZnYNc4w3CTA1Z6QS2twsFb8WMwUabeDJgc,CyXm53PMvHCbeXJBykU46Rcbo28xk5srhMZFg7gv6EYB,1.3966137279999984,1.3818837300000055,228.0660055658921,163.29927237110215,0.09122640222635685,160.3310258492093,11.722427144,15.263241012,4361.4349122761405
KysFMBBoavfov2tLpvefWW6tPFt6rAeZWDJVy1mMQae,B8ka2V21TH3x64dFV8ETcjuQcwmrciJ2qzy1mJUttRew,7fSf7EYxBANyxzk2s5pymFgshA91tFYQNKKs5UnLWcYS,37.33924900000102,36.022649999999885,0.0,0.0,0.0,0.015927107109683824,130498.863224,3149.480108,50.16210701993458
STK75uPSyBnEhGTTzb1nwmP3n427XoXmfRhXxxhyady,6TYyD5fUmDe6N65avW1Ny2RxzRNobw2RRgKwH9CTzSAU,54zDfk4cx2vGrEajPtodWpArNe5eUurytyxd4X3aZAxK,297.2120459809987,339.0212564660019,40381.17715341341,135.86655621621424,4.0381177153413415,154.9603665618463,1949.518558518,323.611826909,315021.3801470062
heyk4SZTeCUV6a65WiVA5bzic3KcxgVf1qxobfeV4tQ,9ZDpBKPqMABtGfq66FbVribaArMvtk63xxy91onZAtDt,DaTP4s6N7xxSPinbNZ3FB52EpRDRt87QShTuN3VPCW52,1.4868522639962976,1.2770341979999102,233.50218731724675,157.04464590829596,0.0934008749268987,135.86655621621424,603.380835724,4497.270462883,705786.3798589401
WiiQFxXqp8P9Fs1rt9SVcDyA3KUdJmUsog6wnVQAwba,3S2jpqSYxho6wiz3cafhjXruVY8cg4HYa2v3BqBHYFSj,Dfe67M6TfrG74gKRtdqys4e6E9QirPD53BkF4FujFjuv,10550.812413691003,10543.838212823004,10555.543239282159,1.0004483849589645,1.055554323928216,1.0,11222.807324286,15656.027311069,26883.866773356567
B2izdXFYb2sNwbWWHmh75T4aQFtfXsUxem9u2p61HGzf,4DYwgJtxwuJdAjkj5RJSNH4e7U329V5cNp7d3a1nLrZv,EXNW64GEf1ACC6xY9BtKRiunrs6GoJSXBdxWN2eTPmrF,297.38857500000995,294.4165909999956,299.58332242005935,1.007380066366199,0.029958332242005937,1.0,10592.715291,29161.539502,39832.42973484583
TETFuZgEmET6d9vYmz9iMFCxK1jKdKYxf3oPz8hSzJK,Eu1Ze6Z84LWNkq7SNoAHBJbXx5t1P95EwyqYohrfCRFV,ASMbv7WNu3qe4pkhREmvyEdwFNDZQ6B6iSrjkj4u8bdC,2.986212381999998,2.993649314999999,3.006361903346627,1.0067475178483902,0.0012025447613386508,0.9993723941364823,33.472809992,219.238888491,252.79996125392876
wrmcMSHFi3sWpAEy4rGDvQb3ezh3PhXoV2xNjgLBkKU,8p4mGnARWPBu6P2Gcw4adodLkNDorrXniZMhaY7eJXUn,AyY89zccbsgp9LKFgH4CFZMJmpSgqmPSdTfukhP227rc,0.008982070000001188,0.05788648000000046,3.3741810668674637,375.6574004507889,0.0013496724267469855,3084.515731030228,27.0122574,0.10648624,10475.812877609846
GokA1R67GqSavkd15zR62QD68Tuc5AEfvjssntVDEbM8,3YB7hfpBdbQEuZqLGWVDpRPmeZWCUsrrWyqGXegnQ6Cg,4DPCj6Z1DsG6HUtwSogBGqXEUxdEV5a8YVrrFtcnz7UW,23978.840544999985,23968.38123900001,23982.0301550106,1.000133017691353,2.3982030155010605,1.0,15715.93181,16787.061853,32505.084159966827
Sid7E679i9ABqptiAVhkmQ27YHN8vaYT4fppPwmxFsJ,GP7KB8o1bv527HG8kTzzzf4wJ5aEGHvcMQvVhLziUfmT,9gYxhAZ1M9wu5pxr8SBoa5NDm21gi3s9vMHaYTME77sa,2475.729607999996,6984.0283019999915,13.37207991500562,0.005401268325828271,0.005348831966002249,0.015953771331149495,135221.657262,8966.198505,873.4131349937115
SRMuKizofcAMicegrfSv7xs9q76tH1w8aAF7oX9FEWu,72Hj2KWntXPfbie4UgKeTPnm1XVkomDfCnRPKbvfTtPi,6aqJQ5wedqpUt4fFEDUqUmXhrdxCu4bEJsQdVPCADLko,0.14233299999978044,0.02608700000018871,0.004371628706193504,0.030714090943071863,1.7486514824774016e-06,0.030771618646837764,16653.778411,5255.207982,673.2169205931427
RajgMbScQbqqrdJfR2rxfHJiTiY5b6bJ2tTXiF4aPxy,725ZA3fhyBAKb5iopNRrcbSuQa3LXA1656Q3mBvYPxeg,GLA6i1dSZpUfk2f9Nj8uiG7xyDdAR2reff8oEiZH3617,3553.871898609992,3560.116011829974,3548.646304008561,0.9985296052445011,1.4194585216034243,1.0,131908.702083,52431.4579673,184146.2021865525
MiMy69CnJDY4V6cQWkU3HHfTyb8pqXJmhX4MisFYDnM,,,0.02322386800000001,0.022425081,0.0,0.0,0.0,1.0,131908.702083,52431.4579673,52431.4579673
AURHmCnNwiW4uA2Qj1XvEh4iKgRUZYXtiY7FKAapUV5Y,BKWm4TRnTeKwfWXRyuzjRHU7iZDkPuXBX5b5V5jSVfGJ,A5Ww74HVrkj9nPeC7pHKLfgeDMEhBCpW1efQdz3TGLEg,0.01126158399989663,0.010887752000087403,1.7354629574534859,154.1046941060348,0.0006941851829813944,135.77282707809815,272.473131353,1806.846087691,287309.9899800758
CZgvH45CRmoaNJ7395Ao5CQZXkGznvqU7cErD6n7FaRg,4ZjU6MKvtqVQKCiowhvZ5yUsPxXX5SCzd5eFsPeXyey5,BsyWeshjDbCvjDojry3vKDCesmFRM37WtwcR4Kfgzqr,14.988397410000005,17.148746999999958,17.510596603317058,1.1682767759836876,0.007004238641326824,1.0,95.72667188,718.48826843,830.3235160296147
vEnkoSUkpnbRrPgBz9DfcVxNz67zjwMYBZraAvDDNSf,DtfyjjsZ5yCjWKLKHvwsfXs5QVsmm1QkK6Sh9JZHoq1g,e5wrKCRv4GhHvEf1VD5Pq2KGaZDXP77nTL612Jyrxwy,5351.347420000016,5353.104244999991,5345.686338167897,0.998942120294608,0.5345686338167897,0.9992016378913249,22079.584001,15661.581568,37705.304411896024
AUSejoEUCh2DBs9mof6BNC8Pubs22w4cJa1ccV9h44R,4xkyD7AfGQDwsQMy9MosRRNGoVJ1zosNinesxg1TzHG7,Cbm5gsQe3nSiCsFrvepVzMCD9xLK3ri9g3ypS2hdmVJ7,353.7035309999992,353.4438919999993,353.8539189155383,1.0004251807017983,0.03538539189155384,1.0,14324.584258,14563.594552,28894.269346787787
SoN9GaFpSXfpyR5dth3x7PHPVhvJMpQqqDJfCSmPv1t,9kZ9iS68ViMPtoeqtnhAKuF2iqVyfHPdZHoUNdwCELr,BBhm5fJLjw3HRzjtKB8uMEYjGhY6EDm9co3cqpjrSzB9,0.18113373799999977,0.17714221999999946,29.90984266654289,165.12574077471382,0.011963937066617157,156.50164976214097,2.991162501,5.036554488,1282.147010244086
YAkoNb6HKmSxQN9L8hiBE5tPJRsniSSMzND1boHmZxe,CfWX7o2TswwbxusJ4hCaPobu2jLCb1hfXuXJQjVq3jQF,EnTrdMMpdhugeH6Ban6gYZWXughWxKtVGfCwFn78ZmY3,4743446.291239996,4743488.944787998,4743446.291239996,1.0,474.34462912399965,0.9971282705807275,2148399.72345,1499399.894803,3643493.74746384
MiMuMS9C4vBqcrYeeQPph1E7oAW9aNKvW9k6Zw9XffM,Afy2q2hh6Y474pshJa5fnQ6PfEchGyTbKrQpCZw2hr3m,5pXz9ksgjeL8Wgb37bksUaBFMLdFfsNNY3FQnikkCPtS,13.189825688000244,4.434811055000271,0.0,0.0,0.0,0.015953771331149495,25.852731366,7684.015440747,122.58902524669953
SERgf3DMJpQxUifu7VoFKmfne73d2fDJxSrxUMrcNJB,AJfM2GZ2tTB8UtN2krcyR9xufRJEx2mhSCbJyMgPo3GU,F4yRYkufQvERZcEKnKjJwRLU1btiMBUuEwq46hfm11QD,3.460099999941235e-05,1.1531000001951952e-05,0.00455174260921135,131.54945259641786,1.82069704368454e-06,135.64072677929096,29.103377915,27.868238042,7608.601495500092
Lid8SLUxQ9RmF7XMqUA8c24RitTwzja8VSKngJxRcUa,4PgzyzLtds9bKZ2to9PMnKqJzKEUpjvNUaeN23phegax,AtymwxoVN9peZo7EXTcDz9jKVc4vRmisJKKrNfe3ewBa,41.350948010003776,35.07769168700054,6619.657452187283,160.0847808999646,0.6619657452187282,135.64072677929096,968.966020269,7616.296490672,1188196.7044155868
