0,1,2,3,4,5,6,7,8,9,10,11
BUSD5rCfUDpCxKGMvYU2yThChxgHoioK74PTPociGnv2,CcFHbafgYDZ8yA8Me1PdtDiVb2eeaS61LbqyKKK5CsNZ,26R9s4nmF3CFDTkiePDwRmtscn8i7r2eygbSijditJ58,1.4123498699999857,1.4202647500000296,1.4066973240756793,0.9959977721920231,0.00014066973240756795,1.0,100.10940747,48.46781066,148.17655747558348
Cob4usZcpHEY7Qt4ZCwj6WVg9S44zvzYV2v9qYF65dTf,NhFM9UXE48PyNAyeyPYA3iXztqKVJwA4bTdLj4ysM8w,6TuFuynuBoeskxyR2cz4wxyidk8dpDK7kAWw3UkjQGx,1.9072560000000038,346.19712800000707,0.01062625136983359,0.005571486664524096,4.250500547933436e-06,1.0,39479.183763,68.801273,288.75901886185073
DEDaBEWzMCXohXYXoLzB4jK1xqMsd3SS9izXp2xvg9pe,,,7989326.081988372,19967647.82989802,0.0,0.0,0.0,1.0,39479.183763,68.801273,68.801273
SAMyS8Jr2HJrkFwYVKbpUwsNStnQmvz3f8Tup8bWUWF,6jPzm5TFfquvgm25sTyN3MMGBfufRaFHMxobDWv6hMFW,Cj9ECoDmxsHTDzCY5ZA6RWrPbg9uFzEC1Qc2kso2vJG6,326.407212029997,5.216149009999981,328.07148916811286,1.0050987756298806,0.13122859566724515,0.016267164539417803,402.09641804,113187.93350168,2245.3933556056736
ALLwa5WNZbvQsRKAqe1jdRGemdYQnW8E5k4msbRFcYtu,CGoM82Hbz7QVqTgvQatYtjvDWBvoUJp5qm21P8iMs9yb,3dxNNww8TivyN5FMy5dCNdi3Zcxv6e4kUfSPxfFwpdNq,0.6763577059999997,0.6760854850000002,2165.938790149549,3202.356934703942,0.8663755160598197,3199.569977794984,2.436802502,6.339500284,28087.18617369279
YAkoNb6HKmSxQN9L8hiBE5tPJRsniSSMzND1boHmZxe,CfWX7o2TswwbxusJ4hCaPobu2jLCb1hfXuXJQjVq3jQF,EnTrdMMpdhugeH6Ban6gYZWXughWxKtVGfCwFn78ZmY3,2870220.467570998,2870960.4436389795,2870220.467570998,1.0,287.0220467570998,0.9998450240212768,2583081.098897,1007326.37832,3590251.365825626
vEnkoSUkpnbRrPgBz9DfcVxNz67zjwMYBZraAvDDNSf,DtfyjjsZ5yCjWKLKHvwsfXs5QVsmm1QkK6Sh9JZHoq1g,e5wrKCRv4GhHvEf1VD5Pq2KGaZDXP77nTL612Jyrxwy,15805.666983000014,15810.062172000005,15759.790233629916,0.9970974493250148,1.5759790233629916,0.9998450240212768,22362.799443,19370.155052,41665.04342764495
AUSejoEUCh2DBs9mof6BNC8Pubs22w4cJa1ccV9h44R,4xkyD7AfGQDwsQMy9MosRRNGoVJ1zosNinesxg1TzHG7,Cbm5gsQe3nSiCsFrvepVzMCD9xLK3ri9g3ypS2hdmVJ7,205.0148429999972,204.98449400000027,205.0642634874977,1.000241058095001,0.02050642634874977,1.0,14392.071103,14496.118601,28891.65902924321
parEAJhzYzHW87y9VoZAQ22dzQ2MD2ekEtTReaxbMcz,3oyc6hpjYSJEquK6dSvG72NXyz3pqLZz5D8AC71pwgQb,Di2vordgFJVZ1aj1aBpvzXtLfZgJsuLLXawGtVFwX6Rz,0.28442593000002603,0.33196895599994036,40.366663071280406,141.92328762457316,0.016146665228512165,168.66782608930322,1106.298915934,136.811634032,180085.30014075735
4xeRVccqvUgiV6VeF6NkWqkAYeewcJPRWFVginvJw1n4,A7VkMFrnCCyeZFUrQ3TzDr4xFep7PZtxvy3jJnBjLB2a,PhfHJ2Yu99BsEjZrefhApqUnLUiExcECcUT1YLoNUUv,4.919523797999998,32.44392193900012,0.8892188195185461,0.18075302733163978,0.0003556875278074184,0.9999262214436769,1356.777156183,16.071749205,261.3121418490364
MATgk4zXLXtYkwBH678J1xZbRDZ45LicNzkRBHkxTuY,y8dALFo1bJrSzPYjMX14HJX448pXqYmrfXHD1K8MXih,GN7Yuet3UyiWS5YVkEHv6oQKi4HGBJc3XDPt9zQhAqZz,1.7642409999998563,1.765955999999278,1.7639358390996922,0.9998270299238232,0.0007055743356398769,1.0,4391.682545,3703.65556,8094.5784753356465
wrmcMSHFi3sWpAEy4rGDvQb3ezh3PhXoV2xNjgLBkKU,8p4mGnARWPBu6P2Gcw4adodLkNDorrXniZMhaY7eJXUn,AyY89zccbsgp9LKFgH4CFZMJmpSgqmPSdTfukhP227rc,0.0038299599999999795,0.03129584999999935,1.5301661625988243,399.5253638677251,0.0006120664650395298,3203.1775521317145,27.00120388,0.10784842,11133.123443000504
MiMUFdSLMyCLpqpH6zkqdDrGYs7XBomwENbivdYjv9V,,,0.06691728400000008,0.06983229900000001,0.0,0.0,0.0,3203.1775521317145,27.00120388,0.10784842,345.45763797687306
B2izdXFYb2sNwbWWHmh75T4aQFtfXsUxem9u2p61HGzf,4DYwgJtxwuJdAjkj5RJSNH4e7U329V5cNp7d3a1nLrZv,EXNW64GEf1ACC6xY9BtKRiunrs6GoJSXBdxWN2eTPmrF,552.3077179999982,546.6422909999983,551.8248712376653,0.9991257649556639,0.05518248712376653,1.0,10373.078234,29383.53503,39747.5447554902
C98Sspw7XqnMsgxea3SLQVdbMDL8pKUc3RE82UvX9eq2,CSqgQJurPCzGxb4Cgwx5R61hWQUiaoUHcShNc8r1cKEL,6S2CR5EnukPhC914XkAns8m5GixjMAoUuZMsS5ubHuWc,13.929959000000053,14.418103999999971,0.0,0.0,0.0,1.0,853.887048,191.09016,191.09016
BSC8REUo9LpiiWUuqMuLXs2D2yJsJfGd4HdiF3wCLxk5,AZjEH1zWVx1UJ6udMyRijGTzPteuLnaY18yNNmprJEsh,Caf8ypkSVR8xYnXNhjvfvdGCC7mrM3C11rz8Xi6NA6aK,75.09277016900023,75.00869999999986,75.0161283661163,0.9989793717462887,0.030006451346446524,0.9999262224435295,3433.03764492,2809.405858831,6238.732377435142
MATSnbbiTCv7Dc3trJrkrqjx7ckKdr6fwPoVwv9q3sD,631WX9JizSHJm4w6VanZeJAst9T8DeUUnPLesdGkCVtK,211maUSfpnXbPuW1iBu8b4dtJv5EbN1j7JJiEX5TZKEP,2222.287943000003,2223.800710999996,2215.5062782821815,0.9969483411278078,0.8862025113128725,0.9987435805756358,24868.303058,20752.140056,45518.48014447321
DFWzVTzNBrQZLjoQ4yQwkj9HuoXmfkuZP9V5vbymZe23,DhgiEgiNdqZdRdo195UUHnoEJUtefK8buko8nU97XJUZ,2K2kkXsouBHtWVjtcgkyiXd8eP3oVBvq1bTJzcVdLLr2,2011.328229466999,2000.0,2002.437738313551,0.9955797909942309,0.8009750953254205,0.9999262224435295,37998.629581341,29973.943722132,67802.40001446506
Lid8SLUxQ9RmF7XMqUA8c24RitTwzja8VSKngJxRcUa,4PgzyzLtds9bKZ2to9PMnKqJzKEUpjvNUaeN23phegax,AtymwxoVN9peZo7EXTcDz9jKVc4vRmisJKKrNfe3ewBa,54.88576669199938,46.60096413499889,9400.688036825892,171.27733843237388,0.9400688036825892,145.62363832796686,979.17630955,7604.272937621,1275072.6041710249
heyk4SZTeCUV6a65WiVA5bzic3KcxgVf1qxobfeV4tQ,9ZDpBKPqMABtGfq66FbVribaArMvtk63xxy91onZAtDt,DaTP4s6N7xxSPinbNZ3FB52EpRDRt87QShTuN3VPCW52,2.7739466890005815,2.3866457719996106,462.81727142461887,166.84432806867179,0.18512690856984756,145.35158367817996,605.667192469,4494.611362585,754351.0153304014
7dwD9TF6uikvHXxPFK9AsSim54yJoujQjY9vU6gNFumk,CquVr6atkvwueDYficKjn6SSEWq4F4rH4VSiBbW4GBWU,8BCa6ge3b7ho3TfZuM64Vk1hgbrJ3J7EPiAb9uP86CGd,0.0001237580000000003,0.0001260269999999999,0.021169131021865024,171.05262707756245,8.46765240874601e-06,174.74507315003507,0.004622015,0.002902699,1.2978401572294334
4vezWG46exH6pf9nry3n1VJ7hZHvjBJNgNeF4qEFCML5,,,0.6941039999999994,0.6933040000000048,0.0,0.0,0.0,174.74507315003507,0.004622015,0.002902699,0.5072323490875337
BUSDTd9WiT6uBHJRgNvFXBsA7JrifsAtWzKfioN7ERcy,DyBxrn7gSc1EwnpWhDyhzvMHPtxpmBqRqotapLcKcfTM,Cds99GeBgoCpqBsoRWu1C6fF9LiUMd4pXQQD24s9LPff,122.07434502999999,121.70403790999998,121.74704878633622,0.9973188777414015,0.012174704878633622,0.9977281729501923,113.91155963,72.61646559,186.05764235117556
MARpDPs5A7XiyCWPNH8GsMWPLxmwNn9SBmKvPa9LzgA,6YjT74rmcfCpw8LSjPNx5JTmZoYLGrTKnf9arfSgZ4SR,F8GSmi3vA8M8TsybLya1LQ4n1aFHCRbZ6k437PeTdXtg,24026.153390999953,25013.478613999752,23205.53602069994,0.965844829301414,9.282214408279977,1.0,293747.381257,18967.415339,302681.8046469045
daob129AwBGn9Y5r91uLoWZeYiGzbPmksauMhFZKTze,6VW5GQNyj4LStgmxEHLr5zUfW92vQnmbw8jTnCH7a38F,4VPCCUifPeBA1c7HWK358CHn2nyjm8pdTRk6Ps3KmnMQ,6.343979182000055,5.672855956999996,1028.5510065046751,162.1302619376512,0.41142040260187007,145.35158367817996,48.620981124,224.060551718,40450.48843731776
RajgMbScQbqqrdJfR2rxfHJiTiY5b6bJ2tTXiF4aPxy,725ZA3fhyBAKb5iopNRrcbSuQa3LXA1656Q3mBvYPxeg,GLA6i1dSZpUfk2f9Nj8uiG7xyDdAR2reff8oEiZH3617,2473.1771864100156,2478.3153065699735,2467.8701057836315,0.9978541445976672,0.9871480423134527,1.0,133807.57113594,50538.75411478,184059.19355132492
Sid7E679i9ABqptiAVhkmQ27YHN8vaYT4fppPwmxFsJ,GP7KB8o1bv527HG8kTzzzf4wJ5aEGHvcMQvVhLziUfmT,9gYxhAZ1M9wu5pxr8SBoa5NDm21gi3s9vMHaYTME77sa,167.73893600001975,432.3965290000342,0.9345552450455709,0.005571486664524096,0.00037382209801822835,0.016520842422205955,135305.939809,8937.967908,901.5179986595454
SoN9GaFpSXfpyR5dth3x7PHPVhvJMpQqqDJfCSmPv1t,9kZ9iS68ViMPtoeqtnhAKuF2iqVyfHPdZHoUNdwCELr,BBhm5fJLjw3HRzjtKB8uMEYjGhY6EDm9co3cqpjrSzB9,0.10761991200000054,0.1056768770000005,19.03945196338105,176.91384065971877,0.007615780785352421,172.1142845734139,1.887147285,3.209935762,886.3382712831572
Lee1XZJfJ9Hm2K1qTyeCz1LXNc1YBZaKZszvNY4KCDw,9DgFSWkPDGijNKcLGbr3p5xoJbHsPgXUTr6QvGBJ5vGN,2hNHZg7XBhuhHVZ3JDEi4buq2fPQwuWBdQ9xkH7t1GQX,534.3760471679634,444.74211183102125,93484.78532838238,174.94194551538072,9.348478532838238,145.59471875540976,6455.640181344,54162.992719544,9015207.9448249
GokA1R67GqSavkd15zR62QD68Tuc5AEfvjssntVDEbM8,3YB7hfpBdbQEuZqLGWVDpRPmeZWCUsrrWyqGXegnQ6Cg,4DPCj6Z1DsG6HUtwSogBGqXEUxdEV5a8YVrrFtcnz7UW,6156.510938999983,6156.799236999992,6156.073857756083,0.9999290050406422,0.6156073857756084,1.0,18900.492579,13604.248356,32503.399095297515
BUSDgu5JdqP1rndBvXvanbEufS94FNh1w5FJcAj6vawb,Bgzr8cWubt89JQFXndVjtdKmDbGzuPxNhvjH1EhWCwbo,Dxaf8xPBBQsasRKW5Aa4Sw2YrbfGofY9xZueyyF23FBW,5877.252459439998,5875.796666589999,5877.234945279861,0.9999970200088802,2.3508939781119444,1.0,7662.63890497,7616.62585866,15279.24192903411
HEDSDjj84KS7LKhZY7ejkCACTdPen62rKhCby1wXtgxc,EnnjMSFttpCTywBrYNt1J5QQeoSVkvzPipJDa8Y7kJow,6bjVT6JN2rSvpyn9PdfLYC8wJn4LWh49jpY47fnLDXZk,8.927294506998805,9.729743417999998,7.865652187603959,0.8810790527227995,0.003146260875041584,0.9999262224435295,43690.886924076,4506.529508566,43001.32229151453
KEN5P7p3asnb23Sw6yAmJRGvijfAzso3RqfyLAQhznt,9zj4aX38Uxf3h6AUjS4EipWS8mwbEofasHAf3a1uKGds,CwQDG1MWunn9cLNwcZLd8YBacweSR7ARo32w4mLua1Yr,11934.469054999994,11934.057828000048,11935.232909906226,1.000064004096262,1.1935232909906228,1.0,924369.652324,956309.781512,1880738.597280209
KZMu9QBEdL97EFgamLbN5DE1AoKBG4HdrKKJo4Vuon3,DD4ACBWyVqdaKWh7v5btsgqQCCMwbKnuL2xd9pv7Gyuw,GcYqiJ1MAuYbNTNYXm1F1gQYTfTgkErACAhNU5dpVj9T,11.293663629999855,11.276084400000173,11.351247486888568,1.0050987756298806,0.004540498994755428,1.0,1365.73741778,1724.36759839,3097.0686048325924
SEQV6QiTpvTzrceiaYg9Avnwf7oc8ZALpnQMz6TyT4A,3dFMPj4r9mMmPHF32mz1gNDX7f8ftidWof7S8YiYTs1j,Fc1ED3YPeQfXQosHbd8DTaBd2AV5gHQtwiSAL5C5pUhi,25.762368179000077,25.822352999999566,25.83282483210977,1.002734867098403,0.010333129932843908,1.000154023719653,1331.526065195,4240.495656888,5576.316405823613
moFiBS1R4Lf3E3zzmBPnw3NF4RhWPkhREFviuzUaCAU,44ALBrpqi9PfZkBRTvbtRNtFJGsatfY4QydjtMbFWq8S,2ho8qEEie1UjVwWNBo9y4oAJZMyMLx8zPj9bxyUz6uWs,255.91303512399827,255.9855873119959,255.82938607797354,0.9996731348757433,0.10233175443118941,0.9999262224435295,34317.054628429,30121.254586251,64424.869893793555
SRMuKizofcAMicegrfSv7xs9q76tH1w8aAF7oX9FEWu,72Hj2KWntXPfbie4UgKeTPnm1XVkomDfCnRPKbvfTtPi,6aqJQ5wedqpUt4fFEDUqUmXhrdxCu4bEJsQdVPCADLko,0.025282000000515836,0.025282000000515836,0.0008164249641620323,0.03229273649811623,3.265699856648129e-07,0.031204905011645044,16653.778411,5255.233264,701.7851327415972
AURHmCnNwiW4uA2Qj1XvEh4iKgRUZYXtiY7FKAapUV5Y,BKWm4TRnTeKwfWXRyuzjRHU7iZDkPuXBX5b5V5jSVfGJ,A5Ww74HVrkj9nPeC7pHKLfgeDMEhBCpW1efQdz3TGLEg,0.007881171999997605,0.006951352999976734,1.2939433248442047,164.18158680518556,0.0005175773299376819,145.2758825328269,272.487962482,1806.82927294,307226.2232781111
SoNcU2iwHMw6dGzsYNQkYFkUjwN1UdAjrWVRnStrZu2,8ivTTid27jZnYNc4w3CTA1Z6QS2twsFb8WMwUabeDJgc,CyXm53PMvHCbeXJBykU46Rcbo28xk5srhMZFg7gv6EYB,2.3014400539999986,2.2841196960000048,401.8589282144092,174.61194677478636,0.1607435712857637,172.1857657126829,11.723095184,15.263673704,4675.179816616145
WiiQFxXqp8P9Fs1rt9SVcDyA3KUdJmUsog6wnVQAwba,3S2jpqSYxho6wiz3cafhjXruVY8cg4HYa2v3BqBHYFSj,Dfe67M6TfrG74gKRtdqys4e6E9QirPD53BkF4FujFjuv,1303.2240358379986,1302.9708173549989,1303.6225819409947,1.0003058154945246,0.1303622581940995,0.9999262224435295,11627.290893819,15251.610602671,26881.332075642167
NorjjEePhxfwLF4vZjUHCrVVKLzQjEEGQFd3wgjEJmh,34M8pFVqgbV7aqHxvRT5tCv3vu2P1JJYT8J3VaxBK2oG,3AZWBSze3ucsY3xSeuLne3b2pauVqiaJ1SZSV5T9WGWw,0.3229620000020077,0.5603330000021742,0.18091426791794582,0.5601719952094091,7.236570716717833e-05,1.0,38285.766505,2103.390676,23550.004887227413
C2ypsDADXcCRz8HbV2zX1AXPSja7a1P3xZtRC91xGhJh,J9bYNuDpY1d1T86gLaw7DGk5D3CsUAf2tzUwxMvb6FTv,A2NGvvPrMGzsJ4jb52KEnSBVmsA7C34dV1GC7PerdgvG,100.33698197099955,102.06955473300059,14576.5436065173,145.2758825328269,5.83061744260692,147.23615648847658,2844.789934367,956.277765212,554078.0310208733
MiMuMS9C4vBqcrYeeQPph1E7oAW9aNKvW9k6Zw9XffM,Afy2q2hh6Y474pshJa5fnQ6PfEchGyTbKrQpCZw2hr3m,5pXz9ksgjeL8Wgb37bksUaBFMLdFfsNNY3FQnikkCPtS,2.1545601329999045,0.03239616500000153,0.0,0.0,0.0,0.016520842422205955,25.886743883,7681.755139217,126.90906618097482
FrnkTEL6yZ5Aycq2TrEgu29dCrwKG4LPUZydfiwqspkc,DjvZuMZ46fxKBoBpGMPcRcos4xdTtHFxwMh69DpA2ZFY,9rvDPJLAng4uVVqnnSoEXgNDFhBZQTny9AoQioYDZbQX,4.218809835000002,3.4695575759999997,745.7822838053124,176.77551560114634,0.29831291352212497,145.2758825328269,165.745346471,1448.401080109,239717.46425523638
ALBpShJ9NLpE739pcHDF2LNVk5J4VYPvvKuV6jMPitZi,D6d156U1bPiJpDYRLextvDRccgFk7QzkQbJg42ceKEu5,GNcM8U5g8RwTZffwwm3kSQqUNPSwv5d2fbN9sLxPJqt2,66.87098300000798,66.85709599999245,64.4685620357459,0.9640737902079024,0.02578742481429836,0.9978048293753742,45262.904986,55115.495755,98631.28820343013
BSCuChvaSj9b5HUSqgDVRzcnr2sSn7cXaamt1jbKH6hn,GnKpRj5kBVPMJfiwZtEuD9GYApLzPdW5JFuZTcyX4BTc,3dmwD9okkomV9nDwyuh4UMhKdUR13QpuKxRo89ycZB5t,64.65308381599993,64.76999999999998,64.78011503036988,1.0019648129195426,0.025912046012147957,0.9624333394608255,1316.645422737,1693.997114005,2949.5916841428834
KwnjUuZhTMTSGAaavkLEmSyfobY16JNH4poL9oeeEvE,J63v6qEZmQpDqCD8bd4PXu2Pq5ZbyXrFcSa3Xt1HdAPQ,BnKQtTdLw9qPCDgZkWX3sURkBAoKCUYL1yahh6Mw7mRK,130.5197260000146,2661.67113599995,2.153063399783895,0.016496076614378227,0.00021530633997838948,1.0,281435.246471,504.565723,5147.1431107720355
STK75uPSyBnEhGTTzb1nwmP3n427XoXmfRhXxxhyady,6TYyD5fUmDe6N65avW1Ny2RxzRNobw2RRgKwH9CTzSAU,54zDfk4cx2vGrEajPtodWpArNe5eUurytyxd4X3aZAxK,135.76213441400023,154.17874577599878,19722.963891534153,145.2758825328269,1.9722963891534155,165.76388890040027,1924.912979367,318.238762426,332395.9267350185
JSoLLrxK5bYdHwTEWYaGgmeycBCNXKDiBCTw5hXGBg7,xG4wXczA7Dk4hccJ61CHKpDHW4NrNfQwgmWgkb9BuF2,BVR6WgfhsRr9Lob4QDnkEAiNGgAbv7ZieKcY9kSg3QYR,0.781428117000047,0.6562866550000024,134.17841463966167,171.70922279426196,0.053671365855864676,145.2294450957178,17.143040016,172.138686351,27943.22397573983
MiMy69CnJDY4V6cQWkU3HHfTyb8pqXJmhX4MisFYDnM,,,0.034374009000000004,0.03531714500000002,0.0,0.0,0.0,145.2294450957178,17.143040016,172.138686351,24999.60589826154
