0,1,2,3,4,5,6,7,8,9,10,11
daob129AwBGn9Y5r91uLoWZeYiGzbPmksauMhFZKTze,6VW5GQNyj4LStgmxEHLr5zUfW92vQnmbw8jTnCH7a38F,4VPCCUifPeBA1c7HWK358CHn2nyjm8pdTRk6Ps3KmnMQ,4.46545736700002,3.9965036500000153,704.5418441580563,157.7759647566361,0.28181673766322257,143.05064951432158,48.550939316,224.137530865,39723.190661197346
MATgk4zXLXtYkwBH678J1xZbRDZ45LicNzkRBHkxTuY,y8dALFo1bJrSzPYjMX14HJX448pXqYmrfXHD1K8MXih,GN7Yuet3UyiWS5YVkEHv6oQKi4HGBJc3XDPt9zQhAqZz,1.7642409999998563,1.765955999999278,1.7639358390996922,0.9998270299238232,0.0007055743356398769,1.0,4391.682545,3703.65556,8094.5784753356465
GokA1R67GqSavkd15zR62QD68Tuc5AEfvjssntVDEbM8,3YB7hfpBdbQEuZqLGWVDpRPmeZWCUsrrWyqGXegnQ6Cg,4DPCj6Z1DsG6HUtwSogBGqXEUxdEV5a8YVrrFtcnz7UW,5218.5535920000075,5218.1458939999975,5219.200772895847,1.000124015377907,0.5219200772895848,1.0,15754.898827,16749.207116,32506.059792731918
ALLwa5WNZbvQsRKAqe1jdRGemdYQnW8E5k4msbRFcYtu,CGoM82Hbz7QVqTgvQatYtjvDWBvoUJp5qm21P8iMs9yb,3dxNNww8TivyN5FMy5dCNdi3Zcxv6e4kUfSPxfFwpdNq,0.6763577059999997,0.6760854850000002,2155.9279166135393,3187.5557822261885,0.8623711666454158,3185.068399343876,2.436802502,6.339500284,27959.18592759327
KwnjUuZhTMTSGAaavkLEmSyfobY16JNH4poL9oeeEvE,J63v6qEZmQpDqCD8bd4PXu2Pq5ZbyXrFcSa3Xt1HdAPQ,BnKQtTdLw9qPCDgZkWX3sURkBAoKCUYL1yahh6Mw7mRK,170.69368200002884,5310.31833199998,2.765200559871438,0.016199782718794308,0.00027652005598714384,1.0,281651.200223,501.024982,5063.713228100231
MARpDPs5A7XiyCWPNH8GsMWPLxmwNn9SBmKvPa9LzgA,6YjT74rmcfCpw8LSjPNx5JTmZoYLGrTKnf9arfSgZ4SR,F8GSmi3vA8M8TsybLya1LQ4n1aFHCRbZ6k437PeTdXtg,21677.535775999964,22622.946985000093,20687.849732640192,0.9543450854568307,8.275139893056076,1.0,294755.436591,17991.162634,299289.56495630334
parEAJhzYzHW87y9VoZAQ22dzQ2MD2ekEtTReaxbMcz,3oyc6hpjYSJEquK6dSvG72NXyz3pqLZz5D8AC71pwgQb,Di2vordgFJVZ1aj1aBpvzXtLfZgJsuLLXawGtVFwX6Rz,0.07151302899998768,0.08507852999991883,9.875587369558998,138.09493888953716,0.0039502349478235995,164.24279881554665,1106.515100848,136.629823915,175244.5999134295
4vezWG46exH6pf9nry3n1VJ7hZHvjBJNgNeF4qEFCML5,,,0.3964749999999988,0.3957900000000034,0.0,0.0,0.0,164.24279881554665,1106.515100848,136.629823915,22440.46468147491
SEQV6QiTpvTzrceiaYg9Avnwf7oc8ZALpnQMz6TyT4A,3dFMPj4r9mMmPHF32mz1gNDX7f8ftidWof7S8YiYTs1j,Fc1ED3YPeQfXQosHbd8DTaBd2AV5gHQtwiSAL5C5pUhi,299.8939246809998,299.42884832000004,300.3324325574661,1.0014622099361725,0.12013297302298646,0.9988124120420818,1331.526065195,4240.495656888,5568.9327311480765
SRMuKizofcAMicegrfSv7xs9q76tH1w8aAF7oX9FEWu,72Hj2KWntXPfbie4UgKeTPnm1XVkomDfCnRPKbvfTtPi,6aqJQ5wedqpUt4fFEDUqUmXhrdxCu4bEJsQdVPCADLko,0.025282000000515836,0.025282000000515836,0.0008151233134525988,0.03224125122363609,3.260493253810395e-07,0.03191506100133057,16653.778411,5255.233264,704.6597437685996
BSCuChvaSj9b5HUSqgDVRzcnr2sSn7cXaamt1jbKH6hn,GnKpRj5kBVPMJfiwZtEuD9GYApLzPdW5JFuZTcyX4BTc,3dmwD9okkomV9nDwyuh4UMhKdUR13QpuKxRo89ycZB5t,106.192335211,106.03828482199992,106.39487935561904,1.0019073329936345,0.04255795174224762,0.9978645698205839,1316.645422737,1693.997114005,3009.536405436614
4xeRVccqvUgiV6VeF6NkWqkAYeewcJPRWFVginvJw1n4,A7VkMFrnCCyeZFUrQ3TzDr4xFep7PZtxvy3jJnBjLB2a,PhfHJ2Yu99BsEjZrefhApqUnLUiExcECcUT1YLoNUUv,28.828009483000002,100.33934139500018,5.211116928014552,0.1807657559946194,0.0020844467712058208,1.0,1356.777156183,16.071749205,261.33059755864974
SoN9GaFpSXfpyR5dth3x7PHPVhvJMpQqqDJfCSmPv1t,9kZ9iS68ViMPtoeqtnhAKuF2iqVyfHPdZHoUNdwCELr,BBhm5fJLjw3HRzjtKB8uMEYjGhY6EDm9co3cqpjrSzB9,0.12089640500000032,0.11827475600000037,21.11836786670548,174.6815206515481,0.008447347146682192,167.96833729654625,1.893349914,3.20358886,868.8347362989359
KZMu9QBEdL97EFgamLbN5DE1AoKBG4HdrKKJo4Vuon3,DD4ACBWyVqdaKWh7v5btsgqQCCMwbKnuL2xd9pv7Gyuw,GcYqiJ1MAuYbNTNYXm1F1gQYTfTgkErACAhNU5dpVj9T,6.0513656299997365,6.0599353900001915,6.081349663703128,1.0049549201844201,0.002432539865481252,1.0,1370.95356679,1719.12530039,3096.8718326799903
BUSD5rCfUDpCxKGMvYU2yThChxgHoioK74PTPociGnv2,CcFHbafgYDZ8yA8Me1PdtDiVb2eeaS61LbqyKKK5CsNZ,26R9s4nmF3CFDTkiePDwRmtscn8i7r2eygbSijditJ58,1.4123498699999857,1.4202647500000296,1.4119614676394674,0.9997249956481971,0.00014119614676394676,1.0,100.10940747,48.46781066,148.54968760728934
B2izdXFYb2sNwbWWHmh75T4aQFtfXsUxem9u2p61HGzf,4DYwgJtxwuJdAjkj5RJSNH4e7U329V5cNp7d3a1nLrZv,EXNW64GEf1ACC6xY9BtKRiunrs6GoJSXBdxWN2eTPmrF,410.4085370000066,406.1510249999992,409.3887496246915,0.9975151896625506,0.04093887496246915,1.0,10395.731056,29360.626023,39730.52565900671
FrnkTEL6yZ5Aycq2TrEgu29dCrwKG4LPUZydfiwqspkc,DjvZuMZ46fxKBoBpGMPcRcos4xdTtHFxwMh69DpA2ZFY,9rvDPJLAng4uVVqnnSoEXgNDFhBZQTny9AoQioYDZbQX,1.4050841209996179,1.155099211999982,246.00534368646578,175.08228867567757,0.0984021374745863,143.86777285638098,165.661765855,1448.501453336,237397.119182629
Lid8SLUxQ9RmF7XMqUA8c24RitTwzja8VSKngJxRcUa,4PgzyzLtds9bKZ2to9PMnKqJzKEUpjvNUaeN23phegax,AtymwxoVN9peZo7EXTcDz9jKVc4vRmisJKKrNfe3ewBa,21.835822586997892,18.519442002999313,3699.933338811642,169.44327716853505,0.3699933338811642,143.93540409360926,975.715599988,7608.343424392,1260438.4341192474
wrmcMSHFi3sWpAEy4rGDvQb3ezh3PhXoV2xNjgLBkKU,8p4mGnARWPBu6P2Gcw4adodLkNDorrXniZMhaY7eJXUn,AyY89zccbsgp9LKFgH4CFZMJmpSgqmPSdTfukhP227rc,0.0030699399999999794,0.025152039999998266,1.2129355985776293,395.10075069142636,0.00048517423943105175,3189.4874493668867,27.00352612,0.10756007,11012.174934645564
heyk4SZTeCUV6a65WiVA5bzic3KcxgVf1qxobfeV4tQ,9ZDpBKPqMABtGfq66FbVribaArMvtk63xxy91onZAtDt,DaTP4s6N7xxSPinbNZ3FB52EpRDRt87QShTuN3VPCW52,2.762383239000883,2.3747899909999433,453.7015545746601,164.24279881554665,0.18148062182986405,143.60483167072445,605.704128427,4494.568367964,744924.2752210147
WiiQFxXqp8P9Fs1rt9SVcDyA3KUdJmUsog6wnVQAwba,3S2jpqSYxho6wiz3cafhjXruVY8cg4HYa2v3BqBHYFSj,Dfe67M6TfrG74gKRtdqys4e6E9QirPD53BkF4FujFjuv,132.58402344000024,132.6606009999996,132.6457225366724,1.0004653584577639,0.01326457225366724,1.0,10456.980677464,16422.250615069,26884.09753693393
MiMUFdSLMyCLpqpH6zkqdDrGYs7XBomwENbivdYjv9V,,,0.032396165000000005,0.034592999999999985,0.0,0.0,0.0,1.0,10456.980677464,16422.250615069,16422.250615069
HEDSDjj84KS7LKhZY7ejkCACTdPen62rKhCby1wXtgxc,EnnjMSFttpCTywBrYNt1J5QQeoSVkvzPipJDa8Y7kJow,6bjVT6JN2rSvpyn9PdfLYC8wJn4LWh49jpY47fnLDXZk,4.680963771000279,4.909283371998754,4.105184260008425,0.8769955207602866,0.00164207370400337,1.0,43692.93153492,4504.727067302,42823.23231231271
RajgMbScQbqqrdJfR2rxfHJiTiY5b6bJ2tTXiF4aPxy,725ZA3fhyBAKb5iopNRrcbSuQa3LXA1656Q3mBvYPxeg,GLA6i1dSZpUfk2f9Nj8uiG7xyDdAR2reff8oEiZH3617,2269.0385351200093,2273.768298579962,2264.2912221436627,0.9979077865347512,0.9057164888574651,1.0,133751.77182245,50594.36618701,184066.3007514522
MATSnbbiTCv7Dc3trJrkrqjx7ckKdr6fwPoVwv9q3sD,631WX9JizSHJm4w6VanZeJAst9T8DeUUnPLesdGkCVtK,211maUSfpnXbPuW1iBu8b4dtJv5EbN1j7JJiEX5TZKEP,2185.1439619999983,2186.6225209999975,2180.3450226052446,0.9978038337618902,0.8721380090420978,0.998003992015968,24839.039536,20781.371021,45524.380114506916
vEnkoSUkpnbRrPgBz9DfcVxNz67zjwMYBZraAvDDNSf,DtfyjjsZ5yCjWKLKHvwsfXs5QVsmm1QkK6Sh9JZHoq1g,e5wrKCRv4GhHvEf1VD5Pq2KGaZDXP77nTL612Jyrxwy,16395.385337000003,16399.97923900001,16362.219118846102,0.9979771004174538,1.6362219118846102,0.9984344547749129,22184.091757,19548.760712,41657.37181005656
BUSDgu5JdqP1rndBvXvanbEufS94FNh1w5FJcAj6vawb,Bgzr8cWubt89JQFXndVjtdKmDbGzuPxNhvjH1EhWCwbo,Dxaf8xPBBQsasRKW5Aa4Sw2YrbfGofY9xZueyyF23FBW,4798.120562009999,4796.5706930100005,4798.938781072171,1.0001705290752072,1.9195755124288687,1.0,7562.45257233,7716.36668504,15280.108875413458
BSC8REUo9LpiiWUuqMuLXs2D2yJsJfGd4HdiF3wCLxk5,AZjEH1zWVx1UJ6udMyRijGTzPteuLnaY18yNNmprJEsh,Caf8ypkSVR8xYnXNhjvfvdGCC7mrM3C11rz8Xi6NA6aK,75.09277016900023,75.00869999999986,75.0046968038347,0.9988271392176994,0.03000187872153388,1.0,3433.03764492,2809.405858831,6238.417028533111
moFiBS1R4Lf3E3zzmBPnw3NF4RhWPkhREFviuzUaCAU,44ALBrpqi9PfZkBRTvbtRNtFJGsatfY4QydjtMbFWq8S,2ho8qEEie1UjVwWNBo9y4oAJZMyMLx8zPj9bxyUz6uWs,255.91303512399827,255.9855873119959,255.8379965604171,0.999706781002598,0.10233519862416685,1.0,34317.054628429,30121.254586251,64428.24680232807
SoNcU2iwHMw6dGzsYNQkYFkUjwN1UdAjrWVRnStrZu2,8ivTTid27jZnYNc4w3CTA1Z6QS2twsFb8WMwUabeDJgc,CyXm53PMvHCbeXJBykU46Rcbo28xk5srhMZFg7gv6EYB,2.1498973319999983,2.134199689000006,371.4887165713303,172.79370090930956,0.14859548662853211,167.94139785686622,11.746829546,15.239641184,4589.144794482192
TETFuZgEmET6d9vYmz9iMFCxK1jKdKYxf3oPz8hSzJK,Eu1Ze6Z84LWNkq7SNoAHBJbXx5t1P95EwyqYohrfCRFV,ASMbv7WNu3qe4pkhREmvyEdwFNDZQ6B6iSrjkj4u8bdC,3.377344597999997,3.3659419130000003,3.405773193070182,1.0084174398688899,0.0013623092772280729,0.9988972174719111,30.114825481,222.624190491,252.746999637045
Sid7E679i9ABqptiAVhkmQ27YHN8vaYT4fppPwmxFsJ,GP7KB8o1bv527HG8kTzzzf4wJ5aEGHvcMQvVhLziUfmT,9gYxhAZ1M9wu5pxr8SBoa5NDm21gi3s9vMHaYTME77sa,51.9138440000188,86.19940100003441,0.2868788358120734,0.005526056514173166,0.00011475153432482938,0.016024612522866123,135289.063285,8943.589686,890.9325687441119
SAMGk1Nd4haC8zQA63DG37pzuEZy8j4q13tSFtCbcRE,9U9TnkHD3jXMAVZtynCVLgDruuqN4pTvLJTmVHCLWS8g,C6zoEbvqSknmi96QWq96UBiPCyNW3YSTvKhavR2BfifE,0.00917506000000401,0.004809649999999888,0.015672611116811876,1.708175327115575,6.269044446724751e-06,0.0,53.65232937,1.13296004,91.64758527211232
BUSDTd9WiT6uBHJRgNvFXBsA7JrifsAtWzKfioN7ERcy,DyBxrn7gSc1EwnpWhDyhzvMHPtxpmBqRqotapLcKcfTM,Cds99GeBgoCpqBsoRWu1C6fF9LiUMd4pXQQD24s9LPff,117.59460096999999,117.21003680000001,117.35020274375772,0.9979216883749228,0.011735020274375773,0.9958701265850519,108.97855626,77.53522058,185.96707479344525
ALBpShJ9NLpE739pcHDF2LNVk5J4VYPvvKuV6jMPitZi,D6d156U1bPiJpDYRLextvDRccgFk7QzkQbJg42ceKEu5,GNcM8U5g8RwTZffwwm3kSQqUNPSwv5d2fbN9sLxPJqt2,1090.9692359999972,1092.5399899999975,1088.332207062285,0.9975828567381234,0.4353328828249141,0.9947695019587012,45288.914506,55089.441416,99980.74091204148
MiMuMS9C4vBqcrYeeQPph1E7oAW9aNKvW9k6Zw9XffM,Afy2q2hh6Y474pshJa5fnQ6PfEchGyTbKrQpCZw2hr3m,5pXz9ksgjeL8Wgb37bksUaBFMLdFfsNNY3FQnikkCPtS,2.1545601329999045,0.03239616500000153,0.0,0.0,0.0,0.016373250647107707,25.886743883,7681.755139217,125.7753023041077
C2ypsDADXcCRz8HbV2zX1AXPSja7a1P3xZtRC91xGhJh,J9bYNuDpY1d1T86gLaw7DGk5D3CsUAf2tzUwxMvb6FTv,A2NGvvPrMGzsJ4jb52KEnSBVmsA7C34dV1GC7PerdgvG,100.33019675999947,102.0626495090005,14455.171875445656,144.0759845216288,5.782068750178263,143.26163184167413,2844.783029143,956.284550423,546863.8008727799
AUSejoEUCh2DBs9mof6BNC8Pubs22w4cJa1ccV9h44R,4xkyD7AfGQDwsQMy9MosRRNGoVJ1zosNinesxg1TzHG7,Cbm5gsQe3nSiCsFrvepVzMCD9xLK3ri9g3ypS2hdmVJ7,12.408492999998998,12.405053000002226,12.415097832045646,1.0005322831746488,0.0012415097832045646,1.0,14285.6131,14602.587769,28895.804860492673
Lee1XZJfJ9Hm2K1qTyeCz1LXNc1YBZaKZszvNY4KCDw,9DgFSWkPDGijNKcLGbr3p5xoJbHsPgXUTr6QvGBJ5vGN,2hNHZg7XBhuhHVZ3JDEi4buq2fPQwuWBdQ9xkH7t1GQX,718.0892018310014,597.8177775590029,124635.3743163265,173.56530915452868,12.46353743163265,144.4228516234284,6456.640070777,54161.87115463,8942860.611396302
AURHmCnNwiW4uA2Qj1XvEh4iKgRUZYXtiY7FKAapUV5Y,BKWm4TRnTeKwfWXRyuzjRHU7iZDkPuXBX5b5V5jSVfGJ,A5Ww74HVrkj9nPeC7pHKLfgeDMEhBCpW1efQdz3TGLEg,0.007465589000048567,0.006584783999983301,1.1858314095283713,158.83963201304772,0.0004743325638113485,144.4228516234284,272.480498088,1806.837735746,304229.3602642857
JSoLLrxK5bYdHwTEWYaGgmeycBCNXKDiBCTw5hXGBg7,xG4wXczA7Dk4hccJ61CHKpDHW4NrNfQwgmWgkb9BuF2,BVR6WgfhsRr9Lob4QDnkEAiNGgAbv7ZieKcY9kSg3QYR,0.6284438599999973,0.53084040500001,104.66401183266939,166.54472816819285,0.04186560473306775,144.4228516234284,17.155324777,172.1240261,27715.771583889942
Dg3mAgpwDfVNnbGWcsxL8sUcSkEbjSJQhKAWNigG44Ju,EATxwd8YA2wV93VJcKMmH2Kn2Y9XfJVUB9hHVu3udwEy,GiGvrRi7NMHfHKanG2B8xyCEqe8jaafWins8bhrLVEaa,0.0004408469999999942,0.0004356819999999928,0.07745177788045697,175.68856741785243,3.098071115218279e-05,173.56530915452868,0.135250922,0.18309004,55.54012012383872
BkMBnJpvHKtWhUvrgRrLesXfi9RUV3ELgdBaJcdH7hcY,5uerVwBnZQsuVhZ15igs7ZgmcqhHnYWbwoRtLyRqLvR,9YWiQh5d4jCtgMdzcGLv9bWgnLaFtzvDDh2nnhJdzhBX,110.02614021900013,109.52508003599996,110.53033173273121,1.0045824702450483,0.04421213269309249,1.0,1048.126824897,1825.784904813,2878.7147396981272
C98Sspw7XqnMsgxea3SLQVdbMDL8pKUc3RE82UvX9eq2,CSqgQJurPCzGxb4Cgwx5R61hWQUiaoUHcShNc8r1cKEL,6S2CR5EnukPhC914XkAns8m5GixjMAoUuZMsS5ubHuWc,2.140757000000036,2.213470999999913,0.0,0.0,0.0,1.0,851.245351,193.639482,193.639482
DEDaBEWzMCXohXYXoLzB4jK1xqMsd3SS9izXp2xvg9pe,,,6676006.931280489,18205822.344286084,0.0,0.0,0.0,1.0,851.245351,193.639482,193.639482
STK75uPSyBnEhGTTzb1nwmP3n427XoXmfRhXxxhyady,6TYyD5fUmDe6N65avW1Ny2RxzRNobw2RRgKwH9CTzSAU,54zDfk4cx2vGrEajPtodWpArNe5eUurytyxd4X3aZAxK,111.45256531799953,126.42201713000327,16096.297303971907,144.4228516234284,1.6096297303971907,164.726327797156,1925.007548283,318.152914342,330423.24077717616
YAkoNb6HKmSxQN9L8hiBE5tPJRsniSSMzND1boHmZxe,CfWX7o2TswwbxusJ4hCaPobu2jLCb1hfXuXJQjVq3jQF,EnTrdMMpdhugeH6Ban6gYZWXughWxKtVGfCwFn78ZmY3,2482232.156950985,2482877.1252129767,2482232.156950985,1.0,248.22321569509853,0.9991876604320687,2560041.6987,1036230.036353,3595429.9643929917
NorjjEePhxfwLF4vZjUHCrVVKLzQjEEGQFd3wgjEJmh,34M8pFVqgbV7aqHxvRT5tCv3vu2P1JJYT8J3VaxBK2oG,3AZWBSze3ucsY3xSeuLne3b2pauVqiaJ1SZSV5T9WGWw,0.3229620000020077,0.5603330000021742,0.18091426791794582,0.5601719952094091,7.236570716717833e-05,1.0,38285.766505,2103.390676,23550.004887227413
KEN5P7p3asnb23Sw6yAmJRGvijfAzso3RqfyLAQhznt,9zj4aX38Uxf3h6AUjS4EipWS8mwbEofasHAf3a1uKGds,CwQDG1MWunn9cLNwcZLd8YBacweSR7ARo32w4mLua1Yr,10894.05492000014,10893.878467999864,10884.411331560379,0.9991147843011092,1.0884411331560377,1.0,924345.531336,950733.603874,1874260.8900344619
