0,1,2,3,4,5,6,7,8,9,10,11
AURHmCnNwiW4uA2Qj1XvEh4iKgRUZYXtiY7FKAapUV5Y,BKWm4TRnTeKwfWXRyuzjRHU7iZDkPuXBX5b5V5jSVfGJ,A5Ww74HVrkj9nPeC7pHKLfgeDMEhBCpW1efQdz3TGLEg,0.0043143479995251255,0.003805150999937723,0.6746790723465547,156.3803087791749,0.00026987162893862186,138.57931808997787,272.476431331,1806.842346482,293000.9287381605
moFiBS1R4Lf3E3zzmBPnw3NF4RhWPkhREFviuzUaCAU,44ALBrpqi9PfZkBRTvbtRNtFJGsatfY4QydjtMbFWq8S,2ho8qEEie1UjVwWNBo9y4oAJZMyMLx8zPj9bxyUz6uWs,0.02242870000191033,0.022421197001676774,0.02242119988633635,0.9996656018595219,8.968479954534538e-06,1.0,34573.041551865,29865.342887251,64426.82327831039
KEnkcdADoLR5jS2CLLLesy8TtFsyWL37BhXNfDMzWzP,3qsjFRuw1qeLMPo4DLwaQevenGAGBj9dA3Q6rb8ax2YR,77iEv8zPQAEyCcEbvBRSB6AFcUdfkhiqnAKtPxk76rNN,1.928404999999998,0.010273999999999978,0.010338781375545336,0.005361312263526255,4.135512550218134e-06,0.9991077967375134,129.517754,0.227955,0.9221367406698765
MiMuMS9C4vBqcrYeeQPph1E7oAW9aNKvW9k6Zw9XffM,Afy2q2hh6Y474pshJa5fnQ6PfEchGyTbKrQpCZw2hr3m,5pXz9ksgjeL8Wgb37bksUaBFMLdFfsNNY3FQnikkCPtS,4.783495397000479,0.07190130400000072,0.0,0.0,0.0,0.015883164711038775,25.854347718,7683.90969935,122.04480337952448
4xeRVccqvUgiV6VeF6NkWqkAYeewcJPRWFVginvJw1n4,A7VkMFrnCCyeZFUrQ3TzDr4xFep7PZtxvy3jJnBjLB2a,PhfHJ2Yu99BsEjZrefhApqUnLUiExcECcUT1YLoNUUv,21.591047821000053,70.22148266900007,3.8742134977782445,0.17943610379159444,0.0015496853991112981,1.0,1357.221078122,15.993183003,259.5276452450389
SEQV6QiTpvTzrceiaYg9Avnwf7oc8ZALpnQMz6TyT4A,3dFMPj4r9mMmPHF32mz1gNDX7f8ftidWof7S8YiYTs1j,Fc1ED3YPeQfXQosHbd8DTaBd2AV5gHQtwiSAL5C5pUhi,299.8939246809998,299.42884832000004,300.5672997292463,1.002245377424577,0.12022691989169854,0.9995781780088804,1357.288433374,4214.673303888,5573.231520183973
SAMGk1Nd4haC8zQA63DG37pzuEZy8j4q13tSFtCbcRE,9U9TnkHD3jXMAVZtynCVLgDruuqN4pTvLJTmVHCLWS8g,C6zoEbvqSknmi96QWq96UBiPCyNW3YSTvKhavR2BfifE,0.00917506000000401,0.004809649999999888,0.015498228906083896,1.6891692159045417,6.1992915624335595e-06,0.0,53.65232937,1.13296004,90.62786313337512
SUiuyGR7SFq3xeRVJonq84fjjeFwRSsFekcevJ53tzy,49GjCCPsv7fBqo6t3iKDrP1xxGDS8uWZbVCdfnp2gjMf,CEwj5xEbbJEjYqM8D6Ai8ByGz1mrh8mkAVsE5fzDSSSx,0.048290000000000166,8.586176000000023,0.00025889776920568375,0.005361312263526255,1.035591076822735e-07,0.9552740681301465,702.954987,1.261249,4.973599655665118
HEDSDjj84KS7LKhZY7ejkCACTdPen62rKhCby1wXtgxc,EnnjMSFttpCTywBrYNt1J5QQeoSVkvzPipJDa8Y7kJow,6bjVT6JN2rSvpyn9PdfLYC8wJn4LWh49jpY47fnLDXZk,10.297330132997558,11.695285886977217,9.070615918165261,0.8808706529762196,0.003628246367266105,1.0,43697.535158399,4500.671367482,42992.54769591224
SoN9GaFpSXfpyR5dth3x7PHPVhvJMpQqqDJfCSmPv1t,9kZ9iS68ViMPtoeqtnhAKuF2iqVyfHPdZHoUNdwCELr,BBhm5fJLjw3HRzjtKB8uMEYjGhY6EDm9co3cqpjrSzB9,0.1440113309999984,0.14121429600000024,24.252444546685638,168.4065023097794,0.009700977818674255,163.28620675691386,2.987870338,5.039978432,1326.135753275657
TETFuZgEmET6d9vYmz9iMFCxK1jKdKYxf3oPz8hSzJK,Eu1Ze6Z84LWNkq7SNoAHBJbXx5t1P95EwyqYohrfCRFV,ASMbv7WNu3qe4pkhREmvyEdwFNDZQ6B6iSrjkj4u8bdC,3.377344597999997,3.3659419130000003,3.407050191633825,1.0087955471441734,0.0013628200766535304,0.9992795194664648,30.114825481,222.624190491,252.8434959437139
WiiQFxXqp8P9Fs1rt9SVcDyA3KUdJmUsog6wnVQAwba,3S2jpqSYxho6wiz3cafhjXruVY8cg4HYa2v3BqBHYFSj,Dfe67M6TfrG74gKRtdqys4e6E9QirPD53BkF4FujFjuv,1178.1953890090008,1177.6884633349982,1178.8601364513443,1.0005642081513344,0.11788601364513443,1.0,10589.564700904,16289.590014069,26885.129433696333
KwnjUuZhTMTSGAaavkLEmSyfobY16JNH4poL9oeeEvE,J63v6qEZmQpDqCD8bd4PXu2Pq5ZbyXrFcSa3Xt1HdAPQ,BnKQtTdLw9qPCDgZkWX3sURkBAoKCUYL1yahh6Mw7mRK,163.71174400001416,4952.124452000171,2.5945673593529457,0.01584838873473073,0.00025945673593529456,1.0,282047.149165,494.647493,4964.640354489504
KEN5P7p3asnb23Sw6yAmJRGvijfAzso3RqfyLAQhznt,9zj4aX38Uxf3h6AUjS4EipWS8mwbEofasHAf3a1uKGds,CwQDG1MWunn9cLNwcZLd8YBacweSR7ARo32w4mLua1Yr,27322.401735999505,27319.525122000137,27300.56128696993,0.9992006394884093,2.730056128696993,1.0,918801.711589,952166.211193,1870233.4689757738
ercAoEmXjQzEvAFbdjAo81KtMxRGn9AW1ju882upmPH,CMRhskR2Eg6V42RTSdRTXGdozyPbWB8U9dVpijPWb9T4,7TKLLgrWswt6ZJ1pXhVR3FyufHGjJFqiEXxvWJfDcgRm,0.015218464999996684,0.017177344999993238,2.1106015446663564,138.68688758470822,0.0008442406178665427,121.77083532479388,49.303357273,411.378590125,56931.643721926506
Cob4usZcpHEY7Qt4ZCwj6WVg9S44zvzYV2v9qYF65dTf,NhFM9UXE48PyNAyeyPYA3iXztqKVJwA4bTdLj4ysM8w,6TuFuynuBoeskxyR2cz4wxyidk8dpDK7kAWw3UkjQGx,2.370145000000008,442.8370749999958,0.012758835911533598,0.005383145719579838,5.10353436461344e-06,1.0,39496.060287,68.708529,281.32157687423125
Dg3mAgpwDfVNnbGWcsxL8sUcSkEbjSJQhKAWNigG44Ju,EATxwd8YA2wV93VJcKMmH2Kn2Y9XfJVUB9hHVu3udwEy,GiGvrRi7NMHfHKanG2B8xyCEqe8jaafWins8bhrLVEaa,0.0008584749999999974,0.0008483219999999847,0.14468500138284757,168.53723332985584,5.7874000553139025e-05,166.54514422642944,0.135250922,0.18309004,53.28757331741487
SoNcU2iwHMw6dGzsYNQkYFkUjwN1UdAjrWVRnStrZu2,8ivTTid27jZnYNc4w3CTA1Z6QS2twsFb8WMwUabeDJgc,CyXm53PMvHCbeXJBykU46Rcbo28xk5srhMZFg7gv6EYB,0.4697369319999982,0.4648172969999944,78.23240508842018,166.54514422642944,0.03129296203536807,163.28620675691386,11.647532664,15.339118489,4444.506480471582
daob129AwBGn9Y5r91uLoWZeYiGzbPmksauMhFZKTze,6VW5GQNyj4LStgmxEHLr5zUfW92vQnmbw8jTnCH7a38F,4VPCCUifPeBA1c7HWK358CHn2nyjm8pdTRk6Ps3KmnMQ,4.225400710999885,3.779120639999988,650.2910505198041,153.90044518781778,0.26011642020792164,138.68688758470822,47.984397718,224.769993339,38557.47096949101
BUSDTd9WiT6uBHJRgNvFXBsA7JrifsAtWzKfioN7ERcy,DyBxrn7gSc1EwnpWhDyhzvMHPtxpmBqRqotapLcKcfTM,Cds99GeBgoCpqBsoRWu1C6fF9LiUMd4pXQQD24s9LPff,132.05864606,132.26509603,131.9600521070682,0.99925340781635,0.013196005210706822,0.9992795194664648,101.40599756,85.08275736,186.35174552442908
ALLwa5WNZbvQsRKAqe1jdRGemdYQnW8E5k4msbRFcYtu,CGoM82Hbz7QVqTgvQatYtjvDWBvoUJp5qm21P8iMs9yb,3dxNNww8TivyN5FMy5dCNdi3Zcxv6e4kUfSPxfFwpdNq,0.45188086599999977,0.4514880689999998,1411.907095766286,3124.5117950320264,0.5647628383065144,3124.521557636487,3.112466554,5.662721145,27418.232752052158
BSC8REUo9LpiiWUuqMuLXs2D2yJsJfGd4HdiF3wCLxk5,AZjEH1zWVx1UJ6udMyRijGTzPteuLnaY18yNNmprJEsh,Caf8ypkSVR8xYnXNhjvfvdGCC7mrM3C11rz8Xi6NA6aK,2.866389365000032,2.871236425999541,2.8624369950079975,0.9986211328997049,0.0011449747980031989,1.0,3508.130415089,2734.397158831,6237.69032830709
heyk4SZTeCUV6a65WiVA5bzic3KcxgVf1qxobfeV4tQ,9ZDpBKPqMABtGfq66FbVribaArMvtk63xxy91onZAtDt,DaTP4s6N7xxSPinbNZ3FB52EpRDRt87QShTuN3VPCW52,0.9500496440016377,0.8180463179998014,153.21095546255398,161.2662626946786,0.0612843821850216,138.5277739182401,603.595328432,4497.021115098,720301.8871340435
AUSejoEUCh2DBs9mof6BNC8Pubs22w4cJa1ccV9h44R,4xkyD7AfGQDwsQMy9MosRRNGoVJ1zosNinesxg1TzHG7,Cbm5gsQe3nSiCsFrvepVzMCD9xLK3ri9g3ypS2hdmVJ7,115.88629299999957,115.84346000000187,115.9439171268116,1.0004972471318245,0.01159439171268116,1.0,14298.016036,14590.178463,28895.30414646468
RajgMbScQbqqrdJfR2rxfHJiTiY5b6bJ2tTXiF4aPxy,725ZA3fhyBAKb5iopNRrcbSuQa3LXA1656Q3mBvYPxeg,GLA6i1dSZpUfk2f9Nj8uiG7xyDdAR2reff8oEiZH3617,4344.985660539998,4351.664443880007,4337.140207618438,0.9981943662109611,1.7348560830473752,1.0,132556.12577545,51786.90932703,184103.68728283577
YakoMPuYrybnr9R7VC7hVGxMz94fJvPFCdZ4gmW61Ed,,,0.034822999999999826,0.03493499999999994,0.0,0.0,0.0,1.0,132556.12577545,51786.90932703,51786.90932703
MARpDPs5A7XiyCWPNH8GsMWPLxmwNn9SBmKvPa9LzgA,6YjT74rmcfCpw8LSjPNx5JTmZoYLGrTKnf9arfSgZ4SR,F8GSmi3vA8M8TsybLya1LQ4n1aFHCRbZ6k437PeTdXtg,30362.342402000024,31702.92927499982,29032.924776484786,0.9562149188651642,11.613169910593916,1.0,296448.927014,16357.414947,299826.301639357
JSoLLrxK5bYdHwTEWYaGgmeycBCNXKDiBCTw5hXGBg7,xG4wXczA7Dk4hccJ61CHKpDHW4NrNfQwgmWgkb9BuF2,BVR6WgfhsRr9Lob4QDnkEAiNGgAbv7ZieKcY9kSg3QYR,0.2668465840001204,0.22452625900000456,43.93068592345021,164.62899867374878,0.017572274369380088,138.5277739182401,17.190564035,172.081871356,26668.18391435065
parEAJhzYzHW87y9VoZAQ22dzQ2MD2ekEtTReaxbMcz,3oyc6hpjYSJEquK6dSvG72NXyz3pqLZz5D8AC71pwgQb,Di2vordgFJVZ1aj1aBpvzXtLfZgJsuLLXawGtVFwX6Rz,0.07162502000005588,0.07760533399994074,9.70362265769258,135.47811445895596,0.0038814490630770327,161.2662626946786,1106.63375013,136.530073342,171942.34853755054
BkMBnJpvHKtWhUvrgRrLesXfi9RUV3ELgdBaJcdH7hcY,5uerVwBnZQsuVhZ15igs7ZgmcqhHnYWbwoRtLyRqLvR,9YWiQh5d4jCtgMdzcGLv9bWgnLaFtzvDDh2nnhJdzhBX,110.02614021900013,109.52508003599996,110.53033173273121,1.0045824702450483,0.04421213269309249,1.0,1048.126824897,1825.784904813,2878.7147396981272
MiMy69CnJDY4V6cQWkU3HHfTyb8pqXJmhX4MisFYDnM,,,0.021123550000000005,0.021866000000000024,0.0,0.0,0.0,1.0,1048.126824897,1825.784904813,1825.784904813
RoBgmK8CvjdHvPrqdDyVw54VwjZv2TqJ493xnqJAQHx,ExiHJxM7qPAcy27NDHAF6G7vnW7muNHi2sVJpnaNynGQ,6rkPHSqZb7StM4HwS9EuVrmfkV7tRdc7dnsFhyB6cefE,2.503795000000327,13.399008999999971,0.0,0.0,0.0,0.9562149188651642,6423.418454,16.538592,15.814448407424054
BUSDgu5JdqP1rndBvXvanbEufS94FNh1w5FJcAj6vawb,Bgzr8cWubt89JQFXndVjtdKmDbGzuPxNhvjH1EhWCwbo,Dxaf8xPBBQsasRKW5Aa4Sw2YrbfGofY9xZueyyF23FBW,5527.67812521,5531.344371950002,5527.518324655234,0.999971090835764,2.211007329862094,1.0,7559.66568106,7717.25272138,15276.699858823256
KZMu9QBEdL97EFgamLbN5DE1AoKBG4HdrKKJo4Vuon3,DD4ACBWyVqdaKWh7v5btsgqQCCMwbKnuL2xd9pv7Gyuw,GcYqiJ1MAuYbNTNYXm1F1gQYTfTgkErACAhNU5dpVj9T,3.2184352499998568,3.2045399700000416,3.233848808251602,1.0047891466052474,0.001293539523300641,1.0,1376.99454281,1713.05497539,3096.6441469401425
B2izdXFYb2sNwbWWHmh75T4aQFtfXsUxem9u2p61HGzf,4DYwgJtxwuJdAjkj5RJSNH4e7U329V5cNp7d3a1nLrZv,EXNW64GEf1ACC6xY9BtKRiunrs6GoJSXBdxWN2eTPmrF,287.62751200000275,284.71654700000363,287.5636728646268,0.9997780492730615,0.028756367286462685,1.0,10501.294311,29253.920864,39752.88440509388
wrmcMSHFi3sWpAEy4rGDvQb3ezh3PhXoV2xNjgLBkKU,8p4mGnARWPBu6P2Gcw4adodLkNDorrXniZMhaY7eJXUn,AyY89zccbsgp9LKFgH4CFZMJmpSgqmPSdTfukhP227rc,0.0026865499999988024,0.005571300000002291,1.023837652438568,381.0975609756097,0.00040953506097542717,3109.7428242684327,27.01075773,0.10666942,10625.448354419972
MATSnbbiTCv7Dc3trJrkrqjx7ckKdr6fwPoVwv9q3sD,631WX9JizSHJm4w6VanZeJAst9T8DeUUnPLesdGkCVtK,211maUSfpnXbPuW1iBu8b4dtJv5EbN1j7JJiEX5TZKEP,106.96817299999748,106.97111700000096,106.25783934398294,0.9933593924613955,0.04250313573759318,0.9880553982900713,23110.666319,22508.278615,45196.62364578759
KysFMBBoavfov2tLpvefWW6tPFt6rAeZWDJVy1mMQae,B8ka2V21TH3x64dFV8ETcjuQcwmrciJ2qzy1mJUttRew,7fSf7EYxBANyxzk2s5pymFgshA91tFYQNKKs5UnLWcYS,12.850164999999834,15.690354000005755,0.0,0.0,0.0,0.0157697532757444,130507.095132,3142.740651,49.56024467592234
Lee1XZJfJ9Hm2K1qTyeCz1LXNc1YBZaKZszvNY4KCDw,9DgFSWkPDGijNKcLGbr3p5xoJbHsPgXUTr6QvGBJ5vGN,2hNHZg7XBhuhHVZ3JDEi4buq2fPQwuWBdQ9xkH7t1GQX,1140.5933433291357,949.6809903929852,189000.20088706596,165.70340515526493,18.900020088706597,137.90124781323095,6464.674133434,54152.173549688,8538870.82142979
DEDaBEWzMCXohXYXoLzB4jK1xqMsd3SS9izXp2xvg9pe,,,1076570.6314452891,1019882.8301102497,0.0,0.0,0.0,137.90124781323095,6464.674133434,54152.173549688,7467652.304300616
C2ypsDADXcCRz8HbV2zX1AXPSja7a1P3xZtRC91xGhJh,J9bYNuDpY1d1T86gLaw7DGk5D3CsUAf2tzUwxMvb6FTv,A2NGvvPrMGzsJ4jb52KEnSBVmsA7C34dV1GC7PerdgvG,0.057353003999992325,0.058264083000040046,7.909050817436167,137.90124781323095,0.0031636203269744673,138.873207789176,2770.821400765,963.524562703,515907.4754393266
SAMyS8Jr2HJrkFwYVKbpUwsNStnQmvz3f8Tup8bWUWF,6jPzm5TFfquvgm25sTyN3MMGBfufRaFHMxobDWv6hMFW,Cj9ECoDmxsHTDzCY5ZA6RWrPbg9uFzEC1Qc2kso2vJG6,105.74078040999842,100.34943785000428,106.24718850953518,1.0047891466052474,0.04249887540381408,0.01591901371659397,396.88026903,113514.34071371,2205.817333674786
FrnkTEL6yZ5Aycq2TrEgu29dCrwKG4LPUZydfiwqspkc,DjvZuMZ46fxKBoBpGMPcRcos4xdTtHFxwMh69DpA2ZFY,9rvDPJLAng4uVVqnnSoEXgNDFhBZQTny9AoQioYDZbQX,1.1888416379996443,0.9807354949999763,199.381790177075,167.71097495588782,0.07975271607083,137.90124781323095,166.239904647,1447.797783323,227533.37738639367
MATgk4zXLXtYkwBH678J1xZbRDZ45LicNzkRBHkxTuY,y8dALFo1bJrSzPYjMX14HJX448pXqYmrfXHD1K8MXih,GN7Yuet3UyiWS5YVkEHv6oQKi4HGBJc3XDPt9zQhAqZz,1208.6539169999987,1208.5784320000002,1208.4508972492608,0.9998320282192592,0.4833803588997044,1.0,4389.916589,3705.419801,8094.599007893243
YAkoNb6HKmSxQN9L8hiBE5tPJRsniSSMzND1boHmZxe,CfWX7o2TswwbxusJ4hCaPobu2jLCb1hfXuXJQjVq3jQF,EnTrdMMpdhugeH6Ban6gYZWXughWxKtVGfCwFn78ZmY3,2658317.6347989915,2658739.8088700194,2658317.6347989915,1.0,265.83176347989917,0.9880553982900713,2582743.069736,1025852.442221,3596342.1131215123
GokA1R67GqSavkd15zR62QD68Tuc5AEfvjssntVDEbM8,3YB7hfpBdbQEuZqLGWVDpRPmeZWCUsrrWyqGXegnQ6Cg,4DPCj6Z1DsG6HUtwSogBGqXEUxdEV5a8YVrrFtcnz7UW,6565.292283999996,6564.702047999994,6566.323196741883,1.0001570246528704,0.6566323196741883,1.0,13927.316056,18576.643354,32506.146341969106
ALBpShJ9NLpE739pcHDF2LNVk5J4VYPvvKuV6jMPitZi,D6d156U1bPiJpDYRLextvDRccgFk7QzkQbJg42ceKEu5,GNcM8U5g8RwTZffwwm3kSQqUNPSwv5d2fbN9sLxPJqt2,1050.1021679999976,1051.7428379999983,1050.5749267170202,1.000450202591166,0.42022997068680806,0.9967267493551177,45329.711658,55048.574348,100218.50577816079
STK75uPSyBnEhGTTzb1nwmP3n427XoXmfRhXxxhyady,6TYyD5fUmDe6N65avW1Ny2RxzRNobw2RRgKwH9CTzSAU,54zDfk4cx2vGrEajPtodWpArNe5eUurytyxd4X3aZAxK,140.89552491900054,160.60202631800496,19503.9694979514,138.42859458569774,1.95039694979514,157.7591635987768,1899.533980117,316.378841381,312861.48063198966
Sid7E679i9ABqptiAVhkmQ27YHN8vaYT4fppPwmxFsJ,GP7KB8o1bv527HG8kTzzzf4wJ5aEGHvcMQvVhLziUfmT,9gYxhAZ1M9wu5pxr8SBoa5NDm21gi3s9vMHaYTME77sa,155.70818899999904,445.7522230000468,0.8381998711188733,0.005383145719579838,0.0003352799484475493,0.015859233695466775,135289.063285,8943.575787,870.1190004077648
vEnkoSUkpnbRrPgBz9DfcVxNz67zjwMYBZraAvDDNSf,DtfyjjsZ5yCjWKLKHvwsfXs5QVsmm1QkK6Sh9JZHoq1g,e5wrKCRv4GhHvEf1VD5Pq2KGaZDXP77nTL612Jyrxwy,3037.4933230000042,3038.2039689999983,3033.3558256538126,0.9986378579617403,0.3033355825653813,0.9967267493551177,21569.989193,20161.232612,41635.84764830656
BSCuChvaSj9b5HUSqgDVRzcnr2sSn7cXaamt1jbKH6hn,GnKpRj5kBVPMJfiwZtEuD9GYApLzPdW5JFuZTcyX4BTc,3dmwD9okkomV9nDwyuh4UMhKdUR13QpuKxRo89ycZB5t,50.95822149600008,50.913734033999845,51.03886724455018,1.001582585619799,0.020415546897820075,0.9987555505839723,1381.298506553,1629.227114005,3010.6841529805206
MiMUFdSLMyCLpqpH6zkqdDrGYs7XBomwENbivdYjv9V,,,0.09683667300000001,0.09541839799999999,0.0,0.0,0.0,0.9987555505839723,1381.298506553,1629.227114005,1627.1996232744
Lid8SLUxQ9RmF7XMqUA8c24RitTwzja8VSKngJxRcUa,4PgzyzLtds9bKZ2to9PMnKqJzKEUpjvNUaeN23phegax,AtymwxoVN9peZo7EXTcDz9jKVc4vRmisJKKrNfe3ewBa,20.13685474199997,17.072116472999824,3295.296994854667,163.64506955406392,0.3295296994854667,138.42859458569774,970.172581319,7614.874585327,1212880.346342558
