0,1,2,3,4,5,6,7,8,9,10,11
KysFMBBoavfov2tLpvefWW6tPFt6rAeZWDJVy1mMQae,B8ka2V21TH3x64dFV8ETcjuQcwmrciJ2qzy1mJUttRew,7fSf7EYxBANyxzk2s5pymFgshA91tFYQNKKs5UnLWcYS,46.87714499999993,57.148910999982036,0.0,0.0,0.0,0.0,130491.697782,3155.325732,0.0
B2izdXFYb2sNwbWWHmh75T4aQFtfXsUxem9u2p61HGzf,4DYwgJtxwuJdAjkj5RJSNH4e7U329V5cNp7d3a1nLrZv,EXNW64GEf1ACC6xY9BtKRiunrs6GoJSXBdxWN2eTPmrF,2173.496006999996,2151.1253570000026,0.0,0.0,0.0,1.0,10363.892085,29392.544045,29392.544045
SAMyS8Jr2HJrkFwYVKbpUwsNStnQmvz3f8Tup8bWUWF,6jPzm5TFfquvgm25sTyN3MMGBfufRaFHMxobDWv6hMFW,Cj9ECoDmxsHTDzCY5ZA6RWrPbg9uFzEC1Qc2kso2vJG6,1540.070591540003,24.087426960000016,0.0,0.0,0.0,0.0,393.0717596,113756.11708057,0.0
AURHmCnNwiW4uA2Qj1XvEh4iKgRUZYXtiY7FKAapUV5Y,BKWm4TRnTeKwfWXRyuzjRHU7iZDkPuXBX5b5V5jSVfGJ,A5Ww74HVrkj9nPeC7pHKLfgeDMEhBCpW1efQdz3TGLEg,0.0266492449998168,0.023500638000086838,0.0,0.0,0.0,0.0,272.477184718,1806.841476765,0.0
FrnkTEL6yZ5Aycq2TrEgu29dCrwKG4LPUZydfiwqspkc,DjvZuMZ46fxKBoBpGMPcRcos4xdTtHFxwMh69DpA2ZFY,9rvDPJLAng4uVVqnnSoEXgNDFhBZQTny9AoQioYDZbQX,14.366951900000458,11.830871199999734,0.0,0.0,0.0,0.0,166.201208279,1447.70156325,0.0
daob129AwBGn9Y5r91uLoWZeYiGzbPmksauMhFZKTze,6VW5GQNyj4LStgmxEHLr5zUfW92vQnmbw8jTnCH7a38F,4VPCCUifPeBA1c7HWK358CHn2nyjm8pdTRk6Ps3KmnMQ,30.583133820000256,27.530474708000035,0.0,0.0,0.0,0.0,47.686772743,225.091500489,0.0
SoN9GaFpSXfpyR5dth3x7PHPVhvJMpQqqDJfCSmPv1t,9kZ9iS68ViMPtoeqtnhAKuF2iqVyfHPdZHoUNdwCELr,BBhm5fJLjw3HRzjtKB8uMEYjGhY6EDm9co3cqpjrSzB9,0.3802660600000012,0.3717639779999997,0.0,0.0,0.0,0.0,2.958113648,5.06971389,0.0
wrmcMSHFi3sWpAEy4rGDvQb3ezh3PhXoV2xNjgLBkKU,8p4mGnARWPBu6P2Gcw4adodLkNDorrXniZMhaY7eJXUn,AyY89zccbsgp9LKFgH4CFZMJmpSgqmPSdTfukhP227rc,0.007927639999999972,0.06932541000000114,2.850694906416862,359.5893489634837,0.001140277962566745,3072.7630285152413,27.03351965,0.10394014,10040.349150505743
YAkoNb6HKmSxQN9L8hiBE5tPJRsniSSMzND1boHmZxe,CfWX7o2TswwbxusJ4hCaPobu2jLCb1hfXuXJQjVq3jQF,EnTrdMMpdhugeH6Ban6gYZWXughWxKtVGfCwFn78ZmY3,5074134.716217972,5073232.9742689645,5074134.716217972,1.0,507.41347162179727,0.9982002449583401,662485.756949,1225909.492634,1886188.9127930133
C2ypsDADXcCRz8HbV2zX1AXPSja7a1P3xZtRC91xGhJh,J9bYNuDpY1d1T86gLaw7DGk5D3CsUAf2tzUwxMvb6FTv,A2NGvvPrMGzsJ4jb52KEnSBVmsA7C34dV1GC7PerdgvG,28.264286476000052,28.739340154000274,3988.501209421998,141.11451965393638,1.5954004837687992,142.49758074732284,2774.401037556,944.106129372,526041.1091463267
WiiQFxXqp8P9Fs1rt9SVcDyA3KUdJmUsog6wnVQAwba,3S2jpqSYxho6wiz3cafhjXruVY8cg4HYa2v3BqBHYFSj,Dfe67M6TfrG74gKRtdqys4e6E9QirPD53BkF4FujFjuv,2506.0519486619996,2509.1380605609975,2502.4403741627602,0.998558858885121,0.25024403741627604,1.0,19749.095124117,7128.152506982,26848.786398133976
KEVpg4SYCVrqFxKijQH6hm4QxsRdoE51ud64bEEFUC9,2bPenuBYfqzD8p5dFjCcggwkHDsc2RQDnx9AoyYGUBjA,AE6n6iLuX8oYu61vt5hoDYkjswpnxFxrhSehxrnQTnbx,282.94763972400006,283.29477442700045,282.57805786017116,0.9986938153497609,0.11303122314406848,0.0,5159.720889705,2397.364659586,5152.98134147935
AUSejoEUCh2DBs9mof6BNC8Pubs22w4cJa1ccV9h44R,4xkyD7AfGQDwsQMy9MosRRNGoVJ1zosNinesxg1TzHG7,Cbm5gsQe3nSiCsFrvepVzMCD9xLK3ri9g3ypS2hdmVJ7,422.5825819999973,422.591613999999,0.0,0.0,0.0,1.0,14427.129596,14459.881241,14459.881241
MiMuMS9C4vBqcrYeeQPph1E7oAW9aNKvW9k6Zw9XffM,Afy2q2hh6Y474pshJa5fnQ6PfEchGyTbKrQpCZw2hr3m,5pXz9ksgjeL8Wgb37bksUaBFMLdFfsNNY3FQnikkCPtS,10.398118751999391,0.15577114200000253,0.0,0.0,0.0,0.0,25.825285904,7685.833843797,0.0
C98Sspw7XqnMsgxea3SLQVdbMDL8pKUc3RE82UvX9eq2,CSqgQJurPCzGxb4Cgwx5R61hWQUiaoUHcShNc8r1cKEL,6S2CR5EnukPhC914XkAns8m5GixjMAoUuZMsS5ubHuWc,18.517411000000024,19.78874899999994,0.0,0.0,0.0,1.0,813.306742,129.850791,129.850791
SoNcU2iwHMw6dGzsYNQkYFkUjwN1UdAjrWVRnStrZu2,8ivTTid27jZnYNc4w3CTA1Z6QS2twsFb8WMwUabeDJgc,CyXm53PMvHCbeXJBykU46Rcbo28xk5srhMZFg7gv6EYB,0.46638535000000303,0.4618839539999957,0.0,0.0,0.0,0.0,11.80480204,15.176410472,0.0
parEAJhzYzHW87y9VoZAQ22dzQ2MD2ekEtTReaxbMcz,3oyc6hpjYSJEquK6dSvG72NXyz3pqLZz5D8AC71pwgQb,Di2vordgFJVZ1aj1aBpvzXtLfZgJsuLLXawGtVFwX6Rz,0.08728186400009008,0.10010474100002398,0.0,0.0,0.0,0.0,1106.327829401,136.787068468,0.0
ACUSESXyNnwRLAg1dpSGMLSzUDdLjUMybY8rkXiAKhCP,AhFPQdu8GKBsxuhiH46UmCu1YpaLgNpoP325HnYtsgas,A8wxWpT3aFEr2XqZp1kDmbxbFfcBE95UUmdsNTDBJYbT,129.91511706999995,128.60109108000006,0.0,0.0,0.0,0.0,1162.010221496,1723.618760975,0.0
BUSDgu5JdqP1rndBvXvanbEufS94FNh1w5FJcAj6vawb,Bgzr8cWubt89JQFXndVjtdKmDbGzuPxNhvjH1EhWCwbo,Dxaf8xPBBQsasRKW5Aa4Sw2YrbfGofY9xZueyyF23FBW,7151.879525759998,7151.66547696,0.0,0.0,0.0,0.0,7575.25134378,7692.20268102,0.0
HEDSDjj84KS7LKhZY7ejkCACTdPen62rKhCby1wXtgxc,EnnjMSFttpCTywBrYNt1J5QQeoSVkvzPipJDa8Y7kJow,6bjVT6JN2rSvpyn9PdfLYC8wJn4LWh49jpY47fnLDXZk,30.191139790994384,33.73343710500467,0.0,0.0,0.0,0.0,43585.874536922,4599.170561937,0.0
BUSDTd9WiT6uBHJRgNvFXBsA7JrifsAtWzKfioN7ERcy,DyBxrn7gSc1EwnpWhDyhzvMHPtxpmBqRqotapLcKcfTM,Cds99GeBgoCpqBsoRWu1C6fF9LiUMd4pXQQD24s9LPff,115.47901584,115.48895581000001,0.0,0.0,0.0,0.0,104.28412186,82.16166008,0.0
MARpDPs5A7XiyCWPNH8GsMWPLxmwNn9SBmKvPa9LzgA,6YjT74rmcfCpw8LSjPNx5JTmZoYLGrTKnf9arfSgZ4SR,F8GSmi3vA8M8TsybLya1LQ4n1aFHCRbZ6k437PeTdXtg,52767.08400299997,54739.71222299995,0.0,0.0,0.0,1.0,294188.044493,18494.137154,18494.137154
Lid8SLUxQ9RmF7XMqUA8c24RitTwzja8VSKngJxRcUa,4PgzyzLtds9bKZ2to9PMnKqJzKEUpjvNUaeN23phegax,AtymwxoVN9peZo7EXTcDz9jKVc4vRmisJKKrNfe3ewBa,118.40440027000159,100.0961254720005,0.0,0.0,0.0,0.0,962.060761705,7624.44324125,0.0
Lee1XZJfJ9Hm2K1qTyeCz1LXNc1YBZaKZszvNY4KCDw,9DgFSWkPDGijNKcLGbr3p5xoJbHsPgXUTr6QvGBJ5vGN,2hNHZg7XBhuhHVZ3JDEi4buq2fPQwuWBdQ9xkH7t1GQX,1099.4059964598273,916.3109531909777,0.0,0.0,0.0,0.0,6483.146896778,54130.258751588,0.0
Sid7E679i9ABqptiAVhkmQ27YHN8vaYT4fppPwmxFsJ,GP7KB8o1bv527HG8kTzzzf4wJ5aEGHvcMQvVhLziUfmT,9gYxhAZ1M9wu5pxr8SBoa5NDm21gi3s9vMHaYTME77sa,299.45914099999936,877.7328059999854,0.0,0.0,0.0,0.0,135074.504088,9014.697779,0.0
heyk4SZTeCUV6a65WiVA5bzic3KcxgVf1qxobfeV4tQ,9ZDpBKPqMABtGfq66FbVribaArMvtk63xxy91onZAtDt,DaTP4s6N7xxSPinbNZ3FB52EpRDRt87QShTuN3VPCW52,6.23241402200108,5.3609686839999995,0.0,0.0,0.0,0.0,603.433057482,4497.208009937,0.0
ZUCKWFa4LTL833dPhhpeeRWZcaAEoMeYJPi2iKn4F8N,7eEYpq6ShaJ9opZWMxitRFrdCHh6vfyHhGfoSvFht3N2,H8VggnHmuwd1wvwpT8eg9cUJFEfZ7HAaeYjgXrSm7A2u,0.0011059630001000187,0.0011059630001000187,0.0,0.0,0.0,0.0,1849.447104349,1997.709368346,0.0
CZgvH45CRmoaNJ7395Ao5CQZXkGznvqU7cErD6n7FaRg,4ZjU6MKvtqVQKCiowhvZ5yUsPxXX5SCzd5eFsPeXyey5,BsyWeshjDbCvjDojry3vKDCesmFRM37WtwcR4Kfgzqr,0.001107230000002346,0.001107230000002346,0.001177654667701539,1.063604370997032,4.710618670806156e-07,1.0,153.86145557,654.35443543,818.0021521022176
STK75uPSyBnEhGTTzb1nwmP3n427XoXmfRhXxxhyady,6TYyD5fUmDe6N65avW1Ny2RxzRNobw2RRgKwH9CTzSAU,54zDfk4cx2vGrEajPtodWpArNe5eUurytyxd4X3aZAxK,368.60287998600154,420.0951690380002,52146.953662149164,141.47191053995442,5.214695366214916,161.48697203853078,1912.056930941,317.085811487,321707.574654801
MNkYtBe2HtgL15osfaMmyqNW3vo4J399FXXCS4a39Wf,2mUxDu8NrhSKhQJMgKfYLxJqZzeEbmwhQdHeHMyohyuk,AZCBmDBcFsA2jHHhfFJBTsWCHx9XnnKmGfFsue3ZVW1t,0.00903665999999248,0.00903665999999248,0.009032884886411902,0.9995822445925174,3.613153954564761e-06,1.0,2195.52691338,1940.97817666,4135.587896799662
SRMuKizofcAMicegrfSv7xs9q76tH1w8aAF7oX9FEWu,72Hj2KWntXPfbie4UgKeTPnm1XVkomDfCnRPKbvfTtPi,6aqJQ5wedqpUt4fFEDUqUmXhrdxCu4bEJsQdVPCADLko,2.863373999999567,0.04941400000006979,0.09119733564025023,0.03184960666691254,3.64789342561001e-05,0.03197575572620235,16653.778411,5255.088169,698.4517075198697
MiMy69CnJDY4V6cQWkU3HHfTyb8pqXJmhX4MisFYDnM,,,0.03590255999999997,0.034623604999999995,0.0,0.0,0.0,0.03197575572620235,16653.778411,5255.088169,168.03541561159997
vEnkoSUkpnbRrPgBz9DfcVxNz67zjwMYBZraAvDDNSf,DtfyjjsZ5yCjWKLKHvwsfXs5QVsmm1QkK6Sh9JZHoq1g,e5wrKCRv4GhHvEf1VD5Pq2KGaZDXP77nTL612Jyrxwy,14743.823273999986,14747.37160800002,14733.892630367118,0.9993264539700242,1.473389263036712,0.9954715996929966,22557.43348,15181.805175,37655.29589401776
ALBpShJ9NLpE739pcHDF2LNVk5J4VYPvvKuV6jMPitZi,D6d156U1bPiJpDYRLextvDRccgFk7QzkQbJg42ceKEu5,GNcM8U5g8RwTZffwwm3kSQqUNPSwv5d2fbN9sLxPJqt2,169.99700599999778,169.74061799999618,170.1383910029212,1.0008316911353334,0.06805535640116848,0.9993504222255534,43311.233041,57066.687704,100376.87306158675
RajgMbScQbqqrdJfR2rxfHJiTiY5b6bJ2tTXiF4aPxy,725ZA3fhyBAKb5iopNRrcbSuQa3LXA1656Q3mBvYPxeg,GLA6i1dSZpUfk2f9Nj8uiG7xyDdAR2reff8oEiZH3617,7649.339103710008,7657.260346740004,7640.741664781379,0.9988760546745196,3.056296665912552,1.0,123926.01352276,60397.78334378,184184.51080293566
GokA1R67GqSavkd15zR62QD68Tuc5AEfvjssntVDEbM8,3YB7hfpBdbQEuZqLGWVDpRPmeZWCUsrrWyqGXegnQ6Cg,4DPCj6Z1DsG6HUtwSogBGqXEUxdEV5a8YVrrFtcnz7UW,12222.353765000038,12222.167258000012,12224.982136159311,1.0002150462349404,1.222498213615931,1.0,14421.167377,18078.762316,32503.030910747868
KEN5P7p3asnb23Sw6yAmJRGvijfAzso3RqfyLAQhznt,9zj4aX38Uxf3h6AUjS4EipWS8mwbEofasHAf3a1uKGds,CwQDG1MWunn9cLNwcZLd8YBacweSR7ARo32w4mLua1Yr,77364.45404300035,77375.64024199871,77271.57361151931,0.9987994430694306,7.7271573611519315,1.0,914108.854291,883649.503684,1796660.918254686
SERgf3DMJpQxUifu7VoFKmfne73d2fDJxSrxUMrcNJB,AJfM2GZ2tTB8UtN2krcyR9xufRJEx2mhSCbJyMgPo3GU,F4yRYkufQvERZcEKnKjJwRLU1btiMBUuEwq46hfm11QD,0.03927122500000024,0.0393193200000006,5.552153410530446,141.37968475723412,0.0022208613642121784,141.29839947063968,29.103377915,27.868214976,8052.36056720586
ALLwa5WNZbvQsRKAqe1jdRGemdYQnW8E5k4msbRFcYtu,CGoM82Hbz7QVqTgvQatYtjvDWBvoUJp5qm21P8iMs9yb,3dxNNww8TivyN5FMy5dCNdi3Zcxv6e4kUfSPxfFwpdNq,0.3889043309999991,0.38874216399999995,1196.481451513657,3076.544425301501,0.4785925806054628,3074.3311792519535,3.603049613,5.171277738,26983.162587464794
JSoLLrxK5bYdHwTEWYaGgmeycBCNXKDiBCTw5hXGBg7,xG4wXczA7Dk4hccJ61CHKpDHW4NrNfQwgmWgkb9BuF2,BVR6WgfhsRr9Lob4QDnkEAiNGgAbv7ZieKcY9kSg3QYR,0.7607997159999869,0.6427816800000059,127.99390110852163,168.23600011507344,0.05119756044340865,141.41085325470513,17.194059922,172.072218469,27225.539102147493
MATSnbbiTCv7Dc3trJrkrqjx7ckKdr6fwPoVwv9q3sD,631WX9JizSHJm4w6VanZeJAst9T8DeUUnPLesdGkCVtK,211maUSfpnXbPuW1iBu8b4dtJv5EbN1j7JJiEX5TZKEP,1766.0459640000117,1768.8644109999914,1762.615913432472,0.9980577795609743,0.7050463653729888,0.9987545530723189,27582.198719,18035.71938,45541.88485760435
SEQV6QiTpvTzrceiaYg9Avnwf7oc8ZALpnQMz6TyT4A,3dFMPj4r9mMmPHF32mz1gNDX7f8ftidWof7S8YiYTs1j,Fc1ED3YPeQfXQosHbd8DTaBd2AV5gHQtwiSAL5C5pUhi,34.14173486799996,34.090010168999925,34.16998254333887,1.0008273649668982,0.013667993017335548,0.0,1442.842114756,4127.760342873,1444.0358717745144
DFWzVTzNBrQZLjoQ4yQwkj9HuoXmfkuZP9V5vbymZe23,DhgiEgiNdqZdRdo195UUHnoEJUtefK8buko8nU97XJUZ,2K2kkXsouBHtWVjtcgkyiXd8eP3oVBvq1bTJzcVdLLr2,3008.7714733640023,3052.565621986003,0.0,0.0,0.0,0.0,43037.860038656,24973.76927849,0.0
BSCuChvaSj9b5HUSqgDVRzcnr2sSn7cXaamt1jbKH6hn,GnKpRj5kBVPMJfiwZtEuD9GYApLzPdW5JFuZTcyX4BTc,3dmwD9okkomV9nDwyuh4UMhKdUR13QpuKxRo89ycZB5t,15.4114005240001,15.40746093100006,0.0,0.0,0.0,0.0,1460.884917615,1549.275692711,0.0
MiMUFdSLMyCLpqpH6zkqdDrGYs7XBomwENbivdYjv9V,,,0.156200795,0.1546213860000001,0.0,0.0,0.0,0.0,1460.884917615,1549.275692711,0.0
KwnjUuZhTMTSGAaavkLEmSyfobY16JNH4poL9oeeEvE,J63v6qEZmQpDqCD8bd4PXu2Pq5ZbyXrFcSa3Xt1HdAPQ,BnKQtTdLw9qPCDgZkWX3sURkBAoKCUYL1yahh6Mw7mRK,273.8906859999965,16391.19273500009,0.0,0.0,0.0,1.0,282435.125886,493.8834,493.8834
DEDaBEWzMCXohXYXoLzB4jK1xqMsd3SS9izXp2xvg9pe,GC5zHpW5GuVdw3C7covC6viyGdLS8ZAaVGDKMeru7p78,F8juxtAFueW19vxkdDArUkjVWAv9QV6yy1wCXUWQiXvh,25823014.020302832,434215.2473107893,0.0,0.0,0.0,0.0,310.97064892,20671536.70298885,0.0
RoBgmK8CvjdHvPrqdDyVw54VwjZv2TqJ493xnqJAQHx,ExiHJxM7qPAcy27NDHAF6G7vnW7muNHi2sVJpnaNynGQ,6rkPHSqZb7StM4HwS9EuVrmfkV7tRdc7dnsFhyB6cefE,21.965616999999956,35.94257500000027,0.0,0.0,0.0,0.0,6438.815804,16.329966,0.0
KZMu9QBEdL97EFgamLbN5DE1AoKBG4HdrKKJo4Vuon3,DD4ACBWyVqdaKWh7v5btsgqQCCMwbKnuL2xd9pv7Gyuw,GcYqiJ1MAuYbNTNYXm1F1gQYTfTgkErACAhNU5dpVj9T,29.02396372999965,28.924611970000115,0.0,0.0,0.0,0.0,1373.8441602,1716.19535766,0.0
Cob4usZcpHEY7Qt4ZCwj6WVg9S44zvzYV2v9qYF65dTf,NhFM9UXE48PyNAyeyPYA3iXztqKVJwA4bTdLj4ysM8w,6TuFuynuBoeskxyR2cz4wxyidk8dpDK7kAWw3UkjQGx,93.4655489999988,788.9613930000012,0.0,0.0,0.0,1.0,39659.974045,67.805131,67.805131
