0,1,2,3,4,5,6,7,8,9,10,11
7oAd7xG4m3oC2qeWB1szghTebAZyyGPAFDJ4wwwbRSNi,D9yh4KAysxt9GLacVe4Wwh2XqghhcjTCSTV9HuM7TBJd,HDYfJLpZKaMFb84jM4mRytn7XLR8UFZUnQpSfhJJaNEy,274.3681746170041,7.976380047999783,274.3681746170041,1.0,0.10974726984680165,0.029208205026969247,1097.532451649,292791.917142552,9649.45879778805
DEDaBEWzMCXohXYXoLzB4jK1xqMsd3SS9izXp2xvg9pe,GC5zHpW5GuVdw3C7covC6viyGdLS8ZAaVGDKMeru7p78,F8juxtAFueW19vxkdDArUkjVWAv9QV6yy1wCXUWQiXvh,12451048.687194254,566.2766915799997,12451048.687194254,1.0,4980.419474877702,3.786840445172263e-05,347.1635131,19665271.91881531,1091.8559837748019
MATSnbbiTCv7Dc3trJrkrqjx7ckKdr6fwPoVwv9q3sD,631WX9JizSHJm4w6VanZeJAst9T8DeUUnPLesdGkCVtK,211maUSfpnXbPuW1iBu8b4dtJv5EbN1j7JJiEX5TZKEP,1072.3607719999964,1074.1212149999956,1070.7353956693703,0.9984843008313381,0.42829415826774814,0.999658116924012,28004.611724,17614.39424,45570.5373340068
SAMyS8Jr2HJrkFwYVKbpUwsNStnQmvz3f8Tup8bWUWF,6jPzm5TFfquvgm25sTyN3MMGBfufRaFHMxobDWv6hMFW,Cj9ECoDmxsHTDzCY5ZA6RWrPbg9uFzEC1Qc2kso2vJG6,408.5697139999975,6.44396377999999,410.6340246242066,1.0050525297237503,0.16425360984968265,0.01609641320641856,399.51572338,113347.54736657,2226.0232467938936
AUSejoEUCh2DBs9mof6BNC8Pubs22w4cJa1ccV9h44R,4xkyD7AfGQDwsQMy9MosRRNGoVJ1zosNinesxg1TzHG7,Cbm5gsQe3nSiCsFrvepVzMCD9xLK3ri9g3ypS2hdmVJ7,9659.947795000004,9666.475102999999,9663.73597950397,1.00039215372426,0.966373597950397,1.0,14333.936613,14554.064786,28893.622505626096
FrnkTEL6yZ5Aycq2TrEgu29dCrwKG4LPUZydfiwqspkc,DjvZuMZ46fxKBoBpGMPcRcos4xdTtHFxwMh69DpA2ZFY,9rvDPJLAng4uVVqnnSoEXgNDFhBZQTny9AoQioYDZbQX,12.545128626999599,10.328767508999817,2197.926003799701,175.2015518652658,0.8791704015198805,144.14113146463964,166.265938151,1447.628502052,237792.8606126262
AURHmCnNwiW4uA2Qj1XvEh4iKgRUZYXtiY7FKAapUV5Y,BKWm4TRnTeKwfWXRyuzjRHU7iZDkPuXBX5b5V5jSVfGJ,A5Ww74HVrkj9nPeC7pHKLfgeDMEhBCpW1efQdz3TGLEg,0.007459406999487328,0.006579248000036841,1.2060324198696426,161.67939622446275,0.00048241296794785705,144.13874218768018,272.48351033,1806.834305152,304489.79351743695
MiMuMS9C4vBqcrYeeQPph1E7oAW9aNKvW9k6Zw9XffM,Afy2q2hh6Y474pshJa5fnQ6PfEchGyTbKrQpCZw2hr3m,5pXz9ksgjeL8Wgb37bksUaBFMLdFfsNNY3FQnikkCPtS,9.09475179599849,0.13657183900000192,0.0,0.0,0.0,0.01630173122103325,25.884653643,7681.883674001,125.22800292480771
ALLwa5WNZbvQsRKAqe1jdRGemdYQnW8E5k4msbRFcYtu,CGoM82Hbz7QVqTgvQatYtjvDWBvoUJp5qm21P8iMs9yb,3dxNNww8TivyN5FMy5dCNdi3Zcxv6e4kUfSPxfFwpdNq,0.11917576000000007,0.11912088499999962,369.57161906533963,3101.063664837039,0.14782864762613587,3101.3425711990717,3.485136389,5.289299675,27211.560076836176
BSCuChvaSj9b5HUSqgDVRzcnr2sSn7cXaamt1jbKH6hn,GnKpRj5kBVPMJfiwZtEuD9GYApLzPdW5JFuZTcyX4BTc,3dmwD9okkomV9nDwyuh4UMhKdUR13QpuKxRo89ycZB5t,39.32177687400031,39.292234686999564,39.50763866372715,1.0047266884790687,0.015803055465490864,0.9994892609876354,1100.774661803,1910.297974711,3015.299991725069
C98Sspw7XqnMsgxea3SLQVdbMDL8pKUc3RE82UvX9eq2,CSqgQJurPCzGxb4Cgwx5R61hWQUiaoUHcShNc8r1cKEL,6S2CR5EnukPhC914XkAns8m5GixjMAoUuZMsS5ubHuWc,85.71578199999993,88.23176000000001,0.0,0.0,0.0,1.0,850.528584,194.320631,194.320631
WiiQFxXqp8P9Fs1rt9SVcDyA3KUdJmUsog6wnVQAwba,3S2jpqSYxho6wiz3cafhjXruVY8cg4HYa2v3BqBHYFSj,Dfe67M6TfrG74gKRtdqys4e6E9QirPD53BkF4FujFjuv,30353.495316800992,30390.904254201992,30325.988492850414,0.9990937839723733,3.0325988492850415,1.0,17933.197326143,8944.862985273,26861.808960572453
vEnkoSUkpnbRrPgBz9DfcVxNz67zjwMYBZraAvDDNSf,DtfyjjsZ5yCjWKLKHvwsfXs5QVsmm1QkK6Sh9JZHoq1g,e5wrKCRv4GhHvEf1VD5Pq2KGaZDXP77nTL612Jyrxwy,12708.887792000003,12715.798379000007,12705.546233340636,0.9997370691508134,1.2705546233340634,0.9993713953922982,21518.575396,16221.600204,37724.320730065316
SoN9GaFpSXfpyR5dth3x7PHPVhvJMpQqqDJfCSmPv1t,9kZ9iS68ViMPtoeqtnhAKuF2iqVyfHPdZHoUNdwCELr,BBhm5fJLjw3HRzjtKB8uMEYjGhY6EDm9co3cqpjrSzB9,0.11525092500000156,0.11270094300000011,20.167509728886372,174.98783397084318,0.008067003891554549,168.21746346232584,2.969201091,5.058414985,1370.4878054544733
STK75uPSyBnEhGTTzb1nwmP3n427XoXmfRhXxxhyady,6TYyD5fUmDe6N65avW1Ny2RxzRNobw2RRgKwH9CTzSAU,54zDfk4cx2vGrEajPtodWpArNe5eUurytyxd4X3aZAxK,318.57012262099863,363.3035084709986,45831.894915275494,143.86752448157696,4.58318949152755,164.12165944722838,1920.833169658,319.009889127,328701.945444397
Cob4usZcpHEY7Qt4ZCwj6WVg9S44zvzYV2v9qYF65dTf,NhFM9UXE48PyNAyeyPYA3iXztqKVJwA4bTdLj4ysM8w,6TuFuynuBoeskxyR2cz4wxyidk8dpDK7kAWw3UkjQGx,191.89122400000105,1238.2870819999953,1.050846334158356,0.0054762605201702725,0.00042033853366334244,1.0,39394.762573,69.246247,284.98222998000136
ercAoEmXjQzEvAFbdjAo81KtMxRGn9AW1ju882upmPH,CMRhskR2Eg6V42RTSdRTXGdozyPbWB8U9dVpijPWb9T4,7TKLLgrWswt6ZJ1pXhVR3FyufHGjJFqiEXxvWJfDcgRm,0.198301531999995,0.22371647199997824,28.54474350378118,143.94615722778127,0.011417897401512472,127.61111482601245,49.318417156,411.361477484,59593.49336837174
BSC8REUo9LpiiWUuqMuLXs2D2yJsJfGd4HdiF3wCLxk5,AZjEH1zWVx1UJ6udMyRijGTzPteuLnaY18yNNmprJEsh,Caf8ypkSVR8xYnXNhjvfvdGCC7mrM3C11rz8Xi6NA6aK,2691.557224302001,2686.311562813,2690.148183866552,0.9994764961997734,1.0760592735466208,1.0,3298.47026429,2943.716826829,6240.46032940071
parEAJhzYzHW87y9VoZAQ22dzQ2MD2ekEtTReaxbMcz,3oyc6hpjYSJEquK6dSvG72NXyz3pqLZz5D8AC71pwgQb,Di2vordgFJVZ1aj1aBpvzXtLfZgJsuLLXawGtVFwX6Rz,0.24852928100000327,0.2957728750000115,34.86274338446961,140.27620103431255,0.013945097353787845,166.98410344732002,1106.585213454,136.570804304,178032.7231778538
KEN5P7p3asnb23Sw6yAmJRGvijfAzso3RqfyLAQhznt,9zj4aX38Uxf3h6AUjS4EipWS8mwbEofasHAf3a1uKGds,CwQDG1MWunn9cLNwcZLd8YBacweSR7ARo32w4mLua1Yr,18536.46486999956,18537.802753999596,18533.90719080723,0.9998620190413723,1.8533907190807228,1.0,912939.061783,884821.048547,1797634.1421230864
BSCNHw8CmxbZ8hCWWzMf5FaG2ajPT6JxfznKUNuRVrn4,7n9kgNL633yGzCYksgnzHyjG73ZLBAwvEae5sbAekbzW,SscdxE99omdG9AiMVwmaEMQySQnCgeAh1sPj2Leutm2,112.70861872099977,112.79854706100105,112.53384926427222,0.9984493691901223,0.04501353970570889,1.0,6376.971749688,5336.560167795,11703.643588614214
KwnjUuZhTMTSGAaavkLEmSyfobY16JNH4poL9oeeEvE,J63v6qEZmQpDqCD8bd4PXu2Pq5ZbyXrFcSa3Xt1HdAPQ,BnKQtTdLw9qPCDgZkWX3sURkBAoKCUYL1yahh6Mw7mRK,120.83423899999985,7621.263947999512,1.967190391773637,0.01628007432374891,0.0001967190391773637,1.0,281971.793354,501.335063,5091.85681600389
JSoLLrxK5bYdHwTEWYaGgmeycBCNXKDiBCTw5hXGBg7,xG4wXczA7Dk4hccJ61CHKpDHW4NrNfQwgmWgkb9BuF2,BVR6WgfhsRr9Lob4QDnkEAiNGgAbv7ZieKcY9kSg3QYR,0.45141354200006845,0.37989381800001,77.17809876415625,170.96983493717286,0.030871239505662503,144.0293981285108,17.220199118,172.041348461,27723.146472844935
ACUSESXyNnwRLAg1dpSGMLSzUDdLjUMybY8rkXiAKhCP,AhFPQdu8GKBsxuhiH46UmCu1YpaLgNpoP325HnYtsgas,A8wxWpT3aFEr2XqZp1kDmbxbFfcBE95UUmdsNTDBJYbT,128.49826531899998,129.91511706999995,128.49826531899998,1.0,0.0513993061276,0.9874021877171192,1033.511956177,1853.533878045,2863.695362366429
B2izdXFYb2sNwbWWHmh75T4aQFtfXsUxem9u2p61HGzf,4DYwgJtxwuJdAjkj5RJSNH4e7U329V5cNp7d3a1nLrZv,EXNW64GEf1ACC6xY9BtKRiunrs6GoJSXBdxWN2eTPmrF,812.2862830000231,803.6818430000058,820.2906794500973,1.009854156862666,0.08202906794500972,1.0,10327.590453,29429.318903,39858.67905233723
KysFMBBoavfov2tLpvefWW6tPFt6rAeZWDJVy1mMQae,B8ka2V21TH3x64dFV8ETcjuQcwmrciJ2qzy1mJUttRew,7fSf7EYxBANyxzk2s5pymFgshA91tFYQNKKs5UnLWcYS,19.295000999999957,23.569078999993508,0.0,0.0,0.0,0.01628007432374891,130515.266861,3136.030731,51.054813382240624
C2ypsDADXcCRz8HbV2zX1AXPSja7a1P3xZtRC91xGhJh,J9bYNuDpY1d1T86gLaw7DGk5D3CsUAf2tzUwxMvb6FTv,A2NGvvPrMGzsJ4jb52KEnSBVmsA7C34dV1GC7PerdgvG,27.084012248000136,27.47911986000031,3900.893982984674,144.0293981285108,1.5603575931938698,146.21240422173696,2741.727810154,957.956335153,534954.5052308447
Lee1XZJfJ9Hm2K1qTyeCz1LXNc1YBZaKZszvNY4KCDw,9DgFSWkPDGijNKcLGbr3p5xoJbHsPgXUTr6QvGBJ5vGN,2hNHZg7XBhuhHVZ3JDEi4buq2fPQwuWBdQ9xkH7t1GQX,764.8354922199796,637.2330867149903,132248.97415316163,172.91165943319558,13.224897415316164,143.6988692479678,6477.594330663,54136.998495555,8899477.053140186
SUiuyGR7SFq3xeRVJonq84fjjeFwRSsFekcevJ53tzy,49GjCCPsv7fBqo6t3iKDrP1xxGDS8uWZbVCdfnp2gjMf,CEwj5xEbbJEjYqM8D6Ai8ByGz1mrh8mkAVsE5fzDSSSx,3.571060999999986,0.02009700000000003,0.01955802702869871,0.00547681124144863,7.823210811479484e-06,0.9552777183382754,701.710492,1.268184,5.054603828781157
MiMUFdSLMyCLpqpH6zkqdDrGYs7XBomwENbivdYjv9V,,,0.1396338930000001,0.14112396100000002,0.0,0.0,0.0,0.9552777183382754,701.710492,1.268184,1.2114679179531074
HEDSDjj84KS7LKhZY7ejkCACTdPen62rKhCby1wXtgxc,EnnjMSFttpCTywBrYNt1J5QQeoSVkvzPipJDa8Y7kJow,6bjVT6JN2rSvpyn9PdfLYC8wJn4LWh49jpY47fnLDXZk,16.69832937100091,18.867326537001645,14.712715797805062,0.8810890880710405,0.005885086319122025,1.0,43692.198468974,4505.347385749,43002.06669059621
RoBgmK8CvjdHvPrqdDyVw54VwjZv2TqJ493xnqJAQHx,ExiHJxM7qPAcy27NDHAF6G7vnW7muNHi2sVJpnaNynGQ,6rkPHSqZb7StM4HwS9EuVrmfkV7tRdc7dnsFhyB6cefE,2.6807199999998446,21.20936900000003,0.0,0.0,0.0,0.9552777183382754,6415.246725,16.650976,15.906306361385383
wrmcMSHFi3sWpAEy4rGDvQb3ezh3PhXoV2xNjgLBkKU,8p4mGnARWPBu6P2Gcw4adodLkNDorrXniZMhaY7eJXUn,AyY89zccbsgp9LKFgH4CFZMJmpSgqmPSdTfukhP227rc,0.018761580000000833,0.11507630000000081,7.069171062547412,376.7897513187641,0.0028276684250189647,3101.159833777833,27.01255168,0.10644487,10508.155185348167
Sid7E679i9ABqptiAVhkmQ27YHN8vaYT4fppPwmxFsJ,GP7KB8o1bv527HG8kTzzzf4wJ5aEGHvcMQvVhLziUfmT,9gYxhAZ1M9wu5pxr8SBoa5NDm21gi3s9vMHaYTME77sa,693.4567109999971,2049.313492999965,3.797931510262778,0.00547681124144863,0.0015191726041051113,0.016153577619256978,135388.978707,8909.038685,885.4127284618575
4xeRVccqvUgiV6VeF6NkWqkAYeewcJPRWFVginvJw1n4,A7VkMFrnCCyeZFUrQ3TzDr4xFep7PZtxvy3jJnBjLB2a,PhfHJ2Yu99BsEjZrefhApqUnLUiExcECcUT1YLoNUUv,6.1894712819999995,9.019475785000168,4.125209998539971,0.6664882686404507,0.0016500839994159884,1.0,1273.811662986,51.509798438,900.4903282755525
CZgvH45CRmoaNJ7395Ao5CQZXkGznvqU7cErD6n7FaRg,4ZjU6MKvtqVQKCiowhvZ5yUsPxXX5SCzd5eFsPeXyey5,BsyWeshjDbCvjDojry3vKDCesmFRM37WtwcR4Kfgzqr,43.14638628,46.985086000000024,48.561448652951846,1.1255044243522645,0.019424579461180737,1.0,110.71506929,701.33952143,825.9498217583625
DA1mL7dfBow33EH5yjUuZE6SH2KeUK5zEXzsyhE5r5j5,B4UtLRZND3D83CitRCBUyeiNr7H8m7YFRqBmiPmXjhW4,AAmpYbuixWiSqDaJBCqYEs1pb5SrbdPr9mgXrB58Q2e,4.18865693500004,4.207675668000093,4.172979659673676,0.9962572071263786,0.001669191863869471,1.0,2003.13669301,1005.45453574,3001.093903010513
ALBpShJ9NLpE739pcHDF2LNVk5J4VYPvvKuV6jMPitZi,D6d156U1bPiJpDYRLextvDRccgFk7QzkQbJg42ceKEu5,GNcM8U5g8RwTZffwwm3kSQqUNPSwv5d2fbN9sLxPJqt2,10.0202150000041,10.005368999998609,10.033298421145272,1.0013057026362375,0.004013319368458109,0.9989441160693147,43048.258063,57330.662877,100374.59463837094
heyk4SZTeCUV6a65WiVA5bzic3KcxgVf1qxobfeV4tQ,9ZDpBKPqMABtGfq66FbVribaArMvtk63xxy91onZAtDt,DaTP4s6N7xxSPinbNZ3FB52EpRDRt87QShTuN3VPCW52,1.6502299389967447,1.417729460999908,275.67918537906866,167.05501388895385,0.11027167415162747,144.09676616596403,603.850835498,4496.722286207,748839.4494998241
MARpDPs5A7XiyCWPNH8GsMWPLxmwNn9SBmKvPa9LzgA,6YjT74rmcfCpw8LSjPNx5JTmZoYLGrTKnf9arfSgZ4SR,F8GSmi3vA8M8TsybLya1LQ4n1aFHCRbZ6k437PeTdXtg,21792.291755000002,22588.6723969999,20935.506165189614,0.9606840070129932,8.374202466075847,1.0,294635.454776,18071.224493,301122.7937953032
SoNcU2iwHMw6dGzsYNQkYFkUjwN1UdAjrWVRnStrZu2,8ivTTid27jZnYNc4w3CTA1Z6QS2twsFb8WMwUabeDJgc,CyXm53PMvHCbeXJBykU46Rcbo28xk5srhMZFg7gv6EYB,0.26554521799999975,0.26283480799999737,45.93605509865657,172.98769469332566,0.01837442203946263,170.46453118929867,11.786847397,15.194687099,4629.134771808176
daob129AwBGn9Y5r91uLoWZeYiGzbPmksauMhFZKTze,6VW5GQNyj4LStgmxEHLr5zUfW92vQnmbw8jTnCH7a38F,4VPCCUifPeBA1c7HWK358CHn2nyjm8pdTRk6Ps3KmnMQ,11.448144809000183,10.213333413999969,1846.680486860664,161.30827463056372,0.7386721947442657,143.96911919980812,48.104189976,224.628034603,40099.10417690735
7dwD9TF6uikvHXxPFK9AsSim54yJoujQjY9vU6gNFumk,CquVr6atkvwueDYficKjn6SSEWq4F4rH4VSiBbW4GBWU,8BCa6ge3b7ho3TfZuM64Vk1hgbrJ3J7EPiAb9uP86CGd,9.295799999999976e-05,9.440100000000003e-05,0.01577251793407464,169.6735938173657,6.309007173629856e-06,172.81538029234142,0.004495988,0.003026457,1.2858687591131692
GokA1R67GqSavkd15zR62QD68Tuc5AEfvjssntVDEbM8,3YB7hfpBdbQEuZqLGWVDpRPmeZWCUsrrWyqGXegnQ6Cg,4DPCj6Z1DsG6HUtwSogBGqXEUxdEV5a8YVrrFtcnz7UW,3791.4594979999893,3791.4217079999944,3791.5391203215163,1.0000210004410093,0.3791539120321516,1.0,16365.472461,16134.741222,32500.557365139008
YAkoNb6HKmSxQN9L8hiBE5tPJRsniSSMzND1boHmZxe,CfWX7o2TswwbxusJ4hCaPobu2jLCb1hfXuXJQjVq3jQF,EnTrdMMpdhugeH6Ban6gYZWXughWxKtVGfCwFn78ZmY3,5874742.469548002,5874480.4389970135,5874742.469548002,1.0,587.4742469548003,0.9984165114128991,1118427.152773,770564.443681,1887771.4164518055
BUSDgu5JdqP1rndBvXvanbEufS94FNh1w5FJcAj6vawb,Bgzr8cWubt89JQFXndVjtdKmDbGzuPxNhvjH1EhWCwbo,Dxaf8xPBBQsasRKW5Aa4Sw2YrbfGofY9xZueyyF23FBW,8452.859774530003,8470.965513709994,8424.48627325142,0.9966433252135474,3.3697945093005677,1.0,9353.32948756,5919.83358772,15241.766990019725
KEVpg4SYCVrqFxKijQH6hm4QxsRdoE51ud64bEEFUC9,2bPenuBYfqzD8p5dFjCcggwkHDsc2RQDnx9AoyYGUBjA,AE6n6iLuX8oYu61vt5hoDYkjswpnxFxrhSehxrnQTnbx,4998.969618210999,5019.252643509998,4994.79852190294,0.9991656087900866,1.997919408761176,1.0,4945.883348385,2613.026217375,7554.782764168851
DFWzVTzNBrQZLjoQ4yQwkj9HuoXmfkuZP9V5vbymZe23,DhgiEgiNdqZdRdo195UUHnoEJUtefK8buko8nU97XJUZ,2K2kkXsouBHtWVjtcgkyiXd8eP3oVBvq1bTJzcVdLLr2,3025.164473398003,3052.99590757001,3004.1155400476664,0.993042053238615,1.2016462160190666,1.0,40009.955083334,27973.941916904,67705.50986284277
KZMu9QBEdL97EFgamLbN5DE1AoKBG4HdrKKJo4Vuon3,DD4ACBWyVqdaKWh7v5btsgqQCCMwbKnuL2xd9pv7Gyuw,GcYqiJ1MAuYbNTNYXm1F1gQYTfTgkErACAhNU5dpVj9T,6.471667190000062,6.448158590000048,6.504387968985199,1.005056004584985,0.00260175518759408,1.0,1367.27435772,1722.79769266,3096.9849958015648
RajgMbScQbqqrdJfR2rxfHJiTiY5b6bJ2tTXiF4aPxy,725ZA3fhyBAKb5iopNRrcbSuQa3LXA1656Q3mBvYPxeg,GLA6i1dSZpUfk2f9Nj8uiG7xyDdAR2reff8oEiZH3617,5409.104595420002,5418.573405910007,5399.188445920225,0.9981667669158822,2.15967537836809,1.0,131130.48556729,53206.34494698,184096.4377697916
BUSDTd9WiT6uBHJRgNvFXBsA7JrifsAtWzKfioN7ERcy,DyBxrn7gSc1EwnpWhDyhzvMHPtxpmBqRqotapLcKcfTM,Cds99GeBgoCpqBsoRWu1C6fF9LiUMd4pXQQD24s9LPff,247.97250363,247.94694021999993,249.01898099573648,1.0042201346940383,0.02490189809957365,0.9980866678577168,69.60296842,116.8889573,186.56201222275723
Lid8SLUxQ9RmF7XMqUA8c24RitTwzja8VSKngJxRcUa,4PgzyzLtds9bKZ2to9PMnKqJzKEUpjvNUaeN23phegax,AtymwxoVN9peZo7EXTcDz9jKVc4vRmisJKKrNfe3ewBa,50.63708774600036,42.91330697500041,8540.281404626583,168.65664643798848,0.8540281404626582,143.08616248063328,974.080592773,7610.258833354,1253207.8980863872
