0,1,2,3,4,5,6,7,8,9,10,11
MARpDPs5A7XiyCWPNH8GsMWPLxmwNn9SBmKvPa9LzgA,6YjT74rmcfCpw8LSjPNx5JTmZoYLGrTKnf9arfSgZ4SR,F8GSmi3vA8M8TsybLya1LQ4n1aFHCRbZ6k437PeTdXtg,143260.27345600026,147239.78603799973,0.0,0.0,0.0,1.0,296887.419189,16155.259164,16155.259164
BUSDgu5JdqP1rndBvXvanbEufS94FNh1w5FJcAj6vawb,Bgzr8cWubt89JQFXndVjtdKmDbGzuPxNhvjH1EhWCwbo,Dxaf8xPBBQsasRKW5Aa4Sw2YrbfGofY9xZueyyF23FBW,4541.756150370003,4541.996667700002,0.0,0.0,0.0,0.0,7174.71232737,8081.92100947,0.0
BSC8REUo9LpiiWUuqMuLXs2D2yJsJfGd4HdiF3wCLxk5,AZjEH1zWVx1UJ6udMyRijGTzPteuLnaY18yNNmprJEsh,Caf8ypkSVR8xYnXNhjvfvdGCC7mrM3C11rz8Xi6NA6aK,528.7430759859999,528.4035025450003,0.0,0.0,0.0,0.0,2916.474495673,3323.897123078,0.0
KEN5P7p3asnb23Sw6yAmJRGvijfAzso3RqfyLAQhznt,9zj4aX38Uxf3h6AUjS4EipWS8mwbEofasHAf3a1uKGds,CwQDG1MWunn9cLNwcZLd8YBacweSR7ARo32w4mLua1Yr,25571.32098399941,25574.991344001144,0.0,0.0,0.0,1.0,926880.690408,878797.302834,878797.302834
SoN9GaFpSXfpyR5dth3x7PHPVhvJMpQqqDJfCSmPv1t,9kZ9iS68ViMPtoeqtnhAKuF2iqVyfHPdZHoUNdwCELr,BBhm5fJLjw3HRzjtKB8uMEYjGhY6EDm9co3cqpjrSzB9,0.023275022999999617,0.02328711500000047,0.0,0.0,0.0,0.0,2.990891437,5.035888284,0.0
JSoLLrxK5bYdHwTEWYaGgmeycBCNXKDiBCTw5hXGBg7,xG4wXczA7Dk4hccJ61CHKpDHW4NrNfQwgmWgkb9BuF2,BVR6WgfhsRr9Lob4QDnkEAiNGgAbv7ZieKcY9kSg3QYR,0.4367107460000561,0.3816461369999935,0.0,0.0,0.0,0.0,17.171926522,172.096919393,0.0
SUiuyGR7SFq3xeRVJonq84fjjeFwRSsFekcevJ53tzy,49GjCCPsv7fBqo6t3iKDrP1xxGDS8uWZbVCdfnp2gjMf,CEwj5xEbbJEjYqM8D6Ai8ByGz1mrh8mkAVsE5fzDSSSx,0.027183999999999875,4.687095999999997,0.0,0.0,0.0,0.0,701.420201,1.269681,0.0
CZgvH45CRmoaNJ7395Ao5CQZXkGznvqU7cErD6n7FaRg,4ZjU6MKvtqVQKCiowhvZ5yUsPxXX5SCzd5eFsPeXyey5,BsyWeshjDbCvjDojry3vKDCesmFRM37WtwcR4Kfgzqr,55.43434387999994,57.345072209999984,0.0,0.0,0.0,0.0,155.74482923,652.3524562,0.0
BSCuChvaSj9b5HUSqgDVRzcnr2sSn7cXaamt1jbKH6hn,GnKpRj5kBVPMJfiwZtEuD9GYApLzPdW5JFuZTcyX4BTc,3dmwD9okkomV9nDwyuh4UMhKdUR13QpuKxRo89ycZB5t,55.089875397000014,54.95360154800005,0.0,0.0,0.0,0.0,1231.285640319,1778.878720304,0.0
DFWzVTzNBrQZLjoQ4yQwkj9HuoXmfkuZP9V5vbymZe23,DhgiEgiNdqZdRdo195UUHnoEJUtefK8buko8nU97XJUZ,2K2kkXsouBHtWVjtcgkyiXd8eP3oVBvq1bTJzcVdLLr2,13.754053865002788,13.757641877000424,0.0,0.0,0.0,0.0,46066.707247977,21985.876133987,0.0
YAkoNb6HKmSxQN9L8hiBE5tPJRsniSSMzND1boHmZxe,CfWX7o2TswwbxusJ4hCaPobu2jLCb1hfXuXJQjVq3jQF,EnTrdMMpdhugeH6Ban6gYZWXughWxKtVGfCwFn78ZmY3,3420588.996491012,3417001.4084530063,3420588.996491012,1.0,342.05889964910125,0.0,333994.649347,1598695.07722,333994.649347
GokA1R67GqSavkd15zR62QD68Tuc5AEfvjssntVDEbM8,3YB7hfpBdbQEuZqLGWVDpRPmeZWCUsrrWyqGXegnQ6Cg,4DPCj6Z1DsG6HUtwSogBGqXEUxdEV5a8YVrrFtcnz7UW,54709.26771999999,54718.643557999996,0.0,0.0,0.0,1.0,19976.506882,12510.755875,12510.755875
Lid8SLUxQ9RmF7XMqUA8c24RitTwzja8VSKngJxRcUa,4PgzyzLtds9bKZ2to9PMnKqJzKEUpjvNUaeN23phegax,AtymwxoVN9peZo7EXTcDz9jKVc4vRmisJKKrNfe3ewBa,104.71640689700985,88.38461424999912,0.0,0.0,0.0,0.0,954.907039395,7632.862125252,0.0
C98Sspw7XqnMsgxea3SLQVdbMDL8pKUc3RE82UvX9eq2,CSqgQJurPCzGxb4Cgwx5R61hWQUiaoUHcShNc8r1cKEL,6S2CR5EnukPhC914XkAns8m5GixjMAoUuZMsS5ubHuWc,11.486933000000008,13.065677999999934,0.0,0.0,0.0,1.0,664.583103,65.758324,65.758324
SRMuKizofcAMicegrfSv7xs9q76tH1w8aAF7oX9FEWu,72Hj2KWntXPfbie4UgKeTPnm1XVkomDfCnRPKbvfTtPi,6aqJQ5wedqpUt4fFEDUqUmXhrdxCu4bEJsQdVPCADLko,2.760409000000436,0.024609000000054948,0.0,0.0,0.0,0.0,16653.778411,5251.546485,0.0
wrmcMSHFi3sWpAEy4rGDvQb3ezh3PhXoV2xNjgLBkKU,8p4mGnARWPBu6P2Gcw4adodLkNDorrXniZMhaY7eJXUn,AyY89zccbsgp9LKFgH4CFZMJmpSgqmPSdTfukhP227rc,0.01483041000000003,0.14040205000000228,0.0,0.0,0.0,0.0,27.07939931,0.09879252,0.0
SAMyS8Jr2HJrkFwYVKbpUwsNStnQmvz3f8Tup8bWUWF,6jPzm5TFfquvgm25sTyN3MMGBfufRaFHMxobDWv6hMFW,Cj9ECoDmxsHTDzCY5ZA6RWrPbg9uFzEC1Qc2kso2vJG6,738.1467714200005,27.657931709988304,0.0,0.0,0.0,0.0,403.17283928,113116.75741065,0.0
SERgf3DMJpQxUifu7VoFKmfne73d2fDJxSrxUMrcNJB,AJfM2GZ2tTB8UtN2krcyR9xufRJEx2mhSCbJyMgPo3GU,F4yRYkufQvERZcEKnKjJwRLU1btiMBUuEwq46hfm11QD,0.02996473600000016,0.029999999999997584,3.9676247442670407,132.40980145017863,0.0015870498977068165,132.38301742994523,29.064058595,27.907454536,7542.839268164999
AUSejoEUCh2DBs9mof6BNC8Pubs22w4cJa1ccV9h44R,4xkyD7AfGQDwsQMy9MosRRNGoVJ1zosNinesxg1TzHG7,Cbm5gsQe3nSiCsFrvepVzMCD9xLK3ri9g3ypS2hdmVJ7,142.48799300000064,142.3977879999984,142.5609842239233,1.0005122622782865,0.01425609842239233,1.0,14219.064895,14667.718522,28894.067307578214
SQDY9uoDoCbNq7F3HAHYYQZbrUzpKxDtdWLvYcqBLak,GiehZ4X2uQjhEKuxSm3ACmEFrabxh3RTvjbLfLjw1xGX,rxDQYV77NKRKYxCjq4cECX3QQsiSyLv1T1FT2X3zNA2,0.7055428619999873,0.707729999999998,0.7077715596174372,1.0031588408550152,0.0002831086238469749,1.0,154.072827396,252.658999332,407.2185182698262
7oAd7xG4m3oC2qeWB1szghTebAZyyGPAFDJ4wwwbRSNi,D9yh4KAysxt9GLacVe4Wwh2XqghhcjTCSTV9HuM7TBJd,HDYfJLpZKaMFb84jM4mRytn7XLR8UFZUnQpSfhJJaNEy,0.1447463899999093,5.012739148980472,0.1447463899999093,1.0,5.789855599996372e-05,0.028918418011128363,1091.224041697,293009.125906993,9564.584425750765
TETFuZgEmET6d9vYmz9iMFCxK1jKdKYxf3oPz8hSzJK,Eu1Ze6Z84LWNkq7SNoAHBJbXx5t1P95EwyqYohrfCRFV,ASMbv7WNu3qe4pkhREmvyEdwFNDZQ6B6iSrjkj4u8bdC,1.3311264139999963,1.337237000000016,1.3331445228461027,1.0015160910525711,0.0005332578091384411,0.9984344547749129,42.026434405,210.631866231,252.39226282474377
Sid7E679i9ABqptiAVhkmQ27YHN8vaYT4fppPwmxFsJ,GP7KB8o1bv527HG8kTzzzf4wJ5aEGHvcMQvVhLziUfmT,9gYxhAZ1M9wu5pxr8SBoa5NDm21gi3s9vMHaYTME77sa,367.1328980000053,625.6321729999709,2.001525766318351,0.005451774486083571,0.0008006103065273405,0.016283336569646475,135463.144282,8882.863752,883.1571739773938
DEDaBEWzMCXohXYXoLzB4jK1xqMsd3SS9izXp2xvg9pe,GC5zHpW5GuVdw3C7covC6viyGdLS8ZAaVGDKMeru7p78,F8juxtAFueW19vxkdDArUkjVWAv9QV6yy1wCXUWQiXvh,509434373.4284329,3608.420813459957,509434373.4284329,1.0,203773.74937137315,1.8125199690752358e-05,148.83864608,16056963.06822116,439.87430811854415
RoBgmK8CvjdHvPrqdDyVw54VwjZv2TqJ493xnqJAQHx,ExiHJxM7qPAcy27NDHAF6G7vnW7muNHi2sVJpnaNynGQ,6rkPHSqZb7StM4HwS9EuVrmfkV7tRdc7dnsFhyB6cefE,2.559127999999493,47.25426500000104,0.0,0.0,0.0,0.9549556948305383,6410.037084,16.722834,15.96956556200575
BUSD5rCfUDpCxKGMvYU2yThChxgHoioK74PTPociGnv2,CcFHbafgYDZ8yA8Me1PdtDiVb2eeaS61LbqyKKK5CsNZ,26R9s4nmF3CFDTkiePDwRmtscn8i7r2eygbSijditJ58,1.3028415599999903,1.2968894699999964,1.3018903468369774,0.9992698934450533,0.00013018903468369774,1.0,95.53391222,53.0066104,148.4707726844685
KysFMBBoavfov2tLpvefWW6tPFt6rAeZWDJVy1mMQae,B8ka2V21TH3x64dFV8ETcjuQcwmrciJ2qzy1mJUttRew,7fSf7EYxBANyxzk2s5pymFgshA91tFYQNKKs5UnLWcYS,40.12223500000073,49.115921000004164,0.0,0.0,0.0,0.01629376139738426,130520.476502,3131.647196,51.02631219241146
RajgMbScQbqqrdJfR2rxfHJiTiY5b6bJ2tTXiF4aPxy,725ZA3fhyBAKb5iopNRrcbSuQa3LXA1656Q3mBvYPxeg,GLA6i1dSZpUfk2f9Nj8uiG7xyDdAR2reff8oEiZH3617,988.1878606500031,988.4028790999873,986.8047156883057,0.9986003218448892,0.3947218862753223,1.0,131563.37472473,52757.74989335,184136.97823646516
moFiBS1R4Lf3E3zzmBPnw3NF4RhWPkhREFviuzUaCAU,44ALBrpqi9PfZkBRTvbtRNtFJGsatfY4QydjtMbFWq8S,2ho8qEEie1UjVwWNBo9y4oAJZMyMLx8zPj9bxyUz6uWs,41.783872977008286,41.78771563099508,41.778276818606706,0.9998660689399315,0.016711310727442683,0.0,33938.190849424,30498.437859205,33933.645471546726
Cob4usZcpHEY7Qt4ZCwj6WVg9S44zvzYV2v9qYF65dTf,NhFM9UXE48PyNAyeyPYA3iXztqKVJwA4bTdLj4ysM8w,6TuFuynuBoeskxyR2cz4wxyidk8dpDK7kAWw3UkjQGx,4.097954999999985,741.4617819999912,0.0,0.0,0.0,1.0,39555.739753,68.352737,68.352737
ALLwa5WNZbvQsRKAqe1jdRGemdYQnW8E5k4msbRFcYtu,CGoM82Hbz7QVqTgvQatYtjvDWBvoUJp5qm21P8iMs9yb,3dxNNww8TivyN5FMy5dCNdi3Zcxv6e4kUfSPxfFwpdNq,0.06246583400000061,0.0624921700000014,0.0,0.0,0.0,0.0,5.057443271,3.715729408,0.0
HEDSDjj84KS7LKhZY7ejkCACTdPen62rKhCby1wXtgxc,EnnjMSFttpCTywBrYNt1J5QQeoSVkvzPipJDa8Y7kJow,6bjVT6JN2rSvpyn9PdfLYC8wJn4LWh49jpY47fnLDXZk,14.786489371002062,16.67700226600664,0.0,0.0,0.0,0.0,43591.54039312,4594.079070712,0.0
parEAJhzYzHW87y9VoZAQ22dzQ2MD2ekEtTReaxbMcz,3oyc6hpjYSJEquK6dSvG72NXyz3pqLZz5D8AC71pwgQb,Di2vordgFJVZ1aj1aBpvzXtLfZgJsuLLXawGtVFwX6Rz,0.18673480200007475,0.21946908899997197,0.0,0.0,0.0,0.0,1106.013636803,137.050365369,0.0
ercAoEmXjQzEvAFbdjAo81KtMxRGn9AW1ju882upmPH,CMRhskR2Eg6V42RTSdRTXGdozyPbWB8U9dVpijPWb9T4,7TKLLgrWswt6ZJ1pXhVR3FyufHGjJFqiEXxvWJfDcgRm,0.0,0.00011820800000350573,0.0,0.0,0.0,0.0,50.73841195,409.971045294,0.0
SAMGk1Nd4haC8zQA63DG37pzuEZy8j4q13tSFtCbcRE,9U9TnkHD3jXMAVZtynCVLgDruuqN4pTvLJTmVHCLWS8g,C6zoEbvqSknmi96QWq96UBiPCyNW3YSTvKhavR2BfifE,0.005553759999999963,0.010640999999999678,0.0,0.0,0.0,0.0,53.67045676,1.12347594,0.0
KZMu9QBEdL97EFgamLbN5DE1AoKBG4HdrKKJo4Vuon3,DD4ACBWyVqdaKWh7v5btsgqQCCMwbKnuL2xd9pv7Gyuw,GcYqiJ1MAuYbNTNYXm1F1gQYTfTgkErACAhNU5dpVj9T,12.57460540000011,12.520993129999852,0.0,0.0,0.0,0.0,1371.93952363,1718.05002247,0.0
B2izdXFYb2sNwbWWHmh75T4aQFtfXsUxem9u2p61HGzf,4DYwgJtxwuJdAjkj5RJSNH4e7U329V5cNp7d3a1nLrZv,EXNW64GEf1ACC6xY9BtKRiunrs6GoJSXBdxWN2eTPmrF,2157.0806310000007,2140.5951499999956,0.0,0.0,0.0,1.0,11993.521206,27746.958501,27746.958501
Lee1XZJfJ9Hm2K1qTyeCz1LXNc1YBZaKZszvNY4KCDw,9DgFSWkPDGijNKcLGbr3p5xoJbHsPgXUTr6QvGBJ5vGN,2hNHZg7XBhuhHVZ3JDEi4buq2fPQwuWBdQ9xkH7t1GQX,1427.1760461541344,1189.8220304269926,0.0,0.0,0.0,0.0,6490.595723199,54120.690398753,0.0
KwnjUuZhTMTSGAaavkLEmSyfobY16JNH4poL9oeeEvE,J63v6qEZmQpDqCD8bd4PXu2Pq5ZbyXrFcSa3Xt1HdAPQ,BnKQtTdLw9qPCDgZkWX3sURkBAoKCUYL1yahh6Mw7mRK,77.15303799999981,4674.177552999812,0.0,0.0,0.0,1.0,281617.300413,501.387633,501.387633
AURHmCnNwiW4uA2Qj1XvEh4iKgRUZYXtiY7FKAapUV5Y,BKWm4TRnTeKwfWXRyuzjRHU7iZDkPuXBX5b5V5jSVfGJ,A5Ww74HVrkj9nPeC7pHKLfgeDMEhBCpW1efQdz3TGLEg,0.01986085599986609,0.01923440600006643,0.0,0.0,0.0,0.0,272.472233259,1806.847052593,0.0
heyk4SZTeCUV6a65WiVA5bzic3KcxgVf1qxobfeV4tQ,9ZDpBKPqMABtGfq66FbVribaArMvtk63xxy91onZAtDt,DaTP4s6N7xxSPinbNZ3FB52EpRDRt87QShTuN3VPCW52,1.5403980240001829,1.3350324039995485,0.0,0.0,0.0,0.0,605.276566306,4495.056345727,0.0
MAR3XM1n9xWPQ3HJjAcC85o8DopWFP5p2WxGTaZ3fPB,6qG7GUhER8Cg9gDEgnebph9LdS6eu2eoWcA4R7z9uizK,4QV4CwRXVMY227KkFF9voNAfwWHVvVajXSXDKbUHkWZR,0.004822999999999994,0.2659830000000021,0.0,0.0,0.0,0.0,0.094504,25.150238,0.0
BUSDTd9WiT6uBHJRgNvFXBsA7JrifsAtWzKfioN7ERcy,DyBxrn7gSc1EwnpWhDyhzvMHPtxpmBqRqotapLcKcfTM,Cds99GeBgoCpqBsoRWu1C6fF9LiUMd4pXQQD24s9LPff,118.03909119000001,118.20018588999999,0.0,0.0,0.0,0.0,99.14222475,87.18956977,0.0
vEnkoSUkpnbRrPgBz9DfcVxNz67zjwMYBZraAvDDNSf,DtfyjjsZ5yCjWKLKHvwsfXs5QVsmm1QkK6Sh9JZHoq1g,e5wrKCRv4GhHvEf1VD5Pq2KGaZDXP77nTL612Jyrxwy,22684.73859400001,22688.328560999973,0.0,0.0,0.0,0.0,18179.523096,18119.425741,0.0
MATSnbbiTCv7Dc3trJrkrqjx7ckKdr6fwPoVwv9q3sD,631WX9JizSHJm4w6VanZeJAst9T8DeUUnPLesdGkCVtK,211maUSfpnXbPuW1iBu8b4dtJv5EbN1j7JJiEX5TZKEP,3015.711836999999,3014.522299999997,3013.9155433361707,0.9994043550044174,1.2055662173344683,0.9976953238020173,21760.87272,23849.916733,45542.86136264641
STK75uPSyBnEhGTTzb1nwmP3n427XoXmfRhXxxhyady,6TYyD5fUmDe6N65avW1Ny2RxzRNobw2RRgKwH9CTzSAU,54zDfk4cx2vGrEajPtodWpArNe5eUurytyxd4X3aZAxK,379.6576902920008,432.397273034999,50457.93188097894,132.9037529627569,5.045793188097894,151.395411507868,1909.657318275,318.710187022,302051.88438748673
MiMUFdSLMyCLpqpH6zkqdDrGYs7XBomwENbivdYjv9V,,,0.040879736999999916,0.0410757040000001,0.0,0.0,0.0,151.395411507868,1909.657318275,318.710187022,48251.259915945266
BSCNHw8CmxbZ8hCWWzMf5FaG2ajPT6JxfznKUNuRVrn4,7n9kgNL633yGzCYksgnzHyjG73ZLBAwvEae5sbAekbzW,SscdxE99omdG9AiMVwmaEMQySQnCgeAh1sPj2Leutm2,13.755419637999694,13.829571757999474,13.678698322311641,0.9944224663654675,0.005471479328924657,1.0,7793.747403542,3923.417558789,11673.695074048694
daob129AwBGn9Y5r91uLoWZeYiGzbPmksauMhFZKTze,6VW5GQNyj4LStgmxEHLr5zUfW92vQnmbw8jTnCH7a38F,4VPCCUifPeBA1c7HWK358CHn2nyjm8pdTRk6Ps3KmnMQ,5.0099927819999905,4.485515298999978,745.2630405972571,148.75531223814417,0.2981052162389029,132.9037882895814,48.1234885,224.576455432,37005.68624536538
WiiQFxXqp8P9Fs1rt9SVcDyA3KUdJmUsog6wnVQAwba,3S2jpqSYxho6wiz3cafhjXruVY8cg4HYa2v3BqBHYFSj,Dfe67M6TfrG74gKRtdqys4e6E9QirPD53BkF4FujFjuv,3795.5024273459994,3800.359121417001,3788.397337388892,0.998128023866902,0.37883973373888924,1.0,20459.67768137,6413.549305901,26834.9269589606
FrnkTEL6yZ5Aycq2TrEgu29dCrwKG4LPUZydfiwqspkc,DjvZuMZ46fxKBoBpGMPcRcos4xdTtHFxwMh69DpA2ZFY,9rvDPJLAng4uVVqnnSoEXgNDFhBZQTny9AoQioYDZbQX,12.09003077499969,9.964162627999912,1948.4722702802471,161.16354925327286,0.7793889081120989,132.78706505264876,166.596457801,1447.201069148,219018.85894545057
SoNcU2iwHMw6dGzsYNQkYFkUjwN1UdAjrWVRnStrZu2,8ivTTid27jZnYNc4w3CTA1Z6QS2twsFb8WMwUabeDJgc,CyXm53PMvHCbeXJBykU46Rcbo28xk5srhMZFg7gv6EYB,0.13963007699999963,0.138542324000003,22.274111157691568,159.52230089862104,0.008909644463076627,157.95280528131,11.8533243,15.126743971,4280.181210625129
KEVpg4SYCVrqFxKijQH6hm4QxsRdoE51ud64bEEFUC9,2bPenuBYfqzD8p5dFjCcggwkHDsc2RQDnx9AoyYGUBjA,AE6n6iLuX8oYu61vt5hoDYkjswpnxFxrhSehxrnQTnbx,7.075288793000254,7.072156000000177,7.068573450302409,0.9990508736965636,0.002827429380120964,1.0,5034.19799456,2521.760666729,7551.180571555657
MATgk4zXLXtYkwBH678J1xZbRDZ45LicNzkRBHkxTuY,y8dALFo1bJrSzPYjMX14HJX448pXqYmrfXHD1K8MXih,GN7Yuet3UyiWS5YVkEHv6oQKi4HGBJc3XDPt9zQhAqZz,244.95252700000037,244.8132959999998,245.19232509394226,1.0009789574203571,0.0980769300375769,1.0,3700.293595,4394.080638,8097.996662872325
MiMuMS9C4vBqcrYeeQPph1E7oAW9aNKvW9k6Zw9XffM,Afy2q2hh6Y474pshJa5fnQ6PfEchGyTbKrQpCZw2hr3m,5pXz9ksgjeL8Wgb37bksUaBFMLdFfsNNY3FQnikkCPtS,1.540289675000146,1.0830500219993766,0.0,0.0,0.0,0.0,25.8987551,7680.857835555,0.0
NorjjEePhxfwLF4vZjUHCrVVKLzQjEEGQFd3wgjEJmh,34M8pFVqgbV7aqHxvRT5tCv3vu2P1JJYT8J3VaxBK2oG,3AZWBSze3ucsY3xSeuLne3b2pauVqiaJ1SZSV5T9WGWw,0.0011429999999563734,0.0011429999999563734,0.0006406979403250538,0.5605406302270414,2.562791761300215e-07,1.0,38282.830306,2105.022587,23564.104413600122
C2ypsDADXcCRz8HbV2zX1AXPSja7a1P3xZtRC91xGhJh,J9bYNuDpY1d1T86gLaw7DGk5D3CsUAf2tzUwxMvb6FTv,A2NGvvPrMGzsJ4jb52KEnSBVmsA7C34dV1GC7PerdgvG,17.13298165600031,17.40556489599976,2265.131553211916,132.20883549003403,0.9060526212847664,134.63027161657297,2875.174966452,1019.215825141,517340.83751935896
