0,1,2,3,4,5,6,7,8,9,10,11
MiMuMS9C4vBqcrYeeQPph1E7oAW9aNKvW9k6Zw9XffM,Afy2q2hh6Y474pshJa5fnQ6PfEchGyTbKrQpCZw2hr3m,5pXz9ksgjeL8Wgb37bksUaBFMLdFfsNNY3FQnikkCPtS,13.316098101000534,4.861792909000183,0.0,0.0,0.0,0.015709972047718034,25.854347718,7683.90969935,120.71400659397797
SERgf3DMJpQxUifu7VoFKmfne73d2fDJxSrxUMrcNJB,AJfM2GZ2tTB8UtN2krcyR9xufRJEx2mhSCbJyMgPo3GU,F4yRYkufQvERZcEKnKjJwRLU1btiMBUuEwq46hfm11QD,3.460099999941235e-05,1.1531000001951952e-05,0.004686261807841508,135.43717834516625,1.8745047231366032e-06,135.55794770147267,29.103377915,27.868238042,7719.440540150255
AUSejoEUCh2DBs9mof6BNC8Pubs22w4cJa1ccV9h44R,4xkyD7AfGQDwsQMy9MosRRNGoVJ1zosNinesxg1TzHG7,Cbm5gsQe3nSiCsFrvepVzMCD9xLK3ri9g3ypS2hdmVJ7,376.2890509999961,376.06566600000406,376.47502966465044,1.0004942441566134,0.037647502966465046,1.0,14299.491487,14588.701955,28895.260882109993
BUSDgu5JdqP1rndBvXvanbEufS94FNh1w5FJcAj6vawb,Bgzr8cWubt89JQFXndVjtdKmDbGzuPxNhvjH1EhWCwbo,Dxaf8xPBBQsasRKW5Aa4Sw2YrbfGofY9xZueyyF23FBW,5880.46900052,5883.710535560002,5880.220326002414,0.9999577117883686,2.3520881304009658,0.9981357419493315,7614.99788033,7661.42679158,15261.819770692255
KEN5P7p3asnb23Sw6yAmJRGvijfAzso3RqfyLAQhznt,9zj4aX38Uxf3h6AUjS4EipWS8mwbEofasHAf3a1uKGds,CwQDG1MWunn9cLNwcZLd8YBacweSR7ARo32w4mLua1Yr,38723.31524899998,38719.91347400041,38730.44165026362,1.0001840338622305,3.8730441650263625,1.0,918437.010555,951528.543811,1870134.577876268
STK75uPSyBnEhGTTzb1nwmP3n427XoXmfRhXxxhyady,6TYyD5fUmDe6N65avW1Ny2RxzRNobw2RRgKwH9CTzSAU,54zDfk4cx2vGrEajPtodWpArNe5eUurytyxd4X3aZAxK,316.13178043499954,360.518918348001,42787.577506283094,135.3472828559251,4.2787577506283085,154.34332932760947,1949.289930454,323.821903505,313810.8462815297
YAkoNb6HKmSxQN9L8hiBE5tPJRsniSSMzND1boHmZxe,CfWX7o2TswwbxusJ4hCaPobu2jLCb1hfXuXJQjVq3jQF,EnTrdMMpdhugeH6Ban6gYZWXughWxKtVGfCwFn78ZmY3,4635446.692425994,4635683.074844992,4635446.692425994,1.0,463.54466924259947,0.9984543926002547,2215698.159597,1431161.269498,3644647.415646635
RajgMbScQbqqrdJfR2rxfHJiTiY5b6bJ2tTXiF4aPxy,725ZA3fhyBAKb5iopNRrcbSuQa3LXA1656Q3mBvYPxeg,GLA6i1dSZpUfk2f9Nj8uiG7xyDdAR2reff8oEiZH3617,2875.6324465599755,2879.8711830200336,2870.02556461694,0.9980502091114798,1.1480102258467761,0.9981357419493315,132489.07213075,51853.76559604,183987.84294115106
Lid8SLUxQ9RmF7XMqUA8c24RitTwzja8VSKngJxRcUa,4PgzyzLtds9bKZ2to9PMnKqJzKEUpjvNUaeN23phegax,AtymwxoVN9peZo7EXTcDz9jKVc4vRmisJKKrNfe3ewBa,50.16225517500516,42.542359118000604,8013.476472734424,159.75112053429723,0.8013476472734423,135.3472828559251,968.966871594,7616.296284441,1185638.5510225215
AURHmCnNwiW4uA2Qj1XvEh4iKgRUZYXtiY7FKAapUV5Y,BKWm4TRnTeKwfWXRyuzjRHU7iZDkPuXBX5b5V5jSVfGJ,A5Ww74HVrkj9nPeC7pHKLfgeDMEhBCpW1efQdz3TGLEg,0.011494414999617675,0.011093007000056332,1.7643436775057182,153.49573489076246,0.0007057374710022873,135.3190410264328,272.472999251,1806.846237583,286324.14340987214
heyk4SZTeCUV6a65WiVA5bzic3KcxgVf1qxobfeV4tQ,9ZDpBKPqMABtGfq66FbVribaArMvtk63xxy91onZAtDt,DaTP4s6N7xxSPinbNZ3FB52EpRDRt87QShTuN3VPCW52,1.5784994039968296,1.355652544999998,248.87241188704476,157.66392515378143,0.0995489647548179,135.3190410264328,603.344631842,4497.312710809,703697.7260993338
MATSnbbiTCv7Dc3trJrkrqjx7ckKdr6fwPoVwv9q3sD,631WX9JizSHJm4w6VanZeJAst9T8DeUUnPLesdGkCVtK,211maUSfpnXbPuW1iBu8b4dtJv5EbN1j7JJiEX5TZKEP,331.1155690000014,331.17046800000026,330.5803593981358,0.9983836169241996,0.13223214375925432,0.9980059840438804,23079.860062,22539.030905,45536.6418845439
BSCNHw8CmxbZ8hCWWzMf5FaG2ajPT6JxfznKUNuRVrn4,7n9kgNL633yGzCYksgnzHyjG73ZLBAwvEae5sbAekbzW,SscdxE99omdG9AiMVwmaEMQySQnCgeAh1sPj2Leutm2,2139.67135641,2136.15940898,2139.7851009666124,1.0000531598258169,0.8559140403866449,1.0,6011.250085185,5703.81747297,11715.38711516247
GokA1R67GqSavkd15zR62QD68Tuc5AEfvjssntVDEbM8,3YB7hfpBdbQEuZqLGWVDpRPmeZWCUsrrWyqGXegnQ6Cg,4DPCj6Z1DsG6HUtwSogBGqXEUxdEV5a8YVrrFtcnz7UW,24043.16272899999,24032.490336000006,24043.355075840598,1.0000080000640006,2.4043355075840602,1.0,15577.704117,16925.507248,32503.335987629922
ionytDfEj1mXodptgrsKEZro7DGsfpzANUfarJdm6Qb,3gkSjY95an9xNFSjCfsay6JZez7uv7yfW3Ad4ubc4fMK,9wXqANaSuEqkKL9yHzCPEDGHwbkStVAqV5rB3QDs3Jr6,0.0009303479999999975,0.0034093870000000415,0.776401548216528,834.5280993956347,0.0003105606192866112,3070.498648980594,3.148918944,0.085107473,2889.183722351882
SoN9GaFpSXfpyR5dth3x7PHPVhvJMpQqqDJfCSmPv1t,9kZ9iS68ViMPtoeqtnhAKuF2iqVyfHPdZHoUNdwCELr,BBhm5fJLjw3HRzjtKB8uMEYjGhY6EDm9co3cqpjrSzB9,0.17356566599999912,0.16976890699999947,28.55931483576365,164.54472531314917,0.011423725934305462,159.23511095980237,2.997476017,5.030112302,1294.1893583992544
FrnkTEL6yZ5Aycq2TrEgu29dCrwKG4LPUZydfiwqspkc,DjvZuMZ46fxKBoBpGMPcRcos4xdTtHFxwMh69DpA2ZFY,9rvDPJLAng4uVVqnnSoEXgNDFhBZQTny9AoQioYDZbQX,3.6898389370002462,3.0649879800000406,608.0232477702775,164.7831404436819,0.24320929910811104,135.49184488134844,166.116283048,1447.814156439,223540.17390073434
KwnjUuZhTMTSGAaavkLEmSyfobY16JNH4poL9oeeEvE,J63v6qEZmQpDqCD8bd4PXu2Pq5ZbyXrFcSa3Xt1HdAPQ,BnKQtTdLw9qPCDgZkWX3sURkBAoKCUYL1yahh6Mw7mRK,305.15490700000663,13640.847862999624,4.752450182344706,0.015573894023420055,0.00047524501823447064,1.0,282310.763615,490.474774,4887.152688210801
7oAd7xG4m3oC2qeWB1szghTebAZyyGPAFDJ4wwwbRSNi,D9yh4KAysxt9GLacVe4Wwh2XqghhcjTCSTV9HuM7TBJd,HDYfJLpZKaMFb84jM4mRytn7XLR8UFZUnQpSfhJJaNEy,1.7397519280000324,59.74047249701107,1.7397519280000324,1.0,0.000695900771200013,0.029128153780378644,1095.792699721,292851.657615049,9626.020817570941
MATgk4zXLXtYkwBH678J1xZbRDZ45LicNzkRBHkxTuY,y8dALFo1bJrSzPYjMX14HJX448pXqYmrfXHD1K8MXih,GN7Yuet3UyiWS5YVkEHv6oQKi4HGBJc3XDPt9zQhAqZz,0.007986000000528293,0.007986000000528293,0.008001683299795892,1.0019638491443228,3.200673319918357e-06,1.0,3181.341018,4914.052243,8101.640934835998
WiiQFxXqp8P9Fs1rt9SVcDyA3KUdJmUsog6wnVQAwba,3S2jpqSYxho6wiz3cafhjXruVY8cg4HYa2v3BqBHYFSj,Dfe67M6TfrG74gKRtdqys4e6E9QirPD53BkF4FujFjuv,6813.772385311001,6812.470266598005,6816.827578362382,1.0004483849589645,0.6816827578362382,1.0,11222.807324286,15656.027311069,26883.866773356567
RoBgmK8CvjdHvPrqdDyVw54VwjZv2TqJ493xnqJAQHx,ExiHJxM7qPAcy27NDHAF6G7vnW7muNHi2sVJpnaNynGQ,6rkPHSqZb7StM4HwS9EuVrmfkV7tRdc7dnsFhyB6cefE,2.6914500000003265,27.54527700000039,0.0,0.0,0.0,0.9493547710298695,6423.418454,16.538592,15.700991221316434
C98Sspw7XqnMsgxea3SLQVdbMDL8pKUc3RE82UvX9eq2,CSqgQJurPCzGxb4Cgwx5R61hWQUiaoUHcShNc8r1cKEL,6S2CR5EnukPhC914XkAns8m5GixjMAoUuZMsS5ubHuWc,16.037328000000002,16.563128000000006,0.0,0.0,0.0,1.0,849.80345,195.033675,195.033675
JSoLLrxK5bYdHwTEWYaGgmeycBCNXKDiBCTw5hXGBg7,xG4wXczA7Dk4hccJ61CHKpDHW4NrNfQwgmWgkb9BuF2,BVR6WgfhsRr9Lob4QDnkEAiNGgAbv7ZieKcY9kSg3QYR,1.1691202400001792,0.9926499590000049,186.16499114177932,159.23511095980237,0.07446599645671173,134.36114232768318,17.177028064,172.097896858,25858.45598376336
BUSDTd9WiT6uBHJRgNvFXBsA7JrifsAtWzKfioN7ERcy,DyBxrn7gSc1EwnpWhDyhzvMHPtxpmBqRqotapLcKcfTM,Cds99GeBgoCpqBsoRWu1C6fF9LiUMd4pXQQD24s9LPff,214.18109023000002,214.56979893999997,213.79432347118123,0.9981942067882675,0.021379432347118123,0.9992605471950757,105.05102626,81.44089298,186.24199711314458
parEAJhzYzHW87y9VoZAQ22dzQ2MD2ekEtTReaxbMcz,3oyc6hpjYSJEquK6dSvG72NXyz3pqLZz5D8AC71pwgQb,Di2vordgFJVZ1aj1aBpvzXtLfZgJsuLLXawGtVFwX6Rz,0.009355421999998725,0.011137165000036475,1.2280494584288535,131.26606778711007,0.0004912197833715415,156.25900930850543,1106.596470267,136.561372891,166597.5121168018
ALBpShJ9NLpE739pcHDF2LNVk5J4VYPvvKuV6jMPitZi,D6d156U1bPiJpDYRLextvDRccgFk7QzkQbJg42ceKEu5,GNcM8U5g8RwTZffwwm3kSQqUNPSwv5d2fbN9sLxPJqt2,107.87406899999769,107.80598900000041,107.8841022215043,1.0000930086498045,0.04315364088860173,0.9979701287581059,46379.813826,53996.83151,100271.3524444266
vEnkoSUkpnbRrPgBz9DfcVxNz67zjwMYBZraAvDDNSf,DtfyjjsZ5yCjWKLKHvwsfXs5QVsmm1QkK6Sh9JZHoq1g,e5wrKCRv4GhHvEf1VD5Pq2KGaZDXP77nTL612Jyrxwy,5270.5140240000255,5272.245850999989,5265.211955560776,0.9989940130288799,0.5265211955560776,0.9979701287581059,22131.014489,15600.15928,37677.24394207496
Sid7E679i9ABqptiAVhkmQ27YHN8vaYT4fppPwmxFsJ,GP7KB8o1bv527HG8kTzzzf4wJ5aEGHvcMQvVhLziUfmT,9gYxhAZ1M9wu5pxr8SBoa5NDm21gi3s9vMHaYTME77sa,2373.2574319999985,6684.301641000056,12.690454718757215,0.005347272717929583,0.005076181887502886,0.015603544151570082,135103.359528,9006.207937,862.9632716879066
C2ypsDADXcCRz8HbV2zX1AXPSja7a1P3xZtRC91xGhJh,J9bYNuDpY1d1T86gLaw7DGk5D3CsUAf2tzUwxMvb6FTv,A2NGvvPrMGzsJ4jb52KEnSBVmsA7C34dV1GC7PerdgvG,15.138156162999962,15.384296233000441,2033.9799547955322,134.36114232768318,0.8135919819182129,136.33201972887923,2773.867722216,964.273406216,504161.3768631036
Dg3mAgpwDfVNnbGWcsxL8sUcSkEbjSJQhKAWNigG44Ju,EATxwd8YA2wV93VJcKMmH2Kn2Y9XfJVUB9hHVu3udwEy,GiGvrRi7NMHfHKanG2B8xyCEqe8jaafWins8bhrLVEaa,0.0011699520000000019,0.0011554720000000185,0.19188430574558013,164.0104087565813,7.675372229823205e-05,161.5549861280811,0.1344026,0.183948515,51.76122515305342
SAMyS8Jr2HJrkFwYVKbpUwsNStnQmvz3f8Tup8bWUWF,6jPzm5TFfquvgm25sTyN3MMGBfufRaFHMxobDWv6hMFW,Cj9ECoDmxsHTDzCY5ZA6RWrPbg9uFzEC1Qc2kso2vJG6,863.3950195500012,183.66739190000288,866.2035372649815,1.0032528769003604,0.34648141490599266,0.015709972047718034,395.23856818,113618.527657,2181.4681241829126
KEnkcdADoLR5jS2CLLLesy8TtFsyWL37BhXNfDMzWzP,3qsjFRuw1qeLMPo4DLwaQevenGAGBj9dA3Q6rb8ax2YR,77iEv8zPQAEyCcEbvBRSB6AFcUdfkhiqnAKtPxk76rNN,0.019520999999999955,3.6715779999999825,0.00010438411072670315,0.005347272717929583,4.175364429068126e-08,0.9987036826199592,129.517754,0.227955,0.9202262504233478
moFiBS1R4Lf3E3zzmBPnw3NF4RhWPkhREFviuzUaCAU,44ALBrpqi9PfZkBRTvbtRNtFJGsatfY4QydjtMbFWq8S,2ho8qEEie1UjVwWNBo9y4oAJZMyMLx8zPj9bxyUz6uWs,0.02242870000191033,0.022421197001676774,0.022406728815089944,0.9990203985599472,8.962691526035978e-06,1.0,34573.041551865,29865.342887251,64404.51663782478
HEDSDjj84KS7LKhZY7ejkCACTdPen62rKhCby1wXtgxc,EnnjMSFttpCTywBrYNt1J5QQeoSVkvzPipJDa8Y7kJow,6bjVT6JN2rSvpyn9PdfLYC8wJn4LWh49jpY47fnLDXZk,16.626409525998497,18.46753578199241,14.643720718788817,0.8807506332555218,0.005857488287515527,1.0,43700.446663917,4498.105643013,42987.30171580705
daob129AwBGn9Y5r91uLoWZeYiGzbPmksauMhFZKTze,6VW5GQNyj4LStgmxEHLr5zUfW92vQnmbw8jTnCH7a38F,4VPCCUifPeBA1c7HWK358CHn2nyjm8pdTRk6Ps3KmnMQ,7.777525053000062,6.9453622149999745,1180.4289163249812,151.77436373151235,0.47217156652999254,135.56221105761978,48.177068094,224.55293689,37752.93648070715
ercAoEmXjQzEvAFbdjAo81KtMxRGn9AW1ju882upmPH,CMRhskR2Eg6V42RTSdRTXGdozyPbWB8U9dVpijPWb9T4,7TKLLgrWswt6ZJ1pXhVR3FyufHGjJFqiEXxvWJfDcgRm,0.017177344999993238,0.01527214699999746,2.328598868298633,135.56221105761978,0.0009314395473194534,120.19684396742858,49.303357273,411.378590125,56130.08033328704
Cob4usZcpHEY7Qt4ZCwj6WVg9S44zvzYV2v9qYF65dTf,NhFM9UXE48PyNAyeyPYA3iXztqKVJwA4bTdLj4ysM8w,6TuFuynuBoeskxyR2cz4wxyidk8dpDK7kAWw3UkjQGx,167.07601399999612,4045.3150609999857,0.8934010114826003,0.005347272717929583,0.00035736040459304015,1.0,39681.764044,67.708529,279.8977432718003
SRMuKizofcAMicegrfSv7xs9q76tH1w8aAF7oX9FEWu,72Hj2KWntXPfbie4UgKeTPnm1XVkomDfCnRPKbvfTtPi,6aqJQ5wedqpUt4fFEDUqUmXhrdxCu4bEJsQdVPCADLko,0.14233299999978044,0.02608700000018871,0.004281560789580431,0.03008129379403958,1.7126243158321723e-06,0.03018572400594864,16653.778411,5255.207982,659.5994589006349
wrmcMSHFi3sWpAEy4rGDvQb3ezh3PhXoV2xNjgLBkKU,8p4mGnARWPBu6P2Gcw4adodLkNDorrXniZMhaY7eJXUn,AyY89zccbsgp9LKFgH4CFZMJmpSgqmPSdTfukhP227rc,0.006578219999999982,0.052921869999998705,2.471157024793382,375.6574004507889,0.0009884628099173526,3070.970119460738,27.01022275,0.10673452,10474.368585496743
CZgvH45CRmoaNJ7395Ao5CQZXkGznvqU7cErD6n7FaRg,4ZjU6MKvtqVQKCiowhvZ5yUsPxXX5SCzd5eFsPeXyey5,BsyWeshjDbCvjDojry3vKDCesmFRM37WtwcR4Kfgzqr,14.988397410000005,17.148746999999958,17.510596603317058,1.1682767759836876,0.007004238641326824,0.9998325380482024,95.72667188,718.48826843,830.2031965818397
Lee1XZJfJ9Hm2K1qTyeCz1LXNc1YBZaKZszvNY4KCDw,9DgFSWkPDGijNKcLGbr3p5xoJbHsPgXUTr6QvGBJ5vGN,2hNHZg7XBhuhHVZ3JDEi4buq2fPQwuWBdQ9xkH7t1GQX,720.4782367428261,599.9431651410123,117324.97438766906,162.84318998735847,11.732497438766908,135.56221105761978,6467.277053252,54148.903231625,8393697.074307777
DEDaBEWzMCXohXYXoLzB4jK1xqMsd3SS9izXp2xvg9pe,,,1069118.34970026,3272592.8956565866,0.0,0.0,0.0,135.56221105761978,6467.277053252,54148.903231625,7340545.048424178
SoNcU2iwHMw6dGzsYNQkYFkUjwN1UdAjrWVRnStrZu2,8ivTTid27jZnYNc4w3CTA1Z6QS2twsFb8WMwUabeDJgc,CyXm53PMvHCbeXJBykU46Rcbo28xk5srhMZFg7gv6EYB,1.3819070039999968,1.367725350999999,225.0341447972328,162.84318998735847,0.09001365791889314,147.46763417232094,11.755088169,15.230318943,4160.2151582367105
BSCuChvaSj9b5HUSqgDVRzcnr2sSn7cXaamt1jbKH6hn,GnKpRj5kBVPMJfiwZtEuD9GYApLzPdW5JFuZTcyX4BTc,3dmwD9okkomV9nDwyuh4UMhKdUR13QpuKxRo89ycZB5t,2.695921890000136,2.700747000000092,2.7008832748309537,1.001840329591603,0.0010803533099323815,0.9960119680798085,1349.43671886,1661.108443216,3006.4040169072687
SUiuyGR7SFq3xeRVJonq84fjjeFwRSsFekcevJ53tzy,49GjCCPsv7fBqo6t3iKDrP1xxGDS8uWZbVCdfnp2gjMf,CEwj5xEbbJEjYqM8D6Ai8ByGz1mrh8mkAVsE5fzDSSSx,0.27203,48.07442800000001,0.0014546185974583844,0.005347272717929583,5.818474389833538e-07,0.87919507932098,702.954987,1.261249,4.867775938516152
MiMUFdSLMyCLpqpH6zkqdDrGYs7XBomwENbivdYjv9V,,,0.319144557,0.3180646589999999,0.0,0.0,0.0,0.87919507932098,702.954987,1.261249,1.1088839145985068
MARpDPs5A7XiyCWPNH8GsMWPLxmwNn9SBmKvPa9LzgA,6YjT74rmcfCpw8LSjPNx5JTmZoYLGrTKnf9arfSgZ4SR,F8GSmi3vA8M8TsybLya1LQ4n1aFHCRbZ6k437PeTdXtg,29899.924270000054,31191.761931999386,26287.86629025399,0.87919507932098,10.515146516101597,1.0,295802.908325,16967.225322,277035.68677017494
ALLwa5WNZbvQsRKAqe1jdRGemdYQnW8E5k4msbRFcYtu,CGoM82Hbz7QVqTgvQatYtjvDWBvoUJp5qm21P8iMs9yb,3dxNNww8TivyN5FMy5dCNdi3Zcxv6e4kUfSPxfFwpdNq,0.7933946549999997,0.7936268579999997,2439.712961254612,3075.0307503075032,0.9758851845018448,3076.2604977389483,3.493655934,5.281111022,26989.172649196647
MiMy69CnJDY4V6cQWkU3HHfTyb8pqXJmhX4MisFYDnM,,,0.04508986800000003,0.043548631000000004,0.0,0.0,0.0,3076.2604977389483,3.493655934,5.281111022,16246.073221152366
B2izdXFYb2sNwbWWHmh75T4aQFtfXsUxem9u2p61HGzf,4DYwgJtxwuJdAjkj5RJSNH4e7U329V5cNp7d3a1nLrZv,EXNW64GEf1ACC6xY9BtKRiunrs6GoJSXBdxWN2eTPmrF,364.0806330000087,360.41001900000083,337.95062836542263,0.9282301713791367,0.03379506283654226,1.0,10575.721267,29178.713837,38995.41740112539
KZMu9QBEdL97EFgamLbN5DE1AoKBG4HdrKKJo4Vuon3,DD4ACBWyVqdaKWh7v5btsgqQCCMwbKnuL2xd9pv7Gyuw,GcYqiJ1MAuYbNTNYXm1F1gQYTfTgkErACAhNU5dpVj9T,16.056348699999717,15.987794740000027,16.108578025790077,1.0032528769003604,0.0064434312103160305,1.0,1378.63624366,1711.40547139,3094.5262490410014
KysFMBBoavfov2tLpvefWW6tPFt6rAeZWDJVy1mMQae,B8ka2V21TH3x64dFV8ETcjuQcwmrciJ2qzy1mJUttRew,7fSf7EYxBANyxzk2s5pymFgshA91tFYQNKKs5UnLWcYS,24.451854999999796,29.836622000002535,0.0,0.0,0.0,0.014424044166192453,130507.095132,3142.740651,45.331029952912424
KEVpg4SYCVrqFxKijQH6hm4QxsRdoE51ud64bEEFUC9,2bPenuBYfqzD8p5dFjCcggwkHDsc2RQDnx9AoyYGUBjA,AE6n6iLuX8oYu61vt5hoDYkjswpnxFxrhSehxrnQTnbx,215.06218142800026,215.09600834200046,214.8949068027552,0.9992222034383993,0.08595796272110208,1.0,4657.029594107,2903.821485029,7557.22885753043
