0,1,2,3,4,5,6,7,8,9,10,11
AUSejoEUCh2DBs9mof6BNC8Pubs22w4cJa1ccV9h44R,4xkyD7AfGQDwsQMy9MosRRNGoVJ1zosNinesxg1TzHG7,Cbm5gsQe3nSiCsFrvepVzMCD9xLK3ri9g3ypS2hdmVJ7,1336.579735000003,1334.968826000002,1337.4504152203112,1.000651424077074,0.13374504152203112,1.0,14241.582604,14646.591281,28897.451194803885
daob129AwBGn9Y5r91uLoWZeYiGzbPmksauMhFZKTze,6VW5GQNyj4LStgmxEHLr5zUfW92vQnmbw8jTnCH7a38F,4VPCCUifPeBA1c7HWK358CHn2nyjm8pdTRk6Ps3KmnMQ,7.553771917000127,6.7421062659999365,461.16313549363264,61.05070957408217,0.18446525419745308,140.52265998153533,47.884517731,224.876990519,34523.69666146265
AURHmCnNwiW4uA2Qj1XvEh4iKgRUZYXtiY7FKAapUV5Y,BKWm4TRnTeKwfWXRyuzjRHU7iZDkPuXBX5b5V5jSVfGJ,A5Ww74HVrkj9nPeC7pHKLfgeDMEhBCpW1efQdz3TGLEg,0.014466719000211015,0.012789478999934545,0.8938608724720547,61.787394395302535,0.0003575443489888219,140.52265998153533,272.4834342,1806.834397294,270737.21706898895
ercAoEmXjQzEvAFbdjAo81KtMxRGn9AW1ju882upmPH,CMRhskR2Eg6V42RTSdRTXGdozyPbWB8U9dVpijPWb9T4,7TKLLgrWswt6ZJ1pXhVR3FyufHGjJFqiEXxvWJfDcgRm,0.20975552600003766,0.18595049499997884,29.475404459351385,140.52265998153533,0.011790161783740555,48.28643746479013,49.318548897,411.36141278,26793.550811065048
FrnkTEL6yZ5Aycq2TrEgu29dCrwKG4LPUZydfiwqspkc,DjvZuMZ46fxKBoBpGMPcRcos4xdTtHFxwMh69DpA2ZFY,9rvDPJLAng4uVVqnnSoEXgNDFhBZQTny9AoQioYDZbQX,6.35722959000023,5.2970107599997505,1085.5285318744423,170.7549674754476,0.434211412749777,140.52265998153533,166.349312413,1447.529084101,231815.60872915297
KEN5P7p3asnb23Sw6yAmJRGvijfAzso3RqfyLAQhznt,9zj4aX38Uxf3h6AUjS4EipWS8mwbEofasHAf3a1uKGds,CwQDG1MWunn9cLNwcZLd8YBacweSR7ARo32w4mLua1Yr,10651.115095000248,10651.510854000226,10642.15440099461,0.9991587083675545,1.0642154400994612,1.0,910187.250857,887573.716541,1796995.2344798953
DEDaBEWzMCXohXYXoLzB4jK1xqMsd3SS9izXp2xvg9pe,,,37029909.03818606,48648870.73778376,0.0,0.0,0.0,1.0,910187.250857,887573.716541,887573.716541
KysFMBBoavfov2tLpvefWW6tPFt6rAeZWDJVy1mMQae,B8ka2V21TH3x64dFV8ETcjuQcwmrciJ2qzy1mJUttRew,7fSf7EYxBANyxzk2s5pymFgshA91tFYQNKKs5UnLWcYS,14.174075999995694,11.607895999999982,0.0,0.0,0.0,0.006172908779926925,130501.092785,3147.638627,19.43008611664543
BSCuChvaSj9b5HUSqgDVRzcnr2sSn7cXaamt1jbKH6hn,GnKpRj5kBVPMJfiwZtEuD9GYApLzPdW5JFuZTcyX4BTc,3dmwD9okkomV9nDwyuh4UMhKdUR13QpuKxRo89ycZB5t,681.397023555,681.4642955130003,682.5620005832977,1.0017096890476858,0.27302480023331904,0.9990189633779628,1352.13264075,1658.407696216,3011.2251046486526
Lid8SLUxQ9RmF7XMqUA8c24RitTwzja8VSKngJxRcUa,4PgzyzLtds9bKZ2to9PMnKqJzKEUpjvNUaeN23phegax,AtymwxoVN9peZo7EXTcDz9jKVc4vRmisJKKrNfe3ewBa,23.431749430003492,19.892313222000553,3878.7608474705503,165.53441129341968,0.38787608474705504,140.4979613043325,974.635317293,7609.607251768,1230469.9886739405
HEDSDjj84KS7LKhZY7ejkCACTdPen62rKhCby1wXtgxc,EnnjMSFttpCTywBrYNt1J5QQeoSVkvzPipJDa8Y7kJow,6bjVT6JN2rSvpyn9PdfLYC8wJn4LWh49jpY47fnLDXZk,130.3155570250019,147.7171233490053,109.4950506898429,0.8402300783538496,0.04379802027593716,0.9998621420074464,43693.135863007,4504.534540474,41216.20052408463
MiMuMS9C4vBqcrYeeQPph1E7oAW9aNKvW9k6Zw9XffM,Afy2q2hh6Y474pshJa5fnQ6PfEchGyTbKrQpCZw2hr3m,5pXz9ksgjeL8Wgb37bksUaBFMLdFfsNNY3FQnikkCPtS,0.02543599799999896,1.6928659999994125,0.0,0.0,0.0,0.01585364146492023,25.859217645,7683.576540001,121.81266763344816
DFWzVTzNBrQZLjoQ4yQwkj9HuoXmfkuZP9V5vbymZe23,DhgiEgiNdqZdRdo195UUHnoEJUtefK8buko8nU97XJUZ,2K2kkXsouBHtWVjtcgkyiXd8eP3oVBvq1bTJzcVdLLr2,11.318848344002618,11.323381046000577,11.238542863949467,0.9929051545163867,0.004495417145579788,0.9998621420074464,40009.957810808,27973.943722132,67696.18063274109
YAkoNb6HKmSxQN9L8hiBE5tPJRsniSSMzND1boHmZxe,CfWX7o2TswwbxusJ4hCaPobu2jLCb1hfXuXJQjVq3jQF,EnTrdMMpdhugeH6Ban6gYZWXughWxKtVGfCwFn78ZmY3,4321807.516538004,4321699.8496960085,4321807.516538004,1.0,432.1807516538005,0.9967784121718607,619124.87096,1237450.370074,1852588.6859838432
SEQV6QiTpvTzrceiaYg9Avnwf7oc8ZALpnQMz6TyT4A,3dFMPj4r9mMmPHF32mz1gNDX7f8ftidWof7S8YiYTs1j,Fc1ED3YPeQfXQosHbd8DTaBd2AV5gHQtwiSAL5C5pUhi,1906.195999563,1905.7629905229999,1906.940608383177,1.000390625528722,0.7627762433532709,0.999783047078784,2470.215082354,3100.344571677,5570.851954292
SAMyS8Jr2HJrkFwYVKbpUwsNStnQmvz3f8Tup8bWUWF,6jPzm5TFfquvgm25sTyN3MMGBfufRaFHMxobDWv6hMFW,Cj9ECoDmxsHTDzCY5ZA6RWrPbg9uFzEC1Qc2kso2vJG6,34.45064062999154,0.5512440400000287,34.19270284715858,0.9925128305855534,0.013677081138863432,0.01585364146492023,400.06696742,113313.09672594,2193.496807030682
ionytDfEj1mXodptgrsKEZro7DGsfpzANUfarJdm6Qb,3gkSjY95an9xNFSjCfsay6JZez7uv7yfW3Ad4ubc4fMK,9wXqANaSuEqkKL9yHzCPEDGHwbkStVAqV5rB3QDs3Jr6,0.002363918000000048,0.0029077200000000164,2.0169002307912582,853.2022814629006,0.0008067600923165033,3089.661990978187,3.145509557,0.086037821,2949.5837157260426
SoN9GaFpSXfpyR5dth3x7PHPVhvJMpQqqDJfCSmPv1t,9kZ9iS68ViMPtoeqtnhAKuF2iqVyfHPdZHoUNdwCELr,BBhm5fJLjw3HRzjtKB8uMEYjGhY6EDm9co3cqpjrSzB9,1.3227389309999973,1.282164618,225.8272630206657,170.7270102422548,0.0903309052082663,159.11701513027785,2.930043265,5.099027088,1311.5794968248974
KwnjUuZhTMTSGAaavkLEmSyfobY16JNH4poL9oeeEvE,J63v6qEZmQpDqCD8bd4PXu2Pq5ZbyXrFcSa3Xt1HdAPQ,BnKQtTdLw9qPCDgZkWX3sURkBAoKCUYL1yahh6Mw7mRK,45.33160199999992,2832.723089999752,0.6873331687714005,0.01516234014344787,6.873331687714005e-05,1.0,282148.780189,492.991584,4771.027360284525
SUiuyGR7SFq3xeRVJonq84fjjeFwRSsFekcevJ53tzy,49GjCCPsv7fBqo6t3iKDrP1xxGDS8uWZbVCdfnp2gjMf,CEwj5xEbbJEjYqM8D6Ai8ByGz1mrh8mkAVsE5fzDSSSx,0.011503999999999959,2.0348249999999553,6.179342005249852e-05,0.005371472535856983,2.471736802099941e-08,0.9180536161672914,703.745317,1.25668,4.9338482608685785
BSCNHw8CmxbZ8hCWWzMf5FaG2ajPT6JxfznKUNuRVrn4,7n9kgNL633yGzCYksgnzHyjG73ZLBAwvEae5sbAekbzW,SscdxE99omdG9AiMVwmaEMQySQnCgeAh1sPj2Leutm2,20.619243909000033,20.65266521800004,20.582509953583205,0.9982184625401906,0.008233003981433283,0.9998621420074464,6397.624414906,5315.940923886,11701.434886298754
C2ypsDADXcCRz8HbV2zX1AXPSja7a1P3xZtRC91xGhJh,J9bYNuDpY1d1T86gLaw7DGk5D3CsUAf2tzUwxMvb6FTv,A2NGvvPrMGzsJ4jb52KEnSBVmsA7C34dV1GC7PerdgvG,10.26278736300037,10.425430477998589,1442.7311669284766,140.57888134074014,0.5770924667713906,141.39411772191454,2759.689341846,970.958736491,525241.894415204
Lee1XZJfJ9Hm2K1qTyeCz1LXNc1YBZaKZszvNY4KCDw,9DgFSWkPDGijNKcLGbr3p5xoJbHsPgXUTr6QvGBJ5vGN,2hNHZg7XBhuhHVZ3JDEi4buq2fPQwuWBdQ9xkH7t1GQX,341.073689041973,284.1204260039958,57579.931709419056,168.81962332290365,5.757993170941905,140.57888134074014,6472.990258663,54141.959406311,8703983.864175275
JSoLLrxK5bYdHwTEWYaGgmeycBCNXKDiBCTw5hXGBg7,xG4wXczA7Dk4hccJ61CHKpDHW4NrNfQwgmWgkb9BuF2,BVR6WgfhsRr9Lob4QDnkEAiNGgAbv7ZieKcY9kSg3QYR,11.490897144000137,9.941945290000035,1898.3444299340315,165.2041965169999,0.7593377719736127,140.57888134074014,17.237006548,172.026027721,27030.852355629937
Cob4usZcpHEY7Qt4ZCwj6WVg9S44zvzYV2v9qYF65dTf,NhFM9UXE48PyNAyeyPYA3iXztqKVJwA4bTdLj4ysM8w,6TuFuynuBoeskxyR2cz4wxyidk8dpDK7kAWw3UkjQGx,1.122484,206.32383599999594,0.00602939197793889,0.005371472535856983,2.4117567911755565e-06,1.0,39578.941167,68.243041,280.84023647683983
BUSD5rCfUDpCxKGMvYU2yThChxgHoioK74PTPociGnv2,CcFHbafgYDZ8yA8Me1PdtDiVb2eeaS61LbqyKKK5CsNZ,26R9s4nmF3CFDTkiePDwRmtscn8i7r2eygbSijditJ58,0.18394809000000123,0.18280077000000006,0.18374736254368487,0.9989087820573926,1.837473625436849e-05,1.0,101.17307994,47.41049461,148.47317266986062
TETFuZgEmET6d9vYmz9iMFCxK1jKdKYxf3oPz8hSzJK,Eu1Ze6Z84LWNkq7SNoAHBJbXx5t1P95EwyqYohrfCRFV,ASMbv7WNu3qe4pkhREmvyEdwFNDZQ6B6iSrjkj4u8bdC,2.8188331269999978,2.835156000000012,2.8327454708557016,1.0049354975015887,0.001133098188342281,0.9992285955242552,36.452671689,216.238888491,252.70466460363528
BUSDgu5JdqP1rndBvXvanbEufS94FNh1w5FJcAj6vawb,Bgzr8cWubt89JQFXndVjtdKmDbGzuPxNhvjH1EhWCwbo,Dxaf8xPBBQsasRKW5Aa4Sw2YrbfGofY9xZueyyF23FBW,5011.432412239998,5019.6320161899985,5003.426429609978,0.9984024562297866,2.0013705718439914,1.0,8434.24704722,6838.48871668,15259.261685073274
MATgk4zXLXtYkwBH678J1xZbRDZ45LicNzkRBHkxTuY,y8dALFo1bJrSzPYjMX14HJX448pXqYmrfXHD1K8MXih,GN7Yuet3UyiWS5YVkEHv6oQKi4HGBJc3XDPt9zQhAqZz,48.06196100000034,48.002050000000054,48.15798802812843,1.0019979839800564,0.019263195211251374,1.0,3165.703098,4929.700607,8101.728729075418
GokA1R67GqSavkd15zR62QD68Tuc5AEfvjssntVDEbM8,3YB7hfpBdbQEuZqLGWVDpRPmeZWCUsrrWyqGXegnQ6Cg,4DPCj6Z1DsG6HUtwSogBGqXEUxdEV5a8YVrrFtcnz7UW,3476.037866000004,3476.249497000008,3475.9301121665276,0.9999690009609703,0.34759301121665276,1.0,17881.125978,14619.520922,32500.092602277913
C98Sspw7XqnMsgxea3SLQVdbMDL8pKUc3RE82UvX9eq2,CSqgQJurPCzGxb4Cgwx5R61hWQUiaoUHcShNc8r1cKEL,6S2CR5EnukPhC914XkAns8m5GixjMAoUuZMsS5ubHuWc,12.256367000000012,12.593783000000144,0.0,0.0,0.0,1.0,848.890776,195.910549,195.910549
wrmcMSHFi3sWpAEy4rGDvQb3ezh3PhXoV2xNjgLBkKU,8p4mGnARWPBu6P2Gcw4adodLkNDorrXniZMhaY7eJXUn,AyY89zccbsgp9LKFgH4CFZMJmpSgqmPSdTfukhP227rc,0.009977189999997818,0.05153888999999713,3.792166476624028,380.08361839604714,0.0015168665906496112,3088.0400209986724,27.00668007,0.10716598,10595.729516999554
MATSnbbiTCv7Dc3trJrkrqjx7ckKdr6fwPoVwv9q3sD,631WX9JizSHJm4w6VanZeJAst9T8DeUUnPLesdGkCVtK,211maUSfpnXbPuW1iBu8b4dtJv5EbN1j7JJiEX5TZKEP,9592.048953000005,9600.493378000003,9583.079190877343,0.9990648752767409,3.8332316763509375,0.9982321308961829,22910.98177,22707.739383,45557.152216639995
STK75uPSyBnEhGTTzb1nwmP3n427XoXmfRhXxxhyady,6TYyD5fUmDe6N65avW1Ny2RxzRNobw2RRgKwH9CTzSAU,54zDfk4cx2vGrEajPtodWpArNe5eUurytyxd4X3aZAxK,202.60086049999921,231.04529252199973,28469.58776605451,140.52056687120842,2.8469587766054505,160.28101750236655,1921.063564368,319.143827578,321101.6384744172
Sid7E679i9ABqptiAVhkmQ27YHN8vaYT4fppPwmxFsJ,GP7KB8o1bv527HG8kTzzzf4wJ5aEGHvcMQvVhLziUfmT,9gYxhAZ1M9wu5pxr8SBoa5NDm21gi3s9vMHaYTME77sa,75.86663700001554,197.08620799997152,0.40751555703341474,0.005371472535856983,0.0001630062228133659,0.011491879734352789,135202.765288,8971.607425,829.3385740683364
B2izdXFYb2sNwbWWHmh75T4aQFtfXsUxem9u2p61HGzf,4DYwgJtxwuJdAjkj5RJSNH4e7U329V5cNp7d3a1nLrZv,EXNW64GEf1ACC6xY9BtKRiunrs6GoJSXBdxWN2eTPmrF,793.5586030000177,785.5053939999998,581.4834485467414,0.7327542620651654,0.05814834485467415,1.0,10558.964523,29195.601187,36932.72744422313
WiiQFxXqp8P9Fs1rt9SVcDyA3KUdJmUsog6wnVQAwba,3S2jpqSYxho6wiz3cafhjXruVY8cg4HYa2v3BqBHYFSj,Dfe67M6TfrG74gKRtdqys4e6E9QirPD53BkF4FujFjuv,7142.705032029004,7144.210163963999,7144.1218685662225,1.0001983613394176,0.7144121868566222,0.9998621420074464,11892.317309727,14985.279550357,26877.889995517668
parEAJhzYzHW87y9VoZAQ22dzQ2MD2ekEtTReaxbMcz,3oyc6hpjYSJEquK6dSvG72NXyz3pqLZz5D8AC71pwgQb,Di2vordgFJVZ1aj1aBpvzXtLfZgJsuLLXawGtVFwX6Rz,0.06138195500000165,0.07303956800001288,6.099897901018411,99.37607723667725,0.0024399591604073647,118.2989416621782,1106.585333102,136.570728313,126124.28215277936
ALBpShJ9NLpE739pcHDF2LNVk5J4VYPvvKuV6jMPitZi,D6d156U1bPiJpDYRLextvDRccgFk7QzkQbJg42ceKEu5,GNcM8U5g8RwTZffwwm3kSQqUNPSwv5d2fbN9sLxPJqt2,1222.8206209999917,1223.8356619999977,1223.6625008005424,1.000688473669885,0.489465000320217,0.9982321308961829,43048.258063,57330.662877,100307.20542460919
SoNcU2iwHMw6dGzsYNQkYFkUjwN1UdAjrWVRnStrZu2,8ivTTid27jZnYNc4w3CTA1Z6QS2twsFb8WMwUabeDJgc,CyXm53PMvHCbeXJBykU46Rcbo28xk5srhMZFg7gv6EYB,7.3583292510000025,7.230567313000003,1241.5472940356262,168.72679268420873,0.49661891761425053,166.18061606145625,11.539271049,15.447861059,4514.119261627915
vEnkoSUkpnbRrPgBz9DfcVxNz67zjwMYBZraAvDDNSf,DtfyjjsZ5yCjWKLKHvwsfXs5QVsmm1QkK6Sh9JZHoq1g,e5wrKCRv4GhHvEf1VD5Pq2KGaZDXP77nTL612Jyrxwy,2410.2489839999907,2410.6565680000076,2403.9674171390066,0.9973938099745365,0.24039674171390066,0.9972724598223859,20763.80979,16976.414622,37639.80612508134
BUSDTd9WiT6uBHJRgNvFXBsA7JrifsAtWzKfioN7ERcy,DyBxrn7gSc1EwnpWhDyhzvMHPtxpmBqRqotapLcKcfTM,Cds99GeBgoCpqBsoRWu1C6fF9LiUMd4pXQQD24s9LPff,84.63908035000003,84.68365844999998,84.41426574503987,0.9973438439544652,0.008441426574503988,0.9975321055708177,111.19926817,75.2784874,185.99661360189947
heyk4SZTeCUV6a65WiVA5bzic3KcxgVf1qxobfeV4tQ,9ZDpBKPqMABtGfq66FbVribaArMvtk63xxy91onZAtDt,DaTP4s6N7xxSPinbNZ3FB52EpRDRt87QShTuN3VPCW52,1.049808733999953,0.9087870280000061,171.1166013506906,162.99788314649157,0.06844664054027624,140.38537751523216,603.607846832,4497.005566004,729700.6253557996
RoBgmK8CvjdHvPrqdDyVw54VwjZv2TqJ493xnqJAQHx,ExiHJxM7qPAcy27NDHAF6G7vnW7muNHi2sVJpnaNynGQ,6rkPHSqZb7StM4HwS9EuVrmfkV7tRdc7dnsFhyB6cefE,0.19426500000000146,14.174076000000241,0.0,0.0,0.0,0.9568123604847977,6429.420801,16.456711,15.745984497726134
BSC8REUo9LpiiWUuqMuLXs2D2yJsJfGd4HdiF3wCLxk5,AZjEH1zWVx1UJ6udMyRijGTzPteuLnaY18yNNmprJEsh,Caf8ypkSVR8xYnXNhjvfvdGCC7mrM3C11rz8Xi6NA6aK,209.36714032100008,209.7065548229998,209.06257753991477,0.9985453171848344,0.08362503101596591,0.9998535764429979,3508.176819113,2734.349686508,6237.022847882488
KZMu9QBEdL97EFgamLbN5DE1AoKBG4HdrKKJo4Vuon3,DD4ACBWyVqdaKWh7v5btsgqQCCMwbKnuL2xd9pv7Gyuw,GcYqiJ1MAuYbNTNYXm1F1gQYTfTgkErACAhNU5dpVj9T,17.31421586000033,17.240339510000013,17.18458139257821,0.9925128305855534,0.006873832557031284,1.0,1373.80707408,1716.24212759,3079.763275363598
NorjjEePhxfwLF4vZjUHCrVVKLzQjEEGQFd3wgjEJmh,34M8pFVqgbV7aqHxvRT5tCv3vu2P1JJYT8J3VaxBK2oG,3AZWBSze3ucsY3xSeuLne3b2pauVqiaJ1SZSV5T9WGWw,14.980808000006618,20.461097000000336,8.392849319508075,0.5602400964957542,0.0033571397278032303,1.0,38285.227474,2103.692336,23552.61187039566
ALLwa5WNZbvQsRKAqe1jdRGemdYQnW8E5k4msbRFcYtu,CGoM82Hbz7QVqTgvQatYtjvDWBvoUJp5qm21P8iMs9yb,3dxNNww8TivyN5FMy5dCNdi3Zcxv6e4kUfSPxfFwpdNq,0.03874709600000026,0.038757114000000925,119.57873036447322,3086.133999938277,0.04783149214578929,3089.8529230008653,3.491717137,5.282732052,27098.772046965398
MARpDPs5A7XiyCWPNH8GsMWPLxmwNn9SBmKvPa9LzgA,6YjT74rmcfCpw8LSjPNx5JTmZoYLGrTKnf9arfSgZ4SR,F8GSmi3vA8M8TsybLya1LQ4n1aFHCRbZ6k437PeTdXtg,13018.289519999973,13540.636070000288,12456.060325105678,0.9568123604847977,4.982424130042271,1.0,296089.33809,16678.4605,299980.3989922742
RajgMbScQbqqrdJfR2rxfHJiTiY5b6bJ2tTXiF4aPxy,725ZA3fhyBAKb5iopNRrcbSuQa3LXA1656Q3mBvYPxeg,GLA6i1dSZpUfk2f9Nj8uiG7xyDdAR2reff8oEiZH3617,3249.4298882899893,3255.3203812599677,3243.1013975159185,0.9980524304288341,1.2972405590063676,1.0,130947.22706443,53389.88645719,184082.08468676076
MiMUFdSLMyCLpqpH6zkqdDrGYs7XBomwENbivdYjv9V,,,0.027135011000000042,0.025435998000000015,0.0,0.0,0.0,1.0,130947.22706443,53389.88645719,53389.88645719
4xeRVccqvUgiV6VeF6NkWqkAYeewcJPRWFVginvJw1n4,A7VkMFrnCCyeZFUrQ3TzDr4xFep7PZtxvy3jJnBjLB2a,PhfHJ2Yu99BsEjZrefhApqUnLUiExcECcUT1YLoNUUv,36.827881287,100.0,16.850358110635693,0.4575435111056405,0.006740143244254277,0.9998621420074464,1373.811662986,34.681917151,663.2557478520171
KEVpg4SYCVrqFxKijQH6hm4QxsRdoE51ud64bEEFUC9,2bPenuBYfqzD8p5dFjCcggwkHDsc2RQDnx9AoyYGUBjA,AE6n6iLuX8oYu61vt5hoDYkjswpnxFxrhSehxrnQTnbx,5005.6736523459995,5005.452619258,5003.166150525181,0.9994990680585732,2.0012664602100725,0.9998621420074464,4958.833981521,2602.088129029,7558.079353570509
SRMuKizofcAMicegrfSv7xs9q76tH1w8aAF7oX9FEWu,72Hj2KWntXPfbie4UgKeTPnm1XVkomDfCnRPKbvfTtPi,6aqJQ5wedqpUt4fFEDUqUmXhrdxCu4bEJsQdVPCADLko,0.03560300000026473,0.03560300000026473,0.0010952737076863808,0.030763522952510655,4.3810948307455237e-07,0.030237360254259917,16653.778411,5255.123772,671.2299650675141
