0,1,2,3,4,5,6,7,8,9,10,11
Cob4usZcpHEY7Qt4ZCwj6WVg9S44zvzYV2v9qYF65dTf,NhFM9UXE48PyNAyeyPYA3iXztqKVJwA4bTdLj4ysM8w,6TuFuynuBoeskxyR2cz4wxyidk8dpDK7kAWw3UkjQGx,18.777259000000527,2123.468557999996,0.10152423311143605,0.005406765338403928,4.060969324457443e-05,1.0,39560.153018,68.328895,282.2213591196779
SAMyS8Jr2HJrkFwYVKbpUwsNStnQmvz3f8Tup8bWUWF,6jPzm5TFfquvgm25sTyN3MMGBfufRaFHMxobDWv6hMFW,Cj9ECoDmxsHTDzCY5ZA6RWrPbg9uFzEC1Qc2kso2vJG6,2904.2971088199874,218.23215039999008,2918.685000022398,1.0049540011449642,1.1674740000089592,0.0,404.16310158,113055.79281065,406.1653260479796
RoBgmK8CvjdHvPrqdDyVw54VwjZv2TqJ493xnqJAQHx,ExiHJxM7qPAcy27NDHAF6G7vnW7muNHi2sVJpnaNynGQ,6rkPHSqZb7StM4HwS9EuVrmfkV7tRdc7dnsFhyB6cefE,4.2569720000006654,121.50487699999927,0.0,0.0,0.0,0.9560000956000095,6414.977348,16.654183,15.921400540140054
DEDaBEWzMCXohXYXoLzB4jK1xqMsd3SS9izXp2xvg9pe,GC5zHpW5GuVdw3C7covC6viyGdLS8ZAaVGDKMeru7p78,F8juxtAFueW19vxkdDArUkjVWAv9QV6yy1wCXUWQiXvh,1049099.5439779111,2090.0584748102992,1049099.5439779111,1.0,419.63981759116444,0.0006365080116586088,1045.16172816,3972379.96384948,3573.6134005023287
vEnkoSUkpnbRrPgBz9DfcVxNz67zjwMYBZraAvDDNSf,DtfyjjsZ5yCjWKLKHvwsfXs5QVsmm1QkK6Sh9JZHoq1g,e5wrKCRv4GhHvEf1VD5Pq2KGaZDXP77nTL612Jyrxwy,21337.35843800003,21342.71494899998,21257.282255742644,0.9962471370347898,2.1257282255742647,0.9960883610063281,15904.810828,20394.122658,36159.47046504416
C2ypsDADXcCRz8HbV2zX1AXPSja7a1P3xZtRC91xGhJh,J9bYNuDpY1d1T86gLaw7DGk5D3CsUAf2tzUwxMvb6FTv,A2NGvvPrMGzsJ4jb52KEnSBVmsA7C34dV1GC7PerdgvG,11.350113000000306,11.527448662999404,1531.4520003870157,134.92834832454747,0.6125808001548063,137.13124721966398,2870.136888987,1024.174234575,527709.1200538855
wrmcMSHFi3sWpAEy4rGDvQb3ezh3PhXoV2xNjgLBkKU,8p4mGnARWPBu6P2Gcw4adodLkNDorrXniZMhaY7eJXUn,AyY89zccbsgp9LKFgH4CFZMJmpSgqmPSdTfukhP227rc,0.01711578000000004,0.16075777000000357,5.971593050031414,348.8940060009769,0.0023886372200125658,3213.8839787883658,27.07347131,0.09943008,9765.32860282006
ALLwa5WNZbvQsRKAqe1jdRGemdYQnW8E5k4msbRFcYtu,CGoM82Hbz7QVqTgvQatYtjvDWBvoUJp5qm21P8iMs9yb,3dxNNww8TivyN5FMy5dCNdi3Zcxv6e4kUfSPxfFwpdNq,0.5536142529999988,0.5538055760000016,1779.8812146347695,3215.020576131687,0.7119524858539079,3218.632017020126,5.055319211,3.71785177,28219.35202373575
SoNcU2iwHMw6dGzsYNQkYFkUjwN1UdAjrWVRnStrZu2,8ivTTid27jZnYNc4w3CTA1Z6QS2twsFb8WMwUabeDJgc,CyXm53PMvHCbeXJBykU46Rcbo28xk5srhMZFg7gv6EYB,0.05484129599999932,0.05454976300000247,8.888156762375674,162.0705090991246,0.0035552627049502696,160.42511371734187,11.828863031,15.15140902,4347.776368509443
AURHmCnNwiW4uA2Qj1XvEh4iKgRUZYXtiY7FKAapUV5Y,BKWm4TRnTeKwfWXRyuzjRHU7iZDkPuXBX5b5V5jSVfGJ,A5Ww74HVrkj9nPeC7pHKLfgeDMEhBCpW1efQdz3TGLEg,0.020932665999964684,0.018486764999920524,3.2063353283141374,153.17376813443386,0.001282534131325655,134.87191618735434,272.472233259,1806.847052593,285428.52292097674
MATSnbbiTCv7Dc3trJrkrqjx7ckKdr6fwPoVwv9q3sD,631WX9JizSHJm4w6VanZeJAst9T8DeUUnPLesdGkCVtK,211maUSfpnXbPuW1iBu8b4dtJv5EbN1j7JJiEX5TZKEP,2672.5574849999975,2671.3647409999976,2663.7750187631354,0.996713834487694,1.0655100075052542,0.9972485911370529,21470.009125,24140.74998,45473.78402801137
MiMuMS9C4vBqcrYeeQPph1E7oAW9aNKvW9k6Zw9XffM,Afy2q2hh6Y474pshJa5fnQ6PfEchGyTbKrQpCZw2hr3m,5pXz9ksgjeL8Wgb37bksUaBFMLdFfsNNY3FQnikkCPtS,6.072874186999318,0.7124458609996296,0.0,0.0,0.0,0.0,25.8987551,7680.857835555,0.0
KZMu9QBEdL97EFgamLbN5DE1AoKBG4HdrKKJo4Vuon3,DD4ACBWyVqdaKWh7v5btsgqQCCMwbKnuL2xd9pv7Gyuw,GcYqiJ1MAuYbNTNYXm1F1gQYTfTgkErACAhNU5dpVj9T,52.08582704999981,51.847881859999916,52.34288715625515,1.0049353177402478,0.020937154862502062,1.0,1371.62878784,1718.3620365,3096.7602482296616
MATgk4zXLXtYkwBH678J1xZbRDZ45LicNzkRBHkxTuY,y8dALFo1bJrSzPYjMX14HJX448pXqYmrfXHD1K8MXih,GN7Yuet3UyiWS5YVkEHv6oQKi4HGBJc3XDPt9zQhAqZz,240.12006800000063,239.95756999999958,240.3551353223459,1.0009789574203571,0.09614205412893836,1.0,3700.293595,4394.080638,8097.996662872325
WiiQFxXqp8P9Fs1rt9SVcDyA3KUdJmUsog6wnVQAwba,3S2jpqSYxho6wiz3cafhjXruVY8cg4HYa2v3BqBHYFSj,Dfe67M6TfrG74gKRtdqys4e6E9QirPD53BkF4FujFjuv,568.4105683490034,568.9370578619946,567.919270474824,0.9991356637234835,0.0567919270474824,1.0,18322.177123503,8547.715303026,26854.05590417639
moFiBS1R4Lf3E3zzmBPnw3NF4RhWPkhREFviuzUaCAU,44ALBrpqi9PfZkBRTvbtRNtFJGsatfY4QydjtMbFWq8S,2ho8qEEie1UjVwWNBo9y4oAJZMyMLx8zPj9bxyUz6uWs,60.39951263200419,60.4025951299991,60.39142326124976,0.9998660689399315,0.024156569304499904,1.0,33938.190849424,30498.437859205,64432.08333075173
KwnjUuZhTMTSGAaavkLEmSyfobY16JNH4poL9oeeEvE,J63v6qEZmQpDqCD8bd4PXu2Pq5ZbyXrFcSa3Xt1HdAPQ,BnKQtTdLw9qPCDgZkWX3sURkBAoKCUYL1yahh6Mw7mRK,617.1165149999913,40330.04154899971,9.939517536392644,0.016106387197226093,0.0009939517536392644,1.0,281798.638255,498.444437,5037.202416386079
KEnkcdADoLR5jS2CLLLesy8TtFsyWL37BhXNfDMzWzP,3qsjFRuw1qeLMPo4DLwaQevenGAGBj9dA3Q6rb8ax2YR,77iEv8zPQAEyCcEbvBRSB6AFcUdfkhiqnAKtPxk76rNN,0.009822999999999998,1.7129049999999921,5.3023015778133774e-05,0.005397843406101372,2.120920631125351e-08,0.9981653720461792,129.365266,0.22877,0.9266437402196545
B2izdXFYb2sNwbWWHmh75T4aQFtfXsUxem9u2p61HGzf,4DYwgJtxwuJdAjkj5RJSNH4e7U329V5cNp7d3a1nLrZv,EXNW64GEf1ACC6xY9BtKRiunrs6GoJSXBdxWN2eTPmrF,2101.7233439999945,2085.5657829999964,2104.0314665187657,1.0010982047305894,0.21040314665187657,1.0,11940.539885,27800.293384,39753.9464263875
SAMGk1Nd4haC8zQA63DG37pzuEZy8j4q13tSFtCbcRE,9U9TnkHD3jXMAVZtynCVLgDruuqN4pTvLJTmVHCLWS8g,C6zoEbvqSknmi96QWq96UBiPCyNW3YSTvKhavR2BfifE,0.005553759999999963,0.010640999999999678,0.0,0.0,0.0,0.0,53.67045676,1.12347594,0.0
BSCuChvaSj9b5HUSqgDVRzcnr2sSn7cXaamt1jbKH6hn,GnKpRj5kBVPMJfiwZtEuD9GYApLzPdW5JFuZTcyX4BTc,3dmwD9okkomV9nDwyuh4UMhKdUR13QpuKxRo89ycZB5t,55.089875397000014,54.95360154800005,55.13951888433956,1.0009011363155533,0.022055807553735825,0.9983297942542126,1231.285640319,1778.878720304,3008.3028233686
heyk4SZTeCUV6a65WiVA5bzic3KcxgVf1qxobfeV4tQ,9ZDpBKPqMABtGfq66FbVribaArMvtk63xxy91onZAtDt,DaTP4s6N7xxSPinbNZ3FB52EpRDRt87QShTuN3VPCW52,1.7188449230006881,1.4776411499998403,269.433474494416,156.7526371279907,0.1077733897977664,134.755234634467,605.361690573,4494.95721742,700611.0559188995
BSCNHw8CmxbZ8hCWWzMf5FaG2ajPT6JxfznKUNuRVrn4,7n9kgNL633yGzCYksgnzHyjG73ZLBAwvEae5sbAekbzW,SscdxE99omdG9AiMVwmaEMQySQnCgeAh1sPj2Leutm2,4.419290637999893,4.445558694999818,4.392991349516285,0.9940489796580768,0.001757196539806514,1.0,7803.131416605,3914.081429789,11670.776252603084
GokA1R67GqSavkd15zR62QD68Tuc5AEfvjssntVDEbM8,3YB7hfpBdbQEuZqLGWVDpRPmeZWCUsrrWyqGXegnQ6Cg,4DPCj6Z1DsG6HUtwSogBGqXEUxdEV5a8YVrrFtcnz7UW,52520.55442699997,52529.48408999998,52508.00501380166,0.9997610571073512,5.250800501380167,1.0,20814.434812,11672.781186,32482.24253673717
Lee1XZJfJ9Hm2K1qTyeCz1LXNc1YBZaKZszvNY4KCDw,9DgFSWkPDGijNKcLGbr3p5xoJbHsPgXUTr6QvGBJ5vGN,2hNHZg7XBhuhHVZ3JDEi4buq2fPQwuWBdQ9xkH7t1GQX,1443.3390852211305,1203.302818401995,233086.10455261057,161.49088383960725,23.308610455261057,134.5833253144102,6491.610251716,54119.447124811,8331911.035326332
Lid8SLUxQ9RmF7XMqUA8c24RitTwzja8VSKngJxRcUa,4PgzyzLtds9bKZ2to9PMnKqJzKEUpjvNUaeN23phegax,AtymwxoVN9peZo7EXTcDz9jKVc4vRmisJKKrNfe3ewBa,119.07116483801371,100.51277370199921,18991.970374604654,159.50100429807358,1.8991970374604656,134.48944042709542,955.382605957,7632.29704638,1178847.8440800717
MiMUFdSLMyCLpqpH6zkqdDrGYs7XBomwENbivdYjv9V,,,0.09926468499999991,0.09554890799999999,0.0,0.0,0.0,134.48944042709542,955.382605957,7632.29704638,1026463.3589410194
parEAJhzYzHW87y9VoZAQ22dzQ2MD2ekEtTReaxbMcz,3oyc6hpjYSJEquK6dSvG72NXyz3pqLZz5D8AC71pwgQb,Di2vordgFJVZ1aj1aBpvzXtLfZgJsuLLXawGtVFwX6Rz,0.08861744200004296,0.1053185549999398,11.665486788809359,131.63872174062195,0.004666194715523744,156.4950614853447,1105.944561755,137.108438551,167041.92194661888
MiMy69CnJDY4V6cQWkU3HHfTyb8pqXJmhX4MisFYDnM,,,0.010976100000000016,0.009364299000000003,0.0,0.0,0.0,156.4950614853447,1105.944561755,137.108438551,21456.793521198353
SUiuyGR7SFq3xeRVJonq84fjjeFwRSsFekcevJ53tzy,49GjCCPsv7fBqo6t3iKDrP1xxGDS8uWZbVCdfnp2gjMf,CEwj5xEbbJEjYqM8D6Ai8ByGz1mrh8mkAVsE5fzDSSSx,0.07004599999999983,11.773970000000077,0.00037748235972163215,0.00538906375412776,1.5099294388865288e-07,0.9563127640020925,701.420201,1.269681,4.9942103281330485
SERgf3DMJpQxUifu7VoFKmfne73d2fDJxSrxUMrcNJB,AJfM2GZ2tTB8UtN2krcyR9xufRJEx2mhSCbJyMgPo3GU,F4yRYkufQvERZcEKnKjJwRLU1btiMBUuEwq46hfm11QD,0.02996473600000016,0.029999999999997584,4.029926485639155,134.4889701560906,0.0016119705942556622,134.38308020264432,29.064058595,27.907454536,7659.085010160761
Sid7E679i9ABqptiAVhkmQ27YHN8vaYT4fppPwmxFsJ,GP7KB8o1bv527HG8kTzzzf4wJ5aEGHvcMQvVhLziUfmT,9gYxhAZ1M9wu5pxr8SBoa5NDm21gi3s9vMHaYTME77sa,705.889238999991,2128.677613999953,3.801689883646433,0.00538567479656179,0.0015206759534585731,0.016062039821555237,135458.731017,8884.334177,872.2372029514779
SRMuKizofcAMicegrfSv7xs9q76tH1w8aAF7oX9FEWu,72Hj2KWntXPfbie4UgKeTPnm1XVkomDfCnRPKbvfTtPi,6aqJQ5wedqpUt4fFEDUqUmXhrdxCu4bEJsQdVPCADLko,2.2905270000010205,0.024609000000054948,0.07437392939579957,0.03247022602037279,2.9749571758319827e-05,0.03258892727973152,16653.778411,5251.311544,711.8865591290055
daob129AwBGn9Y5r91uLoWZeYiGzbPmksauMhFZKTze,6VW5GQNyj4LStgmxEHLr5zUfW92vQnmbw8jTnCH7a38F,4VPCCUifPeBA1c7HWK358CHn2nyjm8pdTRk6Ps3KmnMQ,4.242652664000076,3.783405148000014,637.9099055536499,150.35638221494497,0.25516396222146,134.4036523386101,47.786828293,224.952786624,37419.53074567589
C98Sspw7XqnMsgxea3SLQVdbMDL8pKUc3RE82UvX9eq2,CSqgQJurPCzGxb4Cgwx5R61hWQUiaoUHcShNc8r1cKEL,6S2CR5EnukPhC914XkAns8m5GixjMAoUuZMsS5ubHuWc,13.272464999999983,14.79546599999992,0.0,0.0,0.0,1.0,664.176639,66.113155,66.113155
MARpDPs5A7XiyCWPNH8GsMWPLxmwNn9SBmKvPa9LzgA,6YjT74rmcfCpw8LSjPNx5JTmZoYLGrTKnf9arfSgZ4SR,F8GSmi3vA8M8TsybLya1LQ4n1aFHCRbZ6k437PeTdXtg,139668.53981999992,143584.8193190003,133056.17990351486,0.9526567691979393,53.222471961405944,1.0,296279.239539,16734.05886,298986.4819796461
FrnkTEL6yZ5Aycq2TrEgu29dCrwKG4LPUZydfiwqspkc,DjvZuMZ46fxKBoBpGMPcRcos4xdTtHFxwMh69DpA2ZFY,9rvDPJLAng4uVVqnnSoEXgNDFhBZQTny9AoQioYDZbQX,12.099876477998833,9.976786854999887,1975.8432696129078,163.29449917985337,0.7903373078451631,134.39243531860077,166.55844237,1447.24710717,221697.14067136194
BSC8REUo9LpiiWUuqMuLXs2D2yJsJfGd4HdiF3wCLxk5,AZjEH1zWVx1UJ6udMyRijGTzPteuLnaY18yNNmprJEsh,Caf8ypkSVR8xYnXNhjvfvdGCC7mrM3C11rz8Xi6NA6aK,358.504970986,358.31954986200026,358.55624381175255,1.0001430184513525,0.14342249752470101,1.0,3086.558448356,3153.659018078,6240.658901243292
STK75uPSyBnEhGTTzb1nwmP3n427XoXmfRhXxxhyady,6TYyD5fUmDe6N65avW1Ny2RxzRNobw2RRgKwH9CTzSAU,54zDfk4cx2vGrEajPtodWpArNe5eUurytyxd4X3aZAxK,401.2474442339993,457.0023792079926,53886.06542917948,134.29634556813332,5.388606542917948,152.6992882228078,1909.20472236,319.096781822,305125.0686127786
YAkoNb6HKmSxQN9L8hiBE5tPJRsniSSMzND1boHmZxe,CfWX7o2TswwbxusJ4hCaPobu2jLCb1hfXuXJQjVq3jQF,EnTrdMMpdhugeH6Ban6gYZWXughWxKtVGfCwFn78ZmY3,3201387.8276420096,3197536.599924004,3201387.8276420096,1.0,320.138782764201,0.9983905943618887,328209.808057,1603414.449715,1929043.7135163995
BUSDTd9WiT6uBHJRgNvFXBsA7JrifsAtWzKfioN7ERcy,DyBxrn7gSc1EwnpWhDyhzvMHPtxpmBqRqotapLcKcfTM,Cds99GeBgoCpqBsoRWu1C6fF9LiUMd4pXQQD24s9LPff,56.48866952,56.617325339999994,56.25689729141806,0.995897013851603,0.0056256897291418065,0.9990409207161125,115.5026638,70.85768006,185.81847989727578
DFWzVTzNBrQZLjoQ4yQwkj9HuoXmfkuZP9V5vbymZe23,DhgiEgiNdqZdRdo195UUHnoEJUtefK8buko8nU97XJUZ,2K2kkXsouBHtWVjtcgkyiXd8eP3oVBvq1bTJzcVdLLr2,13.754053865002788,13.757641877000424,13.514764698312755,0.9826022808228994,0.005405905879325102,1.0,46066.707247977,21985.876133987,67251.12774584998
KysFMBBoavfov2tLpvefWW6tPFt6rAeZWDJVy1mMQae,B8ka2V21TH3x64dFV8ETcjuQcwmrciJ2qzy1mJUttRew,7fSf7EYxBANyxzk2s5pymFgshA91tFYQNKKs5UnLWcYS,101.0711710000005,123.95504299999448,0.0,0.0,0.0,0.01605834265667326,130515.536238,3135.686,50.35392025173315
AUSejoEUCh2DBs9mof6BNC8Pubs22w4cJa1ccV9h44R,4xkyD7AfGQDwsQMy9MosRRNGoVJ1zosNinesxg1TzHG7,Cbm5gsQe3nSiCsFrvepVzMCD9xLK3ri9g3ypS2hdmVJ7,57.42718200000127,57.38160399999833,57.477359735049966,1.00087376279492,0.005747735973504997,1.0,14112.62995,14774.223116,28899.184156988784
NorjjEePhxfwLF4vZjUHCrVVKLzQjEEGQFd3wgjEJmh,34M8pFVqgbV7aqHxvRT5tCv3vu2P1JJYT8J3VaxBK2oG,3AZWBSze3ucsY3xSeuLne3b2pauVqiaJ1SZSV5T9WGWw,0.0011429999999563734,0.0011429999999563734,0.0006406979403250538,0.5605406302270414,2.562791761300215e-07,1.0,38282.830306,2105.022587,23564.104413600122
SQDY9uoDoCbNq7F3HAHYYQZbrUzpKxDtdWLvYcqBLak,GiehZ4X2uQjhEKuxSm3ACmEFrabxh3RTvjbLfLjw1xGX,rxDQYV77NKRKYxCjq4cECX3QQsiSyLv1T1FT2X3zNA2,0.7055428619999873,0.707729999999998,0.7077715596174372,1.0031588408550152,0.0002831086238469749,1.0,154.072827396,252.658999332,407.2185182698262
SoN9GaFpSXfpyR5dth3x7PHPVhvJMpQqqDJfCSmPv1t,9kZ9iS68ViMPtoeqtnhAKuF2iqVyfHPdZHoUNdwCELr,BBhm5fJLjw3HRzjtKB8uMEYjGhY6EDm9co3cqpjrSzB9,0.01699986500000028,0.017147829000000225,2.751602011598949,161.86022721938696,0.0011006408046395797,158.37253845522793,2.984752151,5.042163442,1281.6528849701033
KEN5P7p3asnb23Sw6yAmJRGvijfAzso3RqfyLAQhznt,9zj4aX38Uxf3h6AUjS4EipWS8mwbEofasHAf3a1uKGds,CwQDG1MWunn9cLNwcZLd8YBacweSR7ARo32w4mLua1Yr,24511.114177999785,24514.527418000856,24318.14966044416,0.9921274685371576,2.431814966044416,1.0,930325.429674,875352.100818,1798353.5142762093
KEVpg4SYCVrqFxKijQH6hm4QxsRdoE51ud64bEEFUC9,2bPenuBYfqzD8p5dFjCcggwkHDsc2RQDnx9AoyYGUBjA,AE6n6iLuX8oYu61vt5hoDYkjswpnxFxrhSehxrnQTnbx,7.075288793000254,7.072156000000177,7.072184591945128,0.9995612615758953,0.0028288738367780513,1.0,5034.19799456,2521.760666729,7553.749965194235
JSoLLrxK5bYdHwTEWYaGgmeycBCNXKDiBCTw5hXGBg7,xG4wXczA7Dk4hccJ61CHKpDHW4NrNfQwgmWgkb9BuF2,BVR6WgfhsRr9Lob4QDnkEAiNGgAbv7ZieKcY9kSg3QYR,0.3510182770000938,0.29548322699999474,55.87168533815394,159.17030251430185,0.022348674135261575,133.85447341650158,17.199298498,172.06432631,25769.197336950587
BUSDgu5JdqP1rndBvXvanbEufS94FNh1w5FJcAj6vawb,Bgzr8cWubt89JQFXndVjtdKmDbGzuPxNhvjH1EhWCwbo,Dxaf8xPBBQsasRKW5Aa4Sw2YrbfGofY9xZueyyF23FBW,4895.056178730001,4896.021251330001,4899.3445260001645,1.0008760568037598,1.9597378104000656,1.0,7185.66520586,8070.89285793,15262.853114683134
CZgvH45CRmoaNJ7395Ao5CQZXkGznvqU7cErD6n7FaRg,4ZjU6MKvtqVQKCiowhvZ5yUsPxXX5SCzd5eFsPeXyey5,BsyWeshjDbCvjDojry3vKDCesmFRM37WtwcR4Kfgzqr,55.43434387999994,57.345072209999984,58.870489549570536,1.0619858634388981,0.023548195819828217,1.0,155.74482923,652.3524562,817.7512631459653
MAR3XM1n9xWPQ3HJjAcC85o8DopWFP5p2WxGTaZ3fPB,6qG7GUhER8Cg9gDEgnebph9LdS6eu2eoWcA4R7z9uizK,4QV4CwRXVMY227KkFF9voNAfwWHVvVajXSXDKbUHkWZR,0.004822999999999994,0.2659830000000021,0.004596787490790693,0.9530971368008915,1.8387149963162775e-06,0.016055016044580286,0.094504,25.150238,0.4938589664312443
HEDSDjj84KS7LKhZY7ejkCACTdPen62rKhCby1wXtgxc,EnnjMSFttpCTywBrYNt1J5QQeoSVkvzPipJDa8Y7kJow,6bjVT6JN2rSvpyn9PdfLYC8wJn4LWh49jpY47fnLDXZk,16.843586094004422,18.760441149011967,14.83763627989353,0.880907200941911,0.0059350545119574135,1.0,43589.27587181,4596.081909317,42994.18890863792
RajgMbScQbqqrdJfR2rxfHJiTiY5b6bJ2tTXiF4aPxy,725ZA3fhyBAKb5iopNRrcbSuQa3LXA1656Q3mBvYPxeg,GLA6i1dSZpUfk2f9Nj8uiG7xyDdAR2reff8oEiZH3617,58706.22023673998,58779.49728486998,58622.29597160407,0.9985704365772916,23.448918388641633,1.0,131734.21436987,52587.12579314,184133.0177486276
