0,1,2,3,4,5,6,7,8,9,10,11
JSoLLrxK5bYdHwTEWYaGgmeycBCNXKDiBCTw5hXGBg7,xG4wXczA7Dk4hccJ61CHKpDHW4NrNfQwgmWgkb9BuF2,BVR6WgfhsRr9Lob4QDnkEAiNGgAbv7ZieKcY9kSg3QYR,0.7919777250000628,0.668277971999995,133.5688830055569,168.65232289903898,0.053427553202222755,144.43578471672964,17.143279177,172.138431454,27754.203282273244
GokA1R67GqSavkd15zR62QD68Tuc5AEfvjssntVDEbM8,3YB7hfpBdbQEuZqLGWVDpRPmeZWCUsrrWyqGXegnQ6Cg,4DPCj6Z1DsG6HUtwSogBGqXEUxdEV5a8YVrrFtcnz7UW,4695.330001999968,4695.779267999998,4695.020130671344,0.9999340043557127,0.46950201306713446,1.0,18756.614427,13748.218691,32503.595263146242
MiMUFdSLMyCLpqpH6zkqdDrGYs7XBomwENbivdYjv9V,,,0.12225879700000003,0.12372133499999999,0.0,0.0,0.0,1.0,18756.614427,13748.218691,13748.218691
KwnjUuZhTMTSGAaavkLEmSyfobY16JNH4poL9oeeEvE,J63v6qEZmQpDqCD8bd4PXu2Pq5ZbyXrFcSa3Xt1HdAPQ,BnKQtTdLw9qPCDgZkWX3sURkBAoKCUYL1yahh6Mw7mRK,47.36124800000016,2894.4415419998113,0.7651435751015102,0.016155477471824806,7.651435751015103e-05,1.0,281397.035885,505.198431,5051.301904878394
MATgk4zXLXtYkwBH678J1xZbRDZ45LicNzkRBHkxTuY,y8dALFo1bJrSzPYjMX14HJX448pXqYmrfXHD1K8MXih,GN7Yuet3UyiWS5YVkEHv6oQKi4HGBJc3XDPt9zQhAqZz,767.124147,767.4188909999993,767.000659893757,0.9998390259168273,0.3068002639575028,1.0,4386.02268,3709.618414,8094.935058020312
C98Sspw7XqnMsgxea3SLQVdbMDL8pKUc3RE82UvX9eq2,CSqgQJurPCzGxb4Cgwx5R61hWQUiaoUHcShNc8r1cKEL,6S2CR5EnukPhC914XkAns8m5GixjMAoUuZMsS5ubHuWc,15.820036000000044,16.37877100000003,0.0,0.0,0.0,1.0,859.073181,186.085398,186.085398
MATSnbbiTCv7Dc3trJrkrqjx7ckKdr6fwPoVwv9q3sD,631WX9JizSHJm4w6VanZeJAst9T8DeUUnPLesdGkCVtK,211maUSfpnXbPuW1iBu8b4dtJv5EbN1j7JJiEX5TZKEP,2239.7658910000027,2241.2963559999953,2231.5226463444064,0.9963195954145386,0.8926090585377626,0.9957422063257512,24885.798703,20734.662108,45440.587090179484
ALBpShJ9NLpE739pcHDF2LNVk5J4VYPvvKuV6jMPitZi,D6d156U1bPiJpDYRLextvDRccgFk7QzkQbJg42ceKEu5,GNcM8U5g8RwTZffwwm3kSQqUNPSwv5d2fbN9sLxPJqt2,292.24501400000736,291.7470119999998,291.6104696181183,0.9978287246950636,0.11664418784724734,0.9957422063257512,45008.52157,55370.327508,100045.36775639871
KysFMBBoavfov2tLpvefWW6tPFt6rAeZWDJVy1mMQae,B8ka2V21TH3x64dFV8ETcjuQcwmrciJ2qzy1mJUttRew,7fSf7EYxBANyxzk2s5pymFgshA91tFYQNKKs5UnLWcYS,9.818031000000246,12.003648999991128,0.0,0.0,0.0,0.016155477471824806,130519.098781,3132.92262,50.613860808380345
YAkoNb6HKmSxQN9L8hiBE5tPJRsniSSMzND1boHmZxe,CfWX7o2TswwbxusJ4hCaPobu2jLCb1hfXuXJQjVq3jQF,EnTrdMMpdhugeH6Ban6gYZWXughWxKtVGfCwFn78ZmY3,3051098.937197021,3052083.529188995,3051098.937197021,1.0,305.10989371970214,0.9957422063257512,2806266.346924,783598.730223,3586528.675430307
daob129AwBGn9Y5r91uLoWZeYiGzbPmksauMhFZKTze,6VW5GQNyj4LStgmxEHLr5zUfW92vQnmbw8jTnCH7a38F,4VPCCUifPeBA1c7HWK358CHn2nyjm8pdTRk6Ps3KmnMQ,10.371034786000074,9.278584176000017,1640.361518269633,158.16758424954543,0.6561446073078533,144.43578471672964,48.883099583,223.77018048,40052.14338550609
4xeRVccqvUgiV6VeF6NkWqkAYeewcJPRWFVginvJw1n4,A7VkMFrnCCyeZFUrQ3TzDr4xFep7PZtxvy3jJnBjLB2a,PhfHJ2Yu99BsEjZrefhApqUnLUiExcECcUT1YLoNUUv,30.74128066300019,64.59769016499877,14.623216598331247,0.47568664294235347,0.005849286639332499,1.0,1345.760122092,35.350106059,675.5102207426353
MiMuMS9C4vBqcrYeeQPph1E7oAW9aNKvW9k6Zw9XffM,Afy2q2hh6Y474pshJa5fnQ6PfEchGyTbKrQpCZw2hr3m,5pXz9ksgjeL8Wgb37bksUaBFMLdFfsNNY3FQnikkCPtS,5.612943849999283,0.084503085999998,0.0,0.0,0.0,0.01652996878381515,25.904463778,7680.5794235,126.95973811206797
Lid8SLUxQ9RmF7XMqUA8c24RitTwzja8VSKngJxRcUa,4PgzyzLtds9bKZ2to9PMnKqJzKEUpjvNUaeN23phegax,AtymwxoVN9peZo7EXTcDz9jKVc4vRmisJKKrNfe3ewBa,75.77373577200603,64.37241073799964,12780.50074963986,168.6666312466741,1.2780500749639858,143.4886157567145,981.951172552,7601.01252463,1256281.1618316758
B2izdXFYb2sNwbWWHmh75T4aQFtfXsUxem9u2p61HGzf,4DYwgJtxwuJdAjkj5RJSNH4e7U329V5cNp7d3a1nLrZv,EXNW64GEf1ACC6xY9BtKRiunrs6GoJSXBdxWN2eTPmrF,1003.9150439999867,993.7888400000065,989.4385683070856,0.9855799793225319,0.09894385683070855,1.0,10886.791362,28864.739245,39594.54285044868
MARpDPs5A7XiyCWPNH8GsMWPLxmwNn9SBmKvPa9LzgA,6YjT74rmcfCpw8LSjPNx5JTmZoYLGrTKnf9arfSgZ4SR,F8GSmi3vA8M8TsybLya1LQ4n1aFHCRbZ6k437PeTdXtg,24884.02848299999,25828.55290999997,23400.352531117045,0.9403763762408266,9.36014101244682,1.0,295461.5256,17319.227369,295164.2661313142
RajgMbScQbqqrdJfR2rxfHJiTiY5b6bJ2tTXiF4aPxy,725ZA3fhyBAKb5iopNRrcbSuQa3LXA1656Q3mBvYPxeg,GLA6i1dSZpUfk2f9Nj8uiG7xyDdAR2reff8oEiZH3617,2566.313480170007,2572.304983579961,2561.396572082306,0.9980840578808108,1.0245586288329225,0.9597980154985881,136003.97656919,48347.76674492,182147.49139766672
moFiBS1R4Lf3E3zzmBPnw3NF4RhWPkhREFviuzUaCAU,44ALBrpqi9PfZkBRTvbtRNtFJGsatfY4QydjtMbFWq8S,2ho8qEEie1UjVwWNBo9y4oAJZMyMLx8zPj9bxyUz6uWs,251.98065130899704,251.9166350029991,251.90692016871904,0.9997073936435398,0.10076276806748763,1.0,34317.054628429,30121.254586251,64428.26782636073
SEQV6QiTpvTzrceiaYg9Avnwf7oc8ZALpnQMz6TyT4A,3dFMPj4r9mMmPHF32mz1gNDX7f8ftidWof7S8YiYTs1j,Fc1ED3YPeQfXQosHbd8DTaBd2AV5gHQtwiSAL5C5pUhi,54.05499742500069,54.046680106999474,54.17324510504539,1.0021875439030177,0.021669298042018156,0.9997780492730615,1303.301738088,4268.788286134,5573.993593329693
DFWzVTzNBrQZLjoQ4yQwkj9HuoXmfkuZP9V5vbymZe23,DhgiEgiNdqZdRdo195UUHnoEJUtefK8buko8nU97XJUZ,2K2kkXsouBHtWVjtcgkyiXd8eP3oVBvq1bTJzcVdLLr2,2012.3459274669985,2001.0221409810038,2003.6013137205337,0.9956545176318308,0.8014405254882134,1.0,37997.60744036,29974.961420132,67807.4509273273
Sid7E679i9ABqptiAVhkmQ27YHN8vaYT4fppPwmxFsJ,GP7KB8o1bv527HG8kTzzzf4wJ5aEGHvcMQvVhLziUfmT,9gYxhAZ1M9wu5pxr8SBoa5NDm21gi3s9vMHaYTME77sa,438.0046730000049,877.7355389999957,2.411593457692072,0.005505862394513871,0.0009646373830768288,0.016135847311253105,135582.708425,8845.70625,889.2327010737437
BUSD5rCfUDpCxKGMvYU2yThChxgHoioK74PTPociGnv2,CcFHbafgYDZ8yA8Me1PdtDiVb2eeaS61LbqyKKK5CsNZ,26R9s4nmF3CFDTkiePDwRmtscn8i7r2eygbSijditJ58,0.5774051900000003,0.5798364000000049,0.5754611670853526,0.9966331738122275,5.7546116708535266e-05,0.9597980154985881,100.10940747,48.46781066,146.29166498231692
BUSDgu5JdqP1rndBvXvanbEufS94FNh1w5FJcAj6vawb,Bgzr8cWubt89JQFXndVjtdKmDbGzuPxNhvjH1EhWCwbo,Dxaf8xPBBQsasRKW5Aa4Sw2YrbfGofY9xZueyyF23FBW,7891.573632669995,7890.960668579999,7897.3361609198955,1.0007302128216917,3.158934464367958,0.9597980154985881,7451.51922293,7830.65717599,14972.809635372647
AURHmCnNwiW4uA2Qj1XvEh4iKgRUZYXtiY7FKAapUV5Y,BKWm4TRnTeKwfWXRyuzjRHU7iZDkPuXBX5b5V5jSVfGJ,A5Ww74HVrkj9nPeC7pHKLfgeDMEhBCpW1efQdz3TGLEg,0.013073542000029192,0.011531150999985584,2.0998381619250046,160.6173875389176,0.0008399352647700019,143.91988843330248,272.487962482,1806.82927294,303804.97204921127
parEAJhzYzHW87y9VoZAQ22dzQ2MD2ekEtTReaxbMcz,3oyc6hpjYSJEquK6dSvG72NXyz3pqLZz5D8AC71pwgQb,Di2vordgFJVZ1aj1aBpvzXtLfZgJsuLLXawGtVFwX6Rz,0.8253783020000185,0.9759838470000375,113.10695205339854,137.03649802681147,0.04524278082135942,163.32372935363492,1106.942930825,136.27068166,173947.81868606622
Cob4usZcpHEY7Qt4ZCwj6WVg9S44zvzYV2v9qYF65dTf,NhFM9UXE48PyNAyeyPYA3iXztqKVJwA4bTdLj4ysM8w,6TuFuynuBoeskxyR2cz4wxyidk8dpDK7kAWw3UkjQGx,3.502714999999995,637.541796000005,0.019266447256982986,0.005500432452250044,7.706578902793194e-06,1.0,39552.167535,68.405496,285.95952186634463
MiMy69CnJDY4V6cQWkU3HHfTyb8pqXJmhX4MisFYDnM,,,0.053733661,0.05467473100000001,0.0,0.0,0.0,1.0,39552.167535,68.405496,68.405496
KZMu9QBEdL97EFgamLbN5DE1AoKBG4HdrKKJo4Vuon3,DD4ACBWyVqdaKWh7v5btsgqQCCMwbKnuL2xd9pv7Gyuw,GcYqiJ1MAuYbNTNYXm1F1gQYTfTgkErACAhNU5dpVj9T,12.128725629999735,12.106912080000257,12.190845913981315,1.0051217486384496,0.004876338365592526,1.0,1364.9065901,1725.20266039,3097.0999589594553
vEnkoSUkpnbRrPgBz9DfcVxNz67zjwMYBZraAvDDNSf,DtfyjjsZ5yCjWKLKHvwsfXs5QVsmm1QkK6Sh9JZHoq1g,e5wrKCRv4GhHvEf1VD5Pq2KGaZDXP77nTL612Jyrxwy,1428.2550449999835,1428.3339110000124,1426.8766821250508,0.9990349322554413,0.1426876682125051,0.9944509636229838,22653.969211,19079.102086,41605.33805051222
KEN5P7p3asnb23Sw6yAmJRGvijfAzso3RqfyLAQhznt,9zj4aX38Uxf3h6AUjS4EipWS8mwbEofasHAf3a1uKGds,CwQDG1MWunn9cLNwcZLd8YBacweSR7ARo32w4mLua1Yr,20026.06211299973,20025.53054999991,20001.979729405528,0.9987974478727613,2.000197972940553,1.0,931811.291752,948869.043625,1879559.7837259187
wrmcMSHFi3sWpAEy4rGDvQb3ezh3PhXoV2xNjgLBkKU,8p4mGnARWPBu6P2Gcw4adodLkNDorrXniZMhaY7eJXUn,AyY89zccbsgp9LKFgH4CFZMJmpSgqmPSdTfukhP227rc,0.010607939999999275,0.05552333000000488,4.09572972972945,386.1003861003861,0.0016382918918917799,3179.650238473768,27.01272928,0.10643269,10768.04393277311
WiiQFxXqp8P9Fs1rt9SVcDyA3KUdJmUsog6wnVQAwba,3S2jpqSYxho6wiz3cafhjXruVY8cg4HYa2v3BqBHYFSj,Dfe67M6TfrG74gKRtdqys4e6E9QirPD53BkF4FujFjuv,2983.3557703259976,2982.0420481269975,2985.1686483202793,1.000607664031328,0.29851686483202794,1.0,9831.264461521,17048.612732743,26885.851300059738
HEDSDjj84KS7LKhZY7ejkCACTdPen62rKhCby1wXtgxc,EnnjMSFttpCTywBrYNt1J5QQeoSVkvzPipJDa8Y7kJow,6bjVT6JN2rSvpyn9PdfLYC8wJn4LWh49jpY47fnLDXZk,10.421235192002314,11.421116230996631,8.952058243450036,0.8590208433564781,0.003580823297380015,1.0,43690.871048869,4506.544656534,42037.913551912585
STK75uPSyBnEhGTTzb1nwmP3n427XoXmfRhXxxhyady,6TYyD5fUmDe6N65avW1Ny2RxzRNobw2RRgKwH9CTzSAU,54zDfk4cx2vGrEajPtodWpArNe5eUurytyxd4X3aZAxK,182.54726601800013,207.6380113319949,26272.182159114967,143.91988843330248,2.627218215911497,164.36136160239178,1924.94837486,318.215754496,329340.7300420131
4vezWG46exH6pf9nry3n1VJ7hZHvjBJNgNeF4qEFCML5,,,0.3414520000000003,0.3408570000000015,0.0,0.0,0.0,164.36136160239178,1924.94837486,318.215754496,52302.37469229498
SoNcU2iwHMw6dGzsYNQkYFkUjwN1UdAjrWVRnStrZu2,8ivTTid27jZnYNc4w3CTA1Z6QS2twsFb8WMwUabeDJgc,CyXm53PMvHCbeXJBykU46Rcbo28xk5srhMZFg7gv6EYB,2.4153981699999996,2.4064717230000046,418.3716041273912,173.2102016651736,0.16734864165095648,166.6949492430549,11.72649197,15.260288985,4574.961136737664
SAMyS8Jr2HJrkFwYVKbpUwsNStnQmvz3f8Tup8bWUWF,6jPzm5TFfquvgm25sTyN3MMGBfufRaFHMxobDWv6hMFW,Cj9ECoDmxsHTDzCY5ZA6RWrPbg9uFzEC1Qc2kso2vJG6,377.7586381000001,6.046976689999951,379.69342289035137,1.0051217486384496,0.15187736915614056,0.016322489235862294,402.92724572,113136.58207561,2251.661580903556
heyk4SZTeCUV6a65WiVA5bzic3KcxgVf1qxobfeV4tQ,9ZDpBKPqMABtGfq66FbVribaArMvtk63xxy91onZAtDt,DaTP4s6N7xxSPinbNZ3FB52EpRDRt87QShTuN3VPCW52,9.35228856800029,8.035433729999795,1559.6370266951674,166.7652805358902,0.6238548106780669,143.9693471983493,601.100316663,4499.931287572,748094.8328476859
Lee1XZJfJ9Hm2K1qTyeCz1LXNc1YBZaKZszvNY4KCDw,9DgFSWkPDGijNKcLGbr3p5xoJbHsPgXUTr6QvGBJ5vGN,2hNHZg7XBhuhHVZ3JDEi4buq2fPQwuWBdQ9xkH7t1GQX,515.7159086020692,429.12982114802253,89460.50209126237,173.46857174477984,8.946050209126238,143.9693471983493,6453.574137311,54165.492734486,8917662.91790927
7dwD9TF6uikvHXxPFK9AsSim54yJoujQjY9vU6gNFumk,CquVr6atkvwueDYficKjn6SSEWq4F4rH4VSiBbW4GBWU,8BCa6ge3b7ho3TfZuM64Vk1hgbrJ3J7EPiAb9uP86CGd,0.000282998,0.0002888229999999997,0.04800920697560047,169.64503980805682,1.920368279024019e-05,173.46857174477984,0.004784811,0.002743459,1.2876233669393902
ALLwa5WNZbvQsRKAqe1jdRGemdYQnW8E5k4msbRFcYtu,CGoM82Hbz7QVqTgvQatYtjvDWBvoUJp5qm21P8iMs9yb,3dxNNww8TivyN5FMy5dCNdi3Zcxv6e4kUfSPxfFwpdNq,0.15096979700000013,0.15107541199999996,479.741323206966,3177.730464901967,0.19189652928278642,3184.2570332277223,2.436802502,6.339500284,27930.099914030878
AUSejoEUCh2DBs9mof6BNC8Pubs22w4cJa1ccV9h44R,4xkyD7AfGQDwsQMy9MosRRNGoVJ1zosNinesxg1TzHG7,Cbm5gsQe3nSiCsFrvepVzMCD9xLK3ri9g3ypS2hdmVJ7,354.14950499999395,354.09011700000156,354.2618059924936,1.000317100520865,0.03542618059924936,1.0,14332.378317,14555.84052,28892.763641629557
RoBgmK8CvjdHvPrqdDyVw54VwjZv2TqJ493xnqJAQHx,ExiHJxM7qPAcy27NDHAF6G7vnW7muNHi2sVJpnaNynGQ,6rkPHSqZb7StM4HwS9EuVrmfkV7tRdc7dnsFhyB6cefE,12.003648999999314,0.16567899999999725,0.0,0.0,0.0,0.950620945601667,6411.414805,16.704271,15.879429893606503
BSCuChvaSj9b5HUSqgDVRzcnr2sSn7cXaamt1jbKH6hn,GnKpRj5kBVPMJfiwZtEuD9GYApLzPdW5JFuZTcyX4BTc,3dmwD9okkomV9nDwyuh4UMhKdUR13QpuKxRo89ycZB5t,28.292629245999933,28.25933263999991,28.349158034103095,1.0019980040600558,0.011339663213641238,0.9995242264682012,1344.904755377,1665.704484759,3012.5038671919847
7oAd7xG4m3oC2qeWB1szghTebAZyyGPAFDJ4wwwbRSNi,D9yh4KAysxt9GLacVe4Wwh2XqghhcjTCSTV9HuM7TBJd,HDYfJLpZKaMFb84jM4mRytn7XLR8UFZUnQpSfhJJaNEy,4.063000005771755e-06,0.0001397139858454466,4.063000005771755e-06,1.0,1.6252000023087022e-09,0.02912815359456824,1095.792695658,292851.657754763,9626.020763162665
C2ypsDADXcCRz8HbV2zX1AXPSja7a1P3xZtRC91xGhJh,J9bYNuDpY1d1T86gLaw7DGk5D3CsUAf2tzUwxMvb6FTv,A2NGvvPrMGzsJ4jb52KEnSBVmsA7C34dV1GC7PerdgvG,101.40312495599949,103.15457371200046,14598.94170378789,143.9693471983493,5.8395766815151555,145.5094686648997,2846.074953346,955.442183654,548773.4375943211
SoN9GaFpSXfpyR5dth3x7PHPVhvJMpQqqDJfCSmPv1t,9kZ9iS68ViMPtoeqtnhAKuF2iqVyfHPdZHoUNdwCELr,BBhm5fJLjw3HRzjtKB8uMEYjGhY6EDm9co3cqpjrSzB9,0.11034305099999964,0.1091398739999998,19.378093665572155,175.6168013296299,0.007751237466228862,170.20737726431128,1.882913424,3.214275173,877.7645797056216
FrnkTEL6yZ5Aycq2TrEgu29dCrwKG4LPUZydfiwqspkc,DjvZuMZ46fxKBoBpGMPcRcos4xdTtHFxwMh69DpA2ZFY,9rvDPJLAng4uVVqnnSoEXgNDFhBZQTny9AoQioYDZbQX,5.580900769999744,4.588863785000029,980.0999417654235,175.6168013296299,0.39203997670616947,143.9693471983493,165.792722156,1448.344800743,237633.2430298618
DEDaBEWzMCXohXYXoLzB4jK1xqMsd3SS9izXp2xvg9pe,,,235843673.73096287,325001606.9809845,0.0,0.0,0.0,143.9693471983493,165.792722156,1448.344800743,208517.25548109302
BUSDTd9WiT6uBHJRgNvFXBsA7JrifsAtWzKfioN7ERcy,DyBxrn7gSc1EwnpWhDyhzvMHPtxpmBqRqotapLcKcfTM,Cds99GeBgoCpqBsoRWu1C6fF9LiUMd4pXQQD24s9LPff,34.141713989999985,34.17957224999999,34.20925880313643,1.001978366204937,0.0034209258803136427,0.9995242264682012,84.66499075,101.83942459,186.62346119372756
