0,1,2,3,4,5,6,7,8,9,10,11
KEN5P7p3asnb23Sw6yAmJRGvijfAzso3RqfyLAQhznt,9zj4aX38Uxf3h6AUjS4EipWS8mwbEofasHAf3a1uKGds,CwQDG1MWunn9cLNwcZLd8YBacweSR7ARo32w4mLua1Yr,12455.879516999936,12456.339967000065,12433.896388185623,0.9982351203072967,1.2433896388185623,1.0,909950.862997,887809.883961,1796154.7931585386
daob129AwBGn9Y5r91uLoWZeYiGzbPmksauMhFZKTze,6VW5GQNyj4LStgmxEHLr5zUfW92vQnmbw8jTnCH7a38F,4VPCCUifPeBA1c7HWK358CHn2nyjm8pdTRk6Ps3KmnMQ,7.5687501219999405,6.7662716110000005,1185.1682812879628,156.5870536329449,0.4740673125151852,141.54441946971798,47.88259867,224.878113968,39328.037139069704
BSCuChvaSj9b5HUSqgDVRzcnr2sSn7cXaamt1jbKH6hn,GnKpRj5kBVPMJfiwZtEuD9GYApLzPdW5JFuZTcyX4BTc,3dmwD9okkomV9nDwyuh4UMhKdUR13QpuKxRo89ycZB5t,653.7101895549999,653.8230268330003,654.4575545584611,1.0011432665658309,0.2617830218233845,0.9970228896515007,1379.77390943,1630.720862216,3007.21738507064
MATgk4zXLXtYkwBH678J1xZbRDZ45LicNzkRBHkxTuY,y8dALFo1bJrSzPYjMX14HJX448pXqYmrfXHD1K8MXih,GN7Yuet3UyiWS5YVkEHv6oQKi4HGBJc3XDPt9zQhAqZz,48.06196100000034,48.002050000000054,48.15798802812843,1.0019979839800564,0.019263195211251374,1.0,3165.703098,4929.700607,8101.728729075418
TETFuZgEmET6d9vYmz9iMFCxK1jKdKYxf3oPz8hSzJK,Eu1Ze6Z84LWNkq7SNoAHBJbXx5t1P95EwyqYohrfCRFV,ASMbv7WNu3qe4pkhREmvyEdwFNDZQ6B6iSrjkj4u8bdC,2.8188331269999978,2.835156000000012,2.832111527209102,1.004710601731588,0.0011328446108836408,0.9990049910289351,36.452671689,216.238888491,252.64811456443758
C98Sspw7XqnMsgxea3SLQVdbMDL8pKUc3RE82UvX9eq2,CSqgQJurPCzGxb4Cgwx5R61hWQUiaoUHcShNc8r1cKEL,6S2CR5EnukPhC914XkAns8m5GixjMAoUuZMsS5ubHuWc,26.302048999999982,27.149211000000037,0.0,0.0,0.0,1.0,846.500226,198.224478,198.224478
FrnkTEL6yZ5Aycq2TrEgu29dCrwKG4LPUZydfiwqspkc,DjvZuMZ46fxKBoBpGMPcRcos4xdTtHFxwMh69DpA2ZFY,9rvDPJLAng4uVVqnnSoEXgNDFhBZQTny9AoQioYDZbQX,10.866367851999712,8.944495447999827,1867.9378365280897,171.90084690390245,0.747175134611236,141.38154368569528,166.284673729,1447.607424818,233249.4486127971
SEQV6QiTpvTzrceiaYg9Avnwf7oc8ZALpnQMz6TyT4A,3dFMPj4r9mMmPHF32mz1gNDX7f8ftidWof7S8YiYTs1j,Fc1ED3YPeQfXQosHbd8DTaBd2AV5gHQtwiSAL5C5pUhi,1906.195999563,1905.7629905229999,1905.4565566588838,0.9996120845368022,0.7621826226635535,0.9990049910289351,2470.215082354,3100.344571677,5566.5165487409195
MATSnbbiTCv7Dc3trJrkrqjx7ckKdr6fwPoVwv9q3sD,631WX9JizSHJm4w6VanZeJAst9T8DeUUnPLesdGkCVtK,211maUSfpnXbPuW1iBu8b4dtJv5EbN1j7JJiEX5TZKEP,10001.375864000001,10010.834318000001,9994.929134708114,0.9993554157568368,3.997971653883246,0.9987605381721283,22981.944594,22636.73273,45575.80615851089
AURHmCnNwiW4uA2Qj1XvEh4iKgRUZYXtiY7FKAapUV5Y,BKWm4TRnTeKwfWXRyuzjRHU7iZDkPuXBX5b5V5jSVfGJ,A5Ww74HVrkj9nPeC7pHKLfgeDMEhBCpW1efQdz3TGLEg,0.01705566500004352,0.015038309999965804,2.6694210219537458,156.51228034479655,0.0010677684087814982,141.38154368569528,272.483322579,1806.834523845,298100.0403385804
YAkoNb6HKmSxQN9L8hiBE5tPJRsniSSMzND1boHmZxe,CfWX7o2TswwbxusJ4hCaPobu2jLCb1hfXuXJQjVq3jQF,EnTrdMMpdhugeH6Ban6gYZWXughWxKtVGfCwFn78ZmY3,4439965.218882987,4439960.923363006,4439965.218882987,1.0,443.99652188829873,0.9987605381721283,747788.543234,1136089.678575,1882470.0820193673
ionytDfEj1mXodptgrsKEZro7DGsfpzANUfarJdm6Qb,3gkSjY95an9xNFSjCfsay6JZez7uv7yfW3Ad4ubc4fMK,9wXqANaSuEqkKL9yHzCPEDGHwbkStVAqV5rB3QDs3Jr6,0.002363918000000048,0.0029077200000000164,2.0199541478429133,854.4941693590354,0.0008079816591371654,3095.591877166914,3.145509557,0.086037821,2954.1575559363637
KZMu9QBEdL97EFgamLbN5DE1AoKBG4HdrKKJo4Vuon3,DD4ACBWyVqdaKWh7v5btsgqQCCMwbKnuL2xd9pv7Gyuw,GcYqiJ1MAuYbNTNYXm1F1gQYTfTgkErACAhNU5dpVj9T,21.95691524000017,21.894316300000128,21.952849352771544,0.9998148242963921,0.008781139741108617,1.0,1373.80707408,1716.24212759,3089.7948059784358
ALLwa5WNZbvQsRKAqe1jdRGemdYQnW8E5k4msbRFcYtu,CGoM82Hbz7QVqTgvQatYtjvDWBvoUJp5qm21P8iMs9yb,3dxNNww8TivyN5FMy5dCNdi3Zcxv6e4kUfSPxfFwpdNq,0.03552272600000039,0.03553325400000107,109.96386206042716,3095.591877166914,0.043985544824170865,3097.5000077437503,3.485286137,5.289164063,27172.209181400118
KwnjUuZhTMTSGAaavkLEmSyfobY16JNH4poL9oeeEvE,J63v6qEZmQpDqCD8bd4PXu2Pq5ZbyXrFcSa3Xt1HdAPQ,BnKQtTdLw9qPCDgZkWX3sURkBAoKCUYL1yahh6Mw7mRK,77.32508799999994,4817.302142999775,1.2042836534951324,0.015574293992334459,0.00012042836534951325,1.0,282020.117585,495.034044,4887.298267021523
BUSDTd9WiT6uBHJRgNvFXBsA7JrifsAtWzKfioN7ERcy,DyBxrn7gSc1EwnpWhDyhzvMHPtxpmBqRqotapLcKcfTM,Cds99GeBgoCpqBsoRWu1C6fF9LiUMd4pXQQD24s9LPff,84.63908035000003,84.68365844999998,84.42287505544056,0.9974455618649751,0.008442287505544056,0.9990049910289351,111.19926817,75.2784874,186.1188011485085
BUSD5rCfUDpCxKGMvYU2yThChxgHoioK74PTPociGnv2,CcFHbafgYDZ8yA8Me1PdtDiVb2eeaS61LbqyKKK5CsNZ,26R9s4nmF3CFDTkiePDwRmtscn8i7r2eygbSijditJ58,0.18394809000000123,0.18280077000000006,0.1837716471661241,0.9990408009461955,1.837716471661241e-05,1.0,101.17307994,47.41049461,148.48652942745105
vEnkoSUkpnbRrPgBz9DfcVxNz67zjwMYBZraAvDDNSf,DtfyjjsZ5yCjWKLKHvwsfXs5QVsmm1QkK6Sh9JZHoq1g,e5wrKCRv4GhHvEf1VD5Pq2KGaZDXP77nTL612Jyrxwy,4145.801953999988,4146.777586000009,4138.1835580695815,0.9981623830527998,0.4138183558069582,0.9982690015513102,20793.332304,16946.86694,37672.65406378611
DEDaBEWzMCXohXYXoLzB4jK1xqMsd3SS9izXp2xvg9pe,,,37336574.15184847,48924573.89077388,0.0,0.0,0.0,0.9982690015513102,20793.332304,16946.86694,16917.531939616707
SUiuyGR7SFq3xeRVJonq84fjjeFwRSsFekcevJ53tzy,49GjCCPsv7fBqo6t3iKDrP1xxGDS8uWZbVCdfnp2gjMf,CEwj5xEbbJEjYqM8D6Ai8ByGz1mrh8mkAVsE5fzDSSSx,3.582564999999986,2.054921999999955,0.019365997974447886,0.005405623617282021,7.746399189779155e-06,0.9503625633179058,703.745317,1.25668,4.998483932197169
4xeRVccqvUgiV6VeF6NkWqkAYeewcJPRWFVginvJw1n4,A7VkMFrnCCyeZFUrQ3TzDr4xFep7PZtxvy3jJnBjLB2a,PhfHJ2Yu99BsEjZrefhApqUnLUiExcECcUT1YLoNUUv,39.911460413,104.57231477800019,18.254405828581422,0.45737253509860487,0.007301762331432569,0.9994829025281334,1373.811662986,34.681917151,663.0077062672588
Lid8SLUxQ9RmF7XMqUA8c24RitTwzja8VSKngJxRcUa,4PgzyzLtds9bKZ2to9PMnKqJzKEUpjvNUaeN23phegax,AtymwxoVN9peZo7EXTcDz9jKVc4vRmisJKKrNfe3ewBa,37.1011774580013,31.529600826000205,6176.645704695667,166.48112345457653,0.6176645704695667,141.3079834347477,974.859680671,7609.342738927,1237556.6125502922
SoN9GaFpSXfpyR5dth3x7PHPVhvJMpQqqDJfCSmPv1t,9kZ9iS68ViMPtoeqtnhAKuF2iqVyfHPdZHoUNdwCELr,BBhm5fJLjw3HRzjtKB8uMEYjGhY6EDm9co3cqpjrSzB9,0.04356334499999903,0.043076435000000135,7.482076855433025,171.7516608385603,0.0029928307421732106,166.0575675090435,2.98215916,5.045173584,1349.980041634849
Cob4usZcpHEY7Qt4ZCwj6WVg9S44zvzYV2v9qYF65dTf,NhFM9UXE48PyNAyeyPYA3iXztqKVJwA4bTdLj4ysM8w,6TuFuynuBoeskxyR2cz4wxyidk8dpDK7kAWw3UkjQGx,4.23599200000001,785.439827000002,0.022898178397817756,0.005405623617282021,9.159271359127102e-06,1.0,39578.941167,68.243041,282.1919001193508
MiMuMS9C4vBqcrYeeQPph1E7oAW9aNKvW9k6Zw9XffM,Afy2q2hh6Y474pshJa5fnQ6PfEchGyTbKrQpCZw2hr3m,5pXz9ksgjeL8Wgb37bksUaBFMLdFfsNNY3FQnikkCPtS,3.4873612469991713,0.052419293999999894,0.0,0.0,0.0,0.0159548584721886,25.859217645,7683.576540001,122.59037625594452
GokA1R67GqSavkd15zR62QD68Tuc5AEfvjssntVDEbM8,3YB7hfpBdbQEuZqLGWVDpRPmeZWCUsrrWyqGXegnQ6Cg,4DPCj6Z1DsG6HUtwSogBGqXEUxdEV5a8YVrrFtcnz7UW,4618.918609000004,4619.202182999999,4618.775426961769,0.9999690009609703,0.46187754269617687,1.0,17895.359721,14605.282127,32500.087109045562
RajgMbScQbqqrdJfR2rxfHJiTiY5b6bJ2tTXiF4aPxy,725ZA3fhyBAKb5iopNRrcbSuQa3LXA1656Q3mBvYPxeg,GLA6i1dSZpUfk2f9Nj8uiG7xyDdAR2reff8oEiZH3617,8592.313117299993,8607.550958989974,8575.804950045305,0.9980787283902108,3.4303219800181224,1.0,130911.81981801,53425.22114895,184085.52380415783
wrmcMSHFi3sWpAEy4rGDvQb3ezh3PhXoV2xNjgLBkKU,8p4mGnARWPBu6P2Gcw4adodLkNDorrXniZMhaY7eJXUn,AyY89zccbsgp9LKFgH4CFZMJmpSgqmPSdTfukhP227rc,0.00849552999999996,0.07040188000000214,3.1926080420894247,375.7985719654265,0.0012770432168357699,3093.77223648795,27.01289154,0.10640541,10480.600168659068
MARpDPs5A7XiyCWPNH8GsMWPLxmwNn9SBmKvPa9LzgA,6YjT74rmcfCpw8LSjPNx5JTmZoYLGrTKnf9arfSgZ4SR,F8GSmi3vA8M8TsybLya1LQ4n1aFHCRbZ6k437PeTdXtg,14801.957090999946,15370.629820000147,13995.62703087041,0.9455254426713742,5.598250812348164,1.0,295238.5221,17493.956074,296649.49037624476
BUSDgu5JdqP1rndBvXvanbEufS94FNh1w5FJcAj6vawb,Bgzr8cWubt89JQFXndVjtdKmDbGzuPxNhvjH1EhWCwbo,Dxaf8xPBBQsasRKW5Aa4Sw2YrbfGofY9xZueyyF23FBW,6569.7260978799995,6584.440658169999,6558.861409543704,0.9983462494212961,2.623544563817482,1.0,8403.3682914,6869.28975102,15258.760967245036
STK75uPSyBnEhGTTzb1nwmP3n427XoXmfRhXxxhyady,6TYyD5fUmDe6N65avW1Ny2RxzRNobw2RRgKwH9CTzSAU,54zDfk4cx2vGrEajPtodWpArNe5eUurytyxd4X3aZAxK,235.31237834999894,268.3215219939968,33175.92797127803,140.98675217983143,3.317592797127803,160.7748317933516,1921.086422712,319.120683099,322154.30954195687
C2ypsDADXcCRz8HbV2zX1AXPSja7a1P3xZtRC91xGhJh,J9bYNuDpY1d1T86gLaw7DGk5D3CsUAf2tzUwxMvb6FTv,A2NGvvPrMGzsJ4jb52KEnSBVmsA7C34dV1GC7PerdgvG,8.798481570000376,8.913010444999259,1240.469340668457,140.98675217983143,0.4961877362673829,140.96345987482164,2762.400531578,970.255710738,526232.4811159547
Sid7E679i9ABqptiAVhkmQ27YHN8vaYT4fppPwmxFsJ,GP7KB8o1bv527HG8kTzzzf4wJ5aEGHvcMQvVhLziUfmT,9gYxhAZ1M9wu5pxr8SBoa5NDm21gi3s9vMHaYTME77sa,427.2427859999989,1264.465058999922,2.3064862776973065,0.0053985376775848295,0.0009225945110789225,0.015660228417899272,135202.765288,8971.607425,870.3946440721475
WiiQFxXqp8P9Fs1rt9SVcDyA3KUdJmUsog6wnVQAwba,3S2jpqSYxho6wiz3cafhjXruVY8cg4HYa2v3BqBHYFSj,Dfe67M6TfrG74gKRtdqys4e6E9QirPD53BkF4FujFjuv,34502.545522507,34540.07222925199,34483.98899834721,0.9994621694173931,3.448398899834721,0.9994829025281334,14245.305035607,12631.652246475,26862.763925933134
AUSejoEUCh2DBs9mof6BNC8Pubs22w4cJa1ccV9h44R,4xkyD7AfGQDwsQMy9MosRRNGoVJ1zosNinesxg1TzHG7,Cbm5gsQe3nSiCsFrvepVzMCD9xLK3ri9g3ypS2hdmVJ7,10950.352134000002,10955.248320000002,10956.411029299205,1.000553305978206,1.0956411029299205,1.0,14250.379535,14637.787495,28896.05185018842
DFWzVTzNBrQZLjoQ4yQwkj9HuoXmfkuZP9V5vbymZe23,DhgiEgiNdqZdRdo195UUHnoEJUtefK8buko8nU97XJUZ,2K2kkXsouBHtWVjtcgkyiXd8eP3oVBvq1bTJzcVdLLr2,11.318848344002618,11.323381046000577,11.234280176693602,0.9925285537239463,0.004493712070677442,0.9994829025281334,40009.957810808,27973.943722132,67670.50402707251
B2izdXFYb2sNwbWWHmh75T4aQFtfXsUxem9u2p61HGzf,4DYwgJtxwuJdAjkj5RJSNH4e7U329V5cNp7d3a1nLrZv,EXNW64GEf1ACC6xY9BtKRiunrs6GoJSXBdxWN2eTPmrF,845.5903650000146,836.8584439999959,838.1359835622123,0.991184405893979,0.08381359835622124,1.0,10545.133353,29209.567209,39661.73894656609
Lee1XZJfJ9Hm2K1qTyeCz1LXNc1YBZaKZszvNY4KCDw,9DgFSWkPDGijNKcLGbr3p5xoJbHsPgXUTr6QvGBJ5vGN,2hNHZg7XBhuhHVZ3JDEi4buq2fPQwuWBdQ9xkH7t1GQX,412.3136545569796,343.4554528989911,69807.22543617568,169.3061208733961,6.980722543617569,140.98675217983143,6473.301456236,54142.179788998,8729299.643186763
BSCNHw8CmxbZ8hCWWzMf5FaG2ajPT6JxfznKUNuRVrn4,7n9kgNL633yGzCYksgnzHyjG73ZLBAwvEae5sbAekbzW,SscdxE99omdG9AiMVwmaEMQySQnCgeAh1sPj2Leutm2,133.3278626299998,133.45121227900108,133.03985383019273,0.9978398453697085,0.05321594153207709,0.9994829025281334,6397.624414906,5315.940923886,11696.996621176942
SAMyS8Jr2HJrkFwYVKbpUwsNStnQmvz3f8Tup8bWUWF,6jPzm5TFfquvgm25sTyN3MMGBfufRaFHMxobDWv6hMFW,Cj9ECoDmxsHTDzCY5ZA6RWrPbg9uFzEC1Qc2kso2vJG6,327.3409087799955,5.188048210000034,327.28029319689256,0.9998148242963921,0.13091211727875704,0.01593385715676285,400.06696742,113313.09672594,2205.5075819593976
NorjjEePhxfwLF4vZjUHCrVVKLzQjEEGQFd3wgjEJmh,34M8pFVqgbV7aqHxvRT5tCv3vu2P1JJYT8J3VaxBK2oG,3AZWBSze3ucsY3xSeuLne3b2pauVqiaJ1SZSV5T9WGWw,5.117325000006531,2.8732570000001942,2.8760052312244144,0.5620134017715787,0.0011504020924897657,1.0,38271.198268,2111.555819,23620.48214747323
SRMuKizofcAMicegrfSv7xs9q76tH1w8aAF7oX9FEWu,72Hj2KWntXPfbie4UgKeTPnm1XVkomDfCnRPKbvfTtPi,6aqJQ5wedqpUt4fFEDUqUmXhrdxCu4bEJsQdVPCADLko,0.03560300000026473,0.03560300000026473,0.001097578769542916,0.03082826642515392,4.390315078171665e-07,0.02919219560662711,16653.778411,5255.123772,666.8157189290446
7oAd7xG4m3oC2qeWB1szghTebAZyyGPAFDJ4wwwbRSNi,D9yh4KAysxt9GLacVe4Wwh2XqghhcjTCSTV9HuM7TBJd,HDYfJLpZKaMFb84jM4mRytn7XLR8UFZUnQpSfhJJaNEy,0.33727504100011174,11.562551440962125,0.33710063692908687,0.9994829025281334,0.00013484025477163475,0.02919311343625347,1097.532451649,292791.917142552,9644.472570753607
ALBpShJ9NLpE739pcHDF2LNVk5J4VYPvvKuV6jMPitZi,D6d156U1bPiJpDYRLextvDRccgFk7QzkQbJg42ceKEu5,GNcM8U5g8RwTZffwwm3kSQqUNPSwv5d2fbN9sLxPJqt2,1222.8206209999917,1223.8356619999977,1221.2561918182723,0.9987206388616182,0.488502476727309,0.9898510571114364,43048.258063,57330.662877,99742.001048257
KEVpg4SYCVrqFxKijQH6hm4QxsRdoE51ud64bEEFUC9,2bPenuBYfqzD8p5dFjCcggwkHDsc2RQDnx9AoyYGUBjA,AE6n6iLuX8oYu61vt5hoDYkjswpnxFxrhSehxrnQTnbx,9967.251302528999,9985.803908000998,9958.479793858729,0.9991199671399833,3.983391917543492,0.9994829025281334,4958.833981521,2602.088129029,7555.212640505799
BSC8REUo9LpiiWUuqMuLXs2D2yJsJfGd4HdiF3wCLxk5,AZjEH1zWVx1UJ6udMyRijGTzPteuLnaY18yNNmprJEsh,Caf8ypkSVR8xYnXNhjvfvdGCC7mrM3C11rz8Xi6NA6aK,2893.8712186350012,2888.9503098719997,2887.903481606401,0.997937801450814,1.1551613926425603,0.9994829025281334,3508.176819113,2734.349686508,6233.878023164245
ercAoEmXjQzEvAFbdjAo81KtMxRGn9AW1ju882upmPH,CMRhskR2Eg6V42RTSdRTXGdozyPbWB8U9dVpijPWb9T4,7TKLLgrWswt6ZJ1pXhVR3FyufHGjJFqiEXxvWJfDcgRm,0.015911678000009033,0.014103514999987965,2.244020759587775,141.02979959665478,0.0008976083038351099,118.00578251935502,49.318480149,411.36141278,55498.400785196376
JSoLLrxK5bYdHwTEWYaGgmeycBCNXKDiBCTw5hXGBg7,xG4wXczA7Dk4hccJ61CHKpDHW4NrNfQwgmWgkb9BuF2,BVR6WgfhsRr9Lob4QDnkEAiNGgAbv7ZieKcY9kSg3QYR,0.593095137000148,0.5072330520000179,93.8535228986668,158.24362238640876,0.03754140915946672,141.02979959665478,17.178626108,172.09092716,26988.35699272897
KysFMBBoavfov2tLpvefWW6tPFt6rAeZWDJVy1mMQae,B8ka2V21TH3x64dFV8ETcjuQcwmrciJ2qzy1mJUttRew,7fSf7EYxBANyxzk2s5pymFgshA91tFYQNKKs5UnLWcYS,30.90289699999994,37.7431549999892,0.0,0.0,0.0,0.015026659322236657,130501.092785,3147.638627,47.29849331744174
SoNcU2iwHMw6dGzsYNQkYFkUjwN1UdAjrWVRnStrZu2,8ivTTid27jZnYNc4w3CTA1Z6QS2twsFb8WMwUabeDJgc,CyXm53PMvHCbeXJBykU46Rcbo28xk5srhMZFg7gv6EYB,0.49070201500000366,0.4857163329999956,82.87694032496402,168.8946403143737,0.03315077612998561,158.24362238640876,11.786229987,15.195552771,4395.230388963722
MiMUFdSLMyCLpqpH6zkqdDrGYs7XBomwENbivdYjv9V,,,0.05241929400000003,0.05592901100000003,0.0,0.0,0.0,158.24362238640876,11.786229987,15.195552771,2404.5993146468713
HEDSDjj84KS7LKhZY7ejkCACTdPen62rKhCby1wXtgxc,EnnjMSFttpCTywBrYNt1J5QQeoSVkvzPipJDa8Y7kJow,6bjVT6JN2rSvpyn9PdfLYC8wJn4LWh49jpY47fnLDXZk,106.57610601000033,120.75815406599577,89.10733315416374,0.8360910948069594,0.0356429332616655,0.9994829025281334,43693.302573317,4504.376247031,41033.62822971767
RoBgmK8CvjdHvPrqdDyVw54VwjZv2TqJ493xnqJAQHx,ExiHJxM7qPAcy27NDHAF6G7vnW7muNHi2sVJpnaNynGQ,6rkPHSqZb7StM4HwS9EuVrmfkV7tRdc7dnsFhyB6cefE,2.874984999999846,35.38344500000027,0.0,0.0,0.0,0.9390147481656347,6429.420801,16.456711,15.453094335299628
heyk4SZTeCUV6a65WiVA5bzic3KcxgVf1qxobfeV4tQ,9ZDpBKPqMABtGfq66FbVribaArMvtk63xxy91onZAtDt,DaTP4s6N7xxSPinbNZ3FB52EpRDRt87QShTuN3VPCW52,1.2478090259982082,1.0787262679998548,199.78718543684087,160.1103865048719,0.07991487417473635,140.18218637670262,603.652863938,4496.953006643,727043.7978643882
CZgvH45CRmoaNJ7395Ao5CQZXkGznvqU7cErD6n7FaRg,4ZjU6MKvtqVQKCiowhvZ5yUsPxXX5SCzd5eFsPeXyey5,BsyWeshjDbCvjDojry3vKDCesmFRM37WtwcR4Kfgzqr,43.14638628,46.985086000000024,48.561448652951846,1.1255044243522645,0.019424579461180737,1.0,110.71506929,701.33952143,825.9498217583625
