0,1,2,3,4,5,6,7,8,9,10,11
DEDaBEWzMCXohXYXoLzB4jK1xqMsd3SS9izXp2xvg9pe,GC5zHpW5GuVdw3C7covC6viyGdLS8ZAaVGDKMeru7p78,F8juxtAFueW19vxkdDArUkjVWAv9QV6yy1wCXUWQiXvh,561127939.9218633,5366.276804650206,561127939.9218633,1.0,224451.17596874535,9.293285550929508e-05,386.37651831,9282995.76525367,1249.0718224557174
MiMUFdSLMyCLpqpH6zkqdDrGYs7XBomwENbivdYjv9V,,,0.9607977449999999,0.955754972,0.0,0.0,0.0,9.293285550929508e-05,386.37651831,9282995.76525367,862.6953041457174
SEQV6QiTpvTzrceiaYg9Avnwf7oc8ZALpnQMz6TyT4A,3dFMPj4r9mMmPHF32mz1gNDX7f8ftidWof7S8YiYTs1j,Fc1ED3YPeQfXQosHbd8DTaBd2AV5gHQtwiSAL5C5pUhi,90.097491376,90.22079128600012,90.51494248913228,1.0046333267081784,0.036205976995652915,0.999422333891011,843.733533131,4728.171343179,5573.0828650811945
GokA1R67GqSavkd15zR62QD68Tuc5AEfvjssntVDEbM8,3YB7hfpBdbQEuZqLGWVDpRPmeZWCUsrrWyqGXegnQ6Cg,4DPCj6Z1DsG6HUtwSogBGqXEUxdEV5a8YVrrFtcnz7UW,11932.891373999997,11935.183943999999,11931.26872145388,0.9998640184934849,1.1931268721453883,1.0,19521.751368,12966.4976,32485.59437083917
AUSejoEUCh2DBs9mof6BNC8Pubs22w4cJa1ccV9h44R,4xkyD7AfGQDwsQMy9MosRRNGoVJ1zosNinesxg1TzHG7,Cbm5gsQe3nSiCsFrvepVzMCD9xLK3ri9g3ypS2hdmVJ7,919.4170319999994,919.0533689999993,920.1614426070685,1.0008096550109038,0.09201614426070685,1.0,14107.925143,14779.024168,28898.371863285487
KysFMBBoavfov2tLpvefWW6tPFt6rAeZWDJVy1mMQae,B8ka2V21TH3x64dFV8ETcjuQcwmrciJ2qzy1mJUttRew,7fSf7EYxBANyxzk2s5pymFgshA91tFYQNKKs5UnLWcYS,92.03757000000405,106.29567900001348,0.0,0.0,0.0,0.014055049637797155,130430.941314,3205.192504,45.049139742415356
BUSD5rCfUDpCxKGMvYU2yThChxgHoioK74PTPociGnv2,CcFHbafgYDZ8yA8Me1PdtDiVb2eeaS61LbqyKKK5CsNZ,26R9s4nmF3CFDTkiePDwRmtscn8i7r2eygbSijditJ58,100.19122124999998,99.82936081,100.02353878886815,0.9983263757139618,0.010002353878886816,1.0,71.81568724,76.69141871,148.3869134717166
ALLwa5WNZbvQsRKAqe1jdRGemdYQnW8E5k4msbRFcYtu,CGoM82Hbz7QVqTgvQatYtjvDWBvoUJp5qm21P8iMs9yb,3dxNNww8TivyN5FMy5dCNdi3Zcxv6e4kUfSPxfFwpdNq,0.08758473500000052,0.08762337300000045,0.0,0.0,0.0,0.0,5.060676978,3.712531036,0.0
KEN5P7p3asnb23Sw6yAmJRGvijfAzso3RqfyLAQhznt,9zj4aX38Uxf3h6AUjS4EipWS8mwbEofasHAf3a1uKGds,CwQDG1MWunn9cLNwcZLd8YBacweSR7ARo32w4mLua1Yr,43646.73692499974,43652.9701240001,0.0,0.0,0.0,1.0,928707.772849,876935.355816,876935.355816
Lid8SLUxQ9RmF7XMqUA8c24RitTwzja8VSKngJxRcUa,4PgzyzLtds9bKZ2to9PMnKqJzKEUpjvNUaeN23phegax,AtymwxoVN9peZo7EXTcDz9jKVc4vRmisJKKrNfe3ewBa,160.41780799901096,135.27003396899966,0.0,0.0,0.0,0.0,953.499206405,7634.546268156,0.0
ACUSESXyNnwRLAg1dpSGMLSzUDdLjUMybY8rkXiAKhCP,AhFPQdu8GKBsxuhiH46UmCu1YpaLgNpoP325HnYtsgas,A8wxWpT3aFEr2XqZp1kDmbxbFfcBE95UUmdsNTDBJYbT,101.66150645700009,101.70193627599997,0.0,0.0,0.0,0.0,1033.409130416,1853.533878045,0.0
SUiuyGR7SFq3xeRVJonq84fjjeFwRSsFekcevJ53tzy,49GjCCPsv7fBqo6t3iKDrP1xxGDS8uWZbVCdfnp2gjMf,CEwj5xEbbJEjYqM8D6Ai8ByGz1mrh8mkAVsE5fzDSSSx,0.1378029999999999,25.541958999999792,0.0,0.0,0.0,0.0,714.98774,1.195838,0.0
ercAoEmXjQzEvAFbdjAo81KtMxRGn9AW1ju882upmPH,CMRhskR2Eg6V42RTSdRTXGdozyPbWB8U9dVpijPWb9T4,7TKLLgrWswt6ZJ1pXhVR3FyufHGjJFqiEXxvWJfDcgRm,2.4751379569999017,2.199813344000006,0.0,0.0,0.0,0.0,49.538716814,411.320708951,0.0
Sid7E679i9ABqptiAVhkmQ27YHN8vaYT4fppPwmxFsJ,GP7KB8o1bv527HG8kTzzzf4wJ5aEGHvcMQvVhLziUfmT,9gYxhAZ1M9wu5pxr8SBoa5NDm21gi3s9vMHaYTME77sa,258.6743490000008,762.774505999987,0.0,0.0,0.0,0.0,134730.132451,9131.337528,0.0
4xeRVccqvUgiV6VeF6NkWqkAYeewcJPRWFVginvJw1n4,A7VkMFrnCCyeZFUrQ3TzDr4xFep7PZtxvy3jJnBjLB2a,PhfHJ2Yu99BsEjZrefhApqUnLUiExcECcUT1YLoNUUv,337.00809566200013,356.3050616299999,0.0,0.0,0.0,0.0,1424.540079337,52.750621307,0.0
DFWzVTzNBrQZLjoQ4yQwkj9HuoXmfkuZP9V5vbymZe23,DhgiEgiNdqZdRdo195UUHnoEJUtefK8buko8nU97XJUZ,2K2kkXsouBHtWVjtcgkyiXd8eP3oVBvq1bTJzcVdLLr2,3043.552879996001,3000.0,0.0,0.0,0.0,0.0,43023.154367981,24985.876133987,0.0
SoN9GaFpSXfpyR5dth3x7PHPVhvJMpQqqDJfCSmPv1t,9kZ9iS68ViMPtoeqtnhAKuF2iqVyfHPdZHoUNdwCELr,BBhm5fJLjw3HRzjtKB8uMEYjGhY6EDm9co3cqpjrSzB9,0.0921473370000001,0.0901269560000002,0.0,0.0,0.0,0.0,2.998069751,5.028583869,0.0
YAkoNb6HKmSxQN9L8hiBE5tPJRsniSSMzND1boHmZxe,CfWX7o2TswwbxusJ4hCaPobu2jLCb1hfXuXJQjVq3jQF,EnTrdMMpdhugeH6Ban6gYZWXughWxKtVGfCwFn78ZmY3,4605923.21978304,4603310.278611005,4605923.21978304,1.0,460.59232197830397,0.0,567709.849265,1370116.000357,567709.849265
KZMu9QBEdL97EFgamLbN5DE1AoKBG4HdrKKJo4Vuon3,DD4ACBWyVqdaKWh7v5btsgqQCCMwbKnuL2xd9pv7Gyuw,GcYqiJ1MAuYbNTNYXm1F1gQYTfTgkErACAhNU5dpVj9T,31.25276609999969,31.131127360000164,0.0,0.0,0.0,0.0,1402.08038869,1687.80069252,0.0
MATgk4zXLXtYkwBH678J1xZbRDZ45LicNzkRBHkxTuY,y8dALFo1bJrSzPYjMX14HJX448pXqYmrfXHD1K8MXih,GN7Yuet3UyiWS5YVkEHv6oQKi4HGBJc3XDPt9zQhAqZz,506.29541799999834,506.9711620000003,0.0,0.0,0.0,1.0,3194.02635,4901.078374,4901.078374
daob129AwBGn9Y5r91uLoWZeYiGzbPmksauMhFZKTze,6VW5GQNyj4LStgmxEHLr5zUfW92vQnmbw8jTnCH7a38F,4VPCCUifPeBA1c7HWK358CHn2nyjm8pdTRk6Ps3KmnMQ,16.541035300999653,14.765937920999889,0.0,0.0,0.0,0.0,47.817635183,224.924853957,0.0
heyk4SZTeCUV6a65WiVA5bzic3KcxgVf1qxobfeV4tQ,9ZDpBKPqMABtGfq66FbVribaArMvtk63xxy91onZAtDt,DaTP4s6N7xxSPinbNZ3FB52EpRDRt87QShTuN3VPCW52,3.9613965360002794,3.4115007350002315,0.0,0.0,0.0,0.0,605.006577552,4495.371941329,0.0
MATSnbbiTCv7Dc3trJrkrqjx7ckKdr6fwPoVwv9q3sD,631WX9JizSHJm4w6VanZeJAst9T8DeUUnPLesdGkCVtK,211maUSfpnXbPuW1iBu8b4dtJv5EbN1j7JJiEX5TZKEP,1099.3267080000041,1099.0153429999918,0.0,0.0,0.0,0.0,21642.81897,23968.311147,0.0
BSCNHw8CmxbZ8hCWWzMf5FaG2ajPT6JxfznKUNuRVrn4,7n9kgNL633yGzCYksgnzHyjG73ZLBAwvEae5sbAekbzW,SscdxE99omdG9AiMVwmaEMQySQnCgeAh1sPj2Leutm2,26.059563305999745,26.104417138998997,25.912324451475516,0.99434991090237,0.010364929780590207,1.0,7794.992364509,3922.186096546,11673.136059680179
BUSDgu5JdqP1rndBvXvanbEufS94FNh1w5FJcAj6vawb,Bgzr8cWubt89JQFXndVjtdKmDbGzuPxNhvjH1EhWCwbo,Dxaf8xPBBQsasRKW5Aa4Sw2YrbfGofY9xZueyyF23FBW,8886.257822670006,8880.588250059995,8894.698802886958,1.0009498914374753,3.557879521154783,1.0,7265.30285536,7994.54187852,15266.745982852972
JSoLLrxK5bYdHwTEWYaGgmeycBCNXKDiBCTw5hXGBg7,xG4wXczA7Dk4hccJ61CHKpDHW4NrNfQwgmWgkb9BuF2,BVR6WgfhsRr9Lob4QDnkEAiNGgAbv7ZieKcY9kSg3QYR,1.2980306669997859,1.1002258219999916,193.0979766100779,148.7622607995823,0.07723919064403116,124.64160863457235,17.203410297,172.059951505,24005.047346414238
BSC8REUo9LpiiWUuqMuLXs2D2yJsJfGd4HdiF3wCLxk5,AZjEH1zWVx1UJ6udMyRijGTzPteuLnaY18yNNmprJEsh,Caf8ypkSVR8xYnXNhjvfvdGCC7mrM3C11rz8Xi6NA6aK,177.17343241400022,177.28205052600015,177.37651237941202,1.0011462213191042,0.0709506049517648,1.0,2909.412332416,3330.968385078,6243.715547935481
KwnjUuZhTMTSGAaavkLEmSyfobY16JNH4poL9oeeEvE,J63v6qEZmQpDqCD8bd4PXu2Pq5ZbyXrFcSa3Xt1HdAPQ,BnKQtTdLw9qPCDgZkWX3sURkBAoKCUYL1yahh6Mw7mRK,269.99983800000024,18033.399524000066,3.772540513441678,0.013972380655434595,0.00037725405134416784,1.0,284231.101093,461.791453,4433.176591584707
C2ypsDADXcCRz8HbV2zX1AXPSja7a1P3xZtRC91xGhJh,J9bYNuDpY1d1T86gLaw7DGk5D3CsUAf2tzUwxMvb6FTv,A2NGvvPrMGzsJ4jb52KEnSBVmsA7C34dV1GC7PerdgvG,8.43082571399998,8.565485749000345,1058.2595424197477,125.52264491275548,0.4233038169678991,127.62214045046278,2909.33842065,1024.98602764,495998.7642855208
MiMuMS9C4vBqcrYeeQPph1E7oAW9aNKvW9k6Zw9XffM,Afy2q2hh6Y474pshJa5fnQ6PfEchGyTbKrQpCZw2hr3m,5pXz9ksgjeL8Wgb37bksUaBFMLdFfsNNY3FQnikkCPtS,59.226413054000844,1.7958239269999794,0.0,0.0,0.0,0.0,25.283555113,7722.548995031,0.0
7oAd7xG4m3oC2qeWB1szghTebAZyyGPAFDJ4wwwbRSNi,D9yh4KAysxt9GLacVe4Wwh2XqghhcjTCSTV9HuM7TBJd,HDYfJLpZKaMFb84jM4mRytn7XLR8UFZUnQpSfhJJaNEy,0.1447463899999093,5.012739148980472,0.1447463899999093,1.0,5.789855599996372e-05,0.028918418011128363,1091.224041697,293009.125906993,9564.584425750765
KEnkcdADoLR5jS2CLLLesy8TtFsyWL37BhXNfDMzWzP,3qsjFRuw1qeLMPo4DLwaQevenGAGBj9dA3Q6rb8ax2YR,77iEv8zPQAEyCcEbvBRSB6AFcUdfkhiqnAKtPxk76rNN,0.015482999999999997,2.946619999999996,7.577809093537317e-05,0.004894277009324626,3.031123637414927e-08,0.9990169673041726,132.311886,0.213287,0.8606483536155858
HEDSDjj84KS7LKhZY7ejkCACTdPen62rKhCby1wXtgxc,EnnjMSFttpCTywBrYNt1J5QQeoSVkvzPipJDa8Y7kJow,6bjVT6JN2rSvpyn9PdfLYC8wJn4LWh49jpY47fnLDXZk,18.925481670001318,21.4003091889972,16.686121486747798,0.881674864486904,0.006674448594699119,1.0,43601.506339563,4585.270405647,43027.6225990061
KEVpg4SYCVrqFxKijQH6hm4QxsRdoE51ud64bEEFUC9,2bPenuBYfqzD8p5dFjCcggwkHDsc2RQDnx9AoyYGUBjA,AE6n6iLuX8oYu61vt5hoDYkjswpnxFxrhSehxrnQTnbx,555.8956068339999,556.3654405810012,555.59116010159,0.9994523311055763,0.22223646404063604,1.0,4923.061261231,2633.032535895,7553.397589607881
Dg3mAgpwDfVNnbGWcsxL8sUcSkEbjSJQhKAWNigG44Ju,EATxwd8YA2wV93VJcKMmH2Kn2Y9XfJVUB9hHVu3udwEy,GiGvrRi7NMHfHKanG2B8xyCEqe8jaafWins8bhrLVEaa,0.000242988999999999,0.00024637799999999155,0.037056823034221774,152.5041176111755,1.482272921368871e-05,150.40941442606777,0.132646094,0.185727295,48.16420920392658
MARpDPs5A7XiyCWPNH8GsMWPLxmwNn9SBmKvPa9LzgA,6YjT74rmcfCpw8LSjPNx5JTmZoYLGrTKnf9arfSgZ4SR,F8GSmi3vA8M8TsybLya1LQ4n1aFHCRbZ6k437PeTdXtg,129973.79061600016,133919.0730620002,126092.29160356753,0.970136294448007,50.43691664142702,1.0,291709.057569,21204.975987,304202.52015391
SAMyS8Jr2HJrkFwYVKbpUwsNStnQmvz3f8Tup8bWUWF,6jPzm5TFfquvgm25sTyN3MMGBfufRaFHMxobDWv6hMFW,Cj9ECoDmxsHTDzCY5ZA6RWrPbg9uFzEC1Qc2kso2vJG6,2002.616713279981,72.28795933000248,2010.8449096743261,1.004108722522778,0.8043379638697304,0.0,373.0602527,115095.70479588,374.59305376262176
RajgMbScQbqqrdJfR2rxfHJiTiY5b6bJ2tTXiF4aPxy,725ZA3fhyBAKb5iopNRrcbSuQa3LXA1656Q3mBvYPxeg,GLA6i1dSZpUfk2f9Nj8uiG7xyDdAR2reff8oEiZH3617,5912.554568359992,5923.571696189982,5897.767979370513,0.9974991200810887,2.359107191748205,1.0,132409.98932848,51914.89892838,183993.74677348512
WiiQFxXqp8P9Fs1rt9SVcDyA3KUdJmUsog6wnVQAwba,3S2jpqSYxho6wiz3cafhjXruVY8cg4HYa2v3BqBHYFSj,Dfe67M6TfrG74gKRtdqys4e6E9QirPD53BkF4FujFjuv,15509.228133197998,15527.998272935005,15496.164804283326,0.9991577060571629,1.5496164804283328,1.0,18252.973406033,8618.404761401,26856.00379849533
moFiBS1R4Lf3E3zzmBPnw3NF4RhWPkhREFviuzUaCAU,44ALBrpqi9PfZkBRTvbtRNtFJGsatfY4QydjtMbFWq8S,2ho8qEEie1UjVwWNBo9y4oAJZMyMLx8zPj9bxyUz6uWs,2923.471946968999,2925.376217752997,2921.645497815912,0.999375246560864,1.168658199126365,1.0,35010.814454519,29427.738631388,64416.67995916959
MiMy69CnJDY4V6cQWkU3HHfTyb8pqXJmhX4MisFYDnM,,,0.10320696299999998,0.102886175,0.0,0.0,0.0,1.0,35010.814454519,29427.738631388,29427.738631388
parEAJhzYzHW87y9VoZAQ22dzQ2MD2ekEtTReaxbMcz,3oyc6hpjYSJEquK6dSvG72NXyz3pqLZz5D8AC71pwgQb,Di2vordgFJVZ1aj1aBpvzXtLfZgJsuLLXawGtVFwX6Rz,0.5117323300001431,0.6032246749992964,62.614605815380806,122.35811994790969,0.025045842326152323,145.4903519528006,1106.176886917,136.913205026,155269.27459921432
SERgf3DMJpQxUifu7VoFKmfne73d2fDJxSrxUMrcNJB,AJfM2GZ2tTB8UtN2krcyR9xufRJEx2mhSCbJyMgPo3GU,F4yRYkufQvERZcEKnKjJwRLU1btiMBUuEwq46hfm11QD,3.8618000004930764e-05,1.2609999998858257e-05,0.0048521366092853695,125.64443028292109,1.940854643714148e-06,125.71506730281843,29.064058595,27.90748015,7160.12782918753
SRMuKizofcAMicegrfSv7xs9q76tH1w8aAF7oX9FEWu,72Hj2KWntXPfbie4UgKeTPnm1XVkomDfCnRPKbvfTtPi,6aqJQ5wedqpUt4fFEDUqUmXhrdxCu4bEJsQdVPCADLko,0.48843899999883433,0.033351000000038766,0.013401929048675775,0.02743828614977051,5.36077161947031e-06,0.0275188513763526,16653.778411,5251.572439,601.468378956879
C98Sspw7XqnMsgxea3SLQVdbMDL8pKUc3RE82UvX9eq2,CSqgQJurPCzGxb4Cgwx5R61hWQUiaoUHcShNc8r1cKEL,6S2CR5EnukPhC914XkAns8m5GixjMAoUuZMsS5ubHuWc,130.455937,134.42897800000003,0.0,0.0,0.0,1.0,798.605617,143.657218,143.657218
TETFuZgEmET6d9vYmz9iMFCxK1jKdKYxf3oPz8hSzJK,Eu1Ze6Z84LWNkq7SNoAHBJbXx5t1P95EwyqYohrfCRFV,ASMbv7WNu3qe4pkhREmvyEdwFNDZQ6B6iSrjkj4u8bdC,1.3311264139999963,1.337237000000016,1.3372266507573403,1.004582762909056,0.0005348906603029361,0.9930427425457246,42.026434405,210.631866231,251.38547769934755
BUSDTd9WiT6uBHJRgNvFXBsA7JrifsAtWzKfioN7ERcy,DyBxrn7gSc1EwnpWhDyhzvMHPtxpmBqRqotapLcKcfTM,Cds99GeBgoCpqBsoRWu1C6fF9LiUMd4pXQQD24s9LPff,182.78416731000002,183.78933599000004,181.69311830389694,0.9940309435868553,0.018169311830389695,0.9993384379540745,121.42065889,64.98275091,185.6356529157225
AURHmCnNwiW4uA2Qj1XvEh4iKgRUZYXtiY7FKAapUV5Y,BKWm4TRnTeKwfWXRyuzjRHU7iZDkPuXBX5b5V5jSVfGJ,A5Ww74HVrkj9nPeC7pHKLfgeDMEhBCpW1efQdz3TGLEg,0.024242416000333833,0.021366736000061337,3.453752818051787,142.46735218157409,0.0013815011272207147,125.6929294082113,272.455544807,1806.865990843,265926.2994929685
vEnkoSUkpnbRrPgBz9DfcVxNz67zjwMYBZraAvDDNSf,DtfyjjsZ5yCjWKLKHvwsfXs5QVsmm1QkK6Sh9JZHoq1g,e5wrKCRv4GhHvEf1VD5Pq2KGaZDXP77nTL612Jyrxwy,17073.722141000002,17078.311271999995,17000.95804058629,0.9957382403313816,1.7000958040586291,0.9984065431571213,23799.561328,13936.023444,37611.95030948216
wrmcMSHFi3sWpAEy4rGDvQb3ezh3PhXoV2xNjgLBkKU,8p4mGnARWPBu6P2Gcw4adodLkNDorrXniZMhaY7eJXUn,AyY89zccbsgp9LKFgH4CFZMJmpSgqmPSdTfukhP227rc,0.010494250000000052,0.10026282000000464,3.233985312743661,308.16735952961335,0.0012935941250974644,2876.53894833736,27.08044249,0.09868507,8629.179904511248
SoNcU2iwHMw6dGzsYNQkYFkUjwN1UdAjrWVRnStrZu2,8ivTTid27jZnYNc4w3CTA1Z6QS2twsFb8WMwUabeDJgc,CyXm53PMvHCbeXJBykU46Rcbo28xk5srhMZFg7gv6EYB,0.3769329110000008,0.37336564999999844,56.83278176624615,150.77691575264444,0.02273311270649846,149.1530641558041,11.891402351,15.088420231,4043.4330811816008
FrnkTEL6yZ5Aycq2TrEgu29dCrwKG4LPUZydfiwqspkc,DjvZuMZ46fxKBoBpGMPcRcos4xdTtHFxwMh69DpA2ZFY,9rvDPJLAng4uVVqnnSoEXgNDFhBZQTny9AoQioYDZbQX,8.151876155000195,6.7266238859999135,1243.5263653103648,152.54480584173385,0.49741054612414587,125.18196763770737,166.390851594,1447.453973013,206577.1965570318
Cob4usZcpHEY7Qt4ZCwj6WVg9S44zvzYV2v9qYF65dTf,NhFM9UXE48PyNAyeyPYA3iXztqKVJwA4bTdLj4ysM8w,6TuFuynuBoeskxyR2cz4wxyidk8dpDK7kAWw3UkjQGx,8.375985999995592,768.7119379999981,0.04073561959946641,0.004863382006546793,1.6294247839786563e-05,1.0,40395.981981,64.040403,260.50149490318387
ALBpShJ9NLpE739pcHDF2LNVk5J4VYPvvKuV6jMPitZi,D6d156U1bPiJpDYRLextvDRccgFk7QzkQbJg42ceKEu5,GNcM8U5g8RwTZffwwm3kSQqUNPSwv5d2fbN9sLxPJqt2,347.4385039999979,348.20213800000056,347.3603479217156,0.999775050613612,0.13894413916868625,0.9981374754707716,43440.20904,56936.323307,100260.71519986851
MAR3XM1n9xWPQ3HJjAcC85o8DopWFP5p2WxGTaZ3fPB,6qG7GUhER8Cg9gDEgnebph9LdS6eu2eoWcA4R7z9uizK,4QV4CwRXVMY227KkFF9voNAfwWHVvVajXSXDKbUHkWZR,0.008828000000000003,0.5495049999999999,0.008568078762656068,0.9705571774644388,3.4272315050624274e-06,0.013324988869969922,0.085676,25.699743,0.4256022461725307
RoBgmK8CvjdHvPrqdDyVw54VwjZv2TqJ493xnqJAQHx,ExiHJxM7qPAcy27NDHAF6G7vnW7muNHi2sVJpnaNynGQ,6rkPHSqZb7StM4HwS9EuVrmfkV7tRdc7dnsFhyB6cefE,1.4453510000000005,108.92891000000145,0.0,0.0,0.0,0.9717105896048345,6523.58508,15.256576,14.824976460310967
B2izdXFYb2sNwbWWHmh75T4aQFtfXsUxem9u2p61HGzf,4DYwgJtxwuJdAjkj5RJSNH4e7U329V5cNp7d3a1nLrZv,EXNW64GEf1ACC6xY9BtKRiunrs6GoJSXBdxWN2eTPmrF,3726.5899269999936,3699.7962500000103,3745.482138908649,1.005069570915699,0.37454821389086496,1.0,12118.154976,27621.74892,39801.337742018266
STK75uPSyBnEhGTTzb1nwmP3n427XoXmfRhXxxhyady,6TYyD5fUmDe6N65avW1Ny2RxzRNobw2RRgKwH9CTzSAU,54zDfk4cx2vGrEajPtodWpArNe5eUurytyxd4X3aZAxK,593.199679733,676.1760207790039,74433.02877505655,125.47718975262924,7.443302877505654,142.93036404077858,1908.761611077,318.204037169,284987.0617374536
Lee1XZJfJ9Hm2K1qTyeCz1LXNc1YBZaKZszvNY4KCDw,9DgFSWkPDGijNKcLGbr3p5xoJbHsPgXUTr6QvGBJ5vGN,2hNHZg7XBhuhHVZ3JDEi4buq2fPQwuWBdQ9xkH7t1GQX,1944.049723652046,1620.2426130270014,292896.5695746473,150.66310599526165,29.289656957464732,125.552509512172,6487.6907147,54124.350971834,7772903.724044644
BSCuChvaSj9b5HUSqgDVRzcnr2sSn7cXaamt1jbKH6hn,GnKpRj5kBVPMJfiwZtEuD9GYApLzPdW5JFuZTcyX4BTc,3dmwD9okkomV9nDwyuh4UMhKdUR13QpuKxRo89ycZB5t,25.991959931999872,25.939039801999797,26.049087143049807,1.0021978800828946,0.010419634857219924,0.9994782723418376,1257.224680121,1752.886760372,3011.9601400726488
