0,1,2,3,4,5,6,7,8,9,10,11
SoN9GaFpSXfpyR5dth3x7PHPVhvJMpQqqDJfCSmPv1t,9kZ9iS68ViMPtoeqtnhAKuF2iqVyfHPdZHoUNdwCELr,BBhm5fJLjw3HRzjtKB8uMEYjGhY6EDm9co3cqpjrSzB9,0.019879991000000707,0.01944601999999973,3.4187907002661095,171.97144104672824,0.001367516280106444,168.06553211228123,2.99101041,5.035757219,1360.705586992962
SoNcU2iwHMw6dGzsYNQkYFkUjwN1UdAjrWVRnStrZu2,8ivTTid27jZnYNc4w3CTA1Z6QS2twsFb8WMwUabeDJgc,CyXm53PMvHCbeXJBykU46Rcbo28xk5srhMZFg7gv6EYB,0.0924604070000008,0.09221790099999794,15.693199304111817,169.7288581491068,0.006277279721644728,168.1384384646943,11.824032943,15.156264501,4555.230256288833
AUSejoEUCh2DBs9mof6BNC8Pubs22w4cJa1ccV9h44R,4xkyD7AfGQDwsQMy9MosRRNGoVJ1zosNinesxg1TzHG7,Cbm5gsQe3nSiCsFrvepVzMCD9xLK3ri9g3ypS2hdmVJ7,644.5436290000016,644.540649999999,645.1713807534746,1.0009739476510644,0.06451713807534747,1.0,14122.524554,14764.318755,28900.597908616466
NorjjEePhxfwLF4vZjUHCrVVKLzQjEEGQFd3wgjEJmh,34M8pFVqgbV7aqHxvRT5tCv3vu2P1JJYT8J3VaxBK2oG,3AZWBSze3ucsY3xSeuLne3b2pauVqiaJ1SZSV5T9WGWw,0.0011429999999563734,0.0011429999999563734,0.0006406979403250538,0.5605406302270414,2.562791761300215e-07,1.0,38282.830306,2105.022587,23564.104413600122
HEDSDjj84KS7LKhZY7ejkCACTdPen62rKhCby1wXtgxc,EnnjMSFttpCTywBrYNt1J5QQeoSVkvzPipJDa8Y7kJow,6bjVT6JN2rSvpyn9PdfLYC8wJn4LWh49jpY47fnLDXZk,18.695021454002017,20.84591404502862,16.553847657046063,0.8854682353682137,0.006621539062818426,1.0,43582.865434048,4601.752295272,43192.9952434488
BSCuChvaSj9b5HUSqgDVRzcnr2sSn7cXaamt1jbKH6hn,GnKpRj5kBVPMJfiwZtEuD9GYApLzPdW5JFuZTcyX4BTc,3dmwD9okkomV9nDwyuh4UMhKdUR13QpuKxRo89ycZB5t,76.10573548100001,75.90838911200012,76.17381712501037,1.0008945665340474,0.030469526850004154,0.9984872917529943,1231.285640319,1778.878720304,3008.5749030400557
YAkoNb6HKmSxQN9L8hiBE5tPJRsniSSMzND1boHmZxe,CfWX7o2TswwbxusJ4hCaPobu2jLCb1hfXuXJQjVq3jQF,EnTrdMMpdhugeH6Ban6gYZWXughWxKtVGfCwFn78ZmY3,3237689.4311569906,3233366.2682609987,3237689.4311569906,1.0,323.7689431156991,0.9972108013885164,281901.392663,1650198.021594,1927496.6842264968
Sid7E679i9ABqptiAVhkmQ27YHN8vaYT4fppPwmxFsJ,GP7KB8o1bv527HG8kTzzzf4wJ5aEGHvcMQvVhLziUfmT,9gYxhAZ1M9wu5pxr8SBoa5NDm21gi3s9vMHaYTME77sa,748.511316999995,2234.1948419999226,4.167488206200585,0.005567702333351111,0.0016669952824802344,0.016841099477242168,135754.975074,8786.180796,903.8122362940026
ercAoEmXjQzEvAFbdjAo81KtMxRGn9AW1ju882upmPH,CMRhskR2Eg6V42RTSdRTXGdozyPbWB8U9dVpijPWb9T4,7TKLLgrWswt6ZJ1pXhVR3FyufHGjJFqiEXxvWJfDcgRm,0.0655046420000005,0.07346750700003213,9.254311073135876,141.2771796101993,0.003701724429254351,126.09550195908277,50.738352846,409.971045294,58863.676133186804
B2izdXFYb2sNwbWWHmh75T4aQFtfXsUxem9u2p61HGzf,4DYwgJtxwuJdAjkj5RJSNH4e7U329V5cNp7d3a1nLrZv,EXNW64GEf1ACC6xY9BtKRiunrs6GoJSXBdxWN2eTPmrF,1614.5871239999888,1601.9020930000024,1617.6720245508072,1.0019106435973402,0.16176720245508072,1.0,11785.643905,27956.286013,39764.44808306762
C2ypsDADXcCRz8HbV2zX1AXPSja7a1P3xZtRC91xGhJh,J9bYNuDpY1d1T86gLaw7DGk5D3CsUAf2tzUwxMvb6FTv,A2NGvvPrMGzsJ4jb52KEnSBVmsA7C34dV1GC7PerdgvG,5.400852979000092,5.486385447999169,758.4354513979467,140.42882751056902,0.30337418055917875,143.1760162991577,2825.570628316,1007.849109162,541091.3908631877
C98Sspw7XqnMsgxea3SLQVdbMDL8pKUc3RE82UvX9eq2,CSqgQJurPCzGxb4Cgwx5R61hWQUiaoUHcShNc8r1cKEL,6S2CR5EnukPhC914XkAns8m5GixjMAoUuZMsS5ubHuWc,19.673534999999944,22.08289699999989,0.0,0.0,0.0,1.0,663.006202,67.136443,67.136443
7dwD9TF6uikvHXxPFK9AsSim54yJoujQjY9vU6gNFumk,CquVr6atkvwueDYficKjn6SSEWq4F4rH4VSiBbW4GBWU,8BCa6ge3b7ho3TfZuM64Vk1hgbrJ3J7EPiAb9uP86CGd,0.00010178100000000001,0.00010298999999999985,0.017047267430944424,167.48968305424808,6.8189069723777694e-06,169.12558352554456,0.004346872,0.003173112,1.2647106321492931
parEAJhzYzHW87y9VoZAQ22dzQ2MD2ekEtTReaxbMcz,3oyc6hpjYSJEquK6dSvG72NXyz3pqLZz5D8AC71pwgQb,Di2vordgFJVZ1aj1aBpvzXtLfZgJsuLLXawGtVFwX6Rz,0.011925957000016751,0.014179460999912408,1.6498844343531844,138.34398651201468,0.0006599537737412738,164.6226839851925,1105.954049951,137.10042445,175571.93201779725
KysFMBBoavfov2tLpvefWW6tPFt6rAeZWDJVy1mMQae,B8ka2V21TH3x64dFV8ETcjuQcwmrciJ2qzy1mJUttRew,7fSf7EYxBANyxzk2s5pymFgshA91tFYQNKKs5UnLWcYS,124.03718000000072,152.2660279999982,0.0,0.0,0.0,0.01683528551937159,130529.989696,3123.865773,52.591172212647436
WiiQFxXqp8P9Fs1rt9SVcDyA3KUdJmUsog6wnVQAwba,3S2jpqSYxho6wiz3cafhjXruVY8cg4HYa2v3BqBHYFSj,Dfe67M6TfrG74gKRtdqys4e6E9QirPD53BkF4FujFjuv,5406.769914964998,5411.568013427999,5402.424345284683,0.999196272497506,0.5402424345284683,1.0,18125.327129138,8744.332900733,26855.09220596561
STK75uPSyBnEhGTTzb1nwmP3n427XoXmfRhXxxhyady,6TYyD5fUmDe6N65avW1Ny2RxzRNobw2RRgKwH9CTzSAU,54zDfk4cx2vGrEajPtodWpArNe5eUurytyxd4X3aZAxK,402.8122368489992,458.73978076799267,56925.51588227336,141.32022484613054,5.692551588227336,160.96543202960993,1905.288572216,318.618925492,320542.44241695805
KEnkcdADoLR5jS2CLLLesy8TtFsyWL37BhXNfDMzWzP,3qsjFRuw1qeLMPo4DLwaQevenGAGBj9dA3Q6rb8ax2YR,77iEv8zPQAEyCcEbvBRSB6AFcUdfkhiqnAKtPxk76rNN,0.009822999999999998,1.7129049999999921,5.4706549291202375e-05,0.005569230305528085,2.188261971648095e-08,0.9985570850121576,129.365266,0.22877,0.9489048642281332
KEN5P7p3asnb23Sw6yAmJRGvijfAzso3RqfyLAQhznt,9zj4aX38Uxf3h6AUjS4EipWS8mwbEofasHAf3a1uKGds,CwQDG1MWunn9cLNwcZLd8YBacweSR7ARo32w4mLua1Yr,25055.62741500023,25059.126444000634,25046.310187610437,0.9996281383325403,2.5046310187610437,1.0,925651.059865,880024.713649,1805331.5593673927
MATSnbbiTCv7Dc3trJrkrqjx7ckKdr6fwPoVwv9q3sD,631WX9JizSHJm4w6VanZeJAst9T8DeUUnPLesdGkCVtK,211maUSfpnXbPuW1iBu8b4dtJv5EbN1j7JJiEX5TZKEP,769.7285509999892,769.7728499999976,768.8681874981787,0.9988822507613979,0.30754727499927154,0.9972028460169226,23178.12689,22431.412348,45520.887789921224
DFWzVTzNBrQZLjoQ4yQwkj9HuoXmfkuZP9V5vbymZe23,DhgiEgiNdqZdRdo195UUHnoEJUtefK8buko8nU97XJUZ,2K2kkXsouBHtWVjtcgkyiXd8eP3oVBvq1bTJzcVdLLr2,13.754053865002788,13.757641877000424,13.514764698312755,0.9826022808228994,0.005405905879325102,1.0,46066.707247977,21985.876133987,67251.12774584998
MATgk4zXLXtYkwBH678J1xZbRDZ45LicNzkRBHkxTuY,y8dALFo1bJrSzPYjMX14HJX448pXqYmrfXHD1K8MXih,GN7Yuet3UyiWS5YVkEHv6oQKi4HGBJc3XDPt9zQhAqZz,213.09062500000027,212.9352399999998,213.309480527021,1.0010270537571548,0.0853237922108084,1.0,3672.287981,4422.090298,8098.14991616824
Cob4usZcpHEY7Qt4ZCwj6WVg9S44zvzYV2v9qYF65dTf,NhFM9UXE48PyNAyeyPYA3iXztqKVJwA4bTdLj4ysM8w,6TuFuynuBoeskxyR2cz4wxyidk8dpDK7kAWw3UkjQGx,12.600393000000025,2245.574032000004,0.07019427933797909,0.005570800794703701,2.807771173519164e-05,1.0,39263.908961,69.956929,288.6883442431126
wrmcMSHFi3sWpAEy4rGDvQb3ezh3PhXoV2xNjgLBkKU,8p4mGnARWPBu6P2Gcw4adodLkNDorrXniZMhaY7eJXUn,AyY89zccbsgp9LKFgH4CFZMJmpSgqmPSdTfukhP227rc,0.01370251000000057,0.0769877900000011,4.938749103439036,360.42660092485465,0.0019754996413756144,3295.110056675893,27.06923857,0.09988466,10085.604595082725
heyk4SZTeCUV6a65WiVA5bzic3KcxgVf1qxobfeV4tQ,9ZDpBKPqMABtGfq66FbVribaArMvtk63xxy91onZAtDt,DaTP4s6N7xxSPinbNZ3FB52EpRDRt87QShTuN3VPCW52,1.599974480001947,1.375789473999589,263.5057028487639,164.69369114465078,0.10540228113950557,141.52701135004173,605.788679755,4494.460194677,735857.0927068582
MiMUFdSLMyCLpqpH6zkqdDrGYs7XBomwENbivdYjv9V,,,0.06031898799999991,0.05253916399999997,0.0,0.0,0.0,141.52701135004173,605.788679755,4494.460194677,636087.5189843625
Lee1XZJfJ9Hm2K1qTyeCz1LXNc1YBZaKZszvNY4KCDw,9DgFSWkPDGijNKcLGbr3p5xoJbHsPgXUTr6QvGBJ5vGN,2hNHZg7XBhuhHVZ3JDEi4buq2fPQwuWBdQ9xkH7t1GQX,1070.065222157922,892.13358590598,181597.46168661548,169.7069093792257,18.15974616866155,141.50111743432439,6493.5148157,54117.080340961,8759621.67090975
BSC8REUo9LpiiWUuqMuLXs2D2yJsJfGd4HdiF3wCLxk5,AZjEH1zWVx1UJ6udMyRijGTzPteuLnaY18yNNmprJEsh,Caf8ypkSVR8xYnXNhjvfvdGCC7mrM3C11rz8Xi6NA6aK,358.504970986,358.31954986200026,358.5525921485262,1.0001328326421672,0.14342103685941046,1.0,3086.558448356,3153.659018078,6240.627462147899
MARpDPs5A7XiyCWPNH8GsMWPLxmwNn9SBmKvPa9LzgA,6YjT74rmcfCpw8LSjPNx5JTmZoYLGrTKnf9arfSgZ4SR,F8GSmi3vA8M8TsybLya1LQ4n1aFHCRbZ6k437PeTdXtg,123432.25040099997,126852.49044700032,119864.01843617353,0.9710915749066054,47.94560737446941,1.0,292285.722507,20579.507454,304415.7100460377
BUSDgu5JdqP1rndBvXvanbEufS94FNh1w5FJcAj6vawb,Bgzr8cWubt89JQFXndVjtdKmDbGzuPxNhvjH1EhWCwbo,Dxaf8xPBBQsasRKW5Aa4Sw2YrbfGofY9xZueyyF23FBW,5112.0639311199975,5113.1527054,5110.615378297172,0.9997166403154689,2.044246151318869,1.0,7630.34844039,7624.57899851,15252.76530577307
vEnkoSUkpnbRrPgBz9DfcVxNz67zjwMYBZraAvDDNSf,DtfyjjsZ5yCjWKLKHvwsfXs5QVsmm1QkK6Sh9JZHoq1g,e5wrKCRv4GhHvEf1VD5Pq2KGaZDXP77nTL612Jyrxwy,13160.16119000001,13162.663370999984,13129.805080653538,0.9976933330140714,1.3129805080653538,0.9970169253593248,18664.970395,17632.281631,36201.59974280585
BUSDTd9WiT6uBHJRgNvFXBsA7JrifsAtWzKfioN7ERcy,DyBxrn7gSc1EwnpWhDyhzvMHPtxpmBqRqotapLcKcfTM,Cds99GeBgoCpqBsoRWu1C6fF9LiUMd4pXQQD24s9LPff,52.65087430000001,52.75977392,52.5491145162128,0.9980672726684957,0.005254911451621281,0.9980617640542067,100.4348864,85.89018498,185.96448268609913
daob129AwBGn9Y5r91uLoWZeYiGzbPmksauMhFZKTze,6VW5GQNyj4LStgmxEHLr5zUfW92vQnmbw8jTnCH7a38F,4VPCCUifPeBA1c7HWK358CHn2nyjm8pdTRk6Ps3KmnMQ,5.552541402000031,4.957292153000026,877.0156642279992,157.94851415463506,0.35080626569119966,141.19170600385254,47.872011232,224.856577777,39309.19686621099
moFiBS1R4Lf3E3zzmBPnw3NF4RhWPkhREFviuzUaCAU,44ALBrpqi9PfZkBRTvbtRNtFJGsatfY4QydjtMbFWq8S,2ho8qEEie1UjVwWNBo9y4oAJZMyMLx8zPj9bxyUz6uWs,4744.23526395901,4748.602799389992,4743.569385406534,0.999859644702375,1.8974277541626137,1.0,33958.642866958,30477.988649727,64431.86524125846
DEDaBEWzMCXohXYXoLzB4jK1xqMsd3SS9izXp2xvg9pe,GC5zHpW5GuVdw3C7covC6viyGdLS8ZAaVGDKMeru7p78,F8juxtAFueW19vxkdDArUkjVWAv9QV6yy1wCXUWQiXvh,745092.590265092,4009.802956539875,745092.590265092,1.0,298.0370361060368,0.0006354867025042638,980.55066389,3799727.08305186,3395.2266983147715
KEVpg4SYCVrqFxKijQH6hm4QxsRdoE51ud64bEEFUC9,2bPenuBYfqzD8p5dFjCcggwkHDsc2RQDnx9AoyYGUBjA,AE6n6iLuX8oYu61vt5hoDYkjswpnxFxrhSehxrnQTnbx,726.600955201,727.2082621380009,726.2821674429622,0.9995612615758953,0.2905128669771849,1.0,5034.19799456,2521.760666729,7553.749965194235
JSoLLrxK5bYdHwTEWYaGgmeycBCNXKDiBCTw5hXGBg7,xG4wXczA7Dk4hccJ61CHKpDHW4NrNfQwgmWgkb9BuF2,BVR6WgfhsRr9Lob4QDnkEAiNGgAbv7ZieKcY9kSg3QYR,0.3375826740000605,0.28414559299999453,56.6100152885172,167.6923007266275,0.022644006115406883,141.32551746691536,17.217118084,172.043074537,27201.2546789286
MiMy69CnJDY4V6cQWkU3HHfTyb8pqXJmhX4MisFYDnM,,,0.010976100000000016,0.009364299000000003,0.0,0.0,0.0,141.32551746691536,17.217118084,172.043074537,24314.076535540615
SAMyS8Jr2HJrkFwYVKbpUwsNStnQmvz3f8Tup8bWUWF,6jPzm5TFfquvgm25sTyN3MMGBfufRaFHMxobDWv6hMFW,Cj9ECoDmxsHTDzCY5ZA6RWrPbg9uFzEC1Qc2kso2vJG6,2843.8889745099877,48.73873602000003,2858.8199047557496,1.0052501804323548,1.1435279619022998,0.0,414.87993102,112411.30624765,417.0581255156179
FrnkTEL6yZ5Aycq2TrEgu29dCrwKG4LPUZydfiwqspkc,DjvZuMZ46fxKBoBpGMPcRcos4xdTtHFxwMh69DpA2ZFY,9rvDPJLAng4uVVqnnSoEXgNDFhBZQTny9AoQioYDZbQX,8.616866949998894,7.099219695999977,1479.719518672263,171.72361221992094,0.5918878074689052,141.35190659692176,166.434867373,1447.394487987,233172.76709947287
AURHmCnNwiW4uA2Qj1XvEh4iKgRUZYXtiY7FKAapUV5Y,BKWm4TRnTeKwfWXRyuzjRHU7iZDkPuXBX5b5V5jSVfGJ,A5Ww74HVrkj9nPeC7pHKLfgeDMEhBCpW1efQdz3TGLEg,0.026629402000025948,0.02347652299999936,4.273731336916086,160.48919674996537,0.0017094925347664344,141.44293576694392,272.483716123,1806.834023329,299294.60143127845
MAR3XM1n9xWPQ3HJjAcC85o8DopWFP5p2WxGTaZ3fPB,6qG7GUhER8Cg9gDEgnebph9LdS6eu2eoWcA4R7z9uizK,4QV4CwRXVMY227KkFF9voNAfwWHVvVajXSXDKbUHkWZR,0.2692030000000021,0.17091700000000107,0.2615950316932668,0.971738917074716,0.00010463801267730674,0.01685070785105484,0.094504,25.150238,0.5156325275417268
RajgMbScQbqqrdJfR2rxfHJiTiY5b6bJ2tTXiF4aPxy,725ZA3fhyBAKb5iopNRrcbSuQa3LXA1656Q3mBvYPxeg,GLA6i1dSZpUfk2f9Nj8uiG7xyDdAR2reff8oEiZH3617,63851.61958453001,63923.96450515998,63753.53795406458,0.9984639131927486,25.501415181625834,1.0,132743.22293689,51579.48785696,184118.80568034464
RoBgmK8CvjdHvPrqdDyVw54VwjZv2TqJ493xnqJAQHx,ExiHJxM7qPAcy27NDHAF6G7vnW7muNHi2sVJpnaNynGQ,6rkPHSqZb7StM4HwS9EuVrmfkV7tRdc7dnsFhyB6cefE,14.03945599999986,140.47750199999922,0.0,0.0,0.0,0.9715585937272291,6400.52389,16.856335,16.376917127995075
KZMu9QBEdL97EFgamLbN5DE1AoKBG4HdrKKJo4Vuon3,DD4ACBWyVqdaKWh7v5btsgqQCCMwbKnuL2xd9pv7Gyuw,GcYqiJ1MAuYbNTNYXm1F1gQYTfTgkErACAhNU5dpVj9T,48.972016909999866,48.76993033999997,49.229128834913695,1.0052501804323548,0.01969165153396548,1.0,1360.23243189,1729.80710982,3097.1810074073633
SUiuyGR7SFq3xeRVJonq84fjjeFwRSsFekcevJ53tzy,49GjCCPsv7fBqo6t3iKDrP1xxGDS8uWZbVCdfnp2gjMf,CEwj5xEbbJEjYqM8D6Ai8ByGz1mrh8mkAVsE5fzDSSSx,0.07004599999999983,11.773970000000077,0.00038996682598542285,0.005567296148037344,1.5598673039416914e-07,0.9717408056314324,701.420201,1.269681,5.138814821017802
MiMuMS9C4vBqcrYeeQPph1E7oAW9aNKvW9k6Zw9XffM,Afy2q2hh6Y474pshJa5fnQ6PfEchGyTbKrQpCZw2hr3m,5pXz9ksgjeL8Wgb37bksUaBFMLdFfsNNY3FQnikkCPtS,3.488480186999798,0.673500163999627,0.0,0.0,0.0,0.0,25.937700797,7678.273441555,0.0
GokA1R67GqSavkd15zR62QD68Tuc5AEfvjssntVDEbM8,3YB7hfpBdbQEuZqLGWVDpRPmeZWCUsrrWyqGXegnQ6Cg,4DPCj6Z1DsG6HUtwSogBGqXEUxdEV5a8YVrrFtcnz7UW,59855.257754,59864.23993799995,59850.64925400744,0.9999230059285434,5.985064925400744,1.0,18888.862664,13596.910214,32484.318547558316
ALLwa5WNZbvQsRKAqe1jdRGemdYQnW8E5k4msbRFcYtu,CGoM82Hbz7QVqTgvQatYtjvDWBvoUJp5qm21P8iMs9yb,3dxNNww8TivyN5FMy5dCNdi3Zcxv6e4kUfSPxfFwpdNq,1.8455096729999996,1.8465060090000005,6085.769737840064,3297.609233305853,2.4343078951360257,3302.6516990491664,5.054734877,3.718418891,28949.18287044599
Lid8SLUxQ9RmF7XMqUA8c24RitTwzja8VSKngJxRcUa,4PgzyzLtds9bKZ2to9PMnKqJzKEUpjvNUaeN23phegax,AtymwxoVN9peZo7EXTcDz9jKVc4vRmisJKKrNfe3ewBa,83.71282377800492,70.76505815299981,14041.735268795122,167.73696830526114,1.4041735268795124,141.60958266381505,957.547683122,7629.724908853,1241058.3055569986
KwnjUuZhTMTSGAaavkLEmSyfobY16JNH4poL9oeeEvE,J63v6qEZmQpDqCD8bd4PXu2Pq5ZbyXrFcSa3Xt1HdAPQ,BnKQtTdLw9qPCDgZkWX3sURkBAoKCUYL1yahh6Mw7mRK,746.5330240000135,39912.85167099952,12.579609888588738,0.01685070785105484,0.001257960988858874,1.0,281085.586759,510.186651,5246.677754618238
