0,1,2,3,4,5,6,7,8,9,10,11
heyk4SZTeCUV6a65WiVA5bzic3KcxgVf1qxobfeV4tQ,9ZDpBKPqMABtGfq66FbVribaArMvtk63xxy91onZAtDt,DaTP4s6N7xxSPinbNZ3FB52EpRDRt87QShTuN3VPCW52,4.544439581998631,3.904096039999672,749.1400858656068,164.84762804044965,0.29965603434624277,0.0,603.678053225,4496.923099531,99514.89517421757
Sid7E679i9ABqptiAVhkmQ27YHN8vaYT4fppPwmxFsJ,GP7KB8o1bv527HG8kTzzzf4wJ5aEGHvcMQvVhLziUfmT,9gYxhAZ1M9wu5pxr8SBoa5NDm21gi3s9vMHaYTME77sa,410.86276299999736,1209.1673810000084,0.0,0.0,0.0,0.0,135029.015589,9030.237783,0.0
SAMyS8Jr2HJrkFwYVKbpUwsNStnQmvz3f8Tup8bWUWF,6jPzm5TFfquvgm25sTyN3MMGBfufRaFHMxobDWv6hMFW,Cj9ECoDmxsHTDzCY5ZA6RWrPbg9uFzEC1Qc2kso2vJG6,870.0514114899852,13.660293780000018,0.0,0.0,0.0,0.0,394.87891921,113640.43763472,0.0
BUSDTd9WiT6uBHJRgNvFXBsA7JrifsAtWzKfioN7ERcy,DyBxrn7gSc1EwnpWhDyhzvMHPtxpmBqRqotapLcKcfTM,Cds99GeBgoCpqBsoRWu1C6fF9LiUMd4pXQQD24s9LPff,339.29251873000004,339.26597651,0.0,0.0,0.0,0.0,99.87125996,86.57579835,0.0
KysFMBBoavfov2tLpvefWW6tPFt6rAeZWDJVy1mMQae,B8ka2V21TH3x64dFV8ETcjuQcwmrciJ2qzy1mJUttRew,7fSf7EYxBANyxzk2s5pymFgshA91tFYQNKKs5UnLWcYS,12.645152000000053,15.418143999995664,0.0,0.0,0.0,0.0,130491.697782,3155.325732,0.0
MiMUFdSLMyCLpqpH6zkqdDrGYs7XBomwENbivdYjv9V,,,0.08500789300000003,0.08956001499999999,0.0,0.0,0.0,0.0,130491.697782,3155.325732,0.0
KZMu9QBEdL97EFgamLbN5DE1AoKBG4HdrKKJo4Vuon3,DD4ACBWyVqdaKWh7v5btsgqQCCMwbKnuL2xd9pv7Gyuw,GcYqiJ1MAuYbNTNYXm1F1gQYTfTgkErACAhNU5dpVj9T,18.562859969999863,18.48600652999994,0.0,0.0,0.0,0.0,1372.03700059,1718.01134766,0.0
MARpDPs5A7XiyCWPNH8GsMWPLxmwNn9SBmKvPa9LzgA,6YjT74rmcfCpw8LSjPNx5JTmZoYLGrTKnf9arfSgZ4SR,F8GSmi3vA8M8TsybLya1LQ4n1aFHCRbZ6k437PeTdXtg,30466.052031000003,31602.283575000234,0.0,0.0,0.0,1.0,294561.796099,18138.689072,18138.689072
ALBpShJ9NLpE739pcHDF2LNVk5J4VYPvvKuV6jMPitZi,D6d156U1bPiJpDYRLextvDRccgFk7QzkQbJg42ceKEu5,GNcM8U5g8RwTZffwwm3kSQqUNPSwv5d2fbN9sLxPJqt2,25.24571599999763,25.208252999997057,0.0,0.0,0.0,0.0,43321.23841,57056.667489,0.0
JSoLLrxK5bYdHwTEWYaGgmeycBCNXKDiBCTw5hXGBg7,xG4wXczA7Dk4hccJ61CHKpDHW4NrNfQwgmWgkb9BuF2,BVR6WgfhsRr9Lob4QDnkEAiNGgAbv7ZieKcY9kSg3QYR,0.7421885870000153,0.6248873269999997,0.0,0.0,0.0,0.0,17.205823445,172.058347327,0.0
C2ypsDADXcCRz8HbV2zX1AXPSja7a1P3xZtRC91xGhJh,J9bYNuDpY1d1T86gLaw7DGk5D3CsUAf2tzUwxMvb6FTv,A2NGvvPrMGzsJ4jb52KEnSBVmsA7C34dV1GC7PerdgvG,34.93065091100004,35.51670725799977,0.0,0.0,0.0,0.0,2774.616411589,954.292328771,0.0
ZUCKWFa4LTL833dPhhpeeRWZcaAEoMeYJPi2iKn4F8N,7eEYpq6ShaJ9opZWMxitRFrdCHh6vfyHhGfoSvFht3N2,H8VggnHmuwd1wvwpT8eg9cUJFEfZ7HAaeYjgXrSm7A2u,0.0011059630001000187,0.0011059630001000187,0.0,0.0,0.0,0.0,1849.447104349,1997.709368346,0.0
DFWzVTzNBrQZLjoQ4yQwkj9HuoXmfkuZP9V5vbymZe23,DhgiEgiNdqZdRdo195UUHnoEJUtefK8buko8nU97XJUZ,2K2kkXsouBHtWVjtcgkyiXd8eP3oVBvq1bTJzcVdLLr2,3025.164473398003,3052.99590757001,0.0,0.0,0.0,0.0,40009.955083334,27973.941916904,0.0
YAkoNb6HKmSxQN9L8hiBE5tPJRsniSSMzND1boHmZxe,CfWX7o2TswwbxusJ4hCaPobu2jLCb1hfXuXJQjVq3jQF,EnTrdMMpdhugeH6Ban6gYZWXughWxKtVGfCwFn78ZmY3,6237729.414596004,6236927.043528999,6237729.414596004,1.0,623.7729414596005,0.0,944379.725794,944382.579626,944379.725794
parEAJhzYzHW87y9VoZAQ22dzQ2MD2ekEtTReaxbMcz,3oyc6hpjYSJEquK6dSvG72NXyz3pqLZz5D8AC71pwgQb,Di2vordgFJVZ1aj1aBpvzXtLfZgJsuLLXawGtVFwX6Rz,0.3251038390000076,0.3868692700000338,0.0,0.0,0.0,0.0,1106.585213454,136.570804304,0.0
KEN5P7p3asnb23Sw6yAmJRGvijfAzso3RqfyLAQhznt,9zj4aX38Uxf3h6AUjS4EipWS8mwbEofasHAf3a1uKGds,CwQDG1MWunn9cLNwcZLd8YBacweSR7ARo32w4mLua1Yr,45783.32009099971,45786.86293599929,0.0,0.0,0.0,1.0,912491.207606,885268.218878,885268.218878
MiMuMS9C4vBqcrYeeQPph1E7oAW9aNKvW9k6Zw9XffM,Afy2q2hh6Y474pshJa5fnQ6PfEchGyTbKrQpCZw2hr3m,5pXz9ksgjeL8Wgb37bksUaBFMLdFfsNNY3FQnikkCPtS,5.662883265998971,0.08500789300000022,0.0,0.0,0.0,0.0,25.833089697,7685.315542531,0.0
ALLwa5WNZbvQsRKAqe1jdRGemdYQnW8E5k4msbRFcYtu,CGoM82Hbz7QVqTgvQatYtjvDWBvoUJp5qm21P8iMs9yb,3dxNNww8TivyN5FMy5dCNdi3Zcxv6e4kUfSPxfFwpdNq,0.10302826899999928,0.10294194799999934,0.0,0.0,0.0,3063.753649696535,3.51071207,5.263699675,16126.679090187714
vEnkoSUkpnbRrPgBz9DfcVxNz67zjwMYBZraAvDDNSf,DtfyjjsZ5yCjWKLKHvwsfXs5QVsmm1QkK6Sh9JZHoq1g,e5wrKCRv4GhHvEf1VD5Pq2KGaZDXP77nTL612Jyrxwy,15315.806848999999,15323.546288000005,15244.189646042887,0.9953239679983437,1.524418964604289,0.9977072686965355,23407.004576,14333.711687,37598.40101106009
B2izdXFYb2sNwbWWHmh75T4aQFtfXsUxem9u2p61HGzf,4DYwgJtxwuJdAjkj5RJSNH4e7U329V5cNp7d3a1nLrZv,EXNW64GEf1ACC6xY9BtKRiunrs6GoJSXBdxWN2eTPmrF,1886.7816930000045,1867.1832400000003,1905.0780627143124,1.0096971312485106,0.19050780627143124,1.0,10378.433496,29377.913124,39856.98765176465
SoNcU2iwHMw6dGzsYNQkYFkUjwN1UdAjrWVRnStrZu2,8ivTTid27jZnYNc4w3CTA1Z6QS2twsFb8WMwUabeDJgc,CyXm53PMvHCbeXJBykU46Rcbo28xk5srhMZFg7gv6EYB,0.38405518900000146,0.3806626519999998,65.39699877721804,170.28021141309927,0.026158799510887218,168.76879451487915,11.805980102,15.175263955,4571.43579183785
STK75uPSyBnEhGTTzb1nwmP3n427XoXmfRhXxxhyady,6TYyD5fUmDe6N65avW1Ny2RxzRNobw2RRgKwH9CTzSAU,54zDfk4cx2vGrEajPtodWpArNe5eUurytyxd4X3aZAxK,327.4236534070005,373.3790865880008,46452.783661009475,141.87363428892792,4.645278366100947,161.93773396966228,1911.43895228,317.648387718,322622.0509875539
DEDaBEWzMCXohXYXoLzB4jK1xqMsd3SS9izXp2xvg9pe,GC5zHpW5GuVdw3C7covC6viyGdLS8ZAaVGDKMeru7p78,F8juxtAFueW19vxkdDArUkjVWAv9QV6yy1wCXUWQiXvh,17499579.354415633,691444.5043714885,17499579.354415633,1.0,6999.831741766254,5.9319468815280446e-05,464.14320605,17196195.23966226,1484.2123733106196
ercAoEmXjQzEvAFbdjAo81KtMxRGn9AW1ju882upmPH,CMRhskR2Eg6V42RTSdRTXGdozyPbWB8U9dVpijPWb9T4,7TKLLgrWswt6ZJ1pXhVR3FyufHGjJFqiEXxvWJfDcgRm,0.198301531999995,0.22371647199997824,28.1966005940429,142.19053332398667,0.01127864023761716,126.10351610650855,49.318417156,411.361477484,58886.74073960724
KEVpg4SYCVrqFxKijQH6hm4QxsRdoE51ud64bEEFUC9,2bPenuBYfqzD8p5dFjCcggwkHDsc2RQDnx9AoyYGUBjA,AE6n6iLuX8oYu61vt5hoDYkjswpnxFxrhSehxrnQTnbx,84.8140751599999,84.93018042299991,84.6974916037321,0.9986254220652897,0.033878996641492846,1.0,5197.894148738,2359.244595824,7549.993833958184
C98Sspw7XqnMsgxea3SLQVdbMDL8pKUc3RE82UvX9eq2,CSqgQJurPCzGxb4Cgwx5R61hWQUiaoUHcShNc8r1cKEL,6S2CR5EnukPhC914XkAns8m5GixjMAoUuZMsS5ubHuWc,59.98282200000003,61.9351589999999,0.0,0.0,0.0,1.0,851.792829,193.085161,193.085161
BUSDgu5JdqP1rndBvXvanbEufS94FNh1w5FJcAj6vawb,Bgzr8cWubt89JQFXndVjtdKmDbGzuPxNhvjH1EhWCwbo,Dxaf8xPBBQsasRKW5Aa4Sw2YrbfGofY9xZueyyF23FBW,9200.138013779997,9208.189668999996,9163.659957676673,0.9960350533819508,3.6654639830706697,1.0,9397.74694364,5874.21262569,15234.698004368533
Cob4usZcpHEY7Qt4ZCwj6WVg9S44zvzYV2v9qYF65dTf,NhFM9UXE48PyNAyeyPYA3iXztqKVJwA4bTdLj4ysM8w,6TuFuynuBoeskxyR2cz4wxyidk8dpDK7kAWw3UkjQGx,154.871384,914.2336050000058,0.8196099282215039,0.005292197351458446,0.0003278439712886016,1.0,39751.15463,67.322859,277.6938142503011
SRMuKizofcAMicegrfSv7xs9q76tH1w8aAF7oX9FEWu,72Hj2KWntXPfbie4UgKeTPnm1XVkomDfCnRPKbvfTtPi,6aqJQ5wedqpUt4fFEDUqUmXhrdxCu4bEJsQdVPCADLko,0.5808509999988019,0.025335000000268337,0.0185754560524463,0.03197972638849656,7.43018242097852e-06,0.03212230735561649,16653.778411,5255.088169,701.3888342639129
FrnkTEL6yZ5Aycq2TrEgu29dCrwKG4LPUZydfiwqspkc,DjvZuMZ46fxKBoBpGMPcRcos4xdTtHFxwMh69DpA2ZFY,9rvDPJLAng4uVVqnnSoEXgNDFhBZQTny9AoQioYDZbQX,9.013846319000152,7.450920413999967,1545.47250944336,171.45538705110621,0.6181890037773441,141.8275156159186,166.258405555,1447.634731458,233820.33675693793
MATSnbbiTCv7Dc3trJrkrqjx7ckKdr6fwPoVwv9q3sD,631WX9JizSHJm4w6VanZeJAst9T8DeUUnPLesdGkCVtK,211maUSfpnXbPuW1iBu8b4dtJv5EbN1j7JJiEX5TZKEP,526.5960090000044,527.3520129999961,524.3371644953585,0.9957104792553679,0.20973486579814338,0.9960814157105944,27581.852904,18036.095968,45428.959979490486
4xeRVccqvUgiV6VeF6NkWqkAYeewcJPRWFVginvJw1n4,A7VkMFrnCCyeZFUrQ3TzDr4xFep7PZtxvy3jJnBjLB2a,PhfHJ2Yu99BsEjZrefhApqUnLUiExcECcUT1YLoNUUv,3.105892155999996,4.447161006999977,2.146777453574554,0.6911951045780473,0.0008587109814298217,1.0,1269.239348208,54.593377564,931.8854015832011
Lid8SLUxQ9RmF7XMqUA8c24RitTwzja8VSKngJxRcUa,4PgzyzLtds9bKZ2to9PMnKqJzKEUpjvNUaeN23phegax,AtymwxoVN9peZo7EXTcDz9jKVc4vRmisJKKrNfe3ewBa,72.53433921500618,61.37437243699992,12116.567201665746,167.04594448361672,1.2116567201665747,141.4152927346055,970.955975077,7613.940274038,1238921.8506256347
daob129AwBGn9Y5r91uLoWZeYiGzbPmksauMhFZKTze,6VW5GQNyj4LStgmxEHLr5zUfW92vQnmbw8jTnCH7a38F,4VPCCUifPeBA1c7HWK358CHn2nyjm8pdTRk6Ps3KmnMQ,14.80132517700028,13.192384552000021,2352.3410654324994,158.92773365237545,0.9409364261729999,141.76713585445393,47.891888316,224.864119237,39489.69141105846
RoBgmK8CvjdHvPrqdDyVw54VwjZv2TqJ493xnqJAQHx,ExiHJxM7qPAcy27NDHAF6G7vnW7muNHi2sVJpnaNynGQ,6rkPHSqZb7StM4HwS9EuVrmfkV7tRdc7dnsFhyB6cefE,15.418144000000211,0.20442999999999856,0.0,0.0,0.0,0.9635591562690604,6438.815804,16.329966,15.734888260862443
wrmcMSHFi3sWpAEy4rGDvQb3ezh3PhXoV2xNjgLBkKU,8p4mGnARWPBu6P2Gcw4adodLkNDorrXniZMhaY7eJXUn,AyY89zccbsgp9LKFgH4CFZMJmpSgqmPSdTfukhP227rc,0.01621012000000216,0.10753067999999222,5.940950105185249,366.4963680209929,0.0023763800420741,3043.1210249231613,27.02251203,0.105243,10223.919699824577
7dwD9TF6uikvHXxPFK9AsSim54yJoujQjY9vU6gNFumk,CquVr6atkvwueDYficKjn6SSEWq4F4rH4VSiBbW4GBWU,8BCa6ge3b7ho3TfZuM64Vk1hgbrJ3J7EPiAb9uP86CGd,9.295799999999976e-05,9.440100000000003e-05,0.015520704457456519,166.96469865376363,6.208281782982607e-06,169.98838129413855,0.004495988,0.003026457,1.2651338080572523
ACUSESXyNnwRLAg1dpSGMLSzUDdLjUMybY8rkXiAKhCP,AhFPQdu8GKBsxuhiH46UmCu1YpaLgNpoP325HnYtsgas,A8wxWpT3aFEr2XqZp1kDmbxbFfcBE95UUmdsNTDBJYbT,128.49826531899998,129.91511706999995,128.49826531899998,1.0,0.0513993061276,0.9874021877171192,1033.511956177,1853.533878045,2863.695362366429
WiiQFxXqp8P9Fs1rt9SVcDyA3KUdJmUsog6wnVQAwba,3S2jpqSYxho6wiz3cafhjXruVY8cg4HYa2v3BqBHYFSj,Dfe67M6TfrG74gKRtdqys4e6E9QirPD53BkF4FujFjuv,1908.5259336349973,1911.1757381920015,1905.8034971509244,0.9985735396956918,0.19058034971509244,1.0,19720.641440251,7156.565386982,26849.07611504299
AURHmCnNwiW4uA2Qj1XvEh4iKgRUZYXtiY7FKAapUV5Y,BKWm4TRnTeKwfWXRyuzjRHU7iZDkPuXBX5b5V5jSVfGJ,A5Ww74HVrkj9nPeC7pHKLfgeDMEhBCpW1efQdz3TGLEg,0.004984468999737146,0.004396241000051759,0.8025266584345353,161.00544681426572,0.00032101066337381415,141.93517252929897,272.47975776,1806.838559546,300324.6678277432
BSCuChvaSj9b5HUSqgDVRzcnr2sSn7cXaamt1jbKH6hn,GnKpRj5kBVPMJfiwZtEuD9GYApLzPdW5JFuZTcyX4BTc,3dmwD9okkomV9nDwyuh4UMhKdUR13QpuKxRo89ycZB5t,41.73537952400011,41.71023161400012,41.77809637419984,1.001023516514931,0.016711238549679937,0.9990728603855622,1445.897753201,1564.275692711,3010.2030441786883
SoN9GaFpSXfpyR5dth3x7PHPVhvJMpQqqDJfCSmPv1t,9kZ9iS68ViMPtoeqtnhAKuF2iqVyfHPdZHoUNdwCELr,BBhm5fJLjw3HRzjtKB8uMEYjGhY6EDm9co3cqpjrSzB9,0.23514722300000068,0.23031379100000127,40.47971359683428,172.1462540802966,0.016191885438733712,167.38177741370382,2.987863629,5.039319159,1357.8397292234622
KwnjUuZhTMTSGAaavkLEmSyfobY16JNH4poL9oeeEvE,J63v6qEZmQpDqCD8bd4PXu2Pq5ZbyXrFcSa3Xt1HdAPQ,BnKQtTdLw9qPCDgZkWX3sURkBAoKCUYL1yahh6Mw7mRK,299.6711190000235,14702.937429999583,4.6442530338058345,0.01549783325568144,0.0004644253033805835,1.0,282858.313244,487.264047,4870.955020638821
HEDSDjj84KS7LKhZY7ejkCACTdPen62rKhCby1wXtgxc,EnnjMSFttpCTywBrYNt1J5QQeoSVkvzPipJDa8Y7kJow,6bjVT6JN2rSvpyn9PdfLYC8wJn4LWh49jpY47fnLDXZk,20.89475964400117,23.332919019003384,18.500313500472664,0.885404465793128,0.007400125400189066,1.0,43584.580466555,4600.320371185,43190.302555992734
RajgMbScQbqqrdJfR2rxfHJiTiY5b6bJ2tTXiF4aPxy,725ZA3fhyBAKb5iopNRrcbSuQa3LXA1656Q3mBvYPxeg,GLA6i1dSZpUfk2f9Nj8uiG7xyDdAR2reff8oEiZH3617,30.886674649998895,30.935581760000787,30.85314530287245,0.9989144397217766,0.012341258121148979,1.0,123956.94910452,60366.89666913,184189.2830334924
AUSejoEUCh2DBs9mof6BNC8Pubs22w4cJa1ccV9h44R,4xkyD7AfGQDwsQMy9MosRRNGoVJ1zosNinesxg1TzHG7,Cbm5gsQe3nSiCsFrvepVzMCD9xLK3ri9g3ypS2hdmVJ7,16.0009570000002,16.002192999998442,16.00135703392605,1.0000250006250158,0.001600135703392605,1.0,14443.128871,14443.883202,28887.37316024896
GokA1R67GqSavkd15zR62QD68Tuc5AEfvjssntVDEbM8,3YB7hfpBdbQEuZqLGWVDpRPmeZWCUsrrWyqGXegnQ6Cg,4DPCj6Z1DsG6HUtwSogBGqXEUxdEV5a8YVrrFtcnz7UW,3028.7859340000086,3028.599781999992,3029.24940915961,1.0001530234125822,0.30292494091596106,1.0,15359.62405,17140.463903,32502.43833508811
Lee1XZJfJ9Hm2K1qTyeCz1LXNc1YBZaKZszvNY4KCDw,9DgFSWkPDGijNKcLGbr3p5xoJbHsPgXUTr6QvGBJ5vGN,2hNHZg7XBhuhHVZ3JDEi4buq2fPQwuWBdQ9xkH7t1GQX,884.5417884790077,737.0512617869808,150598.80644873084,170.2562936090214,15.059880644873084,141.8926176534565,6482.090343961,54131.581440647,8784488.465136293
