0,1,2,3,4,5,6,7,8,9,10,11
MATgk4zXLXtYkwBH678J1xZbRDZ45LicNzkRBHkxTuY,y8dALFo1bJrSzPYjMX14HJX448pXqYmrfXHD1K8MXih,GN7Yuet3UyiWS5YVkEHv6oQKi4HGBJc3XDPt9zQhAqZz,1208.6539169999987,1208.5784320000002,1208.4508972492608,0.9998320282192592,0.4833803588997044,1.0,4389.916589,3705.419801,8094.599007893243
TETFuZgEmET6d9vYmz9iMFCxK1jKdKYxf3oPz8hSzJK,Eu1Ze6Z84LWNkq7SNoAHBJbXx5t1P95EwyqYohrfCRFV,ASMbv7WNu3qe4pkhREmvyEdwFNDZQ6B6iSrjkj4u8bdC,3.377344597999997,3.3659419130000003,3.4092006358014126,1.0094322734553887,0.0013636802543205652,0.9999370039687501,30.114825481,222.624190491,253.00904280053695
Dg3mAgpwDfVNnbGWcsxL8sUcSkEbjSJQhKAWNigG44Ju,EATxwd8YA2wV93VJcKMmH2Kn2Y9XfJVUB9hHVu3udwEy,GiGvrRi7NMHfHKanG2B8xyCEqe8jaafWins8bhrLVEaa,0.0008584749999999974,0.0008483219999999847,0.14602184761372727,170.0944670651186,5.840873904549091e-05,168.1348481834795,0.135250922,0.18309004,53.789249576963115
C2ypsDADXcCRz8HbV2zX1AXPSja7a1P3xZtRC91xGhJh,J9bYNuDpY1d1T86gLaw7DGk5D3CsUAf2tzUwxMvb6FTv,A2NGvvPrMGzsJ4jb52KEnSBVmsA7C34dV1GC7PerdgvG,0.057353003999992325,0.058264083000040046,8.023924171941147,139.90416564653214,0.003209569668776459,141.63539593183486,2768.575745844,962.743659367,523693.8591268388
BUSDgu5JdqP1rndBvXvanbEufS94FNh1w5FJcAj6vawb,Bgzr8cWubt89JQFXndVjtdKmDbGzuPxNhvjH1EhWCwbo,Dxaf8xPBBQsasRKW5Aa4Sw2YrbfGofY9xZueyyF23FBW,5638.51478161,5637.154856170001,5637.322487903808,0.9997885447227911,2.2549289951615235,1.0,7640.43286774,7638.3112088,15277.128466689956
SAMGk1Nd4haC8zQA63DG37pzuEZy8j4q13tSFtCbcRE,9U9TnkHD3jXMAVZtynCVLgDruuqN4pTvLJTmVHCLWS8g,C6zoEbvqSknmi96QWq96UBiPCyNW3YSTvKhavR2BfifE,0.00917506000000401,0.004809649999999888,0.015539939500496276,1.6937153000077911,6.21597580019851e-06,0.0,53.65232937,1.13296004,90.87177113502636
BUSDTd9WiT6uBHJRgNvFXBsA7JrifsAtWzKfioN7ERcy,DyBxrn7gSc1EwnpWhDyhzvMHPtxpmBqRqotapLcKcfTM,Cds99GeBgoCpqBsoRWu1C6fF9LiUMd4pXQQD24s9LPff,142.22511351000003,141.88205513999998,141.68080843059562,0.9961729327122939,0.014168080843059563,0.9987149335207403,108.97855626,77.53522058,185.99707065934655
BkMBnJpvHKtWhUvrgRrLesXfi9RUV3ELgdBaJcdH7hcY,5uerVwBnZQsuVhZ15igs7ZgmcqhHnYWbwoRtLyRqLvR,9YWiQh5d4jCtgMdzcGLv9bWgnLaFtzvDDh2nnhJdzhBX,110.02614021900013,109.52508003599996,110.53033173273121,1.0045824702450483,0.04421213269309249,1.0,1048.126824897,1825.784904813,2878.7147396981272
MARpDPs5A7XiyCWPNH8GsMWPLxmwNn9SBmKvPa9LzgA,6YjT74rmcfCpw8LSjPNx5JTmZoYLGrTKnf9arfSgZ4SR,F8GSmi3vA8M8TsybLya1LQ4n1aFHCRbZ6k437PeTdXtg,29872.118012999963,31189.92483700055,28613.523565450076,0.9578672510934054,11.44540942618003,1.0,296240.707669,16558.87944,300318.15175687015
BSCuChvaSj9b5HUSqgDVRzcnr2sSn7cXaamt1jbKH6hn,GnKpRj5kBVPMJfiwZtEuD9GYApLzPdW5JFuZTcyX4BTc,3dmwD9okkomV9nDwyuh4UMhKdUR13QpuKxRo89ycZB5t,50.95822149600008,50.913734033999845,51.03886724455018,1.001582585619799,0.020415546897820075,0.9999370039687501,1381.298506553,1629.227114005,3012.6090088689334
YAkoNb6HKmSxQN9L8hiBE5tPJRsniSSMzND1boHmZxe,CfWX7o2TswwbxusJ4hCaPobu2jLCb1hfXuXJQjVq3jQF,EnTrdMMpdhugeH6Ban6gYZWXughWxKtVGfCwFn78ZmY3,2816966.2493579905,2817577.86046901,2816966.2493579905,1.0,281.69662493579904,0.9996161473993986,2656823.203292,943419.350077,3599880.4193980154
STK75uPSyBnEhGTTzb1nwmP3n427XoXmfRhXxxhyady,6TYyD5fUmDe6N65avW1Ny2RxzRNobw2RRgKwH9CTzSAU,54zDfk4cx2vGrEajPtodWpArNe5eUurytyxd4X3aZAxK,72.98034295800056,83.14958671600385,10210.253990136836,139.90416564653214,1.0210253990136835,159.57591105877023,1884.321100257,313.875649994,313711.36414856726
MATSnbbiTCv7Dc3trJrkrqjx7ckKdr6fwPoVwv9q3sD,631WX9JizSHJm4w6VanZeJAst9T8DeUUnPLesdGkCVtK,211maUSfpnXbPuW1iBu8b4dtJv5EbN1j7JJiEX5TZKEP,105.66144799999529,105.67425900000308,105.70975735910841,1.0004572089444876,0.04228390294364336,0.9999390037207729,23110.666319,22508.278615,45628.13841610679
daob129AwBGn9Y5r91uLoWZeYiGzbPmksauMhFZKTze,6VW5GQNyj4LStgmxEHLr5zUfW92vQnmbw8jTnCH7a38F,4VPCCUifPeBA1c7HWK358CHn2nyjm8pdTRk6Ps3KmnMQ,4.586274417999817,4.100615526000013,705.0418108128769,153.72865785043064,0.28201672432515074,140.01366533373658,48.098392415,224.642821606,38847.16615469006
C98Sspw7XqnMsgxea3SLQVdbMDL8pKUc3RE82UvX9eq2,CSqgQJurPCzGxb4Cgwx5R61hWQUiaoUHcShNc8r1cKEL,6S2CR5EnukPhC914XkAns8m5GixjMAoUuZMsS5ubHuWc,1.7613249999999994,1.8213259999999991,0.0,0.0,0.0,1.0,851.624776,193.27235,193.27235
SoN9GaFpSXfpyR5dth3x7PHPVhvJMpQqqDJfCSmPv1t,9kZ9iS68ViMPtoeqtnhAKuF2iqVyfHPdZHoUNdwCELr,BBhm5fJLjw3HRzjtKB8uMEYjGhY6EDm9co3cqpjrSzB9,0.12147322899999802,0.119117209000001,20.671772897331905,170.1755445830146,0.008268709158932764,163.17704399236789,2.979267511,5.048779818,1330.8434376124726
KZMu9QBEdL97EFgamLbN5DE1AoKBG4HdrKKJo4Vuon3,DD4ACBWyVqdaKWh7v5btsgqQCCMwbKnuL2xd9pv7Gyuw,GcYqiJ1MAuYbNTNYXm1F1gQYTfTgkErACAhNU5dpVj9T,3.2094760099998894,3.195537970000032,3.2248466611378035,1.0047891466052474,0.0012899386644551214,1.0,1376.99454281,1713.05497539,3096.6441469401425
ALBpShJ9NLpE739pcHDF2LNVk5J4VYPvvKuV6jMPitZi,D6d156U1bPiJpDYRLextvDRccgFk7QzkQbJg42ceKEu5,GNcM8U5g8RwTZffwwm3kSQqUNPSwv5d2fbN9sLxPJqt2,1079.6029909999925,1081.1932369999995,1081.5400291922758,1.0017942134362643,0.43261601167691033,0.9999390037207729,45300.261259,55078.075171,100456.25520976476
KwnjUuZhTMTSGAaavkLEmSyfobY16JNH4poL9oeeEvE,J63v6qEZmQpDqCD8bd4PXu2Pq5ZbyXrFcSa3Xt1HdAPQ,BnKQtTdLw9qPCDgZkWX3sURkBAoKCUYL1yahh6Mw7mRK,102.2955510000192,5981.599717000144,1.6224829227041562,0.015860737899577388,0.00016224829227041564,1.0,281892.227457,497.125505,4968.144240623529
YakoMPuYrybnr9R7VC7hVGxMz94fJvPFCdZ4gmW61Ed,,,0.034822999999999826,0.03493499999999994,0.0,0.0,0.0,1.0,281892.227457,497.125505,497.125505
parEAJhzYzHW87y9VoZAQ22dzQ2MD2ekEtTReaxbMcz,3oyc6hpjYSJEquK6dSvG72NXyz3pqLZz5D8AC71pwgQb,Di2vordgFJVZ1aj1aBpvzXtLfZgJsuLLXawGtVFwX6Rz,0.07162502000005588,0.07760533399994074,9.618504372346722,134.28972686275296,0.003847401748938689,159.85132547919832,1106.63375013,136.530073342,170434.05723355256
WiiQFxXqp8P9Fs1rt9SVcDyA3KUdJmUsog6wnVQAwba,3S2jpqSYxho6wiz3cafhjXruVY8cg4HYa2v3BqBHYFSj,Dfe67M6TfrG74gKRtdqys4e6E9QirPD53BkF4FujFjuv,633.3135654509988,633.4917609309996,633.6679854602866,1.0005596280083395,0.06336679854602867,1.0,10589.564700904,16289.590014069,26885.080931975746
Sid7E679i9ABqptiAVhkmQ27YHN8vaYT4fppPwmxFsJ,GP7KB8o1bv527HG8kTzzzf4wJ5aEGHvcMQvVhLziUfmT,9gYxhAZ1M9wu5pxr8SBoa5NDm21gi3s9vMHaYTME77sa,183.82194199999867,544.2717980000889,0.9983298056887876,0.005430961042119742,0.0003993319222755151,0.01603712170294218,135289.063285,8943.589686,878.1790683812678
4xeRVccqvUgiV6VeF6NkWqkAYeewcJPRWFVginvJw1n4,A7VkMFrnCCyeZFUrQ3TzDr4xFep7PZtxvy3jJnBjLB2a,PhfHJ2Yu99BsEjZrefhApqUnLUiExcECcUT1YLoNUUv,23.862833161000054,85.22148266900007,3.3831830820428217,0.1417762534405214,0.0013532732328171287,1.0,1372.221078122,13.721397663,208.26976101125018
SEQV6QiTpvTzrceiaYg9Avnwf7oc8ZALpnQMz6TyT4A,3dFMPj4r9mMmPHF32mz1gNDX7f8ftidWof7S8YiYTs1j,Fc1ED3YPeQfXQosHbd8DTaBd2AV5gHQtwiSAL5C5pUhi,299.8939246809998,299.42884832000004,300.4684883365777,1.0019158896139329,0.12018739533463109,0.9992755252441978,1357.288433374,4214.673303888,5571.508727661992
SoNcU2iwHMw6dGzsYNQkYFkUjwN1UdAjrWVRnStrZu2,8ivTTid27jZnYNc4w3CTA1Z6QS2twsFb8WMwUabeDJgc,CyXm53PMvHCbeXJBykU46Rcbo28xk5srhMZFg7gv6EYB,0.27495491300000197,0.2724190549999985,46.22210404234067,168.10794009103716,0.01848884161693627,164.99333179449553,11.635695698,15.351090424,4488.880391051258
BSC8REUo9LpiiWUuqMuLXs2D2yJsJfGd4HdiF3wCLxk5,AZjEH1zWVx1UJ6udMyRijGTzPteuLnaY18yNNmprJEsh,Caf8ypkSVR8xYnXNhjvfvdGCC7mrM3C11rz8Xi6NA6aK,2.866389365000032,2.871236425999541,2.8624369950079975,0.9986211328997049,0.0011449747980031989,1.0,3508.130415089,2734.397158831,6237.69032830709
BUSD5rCfUDpCxKGMvYU2yThChxgHoioK74PTPociGnv2,CcFHbafgYDZ8yA8Me1PdtDiVb2eeaS61LbqyKKK5CsNZ,26R9s4nmF3CFDTkiePDwRmtscn8i7r2eygbSijditJ58,0.6580934899999917,0.6614664900000093,0.6583065904263786,1.000323814822096,6.583065904263787e-05,1.0,100.51128757,48.06826222,148.61209683470312
B2izdXFYb2sNwbWWHmh75T4aQFtfXsUxem9u2p61HGzf,4DYwgJtxwuJdAjkj5RJSNH4e7U329V5cNp7d3a1nLrZv,EXNW64GEf1ACC6xY9BtKRiunrs6GoJSXBdxWN2eTPmrF,282.3307960000002,279.72421400000167,284.03614903882936,1.0060402657555967,0.028403614903882934,1.0,10440.489132,29315.371673,39818.9241339757
ALLwa5WNZbvQsRKAqe1jdRGemdYQnW8E5k4msbRFcYtu,CGoM82Hbz7QVqTgvQatYtjvDWBvoUJp5qm21P8iMs9yb,3dxNNww8TivyN5FMy5dCNdi3Zcxv6e4kUfSPxfFwpdNq,0.45188086599999977,0.4514880689999998,1426.661823577697,3157.1636042179707,0.5706647294310789,3159.078559965629,3.112466554,5.662721145,27715.54708386805
AUSejoEUCh2DBs9mof6BNC8Pubs22w4cJa1ccV9h44R,4xkyD7AfGQDwsQMy9MosRRNGoVJ1zosNinesxg1TzHG7,Cbm5gsQe3nSiCsFrvepVzMCD9xLK3ri9g3ypS2hdmVJ7,13.896030000001701,13.890668000000005,13.903051040777294,1.0005052551538527,0.0013903051040777294,1.0,14295.089657,14593.106308,28895.418632723988
JSoLLrxK5bYdHwTEWYaGgmeycBCNXKDiBCTw5hXGBg7,xG4wXczA7Dk4hccJ61CHKpDHW4NrNfQwgmWgkb9BuF2,BVR6WgfhsRr9Lob4QDnkEAiNGgAbv7ZieKcY9kSg3QYR,0.20386787700007858,0.1715776149999968,33.63684027211337,164.99333179449553,0.013454736108845348,139.92571903279426,17.194933519,172.076692374,26915.004280501555
Lee1XZJfJ9Hm2K1qTyeCz1LXNc1YBZaKZszvNY4KCDw,9DgFSWkPDGijNKcLGbr3p5xoJbHsPgXUTr6QvGBJ5vGN,2hNHZg7XBhuhHVZ3JDEi4buq2fPQwuWBdQ9xkH7t1GQX,1117.1236865871397,930.1367749529836,187797.36177906944,168.10794009103716,18.779736177906948,139.92571903279426,6464.392179589,54152.520890896,8664046.076348351
SAMyS8Jr2HJrkFwYVKbpUwsNStnQmvz3f8Tup8bWUWF,6jPzm5TFfquvgm25sTyN3MMGBfufRaFHMxobDWv6hMFW,Cj9ECoDmxsHTDzCY5ZA6RWrPbg9uFzEC1Qc2kso2vJG6,105.74078040999842,100.34943785000428,106.24718850953518,1.0047891466052474,0.04249887540381408,0.01591901371659397,396.88026903,113514.34071371,2205.817333674786
Lid8SLUxQ9RmF7XMqUA8c24RitTwzja8VSKngJxRcUa,4PgzyzLtds9bKZ2to9PMnKqJzKEUpjvNUaeN23phegax,AtymwxoVN9peZo7EXTcDz9jKVc4vRmisJKKrNfe3ewBa,13.889726368994502,11.77396477300033,2292.992494881854,165.085505211997,0.22929924948818542,139.93024197577023,970.304849395,7614.718941218,1225712.7302941398
DEDaBEWzMCXohXYXoLzB4jK1xqMsd3SS9izXp2xvg9pe,,,3691468.5944615323,13264167.680212542,0.0,0.0,0.0,139.93024197577023,970.304849395,7614.718941218,1065529.4640221156
SRMuKizofcAMicegrfSv7xs9q76tH1w8aAF7oX9FEWu,72Hj2KWntXPfbie4UgKeTPnm1XVkomDfCnRPKbvfTtPi,6aqJQ5wedqpUt4fFEDUqUmXhrdxCu4bEJsQdVPCADLko,0.025282000000515836,0.025282000000515836,0.0008021738969883905,0.03172905217039884,3.2086955879535623e-07,0.031817136480625084,16653.778411,5255.233264,695.6150780350897
GokA1R67GqSavkd15zR62QD68Tuc5AEfvjssntVDEbM8,3YB7hfpBdbQEuZqLGWVDpRPmeZWCUsrrWyqGXegnQ6Cg,4DPCj6Z1DsG6HUtwSogBGqXEUxdEV5a8YVrrFtcnz7UW,6605.380824999997,6604.502733999998,6605.962149669167,1.0000880077446814,0.6605962149669167,1.0,14175.482721,18328.510309,32505.240582264047
RajgMbScQbqqrdJfR2rxfHJiTiY5b6bJ2tTXiF4aPxy,725ZA3fhyBAKb5iopNRrcbSuQa3LXA1656Q3mBvYPxeg,GLA6i1dSZpUfk2f9Nj8uiG7xyDdAR2reff8oEiZH3617,3897.6999805199957,3905.842088009944,3889.443858042529,0.9978817963109707,1.5557775432170116,1.0,133737.4671842,50608.63809755,184062.822085399
FrnkTEL6yZ5Aycq2TrEgu29dCrwKG4LPUZydfiwqspkc,DjvZuMZ46fxKBoBpGMPcRcos4xdTtHFxwMh69DpA2ZFY,9rvDPJLAng4uVVqnnSoEXgNDFhBZQTny9AoQioYDZbQX,0.6055282509994413,0.49822565200000213,102.98644213995696,170.077022781307,0.04119457685598278,139.93024197577023,166.274585592,1447.755649886,230864.2848920194
KEN5P7p3asnb23Sw6yAmJRGvijfAzso3RqfyLAQhznt,9zj4aX38Uxf3h6AUjS4EipWS8mwbEofasHAf3a1uKGds,CwQDG1MWunn9cLNwcZLd8YBacweSR7ARo32w4mLua1Yr,25906.33907499956,25903.79018699983,25899.423928810567,0.9997330712699709,2.5899423928810568,1.0,920004.123877,950963.821286,1870722.369630592
heyk4SZTeCUV6a65WiVA5bzic3KcxgVf1qxobfeV4tQ,9ZDpBKPqMABtGfq66FbVribaArMvtk63xxy91onZAtDt,DaTP4s6N7xxSPinbNZ3FB52EpRDRt87QShTuN3VPCW52,0.8583786320014042,0.737429467000311,139.62557033380585,162.66198286909062,0.05585022813352234,139.93024197577023,603.666799388,4496.937960135,727451.2554924067
wrmcMSHFi3sWpAEy4rGDvQb3ezh3PhXoV2xNjgLBkKU,8p4mGnARWPBu6P2Gcw4adodLkNDorrXniZMhaY7eJXUn,AyY89zccbsgp9LKFgH4CFZMJmpSgqmPSdTfukhP227rc,0.0034809900000005445,0.009226399999998969,1.3303943038629873,382.188487718373,0.0005321577215451949,3157.7617784514337,27.01676173,0.10594095,10660.031591319148
vEnkoSUkpnbRrPgBz9DfcVxNz67zjwMYBZraAvDDNSf,DtfyjjsZ5yCjWKLKHvwsfXs5QVsmm1QkK6Sh9JZHoq1g,e5wrKCRv4GhHvEf1VD5Pq2KGaZDXP77nTL612Jyrxwy,4781.203812999996,4782.366782000003,4779.860672151121,0.9997190789388182,0.4779860672151122,0.9999000099990001,22111.833568,19620.062819,41723.72289714851
AURHmCnNwiW4uA2Qj1XvEh4iKgRUZYXtiY7FKAapUV5Y,BKWm4TRnTeKwfWXRyuzjRHU7iZDkPuXBX5b5V5jSVfGJ,A5Ww74HVrkj9nPeC7pHKLfgeDMEhBCpW1efQdz3TGLEg,0.004070216999821241,0.003611195999951633,0.6450480384328674,158.4800118669833,0.000258019215373147,139.93024197577023,272.476431331,1806.842346482,296013.9548261049
Cob4usZcpHEY7Qt4ZCwj6WVg9S44zvzYV2v9qYF65dTf,NhFM9UXE48PyNAyeyPYA3iXztqKVJwA4bTdLj4ysM8w,6TuFuynuBoeskxyR2cz4wxyidk8dpDK7kAWw3UkjQGx,68.98804499999414,374.28035700000294,0.37467138476697187,0.005430961042119742,0.00014986855390678876,1.0,39496.060287,68.708529,283.2100937359097
HEDSDjj84KS7LKhZY7ejkCACTdPen62rKhCby1wXtgxc,EnnjMSFttpCTywBrYNt1J5QQeoSVkvzPipJDa8Y7kJow,6bjVT6JN2rSvpyn9PdfLYC8wJn4LWh49jpY47fnLDXZk,8.398511639997196,9.537303759985662,7.338211956161829,0.8737514777278179,0.0029352847824647317,1.0,43695.944966808,4502.072135482,42681.468620943895
