0,1,2,3,4,5,6,7,8,9,10,11
BUSDTd9WiT6uBHJRgNvFXBsA7JrifsAtWzKfioN7ERcy,DyBxrn7gSc1EwnpWhDyhzvMHPtxpmBqRqotapLcKcfTM,Cds99GeBgoCpqBsoRWu1C6fF9LiUMd4pXQQD24s9LPff,185.27334806999997,184.93924148,0.0,0.0,0.0,0.0,88.5986273,97.80776101,0.0
AURHmCnNwiW4uA2Qj1XvEh4iKgRUZYXtiY7FKAapUV5Y,BKWm4TRnTeKwfWXRyuzjRHU7iZDkPuXBX5b5V5jSVfGJ,A5Ww74HVrkj9nPeC7pHKLfgeDMEhBCpW1efQdz3TGLEg,0.00876549999998133,0.007727404000036131,0.0,0.0,0.0,0.0,272.477090307,1806.841567578,0.0
7dwD9TF6uikvHXxPFK9AsSim54yJoujQjY9vU6gNFumk,CquVr6atkvwueDYficKjn6SSEWq4F4rH4VSiBbW4GBWU,8BCa6ge3b7ho3TfZuM64Vk1hgbrJ3J7EPiAb9uP86CGd,0.0007442610000000004,0.0007577609999999992,0.0,0.0,0.0,0.0,0.004401587,0.003119415,0.0
DEDaBEWzMCXohXYXoLzB4jK1xqMsd3SS9izXp2xvg9pe,GC5zHpW5GuVdw3C7covC6viyGdLS8ZAaVGDKMeru7p78,F8juxtAFueW19vxkdDArUkjVWAv9QV6yy1wCXUWQiXvh,176073171.03285444,1261.39383729,0.0,0.0,0.0,0.0,149.82446147,29115675.63341524,0.0
vEnkoSUkpnbRrPgBz9DfcVxNz67zjwMYBZraAvDDNSf,DtfyjjsZ5yCjWKLKHvwsfXs5QVsmm1QkK6Sh9JZHoq1g,e5wrKCRv4GhHvEf1VD5Pq2KGaZDXP77nTL612Jyrxwy,3968.486474000001,3968.9899490000134,0.0,0.0,0.0,0.0,20348.329195,17388.518597,0.0
TETFuZgEmET6d9vYmz9iMFCxK1jKdKYxf3oPz8hSzJK,Eu1Ze6Z84LWNkq7SNoAHBJbXx5t1P95EwyqYohrfCRFV,ASMbv7WNu3qe4pkhREmvyEdwFNDZQ6B6iSrjkj4u8bdC,3.7824217399999895,3.766998616000002,0.0,0.0,0.0,0.0,43.196137096,209.459802491,0.0
SUiuyGR7SFq3xeRVJonq84fjjeFwRSsFekcevJ53tzy,49GjCCPsv7fBqo6t3iKDrP1xxGDS8uWZbVCdfnp2gjMf,CEwj5xEbbJEjYqM8D6Ai8ByGz1mrh8mkAVsE5fzDSSSx,2.8420930000000135,3.3548970000000162,0.0,0.0,0.0,0.0,706.418951,1.241779,0.0
WiiQFxXqp8P9Fs1rt9SVcDyA3KUdJmUsog6wnVQAwba,3S2jpqSYxho6wiz3cafhjXruVY8cg4HYa2v3BqBHYFSj,Dfe67M6TfrG74gKRtdqys4e6E9QirPD53BkF4FujFjuv,7413.172007930003,7413.803966096995,0.0,0.0,0.0,0.0,15169.859082285,11703.163286126,0.0
SoNcU2iwHMw6dGzsYNQkYFkUjwN1UdAjrWVRnStrZu2,8ivTTid27jZnYNc4w3CTA1Z6QS2twsFb8WMwUabeDJgc,CyXm53PMvHCbeXJBykU46Rcbo28xk5srhMZFg7gv6EYB,0.19121249300000187,0.18935978300000222,0.0,0.0,0.0,0.0,11.867244057,15.113073394,0.0
Lid8SLUxQ9RmF7XMqUA8c24RitTwzja8VSKngJxRcUa,4PgzyzLtds9bKZ2to9PMnKqJzKEUpjvNUaeN23phegax,AtymwxoVN9peZo7EXTcDz9jKVc4vRmisJKKrNfe3ewBa,61.17772988100228,51.75168773899952,0.0,0.0,0.0,0.0,960.806470992,7625.909857429,0.0
YAkoNb6HKmSxQN9L8hiBE5tPJRsniSSMzND1boHmZxe,CfWX7o2TswwbxusJ4hCaPobu2jLCb1hfXuXJQjVq3jQF,EnTrdMMpdhugeH6Ban6gYZWXughWxKtVGfCwFn78ZmY3,3186275.9497390036,3186601.487646022,3186275.9497390036,1.0,318.6275949739004,0.0,693520.113352,1201690.924497,693520.113352
BSCrK1Nx9PXU9mF7STWWBqeHLxmtJDr9h7jheEy4tAWX,FfSySSbVJPvEo5a5AvrP3nySoXpRE2QPn1uUMpJJ1x7v,HL7Vcj6838ZmvBHDbQxXfjBNckNi83WvPiZQoMQLFeRM,0.02538879000000005,0.02539889499999992,0.0,0.0,0.0,0.0,0.571389786,1.234578558,0.0
Lee1XZJfJ9Hm2K1qTyeCz1LXNc1YBZaKZszvNY4KCDw,9DgFSWkPDGijNKcLGbr3p5xoJbHsPgXUTr6QvGBJ5vGN,2hNHZg7XBhuhHVZ3JDEi4buq2fPQwuWBdQ9xkH7t1GQX,596.369216122177,497.0784785109954,0.0,0.0,0.0,0.0,6486.22109961,54126.393732535,0.0
MARpDPs5A7XiyCWPNH8GsMWPLxmwNn9SBmKvPa9LzgA,6YjT74rmcfCpw8LSjPNx5JTmZoYLGrTKnf9arfSgZ4SR,F8GSmi3vA8M8TsybLya1LQ4n1aFHCRbZ6k437PeTdXtg,18771.824366999994,19392.116577000303,0.0,0.0,0.0,1.0,294644.455156,18023.696861,18023.696861
ionytDfEj1mXodptgrsKEZro7DGsfpzANUfarJdm6Qb,3gkSjY95an9xNFSjCfsay6JZez7uv7yfW3Ad4ubc4fMK,9wXqANaSuEqkKL9yHzCPEDGHwbkStVAqV5rB3QDs3Jr6,0.015523115000000032,0.0553291090000001,12.649378577295687,814.8737271672381,0.005059751430918275,3000.390050706592,3.14953581,0.084939722,2821.32628113997
BUSDgu5JdqP1rndBvXvanbEufS94FNh1w5FJcAj6vawb,Bgzr8cWubt89JQFXndVjtdKmDbGzuPxNhvjH1EhWCwbo,Dxaf8xPBBQsasRKW5Aa4Sw2YrbfGofY9xZueyyF23FBW,4119.769518429998,4119.618643080001,4119.05288560896,0.9998260502637751,1.647621154243584,1.0,7501.5660516,7762.00819027,15262.269346434052
JSoLLrxK5bYdHwTEWYaGgmeycBCNXKDiBCTw5hXGBg7,xG4wXczA7Dk4hccJ61CHKpDHW4NrNfQwgmWgkb9BuF2,BVR6WgfhsRr9Lob4QDnkEAiNGgAbv7ZieKcY9kSg3QYR,0.9268181189998757,0.7801786250000013,152.95202008072826,165.02916477914562,0.061180808032291305,138.83963938347426,17.197108823,172.068174063,26727.907741955565
STK75uPSyBnEhGTTzb1nwmP3n427XoXmfRhXxxhyady,6TYyD5fUmDe6N65avW1Ny2RxzRNobw2RRgKwH9CTzSAU,54zDfk4cx2vGrEajPtodWpArNe5eUurytyxd4X3aZAxK,206.8127723130001,235.7197799080027,28690.213428271556,138.72553956604986,2.869021342827156,158.30429504881155,1915.628906461,319.089761725,316259.9334442936
MiMy69CnJDY4V6cQWkU3HHfTyb8pqXJmhX4MisFYDnM,,,0.093453119,0.091813637,0.0,0.0,0.0,158.30429504881155,1915.628906461,319.089761725,50513.27978716938
CZgvH45CRmoaNJ7395Ao5CQZXkGznvqU7cErD6n7FaRg,4ZjU6MKvtqVQKCiowhvZ5yUsPxXX5SCzd5eFsPeXyey5,BsyWeshjDbCvjDojry3vKDCesmFRM37WtwcR4Kfgzqr,1.8833736599999895,2.0008719999999585,2.003164116104809,1.0636041899963813,0.0008012656464419235,1.0,153.86145557,654.3533282,818.001017023194
AUSejoEUCh2DBs9mof6BNC8Pubs22w4cJa1ccV9h44R,4xkyD7AfGQDwsQMy9MosRRNGoVJ1zosNinesxg1TzHG7,Cbm5gsQe3nSiCsFrvepVzMCD9xLK3ri9g3ypS2hdmVJ7,121.509188,121.42165899999964,121.5842054547656,1.0006173809240302,0.01215842054547656,1.0,14207.828568,14679.209167,28895.809377329777
RajgMbScQbqqrdJfR2rxfHJiTiY5b6bJ2tTXiF4aPxy,725ZA3fhyBAKb5iopNRrcbSuQa3LXA1656Q3mBvYPxeg,GLA6i1dSZpUfk2f9Nj8uiG7xyDdAR2reff8oEiZH3617,4604.358261039997,4609.3595424099985,4600.0090904452545,0.9990554230691508,1.8400036361781018,1.0,126628.8045096,57694.80294477,184203.99680684923
MiMuMS9C4vBqcrYeeQPph1E7oAW9aNKvW9k6Zw9XffM,Afy2q2hh6Y474pshJa5fnQ6PfEchGyTbKrQpCZw2hr3m,5pXz9ksgjeL8Wgb37bksUaBFMLdFfsNNY3FQnikkCPtS,40.14741584299918,0.5975272900000022,0.0,0.0,0.0,0.0,25.830081615,7685.505401775,0.0
Dg3mAgpwDfVNnbGWcsxL8sUcSkEbjSJQhKAWNigG44Ju,EATxwd8YA2wV93VJcKMmH2Kn2Y9XfJVUB9hHVu3udwEy,GiGvrRi7NMHfHKanG2B8xyCEqe8jaafWins8bhrLVEaa,4.9469999999995906e-05,5.014500000000144e-05,0.00834053386497775,168.5978141293398,3.3362135459911004e-06,166.32426045580831,0.133247128,0.185118467,53.25486664030031
BkwbeSfcX1h4thMDd7obGkHrPevf3QwgzJ4pCEqG18Lu,35yX27bmurdebhfAb8EPmjLETDiUaEUCn9zHaDPbakH2,2CxECn1ZJFoESyUnQysQU8rRgT3iJ5GRs2Mdd6gZjx5g,0.0050545700000002025,0.005907999999998026,0.0,0.0,0.0,0.0,1.55388311,21.09799043,0.0
SoN9GaFpSXfpyR5dth3x7PHPVhvJMpQqqDJfCSmPv1t,9kZ9iS68ViMPtoeqtnhAKuF2iqVyfHPdZHoUNdwCELr,BBhm5fJLjw3HRzjtKB8uMEYjGhY6EDm9co3cqpjrSzB9,0.04048937299999977,0.039587260999999874,6.842893420918279,169.004677373451,0.002737157368367312,165.22259366097083,2.963623572,5.063866608,1337.531420569157
Cob4usZcpHEY7Qt4ZCwj6WVg9S44zvzYV2v9qYF65dTf,NhFM9UXE48PyNAyeyPYA3iXztqKVJwA4bTdLj4ysM8w,6TuFuynuBoeskxyR2cz4wxyidk8dpDK7kAWw3UkjQGx,85.06507299999879,541.8439499999984,0.0,0.0,0.0,1.0,39622.600262,68.001785,68.001785
ALBpShJ9NLpE739pcHDF2LNVk5J4VYPvvKuV6jMPitZi,D6d156U1bPiJpDYRLextvDRccgFk7QzkQbJg42ceKEu5,GNcM8U5g8RwTZffwwm3kSQqUNPSwv5d2fbN9sLxPJqt2,798.3588459999955,797.271123999999,0.0,0.0,0.0,0.0,44122.949987,56253.07482,0.0
ALLwa5WNZbvQsRKAqe1jdRGemdYQnW8E5k4msbRFcYtu,CGoM82Hbz7QVqTgvQatYtjvDWBvoUJp5qm21P8iMs9yb,3dxNNww8TivyN5FMy5dCNdi3Zcxv6e4kUfSPxfFwpdNq,0.04179528200000027,0.04183239999999966,0.0,0.0,0.0,0.0,3.565465991,5.208689722,0.0
C98Sspw7XqnMsgxea3SLQVdbMDL8pKUc3RE82UvX9eq2,CSqgQJurPCzGxb4Cgwx5R61hWQUiaoUHcShNc8r1cKEL,6S2CR5EnukPhC914XkAns8m5GixjMAoUuZMsS5ubHuWc,11.930579999999964,12.535944999999856,0.0,0.0,0.0,1.0,809.907343,133.020699,133.020699
daob129AwBGn9Y5r91uLoWZeYiGzbPmksauMhFZKTze,6VW5GQNyj4LStgmxEHLr5zUfW92vQnmbw8jTnCH7a38F,4VPCCUifPeBA1c7HWK358CHn2nyjm8pdTRk6Ps3KmnMQ,6.717881304999793,5.991283246000016,0.0,0.0,0.0,0.0,47.885182775,224.854857102,0.0
heyk4SZTeCUV6a65WiVA5bzic3KcxgVf1qxobfeV4tQ,9ZDpBKPqMABtGfq66FbVribaArMvtk63xxy91onZAtDt,DaTP4s6N7xxSPinbNZ3FB52EpRDRt87QShTuN3VPCW52,0.7533862030001046,0.6543383000001768,0.0,0.0,0.0,0.0,605.759209048,4494.498095744,0.0
SRMuKizofcAMicegrfSv7xs9q76tH1w8aAF7oX9FEWu,72Hj2KWntXPfbie4UgKeTPnm1XVkomDfCnRPKbvfTtPi,6aqJQ5wedqpUt4fFEDUqUmXhrdxCu4bEJsQdVPCADLko,0.3366539999997258,0.03377199999977165,0.0,0.0,0.0,0.0,16653.778411,5253.547256,0.0
MiMUFdSLMyCLpqpH6zkqdDrGYs7XBomwENbivdYjv9V,,,0.512491725,0.509730922,0.0,0.0,0.0,0.0,16653.778411,5253.547256,0.0
FrnkTEL6yZ5Aycq2TrEgu29dCrwKG4LPUZydfiwqspkc,DjvZuMZ46fxKBoBpGMPcRcos4xdTtHFxwMh69DpA2ZFY,9rvDPJLAng4uVVqnnSoEXgNDFhBZQTny9AoQioYDZbQX,6.977604011999574,5.741966089999977,0.0,0.0,0.0,0.0,166.074275968,1447.849076141,0.0
moFiBS1R4Lf3E3zzmBPnw3NF4RhWPkhREFviuzUaCAU,44ALBrpqi9PfZkBRTvbtRNtFJGsatfY4QydjtMbFWq8S,2ho8qEEie1UjVwWNBo9y4oAJZMyMLx8zPj9bxyUz6uWs,201.82715835699855,201.843474177007,0.0,0.0,0.0,0.0,34798.392035253,29640.075901054,0.0
parEAJhzYzHW87y9VoZAQ22dzQ2MD2ekEtTReaxbMcz,3oyc6hpjYSJEquK6dSvG72NXyz3pqLZz5D8AC71pwgQb,Di2vordgFJVZ1aj1aBpvzXtLfZgJsuLLXawGtVFwX6Rz,0.5301167649998888,0.6278973990004317,0.0,0.0,0.0,0.0,1106.202551183,136.892241625,0.0
GokA1R67GqSavkd15zR62QD68Tuc5AEfvjssntVDEbM8,3YB7hfpBdbQEuZqLGWVDpRPmeZWCUsrrWyqGXegnQ6Cg,4DPCj6Z1DsG6HUtwSogBGqXEUxdEV5a8YVrrFtcnz7UW,13769.545304999998,13771.133793999998,0.0,0.0,0.0,1.0,19460.269652,13038.619995,13038.619995
B2izdXFYb2sNwbWWHmh75T4aQFtfXsUxem9u2p61HGzf,4DYwgJtxwuJdAjkj5RJSNH4e7U329V5cNp7d3a1nLrZv,EXNW64GEf1ACC6xY9BtKRiunrs6GoJSXBdxWN2eTPmrF,1288.589896000005,1275.1035489999886,0.0,0.0,0.0,1.0,10391.646831,29364.203944,29364.203944
KEN5P7p3asnb23Sw6yAmJRGvijfAzso3RqfyLAQhznt,9zj4aX38Uxf3h6AUjS4EipWS8mwbEofasHAf3a1uKGds,CwQDG1MWunn9cLNwcZLd8YBacweSR7ARo32w4mLua1Yr,32262.372649999685,32267.37082299951,0.0,0.0,0.0,1.0,929235.601063,868515.508975,868515.508975
KwnjUuZhTMTSGAaavkLEmSyfobY16JNH4poL9oeeEvE,J63v6qEZmQpDqCD8bd4PXu2Pq5ZbyXrFcSa3Xt1HdAPQ,BnKQtTdLw9qPCDgZkWX3sURkBAoKCUYL1yahh6Mw7mRK,179.82592499998526,11368.124194000038,0.0,0.0,0.0,1.0,282328.361952,495.526305,495.526305
SAMyS8Jr2HJrkFwYVKbpUwsNStnQmvz3f8Tup8bWUWF,6jPzm5TFfquvgm25sTyN3MMGBfufRaFHMxobDWv6hMFW,Cj9ECoDmxsHTDzCY5ZA6RWrPbg9uFzEC1Qc2kso2vJG6,1431.9240917200077,21.898824540000078,0.0,0.0,0.0,0.0,393.53516544,113725.32418214,0.0
MATSnbbiTCv7Dc3trJrkrqjx7ckKdr6fwPoVwv9q3sD,631WX9JizSHJm4w6VanZeJAst9T8DeUUnPLesdGkCVtK,211maUSfpnXbPuW1iBu8b4dtJv5EbN1j7JJiEX5TZKEP,6085.222019000008,6090.891823000005,0.0,0.0,0.0,0.0,27202.040628,18414.576208,0.0
KysFMBBoavfov2tLpvefWW6tPFt6rAeZWDJVy1mMQae,B8ka2V21TH3x64dFV8ETcjuQcwmrciJ2qzy1mJUttRew,7fSf7EYxBANyxzk2s5pymFgshA91tFYQNKKs5UnLWcYS,47.34742399999277,51.70089000000098,0.0,0.0,0.0,0.0,130491.549553,3155.413222,0.0
C2ypsDADXcCRz8HbV2zX1AXPSja7a1P3xZtRC91xGhJh,J9bYNuDpY1d1T86gLaw7DGk5D3CsUAf2tzUwxMvb6FTv,A2NGvvPrMGzsJ4jb52KEnSBVmsA7C34dV1GC7PerdgvG,17.867639476000363,18.157793640000364,2485.2654468109167,139.09310461234125,0.9941061787243668,141.08242670238874,2753.467500055,960.60961467,518513.478583122
HEDSDjj84KS7LKhZY7ejkCACTdPen62rKhCby1wXtgxc,EnnjMSFttpCTywBrYNt1J5QQeoSVkvzPipJDa8Y7kJow,6bjVT6JN2rSvpyn9PdfLYC8wJn4LWh49jpY47fnLDXZk,114.31446874399717,129.03897905500344,101.19237001929677,0.8852105173660315,0.04047694800771871,1.0,43589.504328868,4595.942178128,43181.82985681412
wrmcMSHFi3sWpAEy4rGDvQb3ezh3PhXoV2xNjgLBkKU,8p4mGnARWPBu6P2Gcw4adodLkNDorrXniZMhaY7eJXUn,AyY89zccbsgp9LKFgH4CFZMJmpSgqmPSdTfukhP227rc,0.008077090000001688,0.03625687999999894,2.8160734395325617,348.6495061379746,0.0011264293758130248,2995.3571963456643,27.0370565,0.10352348,9736.546196958261
KZMu9QBEdL97EFgamLbN5DE1AoKBG4HdrKKJo4Vuon3,DD4ACBWyVqdaKWh7v5btsgqQCCMwbKnuL2xd9pv7Gyuw,GcYqiJ1MAuYbNTNYXm1F1gQYTfTgkErACAhNU5dpVj9T,21.962402969999857,21.928780599999982,22.0648383199551,1.0046641230513422,0.00882593532798204,1.0,1381.55235329,1708.43411222,3096.430195687616
BSCNHw8CmxbZ8hCWWzMf5FaG2ajPT6JxfznKUNuRVrn4,7n9kgNL633yGzCYksgnzHyjG73ZLBAwvEae5sbAekbzW,SscdxE99omdG9AiMVwmaEMQySQnCgeAh1sPj2Leutm2,1764.7053868019998,1769.8850958500007,1761.736415223036,0.9983175822994771,0.7046945660892144,1.0,6399.671828783,5313.838064442,11702.742972062719
SEQV6QiTpvTzrceiaYg9Avnwf7oc8ZALpnQMz6TyT4A,3dFMPj4r9mMmPHF32mz1gNDX7f8ftidWof7S8YiYTs1j,Fc1ED3YPeQfXQosHbd8DTaBd2AV5gHQtwiSAL5C5pUhi,901.8126272549998,900.01176,902.7176757477864,1.0010035881794441,0.3610870702991146,0.9997300728803223,1747.134083272,3822.953522873,5570.809090425785
Sid7E679i9ABqptiAVhkmQ27YHN8vaYT4fppPwmxFsJ,GP7KB8o1bv527HG8kTzzzf4wJ5aEGHvcMQvVhLziUfmT,9gYxhAZ1M9wu5pxr8SBoa5NDm21gi3s9vMHaYTME77sa,387.58627000000524,1133.714707999985,2.1147366804762986,0.005456170262368349,0.0008458946721905193,0.015966622860640187,135010.514849,9035.872005,880.9127167470058
MATgk4zXLXtYkwBH678J1xZbRDZ45LicNzkRBHkxTuY,y8dALFo1bJrSzPYjMX14HJX448pXqYmrfXHD1K8MXih,GN7Yuet3UyiWS5YVkEHv6oQKi4HGBJc3XDPt9zQhAqZz,378.3323079999991,377.7219930000001,379.0293429617057,1.0018423881518113,0.15161173718468227,1.0,3239.02635,4856.198214,8101.192107770645
RoBgmK8CvjdHvPrqdDyVw54VwjZv2TqJ493xnqJAQHx,ExiHJxM7qPAcy27NDHAF6G7vnW7muNHi2sVJpnaNynGQ,6rkPHSqZb7StM4HwS9EuVrmfkV7tRdc7dnsFhyB6cefE,0.7060469999999981,54.3774970000004,0.0,0.0,0.0,0.9637801771620721,6438.964033,16.327841,15.736449491654144
BSC8REUo9LpiiWUuqMuLXs2D2yJsJfGd4HdiF3wCLxk5,AZjEH1zWVx1UJ6udMyRijGTzPteuLnaY18yNNmprJEsh,Caf8ypkSVR8xYnXNhjvfvdGCC7mrM3C11rz8Xi6NA6aK,88.87930661599967,88.85922754399962,88.88493258780781,1.0000632990065106,0.03555397303512312,1.0,3096.739542136,3144.237651873,6241.173214545439
