0,1,2,3,4,5,6,7,8,9,10,11
heyk4SZTeCUV6a65WiVA5bzic3KcxgVf1qxobfeV4tQ,9ZDpBKPqMABtGfq66FbVribaArMvtk63xxy91onZAtDt,DaTP4s6N7xxSPinbNZ3FB52EpRDRt87QShTuN3VPCW52,1.326505781996275,1.1393467169999667,213.45687795554014,160.91665852696568,0.08538275118221607,138.89681758222588,603.550103852,4497.073613321,721750.4792887553
DEDaBEWzMCXohXYXoLzB4jK1xqMsd3SS9izXp2xvg9pe,,,350370.0319545297,831902.8260837907,0.0,0.0,0.0,138.89681758222588,603.550103852,4497.073613321,624629.2133232884
KEnkcdADoLR5jS2CLLLesy8TtFsyWL37BhXNfDMzWzP,3qsjFRuw1qeLMPo4DLwaQevenGAGBj9dA3Q6rb8ax2YR,77iEv8zPQAEyCcEbvBRSB6AFcUdfkhiqnAKtPxk76rNN,0.019520999999999955,3.6715779999999825,0.00010615071015836497,0.005437770101857754,4.246028406334599e-08,0.9993044840790809,129.517754,0.227955,0.9320842240292143
moFiBS1R4Lf3E3zzmBPnw3NF4RhWPkhREFviuzUaCAU,44ALBrpqi9PfZkBRTvbtRNtFJGsatfY4QydjtMbFWq8S,2ho8qEEie1UjVwWNBo9y4oAJZMyMLx8zPj9bxyUz6uWs,0.02242870000191033,0.022421197001676774,0.022408136995731097,0.999083183324157,8.963254798292439e-06,1.0,34573.041551865,29865.342887251,64406.68729808663
BUSDgu5JdqP1rndBvXvanbEufS94FNh1w5FJcAj6vawb,Bgzr8cWubt89JQFXndVjtdKmDbGzuPxNhvjH1EhWCwbo,Dxaf8xPBBQsasRKW5Aa4Sw2YrbfGofY9xZueyyF23FBW,5939.607971439999,5942.959413100004,5941.634068657412,1.0003411163206655,2.376653627462965,1.0,7596.17223513,7680.54978456,15279.31319801399
BUSDTd9WiT6uBHJRgNvFXBsA7JrifsAtWzKfioN7ERcy,DyBxrn7gSc1EwnpWhDyhzvMHPtxpmBqRqotapLcKcfTM,Cds99GeBgoCpqBsoRWu1C6fF9LiUMd4pXQQD24s9LPff,144.14514586000007,144.35660965000005,143.97659965361558,0.9988307188190145,0.014397659965361556,1.0002000400080016,103.85487583,82.63616568,186.38613649738224
B2izdXFYb2sNwbWWHmh75T4aQFtfXsUxem9u2p61HGzf,4DYwgJtxwuJdAjkj5RJSNH4e7U329V5cNp7d3a1nLrZv,EXNW64GEf1ACC6xY9BtKRiunrs6GoJSXBdxWN2eTPmrF,311.93792700000995,308.8471150000005,314.98986379027394,1.0097837951916115,0.03149898637902739,1.0,10543.893351,29210.872319,39857.92496306838
MiMy69CnJDY4V6cQWkU3HHfTyb8pqXJmhX4MisFYDnM,,,0.021123550000000005,0.021866000000000024,0.0,0.0,0.0,1.0,10543.893351,29210.872319,29210.872319
RoBgmK8CvjdHvPrqdDyVw54VwjZv2TqJ493xnqJAQHx,ExiHJxM7qPAcy27NDHAF6G7vnW7muNHi2sVJpnaNynGQ,6rkPHSqZb7StM4HwS9EuVrmfkV7tRdc7dnsFhyB6cefE,2.6914500000003265,27.54527700000039,0.0,0.0,0.0,0.9555168677392663,6423.418454,16.538592,15.802903624657688
daob129AwBGn9Y5r91uLoWZeYiGzbPmksauMhFZKTze,6VW5GQNyj4LStgmxEHLr5zUfW92vQnmbw8jTnCH7a38F,4VPCCUifPeBA1c7HWK358CHn2nyjm8pdTRk6Ps3KmnMQ,4.459996055999909,4.002955661000037,692.2179203271849,155.2059489819421,0.27688716813087394,138.61368297248725,48.14284208,224.591701868,38603.5384526965
SoN9GaFpSXfpyR5dth3x7PHPVhvJMpQqqDJfCSmPv1t,9kZ9iS68ViMPtoeqtnhAKuF2iqVyfHPdZHoUNdwCELr,BBhm5fJLjw3HRzjtKB8uMEYjGhY6EDm9co3cqpjrSzB9,0.16142567099999905,0.1578721019999998,27.21466171688087,168.58942910561623,0.01088586468675235,164.85961297227541,2.973002141,5.055149897,1334.6067892172227
SRMuKizofcAMicegrfSv7xs9q76tH1w8aAF7oX9FEWu,72Hj2KWntXPfbie4UgKeTPnm1XVkomDfCnRPKbvfTtPi,6aqJQ5wedqpUt4fFEDUqUmXhrdxCu4bEJsQdVPCADLko,0.14233299999978044,0.02608700000018871,0.004270894490028512,0.03000635474580807,1.708357796011405e-06,0.029767450721473705,16653.778411,5255.207982,656.153327493826
vEnkoSUkpnbRrPgBz9DfcVxNz67zjwMYBZraAvDDNSf,DtfyjjsZ5yCjWKLKHvwsfXs5QVsmm1QkK6Sh9JZHoq1g,e5wrKCRv4GhHvEf1VD5Pq2KGaZDXP77nTL612Jyrxwy,3205.3919060000026,3206.3878539999896,3204.593962103439,0.9997510619855656,0.32045939621034386,0.999449303433808,21511.969452,16219.200397,37716.88284407304
BSC8REUo9LpiiWUuqMuLXs2D2yJsJfGd4HdiF3wCLxk5,AZjEH1zWVx1UJ6udMyRijGTzPteuLnaY18yNNmprJEsh,Caf8ypkSVR8xYnXNhjvfvdGCC7mrM3C11rz8Xi6NA6aK,1.4094585210000332,1.4124162009998145,1.4075427778645067,0.9986407949528254,0.0005630171111458028,1.0,3509.589235314,2732.940227987,6237.759211898851
MiMUFdSLMyCLpqpH6zkqdDrGYs7XBomwENbivdYjv9V,,,0.298677035,0.29289309999999996,0.0,0.0,0.0,1.0,3509.589235314,2732.940227987,2732.940227987
4xeRVccqvUgiV6VeF6NkWqkAYeewcJPRWFVginvJw1n4,A7VkMFrnCCyeZFUrQ3TzDr4xFep7PZtxvy3jJnBjLB2a,PhfHJ2Yu99BsEjZrefhApqUnLUiExcECcUT1YLoNUUv,0.005945349000057831,0.0026799999999980173,0.0027208440026601365,0.45764243657246534,1.0883376010640547e-06,1.0,1373.805717637,34.684597151,663.3963931475811
KEN5P7p3asnb23Sw6yAmJRGvijfAzso3RqfyLAQhznt,9zj4aX38Uxf3h6AUjS4EipWS8mwbEofasHAf3a1uKGds,CwQDG1MWunn9cLNwcZLd8YBacweSR7ARo32w4mLua1Yr,40284.582705999375,40279.635210000444,40290.90837861481,1.0001570246528704,4.029090837861482,1.0,914504.58607,955462.527745,1870110.7135801758
Lid8SLUxQ9RmF7XMqUA8c24RitTwzja8VSKngJxRcUa,4PgzyzLtds9bKZ2to9PMnKqJzKEUpjvNUaeN23phegax,AtymwxoVN9peZo7EXTcDz9jKVc4vRmisJKKrNfe3ewBa,37.6257354660014,31.897920809000425,6158.667996749498,163.68232861027974,0.6158667996749498,138.70273825558837,970.017487012,7615.057055576,1215003.9866477454
BSCuChvaSj9b5HUSqgDVRzcnr2sSn7cXaamt1jbKH6hn,GnKpRj5kBVPMJfiwZtEuD9GYApLzPdW5JFuZTcyX4BTc,3dmwD9okkomV9nDwyuh4UMhKdUR13QpuKxRo89ycZB5t,12.23692789000006,12.224160313000084,12.261873187312993,1.0020385261347595,0.004904749274925198,0.9971411961905218,1339.913305547,1670.649449216,3008.518144044948
Lee1XZJfJ9Hm2K1qTyeCz1LXNc1YBZaKZszvNY4KCDw,9DgFSWkPDGijNKcLGbr3p5xoJbHsPgXUTr6QvGBJ5vGN,2hNHZg7XBhuhHVZ3JDEi4buq2fPQwuWBdQ9xkH7t1GQX,685.1623547349127,570.4732164880052,114210.07686515665,166.69053119438266,11.421007686515663,138.78505068499445,6466.830453034,54149.458678946,8593094.770682782
STK75uPSyBnEhGTTzb1nwmP3n427XoXmfRhXxxhyady,6TYyD5fUmDe6N65avW1Ny2RxzRNobw2RRgKwH9CTzSAU,54zDfk4cx2vGrEajPtodWpArNe5eUurytyxd4X3aZAxK,231.0011654500007,263.4055472210031,32068.307294739672,138.82314070697072,3.2068307294739675,158.19147907925597,1899.324164349,316.543860065,313744.68713271024
parEAJhzYzHW87y9VoZAQ22dzQ2MD2ekEtTReaxbMcz,3oyc6hpjYSJEquK6dSvG72NXyz3pqLZz5D8AC71pwgQb,Di2vordgFJVZ1aj1aBpvzXtLfZgJsuLLXawGtVFwX6Rz,0.009355421999998725,0.011137165000036475,1.269504021520308,135.69714134974146,0.0005078016086081232,161.53168217801567,1106.596470267,136.561372891,172220.96592656858
GokA1R67GqSavkd15zR62QD68Tuc5AEfvjssntVDEbM8,3YB7hfpBdbQEuZqLGWVDpRPmeZWCUsrrWyqGXegnQ6Cg,4DPCj6Z1DsG6HUtwSogBGqXEUxdEV5a8YVrrFtcnz7UW,14740.52100799997,14736.040148999997,14743.838371633588,1.0002250506363932,1.4743838371633589,1.0,14274.137907,18229.488962,32506.839272819932
WiiQFxXqp8P9Fs1rt9SVcDyA3KUdJmUsog6wnVQAwba,3S2jpqSYxho6wiz3cafhjXruVY8cg4HYa2v3BqBHYFSj,Dfe67M6TfrG74gKRtdqys4e6E9QirPD53BkF4FujFjuv,5048.062453217,5045.393338175002,5050.325928492936,1.0004483849589645,0.5050325928492936,1.0,11222.807324286,15656.027311069,26883.866773356567
SAMyS8Jr2HJrkFwYVKbpUwsNStnQmvz3f8Tup8bWUWF,6jPzm5TFfquvgm25sTyN3MMGBfufRaFHMxobDWv6hMFW,Cj9ECoDmxsHTDzCY5ZA6RWrPbg9uFzEC1Qc2kso2vJG6,863.3950195500012,183.66739190000288,867.491182791465,1.004744251644628,0.346996473116586,0.01581093313978685,395.23856818,113618.527657,2193.5286236329584
Sid7E679i9ABqptiAVhkmQ27YHN8vaYT4fppPwmxFsJ,GP7KB8o1bv527HG8kTzzzf4wJ5aEGHvcMQvVhLziUfmT,9gYxhAZ1M9wu5pxr8SBoa5NDm21gi3s9vMHaYTME77sa,327.7599740000005,964.4494580000173,1.7822833872028776,0.005437770101857754,0.0007129133548811511,0.01566917532252804,135103.359528,9006.207937,875.7808602578939
ionytDfEj1mXodptgrsKEZro7DGsfpzANUfarJdm6Qb,3gkSjY95an9xNFSjCfsay6JZez7uv7yfW3Ad4ubc4fMK,9wXqANaSuEqkKL9yHzCPEDGHwbkStVAqV5rB3QDs3Jr6,0.0009303479999999975,0.0034093870000000415,0.7946801968019659,854.1752084187508,0.0003178720787207863,3140.3090064062303,3.148918944,0.085107473,2956.992259259328
wrmcMSHFi3sWpAEy4rGDvQb3ezh3PhXoV2xNjgLBkKU,8p4mGnARWPBu6P2Gcw4adodLkNDorrXniZMhaY7eJXUn,AyY89zccbsgp9LKFgH4CFZMJmpSgqmPSdTfukhP227rc,0.003242830000000002,0.02635541999999802,1.2400879541108993,382.40917782026764,0.0004960351816443597,3135.7792411414234,27.01005773,0.10675491,10663.653800075186
KysFMBBoavfov2tLpvefWW6tPFt6rAeZWDJVy1mMQae,B8ka2V21TH3x64dFV8ETcjuQcwmrciJ2qzy1mJUttRew,7fSf7EYxBANyxzk2s5pymFgshA91tFYQNKKs5UnLWcYS,24.451854999999796,29.836622000002535,0.0,0.0,0.0,0.015976964029814678,130507.095132,3142.740651,50.21145433606337
ALLwa5WNZbvQsRKAqe1jdRGemdYQnW8E5k4msbRFcYtu,CGoM82Hbz7QVqTgvQatYtjvDWBvoUJp5qm21P8iMs9yb,3dxNNww8TivyN5FMy5dCNdi3Zcxv6e4kUfSPxfFwpdNq,0.07027074300000002,0.07029868899999991,220.63720367986446,3139.8160067820027,0.08825488147194578,3139.3231619262883,3.493655934,5.281111022,27548.55097583094
JSoLLrxK5bYdHwTEWYaGgmeycBCNXKDiBCTw5hXGBg7,xG4wXczA7Dk4hccJ61CHKpDHW4NrNfQwgmWgkb9BuF2,BVR6WgfhsRr9Lob4QDnkEAiNGgAbv7ZieKcY9kSg3QYR,0.45310263900015,0.381166216000004,74.44239406398886,164.29477044816818,0.029776957625595547,138.50310004563676,17.196554097,172.074726959,26658.187031194127
ercAoEmXjQzEvAFbdjAo81KtMxRGn9AW1ju882upmPH,CMRhskR2Eg6V42RTSdRTXGdozyPbWB8U9dVpijPWb9T4,7TKLLgrWswt6ZJ1pXhVR3FyufHGjJFqiEXxvWJfDcgRm,0.017177344999993238,0.015241826999989883,2.379115533052482,138.50310004563676,0.0009516462132209927,122.78578852726429,49.303357273,411.378590125,57340.112396700475
CZgvH45CRmoaNJ7395Ao5CQZXkGznvqU7cErD6n7FaRg,4ZjU6MKvtqVQKCiowhvZ5yUsPxXX5SCzd5eFsPeXyey5,BsyWeshjDbCvjDojry3vKDCesmFRM37WtwcR4Kfgzqr,14.988397410000005,17.148746999999958,17.510596603317058,1.1682767759836876,0.007004238641326824,1.0,95.72667188,718.48826843,830.3235160296147
YAkoNb6HKmSxQN9L8hiBE5tPJRsniSSMzND1boHmZxe,CfWX7o2TswwbxusJ4hCaPobu2jLCb1hfXuXJQjVq3jQF,EnTrdMMpdhugeH6Ban6gYZWXughWxKtVGfCwFn78ZmY3,3721229.021858994,3721625.834434986,3721229.021858994,1.0,372.1229021858994,0.9998770151271392,2404278.900339,1242719.966683,3646846.031264896
AURHmCnNwiW4uA2Qj1XvEh4iKgRUZYXtiY7FKAapUV5Y,BKWm4TRnTeKwfWXRyuzjRHU7iZDkPuXBX5b5V5jSVfGJ,A5Ww74HVrkj9nPeC7pHKLfgeDMEhBCpW1efQdz3TGLEg,0.007738970999639605,0.006915546999891831,1.2157003600207617,157.08811417918162,0.00048628014400830464,138.75468227675344,272.473093774,1806.846130491,293510.645224785
HEDSDjj84KS7LKhZY7ejkCACTdPen62rKhCby1wXtgxc,EnnjMSFttpCTywBrYNt1J5QQeoSVkvzPipJDa8Y7kJow,6bjVT6JN2rSvpyn9PdfLYC8wJn4LWh49jpY47fnLDXZk,13.17495717499878,14.964087529981043,11.605465628318786,0.8808731196744751,0.004642186251327515,1.0,43697.474060412,4500.724019326,42992.65431681558
BSCNHw8CmxbZ8hCWWzMf5FaG2ajPT6JxfznKUNuRVrn4,7n9kgNL633yGzCYksgnzHyjG73ZLBAwvEae5sbAekbzW,SscdxE99omdG9AiMVwmaEMQySQnCgeAh1sPj2Leutm2,2027.797394014,2024.806465494,2027.9051913702576,1.0000531598258169,0.8111620765481031,1.0,6011.250085185,5703.81747297,11715.38711516247
SUiuyGR7SFq3xeRVJonq84fjjeFwRSsFekcevJ53tzy,49GjCCPsv7fBqo6t3iKDrP1xxGDS8uWZbVCdfnp2gjMf,CEwj5xEbbJEjYqM8D6Ai8ByGz1mrh8mkAVsE5fzDSSSx,1.8375889999999564,16.839890999999987,0.00999238652370245,0.005437770101857754,3.996954609480981e-06,0.9490520393704749,702.954987,1.261249,5.019498546864378
KwnjUuZhTMTSGAaavkLEmSyfobY16JNH4poL9oeeEvE,J63v6qEZmQpDqCD8bd4PXu2Pq5ZbyXrFcSa3Xt1HdAPQ,BnKQtTdLw9qPCDgZkWX3sURkBAoKCUYL1yahh6Mw7mRK,151.39013400000022,9638.91204399988,2.4144713707089718,0.01594867054354393,0.0002414471370708972,1.0,281938.974798,496.367479,4992.919301437838
SoNcU2iwHMw6dGzsYNQkYFkUjwN1UdAjrWVRnStrZu2,8ivTTid27jZnYNc4w3CTA1Z6QS2twsFb8WMwUabeDJgc,CyXm53PMvHCbeXJBykU46Rcbo28xk5srhMZFg7gv6EYB,0.6665994710000014,0.6602595139999892,110.99247112128816,166.505489352973,0.044396988448515265,163.01146068375482,11.66816035,15.31821243,4439.856932204057
Cob4usZcpHEY7Qt4ZCwj6WVg9S44zvzYV2v9qYF65dTf,NhFM9UXE48PyNAyeyPYA3iXztqKVJwA4bTdLj4ysM8w,6TuFuynuBoeskxyR2cz4wxyidk8dpDK7kAWw3UkjQGx,97.56632799999969,873.572266999987,0.5307719188968029,0.005440113713173715,0.00021230876755872117,1.0,39496.060287,68.708529,283.5715881836445
MATSnbbiTCv7Dc3trJrkrqjx7ckKdr6fwPoVwv9q3sD,631WX9JizSHJm4w6VanZeJAst9T8DeUUnPLesdGkCVtK,211maUSfpnXbPuW1iBu8b4dtJv5EbN1j7JJiEX5TZKEP,296.92733099999896,296.97154500000033,296.3358446540694,0.9980079760797447,0.11853433786162776,0.9985760305803925,23099.333627,22519.575852,45540.827866517284
MATgk4zXLXtYkwBH678J1xZbRDZ45LicNzkRBHkxTuY,y8dALFo1bJrSzPYjMX14HJX448pXqYmrfXHD1K8MXih,GN7Yuet3UyiWS5YVkEHv6oQKi4HGBJc3XDPt9zQhAqZz,1208.6539169999987,1208.5784320000002,1208.4508972492608,0.9998320282192592,0.4833803588997044,1.0,4389.916589,3705.419801,8094.599007893243
KZMu9QBEdL97EFgamLbN5DE1AoKBG4HdrKKJo4Vuon3,DD4ACBWyVqdaKWh7v5btsgqQCCMwbKnuL2xd9pv7Gyuw,GcYqiJ1MAuYbNTNYXm1F1gQYTfTgkErACAhNU5dpVj9T,16.056348699999717,15.987794740000027,16.132524058726414,1.004744251644628,0.006453009623490565,1.0,1378.63624366,1711.40547139,3096.582312316328
RajgMbScQbqqrdJfR2rxfHJiTiY5b6bJ2tTXiF4aPxy,725ZA3fhyBAKb5iopNRrcbSuQa3LXA1656Q3mBvYPxeg,GLA6i1dSZpUfk2f9Nj8uiG7xyDdAR2reff8oEiZH3617,4518.565802499965,4526.249610700019,4510.074099682859,0.9981207083866284,1.8040296398731435,1.0,132556.12577545,51786.90932703,184093.92348700916
AUSejoEUCh2DBs9mof6BNC8Pubs22w4cJa1ccV9h44R,4xkyD7AfGQDwsQMy9MosRRNGoVJ1zosNinesxg1TzHG7,Cbm5gsQe3nSiCsFrvepVzMCD9xLK3ri9g3ypS2hdmVJ7,326.25170699999944,326.0771730000033,326.41295499976934,1.0004942441566134,0.032641295499976936,1.0,14299.421333,14588.77247,28895.261208436787
MiMuMS9C4vBqcrYeeQPph1E7oAW9aNKvW9k6Zw9XffM,Afy2q2hh6Y474pshJa5fnQ6PfEchGyTbKrQpCZw2hr3m,5pXz9ksgjeL8Wgb37bksUaBFMLdFfsNNY3FQnikkCPtS,13.316098101000534,4.861792909000183,0.0,0.0,0.0,0.016046820771775053,25.854347718,7683.90969935,123.30232177197338
MARpDPs5A7XiyCWPNH8GsMWPLxmwNn9SBmKvPa9LzgA,6YjT74rmcfCpw8LSjPNx5JTmZoYLGrTKnf9arfSgZ4SR,F8GSmi3vA8M8TsybLya1LQ4n1aFHCRbZ6k437PeTdXtg,29177.088677000058,30467.44293799975,27720.75128736695,0.9500862678331193,11.08830051494678,1.0,296615.171047,16193.471121,298003.47196372657
C2ypsDADXcCRz8HbV2zX1AXPSja7a1P3xZtRC91xGhJh,J9bYNuDpY1d1T86gLaw7DGk5D3CsUAf2tzUwxMvb6FTv,A2NGvvPrMGzsJ4jb52KEnSBVmsA7C34dV1GC7PerdgvG,9.30626911700017,9.450983645999827,1290.9641940502183,138.7198433464553,0.5163856776200874,139.53328071068208,2771.569952405,963.534863815,518916.93024859135
Dg3mAgpwDfVNnbGWcsxL8sUcSkEbjSJQhKAWNigG44Ju,EATxwd8YA2wV93VJcKMmH2Kn2Y9XfJVUB9hHVu3udwEy,GiGvrRi7NMHfHKanG2B8xyCEqe8jaafWins8bhrLVEaa,0.0011699520000000019,0.0011554720000000185,0.19726801257306417,168.6120563690338,7.890720502922566e-05,166.4485635655413,0.1344026,0.183948515,53.27986485910913
FrnkTEL6yZ5Aycq2TrEgu29dCrwKG4LPUZydfiwqspkc,DjvZuMZ46fxKBoBpGMPcRcos4xdTtHFxwMh69DpA2ZFY,9rvDPJLAng4uVVqnnSoEXgNDFhBZQTny9AoQioYDZbQX,2.8539932619995625,2.3494060240001033,481.2176727691129,168.6120563690338,0.19248706910764515,138.7198433464553,166.180134751,1447.736611252,228849.77016785476
C98Sspw7XqnMsgxea3SLQVdbMDL8pKUc3RE82UvX9eq2,CSqgQJurPCzGxb4Cgwx5R61hWQUiaoUHcShNc8r1cKEL,6S2CR5EnukPhC914XkAns8m5GixjMAoUuZMsS5ubHuWc,14.80617700000002,15.290457999999944,0.0,0.0,0.0,1.0,849.80345,195.033675,195.033675
