0,1,2,3,4,5,6,7,8,9,10,11
MARpDPs5A7XiyCWPNH8GsMWPLxmwNn9SBmKvPa9LzgA,6YjT74rmcfCpw8LSjPNx5JTmZoYLGrTKnf9arfSgZ4SR,F8GSmi3vA8M8TsybLya1LQ4n1aFHCRbZ6k437PeTdXtg,22991.119020000006,23981.339763000367,21991.55869422987,0.9565240680586005,8.796623477691949,1.0,295163.763048,17642.092409,299973.33578315773
Sid7E679i9ABqptiAVhkmQ27YHN8vaYT4fppPwmxFsJ,GP7KB8o1bv527HG8kTzzzf4wJ5aEGHvcMQvVhLziUfmT,9gYxhAZ1M9wu5pxr8SBoa5NDm21gi3s9vMHaYTME77sa,236.59367900000234,787.940677000006,1.5057370336428657,0.0063642318763843676,0.0006022948134571462,0.02082635129906032,137574.356203,8215.065898,1046.6449514568685
AUSejoEUCh2DBs9mof6BNC8Pubs22w4cJa1ccV9h44R,4xkyD7AfGQDwsQMy9MosRRNGoVJ1zosNinesxg1TzHG7,Cbm5gsQe3nSiCsFrvepVzMCD9xLK3ri9g3ypS2hdmVJ7,543.5098210000015,543.1054359999998,543.8339460318365,1.000596355427835,0.054383394603183643,1.0,14261.759284,14626.651444,28896.91580555949
FrnkTEL6yZ5Aycq2TrEgu29dCrwKG4LPUZydfiwqspkc,DjvZuMZ46fxKBoBpGMPcRcos4xdTtHFxwMh69DpA2ZFY,9rvDPJLAng4uVVqnnSoEXgNDFhBZQTny9AoQioYDZbQX,6.067228514002409,4.9885114080000506,1181.6761043985068,194.76373795240207,0.47267044175940276,160.19351376462768,165.718760502,1448.458129824,264309.6026016562
Cob4usZcpHEY7Qt4ZCwj6WVg9S44zvzYV2v9qYF65dTf,NhFM9UXE48PyNAyeyPYA3iXztqKVJwA4bTdLj4ysM8w,6TuFuynuBoeskxyR2cz4wxyidk8dpDK7kAWw3UkjQGx,157.0358360000008,628.4533270000029,1.0031970663348229,0.006388332064120814,0.0004012788265339291,1.0,38314.968274,75.654611,320.4233513605659
MAR3XM1n9xWPQ3HJjAcC85o8DopWFP5p2WxGTaZ3fPB,6qG7GUhER8Cg9gDEgnebph9LdS6eu2eoWcA4R7z9uizK,4QV4CwRXVMY227KkFF9voNAfwWHVvVajXSXDKbUHkWZR,0.13507800000000003,0.003036999999999998,0.12940141857016407,0.9579755294730751,5.176056742806563e-05,0.02099727436481198,0.111916,24.281196,0.6170517236742838
KysFMBBoavfov2tLpvefWW6tPFt6rAeZWDJVy1mMQae,B8ka2V21TH3x64dFV8ETcjuQcwmrciJ2qzy1mJUttRew,7fSf7EYxBANyxzk2s5pymFgshA91tFYQNKKs5UnLWcYS,44.52169099999992,55.3847880000103,0.0,0.0,0.0,0.02099727436481198,130671.335739,3009.419736,63.18961187567203
KwnjUuZhTMTSGAaavkLEmSyfobY16JNH4poL9oeeEvE,J63v6qEZmQpDqCD8bd4PXu2Pq5ZbyXrFcSa3Xt1HdAPQ,BnKQtTdLw9qPCDgZkWX3sURkBAoKCUYL1yahh6Mw7mRK,232.33660399999997,10796.734569999797,4.878435419176672,0.02099727436481198,0.00048784354191766716,1.0,277514.942261,577.587332,6404.644714989172
DFWzVTzNBrQZLjoQ4yQwkj9HuoXmfkuZP9V5vbymZe23,DhgiEgiNdqZdRdo195UUHnoEJUtefK8buko8nU97XJUZ,2K2kkXsouBHtWVjtcgkyiXd8eP3oVBvq1bTJzcVdLLr2,10.34745308499987,10.351608866996685,10.302488379290388,0.995654514657847,0.004120995351716155,1.0,37997.612705839,29974.960310435,67807.45494722397
SoNcU2iwHMw6dGzsYNQkYFkUjwN1UdAjrWVRnStrZu2,8ivTTid27jZnYNc4w3CTA1Z6QS2twsFb8WMwUabeDJgc,CyXm53PMvHCbeXJBykU46Rcbo28xk5srhMZFg7gv6EYB,6.638049447000002,6.564355914999995,1277.6499436533245,192.47370087469673,0.5110599774613298,190.3439648685951,11.692016716,15.299111314,5162.499234490079
parEAJhzYzHW87y9VoZAQ22dzQ2MD2ekEtTReaxbMcz,3oyc6hpjYSJEquK6dSvG72NXyz3pqLZz5D8AC71pwgQb,Di2vordgFJVZ1aj1aBpvzXtLfZgJsuLLXawGtVFwX6Rz,0.19315081199985684,0.22578354799986755,30.190527294897432,156.3054640169973,0.012076210917958973,186.11240407534052,1106.775096951,136.411929724,198382.94727687328
KEVpg4SYCVrqFxKijQH6hm4QxsRdoE51ud64bEEFUC9,2bPenuBYfqzD8p5dFjCcggwkHDsc2RQDnx9AoyYGUBjA,AE6n6iLuX8oYu61vt5hoDYkjswpnxFxrhSehxrnQTnbx,4456.32671388,4456.644236269,4454.089491539742,0.9994979671635632,1.7816357966158969,1.0,5012.012380493,2551.023253149,7560.519438850365
Lee1XZJfJ9Hm2K1qTyeCz1LXNc1YBZaKZszvNY4KCDw,9DgFSWkPDGijNKcLGbr3p5xoJbHsPgXUTr6QvGBJ5vGN,2hNHZg7XBhuhHVZ3JDEi4buq2fPQwuWBdQ9xkH7t1GQX,1420.4707997949736,1182.5022107979885,273403.27182097896,192.47370087469673,27.340327182097898,160.19351376462768,6444.941566398,54176.353572161,9919182.196885098
MiMUFdSLMyCLpqpH6zkqdDrGYs7XBomwENbivdYjv9V,,,0.016018424000000003,0.022627025000000134,0.0,0.0,0.0,160.19351376462768,6444.941566398,54176.353572161,8678700.44167931
BSCNHw8CmxbZ8hCWWzMf5FaG2ajPT6JxfznKUNuRVrn4,7n9kgNL633yGzCYksgnzHyjG73ZLBAwvEae5sbAekbzW,SscdxE99omdG9AiMVwmaEMQySQnCgeAh1sPj2Leutm2,22.534048104001158,22.533754594999664,22.534729959860282,1.0000302589155743,0.009013891983944115,1.0,6021.355333886,5693.754258298,11715.291791866692
KZMu9QBEdL97EFgamLbN5DE1AoKBG4HdrKKJo4Vuon3,DD4ACBWyVqdaKWh7v5btsgqQCCMwbKnuL2xd9pv7Gyuw,GcYqiJ1MAuYbNTNYXm1F1gQYTfTgkErACAhNU5dpVj9T,16.298437980000017,16.191613420000067,16.410326209750288,1.0068649664395797,0.006564130483900116,0.9998609393405564,1299.07031282,1791.45675977,3099.1960255317854
daob129AwBGn9Y5r91uLoWZeYiGzbPmksauMhFZKTze,6VW5GQNyj4LStgmxEHLr5zUfW92vQnmbw8jTnCH7a38F,4VPCCUifPeBA1c7HWK358CHn2nyjm8pdTRk6Ps3KmnMQ,9.373808549000081,8.386539367000061,1622.438739138245,173.0821288547986,0.648975495655298,160.69200404622467,48.038840989,224.733240854,44427.499714725425
NorjjEePhxfwLF4vZjUHCrVVKLzQjEEGQFd3wgjEJmh,34M8pFVqgbV7aqHxvRT5tCv3vu2P1JJYT8J3VaxBK2oG,3AZWBSze3ucsY3xSeuLne3b2pauVqiaJ1SZSV5T9WGWw,3.6089750000037384,6.452979000000596,2.01870094100628,0.5593557564139926,0.000807480376402512,1.0,38292.218893,2099.782483,23518.75554666419
JSoLLrxK5bYdHwTEWYaGgmeycBCNXKDiBCTw5hXGBg7,xG4wXczA7Dk4hccJ61CHKpDHW4NrNfQwgmWgkb9BuF2,BVR6WgfhsRr9Lob4QDnkEAiNGgAbv7ZieKcY9kSg3QYR,3.0383349080000457,2.58032776000001,558.9850825571256,183.9774414220426,0.22359403302285025,160.69200404622467,17.103149496,172.18822192,30815.864138013647
GokA1R67GqSavkd15zR62QD68Tuc5AEfvjssntVDEbM8,3YB7hfpBdbQEuZqLGWVDpRPmeZWCUsrrWyqGXegnQ6Cg,4DPCj6Z1DsG6HUtwSogBGqXEUxdEV5a8YVrrFtcnz7UW,5220.555677999995,5220.594321000011,5220.769729558907,1.0000410016810688,0.5220769729558906,1.0,16454.278507,16052.441693,32507.39485307956
SoN9GaFpSXfpyR5dth3x7PHPVhvJMpQqqDJfCSmPv1t,9kZ9iS68ViMPtoeqtnhAKuF2iqVyfHPdZHoUNdwCELr,BBhm5fJLjw3HRzjtKB8uMEYjGhY6EDm9co3cqpjrSzB9,0.3298935030000001,0.3223652630000007,64.43430062210894,195.31848925836204,0.025773720248843578,183.9774414220426,1.894308346,3.202881413,959.2513718721831
YAkoNb6HKmSxQN9L8hiBE5tPJRsniSSMzND1boHmZxe,CfWX7o2TswwbxusJ4hCaPobu2jLCb1hfXuXJQjVq3jQF,EnTrdMMpdhugeH6Ban6gYZWXughWxKtVGfCwFn78ZmY3,3901316.2486889614,3901888.350004036,3901316.2486889614,1.0,390.13162486889615,0.9968559164395495,2075900.94637,1437153.45149,3508535.8673193255
YakoMPuYrybnr9R7VC7hVGxMz94fJvPFCdZ4gmW61Ed,,,0.007025999999999977,0.0070270000000001165,0.0,0.0,0.0,0.9968559164395495,2075900.94637,1437153.45149,1432634.9209493254
RoBgmK8CvjdHvPrqdDyVw54VwjZv2TqJ493xnqJAQHx,ExiHJxM7qPAcy27NDHAF6G7vnW7muNHi2sVJpnaNynGQ,6rkPHSqZb7StM4HwS9EuVrmfkV7tRdc7dnsFhyB6cefE,19.431553000000378,36.94911799999993,0.0,0.0,0.0,0.9276231326946338,6259.177847,19.073915,17.693404785051165
Dg3mAgpwDfVNnbGWcsxL8sUcSkEbjSJQhKAWNigG44Ju,EATxwd8YA2wV93VJcKMmH2Kn2Y9XfJVUB9hHVu3udwEy,GiGvrRi7NMHfHKanG2B8xyCEqe8jaafWins8bhrLVEaa,0.0011643289999999917,0.0011779520000000099,0.2274149812796978,195.31848925836204,9.096599251187913e-05,193.23260761607,0.136192696,0.182145402,61.797382624480704
BSCuChvaSj9b5HUSqgDVRzcnr2sSn7cXaamt1jbKH6hn,GnKpRj5kBVPMJfiwZtEuD9GYApLzPdW5JFuZTcyX4BTc,3dmwD9okkomV9nDwyuh4UMhKdUR13QpuKxRo89ycZB5t,73.56121115100018,73.44410494299973,73.73226528760244,1.0023253306182132,0.02949290611504098,0.9977092595400958,1305.192161238,1705.591301043,3009.9113985748186
KEN5P7p3asnb23Sw6yAmJRGvijfAzso3RqfyLAQhznt,9zj4aX38Uxf3h6AUjS4EipWS8mwbEofasHAf3a1uKGds,CwQDG1MWunn9cLNwcZLd8YBacweSR7ARo32w4mLua1Yr,75449.27554199996,75448.15268899978,75287.85837364687,0.9978605869016829,7.528785837364687,1.0,960326.413027,951333.732316,1909605.61043631
4xeRVccqvUgiV6VeF6NkWqkAYeewcJPRWFVginvJw1n4,A7VkMFrnCCyeZFUrQ3TzDr4xFep7PZtxvy3jJnBjLB2a,PhfHJ2Yu99BsEjZrefhApqUnLUiExcECcUT1YLoNUUv,4.832838865999996,20.71432069299999,1.3730865344010208,0.2841159352654945,0.0005492346137604083,1.0,1329.747241885,22.034959938,399.8373412328685
STK75uPSyBnEhGTTzb1nwmP3n427XoXmfRhXxxhyady,6TYyD5fUmDe6N65avW1Ny2RxzRNobw2RRgKwH9CTzSAU,54zDfk4cx2vGrEajPtodWpArNe5eUurytyxd4X3aZAxK,177.91578445500005,203.08412233499894,28589.643955530104,160.69200404622467,2.8589643955530106,183.47586962057923,1877.11932374,309.854938988,358488.97035272943
DEDaBEWzMCXohXYXoLzB4jK1xqMsd3SS9izXp2xvg9pe,,,11632015.704336422,7742904.282070585,0.0,0.0,0.0,183.47586962057923,1877.11932374,309.854938988,56850.90438705483
C2ypsDADXcCRz8HbV2zX1AXPSja7a1P3xZtRC91xGhJh,J9bYNuDpY1d1T86gLaw7DGk5D3CsUAf2tzUwxMvb6FTv,A2NGvvPrMGzsJ4jb52KEnSBVmsA7C34dV1GC7PerdgvG,21.06298877100005,21.458654073999924,3373.1680252711567,160.1466943720448,1.3492672101084626,161.13064730692682,1904.536783775,608.614818947,403071.7699690503
BUSDTd9WiT6uBHJRgNvFXBsA7JrifsAtWzKfioN7ERcy,DyBxrn7gSc1EwnpWhDyhzvMHPtxpmBqRqotapLcKcfTM,Cds99GeBgoCpqBsoRWu1C6fF9LiUMd4pXQQD24s9LPff,205.10429059999996,205.50562319999992,204.36209447614434,0.9963813720245226,0.02043620944761444,0.9966999265432154,102.73545246,83.88308136,185.9699521073855
SRMuKizofcAMicegrfSv7xs9q76tH1w8aAF7oX9FEWu,72Hj2KWntXPfbie4UgKeTPnm1XVkomDfCnRPKbvfTtPi,6aqJQ5wedqpUt4fFEDUqUmXhrdxCu4bEJsQdVPCADLko,0.025424000000384694,0.025424000000384694,0.0007997422353891631,0.03145619239211226,3.198968941556653e-07,0.031162681193462136,16653.778411,5255.765363,687.6481981868315
MATgk4zXLXtYkwBH678J1xZbRDZ45LicNzkRBHkxTuY,y8dALFo1bJrSzPYjMX14HJX448pXqYmrfXHD1K8MXih,GN7Yuet3UyiWS5YVkEHv6oQKi4HGBJc3XDPt9zQhAqZz,5110.3091269999995,5112.156252999999,5114.221506452436,1.00076558567304,2.0456886025809746,1.0,3828.683896,4270.682569,8102.297650537376
ercAoEmXjQzEvAFbdjAo81KtMxRGn9AW1ju882upmPH,CMRhskR2Eg6V42RTSdRTXGdozyPbWB8U9dVpijPWb9T4,7TKLLgrWswt6ZJ1pXhVR3FyufHGjJFqiEXxvWJfDcgRm,0.015214370999999005,0.017192880999971294,2.436531222599742,160.1466943720448,0.0009746124890398969,140.07081420082736,49.051565723,411.662968118,65517.41322492904
heyk4SZTeCUV6a65WiVA5bzic3KcxgVf1qxobfeV4tQ,9ZDpBKPqMABtGfq66FbVribaArMvtk63xxy91onZAtDt,DaTP4s6N7xxSPinbNZ3FB52EpRDRt87QShTuN3VPCW52,0.8247985609995112,0.7117886149999322,151.90583608202914,184.17325546488092,0.06076233443281166,160.1466943720448,603.963909904,4496.598394456,831349.3682610901
SAMyS8Jr2HJrkFwYVKbpUwsNStnQmvz3f8Tup8bWUWF,6jPzm5TFfquvgm25sTyN3MMGBfufRaFHMxobDWv6hMFW,Cj9ECoDmxsHTDzCY5ZA6RWrPbg9uFzEC1Qc2kso2vJG6,760.5158845599944,16.170503550000035,765.6066558650374,1.0066938395481224,0.306242662346015,0.020952481162710573,468.72041841,109553.1556752,2767.268388283892
BUSDgu5JdqP1rndBvXvanbEufS94FNh1w5FJcAj6vawb,Bgzr8cWubt89JQFXndVjtdKmDbGzuPxNhvjH1EhWCwbo,Dxaf8xPBBQsasRKW5Aa4Sw2YrbfGofY9xZueyyF23FBW,3347.9895655400023,3347.6740472,3346.5528903841605,0.9995708842194047,1.3386211561536643,0.9996910055071078,7485.73452184,7809.7037831,15289.812902667232
HEDSDjj84KS7LKhZY7ejkCACTdPen62rKhCby1wXtgxc,EnnjMSFttpCTywBrYNt1J5QQeoSVkvzPipJDa8Y7kJow,6bjVT6JN2rSvpyn9PdfLYC8wJn4LWh49jpY47fnLDXZk,5.878196333000233,6.67066502799571,5.130959050367624,0.8728798358711475,0.0020523836201470497,0.9986589627957173,43674.763925531,4520.759334258,42637.51759482777
MiMuMS9C4vBqcrYeeQPph1E7oAW9aNKvW9k6Zw9XffM,Afy2q2hh6Y474pshJa5fnQ6PfEchGyTbKrQpCZw2hr3m,5pXz9ksgjeL8Wgb37bksUaBFMLdFfsNNY3FQnikkCPtS,1.0566293219999352,0.016018423999998532,0.0,0.0,0.0,0.02101912885758029,26.003377641,7674.035833834,161.30154804904546
moFiBS1R4Lf3E3zzmBPnw3NF4RhWPkhREFviuzUaCAU,44ALBrpqi9PfZkBRTvbtRNtFJGsatfY4QydjtMbFWq8S,2ho8qEEie1UjVwWNBo9y4oAJZMyMLx8zPj9bxyUz6uWs,175.57167933100573,175.58464559300046,175.29692314080103,0.9984350768230296,0.0701187692563204,0.9986589627957173,35411.554151565,29028.721541403,64345.93073556389
C98Sspw7XqnMsgxea3SLQVdbMDL8pKUc3RE82UvX9eq2,CSqgQJurPCzGxb4Cgwx5R61hWQUiaoUHcShNc8r1cKEL,6S2CR5EnukPhC914XkAns8m5GixjMAoUuZMsS5ubHuWc,8.839590999999984,9.119038999999816,0.0,0.0,0.0,1.0,846.227641,198.577299,198.577299
Lid8SLUxQ9RmF7XMqUA8c24RitTwzja8VSKngJxRcUa,4PgzyzLtds9bKZ2to9PMnKqJzKEUpjvNUaeN23phegax,AtymwxoVN9peZo7EXTcDz9jKVc4vRmisJKKrNfe3ewBa,28.636657718993547,24.16379997499905,5431.4500437930565,189.66773626625405,0.5431450043793057,160.18815059416187,957.94388251,7629.383264371,1403827.8429594182
SUiuyGR7SFq3xeRVJonq84fjjeFwRSsFekcevJ53tzy,49GjCCPsv7fBqo6t3iKDrP1xxGDS8uWZbVCdfnp2gjMf,CEwj5xEbbJEjYqM8D6Ai8ByGz1mrh8mkAVsE5fzDSSSx,3.9166609999999897,3.661775999999989,0.025030273947115968,0.00639071748796131,1.0012109578846387e-05,0.8141850577501462,679.523551,1.405362,5.48686778198713
AURHmCnNwiW4uA2Qj1XvEh4iKgRUZYXtiY7FKAapUV5Y,BKWm4TRnTeKwfWXRyuzjRHU7iZDkPuXBX5b5V5jSVfGJ,A5Ww74HVrkj9nPeC7pHKLfgeDMEhBCpW1efQdz3TGLEg,0.002332829999943442,0.002096826000126839,0.3559253298680252,152.57233912314845,0.00014237013194721008,160.18815059416187,282.53073243,1795.491772161,330722.8811105263
MATSnbbiTCv7Dc3trJrkrqjx7ckKdr6fwPoVwv9q3sD,631WX9JizSHJm4w6VanZeJAst9T8DeUUnPLesdGkCVtK,211maUSfpnXbPuW1iBu8b4dtJv5EbN1j7JJiEX5TZKEP,2129.481878000006,2128.208179999994,2128.307052507022,0.9994483045358961,0.8513228210028088,0.9951288443071166,20343.72742,25279.780998,45489.14312673616
wrmcMSHFi3sWpAEy4rGDvQb3ezh3PhXoV2xNjgLBkKU,8p4mGnARWPBu6P2Gcw4adodLkNDorrXniZMhaY7eJXUn,AyY89zccbsgp9LKFgH4CFZMJmpSgqmPSdTfukhP227rc,0.0014550400000000047,0.012194509999996939,0.5953786790731189,409.18371939817257,0.0002381514716292476,3444.3564220025487,27.00485507,0.10452484,11409.967843263987
B2izdXFYb2sNwbWWHmh75T4aQFtfXsUxem9u2p61HGzf,4DYwgJtxwuJdAjkj5RJSNH4e7U329V5cNp7d3a1nLrZv,EXNW64GEf1ACC6xY9BtKRiunrs6GoJSXBdxWN2eTPmrF,1351.4731850000062,1339.5491580000034,1152.9550743826524,0.8531098413045073,0.11529550743826522,1.0,11526.542461,28220.219421,38053.62623069338
WiiQFxXqp8P9Fs1rt9SVcDyA3KUdJmUsog6wnVQAwba,3S2jpqSYxho6wiz3cafhjXruVY8cg4HYa2v3BqBHYFSj,Dfe67M6TfrG74gKRtdqys4e6E9QirPD53BkF4FujFjuv,2060.836068544999,2060.5755580370023,2061.168438139154,1.0001612790067238,0.20611684381391543,1.0,12396.024330005,14484.562162152,26882.58571064827
ALLwa5WNZbvQsRKAqe1jdRGemdYQnW8E5k4msbRFcYtu,CGoM82Hbz7QVqTgvQatYtjvDWBvoUJp5qm21P8iMs9yb,3dxNNww8TivyN5FMy5dCNdi3Zcxv6e4kUfSPxfFwpdNq,0.21843181999999928,0.21819876999999854,754.7486956221253,3455.305621782247,0.3018994782488501,3453.8377317956847,2.765520633,6.01135498,30317.96363950159
SERgf3DMJpQxUifu7VoFKmfne73d2fDJxSrxUMrcNJB,AJfM2GZ2tTB8UtN2krcyR9xufRJEx2mhSCbJyMgPo3GU,F4yRYkufQvERZcEKnKjJwRLU1btiMBUuEwq46hfm11QD,0.5880849040000022,0.5890608939999993,79.64286469777693,135.4274938126564,0.031857145879110774,160.18815059416187,29.679822956,27.292753138,8391.439689533654
vEnkoSUkpnbRrPgBz9DfcVxNz67zjwMYBZraAvDDNSf,DtfyjjsZ5yCjWKLKHvwsfXs5QVsmm1QkK6Sh9JZHoq1g,e5wrKCRv4GhHvEf1VD5Pq2KGaZDXP77nTL612Jyrxwy,4504.917700999988,4505.230629999998,4496.958085189202,0.9982331273645647,0.4496958085189203,0.9951288443071166,23047.564553,19277.010178,42189.95130200754
