0,1,2,3,4,5,6,7,8,9,10,11
STK75uPSyBnEhGTTzb1nwmP3n427XoXmfRhXxxhyady,6TYyD5fUmDe6N65avW1Ny2RxzRNobw2RRgKwH9CTzSAU,54zDfk4cx2vGrEajPtodWpArNe5eUurytyxd4X3aZAxK,182.30399385299864,208.07172732299227,28486.997580455045,156.26096268316326,2.848699758045505,178.3791931373957,1876.884320148,310.122464672,348603.14573323267
KEN5P7p3asnb23Sw6yAmJRGvijfAzso3RqfyLAQhznt,9zj4aX38Uxf3h6AUjS4EipWS8mwbEofasHAf3a1uKGds,CwQDG1MWunn9cLNwcZLd8YBacweSR7ARo32w4mLua1Yr,70519.95138000022,70519.72645399987,70396.6867814459,0.9982520606418162,7.03966867814459,1.0,955128.910085,956442.907005,1909902.309675923
Cob4usZcpHEY7Qt4ZCwj6WVg9S44zvzYV2v9qYF65dTf,NhFM9UXE48PyNAyeyPYA3iXztqKVJwA4bTdLj4ysM8w,6TuFuynuBoeskxyR2cz4wxyidk8dpDK7kAWw3UkjQGx,2.173603,343.98921100000007,0.013419153815356624,0.006173691246909681,5.36766152614265e-06,1.0,38453.976335,74.783388,312.1863651082615
parEAJhzYzHW87y9VoZAQ22dzQ2MD2ekEtTReaxbMcz,3oyc6hpjYSJEquK6dSvG72NXyz3pqLZz5D8AC71pwgQb,Di2vordgFJVZ1aj1aBpvzXtLfZgJsuLLXawGtVFwX6Rz,0.3658999259999973,0.42480680099973256,54.28802421373927,148.36850285052986,0.02171520968549571,176.66265171346873,1106.795182706,136.395094402,188309.46327803412
AURHmCnNwiW4uA2Qj1XvEh4iKgRUZYXtiY7FKAapUV5Y,BKWm4TRnTeKwfWXRyuzjRHU7iZDkPuXBX5b5V5jSVfGJ,A5Ww74HVrkj9nPeC7pHKLfgeDMEhBCpW1efQdz3TGLEg,0.002072455000075024,0.0021559920000413513,0.3537510890265351,170.69180706636772,0.00014150043561061404,155.85376615171023,282.53073243,1795.491777271,328059.83685237414
DFWzVTzNBrQZLjoQ4yQwkj9HuoXmfkuZP9V5vbymZe23,DhgiEgiNdqZdRdo195UUHnoEJUtefK8buko8nU97XJUZ,2K2kkXsouBHtWVjtcgkyiXd8eP3oVBvq1bTJzcVdLLr2,10.34745308499987,10.351608866996685,10.302488379290388,0.995654514657847,0.004120995351716155,1.0,37997.612705839,29974.960310435,67807.45494722397
daob129AwBGn9Y5r91uLoWZeYiGzbPmksauMhFZKTze,6VW5GQNyj4LStgmxEHLr5zUfW92vQnmbw8jTnCH7a38F,4VPCCUifPeBA1c7HWK358CHn2nyjm8pdTRk6Ps3KmnMQ,9.347719861000087,8.341922533000066,1626.5930990572483,174.0096112468676,0.6506372396228993,156.3948118210706,48.049352489,224.722358333,43506.46009075133
Sid7E679i9ABqptiAVhkmQ27YHN8vaYT4fppPwmxFsJ,GP7KB8o1bv527HG8kTzzzf4wJ5aEGHvcMQvVhLziUfmT,9gYxhAZ1M9wu5pxr8SBoa5NDm21gi3s9vMHaYTME77sa,109.24676800001544,349.54641900001934,0.6748025700899741,0.006176865297194685,0.00026992102803598966,0.020164837870468907,137430.884019,8258.67983,1015.4269980558104
SoN9GaFpSXfpyR5dth3x7PHPVhvJMpQqqDJfCSmPv1t,9kZ9iS68ViMPtoeqtnhAKuF2iqVyfHPdZHoUNdwCELr,BBhm5fJLjw3HRzjtKB8uMEYjGhY6EDm9co3cqpjrSzB9,0.24198979200000004,0.23651425299999995,45.83566236936049,189.4115532334541,0.0183342649477442,185.37900923817756,1.89901114,3.198083356,952.5521736314183
MATgk4zXLXtYkwBH678J1xZbRDZ45LicNzkRBHkxTuY,y8dALFo1bJrSzPYjMX14HJX448pXqYmrfXHD1K8MXih,GN7Yuet3UyiWS5YVkEHv6oQKi4HGBJc3XDPt9zQhAqZz,1804.4306879999995,1801.9545019999996,1805.8428571142629,1.000782612002586,0.7223371428457052,1.0,3818.83304,4280.548383,8102.370087572976
B2izdXFYb2sNwbWWHmh75T4aQFtfXsUxem9u2p61HGzf,4DYwgJtxwuJdAjkj5RJSNH4e7U329V5cNp7d3a1nLrZv,EXNW64GEf1ACC6xY9BtKRiunrs6GoJSXBdxWN2eTPmrF,1078.5919459999914,1069.3633970000064,1081.3504710516443,1.0025575242443474,0.10813504710516442,1.0,11577.134592,28169.233271,39775.97666539911
C2ypsDADXcCRz8HbV2zX1AXPSja7a1P3xZtRC91xGhJh,J9bYNuDpY1d1T86gLaw7DGk5D3CsUAf2tzUwxMvb6FTv,A2NGvvPrMGzsJ4jb52KEnSBVmsA7C34dV1GC7PerdgvG,25.28140652800016,25.754482616000132,3953.4851016011285,156.37915941197681,1.5813940406404514,159.26711643700347,1900.441014435,612.636916099,394762.283399336
BSC8REUo9LpiiWUuqMuLXs2D2yJsJfGd4HdiF3wCLxk5,AZjEH1zWVx1UJ6udMyRijGTzPteuLnaY18yNNmprJEsh,Caf8ypkSVR8xYnXNhjvfvdGCC7mrM3C11rz8Xi6NA6aK,1874.6171565210002,1878.7632675149994,1872.9812048336005,0.9991273142456267,0.7491924819334403,1.0,3415.161699105,2828.218088084,6240.39942422531
YAkoNb6HKmSxQN9L8hiBE5tPJRsniSSMzND1boHmZxe,CfWX7o2TswwbxusJ4hCaPobu2jLCb1hfXuXJQjVq3jQF,EnTrdMMpdhugeH6Ban6gYZWXughWxKtVGfCwFn78ZmY3,4253889.820298982,4254241.871541025,4253889.820298982,1.0,425.3889820298982,0.9992675368954556,1887172.400249,1626003.912302,3511985.324677394
Dg3mAgpwDfVNnbGWcsxL8sUcSkEbjSJQhKAWNigG44Ju,EATxwd8YA2wV93VJcKMmH2Kn2Y9XfJVUB9hHVu3udwEy,GiGvrRi7NMHfHKanG2B8xyCEqe8jaafWins8bhrLVEaa,0.005731702999999949,0.005691433999999995,1.0906751575776068,190.28814953908403,0.0004362700630310428,188.08528614449048,0.134944084,0.183410776,60.175128321549764
vEnkoSUkpnbRrPgBz9DfcVxNz67zjwMYBZraAvDDNSf,DtfyjjsZ5yCjWKLKHvwsfXs5QVsmm1QkK6Sh9JZHoq1g,e5wrKCRv4GhHvEf1VD5Pq2KGaZDXP77nTL612Jyrxwy,4940.636869999998,4941.133871000002,4937.343661777593,0.9993334445924569,0.49373436617775934,0.9992675368954556,22562.75881,19761.808541,42295.05322647074
MiMUFdSLMyCLpqpH6zkqdDrGYs7XBomwENbivdYjv9V,,,0.010234025000000035,0.0072259110000000015,0.0,0.0,0.0,0.9992675368954556,22562.75881,19761.808541,19747.333745364645
YakoMPuYrybnr9R7VC7hVGxMz94fJvPFCdZ4gmW61Ed,,,0.2950949999999999,0.2941840000000002,0.0,0.0,0.0,0.9992675368954556,22562.75881,19761.808541,19747.333745364645
KEVpg4SYCVrqFxKijQH6hm4QxsRdoE51ud64bEEFUC9,2bPenuBYfqzD8p5dFjCcggwkHDsc2RQDnx9AoyYGUBjA,AE6n6iLuX8oYu61vt5hoDYkjswpnxFxrhSehxrnQTnbx,89.73797138000009,89.69690200000014,89.7009773514257,0.999587755016015,0.03588039094057028,1.0,5012.012380493,2551.023253149,7560.969456678471
wrmcMSHFi3sWpAEy4rGDvQb3ezh3PhXoV2xNjgLBkKU,8p4mGnARWPBu6P2Gcw4adodLkNDorrXniZMhaY7eJXUn,AyY89zccbsgp9LKFgH4CFZMJmpSgqmPSdTfukhP227rc,0.0021610200000000135,0.018159859999997252,0.8720823244552113,403.5512510088781,0.00034883292978208453,3404.718940451466,27.0017548,0.10489243,11253.72117210596
SoNcU2iwHMw6dGzsYNQkYFkUjwN1UdAjrWVRnStrZu2,8ivTTid27jZnYNc4w3CTA1Z6QS2twsFb8WMwUabeDJgc,CyXm53PMvHCbeXJBykU46Rcbo28xk5srhMZFg7gv6EYB,5.071538509999996,5.012045480000001,953.8817718461522,188.08528614449048,0.38155270873846087,186.17213885537274,11.690613583,15.300577781,5047.373692174984
KZMu9QBEdL97EFgamLbN5DE1AoKBG4HdrKKJo4Vuon3,DD4ACBWyVqdaKWh7v5btsgqQCCMwbKnuL2xd9pv7Gyuw,GcYqiJ1MAuYbNTNYXm1F1gQYTfTgkErACAhNU5dpVj9T,18.43743358000006,18.320616299999756,18.470968176854186,1.001818832144323,0.007388387270741675,1.0,1303.0753587,1787.42965175,3092.875085798879
NorjjEePhxfwLF4vZjUHCrVVKLzQjEEGQFd3wgjEJmh,34M8pFVqgbV7aqHxvRT5tCv3vu2P1JJYT8J3VaxBK2oG,3AZWBSze3ucsY3xSeuLne3b2pauVqiaJ1SZSV5T9WGWw,3.6089750000037384,6.452979000000596,2.01870094100628,0.5593557564139926,0.000807480376402512,1.0,38292.218893,2099.782483,23518.75554666419
RajgMbScQbqqrdJfR2rxfHJiTiY5b6bJ2tTXiF4aPxy,725ZA3fhyBAKb5iopNRrcbSuQa3LXA1656Q3mBvYPxeg,GLA6i1dSZpUfk2f9Nj8uiG7xyDdAR2reff8oEiZH3617,0.11118358999374323,0.11130493000382558,0.11108630505123156,0.9991250062844963,4.443452202049263e-05,1.0,113570.27781912,70768.0010472,184238.90558696026
DEDaBEWzMCXohXYXoLzB4jK1xqMsd3SS9izXp2xvg9pe,,,10625293.931502612,10537336.244335182,0.0,0.0,0.0,1.0,113570.27781912,70768.0010472,70768.0010472
RoBgmK8CvjdHvPrqdDyVw54VwjZv2TqJ493xnqJAQHx,ExiHJxM7qPAcy27NDHAF6G7vnW7muNHi2sVJpnaNynGQ,6rkPHSqZb7StM4HwS9EuVrmfkV7tRdc7dnsFhyB6cefE,0.6551350000000014,36.60836999999992,0.0,0.0,0.0,0.9302161171104883,6264.148911,18.987784,17.662742705012658
C98Sspw7XqnMsgxea3SLQVdbMDL8pKUc3RE82UvX9eq2,CSqgQJurPCzGxb4Cgwx5R61hWQUiaoUHcShNc8r1cKEL,6S2CR5EnukPhC914XkAns8m5GixjMAoUuZMsS5ubHuWc,7.939176999999972,8.195008999999914,0.0,0.0,0.0,1.0,846.247617,198.55973,198.55973
SERgf3DMJpQxUifu7VoFKmfne73d2fDJxSrxUMrcNJB,AJfM2GZ2tTB8UtN2krcyR9xufRJEx2mhSCbJyMgPo3GU,F4yRYkufQvERZcEKnKjJwRLU1btiMBUuEwq46hfm11QD,0.6131678130000005,0.614185366000001,93.1009816049102,151.83605471624801,0.03724039264196408,156.1756701419918,29.692331575,27.280270229,8768.880966343382
BUSDgu5JdqP1rndBvXvanbEufS94FNh1w5FJcAj6vawb,Bgzr8cWubt89JQFXndVjtdKmDbGzuPxNhvjH1EhWCwbo,Dxaf8xPBBQsasRKW5Aa4Sw2YrbfGofY9xZueyyF23FBW,6716.534812110003,6716.704368210003,6720.896741304076,1.0006494314875296,2.6883586965216306,1.0,7505.40828646,7791.94467743,15302.227212357993
HEDSDjj84KS7LKhZY7ejkCACTdPen62rKhCby1wXtgxc,EnnjMSFttpCTywBrYNt1J5QQeoSVkvzPipJDa8Y7kJow,6bjVT6JN2rSvpyn9PdfLYC8wJn4LWh49jpY47fnLDXZk,6.54971206999744,6.97696986200026,5.643233832656356,0.8616002920962846,0.002257293533062542,1.0,43678.332556457,4517.615358494,42150.87944741601
ercAoEmXjQzEvAFbdjAo81KtMxRGn9AW1ju882upmPH,CMRhskR2Eg6V42RTSdRTXGdozyPbWB8U9dVpijPWb9T4,7TKLLgrWswt6ZJ1pXhVR3FyufHGjJFqiEXxvWJfDcgRm,0.015214370999999005,0.017192880999971294,2.3761145867137303,156.1756701419918,0.0009504458346854921,134.63772153122403,49.051565723,411.662968118,63086.025214491914
MAR3XM1n9xWPQ3HJjAcC85o8DopWFP5p2WxGTaZ3fPB,6qG7GUhER8Cg9gDEgnebph9LdS6eu2eoWcA4R7z9uizK,4QV4CwRXVMY227KkFF9voNAfwWHVvVajXSXDKbUHkWZR,0.004339999999999997,0.19507499999999922,0.004031512681151003,0.9289199726154392,1.6126050724604014e-06,0.019575586025999236,0.107576,24.476271,0.5790668435302488
heyk4SZTeCUV6a65WiVA5bzic3KcxgVf1qxobfeV4tQ,9ZDpBKPqMABtGfq66FbVribaArMvtk63xxy91onZAtDt,DaTP4s6N7xxSPinbNZ3FB52EpRDRt87QShTuN3VPCW52,0.6502905400011514,0.5586276869997846,114.96794446261231,176.79473618424274,0.04598717778504493,156.0780215300266,603.813218765,4496.773908167,808598.5735706675
WiiQFxXqp8P9Fs1rt9SVcDyA3KUdJmUsog6wnVQAwba,3S2jpqSYxho6wiz3cafhjXruVY8cg4HYa2v3BqBHYFSj,Dfe67M6TfrG74gKRtdqys4e6E9QirPD53BkF4FujFjuv,2996.224117734,2995.3041852290007,2997.469884202694,1.000415778800164,0.2997469884202694,1.0,10612.725469337,16268.582959663,26885.72097526211
JSoLLrxK5bYdHwTEWYaGgmeycBCNXKDiBCTw5hXGBg7,xG4wXczA7Dk4hccJ61CHKpDHW4NrNfQwgmWgkb9BuF2,BVR6WgfhsRr9Lob4QDnkEAiNGgAbv7ZieKcY9kSg3QYR,2.9627751389999872,2.4995280670000177,535.6057792326801,180.77841014065646,0.21424231169307206,156.0780215300266,17.142099065,172.142102523,29966.520199253173
Lee1XZJfJ9Hm2K1qTyeCz1LXNc1YBZaKZszvNY4KCDw,9DgFSWkPDGijNKcLGbr3p5xoJbHsPgXUTr6QvGBJ5vGN,2hNHZg7XBhuhHVZ3JDEi4buq2fPQwuWBdQ9xkH7t1GQX,1359.3874491341294,1131.667310164993,255172.8541056534,187.71164487960175,25.517285410565343,156.0780215300266,6443.608538912,54177.976842265,9665531.793839738
moFiBS1R4Lf3E3zzmBPnw3NF4RhWPkhREFviuzUaCAU,44ALBrpqi9PfZkBRTvbtRNtFJGsatfY4QydjtMbFWq8S,2ho8qEEie1UjVwWNBo9y4oAJZMyMLx8zPj9bxyUz6uWs,175.57167933100573,175.58464559300046,175.46254250687917,0.9993783916372936,0.07018501700275168,1.0,35411.554151565,29028.721541403,64418.26357477095
4xeRVccqvUgiV6VeF6NkWqkAYeewcJPRWFVginvJw1n4,A7VkMFrnCCyeZFUrQ3TzDr4xFep7PZtxvy3jJnBjLB2a,PhfHJ2Yu99BsEjZrefhApqUnLUiExcECcUT1YLoNUUv,4.832838865999996,20.71432069299999,1.3730865344010208,0.2841159352654945,0.0005492346137604083,1.0,1329.747241885,22.034959938,399.8373412328685
SRMuKizofcAMicegrfSv7xs9q76tH1w8aAF7oX9FEWu,72Hj2KWntXPfbie4UgKeTPnm1XVkomDfCnRPKbvfTtPi,6aqJQ5wedqpUt4fFEDUqUmXhrdxCu4bEJsQdVPCADLko,0.025424000000384694,0.025424000000384694,0.0007808397215102669,0.030712701443457044,3.1233588860410677e-07,0.0299598905972651,16653.778411,5255.765363,668.9446795229087
SAMyS8Jr2HJrkFwYVKbpUwsNStnQmvz3f8Tup8bWUWF,6jPzm5TFfquvgm25sTyN3MMGBfufRaFHMxobDWv6hMFW,Cj9ECoDmxsHTDzCY5ZA6RWrPbg9uFzEC1Qc2kso2vJG6,706.7004942699931,41.70591522000342,704.9786895675279,0.9975636005402206,0.2819914758270112,0.02002582370017785,461.64706159,109898.2638052,2661.3255608571053
KysFMBBoavfov2tLpvefWW6tPFt6rAeZWDJVy1mMQae,B8ka2V21TH3x64dFV8ETcjuQcwmrciJ2qzy1mJUttRew,7fSf7EYxBANyxzk2s5pymFgshA91tFYQNKKs5UnLWcYS,33.25033000000167,32.803405999999995,0.0,0.0,0.0,0.02002130066177406,130666.364675,3013.426809,60.3327241652394
AUSejoEUCh2DBs9mof6BNC8Pubs22w4cJa1ccV9h44R,4xkyD7AfGQDwsQMy9MosRRNGoVJ1zosNinesxg1TzHG7,Cbm5gsQe3nSiCsFrvepVzMCD9xLK3ri9g3ypS2hdmVJ7,4.292638999999326,4.291411000000153,4.2951989385667115,1.000596355427835,0.0004295198938566712,1.0,14261.759284,14626.651444,28896.91580555949
GokA1R67GqSavkd15zR62QD68Tuc5AEfvjssntVDEbM8,3YB7hfpBdbQEuZqLGWVDpRPmeZWCUsrrWyqGXegnQ6Cg,4DPCj6Z1DsG6HUtwSogBGqXEUxdEV5a8YVrrFtcnz7UW,6818.511270999996,6818.555386000009,6818.804479592619,1.0000430018490796,0.681880447959262,1.0,16906.009953,15601.074562,32507.811504688536
7dwD9TF6uikvHXxPFK9AsSim54yJoujQjY9vU6gNFumk,CquVr6atkvwueDYficKjn6SSEWq4F4rH4VSiBbW4GBWU,8BCa6ge3b7ho3TfZuM64Vk1hgbrJ3J7EPiAb9uP86CGd,2.1244000000000124e-05,2.1537000000000292e-05,0.003921921926357096,184.61315789668015,1.5687687705428386e-06,187.3891944269704,0.004389052,0.003132153,1.3972083773847583
KwnjUuZhTMTSGAaavkLEmSyfobY16JNH4poL9oeeEvE,J63v6qEZmQpDqCD8bd4PXu2Pq5ZbyXrFcSa3Xt1HdAPQ,BnKQtTdLw9qPCDgZkWX3sURkBAoKCUYL1yahh6Mw7mRK,144.55405900000096,6246.867798000593,2.894160277118846,0.02002130066177406,0.0002894160277118846,1.0,278292.918597,561.670183,6133.456378273151
MATSnbbiTCv7Dc3trJrkrqjx7ckKdr6fwPoVwv9q3sD,631WX9JizSHJm4w6VanZeJAst9T8DeUUnPLesdGkCVtK,211maUSfpnXbPuW1iBu8b4dtJv5EbN1j7JJiEX5TZKEP,1955.0771180000083,1953.8515350000016,1953.1688720120526,0.9990239535973354,0.7812675488048211,0.9978735315043641,20549.048129,25074.427143,45550.0984681298
ALLwa5WNZbvQsRKAqe1jdRGemdYQnW8E5k4msbRFcYtu,CGoM82Hbz7QVqTgvQatYtjvDWBvoUJp5qm21P8iMs9yb,3dxNNww8TivyN5FMy5dCNdi3Zcxv6e4kUfSPxfFwpdNq,0.24315367599999949,0.242886927999999,825.4249304093946,3394.6635888383457,0.3301699721637579,3398.6208396632646,2.765627528,6.011259354,29818.366382715736
BUSDTd9WiT6uBHJRgNvFXBsA7JrifsAtWzKfioN7ERcy,DyBxrn7gSc1EwnpWhDyhzvMHPtxpmBqRqotapLcKcfTM,Cds99GeBgoCpqBsoRWu1C6fF9LiUMd4pXQQD24s9LPff,139.94339666000002,140.1427654799999,139.79089597576214,0.9989102688095503,0.013979089597576214,0.9979531979909206,102.73545246,83.88308136,186.334887733634
FrnkTEL6yZ5Aycq2TrEgu29dCrwKG4LPUZydfiwqspkc,DjvZuMZ46fxKBoBpGMPcRcos4xdTtHFxwMh69DpA2ZFY,9rvDPJLAng4uVVqnnSoEXgNDFhBZQTny9AoQioYDZbQX,7.689397676001192,6.3526071309998144,1457.7184324263667,189.57511288250097,0.5830873729705467,155.68241596691314,165.751520262,1448.42042715,256915.9545986551
SUiuyGR7SFq3xeRVJonq84fjjeFwRSsFekcevJ53tzy,49GjCCPsv7fBqo6t3iKDrP1xxGDS8uWZbVCdfnp2gjMf,CEwj5xEbbJEjYqM8D6Ai8ByGz1mrh8mkAVsE5fzDSSSx,0.053990000000000204,8.099528999999961,0.0003309556305520057,0.006129943147842275,1.323822522208023e-07,0.9530290121091867,683.987674,1.376008,5.504181100339213
BSCuChvaSj9b5HUSqgDVRzcnr2sSn7cXaamt1jbKH6hn,GnKpRj5kBVPMJfiwZtEuD9GYApLzPdW5JFuZTcyX4BTc,3dmwD9okkomV9nDwyuh4UMhKdUR13QpuKxRo89ycZB5t,130.37459994200003,130.26880859000016,130.4440046313242,1.0005323482438684,0.052177601852529676,0.9979531979909206,1435.460969828,1575.216701101,3008.2176793468807
Lid8SLUxQ9RmF7XMqUA8c24RitTwzja8VSKngJxRcUa,4PgzyzLtds9bKZ2to9PMnKqJzKEUpjvNUaeN23phegax,AtymwxoVN9peZo7EXTcDz9jKVc4vRmisJKKrNfe3ewBa,29.666462442996135,25.052245991999598,5472.860716518523,184.47972106666174,0.5472860716518524,155.74499684772127,957.853241279,7629.491260363,1364959.5910689002
MiMuMS9C4vBqcrYeeQPph1E7oAW9aNKvW9k6Zw9XffM,Afy2q2hh6Y474pshJa5fnQ6PfEchGyTbKrQpCZw2hr3m,5pXz9ksgjeL8Wgb37bksUaBFMLdFfsNNY3FQnikkCPtS,0.00722591099999903,0.4768420000000333,0.0,0.0,0.0,0.01999628349075041,26.003377641,7674.035833834,153.45219605152187
BSCNHw8CmxbZ8hCWWzMf5FaG2ajPT6JxfznKUNuRVrn4,7n9kgNL633yGzCYksgnzHyjG73ZLBAwvEae5sbAekbzW,SscdxE99omdG9AiMVwmaEMQySQnCgeAh1sPj2Leutm2,29.662097063000147,29.67533798199929,29.657171066200394,0.999833929583964,0.011862868426480157,1.0,6025.030914744,5690.091923697,11714.12225905036
MARpDPs5A7XiyCWPNH8GsMWPLxmwNn9SBmKvPa9LzgA,6YjT74rmcfCpw8LSjPNx5JTmZoYLGrTKnf9arfSgZ4SR,F8GSmi3vA8M8TsybLya1LQ4n1aFHCRbZ6k437PeTdXtg,17107.452746999974,17833.421611000493,16158.450774559327,0.9445269856082422,6.463380309823731,1.0,296718.768377,16151.8031,296410.6869685181
