0,1,2,3,4,5,6,7,8,9,10,11
SAMyS8Jr2HJrkFwYVKbpUwsNStnQmvz3f8Tup8bWUWF,6jPzm5TFfquvgm25sTyN3MMGBfufRaFHMxobDWv6hMFW,Cj9ECoDmxsHTDzCY5ZA6RWrPbg9uFzEC1Qc2kso2vJG6,218.34513458998936,155.94465347999414,219.72618839093042,1.006325095374964,0.08789047535637216,0.01918196170306921,444.36872309,110779.90065084,2572.1552093994205
KEN5P7p3asnb23Sw6yAmJRGvijfAzso3RqfyLAQhznt,9zj4aX38Uxf3h6AUjS4EipWS8mwbEofasHAf3a1uKGds,CwQDG1MWunn9cLNwcZLd8YBacweSR7ARo32w4mLua1Yr,26797.078729000175,26800.393425000715,26765.201374163546,0.9988104167935988,2.6765201374163547,1.0,1039354.445694,997189.697196,2035307.744295904
Lee1XZJfJ9Hm2K1qTyeCz1LXNc1YBZaKZszvNY4KCDw,9DgFSWkPDGijNKcLGbr3p5xoJbHsPgXUTr6QvGBJ5vGN,2hNHZg7XBhuhHVZ3JDEi4buq2fPQwuWBdQ9xkH7t1GQX,853.1632686600569,708.3900891810117,181625.19152363465,212.8844480246878,18.162519152363465,176.61485140156248,6305.565243485,53308.047537645,10757349.67071156
7dwD9TF6uikvHXxPFK9AsSim54yJoujQjY9vU6gNFumk,CquVr6atkvwueDYficKjn6SSEWq4F4rH4VSiBbW4GBWU,8BCa6ge3b7ho3TfZuM64Vk1hgbrJ3J7EPiAb9uP86CGd,1.9830000000000195e-05,1.9489999999999612e-05,0.0041541575827202535,209.48853165507882,1.6616630330881018e-06,212.8844480246878,0.004544769,0.002978898,1.5862380409733672
RajgMbScQbqqrdJfR2rxfHJiTiY5b6bJ2tTXiF4aPxy,725ZA3fhyBAKb5iopNRrcbSuQa3LXA1656Q3mBvYPxeg,GLA6i1dSZpUfk2f9Nj8uiG7xyDdAR2reff8oEiZH3617,5623.788201739997,5626.84207477,5620.140674241007,0.9993514109407853,2.2480562696964035,1.0,100927.72224963,83423.48180993,184285.74344313744
BUSDTd9WiT6uBHJRgNvFXBsA7JrifsAtWzKfioN7ERcy,DyBxrn7gSc1EwnpWhDyhzvMHPtxpmBqRqotapLcKcfTM,Cds99GeBgoCpqBsoRWu1C6fF9LiUMd4pXQQD24s9LPff,107.68749775000002,107.72644273,107.2645429307697,0.9960723869709348,0.01072645429307697,0.998060767927916,117.90528916,68.93315074,186.24167617335468
vEnkoSUkpnbRrPgBz9DfcVxNz67zjwMYBZraAvDDNSf,DtfyjjsZ5yCjWKLKHvwsfXs5QVsmm1QkK6Sh9JZHoq1g,e5wrKCRv4GhHvEf1VD5Pq2KGaZDXP77nTL612Jyrxwy,14906.366665000023,14908.116546000092,14877.459760685011,0.998060767927916,1.4877459760685012,0.998060767927916,103462.716364,93718.541228,196798.87737326376
MATgk4zXLXtYkwBH678J1xZbRDZ45LicNzkRBHkxTuY,y8dALFo1bJrSzPYjMX14HJX448pXqYmrfXHD1K8MXih,GN7Yuet3UyiWS5YVkEHv6oQKi4HGBJc3XDPt9zQhAqZz,1577.938545,1577.9649729999996,1577.4495356439502,0.9996900960702182,0.6309798142575801,1.0,4475.75851,3626.669536,8101.040990848996
MATSnbbiTCv7Dc3trJrkrqjx7ckKdr6fwPoVwv9q3sD,631WX9JizSHJm4w6VanZeJAst9T8DeUUnPLesdGkCVtK,211maUSfpnXbPuW1iBu8b4dtJv5EbN1j7JJiEX5TZKEP,6508.691870000006,6516.717128999997,6488.532001072674,0.9969026235486345,2.5954128004290697,0.998060767927916,27714.99187,17940.686518,45535.04347014116
Cob4usZcpHEY7Qt4ZCwj6WVg9S44zvzYV2v9qYF65dTf,NhFM9UXE48PyNAyeyPYA3iXztqKVJwA4bTdLj4ysM8w,6TuFuynuBoeskxyR2cz4wxyidk8dpDK7kAWw3UkjQGx,4.180461000000008,710.024971999992,0.024299929247920595,0.005812739132818258,9.71997169916824e-06,1.0,39131.478613,70.763722,298.22479905882585
BSC8REUo9LpiiWUuqMuLXs2D2yJsJfGd4HdiF3wCLxk5,AZjEH1zWVx1UJ6udMyRijGTzPteuLnaY18yNNmprJEsh,Caf8ypkSVR8xYnXNhjvfvdGCC7mrM3C11rz8Xi6NA6aK,400.8336699329998,401.18344081199984,400.37524708147066,0.9988563264867302,0.16015009883258827,0.9997971341628984,3432.843771244,2811.64390318,6239.991235433585
moFiBS1R4Lf3E3zzmBPnw3NF4RhWPkhREFviuzUaCAU,44ALBrpqi9PfZkBRTvbtRNtFJGsatfY4QydjtMbFWq8S,2ho8qEEie1UjVwWNBo9y4oAJZMyMLx8zPj9bxyUz6uWs,5.664986758005398,5.663959000001341,5.662815923184061,0.9996167979001418,0.0022651263692736244,0.9997971341628984,34087.503619207,30352.255201288,64420.53898186986
YAkoNb6HKmSxQN9L8hiBE5tPJRsniSSMzND1boHmZxe,CfWX7o2TswwbxusJ4hCaPobu2jLCb1hfXuXJQjVq3jQF,EnTrdMMpdhugeH6Ban6gYZWXughWxKtVGfCwFn78ZmY3,5831334.265827969,5830099.82251,5831334.265827969,1.0,583.1334265827969,0.998060767927916,1012300.348722,2443339.713268,3450901.8592550345
MiMuMS9C4vBqcrYeeQPph1E7oAW9aNKvW9k6Zw9XffM,Afy2q2hh6Y474pshJa5fnQ6PfEchGyTbKrQpCZw2hr3m,5pXz9ksgjeL8Wgb37bksUaBFMLdFfsNNY3FQnikkCPtS,0.00431648500000037,0.28514200000063283,0.0,0.0,0.0,0.019342382963786146,25.988373903,7675.02700977,148.4533116803738
KEnkcdADoLR5jS2CLLLesy8TtFsyWL37BhXNfDMzWzP,3qsjFRuw1qeLMPo4DLwaQevenGAGBj9dA3Q6rb8ax2YR,77iEv8zPQAEyCcEbvBRSB6AFcUdfkhiqnAKtPxk76rNN,0.011732999999999993,2.0008140000000054,6.820086824535658e-05,0.005812739132818258,2.7280347298142635e-08,0.998060767927916,128.939355,0.231214,0.9802564569645307
RoBgmK8CvjdHvPrqdDyVw54VwjZv2TqJ493xnqJAQHx,ExiHJxM7qPAcy27NDHAF6G7vnW7muNHi2sVJpnaNynGQ,6rkPHSqZb7StM4HwS9EuVrmfkV7tRdc7dnsFhyB6cefE,0.9790139999999958,59.1249940000007,0.0,0.0,0.0,0.966228385471017,6313.039969,18.17481,17.561017322542494
wrmcMSHFi3sWpAEy4rGDvQb3ezh3PhXoV2xNjgLBkKU,8p4mGnARWPBu6P2Gcw4adodLkNDorrXniZMhaY7eJXUn,AyY89zccbsgp9LKFgH4CFZMJmpSgqmPSdTfukhP227rc,0.009621289999999977,0.06609079000000051,4.614527577937639,479.6163069544364,0.0018458110311750555,3265.412748171369,26.89496649,0.11907213,13288.08415485104
Sid7E679i9ABqptiAVhkmQ27YHN8vaYT4fppPwmxFsJ,GP7KB8o1bv527HG8kTzzzf4wJ5aEGHvcMQvVhLziUfmT,9gYxhAZ1M9wu5pxr8SBoa5NDm21gi3s9vMHaYTME77sa,652.0058099999924,1656.8222239999814,3.7899396866118216,0.005812739132818258,0.0015159758746447287,0.019311494247723833,137837.711118,8136.593264,958.3444314075014
AUSejoEUCh2DBs9mof6BNC8Pubs22w4cJa1ccV9h44R,4xkyD7AfGQDwsQMy9MosRRNGoVJ1zosNinesxg1TzHG7,Cbm5gsQe3nSiCsFrvepVzMCD9xLK3ri9g3ypS2hdmVJ7,1.0004690000005212,1.000357000000804,1.000780242655987,1.0003110967510895,0.00010007802426559873,1.0,14366.571785,14521.902406,28892.943584806606
KZMu9QBEdL97EFgamLbN5DE1AoKBG4HdrKKJo4Vuon3,DD4ACBWyVqdaKWh7v5btsgqQCCMwbKnuL2xd9pv7Gyuw,GcYqiJ1MAuYbNTNYXm1F1gQYTfTgkErACAhNU5dpVj9T,183.2178630100002,181.93158807999976,184.37673346793557,1.006325095374964,0.07375069338717422,1.0,1322.36708058,1768.14220561,3098.873384095381
AURHmCnNwiW4uA2Qj1XvEh4iKgRUZYXtiY7FKAapUV5Y,BKWm4TRnTeKwfWXRyuzjRHU7iZDkPuXBX5b5V5jSVfGJ,A5Ww74HVrkj9nPeC7pHKLfgeDMEhBCpW1efQdz3TGLEg,0.0036877280001590407,0.00328015200000209,0.7222964768133252,195.86490022641982,0.0002889185907253301,176.82840571509408,282.555071045,1795.464591751,372831.76207592944
KysFMBBoavfov2tLpvefWW6tPFt6rAeZWDJVy1mMQae,B8ka2V21TH3x64dFV8ETcjuQcwmrciJ2qzy1mJUttRew,7fSf7EYxBANyxzk2s5pymFgshA91tFYQNKKs5UnLWcYS,51.05230299999039,55.865107000007356,0.0,0.0,0.0,0.01903705475136902,130617.473617,3053.022838,58.120562924186025
Lid8SLUxQ9RmF7XMqUA8c24RitTwzja8VSKngJxRcUa,4PgzyzLtds9bKZ2to9PMnKqJzKEUpjvNUaeN23phegax,AtymwxoVN9peZo7EXTcDz9jKVc4vRmisJKKrNfe3ewBa,19.634435362012596,16.57134126900189,4115.93872347362,209.62857589665478,0.411593872347362,176.82840571509408,955.440188155,7632.370672395,1549907.5038236128
WiiQFxXqp8P9Fs1rt9SVcDyA3KUdJmUsog6wnVQAwba,3S2jpqSYxho6wiz3cafhjXruVY8cg4HYa2v3BqBHYFSj,Dfe67M6TfrG74gKRtdqys4e6E9QirPD53BkF4FujFjuv,3941.841757894008,3939.756648558001,3944.6967874196575,1.0007242882137346,0.39446967874196576,0.9997971341628984,9017.707095856,17866.388683893,26887.0027188171
MAR3XM1n9xWPQ3HJjAcC85o8DopWFP5p2WxGTaZ3fPB,6qG7GUhER8Cg9gDEgnebph9LdS6eu2eoWcA4R7z9uizK,4QV4CwRXVMY227KkFF9voNAfwWHVvVajXSXDKbUHkWZR,0.005587000000000009,0.27114800000000017,0.005328254627055563,0.9536879590219357,2.1313018508222254e-06,0.01903705475136902,0.101989,24.747419,0.5683836517107581
SUiuyGR7SFq3xeRVJonq84fjjeFwRSsFekcevJ53tzy,49GjCCPsv7fBqo6t3iKDrP1xxGDS8uWZbVCdfnp2gjMf,CEwj5xEbbJEjYqM8D6Ai8ByGz1mrh8mkAVsE5fzDSSSx,0.05572400000000011,9.103211000000101,0.00032461023426910495,0.005825321841021899,1.2984409370764198e-07,0.9536879590219357,696.140966,1.300819,5.29582059083684
STK75uPSyBnEhGTTzb1nwmP3n427XoXmfRhXxxhyady,6TYyD5fUmDe6N65avW1Ny2RxzRNobw2RRgKwH9CTzSAU,54zDfk4cx2vGrEajPtodWpArNe5eUurytyxd4X3aZAxK,204.53757686199998,233.869555154004,36168.053625335975,176.82840571509408,3.616805362533597,202.2575584155224,1859.327360499,304.771202483,390424.1721490665
B2izdXFYb2sNwbWWHmh75T4aQFtfXsUxem9u2p61HGzf,4DYwgJtxwuJdAjkj5RJSNH4e7U329V5cNp7d3a1nLrZv,EXNW64GEf1ACC6xY9BtKRiunrs6GoJSXBdxWN2eTPmrF,896.5648829999882,890.7476310000075,889.3046002435995,0.9919021111644534,0.08893046002435995,1.0,12480.352425,27260.490238,39639.7781564339
KwnjUuZhTMTSGAaavkLEmSyfobY16JNH4poL9oeeEvE,J63v6qEZmQpDqCD8bd4PXu2Pq5ZbyXrFcSa3Xt1HdAPQ,BnKQtTdLw9qPCDgZkWX3sURkBAoKCUYL1yahh6Mw7mRK,165.24807099999975,8470.097272999934,3.1458365751851107,0.01903705475136902,0.00031458365751851105,1.0,278783.609602,552.104661,5859.32350077756
C98Sspw7XqnMsgxea3SLQVdbMDL8pKUc3RE82UvX9eq2,CSqgQJurPCzGxb4Cgwx5R61hWQUiaoUHcShNc8r1cKEL,6S2CR5EnukPhC914XkAns8m5GixjMAoUuZMsS5ubHuWc,63.09187399999996,65.29380599999979,0.0,0.0,0.0,1.0,856.745549,188.508903,188.508903
daob129AwBGn9Y5r91uLoWZeYiGzbPmksauMhFZKTze,6VW5GQNyj4LStgmxEHLr5zUfW92vQnmbw8jTnCH7a38F,4VPCCUifPeBA1c7HWK358CHn2nyjm8pdTRk6Ps3KmnMQ,14.180775328999935,12.640241727000053,2766.347395805786,195.07730230719875,1.1065389583223146,176.07087627481917,46.997476855,220.183667695,47936.072312580654
SoNcU2iwHMw6dGzsYNQkYFkUjwN1UdAjrWVRnStrZu2,8ivTTid27jZnYNc4w3CTA1Z6QS2twsFb8WMwUabeDJgc,CyXm53PMvHCbeXJBykU46Rcbo28xk5srhMZFg7gv6EYB,2.483844239999998,2.462296329000001,527.5382552935536,212.3878167551899,0.21101530211742142,206.57896150277105,11.643890411,15.355614594,5645.167378994296
GokA1R67GqSavkd15zR62QD68Tuc5AEfvjssntVDEbM8,3YB7hfpBdbQEuZqLGWVDpRPmeZWCUsrrWyqGXegnQ6Cg,4DPCj6Z1DsG6HUtwSogBGqXEUxdEV5a8YVrrFtcnz7UW,7284.795517999986,7286.914074999986,7283.863183512498,0.9998720163819033,0.7283863183512498,1.0,19281.531874,13229.735976,32508.800129788317
MARpDPs5A7XiyCWPNH8GsMWPLxmwNn9SBmKvPa9LzgA,6YjT74rmcfCpw8LSjPNx5JTmZoYLGrTKnf9arfSgZ4SR,F8GSmi3vA8M8TsybLya1LQ4n1aFHCRbZ6k437PeTdXtg,29543.658401000022,30781.03315799986,28043.818879677132,0.9492331145667415,11.217527551870853,1.0,293929.186792,18977.480305,297984.7977456397
C2ypsDADXcCRz8HbV2zX1AXPSja7a1P3xZtRC91xGhJh,J9bYNuDpY1d1T86gLaw7DGk5D3CsUAf2tzUwxMvb6FTv,A2NGvvPrMGzsJ4jb52KEnSBVmsA7C34dV1GC7PerdgvG,1.043273594000084,1.0637516339993454,183.6900958899747,176.07087627481917,0.07347603835598988,176.66215235980002,2117.421743555,659.716234276,489363.19172498456
HEDSDjj84KS7LKhZY7ejkCACTdPen62rKhCby1wXtgxc,EnnjMSFttpCTywBrYNt1J5QQeoSVkvzPipJDa8Y7kJow,6bjVT6JN2rSvpyn9PdfLYC8wJn4LWh49jpY47fnLDXZk,17.890898041998298,20.289593415989657,15.59582570442619,0.871718438494004,0.006238330281770476,0.9997971341628984,43662.834961505,4531.33633157,42592.11539109645
BSCNHw8CmxbZ8hCWWzMf5FaG2ajPT6JxfznKUNuRVrn4,7n9kgNL633yGzCYksgnzHyjG73ZLBAwvEae5sbAekbzW,SscdxE99omdG9AiMVwmaEMQySQnCgeAh1sPj2Leutm2,9.012464156000533,8.973693013999764,9.049312485878783,1.004088596552555,0.003619724994351513,0.9997971341628984,4127.03650967,7594.115453756,11736.485164083133
parEAJhzYzHW87y9VoZAQ22dzQ2MD2ekEtTReaxbMcz,3oyc6hpjYSJEquK6dSvG72NXyz3pqLZz5D8AC71pwgQb,Di2vordgFJVZ1aj1aBpvzXtLfZgJsuLLXawGtVFwX6Rz,0.11709456600007684,0.11990131000007409,19.830856788670793,169.35761808671617,0.007932342715468317,202.06518703759906,1107.800335932,135.552370962,215004.8414009341
ALLwa5WNZbvQsRKAqe1jdRGemdYQnW8E5k4msbRFcYtu,CGoM82Hbz7QVqTgvQatYtjvDWBvoUJp5qm21P8iMs9yb,3dxNNww8TivyN5FMy5dCNdi3Zcxv6e4kUfSPxfFwpdNq,0.004726790000000314,0.004720280000000354,15.44298876110923,3267.119707266074,0.0061771955044436925,3263.6969200492167,2.4090481,6.369792551,28659.720853313032
BSCuChvaSj9b5HUSqgDVRzcnr2sSn7cXaamt1jbKH6hn,GnKpRj5kBVPMJfiwZtEuD9GYApLzPdW5JFuZTcyX4BTc,3dmwD9okkomV9nDwyuh4UMhKdUR13QpuKxRo89ycZB5t,601.808730642,602.4215869959999,601.2781225410355,0.9991183110613925,0.2405112490164142,0.9983935847221821,1565.544298474,1445.652880519,3007.4945370284486
FrnkTEL6yZ5Aycq2TrEgu29dCrwKG4LPUZydfiwqspkc,DjvZuMZ46fxKBoBpGMPcRcos4xdTtHFxwMh69DpA2ZFY,9rvDPJLAng4uVVqnnSoEXgNDFhBZQTny9AoQioYDZbQX,17.318040440998402,14.194791915000025,3723.0495400048244,214.98099353036196,1.4892198160019297,176.07087627481917,165.00596747,1450.639662642,290888.5433855242
DEDaBEWzMCXohXYXoLzB4jK1xqMsd3SS9izXp2xvg9pe,,,796007.6447217898,1414633.5190234883,0.0,0.0,0.0,176.07087627481917,165.00596747,1450.639662642,255415.396560385
BUSDgu5JdqP1rndBvXvanbEufS94FNh1w5FJcAj6vawb,Bgzr8cWubt89JQFXndVjtdKmDbGzuPxNhvjH1EhWCwbo,Dxaf8xPBBQsasRKW5Aa4Sw2YrbfGofY9xZueyyF23FBW,4054.313329050002,4080.0057214600038,4028.6877727258807,0.9936794336687033,1.6114751090903525,0.9996586565551326,10233.14904391,5104.41758787,15271.144974986437
JSoLLrxK5bYdHwTEWYaGgmeycBCNXKDiBCTw5hXGBg7,xG4wXczA7Dk4hccJ61CHKpDHW4NrNfQwgmWgkb9BuF2,BVR6WgfhsRr9Lob4QDnkEAiNGgAbv7ZieKcY9kSg3QYR,1.0573478139999963,0.8867297769999958,218.42581336334436,206.57896150277105,0.08737032534533776,176.07087627481917,17.013564541,172.299577511,33851.58208848305
MiMy69CnJDY4V6cQWkU3HHfTyb8pqXJmhX4MisFYDnM,,,0.005596213999999988,0.004316484999999998,0.0,0.0,0.0,176.07087627481917,17.013564541,172.299577511,30336.937594142895
Dg3mAgpwDfVNnbGWcsxL8sUcSkEbjSJQhKAWNigG44Ju,EATxwd8YA2wV93VJcKMmH2Kn2Y9XfJVUB9hHVu3udwEy,GiGvrRi7NMHfHKanG2B8xyCEqe8jaafWins8bhrLVEaa,0.0016348199999999813,0.0016133740000000008,0.3532143996843798,216.05705807635326,0.00014128575987375192,213.07655052076976,0.133305128,0.185074383,68.2365249015715
heyk4SZTeCUV6a65WiVA5bzic3KcxgVf1qxobfeV4tQ,9ZDpBKPqMABtGfq66FbVribaArMvtk63xxy91onZAtDt,DaTP4s6N7xxSPinbNZ3FB52EpRDRt87QShTuN3VPCW52,1.7584264569999277,1.5135996909993992,352.61273341140424,200.52742723912436,0.1410450933645617,177.0942098693895,599.705965752,4501.566615584,917458.8773734733
SoN9GaFpSXfpyR5dth3x7PHPVhvJMpQqqDJfCSmPv1t,9kZ9iS68ViMPtoeqtnhAKuF2iqVyfHPdZHoUNdwCELr,BBhm5fJLjw3HRzjtKB8uMEYjGhY6EDm9co3cqpjrSzB9,0.09893126199999935,0.0967171699999998,21.37479741950078,216.05705807635326,0.008549918967800312,205.00692513393102,1.878194906,3.219868921,1065.8926927128712
