0,1,2,3,4,5,6,7,8,9,10,11
HEDSDjj84KS7LKhZY7ejkCACTdPen62rKhCby1wXtgxc,EnnjMSFttpCTywBrYNt1J5QQeoSVkvzPipJDa8Y7kJow,6bjVT6JN2rSvpyn9PdfLYC8wJn4LWh49jpY47fnLDXZk,4.475218898999628,5.0732264000034775,3.6677994736174537,0.8195799035522795,0.0014671197894469815,1.0,43661.440811388,4532.523432013,40316.56288116393
STK75uPSyBnEhGTTzb1nwmP3n427XoXmfRhXxxhyady,6TYyD5fUmDe6N65avW1Ny2RxzRNobw2RRgKwH9CTzSAU,54zDfk4cx2vGrEajPtodWpArNe5eUurytyxd4X3aZAxK,218.4561971089998,246.89543896500209,38317.978297502166,175.4034850216825,3.8317978297502173,199.3111805599847,1976.496737042,325.86018829,411631.9946367296
GokA1R67GqSavkd15zR62QD68Tuc5AEfvjssntVDEbM8,3YB7hfpBdbQEuZqLGWVDpRPmeZWCUsrrWyqGXegnQ6Cg,4DPCj6Z1DsG6HUtwSogBGqXEUxdEV5a8YVrrFtcnz7UW,4733.5957450000005,4734.534621999996,4732.516731185291,0.9997720519721505,0.4732516731185291,1.0,20418.89311,12089.614901,32503.853564584708
MiMuMS9C4vBqcrYeeQPph1E7oAW9aNKvW9k6Zw9XffM,Afy2q2hh6Y474pshJa5fnQ6PfEchGyTbKrQpCZw2hr3m,5pXz9ksgjeL8Wgb37bksUaBFMLdFfsNNY3FQnikkCPtS,0.4734260639997956,0.007176430000001233,0.0,0.0,0.0,0.020662166653391226,26.002904855,7674.06741977,158.56285993664773
ercAoEmXjQzEvAFbdjAo81KtMxRGn9AW1ju882upmPH,CMRhskR2Eg6V42RTSdRTXGdozyPbWB8U9dVpijPWb9T4,7TKLLgrWswt6ZJ1pXhVR3FyufHGjJFqiEXxvWJfDcgRm,0.6309804199999718,0.6870617740000071,109.00599171493718,172.7565361139765,0.043602396685974876,94.94446366014894,58.422026328,401.278444567,48191.95359897744
BkwbeSfcX1h4thMDd7obGkHrPevf3QwgzJ4pCEqG18Lu,35yX27bmurdebhfAb8EPmjLETDiUaEUCn9zHaDPbakH2,2CxECn1ZJFoESyUnQysQU8rRgT3iJ5GRs2Mdd6gZjx5g,0.023405180000001025,0.020000000000000018,54.07476376406679,2310.3758981586307,0.021629905505626715,1949.317738791423,1.55562398,21.09599033,44716.86431763093
heyk4SZTeCUV6a65WiVA5bzic3KcxgVf1qxobfeV4tQ,9ZDpBKPqMABtGfq66FbVribaArMvtk63xxy91onZAtDt,DaTP4s6N7xxSPinbNZ3FB52EpRDRt87QShTuN3VPCW52,4.375638533999336,3.751232691999917,528.7707859975507,120.84425664709876,0.2115083143990203,172.7565361139765,599.449783384,4501.862907789,850166.3054799255
JSoLLrxK5bYdHwTEWYaGgmeycBCNXKDiBCTw5hXGBg7,xG4wXczA7Dk4hccJ61CHKpDHW4NrNfQwgmWgkb9BuF2,BVR6WgfhsRr9Lob4QDnkEAiNGgAbv7ZieKcY9kSg3QYR,0.3048579690000608,0.2584124930000016,37.582417066281245,123.27844730302508,0.015032966826512499,172.7565361139765,17.104420743,172.189491677,31855.4665685596
MARpDPs5A7XiyCWPNH8GsMWPLxmwNn9SBmKvPa9LzgA,6YjT74rmcfCpw8LSjPNx5JTmZoYLGrTKnf9arfSgZ4SR,F8GSmi3vA8M8TsybLya1LQ4n1aFHCRbZ6k437PeTdXtg,131563.52495099994,134933.67361599952,75888.73850235081,0.5768220221418902,30.355495400940324,1.0,292882.121497,19922.520921,188863.37849210628
KEN5P7p3asnb23Sw6yAmJRGvijfAzso3RqfyLAQhznt,9zj4aX38Uxf3h6AUjS4EipWS8mwbEofasHAf3a1uKGds,CwQDG1MWunn9cLNwcZLd8YBacweSR7ARo32w4mLua1Yr,25119.219499000348,25120.634778000065,24785.947646939596,0.9867323962006855,2.47859476469396,1.0,966321.4501,947175.987157,1900676.6671142941
AURHmCnNwiW4uA2Qj1XvEh4iKgRUZYXtiY7FKAapUV5Y,BKWm4TRnTeKwfWXRyuzjRHU7iZDkPuXBX5b5V5jSVfGJ,A5Ww74HVrkj9nPeC7pHKLfgeDMEhBCpW1efQdz3TGLEg,0.011758968000094683,0.01045929599996498,1.3700808209012851,116.51369583540438,0.0005480323283605142,172.7565361139765,282.553181292,1795.466539093,343099.89542463823
KZMu9QBEdL97EFgamLbN5DE1AoKBG4HdrKKJo4Vuon3,DD4ACBWyVqdaKWh7v5btsgqQCCMwbKnuL2xd9pv7Gyuw,GcYqiJ1MAuYbNTNYXm1F1gQYTfTgkErACAhNU5dpVj9T,24.960429779999686,24.82156540999972,25.125835668790906,1.0066267243893274,0.010050334267516363,1.0,1311.94284675,1778.54521281,3099.181943219962
C98Sspw7XqnMsgxea3SLQVdbMDL8pKUc3RE82UvX9eq2,CSqgQJurPCzGxb4Cgwx5R61hWQUiaoUHcShNc8r1cKEL,6S2CR5EnukPhC914XkAns8m5GixjMAoUuZMsS5ubHuWc,30.369309999999984,31.012006000000213,0.0,0.0,0.0,1.0,818.115463,225.964114,225.964114
SAMGk1Nd4haC8zQA63DG37pzuEZy8j4q13tSFtCbcRE,9U9TnkHD3jXMAVZtynCVLgDruuqN4pTvLJTmVHCLWS8g,C6zoEbvqSknmi96QWq96UBiPCyNW3YSTvKhavR2BfifE,0.005608439999996051,0.002949410000000041,0.010236527738478059,1.8252005439097623,4.094611095391224e-06,0.0,53.64672093,1.13590945,97.91602422041123
B2izdXFYb2sNwbWWHmh75T4aQFtfXsUxem9u2p61HGzf,4DYwgJtxwuJdAjkj5RJSNH4e7U329V5cNp7d3a1nLrZv,EXNW64GEf1ACC6xY9BtKRiunrs6GoJSXBdxWN2eTPmrF,411.94926800000576,409.16760299999805,245.51801024866276,0.5959908884912968,0.024551801024866277,1.0,12303.090358,27438.241322,34770.77107565313
Lee1XZJfJ9Hm2K1qTyeCz1LXNc1YBZaKZszvNY4KCDw,9DgFSWkPDGijNKcLGbr3p5xoJbHsPgXUTr6QvGBJ5vGN,2hNHZg7XBhuhHVZ3JDEi4buq2fPQwuWBdQ9xkH7t1GQX,1188.9909574570993,991.1510109549936,245778.62339299027,206.71193658077786,24.577862339299028,172.7565361139765,6435.471625206,54188.081448828,10691634.052218532
BSCuChvaSj9b5HUSqgDVRzcnr2sSn7cXaamt1jbKH6hn,GnKpRj5kBVPMJfiwZtEuD9GYApLzPdW5JFuZTcyX4BTc,3dmwD9okkomV9nDwyuh4UMhKdUR13QpuKxRo89ycZB5t,8.182717360999959,8.182181373000049,8.1905307997617,1.000954870908652,0.0032762123199046797,0.7112137787712643,1456.64254451,1554.032516467,2563.28278846997
MiMUFdSLMyCLpqpH6zkqdDrGYs7XBomwENbivdYjv9V,,,0.0071764299999999975,0.009653000000000023,0.0,0.0,0.0,0.7112137787712643,1456.64254451,1554.032516467,1105.2493383699123
DFWzVTzNBrQZLjoQ4yQwkj9HuoXmfkuZP9V5vbymZe23,DhgiEgiNdqZdRdo195UUHnoEJUtefK8buko8nU97XJUZ,2K2kkXsouBHtWVjtcgkyiXd8eP3oVBvq1bTJzcVdLLr2,12.201053383996623,12.205485526996199,12.14803532469194,0.9956546326258826,0.004859214129876777,0.9961397264594135,37997.520270744,29975.057177673,67691.75234343461
parEAJhzYzHW87y9VoZAQ22dzQ2MD2ekEtTReaxbMcz,3oyc6hpjYSJEquK6dSvG72NXyz3pqLZz5D8AC71pwgQb,Di2vordgFJVZ1aj1aBpvzXtLfZgJsuLLXawGtVFwX6Rz,0.5010219660000246,0.5972191389998898,79.91832513847908,159.51062141350337,0.03196733005539163,190.34034185506079,1107.579491666,135.737219817,202506.96180291916
wrmcMSHFi3sWpAEy4rGDvQb3ezh3PhXoV2xNjgLBkKU,8p4mGnARWPBu6P2Gcw4adodLkNDorrXniZMhaY7eJXUn,AyY89zccbsgp9LKFgH4CFZMJmpSgqmPSdTfukhP227rc,0.02192298999999974,0.1190578499999999,11.370845435684512,518.6721991701245,0.004548338174273805,3437.725600742549,26.88608088,0.12037208,14358.868878126066
SAMyS8Jr2HJrkFwYVKbpUwsNStnQmvz3f8Tup8bWUWF,6jPzm5TFfquvgm25sTyN3MMGBfufRaFHMxobDWv6hMFW,Cj9ECoDmxsHTDzCY5ZA6RWrPbg9uFzEC1Qc2kso2vJG6,50.463179430007585,1.0341471099999922,50.76895679526895,1.0060594153740448,0.02030758271810758,0.020450632969586102,465.42412262,109713.61797425,2711.9572536608266
DEDaBEWzMCXohXYXoLzB4jK1xqMsd3SS9izXp2xvg9pe,,,12740275.782472834,5606090.5887525175,0.0,0.0,0.0,0.020450632969586102,465.42412262,109713.61797425,2243.7129329567715
Cob4usZcpHEY7Qt4ZCwj6WVg9S44zvzYV2v9qYF65dTf,NhFM9UXE48PyNAyeyPYA3iXztqKVJwA4bTdLj4ysM8w,6TuFuynuBoeskxyR2cz4wxyidk8dpDK7kAWw3UkjQGx,160.90806499999712,479.84224600000016,1.0045638061702642,0.006243091706871761,0.00040182552246810575,1.0,38395.355406,75.15503,314.86075491759243
vEnkoSUkpnbRrPgBz9DfcVxNz67zjwMYBZraAvDDNSf,DtfyjjsZ5yCjWKLKHvwsfXs5QVsmm1QkK6Sh9JZHoq1g,e5wrKCRv4GhHvEf1VD5Pq2KGaZDXP77nTL612Jyrxwy,7242.329987000005,7244.998654999999,7217.796696030198,0.9966125140646942,0.7217796696030199,0.9899451273415915,23968.283346,18358.259056,42060.76022223385
7dwD9TF6uikvHXxPFK9AsSim54yJoujQjY9vU6gNFumk,CquVr6atkvwueDYficKjn6SSEWq4F4rH4VSiBbW4GBWU,8BCa6ge3b7ho3TfZuM64Vk1hgbrJ3J7EPiAb9uP86CGd,0.00017274499999999976,0.00017554699999999986,0.03517125691153013,203.6021703176947,1.406850276461205e-05,207.00590794861287,0.004564599,0.002959408,1.5419772030603673
WiiQFxXqp8P9Fs1rt9SVcDyA3KUdJmUsog6wnVQAwba,3S2jpqSYxho6wiz3cafhjXruVY8cg4HYa2v3BqBHYFSj,Dfe67M6TfrG74gKRtdqys4e6E9QirPD53BkF4FujFjuv,21.117516783999235,21.11535677000029,21.12207742071176,1.0002159646306512,0.0021122077420711763,0.9961397264594135,12144.433786993,14736.834289409,26827.002633079865
KysFMBBoavfov2tLpvefWW6tPFt6rAeZWDJVy1mMQae,B8ka2V21TH3x64dFV8ETcjuQcwmrciJ2qzy1mJUttRew,7fSf7EYxBANyxzk2s5pymFgshA91tFYQNKKs5UnLWcYS,41.7380320000002,51.74108200002229,0.0,0.0,0.0,0.01922949712557477,130662.470224,3016.620187,58.008089214867326
SUiuyGR7SFq3xeRVJonq84fjjeFwRSsFekcevJ53tzy,49GjCCPsv7fBqo6t3iKDrP1xxGDS8uWZbVCdfnp2gjMf,CEwj5xEbbJEjYqM8D6Ai8ByGz1mrh8mkAVsE5fzDSSSx,0.7459870000000168,7.205504999999984,0.0046572652531342495,0.006243091706871761,1.8629061012536997e-06,0.9134146820449164,684.000747,1.375962,5.527103283825676
BUSDgu5JdqP1rndBvXvanbEufS94FNh1w5FJcAj6vawb,Bgzr8cWubt89JQFXndVjtdKmDbGzuPxNhvjH1EhWCwbo,Dxaf8xPBBQsasRKW5Aa4Sw2YrbfGofY9xZueyyF23FBW,41330.82161503006,40937.93064473002,41782.185793902565,1.0109207647279959,16.712874317561027,1.0,4017.69475872,11314.21434769,15375.785405618884
moFiBS1R4Lf3E3zzmBPnw3NF4RhWPkhREFviuzUaCAU,44ALBrpqi9PfZkBRTvbtRNtFJGsatfY4QydjtMbFWq8S,2ho8qEEie1UjVwWNBo9y4oAJZMyMLx8zPj9bxyUz6uWs,3.503068213001825,3.5009510000018054,3.5009535775247893,0.9993963476163019,0.001400381431009916,0.9944348047249256,35408.646344428,29031.628067205,64257.333218516345
Dg3mAgpwDfVNnbGWcsxL8sUcSkEbjSJQhKAWNigG44Ju,EATxwd8YA2wV93VJcKMmH2Kn2Y9XfJVUB9hHVu3udwEy,GiGvrRi7NMHfHKanG2B8xyCEqe8jaafWins8bhrLVEaa,0.0009469000000000005,0.0009581999999999924,0.19851078130103506,209.6428147650596,7.940431252041402e-05,207.10777308609636,0.135879107,0.182465632,66.27612916750988
BUSDTd9WiT6uBHJRgNvFXBsA7JrifsAtWzKfioN7ERcy,DyBxrn7gSc1EwnpWhDyhzvMHPtxpmBqRqotapLcKcfTM,Cds99GeBgoCpqBsoRWu1C6fF9LiUMd4pXQQD24s9LPff,406.46142456,407.49147664999975,406.7482959982016,1.0007057777709463,0.04067482959982017,0.995980223816676,91.860679,94.80958402,186.35398293746778
MATSnbbiTCv7Dc3trJrkrqjx7ckKdr6fwPoVwv9q3sD,631WX9JizSHJm4w6VanZeJAst9T8DeUUnPLesdGkCVtK,211maUSfpnXbPuW1iBu8b4dtJv5EbN1j7JJiEX5TZKEP,5676.663937000019,5675.160059999987,5657.282088564597,0.9965856974007052,2.2629128354258388,0.9901637136684178,21241.003312,24400.002744,45328.47742969883
FrnkTEL6yZ5Aycq2TrEgu29dCrwKG4LPUZydfiwqspkc,DjvZuMZ46fxKBoBpGMPcRcos4xdTtHFxwMh69DpA2ZFY,9rvDPJLAng4uVVqnnSoEXgNDFhBZQTny9AoQioYDZbQX,1.4763023860009525,1.2217903760000866,309.4961876456132,209.6428147650596,0.12379847505824529,172.1269642914006,165.207992469,1449.087916625,284061.7726428974
YAkoNb6HKmSxQN9L8hiBE5tPJRsniSSMzND1boHmZxe,CfWX7o2TswwbxusJ4hCaPobu2jLCb1hfXuXJQjVq3jQF,EnTrdMMpdhugeH6Ban6gYZWXughWxKtVGfCwFn78ZmY3,3218230.82044701,3219765.476210994,3218230.82044701,1.0,321.82308204470104,0.9901637136684178,2726735.514983,787861.327063,3506847.2124434276
Lid8SLUxQ9RmF7XMqUA8c24RitTwzja8VSKngJxRcUa,4PgzyzLtds9bKZ2to9PMnKqJzKEUpjvNUaeN23phegax,AtymwxoVN9peZo7EXTcDz9jKVc4vRmisJKKrNfe3ewBa,14.783715839000251,12.492757422000636,3011.447312816283,203.70029738206415,0.30114473128162833,172.1269642914006,960.59133083,7626.256313471,1508357.087898595
SoNcU2iwHMw6dGzsYNQkYFkUjwN1UdAjrWVRnStrZu2,8ivTTid27jZnYNc4w3CTA1Z6QS2twsFb8WMwUabeDJgc,CyXm53PMvHCbeXJBykU46Rcbo28xk5srhMZFg7gv6EYB,0.35229005799999946,0.3489044600000035,72.96200939275161,207.10777308609636,0.02918480375710065,195.02985907142386,11.648979516,15.346068415,5405.535766562191
BSCNHw8CmxbZ8hCWWzMf5FaG2ajPT6JxfznKUNuRVrn4,7n9kgNL633yGzCYksgnzHyjG73ZLBAwvEae5sbAekbzW,SscdxE99omdG9AiMVwmaEMQySQnCgeAh1sPj2Leutm2,3929.183148133001,3904.4803796660017,4009.4844655000047,1.0204371530518144,1.6037937862000022,0.9944348047249256,2265.062629659,9474.999862725,11733.623699550919
Sid7E679i9ABqptiAVhkmQ27YHN8vaYT4fppPwmxFsJ,GP7KB8o1bv527HG8kTzzzf4wJ5aEGHvcMQvVhLziUfmT,9gYxhAZ1M9wu5pxr8SBoa5NDm21gi3s9vMHaYTME77sa,193.1965790000013,637.9086760000209,1.1945494279484754,0.00618307753756068,0.0004778197711793902,0.01917600146427947,137489.000037,8241.277878,1008.1399044465163
AUSejoEUCh2DBs9mof6BNC8Pubs22w4cJa1ccV9h44R,4xkyD7AfGQDwsQMy9MosRRNGoVJ1zosNinesxg1TzHG7,Cbm5gsQe3nSiCsFrvepVzMCD9xLK3ri9g3ypS2hdmVJ7,14.779042000000118,14.777430000000095,14.783329165458099,1.000290084124396,0.0014783329165458101,1.0,14374.565767,14513.817629,28892.55322932409
RoBgmK8CvjdHvPrqdDyVw54VwjZv2TqJ493xnqJAQHx,ExiHJxM7qPAcy27NDHAF6G7vnW7muNHi2sVJpnaNynGQ,6rkPHSqZb7StM4HwS9EuVrmfkV7tRdc7dnsFhyB6cefE,8.391782000000045,44.231204999998596,0.0,0.0,0.0,0.9230661303037073,6268.043362,18.921043,17.46537394332005
KwnjUuZhTMTSGAaavkLEmSyfobY16JNH4poL9oeeEvE,J63v6qEZmQpDqCD8bd4PXu2Pq5ZbyXrFcSa3Xt1HdAPQ,BnKQtTdLw9qPCDgZkWX3sURkBAoKCUYL1yahh6Mw7mRK,52.07557700000007,2509.7350759999827,1.0039619959626824,0.019278941373279092,0.00010039619959626824,1.0,278096.289454,565.654632,5927.056692510118
MATgk4zXLXtYkwBH678J1xZbRDZ45LicNzkRBHkxTuY,y8dALFo1bJrSzPYjMX14HJX448pXqYmrfXHD1K8MXih,GN7Yuet3UyiWS5YVkEHv6oQKi4HGBJc3XDPt9zQhAqZz,1194.8613020000012,1193.7961759999998,1195.7760706940821,1.00076558567304,0.4783104282776329,1.0,3828.517233,4271.404914,8102.853204942571
C2ypsDADXcCRz8HbV2zX1AXPSja7a1P3xZtRC91xGhJh,J9bYNuDpY1d1T86gLaw7DGk5D3CsUAf2tzUwxMvb6FTv,A2NGvvPrMGzsJ4jb52KEnSBVmsA7C34dV1GC7PerdgvG,69.45823648299995,70.7348856059998,11667.705602001526,167.98159862376036,4.667082240800611,167.81494039632855,2087.634598628,668.295746364,462834.2080629983
BUSD5rCfUDpCxKGMvYU2yThChxgHoioK74PTPociGnv2,CcFHbafgYDZ8yA8Me1PdtDiVb2eeaS61LbqyKKK5CsNZ,26R9s4nmF3CFDTkiePDwRmtscn8i7r2eygbSijditJ58,24.502844010000004,24.35198666,24.49096099572488,0.9995150353048701,0.002449096099572488,1.0,93.15892545,55.39183509,148.5055817501205
BSC8REUo9LpiiWUuqMuLXs2D2yJsJfGd4HdiF3wCLxk5,AZjEH1zWVx1UJ6udMyRijGTzPteuLnaY18yNNmprJEsh,Caf8ypkSVR8xYnXNhjvfvdGCC7mrM3C11rz8Xi6NA6aK,176.05012327700024,176.12361949600017,175.89463699116064,0.9991168067198967,0.07035785479646425,0.9870274323261002,3251.510959321,2991.814666807,6201.642395265626
SoN9GaFpSXfpyR5dth3x7PHPVhvJMpQqqDJfCSmPv1t,9kZ9iS68ViMPtoeqtnhAKuF2iqVyfHPdZHoUNdwCELr,BBhm5fJLjw3HRzjtKB8uMEYjGhY6EDm9co3cqpjrSzB9,0.16293346799999897,0.15972334800000065,33.751868866640166,207.15123345094688,0.01350074754665607,196.0748558898828,1.913366569,3.183605906,1020.5813140412861
daob129AwBGn9Y5r91uLoWZeYiGzbPmksauMhFZKTze,6VW5GQNyj4LStgmxEHLr5zUfW92vQnmbw8jTnCH7a38F,4VPCCUifPeBA1c7HWK358CHn2nyjm8pdTRk6Ps3KmnMQ,8.443841849999984,7.534571420999988,1556.9699311464879,184.39117629216264,0.6227879724585952,167.98159862376036,48.056688831,224.727927803,46611.38595000747
