0,1,2,3,4,5,6,7,8,9,10,11
YAkoNb6HKmSxQN9L8hiBE5tPJRsniSSMzND1boHmZxe,CfWX7o2TswwbxusJ4hCaPobu2jLCb1hfXuXJQjVq3jQF,EnTrdMMpdhugeH6Ban6gYZWXughWxKtVGfCwFn78ZmY3,3540886.0917900135,3542370.5232939865,3540886.0917900135,1.0,354.08860917900137,0.9991746817129051,2726663.555992,787599.548864,3513613.084545415
Lid8SLUxQ9RmF7XMqUA8c24RitTwzja8VSKngJxRcUa,4PgzyzLtds9bKZ2to9PMnKqJzKEUpjvNUaeN23phegax,AtymwxoVN9peZo7EXTcDz9jKVc4vRmisJKKrNfe3ewBa,18.517297491002182,15.757492187998992,3808.4853366316606,205.67176924614716,0.3808485336631661,173.75953071025947,960.076501486,7626.864344124,1522701.001898074
BSC8REUo9LpiiWUuqMuLXs2D2yJsJfGd4HdiF3wCLxk5,AZjEH1zWVx1UJ6udMyRijGTzPteuLnaY18yNNmprJEsh,Caf8ypkSVR8xYnXNhjvfvdGCC7mrM3C11rz8Xi6NA6aK,25.401843689999623,25.40701608900008,25.372976955609136,0.9988635968812826,0.010149190782243654,1.0,3355.467495193,2887.868454084,6239.522785550707
BUSD5rCfUDpCxKGMvYU2yThChxgHoioK74PTPociGnv2,CcFHbafgYDZ8yA8Me1PdtDiVb2eeaS61LbqyKKK5CsNZ,26R9s4nmF3CFDTkiePDwRmtscn8i7r2eygbSijditJ58,32.24617025,32.50856901,32.23953632061131,0.9997942723325821,0.0032239536320611308,1.0,117.69383512,31.07191409,148.7415363318313
4xeRVccqvUgiV6VeF6NkWqkAYeewcJPRWFVginvJw1n4,A7VkMFrnCCyeZFUrQ3TzDr4xFep7PZtxvy3jJnBjLB2a,PhfHJ2Yu99BsEjZrefhApqUnLUiExcECcUT1YLoNUUv,2.7979116449999957,10.807935797000027,0.7576032853787465,0.2707745567064709,0.00030304131415149864,1.0,1332.608788118,21.267298293,382.1038521587988
BUSDTd9WiT6uBHJRgNvFXBsA7JrifsAtWzKfioN7ERcy,DyBxrn7gSc1EwnpWhDyhzvMHPtxpmBqRqotapLcKcfTM,Cds99GeBgoCpqBsoRWu1C6fF9LiUMd4pXQQD24s9LPff,153.22810297,153.90545806,153.26128557093898,1.0002165568867316,0.0153261285570939,0.9984364485216152,96.87716577,89.75278058,186.51059267464956
SoN9GaFpSXfpyR5dth3x7PHPVhvJMpQqqDJfCSmPv1t,9kZ9iS68ViMPtoeqtnhAKuF2iqVyfHPdZHoUNdwCELr,BBhm5fJLjw3HRzjtKB8uMEYjGhY6EDm9co3cqpjrSzB9,0.13851885499999916,0.13540259600000026,29.329517909532377,211.73664704009107,0.011731807163812951,205.476355835734,1.871608407,3.226259799,1059.2081951480739
JSoLLrxK5bYdHwTEWYaGgmeycBCNXKDiBCTw5hXGBg7,xG4wXczA7Dk4hccJ61CHKpDHW4NrNfQwgmWgkb9BuF2,BVR6WgfhsRr9Lob4QDnkEAiNGgAbv7ZieKcY9kSg3QYR,1.8354084799999875,1.5471441630000307,377.1335883846489,205.47665137988872,0.15085343535385956,173.78939610096538,17.141527193,172.145202891,33439.19445925999
KysFMBBoavfov2tLpvefWW6tPFt6rAeZWDJVy1mMQae,B8ka2V21TH3x64dFV8ETcjuQcwmrciJ2qzy1mJUttRew,7fSf7EYxBANyxzk2s5pymFgshA91tFYQNKKs5UnLWcYS,32.117711999999756,39.87297799998487,0.0,0.0,0.0,0.020937685010619173,130671.356341,3009.444435,63.01079963699078
BUSDgu5JdqP1rndBvXvanbEufS94FNh1w5FJcAj6vawb,Bgzr8cWubt89JQFXndVjtdKmDbGzuPxNhvjH1EhWCwbo,Dxaf8xPBBQsasRKW5Aa4Sw2YrbfGofY9xZueyyF23FBW,5415.696760770004,5415.04070524,5421.967428760388,1.0011578691103622,2.1687869715041557,1.0,7216.1589812,8084.21103477,15308.725383549794
DEDaBEWzMCXohXYXoLzB4jK1xqMsd3SS9izXp2xvg9pe,,,3903374.2426860626,2967569.9613044183,0.0,0.0,0.0,1.0,7216.1589812,8084.21103477,8084.21103477
ALLwa5WNZbvQsRKAqe1jdRGemdYQnW8E5k4msbRFcYtu,CGoM82Hbz7QVqTgvQatYtjvDWBvoUJp5qm21P8iMs9yb,3dxNNww8TivyN5FMy5dCNdi3Zcxv6e4kUfSPxfFwpdNq,0.6105548559999994,0.6104476610000003,2151.052903043966,3523.1116121758737,0.8604211612175865,3516.854525312561,1.999605168,6.779028903,30885.690661887882
SoNcU2iwHMw6dGzsYNQkYFkUjwN1UdAjrWVRnStrZu2,8ivTTid27jZnYNc4w3CTA1Z6QS2twsFb8WMwUabeDJgc,CyXm53PMvHCbeXJBykU46Rcbo28xk5srhMZFg7gv6EYB,2.3954477190000034,2.370475498000003,500.78348434168237,209.05631977254671,0.20031339373667295,205.47593363127342,11.648014884,15.346916543,5588.513129339048
Lee1XZJfJ9Hm2K1qTyeCz1LXNc1YBZaKZszvNY4KCDw,9DgFSWkPDGijNKcLGbr3p5xoJbHsPgXUTr6QvGBJ5vGN,2hNHZg7XBhuhHVZ3JDEi4buq2fPQwuWBdQ9xkH7t1GQX,874.9500063399901,727.7188945669996,182760.38813840077,208.8809495560862,18.276038813840078,173.61753134273889,6440.60249017,54181.787657313,10752227.380659165
4vezWG46exH6pf9nry3n1VJ7hZHvjBJNgNeF4qEFCML5,,,0.2577949999999998,0.257437000000003,0.0,0.0,0.0,173.61753134273889,6440.60249017,54181.787657313,9406908.216799162
ercAoEmXjQzEvAFbdjAo81KtMxRGn9AW1ju882upmPH,CMRhskR2Eg6V42RTSdRTXGdozyPbWB8U9dVpijPWb9T4,7TKLLgrWswt6ZJ1pXhVR3FyufHGjJFqiEXxvWJfDcgRm,11.08255356299992,10.010523215000006,1921.3611966489889,173.36809479212647,0.7685444786595956,158.5908756642777,59.041042508,400.603347033,73767.86865415689
BSCuChvaSj9b5HUSqgDVRzcnr2sSn7cXaamt1jbKH6hn,GnKpRj5kBVPMJfiwZtEuD9GYApLzPdW5JFuZTcyX4BTc,3dmwD9okkomV9nDwyuh4UMhKdUR13QpuKxRo89ycZB5t,13.00146727299989,12.99939330899997,13.01079614394306,1.000717524472222,0.005204318457577224,0.9984364485216152,1448.460363137,1562.215233828,3009.272298784187
parEAJhzYzHW87y9VoZAQ22dzQ2MD2ekEtTReaxbMcz,3oyc6hpjYSJEquK6dSvG72NXyz3pqLZz5D8AC71pwgQb,Di2vordgFJVZ1aj1aBpvzXtLfZgJsuLLXawGtVFwX6Rz,0.267545919000014,0.3186919540000872,45.17021927855095,168.83165120731513,0.01806808771142038,201.29805034786315,1107.057455203,136.175049401,214318.11009373606
SRMuKizofcAMicegrfSv7xs9q76tH1w8aAF7oX9FEWu,72Hj2KWntXPfbie4UgKeTPnm1XVkomDfCnRPKbvfTtPi,6aqJQ5wedqpUt4fFEDUqUmXhrdxCu4bEJsQdVPCADLko,26.969326999998884,26.613626000000295,0.8889570941419458,0.032961782625943264,0.00035558283765677837,0.03295123520341259,16627.07227,5282.588154,722.1257466148041
YakoMPuYrybnr9R7VC7hVGxMz94fJvPFCdZ4gmW61Ed,,,0.06648399999999999,0.06644800000000006,0.0,0.0,0.0,0.03295123520341259,16627.07227,5282.588154,174.0678047452151
wrmcMSHFi3sWpAEy4rGDvQb3ezh3PhXoV2xNjgLBkKU,8p4mGnARWPBu6P2Gcw4adodLkNDorrXniZMhaY7eJXUn,AyY89zccbsgp9LKFgH4CFZMJmpSgqmPSdTfukhP227rc,0.056925890000000076,0.3680581100000034,30.183398727465573,530.2226935312831,0.01207335949098623,3523.4840209999647,26.88392046,0.1206894,14679.711891386043
KwnjUuZhTMTSGAaavkLEmSyfobY16JNH4poL9oeeEvE,J63v6qEZmQpDqCD8bd4PXu2Pq5ZbyXrFcSa3Xt1HdAPQ,BnKQtTdLw9qPCDgZkWX3sURkBAoKCUYL1yahh6Mw7mRK,163.88745699998435,6575.727145000064,3.4314221557061613,0.020937674050958574,0.0003431422155706162,1.0,277529.652263,577.314713,6388.140111558572
FrnkTEL6yZ5Aycq2TrEgu29dCrwKG4LPUZydfiwqspkc,DjvZuMZ46fxKBoBpGMPcRcos4xdTtHFxwMh69DpA2ZFY,9rvDPJLAng4uVVqnnSoEXgNDFhBZQTny9AoQioYDZbQX,2.363104667000698,1.94139588500002,499.52589778049486,211.3854306819611,0.19981035911219797,173.3415289208207,165.48143912,1448.754320487,286109.6542221132
KZMu9QBEdL97EFgamLbN5DE1AoKBG4HdrKKJo4Vuon3,DD4ACBWyVqdaKWh7v5btsgqQCCMwbKnuL2xd9pv7Gyuw,GcYqiJ1MAuYbNTNYXm1F1gQYTfTgkErACAhNU5dpVj9T,56.6728767300001,56.30478103999985,57.08834802957143,1.0073310430587583,0.02283533921182857,1.0,1288.16297834,1802.47149548,3100.078052080909
C98Sspw7XqnMsgxea3SLQVdbMDL8pKUc3RE82UvX9eq2,CSqgQJurPCzGxb4Cgwx5R61hWQUiaoUHcShNc8r1cKEL,6S2CR5EnukPhC914XkAns8m5GixjMAoUuZMsS5ubHuWc,22.859684000000044,23.463120000000004,0.0,0.0,0.0,1.0,833.325139,211.129552,211.129552
STK75uPSyBnEhGTTzb1nwmP3n427XoXmfRhXxxhyady,6TYyD5fUmDe6N65avW1Ny2RxzRNobw2RRgKwH9CTzSAU,54zDfk4cx2vGrEajPtodWpArNe5eUurytyxd4X3aZAxK,172.34108955499988,196.74839474200667,29873.867959343763,173.3415289208207,2.9873867959343765,198.11089376144832,1872.490191382,309.157898994,385827.86034650897
HEDSDjj84KS7LKhZY7ejkCACTdPen62rKhCby1wXtgxc,EnnjMSFttpCTywBrYNt1J5QQeoSVkvzPipJDa8Y7kJow,6bjVT6JN2rSvpyn9PdfLYC8wJn4LWh49jpY47fnLDXZk,10.76645824299976,12.08926517999771,9.498907590510777,0.8822685581571701,0.0037995630362043114,1.0,43663.363626538,4530.826812499,43053.639683576905
MATgk4zXLXtYkwBH678J1xZbRDZ45LicNzkRBHkxTuY,y8dALFo1bJrSzPYjMX14HJX448pXqYmrfXHD1K8MXih,GN7Yuet3UyiWS5YVkEHv6oQKi4HGBJc3XDPt9zQhAqZz,153.9693380000008,153.903186,154.08721471926103,1.00076558567304,0.06163488588770442,1.0,3828.517233,4270.926852,8102.375142942571
MATSnbbiTCv7Dc3trJrkrqjx7ckKdr6fwPoVwv9q3sD,631WX9JizSHJm4w6VanZeJAst9T8DeUUnPLesdGkCVtK,211maUSfpnXbPuW1iBu8b4dtJv5EbN1j7JJiEX5TZKEP,21665.522177,21675.898427,21644.48373880588,0.9990289438665617,8.657793495522352,0.9994023573902805,22156.907963,23481.16008,45602.519099835044
KEN5P7p3asnb23Sw6yAmJRGvijfAzso3RqfyLAQhznt,9zj4aX38Uxf3h6AUjS4EipWS8mwbEofasHAf3a1uKGds,CwQDG1MWunn9cLNwcZLd8YBacweSR7ARo32w4mLua1Yr,48150.10824199952,48151.10064699978,48105.081885354826,0.9990648752767409,4.810508188535484,1.0,963856.029299,949726.424717,1912681.12841334
Cob4usZcpHEY7Qt4ZCwj6WVg9S44zvzYV2v9qYF65dTf,NhFM9UXE48PyNAyeyPYA3iXztqKVJwA4bTdLj4ysM8w,6TuFuynuBoeskxyR2cz4wxyidk8dpDK7kAWw3UkjQGx,4.218159,672.6111560000063,0.02699032982149142,0.006398604182889128,1.0796131928596568e-05,1.0,38390.206734,75.185675,320.82941239015076
RoBgmK8CvjdHvPrqdDyVw54VwjZv2TqJ493xnqJAQHx,ExiHJxM7qPAcy27NDHAF6G7vnW7muNHi2sVJpnaNynGQ,6rkPHSqZb7StM4HwS9EuVrmfkV7tRdc7dnsFhyB6cefE,16.107314000000564,24.459244000000673,0.0,0.0,0.0,0.9555287370490024,6259.157245,19.074494,18.226227161668778
Sid7E679i9ABqptiAVhkmQ27YHN8vaYT4fppPwmxFsJ,GP7KB8o1bv527HG8kTzzzf4wJ5aEGHvcMQvVhLziUfmT,9gYxhAZ1M9wu5pxr8SBoa5NDm21gi3s9vMHaYTME77sa,332.4652279999864,544.5327960000432,2.1273133985459003,0.006398604182889128,0.0008509253594183602,0.020813042351460854,137495.337719,8239.273637,1051.2625942087025
daob129AwBGn9Y5r91uLoWZeYiGzbPmksauMhFZKTze,6VW5GQNyj4LStgmxEHLr5zUfW92vQnmbw8jTnCH7a38F,4VPCCUifPeBA1c7HWK358CHn2nyjm8pdTRk6Ps3KmnMQ,13.016564259000006,11.608721322999976,2502.1489673316105,192.22806552824082,1.0008595869326442,173.47431938218162,48.114084577,224.660303238,48221.670599305464
WiiQFxXqp8P9Fs1rt9SVcDyA3KUdJmUsog6wnVQAwba,3S2jpqSYxho6wiz3cafhjXruVY8cg4HYa2v3BqBHYFSj,Dfe67M6TfrG74gKRtdqys4e6E9QirPD53BkF4FujFjuv,13.552789036999457,13.551365724999414,13.55444315346969,1.0001220498943588,0.001355444315346969,1.0,12095.869500608,14785.403438747,26882.749238949727
C2ypsDADXcCRz8HbV2zX1AXPSja7a1P3xZtRC91xGhJh,J9bYNuDpY1d1T86gLaw7DGk5D3CsUAf2tzUwxMvb6FTv,A2NGvvPrMGzsJ4jb52KEnSBVmsA7C34dV1GC7PerdgvG,57.689701916000104,58.73629201000017,10018.476172349263,173.66143071664342,4.007390468939706,175.93145147669821,2032.09383345,650.04443293,467259.5830771176
GokA1R67GqSavkd15zR62QD68Tuc5AEfvjssntVDEbM8,3YB7hfpBdbQEuZqLGWVDpRPmeZWCUsrrWyqGXegnQ6Cg,4DPCj6Z1DsG6HUtwSogBGqXEUxdEV5a8YVrrFtcnz7UW,1177.399202000006,1177.366033000002,1177.4839808466268,1.0000720051843732,0.11774839808466268,1.0,16691.700059,15815.766154,32508.66810194025
BkwbeSfcX1h4thMDd7obGkHrPevf3QwgzJ4pCEqG18Lu,35yX27bmurdebhfAb8EPmjLETDiUaEUCn9zHaDPbakH2,2CxECn1ZJFoESyUnQysQU8rRgT3iJ5GRs2Mdd6gZjx5g,0.01861217999999809,0.01585012000000008,40.445434395232496,2173.062714589943,0.016178173758093,1848.4288354898335,1.53562398,21.11939551,42374.70686336674
vEnkoSUkpnbRrPgBz9DfcVxNz67zjwMYBZraAvDDNSf,DtfyjjsZ5yCjWKLKHvwsfXs5QVsmm1QkK6Sh9JZHoq1g,e5wrKCRv4GhHvEf1VD5Pq2KGaZDXP77nTL612Jyrxwy,3522.1773969999995,3522.795185999992,3516.435058549388,0.9983696623413965,0.35164350585493886,0.999398362185964,22910.828012,19414.753181,42276.54815763839
AUSejoEUCh2DBs9mof6BNC8Pubs22w4cJa1ccV9h44R,4xkyD7AfGQDwsQMy9MosRRNGoVJ1zosNinesxg1TzHG7,Cbm5gsQe3nSiCsFrvepVzMCD9xLK3ri9g3ypS2hdmVJ7,2.2956910000011703,2.295387000000119,2.296350052466228,1.0002870823926466,0.0002296350052466228,1.0,14359.788337,14528.596671,28892.507450393685
B2izdXFYb2sNwbWWHmh75T4aQFtfXsUxem9u2p61HGzf,4DYwgJtxwuJdAjkj5RJSNH4e7U329V5cNp7d3a1nLrZv,EXNW64GEf1ACC6xY9BtKRiunrs6GoJSXBdxWN2eTPmrF,2557.3014449999937,2537.1379549999965,2564.6877457076316,1.0028883183568678,0.25646877457076317,1.0,12316.884379,27424.31291,39776.77237225128
MARpDPs5A7XiyCWPNH8GsMWPLxmwNn9SBmKvPa9LzgA,6YjT74rmcfCpw8LSjPNx5JTmZoYLGrTKnf9arfSgZ4SR,F8GSmi3vA8M8TsybLya1LQ4n1aFHCRbZ6k437PeTdXtg,20554.79251399998,21403.840532999773,19752.99854986251,0.9609923591497523,7.901199419945003,1.0,294489.627501,18314.097591,301316.3794683178
AURHmCnNwiW4uA2Qj1XvEh4iKgRUZYXtiY7FKAapUV5Y,BKWm4TRnTeKwfWXRyuzjRHU7iZDkPuXBX5b5V5jSVfGJ,A5Ww74HVrkj9nPeC7pHKLfgeDMEhBCpW1efQdz3TGLEg,0.005226517000210151,0.004648655999972107,1.0151283051209867,194.22653845384409,0.0004060513220483947,173.66143071664342,282.544319282,1795.476502289,366682.623299563
heyk4SZTeCUV6a65WiVA5bzic3KcxgVf1qxobfeV4tQ,9ZDpBKPqMABtGfq66FbVribaArMvtk63xxy91onZAtDt,DaTP4s6N7xxSPinbNZ3FB52EpRDRt87QShTuN3VPCW52,4.846502554999461,4.190845119999722,975.3254866611929,201.24315949345487,0.39013019466447724,173.55136243893813,601.485670207,4499.487342484,901937.0352273501
Dg3mAgpwDfVNnbGWcsxL8sUcSkEbjSJQhKAWNigG44Ju,EATxwd8YA2wV93VJcKMmH2Kn2Y9XfJVUB9hHVu3udwEy,GiGvrRi7NMHfHKanG2B8xyCEqe8jaafWins8bhrLVEaa,0.0012906910000000105,0.0012763759999999957,0.272804670113722,211.3632698405116,0.0001091218680454888,208.7779433618844,0.136826007,0.181507432,66.81474059659782
SAMyS8Jr2HJrkFwYVKbpUwsNStnQmvz3f8Tup8bWUWF,6jPzm5TFfquvgm25sTyN3MMGBfufRaFHMxobDWv6hMFW,Cj9ECoDmxsHTDzCY5ZA6RWrPbg9uFzEC1Qc2kso2vJG6,717.1626766400004,14.500716789999956,722.4202271025827,1.0073310430587583,0.2889680908410331,0.020717397671038328,465.42412262,109713.61797425,2741.8168204044277
