0,1,2,3,4,5,6,7,8,9,10,11
SoNcU2iwHMw6dGzsYNQkYFkUjwN1UdAjrWVRnStrZu2,8ivTTid27jZnYNc4w3CTA1Z6QS2twsFb8WMwUabeDJgc,CyXm53PMvHCbeXJBykU46Rcbo28xk5srhMZFg7gv6EYB,0.9833119539999995,0.9742571229999957,185.1431540418256,188.28526724269406,0.07405726161673024,187.24877066500838,11.759201775,15.227715347,5065.455427529068
BUSDgu5JdqP1rndBvXvanbEufS94FNh1w5FJcAj6vawb,Bgzr8cWubt89JQFXndVjtdKmDbGzuPxNhvjH1EhWCwbo,Dxaf8xPBBQsasRKW5Aa4Sw2YrbfGofY9xZueyyF23FBW,13516.739892699994,13517.39552826999,13526.271315044854,1.0007051568958583,5.410508526017941,0.9449814416984627,7407.43594154,7880.42794044,14859.517502432644
4xeRVccqvUgiV6VeF6NkWqkAYeewcJPRWFVginvJw1n4,A7VkMFrnCCyeZFUrQ3TzDr4xFep7PZtxvy3jJnBjLB2a,PhfHJ2Yu99BsEjZrefhApqUnLUiExcECcUT1YLoNUUv,28.655662690000018,93.4446433429996,3.726786461041039,0.1300541013955185,0.0014907145844164156,0.9899987602740525,1378.059233182,12.988373452,192.08072885673872
BSCuChvaSj9b5HUSqgDVRzcnr2sSn7cXaamt1jbKH6hn,GnKpRj5kBVPMJfiwZtEuD9GYApLzPdW5JFuZTcyX4BTc,3dmwD9okkomV9nDwyuh4UMhKdUR13QpuKxRo89ycZB5t,82.966379125,82.84758746699981,80.21399929551885,0.9668253591574205,0.032085599718207534,0.964255994538454,1262.090788785,1748.704484759,2906.420162261474
STK75uPSyBnEhGTTzb1nwmP3n427XoXmfRhXxxhyady,6TYyD5fUmDe6N65avW1Ny2RxzRNobw2RRgKwH9CTzSAU,54zDfk4cx2vGrEajPtodWpArNe5eUurytyxd4X3aZAxK,150.32990145899896,171.55848127100035,22738.141303430275,151.2549471711846,2.2738141303430277,175.01849070354282,1925.274876412,317.946718027,346853.90443493647
SUiuyGR7SFq3xeRVJonq84fjjeFwRSsFekcevJ53tzy,49GjCCPsv7fBqo6t3iKDrP1xxGDS8uWZbVCdfnp2gjMf,CEwj5xEbbJEjYqM8D6Ai8ByGz1mrh8mkAVsE5fzDSSSx,3.7872919999999795,0.021682999999999897,0.02113420833221693,0.005580295454434737,8.453683332886772e-06,0.8933381097144266,699.167695,1.282932,5.047654358068261
HEDSDjj84KS7LKhZY7ejkCACTdPen62rKhCby1wXtgxc,EnnjMSFttpCTywBrYNt1J5QQeoSVkvzPipJDa8Y7kJow,6bjVT6JN2rSvpyn9PdfLYC8wJn4LWh49jpY47fnLDXZk,14.756172459996378,16.309261940006763,12.12780709725325,0.8218802762119674,0.004851122838901299,0.9899987602740525,43677.163705206,4518.630130408,40370.837597430924
SoN9GaFpSXfpyR5dth3x7PHPVhvJMpQqqDJfCSmPv1t,9kZ9iS68ViMPtoeqtnhAKuF2iqVyfHPdZHoUNdwCELr,BBhm5fJLjw3HRzjtKB8uMEYjGhY6EDm9co3cqpjrSzB9,0.021550482000000093,0.0214966179999998,4.022609358862692,186.65983242800203,0.0016090437435450767,174.8512190976698,1.877329762,3.220001065,913.4431704980659
Lid8SLUxQ9RmF7XMqUA8c24RitTwzja8VSKngJxRcUa,4PgzyzLtds9bKZ2to9PMnKqJzKEUpjvNUaeN23phegax,AtymwxoVN9peZo7EXTcDz9jKVc4vRmisJKKrNfe3ewBa,353.6134736500054,300.0628020640012,64275.43184319235,181.76748521412392,6.427543184319236,151.2549471711846,954.734680203,7633.178918636,1328095.7959536985
Cob4usZcpHEY7Qt4ZCwj6WVg9S44zvzYV2v9qYF65dTf,NhFM9UXE48PyNAyeyPYA3iXztqKVJwA4bTdLj4ysM8w,6TuFuynuBoeskxyR2cz4wxyidk8dpDK7kAWw3UkjQGx,180.745139000002,362.67882900000404,1.008611277572886,0.005580295454434737,0.0004034445110291544,1.0,39194.714348,70.38339,289.10147631401236
BUSDTd9WiT6uBHJRgNvFXBsA7JrifsAtWzKfioN7ERcy,DyBxrn7gSc1EwnpWhDyhzvMHPtxpmBqRqotapLcKcfTM,Cds99GeBgoCpqBsoRWu1C6fF9LiUMd4pXQQD24s9LPff,304.3910564000001,305.32112869,292.70395249548375,0.9616049694667824,0.029270395249548373,0.964255994538454,112.34965635,74.20832219,179.59180738039373
DEDaBEWzMCXohXYXoLzB4jK1xqMsd3SS9izXp2xvg9pe,,,8507174.231039254,14327794.759830816,0.0,0.0,0.0,0.964255994538454,112.34965635,74.20832219,71.55581951634848
MATgk4zXLXtYkwBH678J1xZbRDZ45LicNzkRBHkxTuY,y8dALFo1bJrSzPYjMX14HJX448pXqYmrfXHD1K8MXih,GN7Yuet3UyiWS5YVkEHv6oQKi4HGBJc3XDPt9zQhAqZz,2709.482851,2709.985298000001,2709.298618693929,0.9999320046236856,1.0837194474775715,1.0,4331.881196,3764.824374,8096.411022107929
vEnkoSUkpnbRrPgBz9DfcVxNz67zjwMYBZraAvDDNSf,DtfyjjsZ5yCjWKLKHvwsfXs5QVsmm1QkK6Sh9JZHoq1g,e5wrKCRv4GhHvEf1VD5Pq2KGaZDXP77nTL612Jyrxwy,5280.19384,5281.637147000009,5091.448743625075,0.9642541349627942,0.5091448743625075,0.964255994538454,22221.290351,20101.424736,40809.890405612154
ALLwa5WNZbvQsRKAqe1jdRGemdYQnW8E5k4msbRFcYtu,CGoM82Hbz7QVqTgvQatYtjvDWBvoUJp5qm21P8iMs9yb,3dxNNww8TivyN5FMy5dCNdi3Zcxv6e4kUfSPxfFwpdNq,1.7174756280000016,1.7140554870000009,5858.692232645409,3411.2229234180454,2.3434768930581638,3484.381260997578,2.467338845,6.309729697,30402.146746090526
MARpDPs5A7XiyCWPNH8GsMWPLxmwNn9SBmKvPa9LzgA,6YjT74rmcfCpw8LSjPNx5JTmZoYLGrTKnf9arfSgZ4SR,F8GSmi3vA8M8TsybLya1LQ4n1aFHCRbZ6k437PeTdXtg,23626.852810999946,24559.026478999236,21106.76802867968,0.8933381097144266,8.442707211471872,1.0,294175.378704,18571.76665,281369.84338595695
AURHmCnNwiW4uA2Qj1XvEh4iKgRUZYXtiY7FKAapUV5Y,BKWm4TRnTeKwfWXRyuzjRHU7iZDkPuXBX5b5V5jSVfGJ,A5Ww74HVrkj9nPeC7pHKLfgeDMEhBCpW1efQdz3TGLEg,0.024391631000071357,0.021514266999986376,4.066008458544299,166.69686658232916,0.0016264033834177197,156.33544709280164,272.509476749,1806.804881309,327894.12481694727
YakoMPuYrybnr9R7VC7hVGxMz94fJvPFCdZ4gmW61Ed,,,0.050370999999999944,0.05031799999999986,0.0,0.0,0.0,156.33544709280164,272.509476749,1806.804881309,282467.6489288989
BSCNHw8CmxbZ8hCWWzMf5FaG2ajPT6JxfznKUNuRVrn4,7n9kgNL633yGzCYksgnzHyjG73ZLBAwvEae5sbAekbzW,SscdxE99omdG9AiMVwmaEMQySQnCgeAh1sPj2Leutm2,31.597057313999358,31.605418765999275,31.583841844975375,0.9995817500062537,0.01263353673799015,0.9999792634300142,6002.006522493,5713.070556894,11712.448270709066
ionytDfEj1mXodptgrsKEZro7DGsfpzANUfarJdm6Qb,3gkSjY95an9xNFSjCfsay6JZez7uv7yfW3Ad4ubc4fMK,9wXqANaSuEqkKL9yHzCPEDGHwbkStVAqV5rB3QDs3Jr6,0.00016686400000000268,0.0006168679999998261,0.15730949330512906,942.7407547771031,6.292379732205162e-05,3472.583949716984,3.149535812,0.084940609,3264.1591640949823
KysFMBBoavfov2tLpvefWW6tPFt6rAeZWDJVy1mMQae,B8ka2V21TH3x64dFV8ETcjuQcwmrciJ2qzy1mJUttRew,7fSf7EYxBANyxzk2s5pymFgshA91tFYQNKKs5UnLWcYS,35.904909999999745,44.01504399999976,0.0,0.0,0.0,0.017810640546863606,130563.113825,3097.01771,55.15986920008067
SRMuKizofcAMicegrfSv7xs9q76tH1w8aAF7oX9FEWu,72Hj2KWntXPfbie4UgKeTPnm1XVkomDfCnRPKbvfTtPi,6aqJQ5wedqpUt4fFEDUqUmXhrdxCu4bEJsQdVPCADLko,0.5313799999994444,0.07541000000037457,0.01752690253209102,0.03298374521455333,7.01076101283641e-06,0.03272944560541243,16653.778411,5255.739939,721.3214384177469
parEAJhzYzHW87y9VoZAQ22dzQ2MD2ekEtTReaxbMcz,3oyc6hpjYSJEquK6dSvG72NXyz3pqLZz5D8AC71pwgQb,Di2vordgFJVZ1aj1aBpvzXtLfZgJsuLLXawGtVFwX6Rz,0.12751377499998284,0.15193473799990898,19.549225918949364,153.31069854180063,0.007819690367579747,182.68924413421377,1107.122309102,136.120131361,194601.3784894299
KEN5P7p3asnb23Sw6yAmJRGvijfAzso3RqfyLAQhznt,9zj4aX38Uxf3h6AUjS4EipWS8mwbEofasHAf3a1uKGds,CwQDG1MWunn9cLNwcZLd8YBacweSR7ARo32w4mLua1Yr,73058.39692700037,73057.2286839995,72290.45541908345,0.9894886619441671,7.229045541908345,1.0,944224.355354,964527.932577,1898827.226531323
ercAoEmXjQzEvAFbdjAo81KtMxRGn9AW1ju882upmPH,CMRhskR2Eg6V42RTSdRTXGdozyPbWB8U9dVpijPWb9T4,7TKLLgrWswt6ZJ1pXhVR3FyufHGjJFqiEXxvWJfDcgRm,0.015224272000004646,0.01718511199999284,2.3800933697831477,156.33544709280164,0.0009520373479132592,138.965570862922,49.288133001,411.395775237,64875.33106548486
7dwD9TF6uikvHXxPFK9AsSim54yJoujQjY9vU6gNFumk,CquVr6atkvwueDYficKjn6SSEWq4F4rH4VSiBbW4GBWU,8BCa6ge3b7ho3TfZuM64Vk1hgbrJ3J7EPiAb9uP86CGd,0.00015946899999999976,0.00015610199999999998,0.02963741470617475,185.8506337041983,1.18549658824699e-05,188.4464960823858,0.004625342,0.002899561,1.4060348524257826
JSoLLrxK5bYdHwTEWYaGgmeycBCNXKDiBCTw5hXGBg7,xG4wXczA7Dk4hccJ61CHKpDHW4NrNfQwgmWgkb9BuF2,BVR6WgfhsRr9Lob4QDnkEAiNGgAbv7ZieKcY9kSg3QYR,0.8225986039999782,0.6915912450000121,153.4514517285569,186.54475096648835,0.06138058069142277,156.33544709280164,17.119121222,172.167596085,30109.38031396448
NorjjEePhxfwLF4vZjUHCrVVKLzQjEEGQFd3wgjEJmh,34M8pFVqgbV7aqHxvRT5tCv3vu2P1JJYT8J3VaxBK2oG,3AZWBSze3ucsY3xSeuLne3b2pauVqiaJ1SZSV5T9WGWw,0.00024200000007112976,0.00043300000106683,0.0001355616228805219,0.5601719952094091,5.4224649152208765e-08,1.0,38285.766938,2103.390434,23550.004887781888
YAkoNb6HKmSxQN9L8hiBE5tPJRsniSSMzND1boHmZxe,CfWX7o2TswwbxusJ4hCaPobu2jLCb1hfXuXJQjVq3jQF,EnTrdMMpdhugeH6Ban6gYZWXughWxKtVGfCwFn78ZmY3,3446657.059342006,3448593.6278520054,3446657.059342006,1.0,344.6657059342006,0.9872389493408206,2857064.401866,662436.274579,3511047.293586619
C2ypsDADXcCRz8HbV2zX1AXPSja7a1P3xZtRC91xGhJh,J9bYNuDpY1d1T86gLaw7DGk5D3CsUAf2tzUwxMvb6FTv,A2NGvvPrMGzsJ4jb52KEnSBVmsA7C34dV1GC7PerdgvG,4.81208758799994,4.895938629000284,752.2998645196922,156.33544709280164,0.30091994580787684,157.7995172912766,2849.902976623,937.313218589,593448.42946554
B2izdXFYb2sNwbWWHmh75T4aQFtfXsUxem9u2p61HGzf,4DYwgJtxwuJdAjkj5RJSNH4e7U329V5cNp7d3a1nLrZv,EXNW64GEf1ACC6xY9BtKRiunrs6GoJSXBdxWN2eTPmrF,3158.49741500002,3127.8128669999896,3120.739586740052,0.9880456358518287,0.3120739586740052,1.0,10705.496509,29048.194034,39625.713139344436
SAMyS8Jr2HJrkFwYVKbpUwsNStnQmvz3f8Tup8bWUWF,6jPzm5TFfquvgm25sTyN3MMGBfufRaFHMxobDWv6hMFW,Cj9ECoDmxsHTDzCY5ZA6RWrPbg9uFzEC1Qc2kso2vJG6,1090.5925463199965,18.39288302,1096.763342688398,1.0056582051557421,0.4387053370753593,0.01762371803977902,422.13719893,111995.65707435,2398.3056197635433
AUSejoEUCh2DBs9mof6BNC8Pubs22w4cJa1ccV9h44R,4xkyD7AfGQDwsQMy9MosRRNGoVJ1zosNinesxg1TzHG7,Cbm5gsQe3nSiCsFrvepVzMCD9xLK3ri9g3ypS2hdmVJ7,846.1942149999995,845.3989089999995,846.4854059796565,1.0003441183767217,0.08464854059796566,1.0,14354.572113,14533.746741,28893.258526054058
RajgMbScQbqqrdJfR2rxfHJiTiY5b6bJ2tTXiF4aPxy,725ZA3fhyBAKb5iopNRrcbSuQa3LXA1656Q3mBvYPxeg,GLA6i1dSZpUfk2f9Nj8uiG7xyDdAR2reff8oEiZH3617,1207.4600164500152,1210.9023396300108,1204.3937624142225,0.9974605750964677,0.48175750496568903,0.9449814416984627,140536.68060826,43828.87263438,181597.26951171833
MiMuMS9C4vBqcrYeeQPph1E7oAW9aNKvW9k6Zw9XffM,Afy2q2hh6Y474pshJa5fnQ6PfEchGyTbKrQpCZw2hr3m,5pXz9ksgjeL8Wgb37bksUaBFMLdFfsNNY3FQnikkCPtS,1.669368528000632,0.025174498999998463,0.0,0.0,0.0,0.017838441481055158,25.929638277,7678.910054972,136.97978765390405
moFiBS1R4Lf3E3zzmBPnw3NF4RhWPkhREFviuzUaCAU,44ALBrpqi9PfZkBRTvbtRNtFJGsatfY4QydjtMbFWq8S,2ho8qEEie1UjVwWNBo9y4oAJZMyMLx8zPj9bxyUz6uWs,1893.9630668480022,1896.5206373269903,1892.3036036335814,0.999123814374489,0.7569214414534325,0.9999792634300142,36167.672520188,28273.154811403,64408.55144856716
KEVpg4SYCVrqFxKijQH6hm4QxsRdoE51ud64bEEFUC9,2bPenuBYfqzD8p5dFjCcggwkHDsc2RQDnx9AoyYGUBjA,AE6n6iLuX8oYu61vt5hoDYkjswpnxFxrhSehxrnQTnbx,291.66380665499946,291.73289995199957,291.38014720755245,0.9990274437863916,0.116552058883021,0.9999792634300142,4704.001099962,2857.043163029,7556.410112216909
MAR3XM1n9xWPQ3HJjAcC85o8DopWFP5p2WxGTaZ3fPB,6qG7GUhER8Cg9gDEgnebph9LdS6eu2eoWcA4R7z9uizK,4QV4CwRXVMY227KkFF9voNAfwWHVvVajXSXDKbUHkWZR,0.20611900000000105,0.0035580000000000056,0.19441153722812346,0.943200467827432,7.776461489124939e-05,0.017607962207819416,0.095781,25.078166,0.5319160831784011
SEQV6QiTpvTzrceiaYg9Avnwf7oc8ZALpnQMz6TyT4A,3dFMPj4r9mMmPHF32mz1gNDX7f8ftidWof7S8YiYTs1j,Fc1ED3YPeQfXQosHbd8DTaBd2AV5gHQtwiSAL5C5pUhi,75.90855302499995,75.89327253400006,75.83335341092348,0.9990093393816675,0.030333341364369392,0.9967406580481823,1227.499912529,4344.788286134,5556.911012107888
Sid7E679i9ABqptiAVhkmQ27YHN8vaYT4fppPwmxFsJ,GP7KB8o1bv527HG8kTzzzf4wJ5aEGHvcMQvVhLziUfmT,9gYxhAZ1M9wu5pxr8SBoa5NDm21gi3s9vMHaYTME77sa,407.65587400000004,1271.544544000033,2.3052656343376157,0.005654930497426404,0.0009221062537350462,0.017607962207819416,136671.304294,8493.685697,922.4232235330571
FrnkTEL6yZ5Aycq2TrEgu29dCrwKG4LPUZydfiwqspkc,DjvZuMZ46fxKBoBpGMPcRcos4xdTtHFxwMh69DpA2ZFY,9rvDPJLAng4uVVqnnSoEXgNDFhBZQTny9AoQioYDZbQX,33.69748141499986,27.684306037,6479.55718338553,192.28609709986415,2.591822873354212,155.46627990801994,165.390537506,1448.848005621,257049.31054032827
WiiQFxXqp8P9Fs1rt9SVcDyA3KUdJmUsog6wnVQAwba,3S2jpqSYxho6wiz3cafhjXruVY8cg4HYa2v3BqBHYFSj,Dfe67M6TfrG74gKRtdqys4e6E9QirPD53BkF4FujFjuv,12529.916408406001,12521.031220306004,12530.34081104927,1.0000338711472156,1.253034081104927,0.9999792634300142,13631.763309038,13248.509088778,26880.459392641926
wrmcMSHFi3sWpAEy4rGDvQb3ezh3PhXoV2xNjgLBkKU,8p4mGnARWPBu6P2Gcw4adodLkNDorrXniZMhaY7eJXUn,AyY89zccbsgp9LKFgH4CFZMJmpSgqmPSdTfukhP227rc,0.007423060000000009,0.06096635000000461,3.162786536003412,426.0758414997869,0.001265114614401365,3399.1638057037967,26.98461835,0.10695977,11861.067749877246
BSC8REUo9LpiiWUuqMuLXs2D2yJsJfGd4HdiF3wCLxk5,AZjEH1zWVx1UJ6udMyRijGTzPteuLnaY18yNNmprJEsh,Caf8ypkSVR8xYnXNhjvfvdGCC7mrM3C11rz8Xi6NA6aK,256.61559897999996,256.51411734700014,256.52649321994755,0.9996527656136004,0.10261059728797904,0.9999792634300142,3176.423184593,3065.921114831,6241.177759380784
heyk4SZTeCUV6a65WiVA5bzic3KcxgVf1qxobfeV4tQ,9ZDpBKPqMABtGfq66FbVribaArMvtk63xxy91onZAtDt,DaTP4s6N7xxSPinbNZ3FB52EpRDRt87QShTuN3VPCW52,0.9833725380012766,0.8441901209999969,168.8813057910829,171.73685380144678,0.06755252231643316,155.46627990801994,601.954586646,4498.936262109,802810.6710553132
Lee1XZJfJ9Hm2K1qTyeCz1LXNc1YBZaKZszvNY4KCDw,9DgFSWkPDGijNKcLGbr3p5xoJbHsPgXUTr6QvGBJ5vGN,2hNHZg7XBhuhHVZ3JDEi4buq2fPQwuWBdQ9xkH7t1GQX,427.4172785130868,355.56777744898955,79890.03480572904,186.91344225402656,7.989003480572904,155.46627990801994,6447.881143201,54172.404150807,9627177.80672027
C98Sspw7XqnMsgxea3SLQVdbMDL8pKUc3RE82UvX9eq2,CSqgQJurPCzGxb4Cgwx5R61hWQUiaoUHcShNc8r1cKEL,6S2CR5EnukPhC914XkAns8m5GixjMAoUuZMsS5ubHuWc,42.60656,43.923679000000135,0.0,0.0,0.0,1.0,840.008463,204.586346,204.586346
GokA1R67GqSavkd15zR62QD68Tuc5AEfvjssntVDEbM8,3YB7hfpBdbQEuZqLGWVDpRPmeZWCUsrrWyqGXegnQ6Cg,4DPCj6Z1DsG6HUtwSogBGqXEUxdEV5a8YVrrFtcnz7UW,4898.101889000001,4898.126457000002,4898.170463386488,1.0000140001960027,0.4898170463386489,1.0,15117.882227,17387.530744,32505.624624314325
daob129AwBGn9Y5r91uLoWZeYiGzbPmksauMhFZKTze,6VW5GQNyj4LStgmxEHLr5zUfW92vQnmbw8jTnCH7a38F,4VPCCUifPeBA1c7HWK358CHn2nyjm8pdTRk6Ps3KmnMQ,8.981328824999977,8.05240513299998,1485.8917952691072,165.44231084525634,0.5943567181076429,155.46627990801994,47.562522704,225.252205657,42887.97612034976
KZMu9QBEdL97EFgamLbN5DE1AoKBG4HdrKKJo4Vuon3,DD4ACBWyVqdaKWh7v5btsgqQCCMwbKnuL2xd9pv7Gyuw,GcYqiJ1MAuYbNTNYXm1F1gQYTfTgkErACAhNU5dpVj9T,18.474715739999965,18.4289395400001,18.579249471850904,1.0056582051557421,0.007431699788740362,0.9449814416984627,1345.68725563,1744.52530439,3001.8454674197337
MATSnbbiTCv7Dc3trJrkrqjx7ckKdr6fwPoVwv9q3sD,631WX9JizSHJm4w6VanZeJAst9T8DeUUnPLesdGkCVtK,211maUSfpnXbPuW1iBu8b4dtJv5EbN1j7JJiEX5TZKEP,46.14393999999811,46.13482700000168,45.88920900083448,0.9944796434989374,0.01835568360033379,0.996755560650084,24806.800297,20813.644517,45415.973825423775
MiMUFdSLMyCLpqpH6zkqdDrGYs7XBomwENbivdYjv9V,,,0.02517449899999999,0.02786500000000003,0.0,0.0,0.0,0.996755560650084,24806.800297,20813.644517,20746.11590971388
KwnjUuZhTMTSGAaavkLEmSyfobY16JNH4poL9oeeEvE,J63v6qEZmQpDqCD8bd4PXu2Pq5ZbyXrFcSa3Xt1HdAPQ,BnKQtTdLw9qPCDgZkWX3sURkBAoKCUYL1yahh6Mw7mRK,67.9192090000007,3936.3829670000123,1.136261983441678,0.01672961155130158,0.0001136261983441678,1.0,280133.318952,526.889777,5213.411385643829
RoBgmK8CvjdHvPrqdDyVw54VwjZv2TqJ493xnqJAQHx,ExiHJxM7qPAcy27NDHAF6G7vnW7muNHi2sVJpnaNynGQ,6rkPHSqZb7StM4HwS9EuVrmfkV7tRdc7dnsFhyB6cefE,12.589307000000769,32.057744999999905,0.0,0.0,0.0,0.896341671103558,6367.399761,17.336279,15.53922928957752
