0,1,2,3,4,5,6,7,8,9,10,11
SUiuyGR7SFq3xeRVJonq84fjjeFwRSsFekcevJ53tzy,49GjCCPsv7fBqo6t3iKDrP1xxGDS8uWZbVCdfnp2gjMf,CEwj5xEbbJEjYqM8D6Ai8ByGz1mrh8mkAVsE5fzDSSSx,0.04761599999999966,7.424551000000065,0.00029867388756286555,0.006272553082217484,1.1946955502514624e-07,0.9455236546380299,682.811737,1.383668,5.591263689659318
MATSnbbiTCv7Dc3trJrkrqjx7ckKdr6fwPoVwv9q3sD,631WX9JizSHJm4w6VanZeJAst9T8DeUUnPLesdGkCVtK,211maUSfpnXbPuW1iBu8b4dtJv5EbN1j7JJiEX5TZKEP,28260.087033999996,28250.886040000012,28260.058773941226,0.9999990000010001,11.30402350957649,0.9995322189215448,25034.735138,20600.15831,45625.232049019294
JSoLLrxK5bYdHwTEWYaGgmeycBCNXKDiBCTw5hXGBg7,xG4wXczA7Dk4hccJ61CHKpDHW4NrNfQwgmWgkb9BuF2,BVR6WgfhsRr9Lob4QDnkEAiNGgAbv7ZieKcY9kSg3QYR,3.8767411619999983,3.263596962000012,778.9324120005792,200.92453415144448,0.31157296480023167,169.27794829709768,17.134233912,172.153217121,32584.43135379815
KZMu9QBEdL97EFgamLbN5DE1AoKBG4HdrKKJo4Vuon3,DD4ACBWyVqdaKWh7v5btsgqQCCMwbKnuL2xd9pv7Gyuw,GcYqiJ1MAuYbNTNYXm1F1gQYTfTgkErACAhNU5dpVj9T,14.592537360000279,14.501152709999815,14.690871738341894,1.0067386757981625,0.005876348695336758,0.981566206277434,1307.39196348,1783.09247337,3066.4253685906524
NorjjEePhxfwLF4vZjUHCrVVKLzQjEEGQFd3wgjEJmh,34M8pFVqgbV7aqHxvRT5tCv3vu2P1JJYT8J3VaxBK2oG,3AZWBSze3ucsY3xSeuLne3b2pauVqiaJ1SZSV5T9WGWw,0.00036599999975805986,0.0006560000038007274,0.00020472409219859125,0.5593554435353054,8.188963687943651e-08,1.0,38292.219549,2099.782117,23518.74356678219
parEAJhzYzHW87y9VoZAQ22dzQ2MD2ekEtTReaxbMcz,3oyc6hpjYSJEquK6dSvG72NXyz3pqLZz5D8AC71pwgQb,Di2vordgFJVZ1aj1aBpvzXtLfZgJsuLLXawGtVFwX6Rz,0.2522941809999679,0.298047234000137,41.36096297361984,163.93942503820608,0.016544385189447935,195.20925260623872,1106.738763249,136.44259532,208072.973570609
moFiBS1R4Lf3E3zzmBPnw3NF4RhWPkhREFviuzUaCAU,44ALBrpqi9PfZkBRTvbtRNtFJGsatfY4QydjtMbFWq8S,2ho8qEEie1UjVwWNBo9y4oAJZMyMLx8zPj9bxyUz6uWs,0.5944251979999535,0.5952610760068637,0.5940653601359467,0.9993946456758267,0.00023762614405437867,0.9999994420003114,35412.149412641,29028.127116205,64418.823433384896
ALLwa5WNZbvQsRKAqe1jdRGemdYQnW8E5k4msbRFcYtu,CGoM82Hbz7QVqTgvQatYtjvDWBvoUJp5qm21P8iMs9yb,3dxNNww8TivyN5FMy5dCNdi3Zcxv6e4kUfSPxfFwpdNq,0.5545548559999993,0.5545952370000005,1938.935198069995,3496.3812454109993,0.775574079227998,3500.71414568572,2.212997616,6.565028903,30719.772908289357
C2ypsDADXcCRz8HbV2zX1AXPSja7a1P3xZtRC91xGhJh,J9bYNuDpY1d1T86gLaw7DGk5D3CsUAf2tzUwxMvb6FTv,A2NGvvPrMGzsJ4jb52KEnSBVmsA7C34dV1GC7PerdgvG,8.322712569999794,8.477775865999774,1406.0512416352508,168.94146347232146,0.5624204966541003,171.93016540541564,1891.595869559,611.07682646,424631.5143501802
AURHmCnNwiW4uA2Qj1XvEh4iKgRUZYXtiY7FKAapUV5Y,BKWm4TRnTeKwfWXRyuzjRHU7iZDkPuXBX5b5V5jSVfGJ,A5Ww74HVrkj9nPeC7pHKLfgeDMEhBCpW1efQdz3TGLEg,0.014216708000219569,0.012673084000027757,2.7004669166955364,189.9502273419296,0.0010801867666782147,168.88511336835447,282.542721996,1795.478298061,356898.6101953999
CZgvH45CRmoaNJ7395Ao5CQZXkGznvqU7cErD6n7FaRg,4ZjU6MKvtqVQKCiowhvZ5yUsPxXX5SCzd5eFsPeXyey5,BsyWeshjDbCvjDojry3vKDCesmFRM37WtwcR4Kfgzqr,2.2317873599999984,1.9197154100000091,2.592621045989462,1.161679240798937,0.0010370484183957849,0.9808291354745429,97.64638729,716.25648107,815.9590061597326
Sid7E679i9ABqptiAVhkmQ27YHN8vaYT4fppPwmxFsJ,GP7KB8o1bv527HG8kTzzzf4wJ5aEGHvcMQvVhLziUfmT,9gYxhAZ1M9wu5pxr8SBoa5NDm21gi3s9vMHaYTME77sa,470.4848360000087,1054.8258629999564,2.951141108188442,0.006272553082217484,0.001180456443275377,0.0197772508019428,137489.96986,8240.864938,1025.394786923095
C98Sspw7XqnMsgxea3SLQVdbMDL8pKUc3RE82UvX9eq2,CSqgQJurPCzGxb4Cgwx5R61hWQUiaoUHcShNc8r1cKEL,6S2CR5EnukPhC914XkAns8m5GixjMAoUuZMsS5ubHuWc,45.91354200000012,47.16768900000008,0.0,0.0,0.0,1.0,821.090101,223.043187,223.043187
iLiUBQ7Z7im6Ew3b4ewwPcehzWgEQRJ1iQz7g6D62NW,GpugBvKWM3TVhYcZjemSdtehBWgfvuGr6uAm9iPjXT6v,92fMXJ3xy8tEyMUWLHKRLyhPw2nECBo77GtDiBBbYrjX,70.32896181999985,89.94671149200036,52.80352796802581,0.7508077270239154,0.021121411187210327,0.9999994420003114,2650.07886386,340.268093975,2329.9675923143564
WiiQFxXqp8P9Fs1rt9SVcDyA3KUdJmUsog6wnVQAwba,3S2jpqSYxho6wiz3cafhjXruVY8cg4HYa2v3BqBHYFSj,Dfe67M6TfrG74gKRtdqys4e6E9QirPD53BkF4FujFjuv,4493.322111290996,4492.651030283998,4493.795469730595,1.0001053470968417,0.44937954697305954,0.9999994420003114,12083.048134883,14798.226150372,26882.538941891427
KEnkcdADoLR5jS2CLLLesy8TtFsyWL37BhXNfDMzWzP,3qsjFRuw1qeLMPo4DLwaQevenGAGBj9dA3Q6rb8ax2YR,77iEv8zPQAEyCcEbvBRSB6AFcUdfkhiqnAKtPxk76rNN,0.01671900000000001,2.722694000000004,0.00010487081498159419,0.006272553082217484,4.194832599263768e-08,0.9984145177458197,126.347901,0.246589,1.0387219533656835
RoBgmK8CvjdHvPrqdDyVw54VwjZv2TqJ493xnqJAQHx,ExiHJxM7qPAcy27NDHAF6G7vnW7muNHi2sVJpnaNynGQ,6rkPHSqZb7StM4HwS9EuVrmfkV7tRdc7dnsFhyB6cefE,2.936656999999684,102.84564600000255,0.0,0.0,0.0,0.9455236546380299,6266.799294,18.942322,17.910413524770355
BUSDTd9WiT6uBHJRgNvFXBsA7JrifsAtWzKfioN7ERcy,DyBxrn7gSc1EwnpWhDyhzvMHPtxpmBqRqotapLcKcfTM,Cds99GeBgoCpqBsoRWu1C6fF9LiUMd4pXQQD24s9LPff,129.00273550000003,129.63649872000002,128.91094188561152,0.9992884366828911,0.012891094188561155,0.9998140345895663,103.55915371,83.07348915,186.54350516956322
SoNcU2iwHMw6dGzsYNQkYFkUjwN1UdAjrWVRnStrZu2,8ivTTid27jZnYNc4w3CTA1Z6QS2twsFb8WMwUabeDJgc,CyXm53PMvHCbeXJBykU46Rcbo28xk5srhMZFg7gv6EYB,5.672321574000005,5.6213519929999975,1152.4876074986291,203.17741024790286,0.46099504299945165,199.9652460402382,11.760121157,15.23275467,5435.412496337969
AUSejoEUCh2DBs9mof6BNC8Pubs22w4cJa1ccV9h44R,4xkyD7AfGQDwsQMy9MosRRNGoVJ1zosNinesxg1TzHG7,Cbm5gsQe3nSiCsFrvepVzMCD9xLK3ri9g3ypS2hdmVJ7,95.75908199999867,95.73366600000008,95.78551880318835,1.0002760761970304,0.009578551880318835,1.0,14357.49295,14530.892362,28892.349074052527
STK75uPSyBnEhGTTzb1nwmP3n427XoXmfRhXxxhyady,6TYyD5fUmDe6N65avW1Ny2RxzRNobw2RRgKwH9CTzSAU,54zDfk4cx2vGrEajPtodWpArNe5eUurytyxd4X3aZAxK,191.8942854359982,219.07760445800494,32430.01236669722,168.9993649003867,3.243001236669722,192.929295657586,1885.010792054,311.605060584,378683.3715493114
BUSDgu5JdqP1rndBvXvanbEufS94FNh1w5FJcAj6vawb,Bgzr8cWubt89JQFXndVjtdKmDbGzuPxNhvjH1EhWCwbo,Dxaf8xPBBQsasRKW5Aa4Sw2YrbfGofY9xZueyyF23FBW,2612.4919483900003,2612.315157789999,2612.586550148981,1.0000362113112116,1.0450346200595926,0.9808291354745429,7385.52053385,7913.23037982,15147.31488548225
FrnkTEL6yZ5Aycq2TrEgu29dCrwKG4LPUZydfiwqspkc,DjvZuMZ46fxKBoBpGMPcRcos4xdTtHFxwMh69DpA2ZFY,9rvDPJLAng4uVVqnnSoEXgNDFhBZQTny9AoQioYDZbQX,7.415193697000973,6.101174017999909,1516.6079463273834,204.52708429461063,0.6066431785309534,167.46124235141707,165.597579984,1448.612178241,276455.5852540014
wrmcMSHFi3sWpAEy4rGDvQb3ezh3PhXoV2xNjgLBkKU,8p4mGnARWPBu6P2Gcw4adodLkNDorrXniZMhaY7eJXUn,AyY89zccbsgp9LKFgH4CFZMJmpSgqmPSdTfukhP227rc,0.01662324000000011,0.0594680900000014,7.8190216368768155,470.3668861712136,0.0031276086547507263,3477.8979584738986,26.93891173,0.11284259,13063.627040671188
Lid8SLUxQ9RmF7XMqUA8c24RitTwzja8VSKngJxRcUa,4PgzyzLtds9bKZ2to9PMnKqJzKEUpjvNUaeN23phegax,AtymwxoVN9peZo7EXTcDz9jKVc4vRmisJKKrNfe3ewBa,33.11933944200268,27.987627106999867,6589.847143537311,198.97278310991675,0.6589847143537311,167.46124235141707,959.303428219,7627.778200157,1468232.4867389658
SRMuKizofcAMicegrfSv7xs9q76tH1w8aAF7oX9FEWu,72Hj2KWntXPfbie4UgKeTPnm1XVkomDfCnRPKbvfTtPi,6aqJQ5wedqpUt4fFEDUqUmXhrdxCu4bEJsQdVPCADLko,0.12903799999912735,0.02610599999934493,0.004154407797089427,0.032195227740026366,1.661763118835771e-06,0.03210540332332661,16653.778411,5255.842935,704.9131459063111
KwnjUuZhTMTSGAaavkLEmSyfobY16JNH4poL9oeeEvE,J63v6qEZmQpDqCD8bd4PXu2Pq5ZbyXrFcSa3Xt1HdAPQ,BnKQtTdLw9qPCDgZkWX3sURkBAoKCUYL1yahh6Mw7mRK,161.99259400000028,7964.4147229997325,3.312847696193566,0.020450612058188045,0.00033128476961935663,1.0,277866.884613,570.312082,6252.8599430377635
HEDSDjj84KS7LKhZY7ejkCACTdPen62rKhCby1wXtgxc,EnnjMSFttpCTywBrYNt1J5QQeoSVkvzPipJDa8Y7kJow,6bjVT6JN2rSvpyn9PdfLYC8wJn4LWh49jpY47fnLDXZk,24.645147999000073,27.95342249699752,21.660987943843434,0.8789149062818484,0.008664395177537374,0.9999994430003103,43666.32033029,4528.215376495,42907.19269505045
vEnkoSUkpnbRrPgBz9DfcVxNz67zjwMYBZraAvDDNSf,DtfyjjsZ5yCjWKLKHvwsfXs5QVsmm1QkK6Sh9JZHoq1g,e5wrKCRv4GhHvEf1VD5Pq2KGaZDXP77nTL612Jyrxwy,6216.847423999978,6217.513209999986,6194.74457535511,0.9964446853626261,0.6194744575355111,0.9928061268051697,23147.577889,19177.76748,42105.086019100425
daob129AwBGn9Y5r91uLoWZeYiGzbPmksauMhFZKTze,6VW5GQNyj4LStgmxEHLr5zUfW92vQnmbw8jTnCH7a38F,4VPCCUifPeBA1c7HWK358CHn2nyjm8pdTRk6Ps3KmnMQ,13.15304774599975,11.72666107700001,2464.772738022153,187.39175783588004,0.9859090952088613,168.76318356894643,47.345232978,225.518497339,46931.32599751131
SoN9GaFpSXfpyR5dth3x7PHPVhvJMpQqqDJfCSmPv1t,9kZ9iS68ViMPtoeqtnhAKuF2iqVyfHPdZHoUNdwCELr,BBhm5fJLjw3HRzjtKB8uMEYjGhY6EDm9co3cqpjrSzB9,0.20763339399999925,0.2030900010000003,42.64440573199781,205.38317517459626,0.017057762292799126,198.42006042684523,1.896601604,3.200637134,1024.600673003437
Dg3mAgpwDfVNnbGWcsxL8sUcSkEbjSJQhKAWNigG44Ju,EATxwd8YA2wV93VJcKMmH2Kn2Y9XfJVUB9hHVu3udwEy,GiGvrRi7NMHfHKanG2B8xyCEqe8jaafWins8bhrLVEaa,0.0019033440000000013,0.0018819230000000076,0.390914834169517,205.38317517459626,0.0001563659336678068,202.39018763796687,0.136826007,0.181507432,64.83708298428705
MATgk4zXLXtYkwBH678J1xZbRDZ45LicNzkRBHkxTuY,y8dALFo1bJrSzPYjMX14HJX448pXqYmrfXHD1K8MXih,GN7Yuet3UyiWS5YVkEHv6oQKi4HGBJc3XDPt9zQhAqZz,6.409168000000136,6.408559999999852,6.414081186188756,1.0007665872057996,0.0025656324744755027,1.0,3828.522237,4270.860248,8102.317381164004
YAkoNb6HKmSxQN9L8hiBE5tPJRsniSSMzND1boHmZxe,CfWX7o2TswwbxusJ4hCaPobu2jLCb1hfXuXJQjVq3jQF,EnTrdMMpdhugeH6Ban6gYZWXughWxKtVGfCwFn78ZmY3,6151747.266444984,6151886.066945016,6151747.266444984,1.0,615.1747266444984,0.9968290866752858,2794805.83472,719293.84512,3511818.861402124
GokA1R67GqSavkd15zR62QD68Tuc5AEfvjssntVDEbM8,3YB7hfpBdbQEuZqLGWVDpRPmeZWCUsrrWyqGXegnQ6Cg,4DPCj6Z1DsG6HUtwSogBGqXEUxdEV5a8YVrrFtcnz7UW,1879.0717170000007,1879.055152999972,1879.1205741349281,1.0000260006760175,0.18791205741349282,1.0,17066.512948,15440.844449,32507.80113787391
KysFMBBoavfov2tLpvefWW6tPFt6rAeZWDJVy1mMQae,B8ka2V21TH3x64dFV8ETcjuQcwmrciJ2qzy1mJUttRew,7fSf7EYxBANyxzk2s5pymFgshA91tFYQNKKs5UnLWcYS,83.9011759999994,104.01027999997314,0.0,0.0,0.0,0.020317191588739573,130663.714292,3015.600473,61.268532565034675
SAMyS8Jr2HJrkFwYVKbpUwsNStnQmvz3f8Tup8bWUWF,6jPzm5TFfquvgm25sTyN3MMGBfufRaFHMxobDWv6hMFW,Cj9ECoDmxsHTDzCY5ZA6RWrPbg9uFzEC1Qc2kso2vJG6,492.3705237899989,249.49197297999626,495.68844912239115,1.0067386757981625,0.19827537964895645,0.020118317458581295,457.33991463,110112.96710832,2675.709408635753
B2izdXFYb2sNwbWWHmh75T4aQFtfXsUxem9u2p61HGzf,4DYwgJtxwuJdAjkj5RJSNH4e7U329V5cNp7d3a1nLrZv,EXNW64GEf1ACC6xY9BtKRiunrs6GoJSXBdxWN2eTPmrF,1714.897702999995,1700.6263950000066,1710.0156084379048,0.9971531278200736,0.17100156084379048,1.0,11203.208452,28546.500704,39717.81505353208
RajgMbScQbqqrdJfR2rxfHJiTiY5b6bJ2tTXiF4aPxy,725ZA3fhyBAKb5iopNRrcbSuQa3LXA1656Q3mBvYPxeg,GLA6i1dSZpUfk2f9Nj8uiG7xyDdAR2reff8oEiZH3617,334.0790659799968,334.4468494999892,333.85787178562396,0.9993378986686161,0.1335431487142496,0.9782059050260279,113977.60011916,70361.12608048,182729.80441457953
BSC8REUo9LpiiWUuqMuLXs2D2yJsJfGd4HdiF3wCLxk5,AZjEH1zWVx1UJ6udMyRijGTzPteuLnaY18yNNmprJEsh,Caf8ypkSVR8xYnXNhjvfvdGCC7mrM3C11rz8Xi6NA6aK,59.67746613300005,59.66710377899972,59.64158855647913,0.999398808648461,0.023856635422591654,0.9999994430003103,3355.467495193,2887.868454084,6241.317062696687
KEN5P7p3asnb23Sw6yAmJRGvijfAzso3RqfyLAQhznt,9zj4aX38Uxf3h6AUjS4EipWS8mwbEofasHAf3a1uKGds,CwQDG1MWunn9cLNwcZLd8YBacweSR7ARo32w4mLua1Yr,50341.45484700077,50339.42937199969,50075.653279393744,0.9947200261014534,5.007565327939374,1.0,946958.037412,964620.219081,1906578.3427724456
Cob4usZcpHEY7Qt4ZCwj6WVg9S44zvzYV2v9qYF65dTf,NhFM9UXE48PyNAyeyPYA3iXztqKVJwA4bTdLj4ysM8w,6TuFuynuBoeskxyR2cz4wxyidk8dpDK7kAWw3UkjQGx,7.222998000000004,1162.0157330000075,0.045163762547766675,0.006252772401123003,1.806550501910667e-05,1.0,38395.574593,75.151217,315.23000614036994
Lee1XZJfJ9Hm2K1qTyeCz1LXNc1YBZaKZszvNY4KCDw,9DgFSWkPDGijNKcLGbr3p5xoJbHsPgXUTr6QvGBJ5vGN,2hNHZg7XBhuhHVZ3JDEi4buq2fPQwuWBdQ9xkH7t1GQX,894.1099379838342,743.6860064120128,179580.46364300948,200.84830289209506,17.958046364300948,167.0736022705971,6451.470052724,54168.655115573,10345919.151561178
MARpDPs5A7XiyCWPNH8GsMWPLxmwNn9SBmKvPa9LzgA,6YjT74rmcfCpw8LSjPNx5JTmZoYLGrTKnf9arfSgZ4SR,F8GSmi3vA8M8TsybLya1LQ4n1aFHCRbZ6k437PeTdXtg,36940.261584999935,38311.50898900005,35129.94524655449,0.9509934077136978,14.051978098621797,1.0,295773.805903,17072.829576,298351.76916414377
YakoMPuYrybnr9R7VC7hVGxMz94fJvPFCdZ4gmW61Ed,,,0.21100200000000013,0.21069300000000002,0.0,0.0,0.0,1.0,295773.805903,17072.829576,17072.829576
DEDaBEWzMCXohXYXoLzB4jK1xqMsd3SS9izXp2xvg9pe,,,7294717.66577316,8791356.447641943,0.0,0.0,0.0,1.0,295773.805903,17072.829576,17072.829576
FTMDfFPjYWvSsDXMGR8Mdt4fLjDtSDwfz7GAqe5V6qwq,2n895yX1VzrWuwrMCixUcD3SkRysj51jigxtV5N81vk6,HuEnD3eWBSuJtTCZMDG3P74sHPhi5UyVRV4SVefva6jS,0.18002200499999965,1.7521499879999283,0.0,0.0,0.0,0.9999994430003103,1600.034132777,11.786701251,11.78669468581106
heyk4SZTeCUV6a65WiVA5bzic3KcxgVf1qxobfeV4tQ,9ZDpBKPqMABtGfq66FbVribaArMvtk63xxy91onZAtDt,DaTP4s6N7xxSPinbNZ3FB52EpRDRt87QShTuN3VPCW52,1.3759170499976108,1.2086828430004743,267.64976500404725,194.52463722614092,0.1070599060016189,167.0736022705971,604.307948229,4496.198708386,868748.8991365748
