0,1,2,3,4,5,6,7,8,9,10,11
daob129AwBGn9Y5r91uLoWZeYiGzbPmksauMhFZKTze,6VW5GQNyj4LStgmxEHLr5zUfW92vQnmbw8jTnCH7a38F,4VPCCUifPeBA1c7HWK358CHn2nyjm8pdTRk6Ps3KmnMQ,13.675930756999946,12.189670787999987,2530.728588717502,185.0498246652911,1.012291435487001,168.07917604898634,47.2135534,225.692079469,46670.99853642723
MAR3XM1n9xWPQ3HJjAcC85o8DopWFP5p2WxGTaZ3fPB,6qG7GUhER8Cg9gDEgnebph9LdS6eu2eoWcA4R7z9uizK,4QV4CwRXVMY227KkFF9voNAfwWHVvVajXSXDKbUHkWZR,0.005587000000000009,0.27114800000000017,0.0052268785234886855,0.9355429610683152,2.0907514093954744e-06,0.018678309728775065,0.101989,24.747419,0.5576550481261693
KwnjUuZhTMTSGAaavkLEmSyfobY16JNH4poL9oeeEvE,J63v6qEZmQpDqCD8bd4PXu2Pq5ZbyXrFcSa3Xt1HdAPQ,BnKQtTdLw9qPCDgZkWX3sURkBAoKCUYL1yahh6Mw7mRK,96.59830699999975,4906.747311000305,1.8042930974212958,0.018678309728775065,0.00018042930974212959,1.0,279009.082766,547.755055,5759.173120044785
Cob4usZcpHEY7Qt4ZCwj6WVg9S44zvzYV2v9qYF65dTf,NhFM9UXE48PyNAyeyPYA3iXztqKVJwA4bTdLj4ysM8w,6TuFuynuBoeskxyR2cz4wxyidk8dpDK7kAWw3UkjQGx,5.3665710000000075,880.4104519999964,0.03189870946536941,0.005943964864225101,1.2759483786147762e-05,1.0,38816.572431,72.593185,303.31752767951275
Lee1XZJfJ9Hm2K1qTyeCz1LXNc1YBZaKZszvNY4KCDw,9DgFSWkPDGijNKcLGbr3p5xoJbHsPgXUTr6QvGBJ5vGN,2hNHZg7XBhuhHVZ3JDEi4buq2fPQwuWBdQ9xkH7t1GQX,749.4486153490116,622.3570305310004,151525.77719129212,202.18301039988967,15.152577719129214,167.48791574687888,6306.248205071,53307.158240964,10203321.074598273
KEN5P7p3asnb23Sw6yAmJRGvijfAzso3RqfyLAQhznt,9zj4aX38Uxf3h6AUjS4EipWS8mwbEofasHAf3a1uKGds,CwQDG1MWunn9cLNwcZLd8YBacweSR7ARo32w4mLua1Yr,31484.05523300008,31486.47230999905,31421.74591085884,0.9980209245067031,3.1421745910858845,1.0,1031099.270825,1005438.266914,2034496.914440954
7oAd7xG4m3oC2qeWB1szghTebAZyyGPAFDJ4wwwbRSNi,D9yh4KAysxt9GLacVe4Wwh2XqghhcjTCSTV9HuM7TBJd,HDYfJLpZKaMFb84jM4mRytn7XLR8UFZUnQpSfhJJaNEy,1.9984018659999947,69.29304335301276,1.9984018659999947,1.0,0.000799360746399998,0.028840116333630067,1089.51584125,293068.632330175,9541.649291390106
STK75uPSyBnEhGTTzb1nwmP3n427XoXmfRhXxxhyady,6TYyD5fUmDe6N65avW1Ny2RxzRNobw2RRgKwH9CTzSAU,54zDfk4cx2vGrEajPtodWpArNe5eUurytyxd4X3aZAxK,239.55099415799907,273.8744182489977,40121.896726616025,167.48791574687888,4.012189672661603,191.92137672112693,1859.29404855,304.78240859,369903.54440918955
JSoLLrxK5bYdHwTEWYaGgmeycBCNXKDiBCTw5hXGBg7,xG4wXczA7Dk4hccJ61CHKpDHW4NrNfQwgmWgkb9BuF2,BVR6WgfhsRr9Lob4QDnkEAiNGgAbv7ZieKcY9kSg3QYR,1.6479601310000156,1.3809142650000155,324.7918623085723,197.08720872481425,0.12991674492342892,167.48791574687888,17.015281967,172.297176967,32211.189487815675
wrmcMSHFi3sWpAEy4rGDvQb3ezh3PhXoV2xNjgLBkKU,8p4mGnARWPBu6P2Gcw4adodLkNDorrXniZMhaY7eJXUn,AyY89zccbsgp9LKFgH4CFZMJmpSgqmPSdTfukhP227rc,0.007667159999999992,0.05475823999999818,3.476066554835196,453.3708119871242,0.0013904266219340784,3157.5623618566465,26.91031628,0.11684459,12569.2960222645
KysFMBBoavfov2tLpvefWW6tPFt6rAeZWDJVy1mMQae,B8ka2V21TH3x64dFV8ETcjuQcwmrciJ2qzy1mJUttRew,7fSf7EYxBANyxzk2s5pymFgshA91tFYQNKKs5UnLWcYS,28.693816000000425,35.51746899999853,0.0,0.0,0.0,0.0187581300080221,130632.595729,3040.764178,57.039049774660455
C2ypsDADXcCRz8HbV2zX1AXPSja7a1P3xZtRC91xGhJh,J9bYNuDpY1d1T86gLaw7DGk5D3CsUAf2tzUwxMvb6FTv,A2NGvvPrMGzsJ4jb52KEnSBVmsA7C34dV1GC7PerdgvG,6.643905715999836,6.757796997999435,1112.7739207915874,167.48791574687888,0.445109568316635,168.54697673916883,2112.908981774,652.341870096,463836.9715252438
C98Sspw7XqnMsgxea3SLQVdbMDL8pKUc3RE82UvX9eq2,CSqgQJurPCzGxb4Cgwx5R61hWQUiaoUHcShNc8r1cKEL,6S2CR5EnukPhC914XkAns8m5GixjMAoUuZMsS5ubHuWc,42.92283500000002,44.25153299999988,0.0,0.0,0.0,1.0,859.466842,185.868742,185.868742
SoNcU2iwHMw6dGzsYNQkYFkUjwN1UdAjrWVRnStrZu2,8ivTTid27jZnYNc4w3CTA1Z6QS2twsFb8WMwUabeDJgc,CyXm53PMvHCbeXJBykU46Rcbo28xk5srhMZFg7gv6EYB,3.8664062670000074,3.8387812179999923,781.7216584910611,202.18301039988967,0.3126886633964244,197.08720872481425,11.792828365,15.204167658,5380.856504664225
heyk4SZTeCUV6a65WiVA5bzic3KcxgVf1qxobfeV4tQ,9ZDpBKPqMABtGfq66FbVribaArMvtk63xxy91onZAtDt,DaTP4s6N7xxSPinbNZ3FB52EpRDRt87QShTuN3VPCW52,2.1897272049993717,1.8802243110005747,422.2331327699846,192.8245362280667,0.16889325310799383,167.48791574687888,599.295095455,4502.04530124,869596.9829475824
FrnkTEL6yZ5Aycq2TrEgu29dCrwKG4LPUZydfiwqspkc,DjvZuMZ46fxKBoBpGMPcRcos4xdTtHFxwMh69DpA2ZFY,9rvDPJLAng4uVVqnnSoEXgNDFhBZQTny9AoQioYDZbQX,22.76796862899988,18.662993827000065,4659.781764608221,204.66392239635258,1.8639127058432887,167.48791574687888,164.783299882,1450.90864427,276734.8612671766
DEDaBEWzMCXohXYXoLzB4jK1xqMsd3SS9izXp2xvg9pe,,,31665.20077791065,0.10000000000000142,0.0,0.0,0.0,167.48791574687888,164.783299882,1450.90864427,243009.664767912
SAMyS8Jr2HJrkFwYVKbpUwsNStnQmvz3f8Tup8bWUWF,6jPzm5TFfquvgm25sTyN3MMGBfufRaFHMxobDWv6hMFW,Cj9ECoDmxsHTDzCY5ZA6RWrPbg9uFzEC1Qc2kso2vJG6,423.2442349499761,8.223634819999972,423.53739906686224,1.0006926594450147,0.1694149596267449,0.019124791040142496,446.29478397,110678.90227364,2563.3147928030944
Lid8SLUxQ9RmF7XMqUA8c24RitTwzja8VSKngJxRcUa,4PgzyzLtds9bKZ2to9PMnKqJzKEUpjvNUaeN23phegax,AtymwxoVN9peZo7EXTcDz9jKVc4vRmisJKKrNfe3ewBa,33.1985909580153,28.018947335000348,6623.600322578099,199.5145014122634,0.6623600322578099,167.65741018927852,955.564756379,7632.221500892,1470247.5167665682
BSC8REUo9LpiiWUuqMuLXs2D2yJsJfGd4HdiF3wCLxk5,AZjEH1zWVx1UJ6udMyRijGTzPteuLnaY18yNNmprJEsh,Caf8ypkSVR8xYnXNhjvfvdGCC7mrM3C11rz8Xi6NA6aK,4.2089860910000425,4.209015228000226,4.209373003938445,1.0000919254495115,0.0016837492015753784,1.0,3031.660330432,3212.477573113,6244.416590283641
SoN9GaFpSXfpyR5dth3x7PHPVhvJMpQqqDJfCSmPv1t,9kZ9iS68ViMPtoeqtnhAKuF2iqVyfHPdZHoUNdwCELr,BBhm5fJLjw3HRzjtKB8uMEYjGhY6EDm9co3cqpjrSzB9,0.28488473499999856,0.2792309149999994,58.47257009233548,205.24992359571593,0.023389028036934194,198.06588661718322,1.901692288,3.195806542,1023.3024530127866
MATgk4zXLXtYkwBH678J1xZbRDZ45LicNzkRBHkxTuY,y8dALFo1bJrSzPYjMX14HJX448pXqYmrfXHD1K8MXih,GN7Yuet3UyiWS5YVkEHv6oQKi4HGBJc3XDPt9zQhAqZz,2196.4250380000008,2192.3438209999995,2198.0757929204838,1.000751564424883,0.8792303171681936,1.0,3838.243373,4263.817411,8104.94547117319
MARpDPs5A7XiyCWPNH8GsMWPLxmwNn9SBmKvPa9LzgA,6YjT74rmcfCpw8LSjPNx5JTmZoYLGrTKnf9arfSgZ4SR,F8GSmi3vA8M8TsybLya1LQ4n1aFHCRbZ6k437PeTdXtg,40130.69112500004,41906.60619800082,37891.81532472344,0.9442103851811846,15.156726129889377,1.0,296961.742285,16050.980243,296445.34130999557
YAkoNb6HKmSxQN9L8hiBE5tPJRsniSSMzND1boHmZxe,CfWX7o2TswwbxusJ4hCaPobu2jLCb1hfXuXJQjVq3jQF,EnTrdMMpdhugeH6Ban6gYZWXughWxKtVGfCwFn78ZmY3,7036971.103980046,7037307.188684983,7036971.103980046,1.0,703.6971103980046,0.9956262140417147,1162586.208501,2292623.482895,3445182.2469988787
BUSDgu5JdqP1rndBvXvanbEufS94FNh1w5FJcAj6vawb,Bgzr8cWubt89JQFXndVjtdKmDbGzuPxNhvjH1EhWCwbo,Dxaf8xPBBQsasRKW5Aa4Sw2YrbfGofY9xZueyyF23FBW,9759.809724300001,9800.582543490002,9692.128428428872,0.9930653058017498,3.876851371371549,1.0,10516.56009074,4821.18462138,15264.815583873196
AURHmCnNwiW4uA2Qj1XvEh4iKgRUZYXtiY7FKAapUV5Y,BKWm4TRnTeKwfWXRyuzjRHU7iZDkPuXBX5b5V5jSVfGJ,A5Ww74HVrkj9nPeC7pHKLfgeDMEhBCpW1efQdz3TGLEg,0.01486335600043276,0.013027154000042174,2.7769179248127283,186.829806453662,0.0011107671699250913,167.65741018927852,282.551790893,1795.468279479,353812.6582201237
BUSDTd9WiT6uBHJRgNvFXBsA7JrifsAtWzKfioN7ERcy,DyBxrn7gSc1EwnpWhDyhzvMHPtxpmBqRqotapLcKcfTM,Cds99GeBgoCpqBsoRWu1C6fF9LiUMd4pXQQD24s9LPff,54.08241592,54.19052264,54.03369913685821,0.9990992121503253,0.005403369913685821,0.9964714944381944,95.94036922,90.84324422,186.37665062863056
SAMGk1Nd4haC8zQA63DG37pzuEZy8j4q13tSFtCbcRE,9U9TnkHD3jXMAVZtynCVLgDruuqN4pTvLJTmVHCLWS8g,C6zoEbvqSknmi96QWq96UBiPCyNW3YSTvKhavR2BfifE,0.0036298399999998843,0.006889000000001033,0.006371270097591596,1.7552481920943621,2.5485080390366387e-06,0.0,53.64663967,1.13595514,94.16316729270518
moFiBS1R4Lf3E3zzmBPnw3NF4RhWPkhREFviuzUaCAU,44ALBrpqi9PfZkBRTvbtRNtFJGsatfY4QydjtMbFWq8S,2ho8qEEie1UjVwWNBo9y4oAJZMyMLx8zPj9bxyUz6uWs,208.7794730889982,208.74273802099924,208.74144227688834,0.999817842187514,0.08349657691075534,1.0,34093.168605965,30346.591242288,64433.54951123902
4xeRVccqvUgiV6VeF6NkWqkAYeewcJPRWFVginvJw1n4,A7VkMFrnCCyeZFUrQ3TzDr4xFep7PZtxvy3jJnBjLB2a,PhfHJ2Yu99BsEjZrefhApqUnLUiExcECcUT1YLoNUUv,0.7026130210000012,2.7474912909999603,0.18161084407585887,0.2584791893229923,7.264433763034356e-05,1.0,1335.367245257,20.561813024,365.72645602650675
BSCuChvaSj9b5HUSqgDVRzcnr2sSn7cXaamt1jbKH6hn,GnKpRj5kBVPMJfiwZtEuD9GYApLzPdW5JFuZTcyX4BTc,3dmwD9okkomV9nDwyuh4UMhKdUR13QpuKxRo89ycZB5t,112.62351533499987,112.52051645700021,112.62432273876958,1.000007169051395,0.045049729095507834,0.9972396406746126,1405.576411969,1605.40803515,3006.563020727659
Dg3mAgpwDfVNnbGWcsxL8sUcSkEbjSJQhKAWNigG44Ju,EATxwd8YA2wV93VJcKMmH2Kn2Y9XfJVUB9hHVu3udwEy,GiGvrRi7NMHfHKanG2B8xyCEqe8jaafWins8bhrLVEaa,0.0043160869999999685,0.004362717999999988,0.8865446959670976,205.4047325661193,0.00035461787838683906,202.91174292867794,0.131691754,0.186709203,64.93559931308751
vEnkoSUkpnbRrPgBz9DfcVxNz67zjwMYBZraAvDDNSf,DtfyjjsZ5yCjWKLKHvwsfXs5QVsmm1QkK6Sh9JZHoq1g,e5wrKCRv4GhHvEf1VD5Pq2KGaZDXP77nTL612Jyrxwy,65454.28434800003,65450.05674500009,65274.51832453427,0.9972535636856099,6.527451832453427,0.9964327706809623,102968.396853,94137.677211,196487.4672374752
Sid7E679i9ABqptiAVhkmQ27YHN8vaYT4fppPwmxFsJ,GP7KB8o1bv527HG8kTzzzf4wJ5aEGHvcMQvVhLziUfmT,9gYxhAZ1M9wu5pxr8SBoa5NDm21gi3s9vMHaYTME77sa,370.17704599999524,778.8840309999923,2.200723781011286,0.005945057384815033,0.0008802895124045145,0.018745415105782814,137265.654196,8309.83155,971.8234330232771
ALLwa5WNZbvQsRKAqe1jdRGemdYQnW8E5k4msbRFcYtu,CGoM82Hbz7QVqTgvQatYtjvDWBvoUJp5qm21P8iMs9yb,3dxNNww8TivyN5FMy5dCNdi3Zcxv6e4kUfSPxfFwpdNq,0.2721637080000012,0.2726672629999993,863.2170636556859,3171.6832122807573,0.3452868254622744,3171.5524432054244,2.4090481,6.369792551,27842.868544182616
parEAJhzYzHW87y9VoZAQ22dzQ2MD2ekEtTReaxbMcz,3oyc6hpjYSJEquK6dSvG72NXyz3pqLZz5D8AC71pwgQb,Di2vordgFJVZ1aj1aBpvzXtLfZgJsuLLXawGtVFwX6Rz,0.041181700000095134,0.04532837199994333,6.546228245394762,158.95964094196304,0.0026184912981579048,189.6677002924107,1107.783238874,135.566661276,201805.44277347505
BSCNHw8CmxbZ8hCWWzMf5FaG2ajPT6JxfznKUNuRVrn4,7n9kgNL633yGzCYksgnzHyjG73ZLBAwvEae5sbAekbzW,SscdxE99omdG9AiMVwmaEMQySQnCgeAh1sPj2Leutm2,1.1938645680002082,1.199999999999818,1.1999239439322775,1.005075429905939,0.000479969577572911,1.0,4118.062816656,7603.127917912,11742.09167374219
ALBpShJ9NLpE739pcHDF2LNVk5J4VYPvvKuV6jMPitZi,D6d156U1bPiJpDYRLextvDRccgFk7QzkQbJg42ceKEu5,GNcM8U5g8RwTZffwwm3kSQqUNPSwv5d2fbN9sLxPJqt2,583.6586790000001,583.2450000000026,582.6757050855208,0.9983158411759362,0.23307028203420835,0.9964327706809623,46335.072732,54043.574116,100107.82540430258
RajgMbScQbqqrdJfR2rxfHJiTiY5b6bJ2tTXiF4aPxy,725ZA3fhyBAKb5iopNRrcbSuQa3LXA1656Q3mBvYPxeg,GLA6i1dSZpUfk2f9Nj8uiG7xyDdAR2reff8oEiZH3617,30322.90667933,30330.298876920016,30282.62533675955,0.9986715870283666,12.113050134703819,0.9999502524749393,95761.8188549,88586.21240637,184216.41307409422
HEDSDjj84KS7LKhZY7ejkCACTdPen62rKhCby1wXtgxc,EnnjMSFttpCTywBrYNt1J5QQeoSVkvzPipJDa8Y7kJow,6bjVT6JN2rSvpyn9PdfLYC8wJn4LWh49jpY47fnLDXZk,26.23491923099573,29.496974449005393,22.206314234179967,0.8464411130316691,0.008882525693671987,1.0,43670.100486941,4524.92391813,41489.09238050118
WiiQFxXqp8P9Fs1rt9SVcDyA3KUdJmUsog6wnVQAwba,3S2jpqSYxho6wiz3cafhjXruVY8cg4HYa2v3BqBHYFSj,Dfe67M6TfrG74gKRtdqys4e6E9QirPD53BkF4FujFjuv,670.7640028419955,670.4469790340008,671.1558813649422,1.0005842271220373,0.06711558813649422,1.0,10491.21984899,16391.537666876,26888.886771045036
GokA1R67GqSavkd15zR62QD68Tuc5AEfvjssntVDEbM8,3YB7hfpBdbQEuZqLGWVDpRPmeZWCUsrrWyqGXegnQ6Cg,4DPCj6Z1DsG6HUtwSogBGqXEUxdEV5a8YVrrFtcnz7UW,5043.64851599999,5044.325118000006,5042.927377385024,0.9998570204460762,0.5042927377385024,1.0,19240.737837,13269.819826,32507.806630886902
MATSnbbiTCv7Dc3trJrkrqjx7ckKdr6fwPoVwv9q3sD,631WX9JizSHJm4w6VanZeJAst9T8DeUUnPLesdGkCVtK,211maUSfpnXbPuW1iBu8b4dtJv5EbN1j7JJiEX5TZKEP,1360.8156300000082,1361.6821030000065,1357.1838061347917,0.997331141864371,0.5428735224539166,0.9953457632112244,24739.266102,20910.836117,45486.75264465439
KZMu9QBEdL97EFgamLbN5DE1AoKBG4HdrKKJo4Vuon3,DD4ACBWyVqdaKWh7v5btsgqQCCMwbKnuL2xd9pv7Gyuw,GcYqiJ1MAuYbNTNYXm1F1gQYTfTgkErACAhNU5dpVj9T,8.264489629999616,8.229238260000102,8.316207793619826,1.006257877489794,0.0033264831174479306,1.0,1324.66838229,1765.75525061,3098.7132453509744
SUiuyGR7SFq3xeRVJonq84fjjeFwRSsFekcevJ53tzy,49GjCCPsv7fBqo6t3iKDrP1xxGDS8uWZbVCdfnp2gjMf,CEwj5xEbbJEjYqM8D6Ai8ByGz1mrh8mkAVsE5fzDSSSx,0.9645140000000083,0.006083999999999978,0.005749397995503472,0.005960927467619363,2.299759198201389e-06,0.9097368222346958,687.037755,1.356543,5.3294793431157625
RoBgmK8CvjdHvPrqdDyVw54VwjZv2TqJ493xnqJAQHx,ExiHJxM7qPAcy27NDHAF6G7vnW7muNHi2sVJpnaNynGQ,6rkPHSqZb7StM4HwS9EuVrmfkV7tRdc7dnsFhyB6cefE,15.50050800000048,20.609489000000778,0.0,0.0,0.0,0.9097368222346958,6292.892618,18.502751,16.83263389733984
AUSejoEUCh2DBs9mof6BNC8Pubs22w4cJa1ccV9h44R,4xkyD7AfGQDwsQMy9MosRRNGoVJ1zosNinesxg1TzHG7,Cbm5gsQe3nSiCsFrvepVzMCD9xLK3ri9g3ypS2hdmVJ7,14.236500000000888,14.234607999998843,14.2405300700107,1.0002830801116716,0.0014240530070010699,1.0,14365.571428,14522.902875,28892.540910564065
SRMuKizofcAMicegrfSv7xs9q76tH1w8aAF7oX9FEWu,72Hj2KWntXPfbie4UgKeTPnm1XVkomDfCnRPKbvfTtPi,6aqJQ5wedqpUt4fFEDUqUmXhrdxCu4bEJsQdVPCADLko,1.4992769999998927,0.136265000000094,0.04467437681223013,0.0297972801638612,1.7869750724892056e-05,0.028483433479661275,16627.07227,5283.405925,645.9310719447434
B2izdXFYb2sNwbWWHmh75T4aQFtfXsUxem9u2p61HGzf,4DYwgJtxwuJdAjkj5RJSNH4e7U329V5cNp7d3a1nLrZv,EXNW64GEf1ACC6xY9BtKRiunrs6GoJSXBdxWN2eTPmrF,2026.0121030000064,2012.5407430000014,1944.021070337454,0.9595308278064357,0.19440210703374539,1.0,12552.460168,27187.836581,39232.30907700835
