0,1,2,3,4,5,6,7,8,9,10,11
GokA1R67GqSavkd15zR62QD68Tuc5AEfvjssntVDEbM8,3YB7hfpBdbQEuZqLGWVDpRPmeZWCUsrrWyqGXegnQ6Cg,4DPCj6Z1DsG6HUtwSogBGqXEUxdEV5a8YVrrFtcnz7UW,3309.5187630000073,3310.0787009999913,3309.1580647709475,0.9998910118797052,0.33091580647709473,1.0,19067.134091,13441.673035,32506.729034896012
B2izdXFYb2sNwbWWHmh75T4aQFtfXsUxem9u2p61HGzf,4DYwgJtxwuJdAjkj5RJSNH4e7U329V5cNp7d3a1nLrZv,EXNW64GEf1ACC6xY9BtKRiunrs6GoJSXBdxWN2eTPmrF,1506.0060329999797,1495.9443009999995,1493.1825809943996,0.9914851257401436,0.14931825809943997,1.0,12376.275646,27364.853502,39635.74671706899
MARpDPs5A7XiyCWPNH8GsMWPLxmwNn9SBmKvPa9LzgA,6YjT74rmcfCpw8LSjPNx5JTmZoYLGrTKnf9arfSgZ4SR,F8GSmi3vA8M8TsybLya1LQ4n1aFHCRbZ6k437PeTdXtg,34752.28054900003,35994.21823999977,32799.651684894874,0.9438129287270229,13.119860673957948,1.0,296252.945581,16692.52744,296299.88765281095
KwnjUuZhTMTSGAaavkLEmSyfobY16JNH4poL9oeeEvE,J63v6qEZmQpDqCD8bd4PXu2Pq5ZbyXrFcSa3Xt1HdAPQ,BnKQtTdLw9qPCDgZkWX3sURkBAoKCUYL1yahh6Mw7mRK,43.539137999999866,2123.7956820001127,0.8724885973562323,0.02003917940121449,8.724885973562323e-05,1.0,278020.259821,567.205127,6138.502990725284
WiiQFxXqp8P9Fs1rt9SVcDyA3KUdJmUsog6wnVQAwba,3S2jpqSYxho6wiz3cafhjXruVY8cg4HYa2v3BqBHYFSj,Dfe67M6TfrG74gKRtdqys4e6E9QirPD53BkF4FujFjuv,7056.434306977999,7054.564571463998,7061.000055528903,1.0006470333814899,0.7061000055528904,0.9999695069298556,9384.036712141,17499.159977622,26888.734871656216
BSC8REUo9LpiiWUuqMuLXs2D2yJsJfGd4HdiF3wCLxk5,AZjEH1zWVx1UJ6udMyRijGTzPteuLnaY18yNNmprJEsh,Caf8ypkSVR8xYnXNhjvfvdGCC7mrM3C11rz8Xi6NA6aK,14.28625905600029,14.301780296999823,14.269330906396775,0.9988150747136,0.00570773236255871,0.9999695069298556,3289.608082241,2953.756942698,6239.377016022363
daob129AwBGn9Y5r91uLoWZeYiGzbPmksauMhFZKTze,6VW5GQNyj4LStgmxEHLr5zUfW92vQnmbw8jTnCH7a38F,4VPCCUifPeBA1c7HWK358CHn2nyjm8pdTRk6Ps3KmnMQ,10.279800286000153,9.17441182400001,2021.5571968244717,196.65335323465268,0.8086228787297888,178.6491728632621,47.987189671,224.812744184,49599.452558701174
AUSejoEUCh2DBs9mof6BNC8Pubs22w4cJa1ccV9h44R,4xkyD7AfGQDwsQMy9MosRRNGoVJ1zosNinesxg1TzHG7,Cbm5gsQe3nSiCsFrvepVzMCD9xLK3ri9g3ypS2hdmVJ7,23.20101699999941,23.208456000000297,23.209209851076842,1.0003531246530026,0.0023209209851076844,1.0,14351.36475,14537.026085,28893.458655697457
Sid7E679i9ABqptiAVhkmQ27YHN8vaYT4fppPwmxFsJ,GP7KB8o1bv527HG8kTzzzf4wJ5aEGHvcMQvVhLziUfmT,9gYxhAZ1M9wu5pxr8SBoa5NDm21gi3s9vMHaYTME77sa,271.7893320000094,419.7420109999475,1.6961893012574052,0.006240823687875088,0.0006784757205029621,0.012003421887497999,137367.960254,8278.284573,956.6569625427321
BkwbeSfcX1h4thMDd7obGkHrPevf3QwgzJ4pCEqG18Lu,35yX27bmurdebhfAb8EPmjLETDiUaEUCn9zHaDPbakH2,2CxECn1ZJFoESyUnQysQU8rRgT3iJ5GRs2Mdd6gZjx5g,0.34228026999999983,0.30000000000000004,730.9776187933792,2135.611318739989,0.2923910475173517,1904.7619047619048,1.85562398,20.75371006,43493.76787977525
JSoLLrxK5bYdHwTEWYaGgmeycBCNXKDiBCTw5hXGBg7,xG4wXczA7Dk4hccJ61CHKpDHW4NrNfQwgmWgkb9BuF2,BVR6WgfhsRr9Lob4QDnkEAiNGgAbv7ZieKcY9kSg3QYR,0.47576375000016924,0.40281209200000134,59.49934824617614,125.06070133791188,0.023799739298470457,178.6491728632621,17.128097165,172.161595464,32898.57847250193
YAkoNb6HKmSxQN9L8hiBE5tPJRsniSSMzND1boHmZxe,CfWX7o2TswwbxusJ4hCaPobu2jLCb1hfXuXJQjVq3jQF,EnTrdMMpdhugeH6Ban6gYZWXughWxKtVGfCwFn78ZmY3,5838914.592797002,5839847.55474702,5838914.592797002,1.0,583.8914592797003,0.9980269008170847,2496603.563406,959667.982193,3454378.025487465
parEAJhzYzHW87y9VoZAQ22dzQ2MD2ekEtTReaxbMcz,3oyc6hpjYSJEquK6dSvG72NXyz3pqLZz5D8AC71pwgQb,Di2vordgFJVZ1aj1aBpvzXtLfZgJsuLLXawGtVFwX6Rz,0.3881128900000306,0.46295181400023466,39.87564984568406,102.7424001446613,0.015950259938273623,122.58420247575958,1107.798619619,135.553694189,130434.6305514003
BSCNHw8CmxbZ8hCWWzMf5FaG2ajPT6JxfznKUNuRVrn4,7n9kgNL633yGzCYksgnzHyjG73ZLBAwvEae5sbAekbzW,SscdxE99omdG9AiMVwmaEMQySQnCgeAh1sPj2Leutm2,1909.0501238130018,1889.990256682001,1918.710321825156,1.0050602118255856,0.7674841287300624,0.9999695069298556,4131.986770355,7589.132740912,11741.79682362851
ZUCKWFa4LTL833dPhhpeeRWZcaAEoMeYJPi2iKn4F8N,7eEYpq6ShaJ9opZWMxitRFrdCHh6vfyHhGfoSvFht3N2,H8VggnHmuwd1wvwpT8eg9cUJFEfZ7HAaeYjgXrSm7A2u,9.169679236000093,9.180810000000065,9.181015752268648,1.0012363045616741,0.003672406300907459,0.9999695069298556,1840.277425113,2006.890178346,3849.3815505914326
wrmcMSHFi3sWpAEy4rGDvQb3ezh3PhXoV2xNjgLBkKU,8p4mGnARWPBu6P2Gcw4adodLkNDorrXniZMhaY7eJXUn,AyY89zccbsgp9LKFgH4CFZMJmpSgqmPSdTfukhP227rc,0.007747619999999997,0.05236324000000181,3.795843377035686,489.936700178337,0.0015183373508142741,3436.66231356107,26.91216623,0.11657119,13585.873732897042
SEQV6QiTpvTzrceiaYg9Avnwf7oc8ZALpnQMz6TyT4A,3dFMPj4r9mMmPHF32mz1gNDX7f8ftidWof7S8YiYTs1j,Fc1ED3YPeQfXQosHbd8DTaBd2AV5gHQtwiSAL5C5pUhi,402.03437775200064,401.08447634000004,402.52218029402263,1.001213335398703,0.16100887211760906,0.9992565531244754,1332.569806174,4239.672822574,5570.707511351884
MATSnbbiTCv7Dc3trJrkrqjx7ckKdr6fwPoVwv9q3sD,631WX9JizSHJm4w6VanZeJAst9T8DeUUnPLesdGkCVtK,211maUSfpnXbPuW1iBu8b4dtJv5EbN1j7JJiEX5TZKEP,6081.868871000002,6071.674044000014,6091.048080457252,1.0015092744766363,2.436419232182901,0.9965886769587702,17209.108511,28440.176675,45578.239824253236
STK75uPSyBnEhGTTzb1nwmP3n427XoXmfRhXxxhyady,6TYyD5fUmDe6N65avW1Ny2RxzRNobw2RRgKwH9CTzSAU,54zDfk4cx2vGrEajPtodWpArNe5eUurytyxd4X3aZAxK,165.98443758900106,189.52882288599807,29728.030642981066,179.10131259769977,2.9728030642981067,204.45662278959392,1975.835786328,324.510329621,420223.06886350067
BUSDTd9WiT6uBHJRgNvFXBsA7JrifsAtWzKfioN7ERcy,DyBxrn7gSc1EwnpWhDyhzvMHPtxpmBqRqotapLcKcfTM,Cds99GeBgoCpqBsoRWu1C6fF9LiUMd4pXQQD24s9LPff,546.0272192199997,547.2971388300001,544.6830666885178,0.9975383048973235,0.05446830666885178,0.9965886769587702,107.42936065,79.30999012,186.20434044230817
C98Sspw7XqnMsgxea3SLQVdbMDL8pKUc3RE82UvX9eq2,CSqgQJurPCzGxb4Cgwx5R61hWQUiaoUHcShNc8r1cKEL,6S2CR5EnukPhC914XkAns8m5GixjMAoUuZMsS5ubHuWc,41.15753799999996,42.10081400000013,0.0,0.0,0.0,1.0,819.969478,224.181453,224.181453
SoN9GaFpSXfpyR5dth3x7PHPVhvJMpQqqDJfCSmPv1t,9kZ9iS68ViMPtoeqtnhAKuF2iqVyfHPdZHoUNdwCELr,BBhm5fJLjw3HRzjtKB8uMEYjGhY6EDm9co3cqpjrSzB9,0.10176443300000004,0.09948546900000022,22.163874632333332,217.79588387559062,0.008865549852933334,195.01491181523195,1.875553572,3.222372185,1036.8984754633925
AURHmCnNwiW4uA2Qj1XvEh4iKgRUZYXtiY7FKAapUV5Y,BKWm4TRnTeKwfWXRyuzjRHU7iZDkPuXBX5b5V5jSVfGJ,A5Ww74HVrkj9nPeC7pHKLfgeDMEhBCpW1efQdz3TGLEg,0.0006038440001248091,0.000537000999997872,0.11131212279586701,184.33920478279126,4.4524849118346805e-05,179.10131259769977,282.560977625,1795.457774171,373655.9099858111
ALLwa5WNZbvQsRKAqe1jdRGemdYQnW8E5k4msbRFcYtu,CGoM82Hbz7QVqTgvQatYtjvDWBvoUJp5qm21P8iMs9yb,3dxNNww8TivyN5FMy5dCNdi3Zcxv6e4kUfSPxfFwpdNq,0.27824570199999976,0.27774217899999987,958.5754711131008,3445.0683846074344,0.38343018844524035,3436.8158588430992,1.817329139,6.96199431,30187.915614978167
Cob4usZcpHEY7Qt4ZCwj6WVg9S44zvzYV2v9qYF65dTf,NhFM9UXE48PyNAyeyPYA3iXztqKVJwA4bTdLj4ysM8w,6TuFuynuBoeskxyR2cz4wxyidk8dpDK7kAWw3UkjQGx,2.0164000000000044,321.8618510000015,0.012583996884231355,0.006240823687875088,5.033598753692542e-06,1.0,38551.171127,74.191092,314.78215396470773
SoNcU2iwHMw6dGzsYNQkYFkUjwN1UdAjrWVRnStrZu2,8ivTTid27jZnYNc4w3CTA1Z6QS2twsFb8WMwUabeDJgc,CyXm53PMvHCbeXJBykU46Rcbo28xk5srhMZFg7gv6EYB,0.7482207879999958,0.7402324839999981,161.11694047387473,215.3334190360341,0.0644467761895499,195.01491181523195,11.620249403,15.375683668,5500.715628613347
Lid8SLUxQ9RmF7XMqUA8c24RitTwzja8VSKngJxRcUa,4PgzyzLtds9bKZ2to9PMnKqJzKEUpjvNUaeN23phegax,AtymwxoVN9peZo7EXTcDz9jKVc4vRmisJKKrNfe3ewBa,19.177555312006007,16.22801729599928,4054.8809317870678,211.43888602154266,0.4054880931787068,179.10131259769977,964.757674745,7621.33342397,1568978.108006565
BUSD5rCfUDpCxKGMvYU2yThChxgHoioK74PTPociGnv2,CcFHbafgYDZ8yA8Me1PdtDiVb2eeaS61LbqyKKK5CsNZ,26R9s4nmF3CFDTkiePDwRmtscn8i7r2eygbSijditJ58,0.11444408999999212,0.11401825000000088,0.11423306383417933,0.9981560763355032,1.1423306383417933e-05,1.0,93.04448136,55.50585334,148.37876777896946
RajgMbScQbqqrdJfR2rxfHJiTiY5b6bJ2tTXiF4aPxy,725ZA3fhyBAKb5iopNRrcbSuQa3LXA1656Q3mBvYPxeg,GLA6i1dSZpUfk2f9Nj8uiG7xyDdAR2reff8oEiZH3617,150.0865668100014,150.26168563999818,149.9581022025875,0.9991440632553311,0.059983240881035,1.0,115497.59135918,68842.86341063,184241.59613744495
SAMyS8Jr2HJrkFwYVKbpUwsNStnQmvz3f8Tup8bWUWF,6jPzm5TFfquvgm25sTyN3MMGBfufRaFHMxobDWv6hMFW,Cj9ECoDmxsHTDzCY5ZA6RWrPbg9uFzEC1Qc2kso2vJG6,0.53938291999998,26.628666999997222,0.5428308185099093,1.006392301984515,0.00021713232740396373,0.02032958444276111,461.58010993,109902.30861819,2698.798932890604
MATgk4zXLXtYkwBH678J1xZbRDZ45LicNzkRBHkxTuY,y8dALFo1bJrSzPYjMX14HJX448pXqYmrfXHD1K8MXih,GN7Yuet3UyiWS5YVkEHv6oQKi4HGBJc3XDPt9zQhAqZz,1507.3182590000001,1506.558478,1509.718711751685,1.0015925321260803,0.6038874847006741,1.0,3365.978775,4734.941645,8106.280849334892
heyk4SZTeCUV6a65WiVA5bzic3KcxgVf1qxobfeV4tQ,9ZDpBKPqMABtGfq66FbVribaArMvtk63xxy91onZAtDt,DaTP4s6N7xxSPinbNZ3FB52EpRDRt87QShTuN3VPCW52,0.428856486001564,0.38951508500019827,84.51887953952027,197.07963455917522,0.033807551815808114,179.1217802412197,599.825465442,4501.425177693,924516.6749796155
DEDaBEWzMCXohXYXoLzB4jK1xqMsd3SS9izXp2xvg9pe,,,10373301.852182925,17284886.09059844,0.0,0.0,0.0,179.1217802412197,599.825465442,4501.425177693,806303.2914510189
ACUSESXyNnwRLAg1dpSGMLSzUDdLjUMybY8rkXiAKhCP,AhFPQdu8GKBsxuhiH46UmCu1YpaLgNpoP325HnYtsgas,A8wxWpT3aFEr2XqZp1kDmbxbFfcBE95UUmdsNTDBJYbT,66.21306171000015,66.23939100000007,66.21104267046495,0.9999695069298556,0.02648441706818598,0.9874023817348103,1034.266436063,1852.876890287,2863.7699526347897
ALBpShJ9NLpE739pcHDF2LNVk5J4VYPvvKuV6jMPitZi,D6d156U1bPiJpDYRLextvDRccgFk7QzkQbJg42ceKEu5,GNcM8U5g8RwTZffwwm3kSQqUNPSwv5d2fbN9sLxPJqt2,2931.502046999987,2927.6249959999914,2925.507681760061,0.9979551898160669,1.1702030727040245,0.9941217580446817,45751.827732,54627.232795,99964.39463200155
TETFuZgEmET6d9vYmz9iMFCxK1jKdKYxf3oPz8hSzJK,Eu1Ze6Z84LWNkq7SNoAHBJbXx5t1P95EwyqYohrfCRFV,ASMbv7WNu3qe4pkhREmvyEdwFNDZQ6B6iSrjkj4u8bdC,35.997509357999974,35.719234504000006,36.11637792860316,1.0033021331954113,0.014446551171441262,0.9968678412428151,34.983449756,217.734006298,252.15099859016607
KZMu9QBEdL97EFgamLbN5DE1AoKBG4HdrKKJo4Vuon3,DD4ACBWyVqdaKWh7v5btsgqQCCMwbKnuL2xd9pv7Gyuw,GcYqiJ1MAuYbNTNYXm1F1gQYTfTgkErACAhNU5dpVj9T,0.542459049999934,0.53938291999998,0.5459266120617666,1.006392301984515,0.00021837064482470666,1.0,1315.78685944,1774.67960474,3098.8773711327967
vEnkoSUkpnbRrPgBz9DfcVxNz67zjwMYBZraAvDDNSf,DtfyjjsZ5yCjWKLKHvwsfXs5QVsmm1QkK6Sh9JZHoq1g,e5wrKCRv4GhHvEf1VD5Pq2KGaZDXP77nTL612Jyrxwy,2989.8854539999884,2990.5831849999995,2980.1047502097995,0.9967287362875044,0.29801047502098,0.9941217580446817,24201.362658,19138.46432,43148.15741461775
C2ypsDADXcCRz8HbV2zX1AXPSja7a1P3xZtRC91xGhJh,J9bYNuDpY1d1T86gLaw7DGk5D3CsUAf2tzUwxMvb6FTv,A2NGvvPrMGzsJ4jb52KEnSBVmsA7C34dV1GC7PerdgvG,12.166498173999457,12.399221202999797,2179.2848122283317,179.1217802412197,0.8717139248913328,172.0981117567276,2107.505585065,661.793057579,491393.4878482133
KEN5P7p3asnb23Sw6yAmJRGvijfAzso3RqfyLAQhznt,9zj4aX38Uxf3h6AUjS4EipWS8mwbEofasHAf3a1uKGds,CwQDG1MWunn9cLNwcZLd8YBacweSR7ARo32w4mLua1Yr,82200.24501499988,82205.53854699968,81923.425759359,0.9966323791907146,8.192342575935902,1.0,972326.197046,943630.089203,1912681.8603144144
moFiBS1R4Lf3E3zzmBPnw3NF4RhWPkhREFviuzUaCAU,44ALBrpqi9PfZkBRTvbtRNtFJGsatfY4QydjtMbFWq8S,2ho8qEEie1UjVwWNBo9y4oAJZMyMLx8zPj9bxyUz6uWs,32.91361284000595,32.89498254299906,32.89416110809381,0.9994090064798812,0.013157664443237526,0.9999695069298556,35276.402516177,29163.794899319,64418.459996552294
CZgvH45CRmoaNJ7395Ao5CQZXkGznvqU7cErD6n7FaRg,4ZjU6MKvtqVQKCiowhvZ5yUsPxXX5SCzd5eFsPeXyey5,BsyWeshjDbCvjDojry3vKDCesmFRM37WtwcR4Kfgzqr,1.2371258600000061,1.4379550000001018,1.4423598318400592,1.1658957899724545,0.0005769439327360237,1.0,96.40926143,717.69443607,830.0975880855908
FrnkTEL6yZ5Aycq2TrEgu29dCrwKG4LPUZydfiwqspkc,DjvZuMZ46fxKBoBpGMPcRcos4xdTtHFxwMh69DpA2ZFY,9rvDPJLAng4uVVqnnSoEXgNDFhBZQTny9AoQioYDZbQX,3.1222204040007,2.5635667300000193,681.3602858282918,218.22940012666032,0.27254411433131676,179.1217802412197,165.312534282,1448.963442373,295616.9664920765
HEDSDjj84KS7LKhZY7ejkCACTdPen62rKhCby1wXtgxc,EnnjMSFttpCTywBrYNt1J5QQeoSVkvzPipJDa8Y7kJow,6bjVT6JN2rSvpyn9PdfLYC8wJn4LWh49jpY47fnLDXZk,12.156493813002271,13.782508602002054,10.19707229621095,0.8388168869303767,0.00407882891848438,0.9999695069298556,43658.919306637,4534.760199199,41156.46069997593
ercAoEmXjQzEvAFbdjAo81KtMxRGn9AW1ju882upmPH,CMRhskR2Eg6V42RTSdRTXGdozyPbWB8U9dVpijPWb9T4,7TKLLgrWswt6ZJ1pXhVR3FyufHGjJFqiEXxvWJfDcgRm,0.896812336999993,0.8291817709999734,159.6419883627421,178.0104730681725,0.06385679534509685,156.42086535463974,51.900773462,401.734272503,72078.5037841106
Lee1XZJfJ9Hm2K1qTyeCz1LXNc1YBZaKZszvNY4KCDw,9DgFSWkPDGijNKcLGbr3p5xoJbHsPgXUTr6QvGBJ5vGN,2hNHZg7XBhuhHVZ3JDEi4buq2fPQwuWBdQ9xkH7t1GQX,1622.6588713269302,1351.1143942889885,349490.64896093094,215.38146750162883,34.94906489609309,178.0104730681725,6319.341531414,53291.159804035,10847453.619747786
SAMGk1Nd4haC8zQA63DG37pzuEZy8j4q13tSFtCbcRE,9U9TnkHD3jXMAVZtynCVLgDruuqN4pTvLJTmVHCLWS8g,C6zoEbvqSknmi96QWq96UBiPCyNW3YSTvKhavR2BfifE,0.0069702600000027815,0.0036755299999999824,0.012826606210280006,1.8401904965201998,5.130642484112003e-06,0.0,53.63975067,1.13958498,98.70735941864702
BUSDgu5JdqP1rndBvXvanbEufS94FNh1w5FJcAj6vawb,Bgzr8cWubt89JQFXndVjtdKmDbGzuPxNhvjH1EhWCwbo,Dxaf8xPBBQsasRKW5Aa4Sw2YrbfGofY9xZueyyF23FBW,12767.54561689,12709.29827342,12823.336749251808,1.0043697617408942,5.129334699700723,1.0,5669.06434939,9657.48990099,15351.326710880632
