0,1,2,3,4,5,6,7,8,9,10,11
BSC8REUo9LpiiWUuqMuLXs2D2yJsJfGd4HdiF3wCLxk5,AZjEH1zWVx1UJ6udMyRijGTzPteuLnaY18yNNmprJEsh,Caf8ypkSVR8xYnXNhjvfvdGCC7mrM3C11rz8Xi6NA6aK,256.61559897999996,256.51411734700014,256.5265080933187,0.9996528235733314,0.10261060323732747,0.9987012010724197,3176.423184593,3065.921114831,6237.2595051171975
KEN5P7p3asnb23Sw6yAmJRGvijfAzso3RqfyLAQhznt,9zj4aX38Uxf3h6AUjS4EipWS8mwbEofasHAf3a1uKGds,CwQDG1MWunn9cLNwcZLd8YBacweSR7ARo32w4mLua1Yr,102887.86836699967,102889.64614999923,102836.96406978513,0.9995052449037727,10.283696406978514,1.0,958973.28968,952585.560613,1911084.3933707848
MARpDPs5A7XiyCWPNH8GsMWPLxmwNn9SBmKvPa9LzgA,6YjT74rmcfCpw8LSjPNx5JTmZoYLGrTKnf9arfSgZ4SR,F8GSmi3vA8M8TsybLya1LQ4n1aFHCRbZ6k437PeTdXtg,19371.07167799999,20152.399217999773,18488.04564204465,0.9544152202504003,7.39521825681786,1.0,295324.143226,17468.355961,299330.21316330356
SEQV6QiTpvTzrceiaYg9Avnwf7oc8ZALpnQMz6TyT4A,3dFMPj4r9mMmPHF32mz1gNDX7f8ftidWof7S8YiYTs1j,Fc1ED3YPeQfXQosHbd8DTaBd2AV5gHQtwiSAL5C5pUhi,75.90855302499995,75.89327253400006,76.07265596951285,1.0021618505158287,0.030429062387805145,0.9998860129945186,1227.499912529,4344.788286134,5574.446620575894
C98Sspw7XqnMsgxea3SLQVdbMDL8pKUc3RE82UvX9eq2,CSqgQJurPCzGxb4Cgwx5R61hWQUiaoUHcShNc8r1cKEL,6S2CR5EnukPhC914XkAns8m5GixjMAoUuZMsS5ubHuWc,38.12026000000003,38.8548770000001,0.0,0.0,0.0,1.0,851.397333,193.554339,193.554339
MiMuMS9C4vBqcrYeeQPph1E7oAW9aNKvW9k6Zw9XffM,Afy2q2hh6Y474pshJa5fnQ6PfEchGyTbKrQpCZw2hr3m,5pXz9ksgjeL8Wgb37bksUaBFMLdFfsNNY3FQnikkCPtS,1.5013755469999523,0.022675264000000084,0.0,0.0,0.0,0.017647161177064236,25.952313541,7677.408679425,135.48446838800487
YakoMPuYrybnr9R7VC7hVGxMz94fJvPFCdZ4gmW61Ed,,,0.08402599999999993,0.08398699999999981,0.0,0.0,0.0,0.017647161177064236,25.952313541,7677.408679425,135.48446838800487
7oAd7xG4m3oC2qeWB1szghTebAZyyGPAFDJ4wwwbRSNi,D9yh4KAysxt9GLacVe4Wwh2XqghhcjTCSTV9HuM7TBJd,HDYfJLpZKaMFb84jM4mRytn7XLR8UFZUnQpSfhJJaNEy,0.37766499999997905,12.99013582902262,0.37766499999997905,1.0,0.00015106599999999162,0.029110788627856203,1095.415030658,292864.647890592,9620.935891972556
B2izdXFYb2sNwbWWHmh75T4aQFtfXsUxem9u2p61HGzf,4DYwgJtxwuJdAjkj5RJSNH4e7U329V5cNp7d3a1nLrZv,EXNW64GEf1ACC6xY9BtKRiunrs6GoJSXBdxWN2eTPmrF,5154.982577000046,5104.929596999997,5095.301312724108,0.9884226060157376,0.5095301312724109,1.0,10826.785197,28925.950326,39627.38956519135
BUSDTd9WiT6uBHJRgNvFXBsA7JrifsAtWzKfioN7ERcy,DyBxrn7gSc1EwnpWhDyhzvMHPtxpmBqRqotapLcKcfTM,Cds99GeBgoCpqBsoRWu1C6fF9LiUMd4pXQQD24s9LPff,325.04494314000016,325.90106749,324.72252289978775,0.9990080748923588,0.03247225228997878,0.9977540556207976,103.00568541,83.53991395,186.25579943423696
NorjjEePhxfwLF4vZjUHCrVVKLzQjEEGQFd3wgjEJmh,34M8pFVqgbV7aqHxvRT5tCv3vu2P1JJYT8J3VaxBK2oG,3AZWBSze3ucsY3xSeuLne3b2pauVqiaJ1SZSV5T9WGWw,0.00024200000007112976,0.00043300000106683,0.0001355616228805219,0.5601719952094091,5.4224649152208765e-08,1.0,38285.766938,2103.390434,23550.004887781888
Cob4usZcpHEY7Qt4ZCwj6WVg9S44zvzYV2v9qYF65dTf,NhFM9UXE48PyNAyeyPYA3iXztqKVJwA4bTdLj4ysM8w,6TuFuynuBoeskxyR2cz4wxyidk8dpDK7kAWw3UkjQGx,3.088185999999993,552.6306830000103,0.0174163227676461,0.005639661201639454,6.96652910705844e-06,1.0,39371.626215,69.394724,291.4373568101863
BUSDgu5JdqP1rndBvXvanbEufS94FNh1w5FJcAj6vawb,Bgzr8cWubt89JQFXndVjtdKmDbGzuPxNhvjH1EhWCwbo,Dxaf8xPBBQsasRKW5Aa4Sw2YrbfGofY9xZueyyF23FBW,10212.173664199992,10211.744851059988,10214.713348379799,1.0002486918322502,4.08588533935192,1.0,7486.70596296,7801.42796121,15289.995806793446
vEnkoSUkpnbRrPgBz9DfcVxNz67zjwMYBZraAvDDNSf,DtfyjjsZ5yCjWKLKHvwsfXs5QVsmm1QkK6Sh9JZHoq1g,e5wrKCRv4GhHvEf1VD5Pq2KGaZDXP77nTL612Jyrxwy,6391.031044999996,6392.077114999996,6376.836207601874,0.997778944070499,0.6376836207601875,0.9979263091296287,21935.925656,20386.956172,42231.88466536411
MATgk4zXLXtYkwBH678J1xZbRDZ45LicNzkRBHkxTuY,y8dALFo1bJrSzPYjMX14HJX448pXqYmrfXHD1K8MXih,GN7Yuet3UyiWS5YVkEHv6oQKi4HGBJc3XDPt9zQhAqZz,1857.5689360000006,1857.9624010000016,1857.4426299011673,0.9999320046236856,0.7429770519604669,1.0,4331.881196,3764.824374,8096.411022107929
RajgMbScQbqqrdJfR2rxfHJiTiY5b6bJ2tTXiF4aPxy,725ZA3fhyBAKb5iopNRrcbSuQa3LXA1656Q3mBvYPxeg,GLA6i1dSZpUfk2f9Nj8uiG7xyDdAR2reff8oEiZH3617,1190.4626664599928,1193.2506991400078,1187.5008374961349,0.9975120354066497,0.47500033499845395,1.0,140536.68060826,43828.87263438,184015.9029572197
RoBgmK8CvjdHvPrqdDyVw54VwjZv2TqJ493xnqJAQHx,ExiHJxM7qPAcy27NDHAF6G7vnW7muNHi2sVJpnaNynGQ,6rkPHSqZb7StM4HwS9EuVrmfkV7tRdc7dnsFhyB6cefE,17.968049000000065,0.26277100000000075,0.0,0.0,0.0,0.9412491128727111,6367.399761,17.336279,16.317757229263812
Sid7E679i9ABqptiAVhkmQ27YHN8vaYT4fppPwmxFsJ,GP7KB8o1bv527HG8kTzzzf4wJ5aEGHvcMQvVhLziUfmT,9gYxhAZ1M9wu5pxr8SBoa5NDm21gi3s9vMHaYTME77sa,532.1646220000111,1156.2643040000257,3.001228171578589,0.005639661201639454,0.0012004912686314356,0.01724164179947774,136494.392427,8549.770295,917.1942061061072
KwnjUuZhTMTSGAaavkLEmSyfobY16JNH4poL9oeeEvE,J63v6qEZmQpDqCD8bd4PXu2Pq5ZbyXrFcSa3Xt1HdAPQ,BnKQtTdLw9qPCDgZkWX3sURkBAoKCUYL1yahh6Mw7mRK,165.28515800002413,4317.779885999945,2.8497874890064985,0.01724164179947774,0.00028497874890064985,1.0,280317.887128,523.622898,5356.763497847407
heyk4SZTeCUV6a65WiVA5bzic3KcxgVf1qxobfeV4tQ,9ZDpBKPqMABtGfq66FbVribaArMvtk63xxy91onZAtDt,DaTP4s6N7xxSPinbNZ3FB52EpRDRt87QShTuN3VPCW52,1.4428248409994922,1.2385109970001622,257.57618361064823,178.52214370818342,0.10303047344425931,157.0278275294278,602.078740442,4498.79196894,813919.9168143141
WiiQFxXqp8P9Fs1rt9SVcDyA3KUdJmUsog6wnVQAwba,3S2jpqSYxho6wiz3cafhjXruVY8cg4HYa2v3BqBHYFSj,Dfe67M6TfrG74gKRtdqys4e6E9QirPD53BkF4FujFjuv,12589.831805203003,12582.667276100003,12590.498950561394,1.0000529908078768,1.2590498950561393,1.0,13371.109205308,13509.186884778,26881.004635965
parEAJhzYzHW87y9VoZAQ22dzQ2MD2ekEtTReaxbMcz,3oyc6hpjYSJEquK6dSvG72NXyz3pqLZz5D8AC71pwgQb,Di2vordgFJVZ1aj1aBpvzXtLfZgJsuLLXawGtVFwX6Rz,0.2073740649999536,0.24707410200016966,30.525364686826173,147.19952896150733,0.012210145874730469,175.38899525257068,1107.136609276,136.108188212,186841.86575761804
Lee1XZJfJ9Hm2K1qTyeCz1LXNc1YBZaKZszvNY4KCDw,9DgFSWkPDGijNKcLGbr3p5xoJbHsPgXUTr6QvGBJ5vGN,2hNHZg7XBhuhHVZ3JDEi4buq2fPQwuWBdQ9xkH7t1GQX,612.5892631490497,509.5323494610093,115669.26077041113,188.82025482426312,11.566926077041114,157.0278275294278,6447.453328641,54172.961975454,9724072.31032138
Lid8SLUxQ9RmF7XMqUA8c24RitTwzja8VSKngJxRcUa,4PgzyzLtds9bKZ2to9PMnKqJzKEUpjvNUaeN23phegax,AtymwxoVN9peZo7EXTcDz9jKVc4vRmisJKKrNfe3ewBa,270.9001105030038,229.05748715100174,50439.55578633147,186.19245186971668,5.043955578633147,157.0278275294278,954.561076615,7633.385961928,1376386.0816095287
MAR3XM1n9xWPQ3HJjAcC85o8DopWFP5p2WxGTaZ3fPB,6qG7GUhER8Cg9gDEgnebph9LdS6eu2eoWcA4R7z9uizK,4QV4CwRXVMY227KkFF9voNAfwWHVvVajXSXDKbUHkWZR,0.20611900000000105,0.0035580000000000056,0.19060508066910092,0.924733191355964,7.624203226764038e-05,0.016939302194593317,0.095781,25.078166,0.5133785021614411
wrmcMSHFi3sWpAEy4rGDvQb3ezh3PhXoV2xNjgLBkKU,8p4mGnARWPBu6P2Gcw4adodLkNDorrXniZMhaY7eJXUn,AyY89zccbsgp9LKFgH4CFZMJmpSgqmPSdTfukhP227rc,0.00953430999999888,0.04638514000000238,3.9793277016306114,417.3692382176664,0.0015917310806522447,3420.3235626090227,26.98953805,0.10635897,11628.385026961048
KEVpg4SYCVrqFxKijQH6hm4QxsRdoE51ud64bEEFUC9,2bPenuBYfqzD8p5dFjCcggwkHDsc2RQDnx9AoyYGUBjA,AE6n6iLuX8oYu61vt5hoDYkjswpnxFxrhSehxrnQTnbx,291.66380665499946,291.73289995199957,291.4104677991764,0.9991314011199108,0.11656418711967056,1.0,4704.001099962,2857.043163029,7556.958372903635
C2ypsDADXcCRz8HbV2zX1AXPSja7a1P3xZtRC91xGhJh,J9bYNuDpY1d1T86gLaw7DGk5D3CsUAf2tzUwxMvb6FTv,A2NGvvPrMGzsJ4jb52KEnSBVmsA7C34dV1GC7PerdgvG,17.711598312999854,18.03190834600082,2781.2138051642455,157.0278275294278,1.1124855220656984,153.03321784936605,2933.12418569,959.873631612,607474.6693272641
STK75uPSyBnEhGTTzb1nwmP3n427XoXmfRhXxxhyady,6TYyD5fUmDe6N65avW1Ny2RxzRNobw2RRgKwH9CTzSAU,54zDfk4cx2vGrEajPtodWpArNe5eUurytyxd4X3aZAxK,189.2091677859991,215.99965366299648,29711.104566086437,157.0278275294278,2.971110456608644,179.28813288262688,1924.725086895,317.886610396,359228.69583279686
moFiBS1R4Lf3E3zzmBPnw3NF4RhWPkhREFviuzUaCAU,44ALBrpqi9PfZkBRTvbtRNtFJGsatfY4QydjtMbFWq8S,2ho8qEEie1UjVwWNBo9y4oAJZMyMLx8zPj9bxyUz6uWs,22.93820363899431,22.944815145001485,22.918580773055,0.999144533449605,0.009167432309222002,1.0,36167.672520188,28273.154811403,64409.88709754434
YAkoNb6HKmSxQN9L8hiBE5tPJRsniSSMzND1boHmZxe,CfWX7o2TswwbxusJ4hCaPobu2jLCb1hfXuXJQjVq3jQF,EnTrdMMpdhugeH6Ban6gYZWXughWxKtVGfCwFn78ZmY3,4175231.619632007,4177649.6782120266,4175231.619632007,1.0,417.5231619632007,0.9966949595142507,2755024.085722,763822.847891,3516322.46817678
SoNcU2iwHMw6dGzsYNQkYFkUjwN1UdAjrWVRnStrZu2,8ivTTid27jZnYNc4w3CTA1Z6QS2twsFb8WMwUabeDJgc,CyXm53PMvHCbeXJBykU46Rcbo28xk5srhMZFg7gv6EYB,0.7729855379999986,0.7652244310000018,145.89494122003646,188.74213558706543,0.058357976488014586,183.3865368241083,11.681380078,15.30647548,5011.7701517862515
MiMy69CnJDY4V6cQWkU3HHfTyb8pqXJmhX4MisFYDnM,,,0.008172939,0.00925200000000001,0.0,0.0,0.0,183.3865368241083,11.681380078,15.30647548,2807.0015292603307
MiMUFdSLMyCLpqpH6zkqdDrGYs7XBomwENbivdYjv9V,,,0.030848203000000005,0.0356781129999999,0.0,0.0,0.0,183.3865368241083,11.681380078,15.30647548,2807.0015292603307
7dwD9TF6uikvHXxPFK9AsSim54yJoujQjY9vU6gNFumk,CquVr6atkvwueDYficKjn6SSEWq4F4rH4VSiBbW4GBWU,8BCa6ge3b7ho3TfZuM64Vk1hgbrJ3J7EPiAb9uP86CGd,0.00015946899999999976,0.00015610199999999998,0.029680202973882998,186.11895085491878,1.18720811895532e-05,188.74213558706543,0.004625342,0.002899561,1.4081331357901588
KZMu9QBEdL97EFgamLbN5DE1AoKBG4HdrKKJo4Vuon3,DD4ACBWyVqdaKWh7v5btsgqQCCMwbKnuL2xd9pv7Gyuw,GcYqiJ1MAuYbNTNYXm1F1gQYTfTgkErACAhNU5dpVj9T,8.433124879999923,8.430952800000114,8.480841230674956,1.0056582051557421,0.0033923364922699823,1.0,1345.68725563,1744.52530439,3097.826734587822
ALLwa5WNZbvQsRKAqe1jdRGemdYQnW8E5k4msbRFcYtu,CGoM82Hbz7QVqTgvQatYtjvDWBvoUJp5qm21P8iMs9yb,3dxNNww8TivyN5FMy5dCNdi3Zcxv6e4kUfSPxfFwpdNq,1.915728375000001,1.9132041890000009,6552.186794582396,3420.2065804774606,2.6208747178329586,3424.2353682422713,2.613527601,6.163426608,30043.827679878763
FrnkTEL6yZ5Aycq2TrEgu29dCrwKG4LPUZydfiwqspkc,DjvZuMZ46fxKBoBpGMPcRcos4xdTtHFxwMh69DpA2ZFY,9rvDPJLAng4uVVqnnSoEXgNDFhBZQTny9AoQioYDZbQX,35.9198893700011,29.50559852200007,6862.080426046547,191.0384621556627,2.7448321704186185,156.963694297509,165.748944337,1448.413774925,259012.80041369374
GokA1R67GqSavkd15zR62QD68Tuc5AEfvjssntVDEbM8,3YB7hfpBdbQEuZqLGWVDpRPmeZWCUsrrWyqGXegnQ6Cg,4DPCj6Z1DsG6HUtwSogBGqXEUxdEV5a8YVrrFtcnz7UW,7262.868808999994,7262.662682000002,7263.544318621627,1.0000930086498045,0.7263544318621628,1.0,16375.223205,16130.404019,32507.150261400544
MATSnbbiTCv7Dc3trJrkrqjx7ckKdr6fwPoVwv9q3sD,631WX9JizSHJm4w6VanZeJAst9T8DeUUnPLesdGkCVtK,211maUSfpnXbPuW1iBu8b4dtJv5EbN1j7JJiEX5TZKEP,115.7888669999993,115.79422900000282,115.71781626081517,0.9993863767646666,0.04628712650432607,0.9966949595142507,24740.888578,20879.671071,45536.36990668696
AURHmCnNwiW4uA2Qj1XvEh4iKgRUZYXtiY7FKAapUV5Y,BKWm4TRnTeKwfWXRyuzjRHU7iZDkPuXBX5b5V5jSVfGJ,A5Ww74HVrkj9nPeC7pHKLfgeDMEhBCpW1efQdz3TGLEg,0.007498193000174069,0.006613710999999967,1.3108055285574605,174.8161895175318,0.0005243222114229842,156.963694297509,272.509476749,1806.804881309,331241.8373777095
ionytDfEj1mXodptgrsKEZro7DGsfpzANUfarJdm6Qb,3gkSjY95an9xNFSjCfsay6JZez7uv7yfW3Ad4ubc4fMK,9wXqANaSuEqkKL9yHzCPEDGHwbkStVAqV5rB3QDs3Jr6,0.00016686400000000268,0.0006168679999998261,0.15498545014457224,928.8129862916492,6.199418005782889e-05,3420.2065804774606,3.149535812,0.084940609,3215.844192827777
BSCuChvaSj9b5HUSqgDVRzcnr2sSn7cXaamt1jbKH6hn,GnKpRj5kBVPMJfiwZtEuD9GYApLzPdW5JFuZTcyX4BTc,3dmwD9okkomV9nDwyuh4UMhKdUR13QpuKxRo89ycZB5t,82.966379125,82.84758746699981,83.2179625876615,1.0030323543743238,0.0332871850350646,0.9993594106177941,1262.090788785,1748.704484759,3013.502178542614
KysFMBBoavfov2tLpvefWW6tPFt6rAeZWDJVy1mMQae,B8ka2V21TH3x64dFV8ETcjuQcwmrciJ2qzy1mJUttRew,7fSf7EYxBANyxzk2s5pymFgshA91tFYQNKKs5UnLWcYS,14.638970999999856,17.96804899998824,0.0,0.0,0.0,0.016850335605606708,130563.113825,3097.01771,52.18578779000755
DEDaBEWzMCXohXYXoLzB4jK1xqMsd3SS9izXp2xvg9pe,,,9369590.561227102,10049497.906078259,0.0,0.0,0.0,0.016850335605606708,130563.113825,3097.01771,52.18578779000755
JSoLLrxK5bYdHwTEWYaGgmeycBCNXKDiBCTw5hXGBg7,xG4wXczA7Dk4hccJ61CHKpDHW4NrNfQwgmWgkb9BuF2,BVR6WgfhsRr9Lob4QDnkEAiNGgAbv7ZieKcY9kSg3QYR,0.9563926919999695,0.80724732500002,170.4069882365841,178.17679877941765,0.06816279529463365,156.51857609416658,17.129876565,172.154953703,29997.594790988995
HEDSDjj84KS7LKhZY7ejkCACTdPen62rKhCby1wXtgxc,EnnjMSFttpCTywBrYNt1J5QQeoSVkvzPipJDa8Y7kJow,6bjVT6JN2rSvpyn9PdfLYC8wJn4LWh49jpY47fnLDXZk,18.330502401002377,20.356601357000727,15.50976643023524,0.8461179126976417,0.006203906572094096,1.0,43677.975355148,4517.917911737,41474.63525009387
SAMyS8Jr2HJrkFwYVKbpUwsNStnQmvz3f8Tup8bWUWF,6jPzm5TFfquvgm25sTyN3MMGBfufRaFHMxobDWv6hMFW,Cj9ECoDmxsHTDzCY5ZA6RWrPbg9uFzEC1Qc2kso2vJG6,488.74043267998786,8.408804680000003,491.5058263159974,1.0056582051557421,0.19660233052639897,0.01762371803977902,422.13719893,111995.65707435,2398.3056197635433
4xeRVccqvUgiV6VeF6NkWqkAYeewcJPRWFVginvJw1n4,A7VkMFrnCCyeZFUrQ3TzDr4xFep7PZtxvy3jJnBjLB2a,PhfHJ2Yu99BsEjZrefhApqUnLUiExcECcUT1YLoNUUv,26.216375217000017,116.31120454699976,5.62155675720716,0.21442921497255119,0.002248622702882864,1.0,1346.490793498,18.033196804,306.76016062154366
SoN9GaFpSXfpyR5dth3x7PHPVhvJMpQqqDJfCSmPv1t,9kZ9iS68ViMPtoeqtnhAKuF2iqVyfHPdZHoUNdwCELr,BBhm5fJLjw3HRzjtKB8uMEYjGhY6EDm9co3cqpjrSzB9,0.05822907600000038,0.05692911800000022,11.117356123606873,190.92448115794934,0.004446942449442749,178.17679877941765,1.89377964,3.203195111,932.3039459383494
AUSejoEUCh2DBs9mof6BNC8Pubs22w4cJa1ccV9h44R,4xkyD7AfGQDwsQMy9MosRRNGoVJ1zosNinesxg1TzHG7,Cbm5gsQe3nSiCsFrvepVzMCD9xLK3ri9g3ypS2hdmVJ7,875.3558779999985,874.5494099999996,875.7026562518741,1.0003961568781237,0.08757026562518742,1.0,14325.421612,14562.908404,28894.005130303616
BkwbeSfcX1h4thMDd7obGkHrPevf3QwgzJ4pCEqG18Lu,35yX27bmurdebhfAb8EPmjLETDiUaEUCn9zHaDPbakH2,2CxECn1ZJFoESyUnQysQU8rRgT3iJ5GRs2Mdd6gZjx5g,0.035850119999999874,0.04206500000000091,65.24372133653614,1819.902453228507,0.026097488534614455,1543.2098765432097,1.51803299,21.14005543,35386.21429282972
daob129AwBGn9Y5r91uLoWZeYiGzbPmksauMhFZKTze,6VW5GQNyj4LStgmxEHLr5zUfW92vQnmbw8jTnCH7a38F,4VPCCUifPeBA1c7HWK358CHn2nyjm8pdTRk6Ps3KmnMQ,11.329679248999895,10.085842408999987,1900.513161300413,167.74642243011223,0.7602052645201653,156.51857609416658,47.988033952,224.778005861,43231.754429552704
BSCNHw8CmxbZ8hCWWzMf5FaG2ajPT6JxfznKUNuRVrn4,7n9kgNL633yGzCYksgnzHyjG73ZLBAwvEae5sbAekbzW,SscdxE99omdG9AiMVwmaEMQySQnCgeAh1sPj2Leutm2,31.597057313999358,31.605418765999275,31.583844023349126,0.999581818948552,0.012633537609339652,1.0,6002.006522493,5713.070556894,11712.567153988628
