0,1,2,3,4,5,6,7,8,9,10,11
C2ypsDADXcCRz8HbV2zX1AXPSja7a1P3xZtRC91xGhJh,J9bYNuDpY1d1T86gLaw7DGk5D3CsUAf2tzUwxMvb6FTv,A2NGvvPrMGzsJ4jb52KEnSBVmsA7C34dV1GC7PerdgvG,21.058860181999876,21.44189076300063,3391.7647459960394,161.06117409408324,1.3567058983984157,159.9894023019915,1938.968151692,639.208952607,414559.14531622396
SoNcU2iwHMw6dGzsYNQkYFkUjwN1UdAjrWVRnStrZu2,8ivTTid27jZnYNc4w3CTA1Z6QS2twsFb8WMwUabeDJgc,CyXm53PMvHCbeXJBykU46Rcbo28xk5srhMZFg7gv6EYB,1.4410749839999983,1.4257938070000051,279.05912279298633,193.64649715755988,0.11162364911719455,186.91679623115925,11.649732724,15.338902724,5123.02848969588
Dg3mAgpwDfVNnbGWcsxL8sUcSkEbjSJQhKAWNigG44Ju,EATxwd8YA2wV93VJcKMmH2Kn2Y9XfJVUB9hHVu3udwEy,GiGvrRi7NMHfHKanG2B8xyCEqe8jaafWins8bhrLVEaa,0.019573069999999998,0.019399426999999997,3.834828851806622,195.9237284599004,0.0015339315407226488,193.64649715755988,0.137357025,0.18096745,61.955213260195606
KysFMBBoavfov2tLpvefWW6tPFt6rAeZWDJVy1mMQae,B8ka2V21TH3x64dFV8ETcjuQcwmrciJ2qzy1mJUttRew,7fSf7EYxBANyxzk2s5pymFgshA91tFYQNKKs5UnLWcYS,85.41895000000022,105.48545100000047,0.0,0.0,0.0,0.020446033910033485,130668.599276,3011.59876,61.57525037037479
SUiuyGR7SFq3xeRVJonq84fjjeFwRSsFekcevJ53tzy,49GjCCPsv7fBqo6t3iKDrP1xxGDS8uWZbVCdfnp2gjMf,CEwj5xEbbJEjYqM8D6Ai8ByGz1mrh8mkAVsE5fzDSSSx,13.195294999999987,1.5197989999999881,0.0840231108247759,0.006367656867449798,3.360924432991036e-05,0.943077715262204,684.542055,1.372386,5.6531955709167825
daob129AwBGn9Y5r91uLoWZeYiGzbPmksauMhFZKTze,6VW5GQNyj4LStgmxEHLr5zUfW92vQnmbw8jTnCH7a38F,4VPCCUifPeBA1c7HWK358CHn2nyjm8pdTRk6Ps3KmnMQ,13.49926538099993,12.026962499000028,2377.69910059957,176.13544392913084,0.951079640239828,161.06117409408324,47.916175314,224.860625267,44656.05312335015
BUSDgu5JdqP1rndBvXvanbEufS94FNh1w5FJcAj6vawb,Bgzr8cWubt89JQFXndVjtdKmDbGzuPxNhvjH1EhWCwbo,Dxaf8xPBBQsasRKW5Aa4Sw2YrbfGofY9xZueyyF23FBW,1989.4531889699983,1988.7901998099978,1990.3280575709841,1.0004397532979596,0.7961312230283938,0.9198684812519718,7490.03941843,7798.61849947,14667.036542937103
MiMy69CnJDY4V6cQWkU3HHfTyb8pqXJmhX4MisFYDnM,,,0.01733993899999998,0.01652801700000001,0.0,0.0,0.0,0.9198684812519718,7490.03941843,7798.61849947,7173.703354971
KEN5P7p3asnb23Sw6yAmJRGvijfAzso3RqfyLAQhznt,9zj4aX38Uxf3h6AUjS4EipWS8mwbEofasHAf3a1uKGds,CwQDG1MWunn9cLNwcZLd8YBacweSR7ARo32w4mLua1Yr,91525.29562099976,91526.81908099959,91404.09379263074,0.9986757559476135,9.140409379263074,1.0,945982.695032,965578.9568,1910308.9398744432
DEDaBEWzMCXohXYXoLzB4jK1xqMsd3SS9izXp2xvg9pe,,,11023831.340231154,8346681.008446427,0.0,0.0,0.0,1.0,945982.695032,965578.9568,965578.9568
MAR3XM1n9xWPQ3HJjAcC85o8DopWFP5p2WxGTaZ3fPB,6qG7GUhER8Cg9gDEgnebph9LdS6eu2eoWcA4R7z9uizK,4QV4CwRXVMY227KkFF9voNAfwWHVvVajXSXDKbUHkWZR,0.43315099999999873,0.008254999999999998,0.4084950554435377,0.943077715262204,0.00016339802217741508,0.020303040749867635,0.104036,24.645015,0.5984827770111177
HEDSDjj84KS7LKhZY7ejkCACTdPen62rKhCby1wXtgxc,EnnjMSFttpCTywBrYNt1J5QQeoSVkvzPipJDa8Y7kJow,6bjVT6JN2rSvpyn9PdfLYC8wJn4LWh49jpY47fnLDXZk,21.640376369003206,24.43912525399628,18.5575321694398,0.8575420248245245,0.007423012867775921,0.9995990168519839,43673.964695775,4521.4583602,41971.9054489228
AURHmCnNwiW4uA2Qj1XvEh4iKgRUZYXtiY7FKAapUV5Y,BKWm4TRnTeKwfWXRyuzjRHU7iZDkPuXBX5b5V5jSVfGJ,A5Ww74HVrkj9nPeC7pHKLfgeDMEhBCpW1efQdz3TGLEg,0.011142378999863922,0.009856822000074317,1.972588118572895,177.03473545433928,0.0007890352474291581,160.83834090104534,272.519090842,1806.793981659,338847.0915134979
RoBgmK8CvjdHvPrqdDyVw54VwjZv2TqJ493xnqJAQHx,ExiHJxM7qPAcy27NDHAF6G7vnW7muNHi2sVJpnaNynGQ,6rkPHSqZb7StM4HwS9EuVrmfkV7tRdc7dnsFhyB6cefE,48.720403999999284,58.45504500000027,0.0,0.0,0.0,0.9365786407621501,6261.91431,19.026277,17.81960465142416
GokA1R67GqSavkd15zR62QD68Tuc5AEfvjssntVDEbM8,3YB7hfpBdbQEuZqLGWVDpRPmeZWCUsrrWyqGXegnQ6Cg,4DPCj6Z1DsG6HUtwSogBGqXEUxdEV5a8YVrrFtcnz7UW,6143.878431000005,6143.675439999997,6144.5604772129755,1.0001110123223678,0.6144560477212976,1.0,15642.588706,16863.378908,32507.704134100095
JSoLLrxK5bYdHwTEWYaGgmeycBCNXKDiBCTw5hXGBg7,xG4wXczA7Dk4hccJ61CHKpDHW4NrNfQwgmWgkb9BuF2,BVR6WgfhsRr9Lob4QDnkEAiNGgAbv7ZieKcY9kSg3QYR,0.8423827789999692,0.7128586190000021,156.35349958543745,185.60861342755817,0.06254139983417498,160.83834090104534,17.160969483,172.118140986,30868.41998597272
MiMuMS9C4vBqcrYeeQPph1E7oAW9aNKvW9k6Zw9XffM,Afy2q2hh6Y474pshJa5fnQ6PfEchGyTbKrQpCZw2hr3m,5pXz9ksgjeL8Wgb37bksUaBFMLdFfsNNY3FQnikkCPtS,4.771275815999616,0.072172762000001,0.0,0.0,0.0,0.020932221070461648,26.001811039,7674.138779156,160.63676945069605
BSC8REUo9LpiiWUuqMuLXs2D2yJsJfGd4HdiF3wCLxk5,AZjEH1zWVx1UJ6udMyRijGTzPteuLnaY18yNNmprJEsh,Caf8ypkSVR8xYnXNhjvfvdGCC7mrM3C11rz8Xi6NA6aK,231.3296048279999,231.59161552500018,230.85804218641172,0.99796151192175,0.0923432168745647,0.9995990168519839,3408.014800118,2834.591510003,6234.522489153439
C98Sspw7XqnMsgxea3SLQVdbMDL8pKUc3RE82UvX9eq2,CSqgQJurPCzGxb4Cgwx5R61hWQUiaoUHcShNc8r1cKEL,6S2CR5EnukPhC914XkAns8m5GixjMAoUuZMsS5ubHuWc,34.53468699999999,35.637754000000086,0.0,0.0,0.0,1.0,840.787274,203.843102,203.843102
Lid8SLUxQ9RmF7XMqUA8c24RitTwzja8VSKngJxRcUa,4PgzyzLtds9bKZ2to9PMnKqJzKEUpjvNUaeN23phegax,AtymwxoVN9peZo7EXTcDz9jKVc4vRmisJKKrNfe3ewBa,31.328172980994168,26.419376527000395,5973.860496596182,190.68652679555677,0.5973860496596183,160.83834090104534,955.008931055,7632.856899845,1409763.3762277814
SoN9GaFpSXfpyR5dth3x7PHPVhvJMpQqqDJfCSmPv1t,9kZ9iS68ViMPtoeqtnhAKuF2iqVyfHPdZHoUNdwCELr,BBhm5fJLjw3HRzjtKB8uMEYjGhY6EDm9co3cqpjrSzB9,0.24317334200000085,0.2380625810000001,47.56071883233475,195.58360485227277,0.019024287532933903,185.60861342755817,1.896240281,3.200752839,964.960806195177
Sid7E679i9ABqptiAVhkmQ27YHN8vaYT4fppPwmxFsJ,GP7KB8o1bv527HG8kTzzzf4wJ5aEGHvcMQvVhLziUfmT,9gYxhAZ1M9wu5pxr8SBoa5NDm21gi3s9vMHaYTME77sa,415.7174600000071,1323.0276919999815,2.647146139087832,0.006367656867449798,0.001058858455635133,0.020303040749867635,137562.008056,8218.391795,1042.8060088102357
YakoMPuYrybnr9R7VC7hVGxMz94fJvPFCdZ4gmW61Ed,,,0.08402599999999993,0.08398699999999981,0.0,0.0,0.0,0.020303040749867635,137562.008056,8218.391795,166.85834351226282
BSCuChvaSj9b5HUSqgDVRzcnr2sSn7cXaamt1jbKH6hn,GnKpRj5kBVPMJfiwZtEuD9GYApLzPdW5JFuZTcyX4BTc,3dmwD9okkomV9nDwyuh4UMhKdUR13QpuKxRo89ycZB5t,31.00609671799998,30.953470215999914,31.03102505754561,1.0008039818675776,0.012412410023018244,0.9992216063686388,1293.044259001,1717.698388041,3010.4451856943615
moFiBS1R4Lf3E3zzmBPnw3NF4RhWPkhREFviuzUaCAU,44ALBrpqi9PfZkBRTvbtRNtFJGsatfY4QydjtMbFWq8S,2ho8qEEie1UjVwWNBo9y4oAJZMyMLx8zPj9bxyUz6uWs,186.818206491007,186.6642240000001,186.62605108328225,0.9989714310433977,0.0746504204333129,0.9995990168519839,35699.144151126,28741.319035403,64392.21937049293
wrmcMSHFi3sWpAEy4rGDvQb3ezh3PhXoV2xNjgLBkKU,8p4mGnARWPBu6P2Gcw4adodLkNDorrXniZMhaY7eJXUn,AyY89zccbsgp9LKFgH4CFZMJmpSgqmPSdTfukhP227rc,0.006811479999998857,0.023971759999999384,2.9108888888884,427.3504273504273,0.0011643555555553601,3455.7832532743546,26.9818057,0.1073074,11901.517312453607
MiMUFdSLMyCLpqpH6zkqdDrGYs7XBomwENbivdYjv9V,,,0.08325620300000001,0.0778995939999999,0.0,0.0,0.0,3455.7832532743546,26.9818057,0.1073074,370.83111587241245
7dwD9TF6uikvHXxPFK9AsSim54yJoujQjY9vU6gNFumk,CquVr6atkvwueDYficKjn6SSEWq4F4rH4VSiBbW4GBWU,8BCa6ge3b7ho3TfZuM64Vk1hgbrJ3J7EPiAb9uP86CGd,0.0003214440000000006,0.0003166499999999999,0.06134382994932491,190.83831071454063,2.4537531979729964e-05,193.53518924548177,0.004303898,0.003216211,1.44379862834609
FrnkTEL6yZ5Aycq2TrEgu29dCrwKG4LPUZydfiwqspkc,DjvZuMZ46fxKBoBpGMPcRcos4xdTtHFxwMh69DpA2ZFY,9rvDPJLAng4uVVqnnSoEXgNDFhBZQTny9AoQioYDZbQX,12.413151368000399,10.202268841000091,2430.6446187520582,195.81205019524418,0.9722578475008233,160.9295548575862,165.960948668,1448.158858533,265548.7140778146
WiiQFxXqp8P9Fs1rt9SVcDyA3KUdJmUsog6wnVQAwba,3S2jpqSYxho6wiz3cafhjXruVY8cg4HYa2v3BqBHYFSj,Dfe67M6TfrG74gKRtdqys4e6E9QirPD53BkF4FujFjuv,2091.710904431,2091.614795086003,2091.250436179959,0.9997798604720824,0.20912504361799586,0.9995990168519839,13376.417778651,13503.878789906,26871.93706243438
Cob4usZcpHEY7Qt4ZCwj6WVg9S44zvzYV2v9qYF65dTf,NhFM9UXE48PyNAyeyPYA3iXztqKVJwA4bTdLj4ysM8w,6TuFuynuBoeskxyR2cz4wxyidk8dpDK7kAWw3UkjQGx,7.918566999999996,1343.5517550000077,0.05042271753791132,0.006367656867449798,2.016908701516453e-05,1.0,38321.281295,75.608727,319.6254970075822
ercAoEmXjQzEvAFbdjAo81KtMxRGn9AW1ju882upmPH,CMRhskR2Eg6V42RTSdRTXGdozyPbWB8U9dVpijPWb9T4,7TKLLgrWswt6ZJ1pXhVR3FyufHGjJFqiEXxvWJfDcgRm,0.22135290699999643,0.25,35.6222247899421,160.9295548575862,0.014248889915976842,95.18963011784666,49.066780094,411.645775237,47080.70416320676
BSCNHw8CmxbZ8hCWWzMf5FaG2ajPT6JxfznKUNuRVrn4,7n9kgNL633yGzCYksgnzHyjG73ZLBAwvEae5sbAekbzW,SscdxE99omdG9AiMVwmaEMQySQnCgeAh1sPj2Leutm2,11.648117482000089,11.656744596999488,11.63549254207871,0.9989161390292561,0.004654197016831484,0.9995990168519839,6013.66326709,5701.422439412,11706.281557277682
4xeRVccqvUgiV6VeF6NkWqkAYeewcJPRWFVginvJw1n4,A7VkMFrnCCyeZFUrQ3TzDr4xFep7PZtxvy3jJnBjLB2a,PhfHJ2Yu99BsEjZrefhApqUnLUiExcECcUT1YLoNUUv,7.369121046000002,42.42006615399987,1.579654438117723,0.21436130961306002,0.0006318617752470893,0.9995990168519839,1346.490793498,18.033196804,306.66149567213637
KZMu9QBEdL97EFgamLbN5DE1AoKBG4HdrKKJo4Vuon3,DD4ACBWyVqdaKWh7v5btsgqQCCMwbKnuL2xd9pv7Gyuw,GcYqiJ1MAuYbNTNYXm1F1gQYTfTgkErACAhNU5dpVj9T,45.66457196000033,45.4885217799997,45.9828394241039,1.006969680223486,0.01839313576964156,0.9198684812519718,1300.25369189,1790.24483439,2956.1058412113975
vEnkoSUkpnbRrPgBz9DfcVxNz67zjwMYBZraAvDDNSf,DtfyjjsZ5yCjWKLKHvwsfXs5QVsmm1QkK6Sh9JZHoq1g,e5wrKCRv4GhHvEf1VD5Pq2KGaZDXP77nTL612Jyrxwy,10551.783468000027,10552.022280999961,7053.05303333627,0.6684228362651473,0.705305303333627,0.9983248109671969,21230.624227,21093.03454,35248.73378136095
Lee1XZJfJ9Hm2K1qTyeCz1LXNc1YBZaKZszvNY4KCDw,9DgFSWkPDGijNKcLGbr3p5xoJbHsPgXUTr6QvGBJ5vGN,2hNHZg7XBhuhHVZ3JDEi4buq2fPQwuWBdQ9xkH7t1GQX,1564.6994720230368,1302.0590520699998,302030.3760050783,193.02772283458123,30.203037600507837,160.46952098082824,6449.114838138,54171.082427893,9937665.59972144
BUSDTd9WiT6uBHJRgNvFXBsA7JrifsAtWzKfioN7ERcy,DyBxrn7gSc1EwnpWhDyhzvMHPtxpmBqRqotapLcKcfTM,Cds99GeBgoCpqBsoRWu1C6fF9LiUMd4pXQQD24s9LPff,272.70470611000013,272.99609454000006,271.69864406882346,0.9963108005889313,0.02716986440688235,0.9992555546118143,115.24384895,71.35176854,186.11734245529584
BkwbeSfcX1h4thMDd7obGkHrPevf3QwgzJ4pCEqG18Lu,35yX27bmurdebhfAb8EPmjLETDiUaEUCn9zHaDPbakH2,2CxECn1ZJFoESyUnQysQU8rRgT3iJ5GRs2Mdd6gZjx5g,0.035850119999999874,0.04206500000000091,65.22116906507517,1819.2733822111447,0.026088467626030072,1545.595054095827,1.51977386,21.13800769,35435.68426958184
parEAJhzYzHW87y9VoZAQ22dzQ2MD2ekEtTReaxbMcz,3oyc6hpjYSJEquK6dSvG72NXyz3pqLZz5D8AC71pwgQb,Di2vordgFJVZ1aj1aBpvzXtLfZgJsuLLXawGtVFwX6Rz,0.15331284099997333,0.18265371400025288,22.5949340299359,147.37796183647677,0.009037973611974361,175.59906939517182,1107.136609276,136.108188212,187068.00813673472
YAkoNb6HKmSxQN9L8hiBE5tPJRsniSSMzND1boHmZxe,CfWX7o2TswwbxusJ4hCaPobu2jLCb1hfXuXJQjVq3jQF,EnTrdMMpdhugeH6Ban6gYZWXughWxKtVGfCwFn78ZmY3,4286183.389865011,4288430.184797009,4286183.389865011,1.0,428.6183389865011,0.9946596722198516,2734390.464189,787527.311661,3517712.1218699114
ALLwa5WNZbvQsRKAqe1jdRGemdYQnW8E5k4msbRFcYtu,CGoM82Hbz7QVqTgvQatYtjvDWBvoUJp5qm21P8iMs9yb,3dxNNww8TivyN5FMy5dCNdi3Zcxv6e4kUfSPxfFwpdNq,0.7949587969999987,0.7937238199999994,2754.4395447143156,3464.8834066733652,1.1017758178857264,3462.83169599108,2.613919321,6.163071409,30398.60470145741
KEnkcdADoLR5jS2CLLLesy8TtFsyWL37BhXNfDMzWzP,3qsjFRuw1qeLMPo4DLwaQevenGAGBj9dA3Q6rb8ax2YR,77iEv8zPQAEyCcEbvBRSB6AFcUdfkhiqnAKtPxk76rNN,4.093695999999995,1.4640060000000024,0.026067251447651738,0.006367656867449798,1.0426900579060695e-05,0.9946596722198516,126.872685,0.243334,1.0499162406119904
KwnjUuZhTMTSGAaavkLEmSyfobY16JNH4poL9oeeEvE,J63v6qEZmQpDqCD8bd4PXu2Pq5ZbyXrFcSa3Xt1HdAPQ,BnKQtTdLw9qPCDgZkWX3sURkBAoKCUYL1yahh6Mw7mRK,255.40525900002206,10435.707781999685,5.007911003136704,0.019607705114389487,0.0005007911003136705,1.0,277576.465176,576.243389,6018.880864865611
STK75uPSyBnEhGTTzb1nwmP3n427XoXmfRhXxxhyady,6TYyD5fUmDe6N65avW1Ny2RxzRNobw2RRgKwH9CTzSAU,54zDfk4cx2vGrEajPtodWpArNe5eUurytyxd4X3aZAxK,389.8774840889998,445.07269248599846,62563.453112972275,160.46952098082824,6.256345311297228,183.2957454857924,1876.934629705,309.97749164,358008.35635505937
B2izdXFYb2sNwbWWHmh75T4aQFtfXsUxem9u2p61HGzf,4DYwgJtxwuJdAjkj5RJSNH4e7U329V5cNp7d3a1nLrZv,EXNW64GEf1ACC6xY9BtKRiunrs6GoJSXBdxWN2eTPmrF,3862.0401530000145,3825.7274860000107,3660.111785778609,0.9477145862751974,0.3660111785778609,1.0,11035.474084,28715.383407,39173.86316286872
SAMyS8Jr2HJrkFwYVKbpUwsNStnQmvz3f8Tup8bWUWF,6jPzm5TFfquvgm25sTyN3MMGBfufRaFHMxobDWv6hMFW,Cj9ECoDmxsHTDzCY5ZA6RWrPbg9uFzEC1Qc2kso2vJG6,2386.422592160001,45.40103693999998,2402.2585447353363,1.0066358542813667,0.9609034178941345,0.020865232165471755,467.53823587,109609.23448219,2757.662876424727
AUSejoEUCh2DBs9mof6BNC8Pubs22w4cJa1ccV9h44R,4xkyD7AfGQDwsQMy9MosRRNGoVJ1zosNinesxg1TzHG7,Cbm5gsQe3nSiCsFrvepVzMCD9xLK3ri9g3ypS2hdmVJ7,29.150501000000077,29.161662999998953,29.162136692540404,1.0003991592645467,0.00291621366925404,1.0,14325.421612,14562.908404,28894.048140754967
SEQV6QiTpvTzrceiaYg9Avnwf7oc8ZALpnQMz6TyT4A,3dFMPj4r9mMmPHF32mz1gNDX7f8ftidWof7S8YiYTs1j,Fc1ED3YPeQfXQosHbd8DTaBd2AV5gHQtwiSAL5C5pUhi,50.824936635000086,50.97136899999987,50.90345444993729,1.0015448679356176,0.02036138177997492,0.9991028056804988,1176.674975894,4395.759655134,5570.308587876423
MATSnbbiTCv7Dc3trJrkrqjx7ckKdr6fwPoVwv9q3sD,631WX9JizSHJm4w6VanZeJAst9T8DeUUnPLesdGkCVtK,211maUSfpnXbPuW1iBu8b4dtJv5EbN1j7JJiEX5TZKEP,3396.5344670000086,3395.8947659999976,3395.9062243485037,0.9998150342186695,1.3583624897394015,0.9984075399737419,21743.042896,23878.342151,45579.338022713455
RajgMbScQbqqrdJfR2rxfHJiTiY5b6bJ2tTXiF4aPxy,725ZA3fhyBAKb5iopNRrcbSuQa3LXA1656Q3mBvYPxeg,GLA6i1dSZpUfk2f9Nj8uiG7xyDdAR2reff8oEiZH3617,2686.255683590003,2694.2457149000256,2678.8069661518516,0.9972271003524888,1.0715227864607406,0.9198684812519718,141601.41705082,42768.11223079,180549.80897514336
MARpDPs5A7XiyCWPNH8GsMWPLxmwNn9SBmKvPa9LzgA,6YjT74rmcfCpw8LSjPNx5JTmZoYLGrTKnf9arfSgZ4SR,F8GSmi3vA8M8TsybLya1LQ4n1aFHCRbZ6k437PeTdXtg,22400.754851999984,23289.95666500038,20592.487352594,0.919276492629241,8.236994941037599,1.0,294671.215876,18102.062847,288986.38465628325
MATgk4zXLXtYkwBH678J1xZbRDZ45LicNzkRBHkxTuY,y8dALFo1bJrSzPYjMX14HJX448pXqYmrfXHD1K8MXih,GN7Yuet3UyiWS5YVkEHv6oQKi4HGBJc3XDPt9zQhAqZz,157.4725440000002,157.48204700000133,157.50294206781928,1.0001930372561905,0.06300117682712772,1.0,4174.979256,3921.736199,8097.52138154023
7oAd7xG4m3oC2qeWB1szghTebAZyyGPAFDJ4wwwbRSNi,D9yh4KAysxt9GLacVe4Wwh2XqghhcjTCSTV9HuM7TBJd,HDYfJLpZKaMFb84jM4mRytn7XLR8UFZUnQpSfhJJaNEy,216.17850042602367,19.23134637102271,216.09181649038945,0.9995990168519839,0.08643672659615578,0.0288149724618109,1089.173820116,293080.448726018,9533.842138904263
heyk4SZTeCUV6a65WiVA5bzic3KcxgVf1qxobfeV4tQ,9ZDpBKPqMABtGfq66FbVribaArMvtk63xxy91onZAtDt,DaTP4s6N7xxSPinbNZ3FB52EpRDRt87QShTuN3VPCW52,1.6447238420005306,1.4118505860003552,293.6006521350459,178.51060745731633,0.11744026085401836,161.01260181229344,602.282963795,4498.554336525,831837.835846104
