0,1,2,3,4,5,6,7,8,9,10,11
SUiuyGR7SFq3xeRVJonq84fjjeFwRSsFekcevJ53tzy,49GjCCPsv7fBqo6t3iKDrP1xxGDS8uWZbVCdfnp2gjMf,CEwj5xEbbJEjYqM8D6Ai8ByGz1mrh8mkAVsE5fzDSSSx,1.0202380000000084,9.1092950000001,0.005868056594647928,0.005751654608677465,2.3472226378591714e-06,0.952192327615101,696.140966,1.300819,5.242592266799031
B2izdXFYb2sNwbWWHmh75T4aQFtfXsUxem9u2p61HGzf,4DYwgJtxwuJdAjkj5RJSNH4e7U329V5cNp7d3a1nLrZv,EXNW64GEf1ACC6xY9BtKRiunrs6GoJSXBdxWN2eTPmrF,1361.4509579999867,1352.58943300001,1355.6946783955193,0.9957719522905742,0.13556946783955193,1.0,12519.390155,27221.183086,39687.640662131744
KwnjUuZhTMTSGAaavkLEmSyfobY16JNH4poL9oeeEvE,J63v6qEZmQpDqCD8bd4PXu2Pq5ZbyXrFcSa3Xt1HdAPQ,BnKQtTdLw9qPCDgZkWX3sURkBAoKCUYL1yahh6Mw7mRK,205.23595499999976,10514.669133000192,3.8913545722610903,0.018960394012155886,0.00038913545722610906,1.0,278970.155664,548.513182,5837.897251021901
Lee1XZJfJ9Hm2K1qTyeCz1LXNc1YBZaKZszvNY4KCDw,9DgFSWkPDGijNKcLGbr3p5xoJbHsPgXUTr6QvGBJ5vGN,2hNHZg7XBhuhHVZ3JDEi4buq2fPQwuWBdQ9xkH7t1GQX,922.3002214121079,765.81616996301,190801.1290037316,206.87529350432266,19.080112900373162,171.729008876329,6305.340110287,53308.302816148,10459001.093456516
ALLwa5WNZbvQsRKAqe1jdRGemdYQnW8E5k4msbRFcYtu,CGoM82Hbz7QVqTgvQatYtjvDWBvoUJp5qm21P8iMs9yb,3dxNNww8TivyN5FMy5dCNdi3Zcxv6e4kUfSPxfFwpdNq,0.2721637080000012,0.2726672629999993,862.6424976228247,3169.5721077654516,0.34505699904912995,3169.039749265575,2.4090481,6.369792551,27821.777452720125
C2ypsDADXcCRz8HbV2zX1AXPSja7a1P3xZtRC91xGhJh,J9bYNuDpY1d1T86gLaw7DGk5D3CsUAf2tzUwxMvb6FTv,A2NGvvPrMGzsJ4jb52KEnSBVmsA7C34dV1GC7PerdgvG,6.716791479999756,6.851734499999111,1153.467943689329,171.729008876329,0.4613871774757317,173.15921366323164,2119.370554795,660.818000844,478384.13021727663
SAMGk1Nd4haC8zQA63DG37pzuEZy8j4q13tSFtCbcRE,9U9TnkHD3jXMAVZtynCVLgDruuqN4pTvLJTmVHCLWS8g,C6zoEbvqSknmi96QWq96UBiPCyNW3YSTvKhavR2BfifE,0.0036298399999998843,0.006889000000001033,0.006482088646022865,1.7857780635022678,2.592835458409146e-06,0.0,53.64663967,1.13595514,95.80099230329654
HEDSDjj84KS7LKhZY7ejkCACTdPen62rKhCby1wXtgxc,EnnjMSFttpCTywBrYNt1J5QQeoSVkvzPipJDa8Y7kJow,6bjVT6JN2rSvpyn9PdfLYC8wJn4LWh49jpY47fnLDXZk,23.514951584994378,26.38658011599091,20.682644315685753,0.8795529193810457,0.008273057726274301,0.9997971341628984,43667.510640059,4527.211172621,42934.1792217035
Dg3mAgpwDfVNnbGWcsxL8sUcSkEbjSJQhKAWNigG44Ju,EATxwd8YA2wV93VJcKMmH2Kn2Y9XfJVUB9hHVu3udwEy,GiGvrRi7NMHfHKanG2B8xyCEqe8jaafWins8bhrLVEaa,0.0017867779999999889,0.0017675389999999847,0.3741345623725442,209.39062512105397,0.0001496538249490177,206.87529350432266,0.133305128,0.185074383,66.20016138701854
daob129AwBGn9Y5r91uLoWZeYiGzbPmksauMhFZKTze,6VW5GQNyj4LStgmxEHLr5zUfW92vQnmbw8jTnCH7a38F,4VPCCUifPeBA1c7HWK358CHn2nyjm8pdTRk6Ps3KmnMQ,15.07972270899998,13.431835416999974,2868.681358022198,190.23435731414958,1.1474725432088793,171.729008876329,46.987743657,220.193340919,46752.26741341889
SAMyS8Jr2HJrkFwYVKbpUwsNStnQmvz3f8Tup8bWUWF,6jPzm5TFfquvgm25sTyN3MMGBfufRaFHMxobDWv6hMFW,Cj9ECoDmxsHTDzCY5ZA6RWrPbg9uFzEC1Qc2kso2vJG6,353.56190420999735,188.52038475999046,355.7868349718355,1.0062929029834522,0.1423147339887342,0.019104501682471853,443.28236779,110837.11253664,2563.5597036613385
WiiQFxXqp8P9Fs1rt9SVcDyA3KUdJmUsog6wnVQAwba,3S2jpqSYxho6wiz3cafhjXruVY8cg4HYa2v3BqBHYFSj,Dfe67M6TfrG74gKRtdqys4e6E9QirPD53BkF4FujFjuv,2708.056433423004,2706.9793175670056,2709.0538664208125,1.000368320610124,0.27090538664208125,0.9997971341628984,10557.208711886,16325.74809479,26883.533307676407
SoN9GaFpSXfpyR5dth3x7PHPVhvJMpQqqDJfCSmPv1t,9kZ9iS68ViMPtoeqtnhAKuF2iqVyfHPdZHoUNdwCELr,BBhm5fJLjw3HRzjtKB8uMEYjGhY6EDm9co3cqpjrSzB9,0.31185839199999865,0.305156094,65.25077761099628,209.23207226373617,0.026100311044398517,201.69947947415332,1.884126657,3.213789752,1042.4394449692238
Cob4usZcpHEY7Qt4ZCwj6WVg9S44zvzYV2v9qYF65dTf,NhFM9UXE48PyNAyeyPYA3iXztqKVJwA4bTdLj4ysM8w,6TuFuynuBoeskxyR2cz4wxyidk8dpDK7kAWw3UkjQGx,6.400483000000023,1076.2116239999887,0.0368133675447119,0.005751654608677465,1.4725347017884762e-05,1.0,39155.802052,70.625234,295.83588332884835
Lid8SLUxQ9RmF7XMqUA8c24RitTwzja8VSKngJxRcUa,4PgzyzLtds9bKZ2to9PMnKqJzKEUpjvNUaeN23phegax,AtymwxoVN9peZo7EXTcDz9jKVc4vRmisJKKrNfe3ewBa,30.801522806017147,26.001042531000394,6267.000240294442,203.46397416007528,0.6267000240294442,171.41074471112148,955.183459399,7632.674601061,1502667.8602068175
parEAJhzYzHW87y9VoZAQ22dzQ2MD2ekEtTReaxbMcz,3oyc6hpjYSJEquK6dSvG72NXyz3pqLZz5D8AC71pwgQb,Di2vordgFJVZ1aj1aBpvzXtLfZgJsuLLXawGtVFwX6Rz,0.14445872599992526,0.15942659700016293,23.91091112529674,165.52071160664335,0.009564364450118696,197.49232149854015,1107.800335932,135.552370962,210134.45234745988
RajgMbScQbqqrdJfR2rxfHJiTiY5b6bJ2tTXiF4aPxy,725ZA3fhyBAKb5iopNRrcbSuQa3LXA1656Q3mBvYPxeg,GLA6i1dSZpUfk2f9Nj8uiG7xyDdAR2reff8oEiZH3617,31090.55086348,31097.47264352003,31081.701281491132,0.999715361042404,12.432680512596454,1.0,96701.17655312,87647.51718305,184321.16881407762
BSCuChvaSj9b5HUSqgDVRzcnr2sSn7cXaamt1jbKH6hn,GnKpRj5kBVPMJfiwZtEuD9GYApLzPdW5JFuZTcyX4BTc,3dmwD9okkomV9nDwyuh4UMhKdUR13QpuKxRo89ycZB5t,610.3443440440001,610.9309920069998,609.8062101871149,0.9991183110613925,0.24392248407484596,0.9981334903730025,1565.544298474,1445.652880519,3007.11853088335
KZMu9QBEdL97EFgamLbN5DE1AoKBG4HdrKKJo4Vuon3,DD4ACBWyVqdaKWh7v5btsgqQCCMwbKnuL2xd9pv7Gyuw,GcYqiJ1MAuYbNTNYXm1F1gQYTfTgkErACAhNU5dpVj9T,14.572000099999741,14.488547559999915,14.663700282903894,1.0062929029834522,0.005865480113161558,1.0,1323.45343588,1766.98022858,3098.762028535109
Sid7E679i9ABqptiAVhkmQ27YHN8vaYT4fppPwmxFsJ,GP7KB8o1bv527HG8kTzzzf4wJ5aEGHvcMQvVhLziUfmT,9gYxhAZ1M9wu5pxr8SBoa5NDm21gi3s9vMHaYTME77sa,782.4624180000037,2004.1476649999804,4.500453572606634,0.005751654608677465,0.0018001814290426541,0.01890370531906033,137813.387679,8143.872209,946.6043667763955
JSoLLrxK5bYdHwTEWYaGgmeycBCNXKDiBCTw5hXGBg7,xG4wXczA7Dk4hccJ61CHKpDHW4NrNfQwgmWgkb9BuF2,BVR6WgfhsRr9Lob4QDnkEAiNGgAbv7ZieKcY9kSg3QYR,1.6470400529999303,1.3901015179999945,332.20712136316786,201.69947947415332,0.13288284854526713,171.41074471112148,17.061527101,172.242189462,32965.46310166136
AURHmCnNwiW4uA2Qj1XvEh4iKgRUZYXtiY7FKAapUV5Y,BKWm4TRnTeKwfWXRyuzjRHU7iZDkPuXBX5b5V5jSVfGJ,A5Ww74HVrkj9nPeC7pHKLfgeDMEhBCpW1efQdz3TGLEg,0.010324455000272792,0.009170591000213335,1.9660116249830129,190.42279955029753,0.0007864046499932052,171.58827599081934,282.551978202,1795.468068895,361885.6092459582
STK75uPSyBnEhGTTzb1nwmP3n427XoXmfRhXxxhyady,6TYyD5fUmDe6N65avW1Ny2RxzRNobw2RRgKwH9CTzSAU,54zDfk4cx2vGrEajPtodWpArNe5eUurytyxd4X3aZAxK,236.29165290000043,270.18941679300315,40544.877352132164,171.58827599081934,4.0544877352132165,196.32210174589247,1859.525869643,304.591068206,378870.79681559984
wrmcMSHFi3sWpAEy4rGDvQb3ezh3PhXoV2xNjgLBkKU,8p4mGnARWPBu6P2Gcw4adodLkNDorrXniZMhaY7eJXUn,AyY89zccbsgp9LKFgH4CFZMJmpSgqmPSdTfukhP227rc,0.00763722000000118,0.014901969999999196,3.4746223839859782,454.9590536851684,0.0013898489535943916,3169.3711967545637,26.90721134,0.11728936,12613.412927823008
BUSDTd9WiT6uBHJRgNvFXBsA7JrifsAtWzKfioN7ERcy,DyBxrn7gSc1EwnpWhDyhzvMHPtxpmBqRqotapLcKcfTM,Cds99GeBgoCpqBsoRWu1C6fF9LiUMd4pXQQD24s9LPff,98.45798964000002,98.46732127000001,98.00532753345489,0.9954024847734527,0.009800532753345489,0.9978406727840952,113.7486704,73.07451496,186.14243232689432
MATgk4zXLXtYkwBH678J1xZbRDZ45LicNzkRBHkxTuY,y8dALFo1bJrSzPYjMX14HJX448pXqYmrfXHD1K8MXih,GN7Yuet3UyiWS5YVkEHv6oQKi4HGBJc3XDPt9zQhAqZz,1362.7238380000008,1361.1450349999996,1363.7480127575816,1.000751564424883,0.5454992051030327,1.0,3838.243373,4263.817411,8104.94547117319
YAkoNb6HKmSxQN9L8hiBE5tPJRsniSSMzND1boHmZxe,CfWX7o2TswwbxusJ4hCaPobu2jLCb1hfXuXJQjVq3jQF,EnTrdMMpdhugeH6Ban6gYZWXughWxKtVGfCwFn78ZmY3,7687928.568073008,7687179.16183597,7687928.568073008,1.0,768.7928568073008,0.9977640108516814,995731.347104,2459794.953233,3450026.2255144822
C98Sspw7XqnMsgxea3SLQVdbMDL8pKUc3RE82UvX9eq2,CSqgQJurPCzGxb4Cgwx5R61hWQUiaoUHcShNc8r1cKEL,6S2CR5EnukPhC914XkAns8m5GixjMAoUuZMsS5ubHuWc,58.73166000000003,60.65710299999992,0.0,0.0,0.0,1.0,858.21499,187.087589,187.087589
BUSDgu5JdqP1rndBvXvanbEufS94FNh1w5FJcAj6vawb,Bgzr8cWubt89JQFXndVjtdKmDbGzuPxNhvjH1EhWCwbo,Dxaf8xPBBQsasRKW5Aa4Sw2YrbfGofY9xZueyyF23FBW,4950.2264032,4982.065926210007,4915.302490860091,0.9929449868560893,1.9661209963440363,1.0,10610.95998263,4728.78090697,15264.880427453036
moFiBS1R4Lf3E3zzmBPnw3NF4RhWPkhREFviuzUaCAU,44ALBrpqi9PfZkBRTvbtRNtFJGsatfY4QydjtMbFWq8S,2ho8qEEie1UjVwWNBo9y4oAJZMyMLx8zPj9bxyUz6uWs,208.7794730889982,208.74273802099924,208.69909597137035,0.9996150142710937,0.08347963838854815,0.9997971341628984,34093.168605965,30346.591242288,64420.47817825096
MARpDPs5A7XiyCWPNH8GsMWPLxmwNn9SBmKvPa9LzgA,6YjT74rmcfCpw8LSjPNx5JTmZoYLGrTKnf9arfSgZ4SR,F8GSmi3vA8M8TsybLya1LQ4n1aFHCRbZ6k437PeTdXtg,43356.28778000001,45264.53441200033,41540.19212067617,0.9581122888440279,16.616076848270467,1.0,294992.803962,17949.434304,300585.66490054945
SRMuKizofcAMicegrfSv7xs9q76tH1w8aAF7oX9FEWu,72Hj2KWntXPfbie4UgKeTPnm1XVkomDfCnRPKbvfTtPi,6aqJQ5wedqpUt4fFEDUqUmXhrdxCu4bEJsQdVPCADLko,1.4992769999998927,0.136265000000094,0.04468112555725658,0.02980178149685467,1.7872450222902634e-05,0.029726302206743934,16627.07227,5283.405925,652.5724959304029
SoNcU2iwHMw6dGzsYNQkYFkUjwN1UdAjrWVRnStrZu2,8ivTTid27jZnYNc4w3CTA1Z6QS2twsFb8WMwUabeDJgc,CyXm53PMvHCbeXJBykU46Rcbo28xk5srhMZFg7gv6EYB,3.763581698000001,3.7372687629999994,777.5147045942098,206.58903326248705,0.3110058818376839,193.56493377659703,11.643116853,15.355623726,5377.650544444972
MiMy69CnJDY4V6cQWkU3HHfTyb8pqXJmhX4MisFYDnM,,,0.005596213999999988,0.004316484999999998,0.0,0.0,0.0,193.56493377659703,11.643116853,15.355623726,2972.310289621532
heyk4SZTeCUV6a65WiVA5bzic3KcxgVf1qxobfeV4tQ,9ZDpBKPqMABtGfq66FbVribaArMvtk63xxy91onZAtDt,DaTP4s6N7xxSPinbNZ3FB52EpRDRt87QShTuN3VPCW52,2.400084387001243,2.0600997899995264,454.8809735856576,189.52707498506052,0.18195238943426306,171.48878849173036,599.469047548,4501.842826061,885631.1873472411
MAR3XM1n9xWPQ3HJjAcC85o8DopWFP5p2WxGTaZ3fPB,6qG7GUhER8Cg9gDEgnebph9LdS6eu2eoWcA4R7z9uizK,4QV4CwRXVMY227KkFF9voNAfwWHVvVajXSXDKbUHkWZR,0.005587000000000009,0.27114800000000017,0.005094977976782156,0.9119344866264807,2.0379911907128623e-06,0.018141879000125576,0.101989,24.747419,0.5419719674199568
BSCNHw8CmxbZ8hCWWzMf5FaG2ajPT6JxfznKUNuRVrn4,7n9kgNL633yGzCYksgnzHyjG73ZLBAwvEae5sbAekbzW,SscdxE99omdG9AiMVwmaEMQySQnCgeAh1sPj2Leutm2,9.012464156000533,8.973693013999764,9.049312485878783,1.004088596552555,0.003619724994351513,0.9997971341628984,4127.03650967,7594.115453756,11736.485164083133
AUSejoEUCh2DBs9mof6BNC8Pubs22w4cJa1ccV9h44R,4xkyD7AfGQDwsQMy9MosRRNGoVJ1zosNinesxg1TzHG7,Cbm5gsQe3nSiCsFrvepVzMCD9xLK3ri9g3ypS2hdmVJ7,1.0004690000005212,1.000357000000804,1.0007161768962147,1.000247061024073,0.00010007161768962147,1.0,14366.571785,14521.902406,28892.02361093762
DEDaBEWzMCXohXYXoLzB4jK1xqMsd3SS9izXp2xvg9pe,,,159474.37714727098,973265.0428379001,0.0,0.0,0.0,1.0,14366.571785,14521.902406,14521.902406
MATSnbbiTCv7Dc3trJrkrqjx7ckKdr6fwPoVwv9q3sD,631WX9JizSHJm4w6VanZeJAst9T8DeUUnPLesdGkCVtK,211maUSfpnXbPuW1iBu8b4dtJv5EbN1j7JJiEX5TZKEP,7089.936836000008,7098.399716,7065.1734032217155,0.996507242116382,2.826069361288686,0.996811200968103,27714.99187,17940.686518,45501.667387851485
vEnkoSUkpnbRrPgBz9DfcVxNz67zjwMYBZraAvDDNSf,DtfyjjsZ5yCjWKLKHvwsfXs5QVsmm1QkK6Sh9JZHoq1g,e5wrKCRv4GhHvEf1VD5Pq2KGaZDXP77nTL612Jyrxwy,46752.34079700013,46757.010538000075,46640.45035659466,0.9976067414273159,4.664045035659466,0.996811200968103,106351.175451,90820.27542,196627.31740230095
RoBgmK8CvjdHvPrqdDyVw54VwjZv2TqJ493xnqJAQHx,ExiHJxM7qPAcy27NDHAF6G7vnW7muNHi2sVJpnaNynGQ,6rkPHSqZb7StM4HwS9EuVrmfkV7tRdc7dnsFhyB6cefE,1.318012999999997,79.48095400000147,0.0,0.0,0.0,0.9119344866264807,6313.039969,18.17481,16.574236026883828
KEnkcdADoLR5jS2CLLLesy8TtFsyWL37BhXNfDMzWzP,3qsjFRuw1qeLMPo4DLwaQevenGAGBj9dA3Q6rb8ax2YR,77iEv8zPQAEyCcEbvBRSB6AFcUdfkhiqnAKtPxk76rNN,0.011732999999999993,2.0008140000000054,6.74464111016206e-05,0.005748436981302364,2.697856444064824e-08,0.996811200968103,128.939355,0.231214,0.9716764616479129
BSC8REUo9LpiiWUuqMuLXs2D2yJsJfGd4HdiF3wCLxk5,AZjEH1zWVx1UJ6udMyRijGTzPteuLnaY18yNNmprJEsh,Caf8ypkSVR8xYnXNhjvfvdGCC7mrM3C11rz8Xi6NA6aK,405.0426560239998,405.39245604000007,404.5794194665607,0.9988563264867302,0.16183176778662428,0.9997971341628984,3432.843771244,2811.64390318,6239.991235433585
MiMuMS9C4vBqcrYeeQPph1E7oAW9aNKvW9k6Zw9XffM,Afy2q2hh6Y474pshJa5fnQ6PfEchGyTbKrQpCZw2hr3m,5pXz9ksgjeL8Wgb37bksUaBFMLdFfsNNY3FQnikkCPtS,0.00431648500000037,0.28514200000063283,0.0,0.0,0.0,0.019116887359342485,25.988373903,7675.02700977,146.72262682568427
4xeRVccqvUgiV6VeF6NkWqkAYeewcJPRWFVginvJw1n4,A7VkMFrnCCyeZFUrQ3TzDr4xFep7PZtxvy3jJnBjLB2a,PhfHJ2Yu99BsEjZrefhApqUnLUiExcECcUT1YLoNUUv,0.7026130210000012,2.7474912909999603,0.18157521626369155,0.2584284817341739,7.263008650547662e-05,0.9997971341628984,1335.367245257,20.561813024,365.65457148390124
KysFMBBoavfov2tLpvefWW6tPFt6rAeZWDJVy1mMQae,B8ka2V21TH3x64dFV8ETcjuQcwmrciJ2qzy1mJUttRew,7fSf7EYxBANyxzk2s5pymFgshA91tFYQNKKs5UnLWcYS,68.14837600000055,75.57762499999808,0.0,0.0,0.0,0.018141879000125576,130617.473617,3053.022838,55.38757091161599
GokA1R67GqSavkd15zR62QD68Tuc5AEfvjssntVDEbM8,3YB7hfpBdbQEuZqLGWVDpRPmeZWCUsrrWyqGXegnQ6Cg,4DPCj6Z1DsG6HUtwSogBGqXEUxdEV5a8YVrrFtcnz7UW,9387.99189399998,9390.341916999992,9385.166958745398,0.9996990905737372,0.9385166958745397,1.0,19854.726835,12656.586352,32505.33871253948
KEN5P7p3asnb23Sw6yAmJRGvijfAzso3RqfyLAQhznt,9zj4aX38Uxf3h6AUjS4EipWS8mwbEofasHAf3a1uKGds,CwQDG1MWunn9cLNwcZLd8YBacweSR7ARo32w4mLua1Yr,40782.568290999974,40786.46024700068,40676.80858866944,0.9974067424695792,4.067680858866943,1.0,1041342.278678,995201.746685,2033843.5566570726
7dwD9TF6uikvHXxPFK9AsSim54yJoujQjY9vU6gNFumk,CquVr6atkvwueDYficKjn6SSEWq4F4rH4VSiBbW4GBWU,8BCa6ge3b7ho3TfZuM64Vk1hgbrJ3J7EPiAb9uP86CGd,1.9830000000000195e-05,1.9489999999999612e-05,0.00402598639204422,203.02503237741706,1.6103945568176881e-06,206.30603271848636,0.004544769,0.002978898,1.5372665016259148
FrnkTEL6yZ5Aycq2TrEgu29dCrwKG4LPUZydfiwqspkc,DjvZuMZ46fxKBoBpGMPcRcos4xdTtHFxwMh69DpA2ZFY,9rvDPJLAng4uVVqnnSoEXgNDFhBZQTny9AoQioYDZbQX,22.196414597000057,18.1934859320001,4634.8688218390325,208.81159889964638,1.853947528735613,171.25146805320986,165.007611967,1450.637118531,282879.23944635363
