0,1,2,3,4,5,6,7,8,9,10,11
SoN9GaFpSXfpyR5dth3x7PHPVhvJMpQqqDJfCSmPv1t,9kZ9iS68ViMPtoeqtnhAKuF2iqVyfHPdZHoUNdwCELr,BBhm5fJLjw3HRzjtKB8uMEYjGhY6EDm9co3cqpjrSzB9,0.06377027500000043,0.06235090200000015,13.548322709160054,212.4551400971685,0.005419329083664022,197.78171978721062,1.888920059,3.208700786,1035.9331355048512
FrnkTEL6yZ5Aycq2TrEgu29dCrwKG4LPUZydfiwqspkc,DjvZuMZ46fxKBoBpGMPcRcos4xdTtHFxwMh69DpA2ZFY,9rvDPJLAng4uVVqnnSoEXgNDFhBZQTny9AoQioYDZbQX,2.918766308001068,2.396128964000013,620.1069048772622,212.4551400971685,0.24804276195090488,173.932614678556,165.126936829,1449.1900028,287143.4728508494
Lee1XZJfJ9Hm2K1qTyeCz1LXNc1YBZaKZszvNY4KCDw,9DgFSWkPDGijNKcLGbr3p5xoJbHsPgXUTr6QvGBJ5vGN,2hNHZg7XBhuhHVZ3JDEi4buq2fPQwuWBdQ9xkH7t1GQX,1250.5929824599543,1039.4804216020084,262516.2960980351,209.9134568799975,26.251629609803512,173.932614678556,6317.944498829,53292.866830182,10595589.241614804
KZMu9QBEdL97EFgamLbN5DE1AoKBG4HdrKKJo4Vuon3,DD4ACBWyVqdaKWh7v5btsgqQCCMwbKnuL2xd9pv7Gyuw,GcYqiJ1MAuYbNTNYXm1F1gQYTfTgkErACAhNU5dpVj9T,0.542459049999934,0.53938291999998,0.5402604708191449,0.9959470135473094,0.00021610418832765794,0.7650636733805467,1315.78685944,1774.67960474,2668.1968905999825
ALLwa5WNZbvQsRKAqe1jdRGemdYQnW8E5k4msbRFcYtu,CGoM82Hbz7QVqTgvQatYtjvDWBvoUJp5qm21P8iMs9yb,3dxNNww8TivyN5FMy5dCNdi3Zcxv6e4kUfSPxfFwpdNq,0.1452689359999999,0.1448625280000002,499.5149439515848,3438.5530568736676,0.19980597758063395,3435.0332167712063,1.817329139,6.96199431,30163.664376076173
SEQV6QiTpvTzrceiaYg9Avnwf7oc8ZALpnQMz6TyT4A,3dFMPj4r9mMmPHF32mz1gNDX7f8ftidWof7S8YiYTs1j,Fc1ED3YPeQfXQosHbd8DTaBd2AV5gHQtwiSAL5C5pUhi,402.03437775200064,401.08447634000004,401.95063093609446,0.9997916924010966,0.1607802523744378,0.9978376857350122,1332.569806174,4239.672822574,5562.797539308172
BUSD5rCfUDpCxKGMvYU2yThChxgHoioK74PTPociGnv2,CcFHbafgYDZ8yA8Me1PdtDiVb2eeaS61LbqyKKK5CsNZ,26R9s4nmF3CFDTkiePDwRmtscn8i7r2eygbSijditJ58,0.11444408999999212,0.11401825000000088,0.11421977378625328,0.9980399493434843,1.1421977378625329e-05,0.7625293446074008,93.04448136,55.50585334,135.1869514324499
wrmcMSHFi3sWpAEy4rGDvQb3ezh3PhXoV2xNjgLBkKU,8p4mGnARWPBu6P2Gcw4adodLkNDorrXniZMhaY7eJXUn,AyY89zccbsgp9LKFgH4CFZMJmpSgqmPSdTfukhP227rc,0.0027708100000000124,0.01949301999999875,1.315049833887049,474.608448030375,0.0005260199335548197,3425.5960537133465,26.92520323,0.11474418,13171.996128087314
B2izdXFYb2sNwbWWHmh75T4aQFtfXsUxem9u2p61HGzf,4DYwgJtxwuJdAjkj5RJSNH4e7U329V5cNp7d3a1nLrZv,EXNW64GEf1ACC6xY9BtKRiunrs6GoJSXBdxWN2eTPmrF,1481.0438089999789,1471.2463160000043,1413.7223506614794,0.9545445867776484,0.14137223506614793,1.0,12421.536686,27319.300193,39176.21079608127
C2ypsDADXcCRz8HbV2zX1AXPSja7a1P3xZtRC91xGhJh,J9bYNuDpY1d1T86gLaw7DGk5D3CsUAf2tzUwxMvb6FTv,A2NGvvPrMGzsJ4jb52KEnSBVmsA7C34dV1GC7PerdgvG,10.999618184999918,11.214074554000035,1909.0133000366573,173.5526877323762,0.763605320014663,168.21791621738464,2107.398793906,661.759523316,477064.5328555815
Sid7E679i9ABqptiAVhkmQ27YHN8vaYT4fppPwmxFsJ,GP7KB8o1bv527HG8kTzzzf4wJ5aEGHvcMQvVhLziUfmT,9gYxhAZ1M9wu5pxr8SBoa5NDm21gi3s9vMHaYTME77sa,271.7893320000094,419.7420109999475,1.6516555808050848,0.006076969867253759,0.0006606622323220339,0.018795855543925932,137367.960254,8278.284573,990.3783961752887
BUSDgu5JdqP1rndBvXvanbEufS94FNh1w5FJcAj6vawb,Bgzr8cWubt89JQFXndVjtdKmDbGzuPxNhvjH1EhWCwbo,Dxaf8xPBBQsasRKW5Aa4Sw2YrbfGofY9xZueyyF23FBW,14128.268795140004,14064.536132440002,14190.005963586076,1.0043697617408942,5.676002385434431,0.7625293446074008,5669.06434939,9657.48990099,13057.956254645129
BUSDTd9WiT6uBHJRgNvFXBsA7JrifsAtWzKfioN7ERcy,DyBxrn7gSc1EwnpWhDyhzvMHPtxpmBqRqotapLcKcfTM,Cds99GeBgoCpqBsoRWu1C6fF9LiUMd4pXQQD24s9LPff,524.6327833199996,525.86496189,523.0156711663204,0.9969176303786322,0.052301567116632044,0.9978376857350122,111.01049087,75.73774328,186.24228998259684
ALBpShJ9NLpE739pcHDF2LNVk5J4VYPvvKuV6jMPitZi,D6d156U1bPiJpDYRLextvDRccgFk7QzkQbJg42ceKEu5,GNcM8U5g8RwTZffwwm3kSQqUNPSwv5d2fbN9sLxPJqt2,2931.502046999987,2927.6249959999914,2928.3540663786303,0.9989261543840372,1.1713416265514522,0.9972426241442413,45751.827732,54627.232795,100179.30231459186
MATgk4zXLXtYkwBH678J1xZbRDZ45LicNzkRBHkxTuY,y8dALFo1bJrSzPYjMX14HJX448pXqYmrfXHD1K8MXih,GN7Yuet3UyiWS5YVkEHv6oQKi4HGBJc3XDPt9zQhAqZz,1507.3182590000001,1506.558478,1509.718711751685,1.0015925321260803,0.6038874847006741,1.0,3365.978775,4734.941645,8106.280849334892
STK75uPSyBnEhGTTzb1nwmP3n427XoXmfRhXxxhyady,6TYyD5fUmDe6N65avW1Ny2RxzRNobw2RRgKwH9CTzSAU,54zDfk4cx2vGrEajPtodWpArNe5eUurytyxd4X3aZAxK,163.20589657300036,186.41115369000022,28324.82200401642,173.5526877323762,2.832482200401642,198.54809718452842,1903.175543434,312.549485857,392357.3364824064
YAkoNb6HKmSxQN9L8hiBE5tPJRsniSSMzND1boHmZxe,CfWX7o2TswwbxusJ4hCaPobu2jLCb1hfXuXJQjVq3jQF,EnTrdMMpdhugeH6Ban6gYZWXughWxKtVGfCwFn78ZmY3,5802549.245982956,5803424.165762021,5802549.245982956,1.0,580.2549245982956,0.9928603412858138,2414858.349665,1041481.176747,3448903.7062527775
BkwbeSfcX1h4thMDd7obGkHrPevf3QwgzJ4pCEqG18Lu,35yX27bmurdebhfAb8EPmjLETDiUaEUCn9zHaDPbakH2,2CxECn1ZJFoESyUnQysQU8rRgT3iJ5GRs2Mdd6gZjx5g,0.34228026999999983,0.30000000000000004,714.617345554001,2087.813432991628,0.2858469382216004,1865.6716417910447,1.85562398,20.75371006,42593.804992920916
SoNcU2iwHMw6dGzsYNQkYFkUjwN1UdAjrWVRnStrZu2,8ivTTid27jZnYNc4w3CTA1Z6QS2twsFb8WMwUabeDJgc,CyXm53PMvHCbeXJBykU46Rcbo28xk5srhMZFg7gv6EYB,0.8260700839999977,0.817221607999997,172.2759526510723,208.5488337949214,0.06891038106042892,173.42227352438456,11.714273541,15.280697989,5093.011472022125
BSC8REUo9LpiiWUuqMuLXs2D2yJsJfGd4HdiF3wCLxk5,AZjEH1zWVx1UJ6udMyRijGTzPteuLnaY18yNNmprJEsh,Caf8ypkSVR8xYnXNhjvfvdGCC7mrM3C11rz8Xi6NA6aK,19.628769105000174,19.650321222000002,19.60551048014675,0.9988150747136,0.0078422041920587,0.9999993860003771,3294.956623166,2948.414432649,6239.464968069269
heyk4SZTeCUV6a65WiVA5bzic3KcxgVf1qxobfeV4tQ,9ZDpBKPqMABtGfq66FbVribaArMvtk63xxy91onZAtDt,DaTP4s6N7xxSPinbNZ3FB52EpRDRt87QShTuN3VPCW52,0.6567964890017493,0.5849391520001745,111.51415038628606,169.7849368162336,0.04460566015451443,173.23438647136453,599.602958768,4501.684806091,881650.1559398895
RajgMbScQbqqrdJfR2rxfHJiTiY5b6bJ2tTXiF4aPxy,725ZA3fhyBAKb5iopNRrcbSuQa3LXA1656Q3mBvYPxeg,GLA6i1dSZpUfk2f9Nj8uiG7xyDdAR2reff8oEiZH3617,7609.81780348,7619.9951032099925,7598.982642100109,0.9985761602104407,3.0395930568400433,0.7625293446074008,122967.32477675,61383.13217396,169598.67855347638
Lid8SLUxQ9RmF7XMqUA8c24RitTwzja8VSKngJxRcUa,4PgzyzLtds9bKZ2to9PMnKqJzKEUpjvNUaeN23phegax,AtymwxoVN9peZo7EXTcDz9jKVc4vRmisJKKrNfe3ewBa,19.67690440100614,16.650413863999233,4029.166994498777,204.76630431221454,0.40291669944987774,173.23438647136453,964.554908851,7621.573475212,1517826.9489164005
MARpDPs5A7XiyCWPNH8GsMWPLxmwNn9SBmKvPa9LzgA,6YjT74rmcfCpw8LSjPNx5JTmZoYLGrTKnf9arfSgZ4SR,F8GSmi3vA8M8TsybLya1LQ4n1aFHCRbZ6k437PeTdXtg,45908.33323200005,47752.33979200006,36658.10127297906,0.7985064734919807,14.663240509191626,1.0,297090.408668,15898.435299,253127.04983277607
CZgvH45CRmoaNJ7395Ao5CQZXkGznvqU7cErD6n7FaRg,4ZjU6MKvtqVQKCiowhvZ5yUsPxXX5SCzd5eFsPeXyey5,BsyWeshjDbCvjDojry3vKDCesmFRM37WtwcR4Kfgzqr,1.2371258600000061,1.4379550000001018,1.4423598318400592,1.1658957899724545,0.0005769439327360237,0.7625293446074008,96.40926143,717.69443607,659.666219980426
KwnjUuZhTMTSGAaavkLEmSyfobY16JNH4poL9oeeEvE,J63v6qEZmQpDqCD8bd4PXu2Pq5ZbyXrFcSa3Xt1HdAPQ,BnKQtTdLw9qPCDgZkWX3sURkBAoKCUYL1yahh6Mw7mRK,42.91640200000006,2098.901586000109,0.7107740602491813,0.01656182781234038,7.107740602491814e-05,1.0,278358.315416,560.41263,5170.535120052925
DEDaBEWzMCXohXYXoLzB4jK1xqMsd3SS9izXp2xvg9pe,,,9535076.928572094,19591060.553365126,0.0,0.0,0.0,1.0,278358.315416,560.41263,560.41263
GokA1R67GqSavkd15zR62QD68Tuc5AEfvjssntVDEbM8,3YB7hfpBdbQEuZqLGWVDpRPmeZWCUsrrWyqGXegnQ6Cg,4DPCj6Z1DsG6HUtwSogBGqXEUxdEV5a8YVrrFtcnz7UW,7183.284747000005,7184.509086999995,7182.286409189129,0.9998610193183148,0.7182286409189128,1.0,19792.650174,12716.854849,32506.75422698646
SAMyS8Jr2HJrkFwYVKbpUwsNStnQmvz3f8Tup8bWUWF,6jPzm5TFfquvgm25sTyN3MMGBfufRaFHMxobDWv6hMFW,Cj9ECoDmxsHTDzCY5ZA6RWrPbg9uFzEC1Qc2kso2vJG6,0.53938291999998,26.628666999997222,0.5301772248683835,0.9829329131675196,0.00021207088994735343,0.019815230112682082,461.58010993,109902.30861819,2631.441817298117
daob129AwBGn9Y5r91uLoWZeYiGzbPmksauMhFZKTze,6VW5GQNyj4LStgmxEHLr5zUfW92vQnmbw8jTnCH7a38F,4VPCCUifPeBA1c7HWK358CHn2nyjm8pdTRk6Ps3KmnMQ,10.495735236999927,9.373432986000047,1711.2545767350452,163.0428491281365,0.684501830694018,173.23438647136453,48.029473395,224.76656197,46768.15964659571
vEnkoSUkpnbRrPgBz9DfcVxNz67zjwMYBZraAvDDNSf,DtfyjjsZ5yCjWKLKHvwsfXs5QVsmm1QkK6Sh9JZHoq1g,e5wrKCRv4GhHvEf1VD5Pq2KGaZDXP77nTL612Jyrxwy,3107.526774999991,3108.2530359999982,3084.4703590659733,0.9925804610536243,0.30844703590659733,0.9937888198757763,24512.527624,21333.088359,45531.24067521589
BSCNHw8CmxbZ8hCWWzMf5FaG2ajPT6JxfznKUNuRVrn4,7n9kgNL633yGzCYksgnzHyjG73ZLBAwvEae5sbAekbzW,SscdxE99omdG9AiMVwmaEMQySQnCgeAh1sPj2Leutm2,1909.0501238130018,1889.990256682001,1918.768831854005,1.0050908605907065,0.767507532741602,1.0,4131.986770355,7589.132740912,11742.154879877522
JSoLLrxK5bYdHwTEWYaGgmeycBCNXKDiBCTw5hXGBg7,xG4wXczA7Dk4hccJ61CHKpDHW4NrNfQwgmWgkb9BuF2,BVR6WgfhsRr9Lob4QDnkEAiNGgAbv7ZieKcY9kSg3QYR,0.5128988130002199,0.434255044000011,97.20355084695966,189.51798753123256,0.03888142033878386,172.84796932155962,17.058676901,172.244295158,33005.00276150669
KEN5P7p3asnb23Sw6yAmJRGvijfAzso3RqfyLAQhznt,9zj4aX38Uxf3h6AUjS4EipWS8mwbEofasHAf3a1uKGds,CwQDG1MWunn9cLNwcZLd8YBacweSR7ARo32w4mLua1Yr,77782.59594999999,77787.02473199985,77513.08296054618,0.996535047639358,7.751308296054617,1.0,969038.939781,946917.816634,1912599.0826530517
C98Sspw7XqnMsgxea3SLQVdbMDL8pKUc3RE82UvX9eq2,CSqgQJurPCzGxb4Cgwx5R61hWQUiaoUHcShNc8r1cKEL,6S2CR5EnukPhC914XkAns8m5GixjMAoUuZMsS5ubHuWc,36.690987999999976,37.52782200000013,0.0,0.0,0.0,1.0,822.679393,221.538701,221.538701
AUSejoEUCh2DBs9mof6BNC8Pubs22w4cJa1ccV9h44R,4xkyD7AfGQDwsQMy9MosRRNGoVJ1zosNinesxg1TzHG7,Cbm5gsQe3nSiCsFrvepVzMCD9xLK3ri9g3ypS2hdmVJ7,23.20101699999941,23.208456000000297,23.209209851076842,1.0003531246530026,0.0023209209851076844,1.0,14351.36475,14537.026085,28893.458655697457
Cob4usZcpHEY7Qt4ZCwj6WVg9S44zvzYV2v9qYF65dTf,NhFM9UXE48PyNAyeyPYA3iXztqKVJwA4bTdLj4ysM8w,6TuFuynuBoeskxyR2cz4wxyidk8dpDK7kAWw3UkjQGx,2.0164000000000044,321.8618510000015,0.01225594976854863,0.006078134183965782,4.902379907419452e-06,1.0,38551.171127,74.191092,308.5102830589334
TETFuZgEmET6d9vYmz9iMFCxK1jKdKYxf3oPz8hSzJK,Eu1Ze6Z84LWNkq7SNoAHBJbXx5t1P95EwyqYohrfCRFV,ASMbv7WNu3qe4pkhREmvyEdwFNDZQ6B6iSrjkj4u8bdC,35.997509357999974,35.719234504000006,36.0592952295296,1.0017163929569448,0.01442371809181184,0.9952922675743733,34.983449756,217.734006298,251.75246795916013
parEAJhzYzHW87y9VoZAQ22dzQ2MD2ekEtTReaxbMcz,3oyc6hpjYSJEquK6dSvG72NXyz3pqLZz5D8AC71pwgQb,Di2vordgFJVZ1aj1aBpvzXtLfZgJsuLLXawGtVFwX6Rz,0.30330697500002657,0.3617978220001987,47.16744836659859,155.510595714439,0.018866979346639435,185.5430427389122,1107.798619619,135.553694189,197425.46814291095
AURHmCnNwiW4uA2Qj1XvEh4iKgRUZYXtiY7FKAapUV5Y,BKWm4TRnTeKwfWXRyuzjRHU7iZDkPuXBX5b5V5jSVfGJ,A5Ww74HVrkj9nPeC7pHKLfgeDMEhBCpW1efQdz3TGLEg,0.0003552260002379626,0.00031586000000061176,0.06355397823578027,178.91139216500497,2.5421591294312107e-05,172.84796932155962,282.560977625,1795.457774171,360894.6081464583
HEDSDjj84KS7LKhZY7ejkCACTdPen62rKhCby1wXtgxc,EnnjMSFttpCTywBrYNt1J5QQeoSVkvzPipJDa8Y7kJow,6bjVT6JN2rSvpyn9PdfLYC8wJn4LWh49jpY47fnLDXZk,11.614034864001951,13.167886851995718,9.40408678052757,0.8097174574252242,0.003761634712211028,1.0,43662.914297462,4531.238057151,39885.8620058674
ercAoEmXjQzEvAFbdjAo81KtMxRGn9AW1ju882upmPH,CMRhskR2Eg6V42RTSdRTXGdozyPbWB8U9dVpijPWb9T4,7TKLLgrWswt6ZJ1pXhVR3FyufHGjJFqiEXxvWJfDcgRm,0.896812336999993,0.8291817709999734,155.01219131297097,172.84796932155962,0.06200487652518839,143.00435562666368,51.900773462,401.734272503,66420.69407156302
WiiQFxXqp8P9Fs1rt9SVcDyA3KUdJmUsog6wnVQAwba,3S2jpqSYxho6wiz3cafhjXruVY8cg4HYa2v3BqBHYFSj,Dfe67M6TfrG74gKRtdqys4e6E9QirPD53BkF4FujFjuv,7067.461645201,7065.584981461998,7072.08900497411,1.0006547414058133,0.707208900497411,1.0,10144.177634139,16738.60866782,26889.428115083996
MATSnbbiTCv7Dc3trJrkrqjx7ckKdr6fwPoVwv9q3sD,631WX9JizSHJm4w6VanZeJAst9T8DeUUnPLesdGkCVtK,211maUSfpnXbPuW1iBu8b4dtJv5EbN1j7JJiEX5TZKEP,6081.868871000002,6071.674044000014,6084.126081776342,1.0003711376920839,2.433650432710537,0.9970755773316861,17209.108511,28440.176675,45572.50103745637
