0,1,2,3,4,5,6,7,8,9,10,11
JSoLLrxK5bYdHwTEWYaGgmeycBCNXKDiBCTw5hXGBg7,xG4wXczA7Dk4hccJ61CHKpDHW4NrNfQwgmWgkb9BuF2,BVR6WgfhsRr9Lob4QDnkEAiNGgAbv7ZieKcY9kSg3QYR,0.9121748109999714,0.7665788950000092,170.55179966845463,186.97271357612613,0.06822071986738186,157.6591525789017,17.106352717,172.182886826,30344.629212463922
MiMUFdSLMyCLpqpH6zkqdDrGYs7XBomwENbivdYjv9V,,,0.030848203000000005,0.0356781129999999,0.0,0.0,0.0,157.6591525789017,17.106352717,172.182886826,27146.208025576096
SAMyS8Jr2HJrkFwYVKbpUwsNStnQmvz3f8Tup8bWUWF,6jPzm5TFfquvgm25sTyN3MMGBfufRaFHMxobDWv6hMFW,Cj9ECoDmxsHTDzCY5ZA6RWrPbg9uFzEC1Qc2kso2vJG6,776.9451947399939,13.239638249999985,781.3413100466008,1.0056582051557421,0.31253652401864035,0.01762371803977902,422.13719893,111995.65707435,2398.3056197635433
RajgMbScQbqqrdJfR2rxfHJiTiY5b6bJ2tTXiF4aPxy,725ZA3fhyBAKb5iopNRrcbSuQa3LXA1656Q3mBvYPxeg,GLA6i1dSZpUfk2f9Nj8uiG7xyDdAR2reff8oEiZH3617,1202.4742595500065,1205.8746818400032,1199.5567456155902,0.997573741049968,0.4798226982462361,1.0,140536.68060826,43828.87263438,184024.57486350642
YAkoNb6HKmSxQN9L8hiBE5tPJRsniSSMzND1boHmZxe,CfWX7o2TswwbxusJ4hCaPobu2jLCb1hfXuXJQjVq3jQF,EnTrdMMpdhugeH6Ban6gYZWXughWxKtVGfCwFn78ZmY3,3841265.8592560114,3843532.230341029,3841265.8592560114,1.0,384.12658592560115,0.9957511299285947,2790318.377314,728270.20715,3515494.2589769443
wrmcMSHFi3sWpAEy4rGDvQb3ezh3PhXoV2xNjgLBkKU,8p4mGnARWPBu6P2Gcw4adodLkNDorrXniZMhaY7eJXUn,AyY89zccbsgp9LKFgH4CFZMJmpSgqmPSdTfukhP227rc,0.010616429999999746,0.06021520000000381,4.534378043155035,427.109493789828,0.001813751217262014,3445.0683846074344,26.98296505,0.1071635,11893.866129287999
ionytDfEj1mXodptgrsKEZro7DGsfpzANUfarJdm6Qb,3gkSjY95an9xNFSjCfsay6JZez7uv7yfW3Ad4ubc4fMK,9wXqANaSuEqkKL9yHzCPEDGHwbkStVAqV5rB3QDs3Jr6,0.00016686400000000268,0.0006168679999998261,0.1565920324475413,938.4410804459848,6.263681297901653e-05,3456.3804783630585,3.149535812,0.084940609,3249.2408530844714
moFiBS1R4Lf3E3zzmBPnw3NF4RhWPkhREFviuzUaCAU,44ALBrpqi9PfZkBRTvbtRNtFJGsatfY4QydjtMbFWq8S,2ho8qEEie1UjVwWNBo9y4oAJZMyMLx8zPj9bxyUz6uWs,27.543665609999152,27.571069150995754,27.520102925394532,0.999144533449605,0.011008041170157813,1.0,36167.672520188,28273.154811403,64409.88709754434
KEVpg4SYCVrqFxKijQH6hm4QxsRdoE51ud64bEEFUC9,2bPenuBYfqzD8p5dFjCcggwkHDsc2RQDnx9AoyYGUBjA,AE6n6iLuX8oYu61vt5hoDYkjswpnxFxrhSehxrnQTnbx,291.66380665499946,291.73289995199957,291.4223023702245,0.9991719771899548,0.11656892094808981,1.0,4704.001099962,2857.043163029,7557.149242781754
BUSDgu5JdqP1rndBvXvanbEufS94FNh1w5FJcAj6vawb,Bgzr8cWubt89JQFXndVjtdKmDbGzuPxNhvjH1EhWCwbo,Dxaf8xPBBQsasRKW5Aa4Sw2YrbfGofY9xZueyyF23FBW,13451.668338359992,13452.325944069993,13461.651094962483,1.0007421203341762,5.384660437984993,1.0,7447.45067683,7840.41417996,15293.39176137505
7dwD9TF6uikvHXxPFK9AsSim54yJoujQjY9vU6gNFumk,CquVr6atkvwueDYficKjn6SSEWq4F4rH4VSiBbW4GBWU,8BCa6ge3b7ho3TfZuM64Vk1hgbrJ3J7EPiAb9uP86CGd,0.00015946899999999976,0.00015610199999999998,0.029810666404456232,186.93706240370403,1.1924266561782492e-05,189.83728856160096,0.004625342,0.002899561,1.4150926443514376
KZMu9QBEdL97EFgamLbN5DE1AoKBG4HdrKKJo4Vuon3,DD4ACBWyVqdaKWh7v5btsgqQCCMwbKnuL2xd9pv7Gyuw,GcYqiJ1MAuYbNTNYXm1F1gQYTfTgkErACAhNU5dpVj9T,13.3160568899998,13.254301620000206,13.391401871748952,1.0056582051557421,0.005356560748699581,1.0,1345.68725563,1744.52530439,3097.826734587822
DEDaBEWzMCXohXYXoLzB4jK1xqMsd3SS9izXp2xvg9pe,,,7471623.054531902,12100367.094724668,0.0,0.0,0.0,1.0,1345.68725563,1744.52530439,1744.52530439
BSCuChvaSj9b5HUSqgDVRzcnr2sSn7cXaamt1jbKH6hn,GnKpRj5kBVPMJfiwZtEuD9GYApLzPdW5JFuZTcyX4BTc,3dmwD9okkomV9nDwyuh4UMhKdUR13QpuKxRo89ycZB5t,82.966379125,82.84758746699981,83.21795816373537,1.0030323010524098,0.033287183265494145,0.9998660179535941,1262.090788785,1748.704484759,3014.3880177656424
WiiQFxXqp8P9Fs1rt9SVcDyA3KUdJmUsog6wnVQAwba,3S2jpqSYxho6wiz3cafhjXruVY8cg4HYa2v3BqBHYFSj,Dfe67M6TfrG74gKRtdqys4e6E9QirPD53BkF4FujFjuv,12514.923367217003,12507.708651161003,12516.044041284416,1.0000895470179505,1.2516044041284418,1.0,13511.01145866,13369.270658778,26881.491988223617
NorjjEePhxfwLF4vZjUHCrVVKLzQjEEGQFd3wgjEJmh,34M8pFVqgbV7aqHxvRT5tCv3vu2P1JJYT8J3VaxBK2oG,3AZWBSze3ucsY3xSeuLne3b2pauVqiaJ1SZSV5T9WGWw,0.00024200000007112976,0.00043300000106683,0.0001355616228805219,0.5601719952094091,5.4224649152208765e-08,1.0,38285.766938,2103.390434,23550.004887781888
MATgk4zXLXtYkwBH678J1xZbRDZ45LicNzkRBHkxTuY,y8dALFo1bJrSzPYjMX14HJX448pXqYmrfXHD1K8MXih,GN7Yuet3UyiWS5YVkEHv6oQKi4HGBJc3XDPt9zQhAqZz,2659.01114,2659.519628000001,2658.8303395369117,0.9999320046236856,1.0635321358147645,1.0,4331.881196,3764.824374,8096.411022107929
daob129AwBGn9Y5r91uLoWZeYiGzbPmksauMhFZKTze,6VW5GQNyj4LStgmxEHLr5zUfW92vQnmbw8jTnCH7a38F,4VPCCUifPeBA1c7HWK358CHn2nyjm8pdTRk6Ps3KmnMQ,11.33128650999987,10.109143774999971,1930.1696073853686,170.3398467316127,0.7720678429541475,157.8707155663841,47.062452652,225.81563358,43666.286630906456
FrnkTEL6yZ5Aycq2TrEgu29dCrwKG4LPUZydfiwqspkc,DjvZuMZ46fxKBoBpGMPcRcos4xdTtHFxwMh69DpA2ZFY,9rvDPJLAng4uVVqnnSoEXgNDFhBZQTny9AoQioYDZbQX,33.197060148000105,27.2727186690002,6381.85442508339,192.24155381927255,2.5527417700333563,157.8707155663841,165.403431322,1448.833058369,260525.72430532737
KwnjUuZhTMTSGAaavkLEmSyfobY16JNH4poL9oeeEvE,J63v6qEZmQpDqCD8bd4PXu2Pq5ZbyXrFcSa3Xt1HdAPQ,BnKQtTdLw9qPCDgZkWX3sURkBAoKCUYL1yahh6Mw7mRK,152.70585000000233,3648.9978809999916,2.6169279861346575,0.017137051305726778,0.0002616927986134658,1.0,280177.913193,526.096667,5327.519940119904
Sid7E679i9ABqptiAVhkmQ27YHN8vaYT4fppPwmxFsJ,GP7KB8o1bv527HG8kTzzzf4wJ5aEGHvcMQvVhLziUfmT,9gYxhAZ1M9wu5pxr8SBoa5NDm21gi3s9vMHaYTME77sa,407.9123589999999,1272.5119810000178,2.3017313686754424,0.005642710542818936,0.0009206925474701769,0.017137051305726778,136666.549565,8495.187072,916.752236785723
ercAoEmXjQzEvAFbdjAo81KtMxRGn9AW1ju882upmPH,CMRhskR2Eg6V42RTSdRTXGdozyPbWB8U9dVpijPWb9T4,7TKLLgrWswt6ZJ1pXhVR3FyufHGjJFqiEXxvWJfDcgRm,0.015224272000004646,0.01718511199999284,2.403466714617999,157.8707155663841,0.0009613866858471996,134.175796323288,49.288133001,411.395775237,62980.50857225987
heyk4SZTeCUV6a65WiVA5bzic3KcxgVf1qxobfeV4tQ,9ZDpBKPqMABtGfq66FbVribaArMvtk63xxy91onZAtDt,DaTP4s6N7xxSPinbNZ3FB52EpRDRt87QShTuN3VPCW52,0.8898853910004618,0.7639035969999668,156.97152540240367,176.3952155972883,0.06278861016096147,157.851452312287,601.939894435,4498.95343654,816345.6512986644
MiMuMS9C4vBqcrYeeQPph1E7oAW9aNKvW9k6Zw9XffM,Afy2q2hh6Y474pshJa5fnQ6PfEchGyTbKrQpCZw2hr3m,5pXz9ksgjeL8Wgb37bksUaBFMLdFfsNNY3FQnikkCPtS,1.5013755469999523,0.022675264000000084,0.0,0.0,0.0,0.017795876738069896,25.952313541,7677.408679425,136.62621852683526
C2ypsDADXcCRz8HbV2zX1AXPSja7a1P3xZtRC91xGhJh,J9bYNuDpY1d1T86gLaw7DGk5D3CsUAf2tzUwxMvb6FTv,A2NGvvPrMGzsJ4jb52KEnSBVmsA7C34dV1GC7PerdgvG,18.060346991000188,18.352572874000543,2850.852001793222,157.851452312287,1.1403408007172888,160.38921972729662,2954.078205099,968.17894296,621591.0001367044
KysFMBBoavfov2tLpvefWW6tPFt6rAeZWDJVy1mMQae,B8ka2V21TH3x64dFV8ETcjuQcwmrciJ2qzy1mJUttRew,7fSf7EYxBANyxzk2s5pymFgshA91tFYQNKKs5UnLWcYS,25.996873999999934,31.887510999993538,0.0,0.0,0.0,0.017795876738069896,130563.113825,3097.01771,55.1141454227795
KEN5P7p3asnb23Sw6yAmJRGvijfAzso3RqfyLAQhznt,9zj4aX38Uxf3h6AUjS4EipWS8mwbEofasHAf3a1uKGds,CwQDG1MWunn9cLNwcZLd8YBacweSR7ARo32w4mLua1Yr,55931.09659700061,55929.15802099905,55787.38828477902,0.9974306187261615,5.578738828477902,1.0,949586.720121,959966.19023,1907113.060014435
Lee1XZJfJ9Hm2K1qTyeCz1LXNc1YBZaKZszvNY4KCDw,9DgFSWkPDGijNKcLGbr3p5xoJbHsPgXUTr6QvGBJ5vGN,2hNHZg7XBhuhHVZ3JDEi4buq2fPQwuWBdQ9xkH7t1GQX,369.67535836102616,307.5127842109996,70294.42498978907,190.1517734410074,7.0294424989789075,157.851452312287,6446.328903914,54174.27730503,9777269.223830827
MAR3XM1n9xWPQ3HJjAcC85o8DopWFP5p2WxGTaZ3fPB,6qG7GUhER8Cg9gDEgnebph9LdS6eu2eoWcA4R7z9uizK,4QV4CwRXVMY227KkFF9voNAfwWHVvVajXSXDKbUHkWZR,0.20611900000000105,0.0035580000000000056,0.19629988352614,0.9523619051428495,7.8519953410456e-05,0.017795876738069896,0.095781,25.078166,0.5375061265893426
AUSejoEUCh2DBs9mof6BNC8Pubs22w4cJa1ccV9h44R,4xkyD7AfGQDwsQMy9MosRRNGoVJ1zosNinesxg1TzHG7,Cbm5gsQe3nSiCsFrvepVzMCD9xLK3ri9g3ypS2hdmVJ7,875.3558779999985,874.5494099999996,875.727186327001,1.0004241798522573,0.08757271863270011,1.0,14325.421612,14562.908404,28894.406571222902
MARpDPs5A7XiyCWPNH8GsMWPLxmwNn9SBmKvPa9LzgA,6YjT74rmcfCpw8LSjPNx5JTmZoYLGrTKnf9arfSgZ4SR,F8GSmi3vA8M8TsybLya1LQ4n1aFHCRbZ6k437PeTdXtg,21202.151646999955,22038.401914999726,20192.121535664483,0.9523619051428495,8.076848614265794,1.0,294945.357391,17830.67556,298725.3980379314
RoBgmK8CvjdHvPrqdDyVw54VwjZv2TqJ493xnqJAQHx,ExiHJxM7qPAcy27NDHAF6G7vnW7muNHi2sVJpnaNynGQ,6rkPHSqZb7StM4HwS9EuVrmfkV7tRdc7dnsFhyB6cefE,14.18223299999984,18.167052000000066,0.0,0.0,0.0,0.9523619051428495,6367.399761,17.336279,16.510411696527974
BSCNHw8CmxbZ8hCWWzMf5FaG2ajPT6JxfznKUNuRVrn4,7n9kgNL633yGzCYksgnzHyjG73ZLBAwvEae5sbAekbzW,SscdxE99omdG9AiMVwmaEMQySQnCgeAh1sPj2Leutm2,31.597057313999358,31.605418765999275,31.583842002828536,0.9995817550020721,0.012633536801131415,1.0,6002.006522493,5713.070556894,11712.566770181438
SoN9GaFpSXfpyR5dth3x7PHPVhvJMpQqqDJfCSmPv1t,9kZ9iS68ViMPtoeqtnhAKuF2iqVyfHPdZHoUNdwCELr,BBhm5fJLjw3HRzjtKB8uMEYjGhY6EDm9co3cqpjrSzB9,0.030576488999999984,0.029883760000000148,5.8875191058261525,192.55052814684365,0.0023550076423304606,187.88883594599022,1.880275291,3.216994043,966.485266327965
SEQV6QiTpvTzrceiaYg9Avnwf7oc8ZALpnQMz6TyT4A,3dFMPj4r9mMmPHF32mz1gNDX7f8ftidWof7S8YiYTs1j,Fc1ED3YPeQfXQosHbd8DTaBd2AV5gHQtwiSAL5C5pUhi,75.90855302499995,75.89327253400006,75.96411568602853,1.0007319683858324,0.030385646274411416,0.9984593771810096,1227.499912529,4344.788286134,5566.493009815284
Lid8SLUxQ9RmF7XMqUA8c24RitTwzja8VSKngJxRcUa,4PgzyzLtds9bKZ2to9PMnKqJzKEUpjvNUaeN23phegax,AtymwxoVN9peZo7EXTcDz9jKVc4vRmisJKKrNfe3ewBa,309.17194188600934,262.0022685560017,58008.56133329906,187.62556841165951,5.800856133329907,158.23405728579223,954.62415599,7633.310257491,1386961.552451181
STK75uPSyBnEhGTTzb1nwmP3n427XoXmfRhXxxhyady,6TYyD5fUmDe6N65avW1Ny2RxzRNobw2RRgKwH9CTzSAU,54zDfk4cx2vGrEajPtodWpArNe5eUurytyxd4X3aZAxK,163.02915529699897,186.09932521299697,25796.76469851965,158.23405728579223,2.5796764698519654,180.65463458625754,1925.161304073,318.050741921,362083.42463470396
C98Sspw7XqnMsgxea3SLQVdbMDL8pKUc3RE82UvX9eq2,CSqgQJurPCzGxb4Cgwx5R61hWQUiaoUHcShNc8r1cKEL,6S2CR5EnukPhC914XkAns8m5GixjMAoUuZMsS5ubHuWc,37.91656400000002,39.02692400000015,0.0,0.0,0.0,1.0,842.886467,201.794755,201.794755
BUSDTd9WiT6uBHJRgNvFXBsA7JrifsAtWzKfioN7ERcy,DyBxrn7gSc1EwnpWhDyhzvMHPtxpmBqRqotapLcKcfTM,Cds99GeBgoCpqBsoRWu1C6fF9LiUMd4pXQQD24s9LPff,295.34912224,296.30339037000005,294.71295779643015,0.9978460594744789,0.02947129577964302,0.9984593771810096,112.34965635,74.20832219,186.20165702763447
MiMy69CnJDY4V6cQWkU3HHfTyb8pqXJmhX4MisFYDnM,,,0.008172939,0.00925200000000001,0.0,0.0,0.0,0.9984593771810096,112.34965635,74.20832219,74.0939951554751
SoNcU2iwHMw6dGzsYNQkYFkUjwN1UdAjrWVRnStrZu2,8ivTTid27jZnYNc4w3CTA1Z6QS2twsFb8WMwUabeDJgc,CyXm53PMvHCbeXJBykU46Rcbo28xk5srhMZFg7gv6EYB,0.8003271209999969,0.7924755370000014,152.12975793312734,190.08447163835137,0.060851903173250926,187.88883594599022,11.777861404,15.208928798,5096.37648985074
AURHmCnNwiW4uA2Qj1XvEh4iKgRUZYXtiY7FKAapUV5Y,BKWm4TRnTeKwfWXRyuzjRHU7iZDkPuXBX5b5V5jSVfGJ,A5Ww74HVrkj9nPeC7pHKLfgeDMEhBCpW1efQdz3TGLEg,0.019904459000144925,0.017556455999965692,3.5702495511990793,179.36933383484998,0.0014280998204796317,158.23405728579223,272.509476749,1806.804881309,334777.91040144896
GokA1R67GqSavkd15zR62QD68Tuc5AEfvjssntVDEbM8,3YB7hfpBdbQEuZqLGWVDpRPmeZWCUsrrWyqGXegnQ6Cg,4DPCj6Z1DsG6HUtwSogBGqXEUxdEV5a8YVrrFtcnz7UW,5773.435801999998,5773.235654,5774.1460219607,1.000123015130861,0.57741460219607,1.0,15144.553372,17360.948444,32507.364825214892
Cob4usZcpHEY7Qt4ZCwj6WVg9S44zvzYV2v9qYF65dTf,NhFM9UXE48PyNAyeyPYA3iXztqKVJwA4bTdLj4ysM8w,6TuFuynuBoeskxyR2cz4wxyidk8dpDK7kAWw3UkjQGx,180.771999000002,367.43355800000427,1.0200440646037656,0.005642710542818936,0.0004080176258415062,1.0,39199.469077,70.35653,291.5477874336928
4xeRVccqvUgiV6VeF6NkWqkAYeewcJPRWFVginvJw1n4,A7VkMFrnCCyeZFUrQ3TzDr4xFep7PZtxvy3jJnBjLB2a,PhfHJ2Yu99BsEjZrefhApqUnLUiExcECcUT1YLoNUUv,35.09256435300002,131.47983350799973,7.840716137178483,0.22342955784900312,0.0031362864548713934,1.0,1344.024043017,18.551471789,318.84616945871784
vEnkoSUkpnbRrPgBz9DfcVxNz67zjwMYBZraAvDDNSf,DtfyjjsZ5yCjWKLKHvwsfXs5QVsmm1QkK6Sh9JZHoq1g,e5wrKCRv4GhHvEf1VD5Pq2KGaZDXP77nTL612Jyrxwy,7572.0076819999995,7573.521781000007,7506.54311945523,0.9913543982924912,0.750654311945523,0.985286713507197,21840.108692,20482.746906,41832.66619361272
B2izdXFYb2sNwbWWHmh75T4aQFtfXsUxem9u2p61HGzf,4DYwgJtxwuJdAjkj5RJSNH4e7U329V5cNp7d3a1nLrZv,EXNW64GEf1ACC6xY9BtKRiunrs6GoJSXBdxWN2eTPmrF,3616.569875000032,3581.263406,3587.521711700394,0.9919680348220459,0.3587521711700394,1.0,10762.116611,28991.096083,39666.77174813936
parEAJhzYzHW87y9VoZAQ22dzQ2MD2ekEtTReaxbMcz,3oyc6hpjYSJEquK6dSvG72NXyz3pqLZz5D8AC71pwgQb,Di2vordgFJVZ1aj1aBpvzXtLfZgJsuLLXawGtVFwX6Rz,0.1332389990000138,0.15876556199987135,20.101758600267072,150.86993110977207,0.00804070344010683,179.7770584697916,1107.154852344,136.092823873,191502.7438557245
MATSnbbiTCv7Dc3trJrkrqjx7ckKdr6fwPoVwv9q3sD,631WX9JizSHJm4w6VanZeJAst9T8DeUUnPLesdGkCVtK,211maUSfpnXbPuW1iBu8b4dtJv5EbN1j7JJiEX5TZKEP,113.35952199999883,113.36252400000376,112.35740629326918,0.9911598453394178,0.04494296251730767,0.985286713507197,24739.5726,20880.860099,45094.50497412657
BSC8REUo9LpiiWUuqMuLXs2D2yJsJfGd4HdiF3wCLxk5,AZjEH1zWVx1UJ6udMyRijGTzPteuLnaY18yNNmprJEsh,Caf8ypkSVR8xYnXNhjvfvdGCC7mrM3C11rz8Xi6NA6aK,256.61559897999996,256.51411734700014,256.52649450213465,0.9996527706101286,0.10261059780085387,0.9944829625596537,3176.423184593,3065.921114831,6224.32655035997
YakoMPuYrybnr9R7VC7hVGxMz94fJvPFCdZ4gmW61Ed,,,0.050370999999999944,0.05031799999999986,0.0,0.0,0.0,0.9944829625596537,3176.423184593,3065.921114831,3049.006313251329
ALLwa5WNZbvQsRKAqe1jdRGemdYQnW8E5k4msbRFcYtu,CGoM82Hbz7QVqTgvQatYtjvDWBvoUJp5qm21P8iMs9yb,3dxNNww8TivyN5FMy5dCNdi3Zcxv6e4kUfSPxfFwpdNq,1.9147848100000018,1.9111763100000005,6580.242654386756,3436.5442111412767,2.6320970617547026,3445.792515049499,2.671238845,6.105603163,30218.472068288404
HEDSDjj84KS7LKhZY7ejkCACTdPen62rKhCby1wXtgxc,EnnjMSFttpCTywBrYNt1J5QQeoSVkvzPipJDa8Y7kJow,6bjVT6JN2rSvpyn9PdfLYC8wJn4LWh49jpY47fnLDXZk,13.647602582000218,15.044729471008395,11.772735191684555,0.8626229494117583,0.004709094076673823,0.9944829625596537,43676.714554045,4519.026143408,42170.630836206685
