0,1,2,3,4,5,6,7,8,9,10,11
moFiBS1R4Lf3E3zzmBPnw3NF4RhWPkhREFviuzUaCAU,44ALBrpqi9PfZkBRTvbtRNtFJGsatfY4QydjtMbFWq8S,2ho8qEEie1UjVwWNBo9y4oAJZMyMLx8zPj9bxyUz6uWs,210.50367142499817,210.71757231499942,210.33022870147613,0.9991760584395135,0.08413209148059045,0.9998563166478723,34303.550678868,30136.427581086,64407.384035941424
ALBpShJ9NLpE739pcHDF2LNVk5J4VYPvvKuV6jMPitZi,D6d156U1bPiJpDYRLextvDRccgFk7QzkQbJg42ceKEu5,GNcM8U5g8RwTZffwwm3kSQqUNPSwv5d2fbN9sLxPJqt2,615.2749859999967,616.4025059999985,616.0740340221234,1.0012986843936587,0.2464296136088494,0.9983158411759362,44376.413428,56007.002662,100346.72235782292
Lee1XZJfJ9Hm2K1qTyeCz1LXNc1YBZaKZszvNY4KCDw,9DgFSWkPDGijNKcLGbr3p5xoJbHsPgXUTr6QvGBJ5vGN,2hNHZg7XBhuhHVZ3JDEi4buq2fPQwuWBdQ9xkH7t1GQX,494.6623767068522,410.1930764010067,105838.2745844194,213.96063167169368,10.58382745844194,177.40842132938872,6284.122093427,53334.153549626,10806482.71679005
MARpDPs5A7XiyCWPNH8GsMWPLxmwNn9SBmKvPa9LzgA,6YjT74rmcfCpw8LSjPNx5JTmZoYLGrTKnf9arfSgZ4SR,F8GSmi3vA8M8TsybLya1LQ4n1aFHCRbZ6k437PeTdXtg,30916.460589999966,32288.028217999323,29420.347650908323,0.9516078842616427,11.76813906036333,1.0,297408.858839,15677.414533,298694.0294534503
Sid7E679i9ABqptiAVhkmQ27YHN8vaYT4fppPwmxFsJ,GP7KB8o1bv527HG8kTzzzf4wJ5aEGHvcMQvVhLziUfmT,9gYxhAZ1M9wu5pxr8SBoa5NDm21gi3s9vMHaYTME77sa,277.4332510000031,411.33750699997927,1.604475094226764,0.005783283324704096,0.0006417900376907056,0.01939017962635822,138002.729886,8087.702311,954.9308870881498
SEQV6QiTpvTzrceiaYg9Avnwf7oc8ZALpnQMz6TyT4A,3dFMPj4r9mMmPHF32mz1gNDX7f8ftidWof7S8YiYTs1j,Fc1ED3YPeQfXQosHbd8DTaBd2AV5gHQtwiSAL5C5pUhi,115.44661293400077,115.0203123780002,115.7125562591768,1.0023036043970217,0.046285022503670725,0.9979790923380156,980.075504206,4593.522483742,5566.57260940601
MATSnbbiTCv7Dc3trJrkrqjx7ckKdr6fwPoVwv9q3sD,631WX9JizSHJm4w6VanZeJAst9T8DeUUnPLesdGkCVtK,211maUSfpnXbPuW1iBu8b4dtJv5EbN1j7JJiEX5TZKEP,6998.912580999997,7002.449398000001,6980.296131218039,0.9973400939693837,2.7921184524872156,0.997961165339212,26255.387127,19411.846942,45557.819660069465
WiiQFxXqp8P9Fs1rt9SVcDyA3KUdJmUsog6wnVQAwba,3S2jpqSYxho6wiz3cafhjXruVY8cg4HYa2v3BqBHYFSj,Dfe67M6TfrG74gKRtdqys4e6E9QirPD53BkF4FujFjuv,13394.521382173996,13419.567839324984,13372.202560978407,0.9983337350728118,1.3372202560978406,0.9998563166478723,20022.670139461,6871.710384268,26860.03010034409
HDSBGqAuMRr6X2AfmmbXQPpRgU6VEhtfNVVZ3wUTZXg,DCZ1d8kNLgDcdSd99y4udLgwq46mfDXNS9KXj96kQf5L,Fq8GGYQM5Pz3q7LmVMbrXHJgsxA5ev86kTq8yGgGuYsa,3.649774764,3.6978125980000023,3.6313648770591516,0.9949558840938798,0.0014525459508236607,0.9998563166478723,16.367069399,22.699871942,38.981122352214435
BUSD5rCfUDpCxKGMvYU2yThChxgHoioK74PTPociGnv2,CcFHbafgYDZ8yA8Me1PdtDiVb2eeaS61LbqyKKK5CsNZ,26R9s4nmF3CFDTkiePDwRmtscn8i7r2eygbSijditJ58,31.720272080000008,31.89383144,31.695632845894593,0.9992232338347139,0.0031695632845894594,1.0,81.39872945,67.14051086,148.47601253106598
daob129AwBGn9Y5r91uLoWZeYiGzbPmksauMhFZKTze,6VW5GQNyj4LStgmxEHLr5zUfW92vQnmbw8jTnCH7a38F,4VPCCUifPeBA1c7HWK358CHn2nyjm8pdTRk6Ps3KmnMQ,7.514242709999877,6.700207829000028,1495.6889780000845,199.04720085892848,0.5982755912000338,177.56883056186862,46.677017799,220.555895503,48454.78217532674
7dwD9TF6uikvHXxPFK9AsSim54yJoujQjY9vU6gNFumk,CquVr6atkvwueDYficKjn6SSEWq4F4rH4VSiBbW4GBWU,8BCa6ge3b7ho3TfZuM64Vk1hgbrJ3J7EPiAb9uP86CGd,0.00020963100000000005,0.00021310700000000057,0.044124723156202424,210.48758607363612,1.764988926248097e-05,214.07394927689032,0.004597732,0.002927572,1.5944824099259556
iLiUBQ7Z7im6Ew3b4ewwPcehzWgEQRJ1iQz7g6D62NW,GpugBvKWM3TVhYcZjemSdtehBWgfvuGr6uAm9iPjXT6v,92fMXJ3xy8tEyMUWLHKRLyhPw2nECBo77GtDiBBbYrjX,4.45110065099999,5.921114444999603,3.344284688365829,0.7513388149545658,0.0013377138753463316,0.9998563166478723,2649.352272173,340.816882123,2331.329108982563
Cob4usZcpHEY7Qt4ZCwj6WVg9S44zvzYV2v9qYF65dTf,NhFM9UXE48PyNAyeyPYA3iXztqKVJwA4bTdLj4ysM8w,6TuFuynuBoeskxyR2cz4wxyidk8dpDK7kAWw3UkjQGx,5.105402000003792,532.0057199999974,0.029525986252532874,0.005783283324704096,1.1810394501013151e-05,1.0,38945.845292,71.84013,297.0749876437291
BUSDgu5JdqP1rndBvXvanbEufS94FNh1w5FJcAj6vawb,Bgzr8cWubt89JQFXndVjtdKmDbGzuPxNhvjH1EhWCwbo,Dxaf8xPBBQsasRKW5Aa4Sw2YrbfGofY9xZueyyF23FBW,6298.375803770003,6349.867477339998,6258.397287068157,0.9936525672733095,2.5033589148272632,1.0,10401.89544375,4958.52764668,15294.397758870728
RoBgmK8CvjdHvPrqdDyVw54VwjZv2TqJ493xnqJAQHx,ExiHJxM7qPAcy27NDHAF6G7vnW7muNHi2sVJpnaNynGQ,6rkPHSqZb7StM4HwS9EuVrmfkV7tRdc7dnsFhyB6cefE,0.6406320000000001,37.27412800000002,0.0,0.0,0.0,0.8274946688655959,6280.865208,18.703492,15.477039919170322
parEAJhzYzHW87y9VoZAQ22dzQ2MD2ekEtTReaxbMcz,3oyc6hpjYSJEquK6dSvG72NXyz3pqLZz5D8AC71pwgQb,Di2vordgFJVZ1aj1aBpvzXtLfZgJsuLLXawGtVFwX6Rz,0.047234019000171656,0.054360102999936544,7.095696014605953,150.22426981240292,0.0028382784058423815,179.40231759089957,1108.224830936,135.19691809,190736.9064518273
STK75uPSyBnEhGTTzb1nwmP3n427XoXmfRhXxxhyady,6TYyD5fUmDe6N65avW1Ny2RxzRNobw2RRgKwH9CTzSAU,54zDfk4cx2vGrEajPtodWpArNe5eUurytyxd4X3aZAxK,171.67702650899906,196.41680443199652,30541.35643276881,177.90007815150432,3.054135643276881,203.7005048513312,1951.165243575,318.333284217,411957.10002447665
BSCuChvaSj9b5HUSqgDVRzcnr2sSn7cXaamt1jbKH6hn,GnKpRj5kBVPMJfiwZtEuD9GYApLzPdW5JFuZTcyX4BTc,3dmwD9okkomV9nDwyuh4UMhKdUR13QpuKxRo89ycZB5t,19.487403072999996,19.507558691999975,19.46606448990255,0.998905006325496,0.007786425795961021,0.999525225517879,1587.061650539,1424.161567693,3008.809240192854
B2izdXFYb2sNwbWWHmh75T4aQFtfXsUxem9u2p61HGzf,4DYwgJtxwuJdAjkj5RJSNH4e7U329V5cNp7d3a1nLrZv,EXNW64GEf1ACC6xY9BtKRiunrs6GoJSXBdxWN2eTPmrF,1747.3294200000037,1735.2549019999933,1757.7511264285988,1.0059643627064867,0.17577511264285986,1.0,12717.004733,27022.835192,39815.68875376772
vEnkoSUkpnbRrPgBz9DfcVxNz67zjwMYBZraAvDDNSf,DtfyjjsZ5yCjWKLKHvwsfXs5QVsmm1QkK6Sh9JZHoq1g,e5wrKCRv4GhHvEf1VD5Pq2KGaZDXP77nTL612Jyrxwy,6819.384442999988,6818.047259000017,6816.759990403682,0.9996151481679553,0.6816759990403682,0.9986498254360104,35162.813539,38667.138064,73764.21174351338
MATgk4zXLXtYkwBH678J1xZbRDZ45LicNzkRBHkxTuY,y8dALFo1bJrSzPYjMX14HJX448pXqYmrfXHD1K8MXih,GN7Yuet3UyiWS5YVkEHv6oQKi4HGBJc3XDPt9zQhAqZz,2010.5390929999999,2010.556748,2011.6938052442101,1.0005743296652279,0.8046775220976841,1.0,3945.886855,4157.624271,8105.777365876459
BSCNHw8CmxbZ8hCWWzMf5FaG2ajPT6JxfznKUNuRVrn4,7n9kgNL633yGzCYksgnzHyjG73ZLBAwvEae5sbAekbzW,SscdxE99omdG9AiMVwmaEMQySQnCgeAh1sPj2Leutm2,9.586347317999753,9.594376064999778,9.579728779183503,0.999309586999438,0.003831891511673401,0.9998563166478723,6056.892460266,5661.426545725,11713.323795949513
HEDSDjj84KS7LKhZY7ejkCACTdPen62rKhCby1wXtgxc,EnnjMSFttpCTywBrYNt1J5QQeoSVkvzPipJDa8Y7kJow,6bjVT6JN2rSvpyn9PdfLYC8wJn4LWh49jpY47fnLDXZk,67.5737108670005,80.04467375498643,57.06570504177603,0.8444956523712828,0.022826282016710414,0.9998563166478723,44443.614964891,3857.717257958,41389.602581724546
RajgMbScQbqqrdJfR2rxfHJiTiY5b6bJ2tTXiF4aPxy,725ZA3fhyBAKb5iopNRrcbSuQa3LXA1656Q3mBvYPxeg,GLA6i1dSZpUfk2f9Nj8uiG7xyDdAR2reff8oEiZH3617,4319.668522609994,4320.18782924999,4318.374608026192,0.9997004597512448,1.7273498432104768,1.0,109432.89728987,74936.77880546,184336.89653805378
Dg3mAgpwDfVNnbGWcsxL8sUcSkEbjSJQhKAWNigG44Ju,EATxwd8YA2wV93VJcKMmH2Kn2Y9XfJVUB9hHVu3udwEy,GiGvrRi7NMHfHKanG2B8xyCEqe8jaafWins8bhrLVEaa,0.00030307299999998705,0.0003071919999999839,0.06588332938055828,217.3843574998799,2.6353331752223318e-05,214.6342803570141,0.133242712,0.185138173,68.70187986812891
KysFMBBoavfov2tLpvefWW6tPFt6rAeZWDJVy1mMQae,B8ka2V21TH3x64dFV8ETcjuQcwmrciJ2qzy1mJUttRew,7fSf7EYxBANyxzk2s5pymFgshA91tFYQNKKs5UnLWcYS,34.666504999996505,32.66201099999398,0.0,0.0,0.0,0.019404093685525654,130649.648378,3027.029546,58.73676489943819
BSC8REUo9LpiiWUuqMuLXs2D2yJsJfGd4HdiF3wCLxk5,AZjEH1zWVx1UJ6udMyRijGTzPteuLnaY18yNNmprJEsh,Caf8ypkSVR8xYnXNhjvfvdGCC7mrM3C11rz8Xi6NA6aK,618.6670150099994,618.5607352699999,618.0721718445893,0.9990385083559037,0.24722886873783573,0.9998563166478723,3220.656955602,3024.857260519,6241.982959738789
ALLwa5WNZbvQsRKAqe1jdRGemdYQnW8E5k4msbRFcYtu,CGoM82Hbz7QVqTgvQatYtjvDWBvoUJp5qm21P8iMs9yb,3dxNNww8TivyN5FMy5dCNdi3Zcxv6e4kUfSPxfFwpdNq,4.770879834,4.7391912870000015,15706.600276543208,3292.1810699588477,6.282640110617284,3292.051013622507,3.38893643,5.406961267,28956.984681784903
TETFuZgEmET6d9vYmz9iMFCxK1jKdKYxf3oPz8hSzJK,Eu1Ze6Z84LWNkq7SNoAHBJbXx5t1P95EwyqYohrfCRFV,ASMbv7WNu3qe4pkhREmvyEdwFNDZQ6B6iSrjkj4u8bdC,6.621986534000008,6.616358117000004,6.657366736709715,1.005342838214492,0.002662946694683886,0.9994053538144805,37.781882661,214.934433694,252.79036890036372
BUSDTd9WiT6uBHJRgNvFXBsA7JrifsAtWzKfioN7ERcy,DyBxrn7gSc1EwnpWhDyhzvMHPtxpmBqRqotapLcKcfTM,Cds99GeBgoCpqBsoRWu1C6fF9LiUMd4pXQQD24s9LPff,277.96324710000005,278.77068677,277.7841568762204,0.9993557053831824,0.02777841568762204,0.9994053538144805,104.24679441,94.14042712,198.26407563565107
SAMyS8Jr2HJrkFwYVKbpUwsNStnQmvz3f8Tup8bWUWF,6jPzm5TFfquvgm25sTyN3MMGBfufRaFHMxobDWv6hMFW,Cj9ECoDmxsHTDzCY5ZA6RWrPbg9uFzEC1Qc2kso2vJG6,603.5310300499937,46.01373625999872,592.8856962279374,0.9823615799486326,0.23715427849117499,0.019404093685525654,455.34820508,110214.63870799,2585.9317571753627
C2ypsDADXcCRz8HbV2zX1AXPSja7a1P3xZtRC91xGhJh,J9bYNuDpY1d1T86gLaw7DGk5D3CsUAf2tzUwxMvb6FTv,A2NGvvPrMGzsJ4jb52KEnSBVmsA7C34dV1GC7PerdgvG,4.925315497999918,5.030787757000098,876.754776449849,178.00987100336687,0.35070191057993966,180.97316873702988,1965.928018873,587.134406047,456210.1669783469
C98Sspw7XqnMsgxea3SLQVdbMDL8pKUc3RE82UvX9eq2,CSqgQJurPCzGxb4Cgwx5R61hWQUiaoUHcShNc8r1cKEL,6S2CR5EnukPhC914XkAns8m5GixjMAoUuZMsS5ubHuWc,155.400719,159.02582900000036,0.0,0.0,0.0,1.0,841.481772,203.39675,203.39675
DEDaBEWzMCXohXYXoLzB4jK1xqMsd3SS9izXp2xvg9pe,,,4163911.449798578,3786373.2317688465,0.0,0.0,0.0,1.0,841.481772,203.39675,203.39675
JSoLLrxK5bYdHwTEWYaGgmeycBCNXKDiBCTw5hXGBg7,xG4wXczA7Dk4hccJ61CHKpDHW4NrNfQwgmWgkb9BuF2,BVR6WgfhsRr9Lob4QDnkEAiNGgAbv7ZieKcY9kSg3QYR,0.5966685890001848,0.5043101529999952,125.90712747405334,211.01685222785264,0.05036285098962134,176.45628489643605,16.9353543,172.394119584,33993.671035534
KZMu9QBEdL97EFgamLbN5DE1AoKBG4HdrKKJo4Vuon3,DD4ACBWyVqdaKWh7v5btsgqQCCMwbKnuL2xd9pv7Gyuw,GcYqiJ1MAuYbNTNYXm1F1gQYTfTgkErACAhNU5dpVj9T,12.892220569999836,12.809346190000042,12.6648221681913,0.9823615799486326,0.00506592886727652,1.0,1303.11741025,1787.52561004,3067.6580880317606
KEN5P7p3asnb23Sw6yAmJRGvijfAzso3RqfyLAQhznt,9zj4aX38Uxf3h6AUjS4EipWS8mwbEofasHAf3a1uKGds,CwQDG1MWunn9cLNwcZLd8YBacweSR7ARo32w4mLua1Yr,37529.2399789996,37535.8579119998,37386.7217955151,0.9962024761608749,3.7386721795515103,1.0,1130765.106424,1054968.302441,2181439.301416904
KwnjUuZhTMTSGAaavkLEmSyfobY16JNH4poL9oeeEvE,J63v6qEZmQpDqCD8bd4PXu2Pq5ZbyXrFcSa3Xt1HdAPQ,BnKQtTdLw9qPCDgZkWX3sURkBAoKCUYL1yahh6Mw7mRK,185.0348060000124,6760.771392999915,3.5497772003368393,0.019184375507906342,0.0003549777200336839,1.0,278775.705455,552.288951,5900.4267669302135
GokA1R67GqSavkd15zR62QD68Tuc5AEfvjssntVDEbM8,3YB7hfpBdbQEuZqLGWVDpRPmeZWCUsrrWyqGXegnQ6Cg,4DPCj6Z1DsG6HUtwSogBGqXEUxdEV5a8YVrrFtcnz7UW,3908.487161999992,3909.107572000001,3908.264390929709,0.9999430032488148,0.39082643909297093,1.0,18588.03236,13927.439057,32514.411959544555
YAkoNb6HKmSxQN9L8hiBE5tPJRsniSSMzND1boHmZxe,CfWX7o2TswwbxusJ4hCaPobu2jLCb1hfXuXJQjVq3jQF,EnTrdMMpdhugeH6Ban6gYZWXughWxKtVGfCwFn78ZmY3,4920659.369348045,4919787.285830982,4920659.369348045,1.0,492.06593693480454,0.991496922393553,1045834.527503,2407831.328964,3433191.879813585
AUSejoEUCh2DBs9mof6BNC8Pubs22w4cJa1ccV9h44R,4xkyD7AfGQDwsQMy9MosRRNGoVJ1zosNinesxg1TzHG7,Cbm5gsQe3nSiCsFrvepVzMCD9xLK3ri9g3ypS2hdmVJ7,1623.2396479999989,1624.4304819999961,1622.0798608994558,0.9992855108597353,0.16220798608994558,1.0,14694.276368,14195.965505,28879.742972111017
KEVpg4SYCVrqFxKijQH6hm4QxsRdoE51ud64bEEFUC9,2bPenuBYfqzD8p5dFjCcggwkHDsc2RQDnx9AoyYGUBjA,AE6n6iLuX8oYu61vt5hoDYkjswpnxFxrhSehxrnQTnbx,9142.429618564001,9146.022482766,9133.87342609661,0.9990641226868165,3.6535493704386446,0.9998563166478723,5257.676027445,2315.461933242,7567.884727640554
SoN9GaFpSXfpyR5dth3x7PHPVhvJMpQqqDJfCSmPv1t,9kZ9iS68ViMPtoeqtnhAKuF2iqVyfHPdZHoUNdwCELr,BBhm5fJLjw3HRzjtKB8uMEYjGhY6EDm9co3cqpjrSzB9,0.130620336,0.12843907600000026,28.151565466122516,215.52207204644242,0.011260626186449008,210.98154734288784,1.890513428,3.207445559,1084.1591982900768
AURHmCnNwiW4uA2Qj1XvEh4iKgRUZYXtiY7FKAapUV5Y,BKWm4TRnTeKwfWXRyuzjRHU7iZDkPuXBX5b5V5jSVfGJ,A5Ww74HVrkj9nPeC7pHKLfgeDMEhBCpW1efQdz3TGLEg,0.0824708889999215,0.07338143699996635,16.386977470766045,198.7001434018935,0.006554790988306418,177.7648206975136,282.622571549,1795.388718979,375314.0992070388
Lid8SLUxQ9RmF7XMqUA8c24RitTwzja8VSKngJxRcUa,4PgzyzLtds9bKZ2to9PMnKqJzKEUpjvNUaeN23phegax,AtymwxoVN9peZo7EXTcDz9jKVc4vRmisJKKrNfe3ewBa,14.972735063994378,12.66603015099895,3155.0421120116407,210.7191570896566,0.3155042112011641,177.7648206975136,955.600267164,7632.22002598,1558103.507253756
SUiuyGR7SFq3xeRVJonq84fjjeFwRSsFekcevJ53tzy,49GjCCPsv7fBqo6t3iKDrP1xxGDS8uWZbVCdfnp2gjMf,CEwj5xEbbJEjYqM8D6Ai8ByGz1mrh8mkAVsE5fzDSSSx,0.012199999999999989,1.9338359999999284,7.060648499382717e-05,0.005787416802772724,2.824259399753087e-08,0.9513172890501477,688.371225,1.348197,5.266454309255785
SoNcU2iwHMw6dGzsYNQkYFkUjwN1UdAjrWVRnStrZu2,8ivTTid27jZnYNc4w3CTA1Z6QS2twsFb8WMwUabeDJgc,CyXm53PMvHCbeXJBykU46Rcbo28xk5srhMZFg7gv6EYB,1.5178617769999985,1.5036677090000001,325.42015331729345,214.3937993882916,0.13016806132691738,210.98154734288784,11.803767344,15.196930844,5736.926512305583
heyk4SZTeCUV6a65WiVA5bzic3KcxgVf1qxobfeV4tQ,9ZDpBKPqMABtGfq66FbVribaArMvtk63xxy91onZAtDt,DaTP4s6N7xxSPinbNZ3FB52EpRDRt87QShTuN3VPCW52,1.4299263250007925,1.251724157999547,294.96810570402664,206.28203044227692,0.11798724228161067,177.7648206975136,597.511272127,4504.130963625,923931.8715734228
wrmcMSHFi3sWpAEy4rGDvQb3ezh3PhXoV2xNjgLBkKU,8p4mGnARWPBu6P2Gcw4adodLkNDorrXniZMhaY7eJXUn,AyY89zccbsgp9LKFgH4CFZMJmpSgqmPSdTfukhP227rc,0.020007819999999996,0.13098739000000137,9.753156350235445,487.46721782960094,0.0039012625400941777,3288.93274132544,26.89305237,0.11938008,13502.114471523706
FrnkTEL6yZ5Aycq2TrEgu29dCrwKG4LPUZydfiwqspkc,DjvZuMZ46fxKBoBpGMPcRcos4xdTtHFxwMh69DpA2ZFY,9rvDPJLAng4uVVqnnSoEXgNDFhBZQTny9AoQioYDZbQX,2.0776546589995633,1.70106249600002,451.11996639695496,217.12942737758894,0.180447986558782,177.7648206975136,164.159978012,1451.544252799,293677.4658573838
