0,1,2,3,4,5,6,7,8,9,10,11
Lid8SLUxQ9RmF7XMqUA8c24RitTwzja8VSKngJxRcUa,4PgzyzLtds9bKZ2to9PMnKqJzKEUpjvNUaeN23phegax,AtymwxoVN9peZo7EXTcDz9jKVc4vRmisJKKrNfe3ewBa,151.21707129299557,128.5282372699993,32275.80904376114,213.4402469759786,3.2275809043761137,180.74553920009254,966.871198173,7618.862422656,1583444.6240062874
Lee1XZJfJ9Hm2K1qTyeCz1LXNc1YBZaKZszvNY4KCDw,9DgFSWkPDGijNKcLGbr3p5xoJbHsPgXUTr6QvGBJ5vGN,2hNHZg7XBhuhHVZ3JDEi4buq2fPQwuWBdQ9xkH7t1GQX,495.1152839289789,411.0003330480049,107855.84663223465,217.8398650438468,10.785584663223466,180.74553920009254,6296.674671901,53318.850728991,11008811.185292646
wrmcMSHFi3sWpAEy4rGDvQb3ezh3PhXoV2xNjgLBkKU,8p4mGnARWPBu6P2Gcw4adodLkNDorrXniZMhaY7eJXUn,AyY89zccbsgp9LKFgH4CFZMJmpSgqmPSdTfukhP227rc,0.03159082999999778,0.08552857000000123,15.071960877861535,477.09923664122135,0.006028784351144615,3258.390355164549,26.89470773,0.11911983,13219.583432852596
SAMyS8Jr2HJrkFwYVKbpUwsNStnQmvz3f8Tup8bWUWF,6jPzm5TFfquvgm25sTyN3MMGBfufRaFHMxobDWv6hMFW,Cj9ECoDmxsHTDzCY5ZA6RWrPbg9uFzEC1Qc2kso2vJG6,75.56386342000042,1.4415418899999963,76.05807586711202,1.0065403279390925,0.03042323034684481,0.01918477410379335,445.81026498,110704.33678742,2572.563703888496
SERgf3DMJpQxUifu7VoFKmfne73d2fDJxSrxUMrcNJB,AJfM2GZ2tTB8UtN2krcyR9xufRJEx2mhSCbJyMgPo3GU,F4yRYkufQvERZcEKnKjJwRLU1btiMBUuEwq46hfm11QD,23.747258155000004,25.521911069,2764.848415256228,116.42811128804303,1.1059393661024912,180.74553920009254,54.990386521,3.699468557,7071.089280728242
YAkoNb6HKmSxQN9L8hiBE5tPJRsniSSMzND1boHmZxe,CfWX7o2TswwbxusJ4hCaPobu2jLCb1hfXuXJQjVq3jQF,EnTrdMMpdhugeH6Ban6gYZWXughWxKtVGfCwFn78ZmY3,5332622.960019996,5332688.8369209515,5332622.960019996,1.0,533.2622960019996,0.9983736493252491,2034832.759121,1421995.830115,3454515.9253581995
vEnkoSUkpnbRrPgBz9DfcVxNz67zjwMYBZraAvDDNSf,DtfyjjsZ5yCjWKLKHvwsfXs5QVsmm1QkK6Sh9JZHoq1g,e5wrKCRv4GhHvEf1VD5Pq2KGaZDXP77nTL612Jyrxwy,13649.869037000055,13652.505244999935,13626.47238391687,0.9982859430358075,1.362647238391687,0.9983736493252491,107730.890863,89523.228398,196923.86621434666
STK75uPSyBnEhGTTzb1nwmP3n427XoXmfRhXxxhyady,6TYyD5fUmDe6N65avW1Ny2RxzRNobw2RRgKwH9CTzSAU,54zDfk4cx2vGrEajPtodWpArNe5eUurytyxd4X3aZAxK,126.42189235000149,144.5953453259974,22850.19309949707,180.74553920009254,2.2850193099497074,206.77006548407974,1851.634333076,303.226764063,397372.8637950575
KEVpg4SYCVrqFxKijQH6hm4QxsRdoE51ud64bEEFUC9,2bPenuBYfqzD8p5dFjCcggwkHDsc2RQDnx9AoyYGUBjA,AE6n6iLuX8oYu61vt5hoDYkjswpnxFxrhSehxrnQTnbx,3099.827216224,3107.0903431029997,3096.5236218744835,0.9989342650028279,1.2386094487497936,1.0,5105.681512236,2458.679886936,7558.920095699996
SAMGk1Nd4haC8zQA63DG37pzuEZy8j4q13tSFtCbcRE,9U9TnkHD3jXMAVZtynCVLgDruuqN4pTvLJTmVHCLWS8g,C6zoEbvqSknmi96QWq96UBiPCyNW3YSTvKhavR2BfifE,0.006171099999995988,0.0032536799999998145,0.011804075792751998,1.9127993052712924,4.7216303171008e-06,0.0,53.64046857,1.13920882,102.6034510151226
NorjjEePhxfwLF4vZjUHCrVVKLzQjEEGQFd3wgjEJmh,34M8pFVqgbV7aqHxvRT5tCv3vu2P1JJYT8J3VaxBK2oG,3AZWBSze3ucsY3xSeuLne3b2pauVqiaJ1SZSV5T9WGWw,1.6394710000004125,2.934916999998677,0.9164380422147015,0.5589839906985064,0.00036657521688588057,1.0,38295.154466,2098.142646,23504.520913820408
AURHmCnNwiW4uA2Qj1XvEh4iKgRUZYXtiY7FKAapUV5Y,BKWm4TRnTeKwfWXRyuzjRHU7iZDkPuXBX5b5V5jSVfGJ,A5Ww74HVrkj9nPeC7pHKLfgeDMEhBCpW1efQdz3TGLEg,0.007040446000132761,0.0062795610000989655,1.3947857336985354,198.11042278745327,0.0005579142934794142,180.9520466219329,282.569670324,1795.448179116,380870.01946946187
ALLwa5WNZbvQsRKAqe1jdRGemdYQnW8E5k4msbRFcYtu,CGoM82Hbz7QVqTgvQatYtjvDWBvoUJp5qm21P8iMs9yb,3dxNNww8TivyN5FMy5dCNdi3Zcxv6e4kUfSPxfFwpdNq,3.1200544260000003,3.1215223420000004,10170.663448185938,3259.771164064283,4.068265379274376,3258.7832355155233,2.353396271,6.426827095,28615.169696565143
RoBgmK8CvjdHvPrqdDyVw54VwjZv2TqJ493xnqJAQHx,ExiHJxM7qPAcy27NDHAF6G7vnW7muNHi2sVJpnaNynGQ,6rkPHSqZb7StM4HwS9EuVrmfkV7tRdc7dnsFhyB6cefE,10.478544000000511,0.16936199999999957,0.0,0.0,0.0,0.9405037337998231,6302.561425,18.344172,17.25276225946617
GokA1R67GqSavkd15zR62QD68Tuc5AEfvjssntVDEbM8,3YB7hfpBdbQEuZqLGWVDpRPmeZWCUsrrWyqGXegnQ6Cg,4DPCj6Z1DsG6HUtwSogBGqXEUxdEV5a8YVrrFtcnz7UW,4971.33367,4971.773946000001,4971.264072302988,0.9999860001959973,0.49712640723029883,1.0,18072.361356,14439.429488,32511.537834483148
daob129AwBGn9Y5r91uLoWZeYiGzbPmksauMhFZKTze,6VW5GQNyj4LStgmxEHLr5zUfW92vQnmbw8jTnCH7a38F,4VPCCUifPeBA1c7HWK358CHn2nyjm8pdTRk6Ps3KmnMQ,5.407346367000116,4.821076599999998,1067.000953865794,197.32432166311256,0.42680038154631755,180.9520466219329,46.989350234,220.196925892,49117.22606032996
KwnjUuZhTMTSGAaavkLEmSyfobY16JNH4poL9oeeEvE,J63v6qEZmQpDqCD8bd4PXu2Pq5ZbyXrFcSa3Xt1HdAPQ,BnKQtTdLw9qPCDgZkWX3sURkBAoKCUYL1yahh6Mw7mRK,85.73715099996684,1752.3685199997635,1.6020863579769367,0.01868602279515395,0.0001602086357976937,1.0,278876.762033,550.31374,5761.411272387362
C2ypsDADXcCRz8HbV2zX1AXPSja7a1P3xZtRC91xGhJh,J9bYNuDpY1d1T86gLaw7DGk5D3CsUAf2tzUwxMvb6FTv,A2NGvvPrMGzsJ4jb52KEnSBVmsA7C34dV1GC7PerdgvG,19.872241661999965,20.271023043999776,3595.922799704535,180.9520466219329,1.438369119881814,176.97592738040586,1993.930241245,612.857074079,469266.7070114203
MARpDPs5A7XiyCWPNH8GsMWPLxmwNn9SBmKvPa9LzgA,6YjT74rmcfCpw8LSjPNx5JTmZoYLGrTKnf9arfSgZ4SR,F8GSmi3vA8M8TsybLya1LQ4n1aFHCRbZ6k437PeTdXtg,29085.748675999977,30154.187814999663,27355.25523014124,0.9405037337998231,10.942102092056496,1.0,294471.798068,18468.027369,295419.85295070155
BUSDTd9WiT6uBHJRgNvFXBsA7JrifsAtWzKfioN7ERcy,DyBxrn7gSc1EwnpWhDyhzvMHPtxpmBqRqotapLcKcfTM,Cds99GeBgoCpqBsoRWu1C6fF9LiUMd4pXQQD24s9LPff,255.80653668000002,255.74018959,255.2973945331087,0.9980096593562493,0.025529739453310874,0.9975689245309182,102.5629448,84.29182177,186.44571159227252
SUiuyGR7SFq3xeRVJonq84fjjeFwRSsFekcevJ53tzy,49GjCCPsv7fBqo6t3iKDrP1xxGDS8uWZbVCdfnp2gjMf,CEwj5xEbbJEjYqM8D6Ai8ByGz1mrh8mkAVsE5fzDSSSx,0.9277070000000549,0.005518000000000134,0.005326950136827311,0.00574206094901407,2.1307800547309245e-06,0.9405037337998231,695.213259,1.306337,5.220571731841564
B2izdXFYb2sNwbWWHmh75T4aQFtfXsUxem9u2p61HGzf,4DYwgJtxwuJdAjkj5RJSNH4e7U329V5cNp7d3a1nLrZv,EXNW64GEf1ACC6xY9BtKRiunrs6GoJSXBdxWN2eTPmrF,747.4778709999973,742.4998889999879,733.8228945776956,0.9817319322055197,0.07338228945776956,1.0,12415.637748,27325.796656,39514.624691907826
Cob4usZcpHEY7Qt4ZCwj6WVg9S44zvzYV2v9qYF65dTf,NhFM9UXE48PyNAyeyPYA3iXztqKVJwA4bTdLj4ysM8w,6TuFuynuBoeskxyR2cz4wxyidk8dpDK7kAWw3UkjQGx,173.42651899999942,24.36169399999926,0.9958256422733432,0.00574206094901407,0.00039833025690933735,1.0,38973.994581,71.671621,295.4626733106461
KEN5P7p3asnb23Sw6yAmJRGvijfAzso3RqfyLAQhznt,9zj4aX38Uxf3h6AUjS4EipWS8mwbEofasHAf3a1uKGds,CwQDG1MWunn9cLNwcZLd8YBacweSR7ARo32w4mLua1Yr,19450.487919000327,19453.014459999977,19402.215207563906,0.9975181747811445,1.9402215207563909,1.0,1100399.944964,1085192.126581,2182861.071210761
MATSnbbiTCv7Dc3trJrkrqjx7ckKdr6fwPoVwv9q3sD,631WX9JizSHJm4w6VanZeJAst9T8DeUUnPLesdGkCVtK,211maUSfpnXbPuW1iBu8b4dtJv5EbN1j7JJiEX5TZKEP,8519.787584000005,8523.249549,8498.507321666551,0.9975022543550948,3.3994029286666207,0.9984145177458197,24419.732989,21236.745409,45561.81363329446
KysFMBBoavfov2tLpvefWW6tPFt6rAeZWDJVy1mMQae,B8ka2V21TH3x64dFV8ETcjuQcwmrciJ2qzy1mJUttRew,7fSf7EYxBANyxzk2s5pymFgshA91tFYQNKKs5UnLWcYS,8.47970499999974,10.478543999997783,0.0,0.0,0.0,0.01760002069762434,130627.952161,3044.543133,53.58402215561006
WiiQFxXqp8P9Fs1rt9SVcDyA3KUdJmUsog6wnVQAwba,3S2jpqSYxho6wiz3cafhjXruVY8cg4HYa2v3BqBHYFSj,Dfe67M6TfrG74gKRtdqys4e6E9QirPD53BkF4FujFjuv,35810.349313593004,35893.05524172899,35797.44157950059,0.9996395529689092,3.5797441579500595,1.0,16219.472693925,10667.362568134,26880.989001280614
BUSDgu5JdqP1rndBvXvanbEufS94FNh1w5FJcAj6vawb,Bgzr8cWubt89JQFXndVjtdKmDbGzuPxNhvjH1EhWCwbo,Dxaf8xPBBQsasRKW5Aa4Sw2YrbfGofY9xZueyyF23FBW,9179.882006720005,9240.20009363,9122.891848714595,0.9937918419905952,3.649156739485838,1.0,10532.09437823,4813.81667161,15280.526143769985
SoN9GaFpSXfpyR5dth3x7PHPVhvJMpQqqDJfCSmPv1t,9kZ9iS68ViMPtoeqtnhAKuF2iqVyfHPdZHoUNdwCELr,BBhm5fJLjw3HRzjtKB8uMEYjGhY6EDm9co3cqpjrSzB9,0.05625715799999975,0.0549771130000003,12.458826437078363,221.46206598417962,0.004983530574831346,197.8498470027133,1.886884342,3.211008155,1053.170776843734
FrnkTEL6yZ5Aycq2TrEgu29dCrwKG4LPUZydfiwqspkc,DjvZuMZ46fxKBoBpGMPcRcos4xdTtHFxwMh69DpA2ZFY,9rvDPJLAng4uVVqnnSoEXgNDFhBZQTny9AoQioYDZbQX,1.2250140179999107,1.0047038590000454,271.2941352858412,221.46206598417962,0.10851765411433649,181.55749826113305,164.848261865,1450.699545578,299893.01687022817
Sid7E679i9ABqptiAVhkmQ27YHN8vaYT4fppPwmxFsJ,GP7KB8o1bv527HG8kTzzzf4wJ5aEGHvcMQvVhLziUfmT,9gYxhAZ1M9wu5pxr8SBoa5NDm21gi3s9vMHaYTME77sa,67.08946999999989,225.3915660000057,0.3862387387043772,0.005757069458208238,0.0001544954954817509,0.01760002069762434,137966.455811,8098.254259,936.811911579769
KZMu9QBEdL97EFgamLbN5DE1AoKBG4HdrKKJo4Vuon3,DD4ACBWyVqdaKWh7v5btsgqQCCMwbKnuL2xd9pv7Gyuw,GcYqiJ1MAuYbNTNYXm1F1gQYTfTgkErACAhNU5dpVj9T,1.446340640000244,1.4461202499999217,1.4558001820974826,1.0065403279390925,0.0005823200728389931,1.0,1314.94256645,1775.61437161,3099.157093665655
DEDaBEWzMCXohXYXoLzB4jK1xqMsd3SS9izXp2xvg9pe,,,6962.936996469951,504365.42066636967,0.0,0.0,0.0,1.0,1314.94256645,1775.61437161,1775.61437161
C98Sspw7XqnMsgxea3SLQVdbMDL8pKUc3RE82UvX9eq2,CSqgQJurPCzGxb4Cgwx5R61hWQUiaoUHcShNc8r1cKEL,6S2CR5EnukPhC914XkAns8m5GixjMAoUuZMsS5ubHuWc,59.49681700000002,61.45345099999997,0.0,0.0,0.0,1.0,861.320572,184.123004,184.123004
AUSejoEUCh2DBs9mof6BNC8Pubs22w4cJa1ccV9h44R,4xkyD7AfGQDwsQMy9MosRRNGoVJ1zosNinesxg1TzHG7,Cbm5gsQe3nSiCsFrvepVzMCD9xLK3ri9g3ypS2hdmVJ7,12211.573864000004,12243.516252,12212.892856428498,1.0001080116652599,1.2212892856428499,1.0,14412.257041,14477.438081,28891.25181388315
SRMuKizofcAMicegrfSv7xs9q76tH1w8aAF7oX9FEWu,72Hj2KWntXPfbie4UgKeTPnm1XVkomDfCnRPKbvfTtPi,6aqJQ5wedqpUt4fFEDUqUmXhrdxCu4bEJsQdVPCADLko,2.26509200000055,2.117870999999468,0.07026114059134678,0.031019111184591937,2.8104456236538712e-05,0.028411064348077587,16624.979993,5285.593809,665.861448669783
YakoMPuYrybnr9R7VC7hVGxMz94fJvPFCdZ4gmW61Ed,,,0.23209700000000022,0.23186700000000005,0.0,0.0,0.0,0.028411064348077587,16624.979993,5285.593809,150.16934582529953
parEAJhzYzHW87y9VoZAQ22dzQ2MD2ekEtTReaxbMcz,3oyc6hpjYSJEquK6dSvG72NXyz3pqLZz5D8AC71pwgQb,Di2vordgFJVZ1aj1aBpvzXtLfZgJsuLLXawGtVFwX6Rz,0.167958282000086,0.19636605799996687,29.78251977307282,177.32093599919992,0.01191300790922913,211.81019772905577,1107.909013919,135.461399331,225147.5691270214
KEnkcdADoLR5jS2CLLLesy8TtFsyWL37BhXNfDMzWzP,3qsjFRuw1qeLMPo4DLwaQevenGAGBj9dA3Q6rb8ax2YR,77iEv8zPQAEyCcEbvBRSB6AFcUdfkhiqnAKtPxk76rNN,1.1860770000000067,0.9345259999999981,0.006847943559795599,0.005773607919043671,2.7391774239182395e-06,0.9953536889798422,128.686364,0.232654,0.9745576274192527
SoNcU2iwHMw6dGzsYNQkYFkUjwN1UdAjrWVRnStrZu2,8ivTTid27jZnYNc4w3CTA1Z6QS2twsFb8WMwUabeDJgc,CyXm53PMvHCbeXJBykU46Rcbo28xk5srhMZFg7gv6EYB,0.9113972899999965,0.9018806139999995,199.28199886080424,218.65546567601163,0.07971279954432171,216.33511867495605,11.689995903,15.309576107,5868.08046189225
heyk4SZTeCUV6a65WiVA5bzic3KcxgVf1qxobfeV4tQ,9ZDpBKPqMABtGfq66FbVribaArMvtk63xxy91onZAtDt,DaTP4s6N7xxSPinbNZ3FB52EpRDRt87QShTuN3VPCW52,0.8274691779988643,0.7095746200000121,175.2664102066387,211.81019772905577,0.07010656408265548,181.49166181932688,597.388185238,4504.273265689,944020.9499145257
DFWzVTzNBrQZLjoQ4yQwkj9HuoXmfkuZP9V5vbymZe23,DhgiEgiNdqZdRdo195UUHnoEJUtefK8buko8nU97XJUZ,2K2kkXsouBHtWVjtcgkyiXd8eP3oVBvq1bTJzcVdLLr2,134.6075393329993,135.31474426000204,133.99217744425084,0.995428473829938,0.053596870977700335,0.9999419053751815,38132.790150571,29840.496653964,67797.22818396668
HEDSDjj84KS7LKhZY7ejkCACTdPen62rKhCby1wXtgxc,EnnjMSFttpCTywBrYNt1J5QQeoSVkvzPipJDa8Y7kJow,6bjVT6JN2rSvpyn9PdfLYC8wJn4LWh49jpY47fnLDXZk,1693.7634607260043,1853.5013093020088,1497.9647569754052,0.8844002080038537,0.5991859027901622,0.9999419053751815,43616.37301295,4573.048653464,43147.11234894485
7dwD9TF6uikvHXxPFK9AsSim54yJoujQjY9vU6gNFumk,CquVr6atkvwueDYficKjn6SSEWq4F4rH4VSiBbW4GBWU,8BCa6ge3b7ho3TfZuM64Vk1hgbrJ3J7EPiAb9uP86CGd,0.0007374139999999996,0.0007552599999999998,0.15797699029768897,214.23107006062952,6.31907961190756e-05,218.65546567601163,0.004632147,0.00289342,1.6250119059844204
JSoLLrxK5bYdHwTEWYaGgmeycBCNXKDiBCTw5hXGBg7,xG4wXczA7Dk4hccJ61CHKpDHW4NrNfQwgmWgkb9BuF2,BVR6WgfhsRr9Lob4QDnkEAiNGgAbv7ZieKcY9kSg3QYR,0.4066959629999758,0.34120378100000437,87.98261942022529,216.33511867495605,0.03519304776809012,181.49166181932688,17.016990174,172.295732769,34951.61145340731
RajgMbScQbqqrdJfR2rxfHJiTiY5b6bJ2tTXiF4aPxy,725ZA3fhyBAKb5iopNRrcbSuQa3LXA1656Q3mBvYPxeg,GLA6i1dSZpUfk2f9Nj8uiG7xyDdAR2reff8oEiZH3617,2156.8603138000035,2157.248357160017,2156.0233455372663,0.9996119506407614,0.8624093382149065,1.0,101276.9945183,83075.50621154,184313.20025701157
