0,1,2,3,4,5,6,7,8,9,10,11
FrnkTEL6yZ5Aycq2TrEgu29dCrwKG4LPUZydfiwqspkc,DjvZuMZ46fxKBoBpGMPcRcos4xdTtHFxwMh69DpA2ZFY,9rvDPJLAng4uVVqnnSoEXgNDFhBZQTny9AoQioYDZbQX,5.136999039999864,4.212300975000062,1211.244710382273,235.78838558286066,0.48449788415290923,193.04829238167733,164.388162471,1451.263864707,318924.83031489
KwnjUuZhTMTSGAaavkLEmSyfobY16JNH4poL9oeeEvE,J63v6qEZmQpDqCD8bd4PXu2Pq5ZbyXrFcSa3Xt1HdAPQ,BnKQtTdLw9qPCDgZkWX3sURkBAoKCUYL1yahh6Mw7mRK,102.92136799995285,2766.160198999845,2.117991769615459,0.020578737056977606,0.0002117991769615459,1.0,277847.698549,570.786049,6288.54077932625
parEAJhzYzHW87y9VoZAQ22dzQ2MD2ekEtTReaxbMcz,3oyc6hpjYSJEquK6dSvG72NXyz3pqLZz5D8AC71pwgQb,Di2vordgFJVZ1aj1aBpvzXtLfZgJsuLLXawGtVFwX6Rz,0.1983719389999976,0.23687748499992267,37.40094164156376,188.5394770555941,0.014960376656625505,225.00857845205348,1108.258667677,135.168550385,239364.59301970463
moFiBS1R4Lf3E3zzmBPnw3NF4RhWPkhREFviuzUaCAU,44ALBrpqi9PfZkBRTvbtRNtFJGsatfY4QydjtMbFWq8S,2ho8qEEie1UjVwWNBo9y4oAJZMyMLx8zPj9bxyUz6uWs,5.71152077700026,5.717130002005433,5.710480287518512,0.9998178261933428,0.002284192115007405,1.0,34093.220749209,30346.543680511,64433.553537914915
SoNcU2iwHMw6dGzsYNQkYFkUjwN1UdAjrWVRnStrZu2,8ivTTid27jZnYNc4w3CTA1Z6QS2twsFb8WMwUabeDJgc,CyXm53PMvHCbeXJBykU46Rcbo28xk5srhMZFg7gv6EYB,0.6424181549999979,0.6359656270000027,149.6241811836135,232.90777201589827,0.0598496724734454,230.1390569223642,11.603210999,15.397858803,6246.126725553599
C98Sspw7XqnMsgxea3SLQVdbMDL8pKUc3RE82UvX9eq2,CSqgQJurPCzGxb4Cgwx5R61hWQUiaoUHcShNc8r1cKEL,6S2CR5EnukPhC914XkAns8m5GixjMAoUuZMsS5ubHuWc,36.334194000000025,37.37817299999986,0.0,0.0,0.0,1.0,841.981617,202.841903,202.841903
MARpDPs5A7XiyCWPNH8GsMWPLxmwNn9SBmKvPa9LzgA,6YjT74rmcfCpw8LSjPNx5JTmZoYLGrTKnf9arfSgZ4SR,F8GSmi3vA8M8TsybLya1LQ4n1aFHCRbZ6k437PeTdXtg,16037.60686700001,16595.0258290004,15479.658071471877,0.9652099717772604,6.191863228588751,1.0,294425.509326,18526.631607,302709.069154054
BUSDgu5JdqP1rndBvXvanbEufS94FNh1w5FJcAj6vawb,Bgzr8cWubt89JQFXndVjtdKmDbGzuPxNhvjH1EhWCwbo,Dxaf8xPBBQsasRKW5Aa4Sw2YrbfGofY9xZueyyF23FBW,20139.182366910005,20357.986582789992,20009.638764967283,0.9935675838481124,8.003855505986913,1.0,10525.19196729,4829.76666448,15287.256216957885
KEN5P7p3asnb23Sw6yAmJRGvijfAzso3RqfyLAQhznt,9zj4aX38Uxf3h6AUjS4EipWS8mwbEofasHAf3a1uKGds,CwQDG1MWunn9cLNwcZLd8YBacweSR7ARo32w4mLua1Yr,23483.800113999983,23485.649113999447,23455.161361977014,0.9987804890229032,2.3455161361977015,1.0,1111112.079391,1074484.921112,2184241.9871253977
GokA1R67GqSavkd15zR62QD68Tuc5AEfvjssntVDEbM8,3YB7hfpBdbQEuZqLGWVDpRPmeZWCUsrrWyqGXegnQ6Cg,4DPCj6Z1DsG6HUtwSogBGqXEUxdEV5a8YVrrFtcnz7UW,23673.143142000004,23665.734460000003,23674.46891225909,1.0000560031361756,2.3674468912259092,1.0,16752.801096,15761.548612,32515.287917401103
AUSejoEUCh2DBs9mof6BNC8Pubs22w4cJa1ccV9h44R,4xkyD7AfGQDwsQMy9MosRRNGoVJ1zosNinesxg1TzHG7,Cbm5gsQe3nSiCsFrvepVzMCD9xLK3ri9g3ypS2hdmVJ7,2070.254419000001,2071.5765009999977,2070.6623394808785,1.0001970388166468,0.20706623394808785,1.0,14295.236365,14594.702142,28892.755223457047
TETFuZgEmET6d9vYmz9iMFCxK1jKdKYxf3oPz8hSzJK,Eu1Ze6Z84LWNkq7SNoAHBJbXx5t1P95EwyqYohrfCRFV,ASMbv7WNu3qe4pkhREmvyEdwFNDZQ6B6iSrjkj4u8bdC,31.435162604,31.325549438000003,31.518661937761504,1.0026562399187615,0.0126074647751046,0.9983786330998458,44.384637312,208.298843694,252.46364840090206
YakoMPuYrybnr9R7VC7hVGxMz94fJvPFCdZ4gmW61Ed,,,0.024493000000000098,0.024456000000000033,0.0,0.0,0.0,0.9983786330998458,44.384637312,208.298843694,207.96111484349416
7dwD9TF6uikvHXxPFK9AsSim54yJoujQjY9vU6gNFumk,CquVr6atkvwueDYficKjn6SSEWq4F4rH4VSiBbW4GBWU,8BCa6ge3b7ho3TfZuM64Vk1hgbrJ3J7EPiAb9uP86CGd,0.0007674229999999997,0.0007838480000000002,0.17520937052086805,228.3087300235569,7.008374820834722e-05,231.82879536194042,0.004384625,0.003137203,1.7283421576754034
STK75uPSyBnEhGTTzb1nwmP3n427XoXmfRhXxxhyady,6TYyD5fUmDe6N65avW1Ny2RxzRNobw2RRgKwH9CTzSAU,54zDfk4cx2vGrEajPtodWpArNe5eUurytyxd4X3aZAxK,182.43349165199925,208.73543774400196,35256.38448609614,193.25609660176548,3.5256384486096146,220.24035270171044,1935.881299701,316.604918566,443850.0423966399
Sid7E679i9ABqptiAVhkmQ27YHN8vaYT4fppPwmxFsJ,GP7KB8o1bv527HG8kTzzzf4wJ5aEGHvcMQvVhLziUfmT,9gYxhAZ1M9wu5pxr8SBoa5NDm21gi3s9vMHaYTME77sa,356.9041180000004,1209.7591639999882,2.1570452358050556,0.006043766734585711,0.0008628180943220222,0.019911091798237003,138333.019803,7990.283435,995.1477703483753
wrmcMSHFi3sWpAEy4rGDvQb3ezh3PhXoV2xNjgLBkKU,8p4mGnARWPBu6P2Gcw4adodLkNDorrXniZMhaY7eJXUn,AyY89zccbsgp9LKFgH4CFZMJmpSgqmPSdTfukhP227rc,0.006102379999999977,0.03959567999999791,3.2321927966101573,529.6610169491526,0.001292877118644063,3347.2803347280333,26.8557856,0.12509315,14643.184552868592
RajgMbScQbqqrdJfR2rxfHJiTiY5b6bJ2tTXiF4aPxy,725ZA3fhyBAKb5iopNRrcbSuQa3LXA1656Q3mBvYPxeg,GLA6i1dSZpUfk2f9Nj8uiG7xyDdAR2reff8oEiZH3617,350.8315175900061,351.05489718001627,350.5483341292464,0.9991928220625531,0.14021933365169859,1.0,118776.65124666,65595.97170346,184276.74905774987
MATSnbbiTCv7Dc3trJrkrqjx7ckKdr6fwPoVwv9q3sD,631WX9JizSHJm4w6VanZeJAst9T8DeUUnPLesdGkCVtK,211maUSfpnXbPuW1iBu8b4dtJv5EbN1j7JJiEX5TZKEP,6391.948074000007,6398.708944000002,6376.61232136712,0.9976007701477946,2.550644928546848,0.9983786330998458,26660.642723,19001.052215,45566.92225097049
Cob4usZcpHEY7Qt4ZCwj6WVg9S44zvzYV2v9qYF65dTf,NhFM9UXE48PyNAyeyPYA3iXztqKVJwA4bTdLj4ysM8w,6TuFuynuBoeskxyR2cz4wxyidk8dpDK7kAWw3UkjQGx,125.33168699999818,757.6009180000046,0.7574754806800974,0.006043766734585711,0.000302990192272039,1.0,38617.489211,73.795286,307.1903826666644
B2izdXFYb2sNwbWWHmh75T4aQFtfXsUxem9u2p61HGzf,4DYwgJtxwuJdAjkj5RJSNH4e7U329V5cNp7d3a1nLrZv,EXNW64GEf1ACC6xY9BtKRiunrs6GoJSXBdxWN2eTPmrF,514.4531639999914,511.0642710000011,499.96322967747864,0.9718342983647915,0.04999632296774787,1.0,12315.459053,27426.754488,39395.339995812574
DFWzVTzNBrQZLjoQ4yQwkj9HuoXmfkuZP9V5vbymZe23,DhgiEgiNdqZdRdo195UUHnoEJUtefK8buko8nU97XJUZ,2K2kkXsouBHtWVjtcgkyiXd8eP3oVBvq1bTJzcVdLLr2,2006.3429115390027,1999.7419999999984,2002.151001979705,0.9979106714334878,0.800860400791882,1.0,36126.447239032,31840.238653964,67891.20587477289
Dg3mAgpwDfVNnbGWcsxL8sUcSkEbjSJQhKAWNigG44Ju,EATxwd8YA2wV93VJcKMmH2Kn2Y9XfJVUB9hHVu3udwEy,GiGvrRi7NMHfHKanG2B8xyCEqe8jaafWins8bhrLVEaa,0.0004031359999999984,0.00040853400000001594,0.09499583266862574,235.64214723722546,3.79983330674503e-05,231.82879536194042,0.133545785,0.184830981,74.31815920267655
KysFMBBoavfov2tLpvefWW6tPFt6rAeZWDJVy1mMQae,B8ka2V21TH3x64dFV8ETcjuQcwmrciJ2qzy1mJUttRew,7fSf7EYxBANyxzk2s5pymFgshA91tFYQNKKs5UnLWcYS,25.95360699999992,32.14073100000678,0.0,0.0,0.0,0.019911091798237003,130660.092892,3018.589526,60.103413153382725
SRMuKizofcAMicegrfSv7xs9q76tH1w8aAF7oX9FEWu,72Hj2KWntXPfbie4UgKeTPnm1XVkomDfCnRPKbvfTtPi,6aqJQ5wedqpUt4fFEDUqUmXhrdxCu4bEJsQdVPCADLko,2.111924000001636,2.074493000000075,0.07197043816926095,0.034078138308577956,2.878817526770438e-05,0.03286337826063866,16627.054486,5283.551212,740.2544044775815
MATgk4zXLXtYkwBH678J1xZbRDZ45LicNzkRBHkxTuY,y8dALFo1bJrSzPYjMX14HJX448pXqYmrfXHD1K8MXih,GN7Yuet3UyiWS5YVkEHv6oQKi4HGBJc3XDPt9zQhAqZz,316.61697200000026,316.80977899999925,316.5862631324764,0.9999030094080874,0.12663450525299055,1.0,4351.635836,3750.871985,8102.085753264479
SAMyS8Jr2HJrkFwYVKbpUwsNStnQmvz3f8Tup8bWUWF,6jPzm5TFfquvgm25sTyN3MMGBfufRaFHMxobDWv6hMFW,Cj9ECoDmxsHTDzCY5ZA6RWrPbg9uFzEC1Qc2kso2vJG6,658.4271124500083,12.933869640000012,662.5395217631733,1.006245807979964,0.26501580870526936,0.02028523412552886,459.59579721,110001.45482611,2693.8716096042
MiMuMS9C4vBqcrYeeQPph1E7oAW9aNKvW9k6Zw9XffM,Afy2q2hh6Y474pshJa5fnQ6PfEchGyTbKrQpCZw2hr3m,5pXz9ksgjeL8Wgb37bksUaBFMLdFfsNNY3FQnikkCPtS,2.1304070560008768,0.03157464800000298,0.0,0.0,0.0,0.02064347316031612,25.993785043,7674.709569978,158.43266102106213
HEDSDjj84KS7LKhZY7ejkCACTdPen62rKhCby1wXtgxc,EnnjMSFttpCTywBrYNt1J5QQeoSVkvzPipJDa8Y7kJow,6bjVT6JN2rSvpyn9PdfLYC8wJn4LWh49jpY47fnLDXZk,207.3082673470003,245.1849857680063,173.22830184098095,0.835607301425297,0.06929132073639238,1.0,44430.950931246,3868.363102987,40995.19011040526
C2ypsDADXcCRz8HbV2zX1AXPSja7a1P3xZtRC91xGhJh,J9bYNuDpY1d1T86gLaw7DGk5D3CsUAf2tzUwxMvb6FTv,A2NGvvPrMGzsJ4jb52KEnSBVmsA7C34dV1GC7PerdgvG,0.13612849299988738,0.13892878000001474,26.210896560041654,192.5452635405531,0.010484358624016662,192.65276304519287,1949.781760526,599.490241244,490914.6943213281
ercAoEmXjQzEvAFbdjAo81KtMxRGn9AW1ju882upmPH,CMRhskR2Eg6V42RTSdRTXGdozyPbWB8U9dVpijPWb9T4,7TKLLgrWswt6ZJ1pXhVR3FyufHGjJFqiEXxvWJfDcgRm,0.18947766700000557,0.211094490999983,36.48302732756523,192.5452635405531,0.014593210931026095,169.52442465529327,51.521756739,402.15637144,78095.59771920943
MAR3XM1n9xWPQ3HJjAcC85o8DopWFP5p2WxGTaZ3fPB,6qG7GUhER8Cg9gDEgnebph9LdS6eu2eoWcA4R7z9uizK,4QV4CwRXVMY227KkFF9voNAfwWHVvVajXSXDKbUHkWZR,0.11597400000000135,0.0023320000000000007,0.10981096916650065,0.9468585128261453,4.3924387666600266e-05,0.020232925075394453,0.104321,24.631445,0.5971434081002356
SoN9GaFpSXfpyR5dth3x7PHPVhvJMpQqqDJfCSmPv1t,9kZ9iS68ViMPtoeqtnhAKuF2iqVyfHPdZHoUNdwCELr,BBhm5fJLjw3HRzjtKB8uMEYjGhY6EDm9co3cqpjrSzB9,0.04932623899999977,0.04881612199999963,11.61991272033399,235.57264765988023,0.0046479650881335955,225.2513523528067,1.86667489,3.231745295,1167.692544316086
daob129AwBGn9Y5r91uLoWZeYiGzbPmksauMhFZKTze,6VW5GQNyj4LStgmxEHLr5zUfW92vQnmbw8jTnCH7a38F,4VPCCUifPeBA1c7HWK358CHn2nyjm8pdTRk6Ps3KmnMQ,4.564368698999942,4.094553995000027,957.07430230326,209.68382823958893,0.382829720921304,192.5452635405531,48.976694019,217.98425443,52241.45641333822
BSCNHw8CmxbZ8hCWWzMf5FaG2ajPT6JxfznKUNuRVrn4,7n9kgNL633yGzCYksgnzHyjG73ZLBAwvEae5sbAekbzW,SscdxE99omdG9AiMVwmaEMQySQnCgeAh1sPj2Leutm2,5.486600494000413,5.4863100000002305,5.4833564964302735,0.9994087417930854,0.0021933425985721094,1.0,6056.355030573,5661.95473728,11714.728898237185
YAkoNb6HKmSxQN9L8hiBE5tPJRsniSSMzND1boHmZxe,CfWX7o2TswwbxusJ4hCaPobu2jLCb1hfXuXJQjVq3jQF,EnTrdMMpdhugeH6Ban6gYZWXughWxKtVGfCwFn78ZmY3,6057805.455937004,6057825.47655898,6057805.455937004,1.0,605.7805455937004,0.9976674534937316,1669676.900953,1787540.401648,3453047.7814823226
KZMu9QBEdL97EFgamLbN5DE1AoKBG4HdrKKJo4Vuon3,DD4ACBWyVqdaKWh7v5btsgqQCCMwbKnuL2xd9pv7Gyuw,GcYqiJ1MAuYbNTNYXm1F1gQYTfTgkErACAhNU5dpVj9T,13.469997240000112,13.38559564000002,13.554128256251799,1.006245807979964,0.005421651302500719,0.9992925508386338,1300.70825098,1789.94454261,3097.5104727980147
BUSD5rCfUDpCxKGMvYU2yThChxgHoioK74PTPociGnv2,CcFHbafgYDZ8yA8Me1PdtDiVb2eeaS61LbqyKKK5CsNZ,26R9s4nmF3CFDTkiePDwRmtscn8i7r2eygbSijditJ58,32.33529655000001,32.52082102,32.239668213335655,0.9970426021447961,0.003223966821333566,0.9993434713130862,113.35677452,35.3608395,148.35915753263663
WiiQFxXqp8P9Fs1rt9SVcDyA3KUdJmUsog6wnVQAwba,3S2jpqSYxho6wiz3cafhjXruVY8cg4HYa2v3BqBHYFSj,Dfe67M6TfrG74gKRtdqys4e6E9QirPD53BkF4FujFjuv,14259.014062647004,14291.887827281998,14245.48141088044,0.9990509405694455,1.424548141088044,1.0,17972.253837145,8917.877649023,26873.07474917554
heyk4SZTeCUV6a65WiVA5bzic3KcxgVf1qxobfeV4tQ,9ZDpBKPqMABtGfq66FbVribaArMvtk63xxy91onZAtDt,DaTP4s6N7xxSPinbNZ3FB52EpRDRt87QShTuN3VPCW52,0.8749181360017246,0.749712600999942,191.4353934806812,218.80377786602864,0.07657415739227248,193.00086232785287,598.110763268,4503.430363876,1000034.8382468766
JSoLLrxK5bYdHwTEWYaGgmeycBCNXKDiBCTw5hXGBg7,xG4wXczA7Dk4hccJ61CHKpDHW4NrNfQwgmWgkb9BuF2,BVR6WgfhsRr9Lob4QDnkEAiNGgAbv7ZieKcY9kSg3QYR,0.4247348389999672,0.3560969420000042,94.96200244058647,223.5794988331386,0.03798480097623459,193.00086232785287,16.999562793,172.316984359,37058.08030466354
AURHmCnNwiW4uA2Qj1XvEh4iKgRUZYXtiY7FKAapUV5Y,BKWm4TRnTeKwfWXRyuzjRHU7iZDkPuXBX5b5V5jSVfGJ,A5Ww74HVrkj9nPeC7pHKLfgeDMEhBCpW1efQdz3TGLEg,0.007029941000212148,0.006292286999951102,1.4821243342427457,210.83026645572397,0.0005928497336970983,193.00086232785287,282.575479901,1795.441648066,406097.25005746126
RoBgmK8CvjdHvPrqdDyVw54VwjZv2TqJ493xnqJAQHx,ExiHJxM7qPAcy27NDHAF6G7vnW7muNHi2sVJpnaNynGQ,6rkPHSqZb7StM4HwS9EuVrmfkV7tRdc7dnsFhyB6cefE,20.52250299999957,12.154653999999933,0.0,0.0,0.0,0.9402499372383166,6270.420694,18.880598,17.752481084521886
vEnkoSUkpnbRrPgBz9DfcVxNz67zjwMYBZraAvDDNSf,DtfyjjsZ5yCjWKLKHvwsfXs5QVsmm1QkK6Sh9JZHoq1g,e5wrKCRv4GhHvEf1VD5Pq2KGaZDXP77nTL612Jyrxwy,16958.57216399998,16956.485186000013,16938.009420563416,0.9987874720089811,1.6938009420563418,0.9971044087968539,36018.422487,49054.103337,84886.81184844134
MiMy69CnJDY4V6cQWkU3HHfTyb8pqXJmhX4MisFYDnM,,,0.003343592999999999,0.004282000000000008,0.0,0.0,0.0,0.9971044087968539,36018.422487,49054.103337,48912.06270689917
KEnkcdADoLR5jS2CLLLesy8TtFsyWL37BhXNfDMzWzP,3qsjFRuw1qeLMPo4DLwaQevenGAGBj9dA3Q6rb8ax2YR,77iEv8zPQAEyCcEbvBRSB6AFcUdfkhiqnAKtPxk76rNN,1.2827520000000021,0.007496000000000003,0.007776948951901737,0.0060627065495916,3.110779580760695e-06,0.9971044087968539,127.403612,0.24015,1.0118653366865915
KEVpg4SYCVrqFxKijQH6hm4QxsRdoE51ud64bEEFUC9,2bPenuBYfqzD8p5dFjCcggwkHDsc2RQDnx9AoyYGUBjA,AE6n6iLuX8oYu61vt5hoDYkjswpnxFxrhSehxrnQTnbx,1536.7499882270004,1539.3913865359991,1535.6060615255578,0.9992556195150766,0.6142424246102233,1.0,5305.851215948,2259.330090709,7561.23173455594
SEQV6QiTpvTzrceiaYg9Avnwf7oc8ZALpnQMz6TyT4A,3dFMPj4r9mMmPHF32mz1gNDX7f8ftidWof7S8YiYTs1j,Fc1ED3YPeQfXQosHbd8DTaBd2AV5gHQtwiSAL5C5pUhi,795.6471849640002,793.9087177759999,796.5207675227393,1.0010979521768542,0.31860830700909576,0.9983676688614116,1018.292049822,4555.10363761,5567.078285897607
ALBpShJ9NLpE739pcHDF2LNVk5J4VYPvvKuV6jMPitZi,D6d156U1bPiJpDYRLextvDRccgFk7QzkQbJg42ceKEu5,GNcM8U5g8RwTZffwwm3kSQqUNPSwv5d2fbN9sLxPJqt2,4861.907170999999,4858.5010790000015,4858.865521183738,0.9993743916308391,1.9435462084734951,0.9971044087968539,44972.723197,55409.548749,100193.6932320561
Lee1XZJfJ9Hm2K1qTyeCz1LXNc1YBZaKZszvNY4KCDw,9DgFSWkPDGijNKcLGbr3p5xoJbHsPgXUTr6QvGBJ5vGN,2hNHZg7XBhuhHVZ3JDEi4buq2fPQwuWBdQ9xkH7t1GQX,469.48941381484474,389.52581872599785,109238.10204228546,232.67426022382332,10.923810204228547,193.00086232785287,6291.472857091,53325.207005042,11755674.72852628
BUSDTd9WiT6uBHJRgNvFXBsA7JrifsAtWzKfioN7ERcy,DyBxrn7gSc1EwnpWhDyhzvMHPtxpmBqRqotapLcKcfTM,Cds99GeBgoCpqBsoRWu1C6fF9LiUMd4pXQQD24s9LPff,501.58995688,1129.6850586299997,498.35285606812386,0.9935463205204275,0.04983528560681239,0.9924573243350535,118.84703499,79.52802437,197.00820459498013
4xeRVccqvUgiV6VeF6NkWqkAYeewcJPRWFVginvJw1n4,A7VkMFrnCCyeZFUrQ3TzDr4xFep7PZtxvy3jJnBjLB2a,PhfHJ2Yu99BsEjZrefhApqUnLUiExcECcUT1YLoNUUv,3.603085639000028,0.9291450000000019,0.9896437351604545,0.274665615618038,0.00039585749406418177,1.0,1331.764159618,21.490958024,387.28078078351695
MiMUFdSLMyCLpqpH6zkqdDrGYs7XBomwENbivdYjv9V,,,0.038353174000000156,0.028231055000000005,0.0,0.0,0.0,1.0,1331.764159618,21.490958024,21.490958024
SUiuyGR7SFq3xeRVJonq84fjjeFwRSsFekcevJ53tzy,49GjCCPsv7fBqo6t3iKDrP1xxGDS8uWZbVCdfnp2gjMf,CEwj5xEbbJEjYqM8D6Ai8ByGz1mrh8mkAVsE5fzDSSSx,4.108959000000017,4.720970999999923,0.024911412641303456,0.0060627065495916,9.964565056521382e-06,0.8638002893730969,686.437389,1.360397,5.336779776437151
ALLwa5WNZbvQsRKAqe1jdRGemdYQnW8E5k4msbRFcYtu,CGoM82Hbz7QVqTgvQatYtjvDWBvoUJp5qm21P8iMs9yb,3dxNNww8TivyN5FMy5dCNdi3Zcxv6e4kUfSPxfFwpdNq,7.345991884,6.535293033,24738.144078127632,3367.5702980299716,9.895257631251054,3368.2622124767167,2.227133221,6.567433808,29620.866813223885
Lid8SLUxQ9RmF7XMqUA8c24RitTwzja8VSKngJxRcUa,4PgzyzLtds9bKZ2to9PMnKqJzKEUpjvNUaeN23phegax,AtymwxoVN9peZo7EXTcDz9jKVc4vRmisJKKrNfe3ewBa,180.0751700339879,153.27856486700057,40817.09133114204,226.66695982260134,4.081709133114204,190.9260850663535,955.789862714,7631.992480336,1673792.4279370452
