0,1,2,3,4,5,6,7,8,9,10,11
BUSD5rCfUDpCxKGMvYU2yThChxgHoioK74PTPociGnv2,CcFHbafgYDZ8yA8Me1PdtDiVb2eeaS61LbqyKKK5CsNZ,26R9s4nmF3CFDTkiePDwRmtscn8i7r2eygbSijditJ58,5.0565741200000005,5.065918969999984,5.054219157125929,0.9995342769989751,0.0005054219157125929,0.9999569218558064,85.23294456,63.31317474,148.50369694320253
JSoLLrxK5bYdHwTEWYaGgmeycBCNXKDiBCTw5hXGBg7,xG4wXczA7Dk4hccJ61CHKpDHW4NrNfQwgmWgkb9BuF2,BVR6WgfhsRr9Lob4QDnkEAiNGgAbv7ZieKcY9kSg3QYR,0.5834957819999893,0.49301252099999715,110.80383818914444,189.89655385228897,0.04432153527565778,159.52823035493594,16.906377079,172.429125013,30717.77592040334
KwnjUuZhTMTSGAaavkLEmSyfobY16JNH4poL9oeeEvE,J63v6qEZmQpDqCD8bd4PXu2Pq5ZbyXrFcSa3Xt1HdAPQ,BnKQtTdLw9qPCDgZkWX3sURkBAoKCUYL1yahh6Mw7mRK,164.84314400001722,7838.006047999862,2.8226798237844597,0.017123428704952176,0.000282267982378446,1.0,280531.662401,520.066713,5323.730633605236
vEnkoSUkpnbRrPgBz9DfcVxNz67zjwMYBZraAvDDNSf,DtfyjjsZ5yCjWKLKHvwsfXs5QVsmm1QkK6Sh9JZHoq1g,e5wrKCRv4GhHvEf1VD5Pq2KGaZDXP77nTL612Jyrxwy,25504.15092700003,25516.22774200001,25359.147322609355,0.9943145096339134,2.535914732260936,0.9976784023577137,45524.819584,28311.702135,73511.9624149116
BUSDTd9WiT6uBHJRgNvFXBsA7JrifsAtWzKfioN7ERcy,DyBxrn7gSc1EwnpWhDyhzvMHPtxpmBqRqotapLcKcfTM,Cds99GeBgoCpqBsoRWu1C6fF9LiUMd4pXQQD24s9LPff,163.33315929,162.71277456000004,163.27809701734284,0.9996628836857347,0.016327809701734284,0.9988044310959783,95.03891321,103.36875886,198.25204842812656
BUSDgu5JdqP1rndBvXvanbEufS94FNh1w5FJcAj6vawb,Bgzr8cWubt89JQFXndVjtdKmDbGzuPxNhvjH1EhWCwbo,Dxaf8xPBBQsasRKW5Aa4Sw2YrbfGofY9xZueyyF23FBW,15482.326469280002,15582.287580369999,15390.13066034873,0.994045093344711,6.156052264139492,0.9999798804048062,10475.28838975,4895.78285676,15308.593380792572
CZgvH45CRmoaNJ7395Ao5CQZXkGznvqU7cErD6n7FaRg,4ZjU6MKvtqVQKCiowhvZ5yUsPxXX5SCzd5eFsPeXyey5,BsyWeshjDbCvjDojry3vKDCesmFRM37WtwcR4Kfgzqr,47.99187783000002,43.14638627999999,51.7370967754281,1.078038599754205,0.02069483871017124,0.9999798804048062,139.55564771,669.70255824,820.1354591407076
YAkoNb6HKmSxQN9L8hiBE5tPJRsniSSMzND1boHmZxe,CfWX7o2TswwbxusJ4hCaPobu2jLCb1hfXuXJQjVq3jQF,EnTrdMMpdhugeH6Ban6gYZWXughWxKtVGfCwFn78ZmY3,4915120.871783022,4912829.463488982,4915120.871783022,1.0,491.5120871783022,0.9974147010947625,636725.296237,2816768.507614,3446211.615311958
B2izdXFYb2sNwbWWHmh75T4aQFtfXsUxem9u2p61HGzf,4DYwgJtxwuJdAjkj5RJSNH4e7U329V5cNp7d3a1nLrZv,EXNW64GEf1ACC6xY9BtKRiunrs6GoJSXBdxWN2eTPmrF,1315.1333290000039,1307.3533509999743,1319.8796160994978,1.0036089778844726,0.13198796160994977,1.0,13072.635243,26665.345349,39785.15944348376
DEDaBEWzMCXohXYXoLzB4jK1xqMsd3SS9izXp2xvg9pe,,,230985.52322970246,845647.0524622592,0.0,0.0,0.0,1.0,13072.635243,26665.345349,26665.345349
ALLwa5WNZbvQsRKAqe1jdRGemdYQnW8E5k4msbRFcYtu,CGoM82Hbz7QVqTgvQatYtjvDWBvoUJp5qm21P8iMs9yb,3dxNNww8TivyN5FMy5dCNdi3Zcxv6e4kUfSPxfFwpdNq,0.36348107099999805,0.36307494199999946,1125.0497430976789,3095.20861706079,0.45001989723907154,3096.1286007975627,3.04280064,5.753513665,27231.720974212192
HEDSDjj84KS7LKhZY7ejkCACTdPen62rKhCby1wXtgxc,EnnjMSFttpCTywBrYNt1J5QQeoSVkvzPipJDa8Y7kJow,6bjVT6JN2rSvpyn9PdfLYC8wJn4LWh49jpY47fnLDXZk,32.468215704995146,37.631117335996805,27.352153950960837,0.8424286138629041,0.010940861580384336,0.9999199594070094,44479.521331719,3827.475231539,41297.99037891732
KysFMBBoavfov2tLpvefWW6tPFt6rAeZWDJVy1mMQae,B8ka2V21TH3x64dFV8ETcjuQcwmrciJ2qzy1mJUttRew,7fSf7EYxBANyxzk2s5pymFgshA91tFYQNKKs5UnLWcYS,54.74727800000392,60.09952899998916,0.0,0.0,0.0,0.017417222386369866,130566.468132,3094.495721,53.897520146326954
MiMy69CnJDY4V6cQWkU3HHfTyb8pqXJmhX4MisFYDnM,,,0.004734594000000009,0.003714518,0.0,0.0,0.0,0.017417222386369866,130566.468132,3094.495721,53.897520146326954
DFWzVTzNBrQZLjoQ4yQwkj9HuoXmfkuZP9V5vbymZe23,DhgiEgiNdqZdRdo195UUHnoEJUtefK8buko8nU97XJUZ,2K2kkXsouBHtWVjtcgkyiXd8eP3oVBvq1bTJzcVdLLr2,7.23003792199961,7.248072779006179,7.214354118148671,0.9978307439020179,0.0028857416472594685,0.9999199594070094,36126.496586638,31840.196364296,67885.77681971678
Cob4usZcpHEY7Qt4ZCwj6WVg9S44zvzYV2v9qYF65dTf,NhFM9UXE48PyNAyeyPYA3iXztqKVJwA4bTdLj4ysM8w,6TuFuynuBoeskxyR2cz4wxyidk8dpDK7kAWw3UkjQGx,8.330550000000017,1453.306396,0.04660643599324335,0.005594640929259564,1.8642574397297344e-05,1.0,39310.542239,69.764087,289.6924555616963
SAMyS8Jr2HJrkFwYVKbpUwsNStnQmvz3f8Tup8bWUWF,6jPzm5TFfquvgm25sTyN3MMGBfufRaFHMxobDWv6hMFW,Cj9ECoDmxsHTDzCY5ZA6RWrPbg9uFzEC1Qc2kso2vJG6,1089.375782449999,235.38500432000222,1092.8174251515513,1.003159279614067,0.4371269700606206,0.01743332502809729,421.19880877,112054.12024499,2376.005392548424
NorjjEePhxfwLF4vZjUHCrVVKLzQjEEGQFd3wgjEJmh,34M8pFVqgbV7aqHxvRT5tCv3vu2P1JJYT8J3VaxBK2oG,3AZWBSze3ucsY3xSeuLne3b2pauVqiaJ1SZSV5T9WGWw,5.570756999999958,10.0,3.1029239831228095,0.557002214083801,0.0012411695932491237,1.0,38310.800455,2089.421053,23428.621729757688
Lid8SLUxQ9RmF7XMqUA8c24RitTwzja8VSKngJxRcUa,4PgzyzLtds9bKZ2to9PMnKqJzKEUpjvNUaeN23phegax,AtymwxoVN9peZo7EXTcDz9jKVc4vRmisJKKrNfe3ewBa,35.6204462019989,30.062739084001123,6790.412447001591,190.63243645220075,0.6790412447001591,160.78398269964347,954.831150713,7633.136436577,1409307.8654234922
STK75uPSyBnEhGTTzb1nwmP3n427XoXmfRhXxxhyady,6TYyD5fUmDe6N65avW1Ny2RxzRNobw2RRgKwH9CTzSAU,54zDfk4cx2vGrEajPtodWpArNe5eUurytyxd4X3aZAxK,117.55277350900093,134.5947355550038,18900.603102166315,160.78398269964347,1.8900603102166313,184.01711948065952,1967.359976338,320.42831289,375284.26753756526
WiiQFxXqp8P9Fs1rt9SVcDyA3KUdJmUsog6wnVQAwba,3S2jpqSYxho6wiz3cafhjXruVY8cg4HYa2v3BqBHYFSj,Dfe67M6TfrG74gKRtdqys4e6E9QirPD53BkF4FujFjuv,1383.3415231109975,1386.0617861870005,1380.2711843959526,0.9977804911775221,0.13802711843959525,0.9999199594070094,20829.326965537,6066.787109761,26849.397611093897
ALBpShJ9NLpE739pcHDF2LNVk5J4VYPvvKuV6jMPitZi,D6d156U1bPiJpDYRLextvDRccgFk7QzkQbJg42ceKEu5,GNcM8U5g8RwTZffwwm3kSQqUNPSwv5d2fbN9sLxPJqt2,488.46590099999594,487.9834929999997,487.92917890320234,0.9989012086704624,0.19517167156128096,0.9926494309637136,44824.29716,55558.636522,99925.29353961107
KZMu9QBEdL97EFgamLbN5DE1AoKBG4HdrKKJo4Vuon3,DD4ACBWyVqdaKWh7v5btsgqQCCMwbKnuL2xd9pv7Gyuw,GcYqiJ1MAuYbNTNYXm1F1gQYTfTgkErACAhNU5dpVj9T,24.15099914999996,24.018440279999822,24.26271049215637,1.0046255370828585,0.00970508419686255,0.9999855202096675,1337.28172807,1753.17098887,3096.612977615081
C98Sspw7XqnMsgxea3SLQVdbMDL8pKUc3RE82UvX9eq2,CSqgQJurPCzGxb4Cgwx5R61hWQUiaoUHcShNc8r1cKEL,6S2CR5EnukPhC914XkAns8m5GixjMAoUuZMsS5ubHuWc,112.66821299999998,117.77643499999999,0.0,0.0,0.0,1.0,824.697673,141.320135,141.320135
parEAJhzYzHW87y9VoZAQ22dzQ2MD2ekEtTReaxbMcz,3oyc6hpjYSJEquK6dSvG72NXyz3pqLZz5D8AC71pwgQb,Di2vordgFJVZ1aj1aBpvzXtLfZgJsuLLXawGtVFwX6Rz,0.2291501129999176,0.2695825389997992,35.870780254427665,156.5383485298153,0.014348312101771066,186.94513515478965,1108.226424874,135.195725612,198754.11754376258
MATgk4zXLXtYkwBH678J1xZbRDZ45LicNzkRBHkxTuY,y8dALFo1bJrSzPYjMX14HJX448pXqYmrfXHD1K8MXih,GN7Yuet3UyiWS5YVkEHv6oQKi4HGBJc3XDPt9zQhAqZz,16787.156224,16822.511999,16759.28553216002,0.9983397609774944,6.703714212864007,1.0,5146.772582,2973.064802,8111.2925113194015
SUiuyGR7SFq3xeRVJonq84fjjeFwRSsFekcevJ53tzy,49GjCCPsv7fBqo6t3iKDrP1xxGDS8uWZbVCdfnp2gjMf,CEwj5xEbbJEjYqM8D6Ai8ByGz1mrh8mkAVsE5fzDSSSx,0.08656200000000025,14.576843000000054,0.0004853086461960942,0.005606486058502493,1.9412345847843768e-07,0.9539836449043918,692.92042,1.320201,5.144298836368115
FrnkTEL6yZ5Aycq2TrEgu29dCrwKG4LPUZydfiwqspkc,DjvZuMZ46fxKBoBpGMPcRcos4xdTtHFxwMh69DpA2ZFY,9rvDPJLAng4uVVqnnSoEXgNDFhBZQTny9AoQioYDZbQX,49.48132947100021,40.30751965299993,9710.827924160278,196.25236484099634,3.8843311696641107,160.67940393725598,164.127027952,1451.608197005,265453.85721510253
SoN9GaFpSXfpyR5dth3x7PHPVhvJMpQqqDJfCSmPv1t,9kZ9iS68ViMPtoeqtnhAKuF2iqVyfHPdZHoUNdwCELr,BBhm5fJLjw3HRzjtKB8uMEYjGhY6EDm9co3cqpjrSzB9,0.21682806599999882,0.21197049599999995,42.5530207163994,196.25236484099634,0.01702120828655976,176.29937043494817,1.891768924,3.206279006,936.5290952642986
AURHmCnNwiW4uA2Qj1XvEh4iKgRUZYXtiY7FKAapUV5Y,BKWm4TRnTeKwfWXRyuzjRHU7iZDkPuXBX5b5V5jSVfGJ,A5Ww74HVrkj9nPeC7pHKLfgeDMEhBCpW1efQdz3TGLEg,0.025334277000126804,0.023531739000134166,4.552280212141558,179.6885781314688,0.0018209120848566233,160.32380277799467,282.602896407,1795.410857215,338627.60880881664
SEQV6QiTpvTzrceiaYg9Avnwf7oc8ZALpnQMz6TyT4A,3dFMPj4r9mMmPHF32mz1gNDX7f8ftidWof7S8YiYTs1j,Fc1ED3YPeQfXQosHbd8DTaBd2AV5gHQtwiSAL5C5pUhi,1067.055643993,1065.6661263,1066.8080965082459,0.9997680088323905,0.42672323860329836,0.9989261543840372,2042.218714973,3530.004786749,5567.959044853221
MAR3XM1n9xWPQ3HJjAcC85o8DopWFP5p2WxGTaZ3fPB,6qG7GUhER8Cg9gDEgnebph9LdS6eu2eoWcA4R7z9uizK,4QV4CwRXVMY227KkFF9voNAfwWHVvVajXSXDKbUHkWZR,0.004970000000000002,0.2526849999999996,0.004759455947261016,0.9576370115213308,1.9037823789044068e-06,0.017399606835004036,0.099351,24.88413,0.5281162731627846
4vezWG46exH6pf9nry3n1VJ7hZHvjBJNgNeF4qEFCML5,,,0.004531000000000063,0.0045000000000001705,0.0,0.0,0.0,0.017399606835004036,0.099351,24.88413,0.43297407843112895
RajgMbScQbqqrdJfR2rxfHJiTiY5b6bJ2tTXiF4aPxy,725ZA3fhyBAKb5iopNRrcbSuQa3LXA1656Q3mBvYPxeg,GLA6i1dSZpUfk2f9Nj8uiG7xyDdAR2reff8oEiZH3617,36032.845924390014,36022.65051528001,36033.2325609754,1.0000107301151342,14.41329302439016,0.9999911200788537,78311.98975795,106071.45596176,184383.34411021168
GokA1R67GqSavkd15zR62QD68Tuc5AEfvjssntVDEbM8,3YB7hfpBdbQEuZqLGWVDpRPmeZWCUsrrWyqGXegnQ6Cg,4DPCj6Z1DsG6HUtwSogBGqXEUxdEV5a8YVrrFtcnz7UW,5464.969164000004,5466.670170000007,5463.12808983373,0.9996631135307401,0.546312808983373,1.0,21443.061154,11074.411097,32510.248373837705
Dg3mAgpwDfVNnbGWcsxL8sUcSkEbjSJQhKAWNigG44Ju,EATxwd8YA2wV93VJcKMmH2Kn2Y9XfJVUB9hHVu3udwEy,GiGvrRi7NMHfHKanG2B8xyCEqe8jaafWins8bhrLVEaa,0.0017860219999999982,0.001772496999999984,0.3502573261418372,196.11030891099747,0.00014010293045673488,193.73383412237894,0.134341576,0.184025784,61.99778868064698
SoNcU2iwHMw6dGzsYNQkYFkUjwN1UdAjrWVRnStrZu2,8ivTTid27jZnYNc4w3CTA1Z6QS2twsFb8WMwUabeDJgc,CyXm53PMvHCbeXJBykU46Rcbo28xk5srhMZFg7gv6EYB,1.4149107060000041,1.4010842790000009,274.11607601418285,193.73383412237894,0.10964643040567315,190.81871916369496,11.718329938,15.28392893,5186.696730611342
KEnkcdADoLR5jS2CLLLesy8TtFsyWL37BhXNfDMzWzP,3qsjFRuw1qeLMPo4DLwaQevenGAGBj9dA3Q6rb8ax2YR,77iEv8zPQAEyCcEbvBRSB6AFcUdfkhiqnAKtPxk76rNN,0.01447200000000004,2.517517000000012,8.113706623864831e-05,0.005606486058502493,3.245482649545932e-08,0.9957788932714223,127.915416,0.237123,0.9532780749807461
Lee1XZJfJ9Hm2K1qTyeCz1LXNc1YBZaKZszvNY4KCDw,9DgFSWkPDGijNKcLGbr3p5xoJbHsPgXUTr6QvGBJ5vGN,2hNHZg7XBhuhHVZ3JDEi4buq2fPQwuWBdQ9xkH7t1GQX,654.1329273309893,542.1999778359896,126875.99680333375,193.96057208282815,12.687599680333376,160.75123553399632,6275.530554726,53343.856096533,9792296.272183305
ACUSESXyNnwRLAg1dpSGMLSzUDdLjUMybY8rkXiAKhCP,AhFPQdu8GKBsxuhiH46UmCu1YpaLgNpoP325HnYtsgas,A8wxWpT3aFEr2XqZp1kDmbxbFfcBE95UUmdsNTDBJYbT,601.411707494,601.651292409,601.3635701443006,0.9999199594070094,0.24054542805772028,0.9873599248766017,1034.506020978,1852.876890287,2863.879605701992
MiMuMS9C4vBqcrYeeQPph1E7oAW9aNKvW9k6Zw9XffM,Afy2q2hh6Y474pshJa5fnQ6PfEchGyTbKrQpCZw2hr3m,5pXz9ksgjeL8Wgb37bksUaBFMLdFfsNNY3FQnikkCPtS,0.018551764999998,1.2259809999995923,0.0,0.0,0.0,0.017470385643563846,25.975233278,7675.935550978,134.1015542507274
AUSejoEUCh2DBs9mof6BNC8Pubs22w4cJa1ccV9h44R,4xkyD7AfGQDwsQMy9MosRRNGoVJ1zosNinesxg1TzHG7,Cbm5gsQe3nSiCsFrvepVzMCD9xLK3ri9g3ypS2hdmVJ7,32.642212999999174,32.66529400000036,32.616250464629324,0.9992046331120428,0.003261625046462933,1.0,14684.871411,14205.37169,28878.56324052578
wrmcMSHFi3sWpAEy4rGDvQb3ezh3PhXoV2xNjgLBkKU,8p4mGnARWPBu6P2Gcw4adodLkNDorrXniZMhaY7eJXUn,AyY89zccbsgp9LKFgH4CFZMJmpSgqmPSdTfukhP227rc,0.012206559999999964,0.0839144500000053,5.3002865827181775,434.2162396873643,0.002120114633087271,3108.389543377576,26.92018639,0.11548431,12048.152327576938
C2ypsDADXcCRz8HbV2zX1AXPSja7a1P3xZtRC91xGhJh,J9bYNuDpY1d1T86gLaw7DGk5D3CsUAf2tzUwxMvb6FTv,A2NGvvPrMGzsJ4jb52KEnSBVmsA7C34dV1GC7PerdgvG,104.04887448399984,106.11148341000012,16725.98512922468,160.75123553399632,6.6903940516898714,157.57490953624443,2104.074742415,622.293050569,436290.38564753
Sid7E679i9ABqptiAVhkmQ27YHN8vaYT4fppPwmxFsJ,GP7KB8o1bv527HG8kTzzzf4wJ5aEGHvcMQvVhLziUfmT,9gYxhAZ1M9wu5pxr8SBoa5NDm21gi3s9vMHaYTME77sa,958.7801170000066,2558.245526000037,5.375387359129926,0.005606486058502493,0.0021501549436519704,0.01731578763821072,136408.889917,8579.14686,913.329224720244
daob129AwBGn9Y5r91uLoWZeYiGzbPmksauMhFZKTze,6VW5GQNyj4LStgmxEHLr5zUfW92vQnmbw8jTnCH7a38F,4VPCCUifPeBA1c7HWK358CHn2nyjm8pdTRk6Ps3KmnMQ,9.843719013999845,8.76480712600005,1763.515719099228,179.15136713991294,0.7054062876396913,158.937104932025,45.814455976,221.531748478,43417.337176494606
RoBgmK8CvjdHvPrqdDyVw54VwjZv2TqJ493xnqJAQHx,ExiHJxM7qPAcy27NDHAF6G7vnW7muNHi2sVJpnaNynGQ,6rkPHSqZb7StM4HwS9EuVrmfkV7tRdc7dnsFhyB6cefE,0.9864099999999993,63.38237200000003,0.0,0.0,0.0,0.9530199295527668,6364.045454,17.387052,16.570207072170295
MATSnbbiTCv7Dc3trJrkrqjx7ckKdr6fwPoVwv9q3sD,631WX9JizSHJm4w6VanZeJAst9T8DeUUnPLesdGkCVtK,211maUSfpnXbPuW1iBu8b4dtJv5EbN1j7JJiEX5TZKEP,11277.33444700002,11281.315600000005,11227.585017786207,0.9955885471475889,4.491034007114483,0.9845048777294167,24673.164991,21000.105609,45239.026891815825
MARpDPs5A7XiyCWPNH8GsMWPLxmwNn9SBmKvPa9LzgA,6YjT74rmcfCpw8LSjPNx5JTmZoYLGrTKnf9arfSgZ4SR,F8GSmi3vA8M8TsybLya1LQ4n1aFHCRbZ6k437PeTdXtg,32808.33207999999,33943.5160830011,31266.994327625373,0.9530199295527668,12.506797731050149,1.0,295160.879323,17884.439573,299178.63999213814
heyk4SZTeCUV6a65WiVA5bzic3KcxgVf1qxobfeV4tQ,9ZDpBKPqMABtGfq66FbVribaArMvtk63xxy91onZAtDt,DaTP4s6N7xxSPinbNZ3FB52EpRDRt87QShTuN3VPCW52,2.001126136998323,1.7164874360005342,371.611788580208,185.70133171996014,0.14864471543208319,158.937104932025,596.857019189,4504.896240841,826832.309848234
MiMUFdSLMyCLpqpH6zkqdDrGYs7XBomwENbivdYjv9V,,,0.027824071999999922,0.022266282999999998,0.0,0.0,0.0,158.937104932025,596.857019189,4504.896240841,715995.166538431
KEN5P7p3asnb23Sw6yAmJRGvijfAzso3RqfyLAQhznt,9zj4aX38Uxf3h6AUjS4EipWS8mwbEofasHAf3a1uKGds,CwQDG1MWunn9cLNwcZLd8YBacweSR7ARo32w4mLua1Yr,62666.88414900121,62676.66015400039,62443.02590114561,0.996427806314363,6.244302590114561,1.0,1126268.063707,1051405.371858,2173650.1878994917
