0,1,2,3,4,5,6,7,8,9,10,11
KysFMBBoavfov2tLpvefWW6tPFt6rAeZWDJVy1mMQae,B8ka2V21TH3x64dFV8ETcjuQcwmrciJ2qzy1mJUttRew,7fSf7EYxBANyxzk2s5pymFgshA91tFYQNKKs5UnLWcYS,17.296413000003668,14.013570000000072,0.0,0.0,0.0,0.01867902879659946,130610.316171,3058.861086,57.1365543101915
parEAJhzYzHW87y9VoZAQ22dzQ2MD2ekEtTReaxbMcz,3oyc6hpjYSJEquK6dSvG72NXyz3pqLZz5D8AC71pwgQb,Di2vordgFJVZ1aj1aBpvzXtLfZgJsuLLXawGtVFwX6Rz,0.1361689349998585,0.15863812400010602,22.89577105056353,168.14239643269093,0.009158308420225412,200.80422090472342,1108.215571611,135.204745794,213487.70561648332
BUSDTd9WiT6uBHJRgNvFXBsA7JrifsAtWzKfioN7ERcy,DyBxrn7gSc1EwnpWhDyhzvMHPtxpmBqRqotapLcKcfTM,Cds99GeBgoCpqBsoRWu1C6fF9LiUMd4pXQQD24s9LPff,50.18604099000001,50.27298936999999,50.11391904227113,0.9985629082050276,0.005011391904227113,0.9989191694586457,108.35421851,90.04413929,198.14532038581405
vEnkoSUkpnbRrPgBz9DfcVxNz67zjwMYBZraAvDDNSf,DtfyjjsZ5yCjWKLKHvwsfXs5QVsmm1QkK6Sh9JZHoq1g,e5wrKCRv4GhHvEf1VD5Pq2KGaZDXP77nTL612Jyrxwy,26057.951627,26068.21526199996,24805.52087787604,0.9519367152471704,2.4805520877876037,0.9980617640542067,48452.67061,25384.210204,71458.88572076354
HEDSDjj84KS7LKhZY7ejkCACTdPen62rKhCby1wXtgxc,EnnjMSFttpCTywBrYNt1J5QQeoSVkvzPipJDa8Y7kJow,6bjVT6JN2rSvpyn9PdfLYC8wJn4LWh49jpY47fnLDXZk,62.75328737200334,74.0198828269713,51.01118293843089,0.8128846324183001,0.02040447317537236,0.9999198514243091,44466.568179148,3838.381255085,39984.26354350445
Dg3mAgpwDfVNnbGWcsxL8sUcSkEbjSJQhKAWNigG44Ju,EATxwd8YA2wV93VJcKMmH2Kn2Y9XfJVUB9hHVu3udwEy,GiGvrRi7NMHfHKanG2B8xyCEqe8jaafWins8bhrLVEaa,0.0003345130000000085,0.0003391199999999983,0.07041680709134072,210.50544251296344,2.816672283653629e-05,207.90301740044302,0.132908199,0.185477293,66.53918811806207
NorjjEePhxfwLF4vZjUHCrVVKLzQjEEGQFd3wgjEJmh,34M8pFVqgbV7aqHxvRT5tCv3vu2P1JJYT8J3VaxBK2oG,3AZWBSze3ucsY3xSeuLne3b2pauVqiaJ1SZSV5T9WGWw,2.2033759999999347,3.948992999998154,1.2300766335929105,0.5582690533040875,0.0004920306534371643,1.0,38300.800455,2094.99181,23477.14342080161
C2ypsDADXcCRz8HbV2zX1AXPSja7a1P3xZtRC91xGhJh,J9bYNuDpY1d1T86gLaw7DGk5D3CsUAf2tzUwxMvb6FTv,A2NGvvPrMGzsJ4jb52KEnSBVmsA7C34dV1GC7PerdgvG,40.40976634599997,41.260769581999966,6916.099466100043,171.14920702293657,2.7664397864400176,169.74865147427553,2026.856731604,598.950759899,448566.0061554734
heyk4SZTeCUV6a65WiVA5bzic3KcxgVf1qxobfeV4tQ,9ZDpBKPqMABtGfq66FbVribaArMvtk63xxy91onZAtDt,DaTP4s6N7xxSPinbNZ3FB52EpRDRt87QShTuN3VPCW52,1.4060878700026933,1.2084353750005903,272.85442224604407,194.0521841252506,0.10914176889841763,171.14920702293657,597.298319857,4504.380270145,886828.1549076709
Cob4usZcpHEY7Qt4ZCwj6WVg9S44zvzYV2v9qYF65dTf,NhFM9UXE48PyNAyeyPYA3iXztqKVJwA4bTdLj4ysM8w,6TuFuynuBoeskxyR2cz4wxyidk8dpDK7kAWw3UkjQGx,4.672828999996241,266.0098509999923,0.026369706681588046,0.00564319958671915,1.054788267263522e-05,1.0,39162.918939,70.591666,291.5958339712804
BUSDgu5JdqP1rndBvXvanbEufS94FNh1w5FJcAj6vawb,Bgzr8cWubt89JQFXndVjtdKmDbGzuPxNhvjH1EhWCwbo,Dxaf8xPBBQsasRKW5Aa4Sw2YrbfGofY9xZueyyF23FBW,11755.31954284,11856.463058589994,11680.968310588174,0.9936750990068057,4.672387324235269,1.0,10577.14350005,4789.56891582,15299.813030441375
daob129AwBGn9Y5r91uLoWZeYiGzbPmksauMhFZKTze,6VW5GQNyj4LStgmxEHLr5zUfW92vQnmbw8jTnCH7a38F,4VPCCUifPeBA1c7HWK358CHn2nyjm8pdTRk6Ps3KmnMQ,5.379979598000041,4.802330860999987,1003.9513656496255,186.60876818619076,0.4015805462598502,171.14920702293657,46.476376192,220.783747082,46459.86254758401
DEDaBEWzMCXohXYXoLzB4jK1xqMsd3SS9izXp2xvg9pe,,,5792069.243161745,3276307.5346881486,0.0,0.0,0.0,171.14920702293657,46.476376192,220.783747082,37786.96323663688
ACUSESXyNnwRLAg1dpSGMLSzUDdLjUMybY8rkXiAKhCP,AhFPQdu8GKBsxuhiH46UmCu1YpaLgNpoP325HnYtsgas,A8wxWpT3aFEr2XqZp1kDmbxbFfcBE95UUmdsNTDBJYbT,601.411707494,601.651292409,601.3635052022405,0.9999198514243091,0.2405454020808962,0.9873598186147343,1034.506020978,1852.876890287,2863.8792971030803
Lid8SLUxQ9RmF7XMqUA8c24RitTwzja8VSKngJxRcUa,4PgzyzLtds9bKZ2to9PMnKqJzKEUpjvNUaeN23phegax,AtymwxoVN9peZo7EXTcDz9jKVc4vRmisJKKrNfe3ewBa,10.941680633008218,9.236825617000477,2235.5431980986127,204.31442600824573,0.2235543198098613,171.638873183932,954.745576212,7633.234454426,1505228.0548941111
SoN9GaFpSXfpyR5dth3x7PHPVhvJMpQqqDJfCSmPv1t,9kZ9iS68ViMPtoeqtnhAKuF2iqVyfHPdZHoUNdwCELr,BBhm5fJLjw3HRzjtKB8uMEYjGhY6EDm9co3cqpjrSzB9,0.15823254799999953,0.15491851699999937,33.17820812044683,209.68004711930018,0.013271283248178733,202.86547483200204,1.906843292,3.190813995,1047.1329875119538
FrnkTEL6yZ5Aycq2TrEgu29dCrwKG4LPUZydfiwqspkc,DjvZuMZ46fxKBoBpGMPcRcos4xdTtHFxwMh69DpA2ZFY,9rvDPJLAng4uVVqnnSoEXgNDFhBZQTny9AoQioYDZbQX,10.55453870900044,8.633433281000038,2213.07617382569,209.68004711930018,0.885230469530276,171.638873183932,163.959921112,1451.792885052,283563.2188712159
AURHmCnNwiW4uA2Qj1XvEh4iKgRUZYXtiY7FKAapUV5Y,BKWm4TRnTeKwfWXRyuzjRHU7iZDkPuXBX5b5V5jSVfGJ,A5Ww74HVrkj9nPeC7pHKLfgeDMEhBCpW1efQdz3TGLEg,0.006744055000069693,0.00601621099986005,1.2875449749441843,190.9155507970915,0.0005150179899776738,171.638873183932,282.61730639,1795.394643118,362115.55217947846
KZMu9QBEdL97EFgamLbN5DE1AoKBG4HdrKKJo4Vuon3,DD4ACBWyVqdaKWh7v5btsgqQCCMwbKnuL2xd9pv7Gyuw,GcYqiJ1MAuYbNTNYXm1F1gQYTfTgkErACAhNU5dpVj9T,7.044979009999906,7.004598729999998,7.026503451559342,0.9973774856654165,0.0028106013806237368,1.0,1316.94090174,1773.62105102,3087.1082563673876
MARpDPs5A7XiyCWPNH8GsMWPLxmwNn9SBmKvPa9LzgA,6YjT74rmcfCpw8LSjPNx5JTmZoYLGrTKnf9arfSgZ4SR,F8GSmi3vA8M8TsybLya1LQ4n1aFHCRbZ6k437PeTdXtg,96825.22587700016,99601.1140680004,92030.87732286549,0.9504845094787068,36.8123509291462,1.0,294912.739213,18113.451364,298423.44163389003
RajgMbScQbqqrdJfR2rxfHJiTiY5b6bJ2tTXiF4aPxy,725ZA3fhyBAKb5iopNRrcbSuQa3LXA1656Q3mBvYPxeg,GLA6i1dSZpUfk2f9Nj8uiG7xyDdAR2reff8oEiZH3617,820.3784461500036,821.2110802300012,819.6223609145071,0.9990783701850716,0.32784894436580286,1.0,112019.65670905,72352.55822643,184268.97427999892
YAkoNb6HKmSxQN9L8hiBE5tPJRsniSSMzND1boHmZxe,CfWX7o2TswwbxusJ4hCaPobu2jLCb1hfXuXJQjVq3jQF,EnTrdMMpdhugeH6Ban6gYZWXughWxKtVGfCwFn78ZmY3,4194421.893661002,4193020.5134269916,4194421.893661002,1.0,419.4421893661002,0.995577644104886,786633.711873,2667616.179909,3442452.7436428783
GokA1R67GqSavkd15zR62QD68Tuc5AEfvjssntVDEbM8,3YB7hfpBdbQEuZqLGWVDpRPmeZWCUsrrWyqGXegnQ6Cg,4DPCj6Z1DsG6HUtwSogBGqXEUxdEV5a8YVrrFtcnz7UW,7485.031646000003,7486.5528730000115,7483.9614395141525,0.9998570204460762,0.7483961439514152,1.0,19801.994635,12714.518111,32513.681465640286
STK75uPSyBnEhGTTzb1nwmP3n427XoXmfRhXxxhyady,6TYyD5fUmDe6N65avW1Ny2RxzRNobw2RRgKwH9CTzSAU,54zDfk4cx2vGrEajPtodWpArNe5eUurytyxd4X3aZAxK,89.82887319400004,102.8512317949976,15418.126574400481,171.638873183932,1.5418126574400481,196.5439708171512,1959.504371031,319.087574111,399041.86109693814
KwnjUuZhTMTSGAaavkLEmSyfobY16JNH4poL9oeeEvE,J63v6qEZmQpDqCD8bd4PXu2Pq5ZbyXrFcSa3Xt1HdAPQ,BnKQtTdLw9qPCDgZkWX3sURkBAoKCUYL1yahh6Mw7mRK,79.37249399999973,4148.980220000085,1.4635353832535165,0.01843882319300086,0.0001463535383253517,1.0,279348.343211,541.400705,5692.255414725351
WiiQFxXqp8P9Fs1rt9SVcDyA3KUdJmUsog6wnVQAwba,3S2jpqSYxho6wiz3cafhjXruVY8cg4HYa2v3BqBHYFSj,Dfe67M6TfrG74gKRtdqys4e6E9QirPD53BkF4FujFjuv,317.0071667209986,317.4637513000007,316.53267632586926,0.9985032187125694,0.031653267632586926,0.998770270097564,19713.909406986,7180.010347274,26855.58287013368
SAMyS8Jr2HJrkFwYVKbpUwsNStnQmvz3f8Tup8bWUWF,6jPzm5TFfquvgm25sTyN3MMGBfufRaFHMxobDWv6hMFW,Cj9ECoDmxsHTDzCY5ZA6RWrPbg9uFzEC1Qc2kso2vJG6,156.1895234499898,218.38608428000225,155.77991418583042,0.9973774856654165,0.06231196567433217,0.018661112223935437,441.52471359,110931.08992099,2510.464326838605
AUSejoEUCh2DBs9mof6BNC8Pubs22w4cJa1ccV9h44R,4xkyD7AfGQDwsQMy9MosRRNGoVJ1zosNinesxg1TzHG7,Cbm5gsQe3nSiCsFrvepVzMCD9xLK3ri9g3ypS2hdmVJ7,42.05160199999955,42.073458999999275,42.03218313139285,0.9995382133454345,0.004203218313139285,1.0,14652.206117,14238.013903,28883.453826755227
RoBgmK8CvjdHvPrqdDyVw54VwjZv2TqJ493xnqJAQHx,ExiHJxM7qPAcy27NDHAF6G7vnW7muNHi2sVJpnaNynGQ,6rkPHSqZb7StM4HwS9EuVrmfkV7tRdc7dnsFhyB6cefE,0.2779580000000017,17.29641300000003,0.0,0.0,0.0,0.9504845094787068,6320.197415,18.060834,17.16654294526635
KEN5P7p3asnb23Sw6yAmJRGvijfAzso3RqfyLAQhznt,9zj4aX38Uxf3h6AUjS4EipWS8mwbEofasHAf3a1uKGds,CwQDG1MWunn9cLNwcZLd8YBacweSR7ARo32w4mLua1Yr,66104.48858999973,66113.11511400016,65959.37795849105,0.9978048293753742,6.595937795849105,1.0,1116814.858455,1068862.485724,2183225.745008574
moFiBS1R4Lf3E3zzmBPnw3NF4RhWPkhREFviuzUaCAU,44ALBrpqi9PfZkBRTvbtRNtFJGsatfY4QydjtMbFWq8S,2ho8qEEie1UjVwWNBo9y4oAJZMyMLx8zPj9bxyUz6uWs,2.3869625800034555,2.3894684780025273,2.3850020677587227,0.9991786581569578,0.0009540008271034891,0.9999198524241488,34305.940147346,30134.040618506,64409.38869143791
C98Sspw7XqnMsgxea3SLQVdbMDL8pKUc3RE82UvX9eq2,CSqgQJurPCzGxb4Cgwx5R61hWQUiaoUHcShNc8r1cKEL,6S2CR5EnukPhC914XkAns8m5GixjMAoUuZMsS5ubHuWc,138.56500599999995,141.78388599999994,0.0,0.0,0.0,1.0,836.66313,208.134636,208.134636
SAMGk1Nd4haC8zQA63DG37pzuEZy8j4q13tSFtCbcRE,9U9TnkHD3jXMAVZtynCVLgDruuqN4pTvLJTmVHCLWS8g,C6zoEbvqSknmi96QWq96UBiPCyNW3YSTvKhavR2BfifE,0.00255844999999999,0.0048549999999991655,0.00443194318132604,1.7322766445801394,1.7727772725304162e-06,0.0,53.64532357,1.13665037,92.92854111125547
ercAoEmXjQzEvAFbdjAo81KtMxRGn9AW1ju882upmPH,CMRhskR2Eg6V42RTSdRTXGdozyPbWB8U9dVpijPWb9T4,7TKLLgrWswt6ZJ1pXhVR3FyufHGjJFqiEXxvWJfDcgRm,5.650701798,6.35760288299997,970.9520020949338,171.82856869895187,0.3883808008379736,148.40078124107276,45.871054941,402.15637144,67562.27741799406
ALBpShJ9NLpE739pcHDF2LNVk5J4VYPvvKuV6jMPitZi,D6d156U1bPiJpDYRLextvDRccgFk7QzkQbJg42ceKEu5,GNcM8U5g8RwTZffwwm3kSQqUNPSwv5d2fbN9sLxPJqt2,20.030039999997825,20.069720999999845,20.018449317842794,0.9994213350470077,0.008007379727137118,0.9974415623924634,44356.383388,56027.072383,100214.44651746703
JSoLLrxK5bYdHwTEWYaGgmeycBCNXKDiBCTw5hXGBg7,xG4wXczA7Dk4hccJ61CHKpDHW4NrNfQwgmWgkb9BuF2,BVR6WgfhsRr9Lob4QDnkEAiNGgAbv7ZieKcY9kSg3QYR,0.3796414900000009,0.3179861850000165,76.75567815712712,202.17937232605144,0.03070227126285085,171.82856869895187,16.896711436,172.440463215,33046.3644925226
Lee1XZJfJ9Hm2K1qTyeCz1LXNc1YBZaKZszvNY4KCDw,9DgFSWkPDGijNKcLGbr3p5xoJbHsPgXUTr6QvGBJ5vGN,2hNHZg7XBhuhHVZ3JDEi4buq2fPQwuWBdQ9xkH7t1GQX,655.3969736739427,543.4002262620206,135761.03248335765,207.14320928631292,13.576103248335764,171.82856869895187,6275.637886248,53343.841182844,10465951.651428472
MATSnbbiTCv7Dc3trJrkrqjx7ckKdr6fwPoVwv9q3sD,631WX9JizSHJm4w6VanZeJAst9T8DeUUnPLesdGkCVtK,211maUSfpnXbPuW1iBu8b4dtJv5EbN1j7JJiEX5TZKEP,12098.581919000015,12110.18304699998,12071.26464710362,0.9977421096059618,4.8285058588414485,0.9974415623924634,23176.549039,22493.820475,45560.49037031747
MATgk4zXLXtYkwBH678J1xZbRDZ45LicNzkRBHkxTuY,y8dALFo1bJrSzPYjMX14HJX448pXqYmrfXHD1K8MXih,GN7Yuet3UyiWS5YVkEHv6oQKi4HGBJc3XDPt9zQhAqZz,20952.134868999998,20991.153766000003,20942.710649207853,0.9995502024089159,8.377084259683143,1.0,4561.094599,3554.183573,8113.226602636663
wrmcMSHFi3sWpAEy4rGDvQb3ezh3PhXoV2xNjgLBkKU,8p4mGnARWPBu6P2Gcw4adodLkNDorrXniZMhaY7eJXUn,AyY89zccbsgp9LKFgH4CFZMJmpSgqmPSdTfukhP227rc,0.004587579999999605,0.026204740000001003,2.143488580719735,467.2373191791575,0.0008573954322878941,3222.583867745158,26.90424584,0.11774636,12950.115221040316
Sid7E679i9ABqptiAVhkmQ27YHN8vaYT4fppPwmxFsJ,GP7KB8o1bv527HG8kTzzzf4wJ5aEGHvcMQvVhLziUfmT,9gYxhAZ1M9wu5pxr8SBoa5NDm21gi3s9vMHaYTME77sa,80.37894100000085,269.1349169999885,0.4523001866418456,0.005627098105731958,0.00018092007465673825,0.0183765075903062,137779.496096,8154.3916,925.1479806222344
SoNcU2iwHMw6dGzsYNQkYFkUjwN1UdAjrWVRnStrZu2,8ivTTid27jZnYNc4w3CTA1Z6QS2twsFb8WMwUabeDJgc,CyXm53PMvHCbeXJBykU46Rcbo28xk5srhMZFg7gv6EYB,0.5633649630000033,0.5576690730000031,116.69722643528561,207.14320928631292,0.04667889057411424,205.474455929325,11.866971805,15.133367356,5567.683048050598
B2izdXFYb2sNwbWWHmh75T4aQFtfXsUxem9u2p61HGzf,4DYwgJtxwuJdAjkj5RJSNH4e7U329V5cNp7d3a1nLrZv,EXNW64GEf1ACC6xY9BtKRiunrs6GoJSXBdxWN2eTPmrF,1096.3539710000114,1089.580394000006,1101.667312447948,1.0048463740621016,0.1101667312447948,1.0,12968.273857,26770.201129,39801.324092050796
