0,1,2,3,4,5,6,7,8,9,10,11
MiMuMS9C4vBqcrYeeQPph1E7oAW9aNKvW9k6Zw9XffM,Afy2q2hh6Y474pshJa5fnQ6PfEchGyTbKrQpCZw2hr3m,5pXz9ksgjeL8Wgb37bksUaBFMLdFfsNNY3FQnikkCPtS,2.1304070560008768,0.03157464800000298,0.0,0.0,0.0,0.02050640863206608,25.993785043,7674.709569978,157.380730574397
4xeRVccqvUgiV6VeF6NkWqkAYeewcJPRWFVginvJw1n4,A7VkMFrnCCyeZFUrQ3TzDr4xFep7PZtxvy3jJnBjLB2a,PhfHJ2Yu99BsEjZrefhApqUnLUiExcECcUT1YLoNUUv,3.603085639000028,0.9291450000000019,0.6139841037684058,0.17040508200043952,0.0002455936415073623,0.9994313495473226,1360.552160948,15.465191518,247.30139978206165
AUSejoEUCh2DBs9mof6BNC8Pubs22w4cJa1ccV9h44R,4xkyD7AfGQDwsQMy9MosRRNGoVJ1zosNinesxg1TzHG7,Cbm5gsQe3nSiCsFrvepVzMCD9xLK3ri9g3ypS2hdmVJ7,1921.2297970000036,1922.4588679999997,1921.6314179663584,1.0002090436901312,0.19216314179663585,1.0,14379.075788,14510.885316,28892.9669590634
BUSD5rCfUDpCxKGMvYU2yThChxgHoioK74PTPociGnv2,CcFHbafgYDZ8yA8Me1PdtDiVb2eeaS61LbqyKKK5CsNZ,26R9s4nmF3CFDTkiePDwRmtscn8i7r2eygbSijditJ58,32.39670236000001,32.583028119999994,32.38142253814694,0.9995283525562794,0.003238142253814694,1.0,113.29456742,35.42224531,148.66337763688892
MiMUFdSLMyCLpqpH6zkqdDrGYs7XBomwENbivdYjv9V,,,0.038353174000000156,0.028231055000000005,0.0,0.0,0.0,1.0,113.29456742,35.42224531,35.42224531
BSC8REUo9LpiiWUuqMuLXs2D2yJsJfGd4HdiF3wCLxk5,AZjEH1zWVx1UJ6udMyRijGTzPteuLnaY18yNNmprJEsh,Caf8ypkSVR8xYnXNhjvfvdGCC7mrM3C11rz8Xi6NA6aK,1076.0993268370003,1075.4207000679994,1074.900686807829,0.9988861251008359,0.42996027472313164,0.9994313495473226,3265.460388666,2979.829257529,6239.957850577655
ALBpShJ9NLpE739pcHDF2LNVk5J4VYPvvKuV6jMPitZi,D6d156U1bPiJpDYRLextvDRccgFk7QzkQbJg42ceKEu5,GNcM8U5g8RwTZffwwm3kSQqUNPSwv5d2fbN9sLxPJqt2,2438.9277070000026,2442.398927000002,2441.307982282728,1.0009759515527639,0.9765231929130912,0.9990918255305926,44991.670583,55390.582325,100375.85828605376
SAMyS8Jr2HJrkFwYVKbpUwsNStnQmvz3f8Tup8bWUWF,6jPzm5TFfquvgm25sTyN3MMGBfufRaFHMxobDWv6hMFW,Cj9ECoDmxsHTDzCY5ZA6RWrPbg9uFzEC1Qc2kso2vJG6,658.4271124500083,12.933869640000012,663.0085546029994,1.0069581614522882,0.26520342184119977,0.02028523412552886,459.59579721,110001.45482611,2694.1990042662082
Dg3mAgpwDfVNnbGWcsxL8sUcSkEbjSJQhKAWNigG44Ju,EATxwd8YA2wV93VJcKMmH2Kn2Y9XfJVUB9hHVu3udwEy,GiGvrRi7NMHfHKanG2B8xyCEqe8jaafWins8bhrLVEaa,0.0004031359999999984,0.00040853400000001594,0.09398325424384701,233.1303933259431,3.759330169753881e-05,230.58322105851994,0.133545785,0.184830981,73.75250433445794
FTMDfFPjYWvSsDXMGR8Mdt4fLjDtSDwfz7GAqe5V6qwq,2n895yX1VzrWuwrMCixUcD3SkRysj51jigxtV5N81vk6,HuEnD3eWBSuJtTCZMDG3P74sHPhi5UyVRV4SVefva6jS,3.3091961319999985,28.904315386000007,0.0,0.0,0.0,0.9994313495473226,1596.251633879,12.182659653,12.175731978073507
GokA1R67GqSavkd15zR62QD68Tuc5AEfvjssntVDEbM8,3YB7hfpBdbQEuZqLGWVDpRPmeZWCUsrrWyqGXegnQ6Cg,4DPCj6Z1DsG6HUtwSogBGqXEUxdEV5a8YVrrFtcnz7UW,24252.725061000005,24245.185142999995,24254.859488635004,1.0000880077446814,2.4254859488635003,1.0,16467.866259,16046.627355,32515.94291376917
Lee1XZJfJ9Hm2K1qTyeCz1LXNc1YBZaKZszvNY4KCDw,9DgFSWkPDGijNKcLGbr3p5xoJbHsPgXUTr6QvGBJ5vGN,2hNHZg7XBhuhHVZ3JDEi4buq2fPQwuWBdQ9xkH7t1GQX,555.4743081978813,460.8656157829837,128187.48319936632,230.7712189520402,12.818748319936633,191.43031563221874,6291.058643709,53325.722405356,11659955.143080872
7dwD9TF6uikvHXxPFK9AsSim54yJoujQjY9vU6gNFumk,CquVr6atkvwueDYficKjn6SSEWq4F4rH4VSiBbW4GBWU,8BCa6ge3b7ho3TfZuM64Vk1hgbrJ3J7EPiAb9uP86CGd,0.0007674229999999997,0.0007838480000000002,0.17412953723864324,226.9016399542929,6.965181489545731e-05,230.7712189520402,0.004384625,0.003137203,1.7188547634945888
RajgMbScQbqqrdJfR2rxfHJiTiY5b6bJ2tTXiF4aPxy,725ZA3fhyBAKb5iopNRrcbSuQa3LXA1656Q3mBvYPxeg,GLA6i1dSZpUfk2f9Nj8uiG7xyDdAR2reff8oEiZH3617,3800.498840540007,3801.864243960008,3799.223403251301,0.9996644026633817,1.5196893613005207,1.0,114561.71091942,69809.14472346,184332.40903781704
7oAd7xG4m3oC2qeWB1szghTebAZyyGPAFDJ4wwwbRSNi,D9yh4KAysxt9GLacVe4Wwh2XqghhcjTCSTV9HuM7TBJd,HDYfJLpZKaMFb84jM4mRytn7XLR8UFZUnQpSfhJJaNEy,1.813874093000777,0.05227300000001378,1.8128426326766924,0.9994313495473226,0.000725137053070677,0.028826121372307535,1089.56811425,293066.818456082,9536.928209859647
YAkoNb6HKmSxQN9L8hiBE5tPJRsniSSMzND1boHmZxe,CfWX7o2TswwbxusJ4hCaPobu2jLCb1hfXuXJQjVq3jQF,EnTrdMMpdhugeH6Ban6gYZWXughWxKtVGfCwFn78ZmY3,6461754.176611016,6461698.452452948,6461754.176611016,1.0,646.1754176611016,0.9987266235549676,1745670.451551,1708033.343526,3451528.8256500238
WiiQFxXqp8P9Fs1rt9SVcDyA3KUdJmUsog6wnVQAwba,3S2jpqSYxho6wiz3cafhjXruVY8cg4HYa2v3BqBHYFSj,Dfe67M6TfrG74gKRtdqys4e6E9QirPD53BkF4FujFjuv,12084.661767217,12115.910489768008,12068.4485548274,0.9986583644042416,1.20684485548274,0.9994313495473226,18036.408816052,8853.878750593,26861.054516398257
SoN9GaFpSXfpyR5dth3x7PHPVhvJMpQqqDJfCSmPv1t,9kZ9iS68ViMPtoeqtnhAKuF2iqVyfHPdZHoUNdwCELr,BBhm5fJLjw3HRzjtKB8uMEYjGhY6EDm9co3cqpjrSzB9,0.04475676999999978,0.04373181699999984,10.451980356518535,233.52847751342617,0.004180792142607414,223.0571001640139,1.875229957,3.222990643,1156.8305435291081
DFWzVTzNBrQZLjoQ4yQwkj9HuoXmfkuZP9V5vbymZe23,DhgiEgiNdqZdRdo195UUHnoEJUtefK8buko8nU97XJUZ,2K2kkXsouBHtWVjtcgkyiXd8eP3oVBvq1bTJzcVdLLr2,2006.3429115390027,1999.7419999999984,2001.012480425808,0.9973432103343163,0.8004049921703232,0.9994313495473226,36126.447239032,31840.238653964,67852.59955518955
TETFuZgEmET6d9vYmz9iMFCxK1jKdKYxf3oPz8hSzJK,Eu1Ze6Z84LWNkq7SNoAHBJbXx5t1P95EwyqYohrfCRFV,ASMbv7WNu3qe4pkhREmvyEdwFNDZQ6B6iSrjkj4u8bdC,10.991862212000001,10.970318728999999,11.036161042375426,1.0040301478967835,0.004414464416950171,0.9996127350322574,44.384637312,208.298843694,252.7816908137285
iLiUBQ7Z7im6Ew3b4ewwPcehzWgEQRJ1iQz7g6D62NW,GpugBvKWM3TVhYcZjemSdtehBWgfvuGr6uAm9iPjXT6v,92fMXJ3xy8tEyMUWLHKRLyhPw2nECBo77GtDiBBbYrjX,4.683847386999901,6.2384191699998155,3.517181718806654,0.7509172328220285,0.0014068726875226618,0.9994313495473226,2649.420057302,340.764227444,2330.065629724206
STK75uPSyBnEhGTTzb1nwmP3n427XoXmfRhXxxhyady,6TYyD5fUmDe6N65avW1Ny2RxzRNobw2RRgKwH9CTzSAU,54zDfk4cx2vGrEajPtodWpArNe5eUurytyxd4X3aZAxK,167.9805045570011,192.22002686200358,32142.581244923535,191.34709310279837,3.214258124492354,218.18568998606227,1946.27494504,318.361859892,441876.0551779947
BSCNHw8CmxbZ8hCWWzMf5FaG2ajPT6JxfznKUNuRVrn4,7n9kgNL633yGzCYksgnzHyjG73ZLBAwvEae5sbAekbzW,SscdxE99omdG9AiMVwmaEMQySQnCgeAh1sPj2Leutm2,16.467406494000898,16.467491661999702,16.444502541527548,0.9986091342020559,0.006577801016611019,0.9994313495473226,6045.373848911,5672.93554328,11706.675171104067
KEnkcdADoLR5jS2CLLLesy8TtFsyWL37BhXNfDMzWzP,3qsjFRuw1qeLMPo4DLwaQevenGAGBj9dA3Q6rb8ax2YR,77iEv8zPQAEyCcEbvBRSB6AFcUdfkhiqnAKtPxk76rNN,1.2827520000000021,0.007496000000000003,0.007748449906212052,0.006040489436938737,3.0993799624848208e-06,0.9950971563108565,127.403612,0.24015,1.0085527546018935
KEN5P7p3asnb23Sw6yAmJRGvijfAzso3RqfyLAQhznt,9zj4aX38Uxf3h6AUjS4EipWS8mwbEofasHAf3a1uKGds,CwQDG1MWunn9cLNwcZLd8YBacweSR7ARo32w4mLua1Yr,23468.030883000465,23469.836513999617,23351.94834776373,0.9950535886110146,2.3351948347763734,1.0,1109794.724157,1075802.301884,2180107.5247779936
MiMy69CnJDY4V6cQWkU3HHfTyb8pqXJmhX4MisFYDnM,,,0.003343592999999999,0.004282000000000008,0.0,0.0,0.0,1.0,1109794.724157,1075802.301884,1075802.301884
ALLwa5WNZbvQsRKAqe1jdRGemdYQnW8E5k4msbRFcYtu,CGoM82Hbz7QVqTgvQatYtjvDWBvoUJp5qm21P8iMs9yb,3dxNNww8TivyN5FMy5dCNdi3Zcxv6e4kUfSPxfFwpdNq,7.223829106000001,6.412170989999998,24376.827650671526,3374.5022609165144,9.750731060268611,3373.0111882781116,2.112968944,6.681909866,29668.375215858276
FrnkTEL6yZ5Aycq2TrEgu29dCrwKG4LPUZydfiwqspkc,DjvZuMZ46fxKBoBpGMPcRcos4xdTtHFxwMh69DpA2ZFY,9rvDPJLAng4uVVqnnSoEXgNDFhBZQTny9AoQioYDZbQX,5.196399729000518,4.276086368000051,1209.4219028637349,232.74227656392335,0.48376876114549405,190.7028908079109,164.377593585,1451.277031107,315020.3405422996
C98Sspw7XqnMsgxea3SLQVdbMDL8pKUc3RE82UvX9eq2,CSqgQJurPCzGxb4Cgwx5R61hWQUiaoUHcShNc8r1cKEL,6S2CR5EnukPhC914XkAns8m5GixjMAoUuZMsS5ubHuWc,31.533789999999954,32.38150600000003,0.0,0.0,0.0,1.0,841.788593,203.031407,203.031407
BUSDgu5JdqP1rndBvXvanbEufS94FNh1w5FJcAj6vawb,Bgzr8cWubt89JQFXndVjtdKmDbGzuPxNhvjH1EhWCwbo,Dxaf8xPBBQsasRKW5Aa4Sw2YrbfGofY9xZueyyF23FBW,17193.87936567,17382.31181245999,17079.053473357922,0.9933216995495883,6.831621389343169,1.0,10456.16473277,4901.16068371,15287.496006835561
KZMu9QBEdL97EFgamLbN5DE1AoKBG4HdrKKJo4Vuon3,DD4ACBWyVqdaKWh7v5btsgqQCCMwbKnuL2xd9pv7Gyuw,GcYqiJ1MAuYbNTNYXm1F1gQYTfTgkErACAhNU5dpVj9T,12.959547550000252,12.99553608999986,13.04972217420176,1.0069581614522882,0.005219888869680705,1.0,1300.70825098,1789.94454261,3099.7033316026423
B2izdXFYb2sNwbWWHmh75T4aQFtfXsUxem9u2p61HGzf,4DYwgJtxwuJdAjkj5RJSNH4e7U329V5cNp7d3a1nLrZv,EXNW64GEf1ACC6xY9BtKRiunrs6GoJSXBdxWN2eTPmrF,534.0790389999947,530.4963110000026,507.20190296022923,0.9496757332208917,0.05072019029602293,1.0,12350.645484,27391.334089,39120.442394768994
BUSDTd9WiT6uBHJRgNvFXBsA7JrifsAtWzKfioN7ERcy,DyBxrn7gSc1EwnpWhDyhzvMHPtxpmBqRqotapLcKcfTM,Cds99GeBgoCpqBsoRWu1C6fF9LiUMd4pXQQD24s9LPff,337.47285595999995,336.84105497000013,336.72274879419365,0.9977772814833581,0.033672274879419366,0.9993094771512885,116.64005342,81.73715022,198.0615042636658
MARpDPs5A7XiyCWPNH8GsMWPLxmwNn9SBmKvPa9LzgA,6YjT74rmcfCpw8LSjPNx5JTmZoYLGrTKnf9arfSgZ4SR,F8GSmi3vA8M8TsybLya1LQ4n1aFHCRbZ6k437PeTdXtg,15421.853054000007,15957.325095000346,14004.499657194337,0.9080944817822625,5.601799862877735,1.0,295180.559057,17799.050105,285850.8869140649
MATSnbbiTCv7Dc3trJrkrqjx7ckKdr6fwPoVwv9q3sD,631WX9JizSHJm4w6VanZeJAst9T8DeUUnPLesdGkCVtK,211maUSfpnXbPuW1iBu8b4dtJv5EbN1j7JJiEX5TZKEP,6196.391585000005,6201.370130000007,6191.160054753738,0.9991557134221583,2.4764640219014953,0.9986827374692779,24707.644648,20953.189965,45612.373428213614
MAR3XM1n9xWPQ3HJjAcC85o8DopWFP5p2WxGTaZ3fPB,6qG7GUhER8Cg9gDEgnebph9LdS6eu2eoWcA4R7z9uizK,4QV4CwRXVMY227KkFF9voNAfwWHVvVajXSXDKbUHkWZR,0.11597400000000135,0.0023320000000000007,0.10531534943021734,0.9080944817822625,4.212613977208694e-05,0.019308944463034668,0.104321,24.631445,0.5703405279833004
parEAJhzYzHW87y9VoZAQ22dzQ2MD2ekEtTReaxbMcz,3oyc6hpjYSJEquK6dSvG72NXyz3pqLZz5D8AC71pwgQb,Di2vordgFJVZ1aj1aBpvzXtLfZgJsuLLXawGtVFwX6Rz,0.1983719389999976,0.23687748499992267,34.87541859938467,175.8082255746116,0.01395016743975387,209.9388846912775,1108.280107403,135.150600435,223218.12544284182
SRMuKizofcAMicegrfSv7xs9q76tH1w8aAF7oX9FEWu,72Hj2KWntXPfbie4UgKeTPnm1XVkomDfCnRPKbvfTtPi,6aqJQ5wedqpUt4fFEDUqUmXhrdxCu4bEJsQdVPCADLko,2.111924000001636,2.074493000000075,0.07255901421189645,0.03435683017563143,2.902360568475858e-05,0.032472275739238665,16627.054486,5283.551212,742.8218191349254
daob129AwBGn9Y5r91uLoWZeYiGzbPmksauMhFZKTze,6VW5GQNyj4LStgmxEHLr5zUfW92vQnmbw8jTnCH7a38F,4VPCCUifPeBA1c7HWK358CHn2nyjm8pdTRk6Ps3KmnMQ,7.606655128000028,6.812189926000023,1533.9100080117066,201.65368117786724,0.6135640032046827,191.6473198697258,46.816558156,220.395724361,51678.98117676759
SUiuyGR7SFq3xeRVJonq84fjjeFwRSsFekcevJ53tzy,49GjCCPsv7fBqo6t3iKDrP1xxGDS8uWZbVCdfnp2gjMf,CEwj5xEbbJEjYqM8D6Ai8ByGz1mrh8mkAVsE5fzDSSSx,4.108959000000017,4.720970999999923,0.024820123436314463,0.006040489436938737,9.928049374525785e-06,0.9080944817822625,686.437389,1.360397,5.381786806107452
MATgk4zXLXtYkwBH678J1xZbRDZ45LicNzkRBHkxTuY,y8dALFo1bJrSzPYjMX14HJX448pXqYmrfXHD1K8MXih,GN7Yuet3UyiWS5YVkEHv6oQKi4HGBJc3XDPt9zQhAqZz,634.8961420000005,635.4972069999985,634.3905327454024,0.9992036347031417,0.253756213098161,1.0,4740.550996,3362.438838,8099.214623698798
Lid8SLUxQ9RmF7XMqUA8c24RitTwzja8VSKngJxRcUa,4PgzyzLtds9bKZ2to9PMnKqJzKEUpjvNUaeN23phegax,AtymwxoVN9peZo7EXTcDz9jKVc4vRmisJKKrNfe3ewBa,181.38122827198913,154.37584401200024,41205.32559483321,227.17524843885172,4.120532559483321,191.6761194939597,955.698249054,7632.101209256,1680002.5305367655
wrmcMSHFi3sWpAEy4rGDvQb3ezh3PhXoV2xNjgLBkKU,8p4mGnARWPBu6P2Gcw4adodLkNDorrXniZMhaY7eJXUn,AyY89zccbsgp9LKFgH4CFZMJmpSgqmPSdTfukhP227rc,0.012231310000000259,0.0643725200000028,6.617671564914546,541.0435648278399,0.002647068625965819,3380.3197782510224,26.85577877,0.12509661,14953.012826923776
YakoMPuYrybnr9R7VC7hVGxMz94fJvPFCdZ4gmW61Ed,,,0.010772000000000004,0.01080100000000006,0.0,0.0,0.0,3380.3197782510224,26.85577877,0.12509661,422.8665449751546
DEDaBEWzMCXohXYXoLzB4jK1xqMsd3SS9izXp2xvg9pe,,,1237358.7197846288,2193065.457377647,0.0,0.0,0.0,3380.3197782510224,26.85577877,0.12509661,422.8665449751546
AURHmCnNwiW4uA2Qj1XvEh4iKgRUZYXtiY7FKAapUV5Y,BKWm4TRnTeKwfWXRyuzjRHU7iZDkPuXBX5b5V5jSVfGJ,A5Ww74HVrkj9nPeC7pHKLfgeDMEhBCpW1efQdz3TGLEg,0.006875228000126299,0.006115454999985559,1.0632577973843178,154.65055084206452,0.0004253031189537271,191.6761194939597,282.575599275,1795.44151386,387843.7342374505
KysFMBBoavfov2tLpvefWW6tPFt6rAeZWDJVy1mMQae,B8ka2V21TH3x64dFV8ETcjuQcwmrciJ2qzy1mJUttRew,7fSf7EYxBANyxzk2s5pymFgshA91tFYQNKKs5UnLWcYS,25.95360699999992,32.14073100000678,0.0,0.0,0.0,0.014765204166303565,130660.092892,3018.589526,44.570090645655505
ercAoEmXjQzEvAFbdjAo81KtMxRGn9AW1ju882upmPH,CMRhskR2Eg6V42RTSdRTXGdozyPbWB8U9dVpijPWb9T4,7TKLLgrWswt6ZJ1pXhVR3FyufHGjJFqiEXxvWJfDcgRm,0.18947766700000557,0.211094490999983,36.31834394132977,191.6761194939597,0.01452733757653191,123.4288433952115,51.521756739,402.15637144,59513.18619209756
Cob4usZcpHEY7Qt4ZCwj6WVg9S44zvzYV2v9qYF65dTf,NhFM9UXE48PyNAyeyPYA3iXztqKVJwA4bTdLj4ysM8w,6TuFuynuBoeskxyR2cz4wxyidk8dpDK7kAWw3UkjQGx,125.39696099999819,768.3383580000018,0.7574590183447079,0.006040489436938737,0.00030298360733788316,1.0,38628.226651,73.730012,307.0634070530409
Sid7E679i9ABqptiAVhkmQ27YHN8vaYT4fppPwmxFsJ,GP7KB8o1bv527HG8kTzzzf4wJ5aEGHvcMQvVhLziUfmT,9gYxhAZ1M9wu5pxr8SBoa5NDm21gi3s9vMHaYTME77sa,360.0463230000005,1220.4966039999854,2.1748560108901356,0.006040489436938737,0.0008699424043560542,0.014765204166303565,138322.282363,7993.42564,953.5588470697246
HDSBGqAuMRr6X2AfmmbXQPpRgU6VEhtfNVVZ3wUTZXg,DCZ1d8kNLgDcdSd99y4udLgwq46mfDXNS9KXj96kQf5L,Fq8GGYQM5Pz3q7LmVMbrXHJgsxA5ev86kTq8yGgGuYsa,27.390563820000004,26.667823237999997,27.24913931549904,0.9948367435796375,0.010899655726199615,0.9994313495473226,20.016844163,19.002059344,38.904745878212225
SEQV6QiTpvTzrceiaYg9Avnwf7oc8ZALpnQMz6TyT4A,3dFMPj4r9mMmPHF32mz1gNDX7f8ftidWof7S8YiYTs1j,Fc1ED3YPeQfXQosHbd8DTaBd2AV5gHQtwiSAL5C5pUhi,705.0669351540009,703.3915977899999,706.1601565216755,1.0015505213947322,0.2824640626086702,0.9987705134978841,1055.190066788,4518.094308676,5569.3655342702605
HEDSDjj84KS7LKhZY7ejkCACTdPen62rKhCby1wXtgxc,EnnjMSFttpCTywBrYNt1J5QQeoSVkvzPipJDa8Y7kJow,6bjVT6JN2rSvpyn9PdfLYC8wJn4LWh49jpY47fnLDXZk,137.9916380260015,163.36762259202806,84.0743103200984,0.6092710509332199,0.033629724128039364,0.9994313495473226,44432.684708879,3866.918459503,30936.268042933654
RoBgmK8CvjdHvPrqdDyVw54VwjZv2TqJ493xnqJAQHx,ExiHJxM7qPAcy27NDHAF6G7vnW7muNHi2sVJpnaNynGQ,6rkPHSqZb7StM4HwS9EuVrmfkV7tRdc7dnsFhyB6cefE,20.52250299999957,12.154653999999933,0.0,0.0,0.0,0.9626000983777301,6270.420694,18.880598,18.17446549223037
JSoLLrxK5bYdHwTEWYaGgmeycBCNXKDiBCTw5hXGBg7,xG4wXczA7Dk4hccJ61CHKpDHW4NrNfQwgmWgkb9BuF2,BVR6WgfhsRr9Lob4QDnkEAiNGgAbv7ZieKcY9kSg3QYR,0.41489472899996827,0.3478389290000088,94.46887371588626,227.69359818956266,0.03778754948635451,191.1339826282146,16.998824185,172.317865712,36806.32339520283
C2ypsDADXcCRz8HbV2zX1AXPSja7a1P3xZtRC91xGhJh,J9bYNuDpY1d1T86gLaw7DGk5D3CsUAf2tzUwxMvb6FTv,A2NGvvPrMGzsJ4jb52KEnSBVmsA7C34dV1GC7PerdgvG,2.358274771999845,2.4066687719997617,450.7464493039751,191.1339826282146,0.18029857972159008,194.73995691962674,1952.750211887,600.065627797,490093.6795821888
NorjjEePhxfwLF4vZjUHCrVVKLzQjEEGQFd3wgjEJmh,34M8pFVqgbV7aqHxvRT5tCv3vu2P1JJYT8J3VaxBK2oG,3AZWBSze3ucsY3xSeuLne3b2pauVqiaJ1SZSV5T9WGWw,0.8542399999996633,1.5299999999988358,0.47734105209024646,0.5587903306921177,0.0001909364208360986,1.0,38296.684466,2097.288406,23497.105383167825
moFiBS1R4Lf3E3zzmBPnw3NF4RhWPkhREFviuzUaCAU,44ALBrpqi9PfZkBRTvbtRNtFJGsatfY4QydjtMbFWq8S,2ho8qEEie1UjVwWNBo9y4oAJZMyMLx8zPj9bxyUz6uWs,6.099092776999896,6.104772658007278,6.093498470111453,0.999082764094106,0.0024373993880445815,0.9994313495473226,34092.833106553,30346.931252511,64391.23639221091
heyk4SZTeCUV6a65WiVA5bzic3KcxgVf1qxobfeV4tQ,9ZDpBKPqMABtGfq66FbVribaArMvtk63xxy91onZAtDt,DaTP4s6N7xxSPinbNZ3FB52EpRDRt87QShTuN3VPCW52,0.7745275100014624,0.6636920869999585,172.58566027913596,222.82702428324347,0.06903426411165439,191.1339826282146,598.110763268,4503.430363876,994033.8225072375
SoNcU2iwHMw6dGzsYNQkYFkUjwN1UdAjrWVRnStrZu2,8ivTTid27jZnYNc4w3CTA1Z6QS2twsFb8WMwUabeDJgc,CyXm53PMvHCbeXJBykU46Rcbo28xk5srhMZFg7gv6EYB,1.1640622870000001,1.1530699690000024,268.23213534767046,230.42764836833032,0.10729285413906818,227.69359818956266,11.73843771,15.26152609,6179.812386329416
vEnkoSUkpnbRrPgBz9DfcVxNz67zjwMYBZraAvDDNSf,DtfyjjsZ5yCjWKLKHvwsfXs5QVsmm1QkK6Sh9JZHoq1g,e5wrKCRv4GhHvEf1VD5Pq2KGaZDXP77nTL612Jyrxwy,16996.99990099999,16994.56854700001,16985.840203985972,0.9993434313655929,1.6985840203985971,0.9989042020903071,35575.777701,49496.944639,84995.12575174528
KEVpg4SYCVrqFxKijQH6hm4QxsRdoE51ud64bEEFUC9,2bPenuBYfqzD8p5dFjCcggwkHDsc2RQDnx9AoyYGUBjA,AE6n6iLuX8oYu61vt5hoDYkjswpnxFxrhSehxrnQTnbx,5499.501402015001,5502.943240047998,5494.480007724901,0.9990869364469549,2.1977920030899605,0.9994313495473226,4943.194374852,2624.689240256,7561.877633764096
KwnjUuZhTMTSGAaavkLEmSyfobY16JNH4poL9oeeEvE,J63v6qEZmQpDqCD8bd4PXu2Pq5ZbyXrFcSa3Xt1HdAPQ,BnKQtTdLw9qPCDgZkWX3sURkBAoKCUYL1yahh6Mw7mRK,72.8902129999783,2999.312141999791,1.4937705196873379,0.02049343057466141,0.0001493770519687338,1.0,277863.964907,570.453313,6264.839187021759
