0,1,2,3,4,5,6,7,8,9,10,11
C2ypsDADXcCRz8HbV2zX1AXPSja7a1P3xZtRC91xGhJh,J9bYNuDpY1d1T86gLaw7DGk5D3CsUAf2tzUwxMvb6FTv,A2NGvvPrMGzsJ4jb52KEnSBVmsA7C34dV1GC7PerdgvG,14.643224925999903,14.947432262999882,2730.1362336258017,186.44364526411698,1.0920544934503207,189.8890895805578,1964.754748765,591.927218818,478716.5580890326
MATSnbbiTCv7Dc3trJrkrqjx7ckKdr6fwPoVwv9q3sD,631WX9JizSHJm4w6VanZeJAst9T8DeUUnPLesdGkCVtK,211maUSfpnXbPuW1iBu8b4dtJv5EbN1j7JJiEX5TZKEP,12008.029638000004,12015.529900000005,12004.536317931486,0.999709084656365,4.801814527172595,0.9996181458682782,24619.53657,21043.62202,45647.96079504388
wrmcMSHFi3sWpAEy4rGDvQb3ezh3PhXoV2xNjgLBkKU,8p4mGnARWPBu6P2Gcw4adodLkNDorrXniZMhaY7eJXUn,AyY89zccbsgp9LKFgH4CFZMJmpSgqmPSdTfukhP227rc,0.018749160000000237,0.10594152999999916,9.847247899159788,525.2100840336134,0.003938899159663915,3317.519822180938,26.85965176,0.12448332,14519.935839614083
7dwD9TF6uikvHXxPFK9AsSim54yJoujQjY9vU6gNFumk,CquVr6atkvwueDYficKjn6SSEWq4F4rH4VSiBbW4GBWU,8BCa6ge3b7ho3TfZuM64Vk1hgbrJ3J7EPiAb9uP86CGd,0.0007674229999999997,0.0007838480000000002,0.16970819424526448,221.14035446587417,6.78832776981058e-05,224.93362208812178,0.004384625,0.003137203,1.6752799607156552
heyk4SZTeCUV6a65WiVA5bzic3KcxgVf1qxobfeV4tQ,9ZDpBKPqMABtGfq66FbVribaArMvtk63xxy91onZAtDt,DaTP4s6N7xxSPinbNZ3FB52EpRDRt87QShTuN3VPCW52,0.9874700590003158,0.8727488100007577,214.993680409403,217.72172072442982,0.0859974721637612,186.55237224660357,597.941660154,4503.627928494,970347.3609181639
SEQV6QiTpvTzrceiaYg9Avnwf7oc8ZALpnQMz6TyT4A,3dFMPj4r9mMmPHF32mz1gNDX7f8ftidWof7S8YiYTs1j,Fc1ED3YPeQfXQosHbd8DTaBd2AV5gHQtwiSAL5C5pUhi,37.00932893400022,36.898016966,37.10725806794395,1.0026460661882945,0.014842903227177582,0.9998352281542354,1055.190066788,4518.094308676,5575.332023483373
AUSejoEUCh2DBs9mof6BNC8Pubs22w4cJa1ccV9h44R,4xkyD7AfGQDwsQMy9MosRRNGoVJ1zosNinesxg1TzHG7,Cbm5gsQe3nSiCsFrvepVzMCD9xLK3ri9g3ypS2hdmVJ7,2239.8097510000025,2240.934739999999,2239.8814272056734,1.000032001024033,0.22398814272056733,1.0,14470.59025,14419.405809,28890.45913270636
MiMy69CnJDY4V6cQWkU3HHfTyb8pqXJmhX4MisFYDnM,,,0.003343592999999999,0.004282000000000008,0.0,0.0,0.0,1.0,14470.59025,14419.405809,14419.405809
daob129AwBGn9Y5r91uLoWZeYiGzbPmksauMhFZKTze,6VW5GQNyj4LStgmxEHLr5zUfW92vQnmbw8jTnCH7a38F,4VPCCUifPeBA1c7HWK358CHn2nyjm8pdTRk6Ps3KmnMQ,8.682205543000208,7.76881305900001,1803.2283592796994,207.69242911249702,0.7212913437118799,186.67903228576526,46.796881508,220.418430414,50866.85728291902
C98Sspw7XqnMsgxea3SLQVdbMDL8pKUc3RE82UvX9eq2,CSqgQJurPCzGxb4Cgwx5R61hWQUiaoUHcShNc8r1cKEL,6S2CR5EnukPhC914XkAns8m5GixjMAoUuZMsS5ubHuWc,32.79498200000003,33.63224100000005,0.0,0.0,0.0,1.0,826.942361,217.473119,217.473119
ALLwa5WNZbvQsRKAqe1jdRGemdYQnW8E5k4msbRFcYtu,CGoM82Hbz7QVqTgvQatYtjvDWBvoUJp5qm21P8iMs9yb,3dxNNww8TivyN5FMy5dCNdi3Zcxv6e4kUfSPxfFwpdNq,9.284815861000002,8.463327670999998,30748.496029275408,3311.6969134984765,12.299398411710163,3310.512864652992,2.118475063,6.677216307,29120.757811854834
SUiuyGR7SFq3xeRVJonq84fjjeFwRSsFekcevJ53tzy,49GjCCPsv7fBqo6t3iKDrP1xxGDS8uWZbVCdfnp2gjMf,CEwj5xEbbJEjYqM8D6Ai8ByGz1mrh8mkAVsE5fzDSSSx,4.696265999999923,0.02935500000000002,0.028161594863414095,0.005996592795939275,1.1264637945365637e-05,0.9597684270739157,688.371225,1.348197,5.421838842842665
BUSD5rCfUDpCxKGMvYU2yThChxgHoioK74PTPociGnv2,CcFHbafgYDZ8yA8Me1PdtDiVb2eeaS61LbqyKKK5CsNZ,26R9s4nmF3CFDTkiePDwRmtscn8i7r2eygbSijditJ58,32.39670236000001,32.583028119999994,32.39551214888366,0.9999632613497779,0.003239551214888366,1.0,113.29456742,35.42224531,148.7126504405155
MiMUFdSLMyCLpqpH6zkqdDrGYs7XBomwENbivdYjv9V,,,0.038353174000000156,0.028231055000000005,0.0,0.0,0.0,1.0,113.29456742,35.42224531,35.42224531
KEN5P7p3asnb23Sw6yAmJRGvijfAzso3RqfyLAQhznt,9zj4aX38Uxf3h6AUjS4EipWS8mwbEofasHAf3a1uKGds,CwQDG1MWunn9cLNwcZLd8YBacweSR7ARo32w4mLua1Yr,28566.751859000186,28569.771198999602,28538.726829253857,0.9990189633779628,2.8538726829253855,1.0,1113913.057242,1071685.38642,2184505.6541590802
HDSBGqAuMRr6X2AfmmbXQPpRgU6VEhtfNVVZ3wUTZXg,DCZ1d8kNLgDcdSd99y4udLgwq46mfDXNS9KXj96kQf5L,Fq8GGYQM5Pz3q7LmVMbrXHJgsxA5ev86kTq8yGgGuYsa,27.390563820000004,26.667823237999997,27.248807701926772,0.9948246367250855,0.010899523080770709,0.9997339757877128,20.016844163,19.002059344,38.910254058970295
FTMDfFPjYWvSsDXMGR8Mdt4fLjDtSDwfz7GAqe5V6qwq,2n895yX1VzrWuwrMCixUcD3SkRysj51jigxtV5N81vk6,HuEnD3eWBSuJtTCZMDG3P74sHPhi5UyVRV4SVefva6jS,3.3091961319999985,28.904315386000007,0.0,0.0,0.0,0.9997339757877128,1596.251633879,12.182659653,12.179418770562249
BSC8REUo9LpiiWUuqMuLXs2D2yJsJfGd4HdiF3wCLxk5,AZjEH1zWVx1UJ6udMyRijGTzPteuLnaY18yNNmprJEsh,Caf8ypkSVR8xYnXNhjvfvdGCC7mrM3C11rz8Xi6NA6aK,2299.2283086509997,2297.5076030249993,2297.182837325891,0.9991103661531078,0.9188731349303565,0.9997339757877128,3265.460388666,2979.829257529,6241.591875376573
FrnkTEL6yZ5Aycq2TrEgu29dCrwKG4LPUZydfiwqspkc,DjvZuMZ46fxKBoBpGMPcRcos4xdTtHFxwMh69DpA2ZFY,9rvDPJLAng4uVVqnnSoEXgNDFhBZQTny9AoQioYDZbQX,5.8449261669998975,4.79198685800003,1329.0683231607115,227.38838527414623,0.5316273292642846,186.20940588399378,164.249117739,1451.434444425,307619.0872413182
DEDaBEWzMCXohXYXoLzB4jK1xqMsd3SS9izXp2xvg9pe,,,5822055.679288305,9081688.630881177,0.0,0.0,0.0,186.20940588399378,164.249117739,1451.434444425,270270.74557594385
7oAd7xG4m3oC2qeWB1szghTebAZyyGPAFDJ4wwwbRSNi,D9yh4KAysxt9GLacVe4Wwh2XqghhcjTCSTV9HuM7TBJd,HDYfJLpZKaMFb84jM4mRytn7XLR8UFZUnQpSfhJJaNEy,1.813874093000777,0.05227300000001378,1.8133915585739984,0.9997339757877128,0.0007253566234295994,0.028834842947871187,1089.56811425,293066.818456082,9539.813946164075
BUSDTd9WiT6uBHJRgNvFXBsA7JrifsAtWzKfioN7ERcy,DyBxrn7gSc1EwnpWhDyhzvMHPtxpmBqRqotapLcKcfTM,Cds99GeBgoCpqBsoRWu1C6fF9LiUMd4pXQQD24s9LPff,200.04380295999997,200.69316977,199.80188483585954,0.9987906742395375,0.019980188483585955,0.9990129751805217,102.6212697,95.73715022,198.13982243156715
MARpDPs5A7XiyCWPNH8GsMWPLxmwNn9SBmKvPa9LzgA,6YjT74rmcfCpw8LSjPNx5JTmZoYLGrTKnf9arfSgZ4SR,F8GSmi3vA8M8TsybLya1LQ4n1aFHCRbZ6k437PeTdXtg,16191.487429000012,16770.853145999718,15465.81588200066,0.9551819096187774,6.186326352800264,1.0,295726.36134,17275.416109,299747.8866583538
RoBgmK8CvjdHvPrqdDyVw54VwjZv2TqJ493xnqJAQHx,ExiHJxM7qPAcy27NDHAF6G7vnW7muNHi2sVJpnaNynGQ,6rkPHSqZb7StM4HwS9EuVrmfkV7tRdc7dnsFhyB6cefE,11.818514999999934,0.20028699999999944,0.0,0.0,0.0,0.9551819096187774,6270.420694,18.880598,18.034405652384468
Sid7E679i9ABqptiAVhkmQ27YHN8vaYT4fppPwmxFsJ,GP7KB8o1bv527HG8kTzzzf4wJ5aEGHvcMQvVhLziUfmT,9gYxhAZ1M9wu5pxr8SBoa5NDm21gi3s9vMHaYTME77sa,518.9056190000074,1114.8090999999795,3.1116656966678544,0.005996592795939275,0.0012446662786671418,0.020221245091216925,138154.822453,8042.633626,991.090278776138
NorjjEePhxfwLF4vZjUHCrVVKLzQjEEGQFd3wgjEJmh,34M8pFVqgbV7aqHxvRT5tCv3vu2P1JJYT8J3VaxBK2oG,3AZWBSze3ucsY3xSeuLne3b2pauVqiaJ1SZSV5T9WGWw,0.9474599999998645,1.6969959999987623,0.52941166609944,0.5587694109508746,0.00021176466643977598,1.0,38296.851462,2097.195186,23496.30431869488
B2izdXFYb2sNwbWWHmh75T4aQFtfXsUxem9u2p61HGzf,4DYwgJtxwuJdAjkj5RJSNH4e7U329V5cNp7d3a1nLrZv,EXNW64GEf1ACC6xY9BtKRiunrs6GoJSXBdxWN2eTPmrF,871.1829909999979,865.3022210000036,875.8019705929048,1.0053019625504913,0.0875801970592905,1.0,12324.365237,27417.855123,39807.563682945154
SRMuKizofcAMicegrfSv7xs9q76tH1w8aAF7oX9FEWu,72Hj2KWntXPfbie4UgKeTPnm1XVkomDfCnRPKbvfTtPi,6aqJQ5wedqpUt4fFEDUqUmXhrdxCu4bEJsQdVPCADLko,0.023109000000658853,0.023109000000658853,0.0007584415390268158,0.03282017997339531,3.0337661561072633e-07,0.03278384226041183,16627.054486,5283.551212,718.9180301669855
KysFMBBoavfov2tLpvefWW6tPFt6rAeZWDJVy1mMQae,B8ka2V21TH3x64dFV8ETcjuQcwmrciJ2qzy1mJUttRew,7fSf7EYxBANyxzk2s5pymFgshA91tFYQNKKs5UnLWcYS,9.533552999999756,11.8185150000063,0.0,0.0,0.0,0.020221245091216925,130660.092892,3018.589526,61.03963863502633
MiMuMS9C4vBqcrYeeQPph1E7oAW9aNKvW9k6Zw9XffM,Afy2q2hh6Y474pshJa5fnQ6PfEchGyTbKrQpCZw2hr3m,5pXz9ksgjeL8Wgb37bksUaBFMLdFfsNNY3FQnikkCPtS,2.1304070560008768,0.03157464800000298,0.0,0.0,0.0,0.020250026674347634,25.993785043,7674.709569978,155.41307350992557
Dg3mAgpwDfVNnbGWcsxL8sUcSkEbjSJQhKAWNigG44Ju,EATxwd8YA2wV93VJcKMmH2Kn2Y9XfJVUB9hHVu3udwEy,GiGvrRi7NMHfHKanG2B8xyCEqe8jaafWins8bhrLVEaa,0.0004031359999999984,0.00040853400000001594,0.09180544994658597,227.7282355001447,3.672217997863439e-05,224.88233032065972,0.133545785,0.184830981,71.97736769926527
SoN9GaFpSXfpyR5dth3x7PHPVhvJMpQqqDJfCSmPv1t,9kZ9iS68ViMPtoeqtnhAKuF2iqVyfHPdZHoUNdwCELr,BBhm5fJLjw3HRzjtKB8uMEYjGhY6EDm9co3cqpjrSzB9,0.14595013099999976,0.1427719649999999,33.236965803644914,227.7282355001447,0.013294786321457967,221.98553631039616,1.934490647,3.162453504,1142.5570787749748
Cob4usZcpHEY7Qt4ZCwj6WVg9S44zvzYV2v9qYF65dTf,NhFM9UXE48PyNAyeyPYA3iXztqKVJwA4bTdLj4ysM8w,6TuFuynuBoeskxyR2cz4wxyidk8dpDK7kAWw3UkjQGx,5.655844000000002,935.0904820000069,0.033915793385356385,0.005996592795939275,1.3566317354142553e-05,1.0,38793.752725,72.735072,305.3654101181846
Lid8SLUxQ9RmF7XMqUA8c24RitTwzja8VSKngJxRcUa,4PgzyzLtds9bKZ2to9PMnKqJzKEUpjvNUaeN23phegax,AtymwxoVN9peZo7EXTcDz9jKVc4vRmisJKKrNfe3ewBa,190.88693015399417,162.38869350899938,42199.75716433457,221.07200912231536,4.219975716433458,186.48769815250367,955.421644537,7632.43025997,1634571.3330080616
RajgMbScQbqqrdJfR2rxfHJiTiY5b6bJ2tTXiF4aPxy,725ZA3fhyBAKb5iopNRrcbSuQa3LXA1656Q3mBvYPxeg,GLA6i1dSZpUfk2f9Nj8uiG7xyDdAR2reff8oEiZH3617,5321.840937540008,5323.705089930008,5319.768462142527,0.9996105717134719,2.1279073848570107,1.0,113753.28863673,70617.31380046,184326.30368890928
BUSDgu5JdqP1rndBvXvanbEufS94FNh1w5FJcAj6vawb,Bgzr8cWubt89JQFXndVjtdKmDbGzuPxNhvjH1EhWCwbo,Dxaf8xPBBQsasRKW5Aa4Sw2YrbfGofY9xZueyyF23FBW,16983.91627334,17173.422700799994,16873.881020251698,0.9935212084587919,6.749552408100679,1.0,10443.94650907,4914.20975875,15290.492115520206
KEVpg4SYCVrqFxKijQH6hm4QxsRdoE51ud64bEEFUC9,2bPenuBYfqzD8p5dFjCcggwkHDsc2RQDnx9AoyYGUBjA,AE6n6iLuX8oYu61vt5hoDYkjswpnxFxrhSehxrnQTnbx,9137.09085068,9141.100950207998,9128.302923915511,0.9990382139229977,3.651321169566205,0.9997339757877128,5271.664416213,2297.831615806,7563.814539735295
STK75uPSyBnEhGTTzb1nwmP3n427XoXmfRhXxxhyady,6TYyD5fUmDe6N65avW1Ny2RxzRNobw2RRgKwH9CTzSAU,54zDfk4cx2vGrEajPtodWpArNe5eUurytyxd4X3aZAxK,174.12497985200116,199.25611614600007,32490.998588589206,186.59584980974685,3.249099858858921,213.59356434046902,1881.899389978,307.095800585,416748.30257032916
YakoMPuYrybnr9R7VC7hVGxMz94fJvPFCdZ4gmW61Ed,,,0.010772000000000004,0.01080100000000006,0.0,0.0,0.0,213.59356434046902,1881.899389978,307.095800585,65593.68664094004
iLiUBQ7Z7im6Ew3b4ewwPcehzWgEQRJ1iQz7g6D62NW,GpugBvKWM3TVhYcZjemSdtehBWgfvuGr6uAm9iPjXT6v,92fMXJ3xy8tEyMUWLHKRLyhPw2nECBo77GtDiBBbYrjX,4.683847386999901,6.2384191699998155,3.5182459494536893,0.7511444457431815,0.0014072983797814758,0.9997339757877128,2649.420057302,340.764227444,2330.7707363917975
GokA1R67GqSavkd15zR62QD68Tuc5AEfvjssntVDEbM8,3YB7hfpBdbQEuZqLGWVDpRPmeZWCUsrrWyqGXegnQ6Cg,4DPCj6Z1DsG6HUtwSogBGqXEUxdEV5a8YVrrFtcnz7UW,7353.2499389999975,7353.3563460000005,7353.367592881484,1.0000160002560041,0.7353367592881485,1.0,17568.886351,14946.044529,32515.211986679322
SoNcU2iwHMw6dGzsYNQkYFkUjwN1UdAjrWVRnStrZu2,8ivTTid27jZnYNc4w3CTA1Z6QS2twsFb8WMwUabeDJgc,CyXm53PMvHCbeXJBykU46Rcbo28xk5srhMZFg7gv6EYB,3.155263178999995,3.130101843000002,709.9745418289748,225.01278072594525,0.2839898167315899,218.1118796162016,12.038402135,14.959512613,5971.641754057211
DFWzVTzNBrQZLjoQ4yQwkj9HuoXmfkuZP9V5vbymZe23,DhgiEgiNdqZdRdo195UUHnoEJUtefK8buko8nU97XJUZ,2K2kkXsouBHtWVjtcgkyiXd8eP3oVBvq1bTJzcVdLLr2,2006.3429115390027,1999.7419999999984,2001.618381583939,0.9976452031565035,0.8006473526335757,0.9997339757877128,36126.447239032,31840.238653964,67873.14517466383
Lee1XZJfJ9Hm2K1qTyeCz1LXNc1YBZaKZszvNY4KCDw,9DgFSWkPDGijNKcLGbr3p5xoJbHsPgXUTr6QvGBJ5vGN,2hNHZg7XBhuhHVZ3JDEi4buq2fPQwuWBdQ9xkH7t1GQX,591.0527894558618,490.35145222997835,132994.43171129012,225.01278072594525,13.299443171129012,186.59584980974685,6286.637942026,53331.06929042,11365930.080260918
WiiQFxXqp8P9Fs1rt9SVcDyA3KUdJmUsog6wnVQAwba,3S2jpqSYxho6wiz3cafhjXruVY8cg4HYa2v3BqBHYFSj,Dfe67M6TfrG74gKRtdqys4e6E9QirPD53BkF4FujFjuv,14450.284884676998,14484.669361831013,14426.203526081184,0.9983335028486983,1.4426203526081185,0.9997339757877128,19724.732286195,7167.83638559,26857.790643591587
BSCNHw8CmxbZ8hCWWzMf5FaG2ajPT6JxfznKUNuRVrn4,7n9kgNL633yGzCYksgnzHyjG73ZLBAwvEae5sbAekbzW,SscdxE99omdG9AiMVwmaEMQySQnCgeAh1sPj2Leutm2,18.390056731001096,18.39172695199977,18.369959003873074,0.9989071416460537,0.0073479836015492295,0.9997339757877128,6047.298084201,5671.012893043,11710.193510276134
YAkoNb6HKmSxQN9L8hiBE5tPJRsniSSMzND1boHmZxe,CfWX7o2TswwbxusJ4hCaPobu2jLCb1hfXuXJQjVq3jQF,EnTrdMMpdhugeH6Ban6gYZWXughWxKtVGfCwFn78ZmY3,7352252.854311002,7352076.512274975,7352252.854311002,1.0,735.2252854311002,0.9989860291803819,1215540.208422,2238450.329084,3451720.8141911444
parEAJhzYzHW87y9VoZAQ22dzQ2MD2ekEtTReaxbMcz,3oyc6hpjYSJEquK6dSvG72NXyz3pqLZz5D8AC71pwgQb,Di2vordgFJVZ1aj1aBpvzXtLfZgJsuLLXawGtVFwX6Rz,0.12021502299998588,0.14356928699999116,21.860770657708002,181.84724431413676,0.0087443082630832,217.15083340318353,1108.280107403,135.150600435,230885.748978812
moFiBS1R4Lf3E3zzmBPnw3NF4RhWPkhREFviuzUaCAU,44ALBrpqi9PfZkBRTvbtRNtFJGsatfY4QydjtMbFWq8S,2ho8qEEie1UjVwWNBo9y4oAJZMyMLx8zPj9bxyUz6uWs,6.099092776999896,6.104772658007278,6.093512947194151,0.9990851377393721,0.0024374051788776606,0.9997339757877128,34092.833106553,30346.931252511,64400.50109421515
4xeRVccqvUgiV6VeF6NkWqkAYeewcJPRWFVginvJw1n4,A7VkMFrnCCyeZFUrQ3TzDr4xFep7PZtxvy3jJnBjLB2a,PhfHJ2Yu99BsEjZrefhApqUnLUiExcECcUT1YLoNUUv,0.005189222999998577,0.03201338899998518,0.0008840728431405953,0.17036709409883477,3.536291372562381e-07,0.9997339757877128,1360.584174337,15.460002295,247.25466161872458
HEDSDjj84KS7LKhZY7ejkCACTdPen62rKhCby1wXtgxc,EnnjMSFttpCTywBrYNt1J5QQeoSVkvzPipJDa8Y7kJow,6bjVT6JN2rSvpyn9PdfLYC8wJn4LWh49jpY47fnLDXZk,147.735706743003,174.50279393100936,124.79109764663707,0.8446915129578001,0.049916439058654824,0.9997339757877128,44437.444608308,3862.900274825,41397.804967992364
ALBpShJ9NLpE739pcHDF2LNVk5J4VYPvvKuV6jMPitZi,D6d156U1bPiJpDYRLextvDRccgFk7QzkQbJg42ceKEu5,GNcM8U5g8RwTZffwwm3kSQqUNPSwv5d2fbN9sLxPJqt2,68.9686389999988,68.898927000002,68.97022531518104,1.000023000529012,0.02758809012607242,0.9989860291803819,44991.670583,55390.582325,100327.12330606535
JSoLLrxK5bYdHwTEWYaGgmeycBCNXKDiBCTw5hXGBg7,xG4wXczA7Dk4hccJ61CHKpDHW4NrNfQwgmWgkb9BuF2,BVR6WgfhsRr9Lob4QDnkEAiNGgAbv7ZieKcY9kSg3QYR,1.0082304809998845,0.8440864340000083,223.4751982611674,221.6509047014152,0.08939007930446696,186.5291971354338,16.888662165,172.449659969,35910.28386836494
KZMu9QBEdL97EFgamLbN5DE1AoKBG4HdrKKJo4Vuon3,DD4ACBWyVqdaKWh7v5btsgqQCCMwbKnuL2xd9pv7Gyuw,GcYqiJ1MAuYbNTNYXm1F1gQYTfTgkErACAhNU5dpVj9T,5.596145190000016,5.5746017599999504,5.635389024798689,1.0070126548662104,0.0022541556099194755,1.0,1298.86981812,1791.79579061,3099.774134480613
KwnjUuZhTMTSGAaavkLEmSyfobY16JNH4poL9oeeEvE,J63v6qEZmQpDqCD8bd4PXu2Pq5ZbyXrFcSa3Xt1HdAPQ,BnKQtTdLw9qPCDgZkWX3sURkBAoKCUYL1yahh6Mw7mRK,135.52479799999742,2163.7844489996733,2.666342921033388,0.019674206937636895,0.0002666342921033388,1.0,278097.720907,565.692927,6037.045037009509
vEnkoSUkpnbRrPgBz9DfcVxNz67zjwMYBZraAvDDNSf,DtfyjjsZ5yCjWKLKHvwsfXs5QVsmm1QkK6Sh9JZHoq1g,e5wrKCRv4GhHvEf1VD5Pq2KGaZDXP77nTL612Jyrxwy,5011.069655999992,5009.463352999992,5007.008971723925,0.9991896571880207,0.5007008971723925,0.998115557826823,31891.87172,42548.401519,74334.24988776745
AURHmCnNwiW4uA2Qj1XvEh4iKgRUZYXtiY7FKAapUV5Y,BKWm4TRnTeKwfWXRyuzjRHU7iZDkPuXBX5b5V5jSVfGJ,A5Ww74HVrkj9nPeC7pHKLfgeDMEhBCpW1efQdz3TGLEg,0.006875228000126299,0.006115454999985559,1.3978015293629833,203.30984359170424,0.0005591206117451933,185.969840155203,282.57528173,1795.44187114,391348.3741152725
SAMyS8Jr2HJrkFwYVKbpUwsNStnQmvz3f8Tup8bWUWF,6jPzm5TFfquvgm25sTyN3MMGBfufRaFHMxobDWv6hMFW,Cj9ECoDmxsHTDzCY5ZA6RWrPbg9uFzEC1Qc2kso2vJG6,186.61574959999416,3.72769409,187.92442144453807,1.0070126548662104,0.07516976857781522,0.020250026674347634,459.59579721,110001.45482611,2690.351178359568
ercAoEmXjQzEvAFbdjAo81KtMxRGn9AW1ju882upmPH,CMRhskR2Eg6V42RTSdRTXGdozyPbWB8U9dVpijPWb9T4,7TKLLgrWswt6ZJ1pXhVR3FyufHGjJFqiEXxvWJfDcgRm,0.18947766700000557,0.211094490999983,35.237131444971816,185.969840155203,0.01409485257798873,162.26398500550965,51.521756739,402.15637144,74836.98829047741
MATgk4zXLXtYkwBH678J1xZbRDZ45LicNzkRBHkxTuY,y8dALFo1bJrSzPYjMX14HJX448pXqYmrfXHD1K8MXih,GN7Yuet3UyiWS5YVkEHv6oQKi4HGBJc3XDPt9zQhAqZz,842.3460009999994,843.2836080000002,841.2002862101812,0.9986398525208665,0.33648011448407245,1.0,5009.6148,3093.878345,8096.67933005835
