0,1,2,3,4,5,6,7,8,9,10,11
KZMu9QBEdL97EFgamLbN5DE1AoKBG4HdrKKJo4Vuon3,DD4ACBWyVqdaKWh7v5btsgqQCCMwbKnuL2xd9pv7Gyuw,GcYqiJ1MAuYbNTNYXm1F1gQYTfTgkErACAhNU5dpVj9T,7.236297109999896,7.193336020000061,7.284340027688311,1.00663915770153,0.0029137360110753244,0.9999528122267909,1309.93630301,1780.66603003,3099.215181069856
FrnkTEL6yZ5Aycq2TrEgu29dCrwKG4LPUZydfiwqspkc,DjvZuMZ46fxKBoBpGMPcRcos4xdTtHFxwMh69DpA2ZFY,9rvDPJLAng4uVVqnnSoEXgNDFhBZQTny9AoQioYDZbQX,8.432699385000035,6.894880905000207,1869.2625326850055,221.66834691273627,0.7477050130740023,181.4431553109863,164.143514521,1451.567513264,299762.4112738589
C2ypsDADXcCRz8HbV2zX1AXPSja7a1P3xZtRC91xGhJh,J9bYNuDpY1d1T86gLaw7DGk5D3CsUAf2tzUwxMvb6FTv,A2NGvvPrMGzsJ4jb52KEnSBVmsA7C34dV1GC7PerdgvG,4.666974018000019,4.7669509579999385,846.7904915803152,181.4431553109863,0.3387161966321261,183.05027658896793,1964.408695689,586.782227361,463839.16108207294
KEVpg4SYCVrqFxKijQH6hm4QxsRdoE51ud64bEEFUC9,2bPenuBYfqzD8p5dFjCcggwkHDsc2RQDnx9AoyYGUBjA,AE6n6iLuX8oYu61vt5hoDYkjswpnxFxrhSehxrnQTnbx,8829.70111546,8832.856592986001,8821.474948926527,0.9990683527759427,3.528589979570611,0.9999197894342509,5257.676027445,2315.461933242,7568.053936899403
WiiQFxXqp8P9Fs1rt9SVcDyA3KUdJmUsog6wnVQAwba,3S2jpqSYxho6wiz3cafhjXruVY8cg4HYa2v3BqBHYFSj,Dfe67M6TfrG74gKRtdqys4e6E9QirPD53BkF4FujFjuv,6908.024975552,6916.118182790993,6896.599331163866,0.9983460331384773,0.6896599331163866,0.9999197894342509,20005.151916854,6889.200942268,26860.712414086658
YAkoNb6HKmSxQN9L8hiBE5tPJRsniSSMzND1boHmZxe,CfWX7o2TswwbxusJ4hCaPobu2jLCb1hfXuXJQjVq3jQF,EnTrdMMpdhugeH6Ban6gYZWXughWxKtVGfCwFn78ZmY3,3996009.320591999,3995240.939430965,3996009.320591999,1.0,399.6009320591999,0.989474954904679,1098018.14573,2354866.754249,3428099.821197057
JSoLLrxK5bYdHwTEWYaGgmeycBCNXKDiBCTw5hXGBg7,xG4wXczA7Dk4hccJ61CHKpDHW4NrNfQwgmWgkb9BuF2,BVR6WgfhsRr9Lob4QDnkEAiNGgAbv7ZieKcY9kSg3QYR,0.386010061000178,0.3233463090000086,82.58031978292168,213.93307617151356,0.033032127913168674,180.42282449766677,16.990758487,172.328072233,34726.80276212696
heyk4SZTeCUV6a65WiVA5bzic3KcxgVf1qxobfeV4tQ,9ZDpBKPqMABtGfq66FbVribaArMvtk63xxy91onZAtDt,DaTP4s6N7xxSPinbNZ3FB52EpRDRt87QShTuN3VPCW52,1.2684247680050476,1.1132180879992575,265.46801700373743,209.28952484999175,0.10618720680149497,180.42282449766677,597.758595709,4503.842461663,937700.5904966979
RoBgmK8CvjdHvPrqdDyVw54VwjZv2TqJ493xnqJAQHx,ExiHJxM7qPAcy27NDHAF6G7vnW7muNHi2sVJpnaNynGQ,6rkPHSqZb7StM4HwS9EuVrmfkV7tRdc7dnsFhyB6cefE,0.36469999999999914,22.03579399999944,0.0,0.0,0.0,0.9611964973999635,6302.901002,18.338792,17.627182636946472
AUSejoEUCh2DBs9mof6BNC8Pubs22w4cJa1ccV9h44R,4xkyD7AfGQDwsQMy9MosRRNGoVJ1zosNinesxg1TzHG7,Cbm5gsQe3nSiCsFrvepVzMCD9xLK3ri9g3ypS2hdmVJ7,858.3142420000004,858.797507999996,857.7052712574076,0.999290503742343,0.08577052712574078,1.0,14694.277972,14195.963903,28879.816339769895
ALBpShJ9NLpE739pcHDF2LNVk5J4VYPvvKuV6jMPitZi,D6d156U1bPiJpDYRLextvDRccgFk7QzkQbJg42ceKEu5,GNcM8U5g8RwTZffwwm3kSQqUNPSwv5d2fbN9sLxPJqt2,9.037280999997165,9.019489999998768,8.988428888985528,0.9945943795471611,0.0035953715555942112,0.989474954904679,44376.413428,56007.002662,99554.05781327866
parEAJhzYzHW87y9VoZAQ22dzQ2MD2ekEtTReaxbMcz,3oyc6hpjYSJEquK6dSvG72NXyz3pqLZz5D8AC71pwgQb,Di2vordgFJVZ1aj1aBpvzXtLfZgJsuLLXawGtVFwX6Rz,0.1011658980001755,0.11876661499971419,17.730122468496166,175.25789637596463,0.007092048987398467,209.28952484999175,1108.283433516,135.147860199,222520.45459188725
TETFuZgEmET6d9vYmz9iMFCxK1jKdKYxf3oPz8hSzJK,Eu1Ze6Z84LWNkq7SNoAHBJbXx5t1P95EwyqYohrfCRFV,ASMbv7WNu3qe4pkhREmvyEdwFNDZQ6B6iSrjkj4u8bdC,3.6163581170000043,3.6355900000000076,3.611026223730119,0.9985256180119937,0.0014444104894920477,0.9926307096118416,37.781882661,214.934433694,251.0766971714262
SEQV6QiTpvTzrceiaYg9Avnwf7oc8ZALpnQMz6TyT4A,3dFMPj4r9mMmPHF32mz1gNDX7f8ftidWof7S8YiYTs1j,Fc1ED3YPeQfXQosHbd8DTaBd2AV5gHQtwiSAL5C5pUhi,3.5229155330000594,3.5379469999998037,3.5309124352872208,1.002269967080463,0.0014123649741148885,0.9979512061737252,976.552588673,4597.060430742,5566.411332614112
STK75uPSyBnEhGTTzb1nwmP3n427XoXmfRhXxxhyady,6TYyD5fUmDe6N65avW1Ny2RxzRNobw2RRgKwH9CTzSAU,54zDfk4cx2vGrEajPtodWpArNe5eUurytyxd4X3aZAxK,167.91707196400068,192.03219777899773,30532.19199832439,181.82899237827414,3.0532191998324394,208.89438884604232,1963.258610418,320.169735813,423858.996199931
GokA1R67GqSavkd15zR62QD68Tuc5AEfvjssntVDEbM8,3YB7hfpBdbQEuZqLGWVDpRPmeZWCUsrrWyqGXegnQ6Cg,4DPCj6Z1DsG6HUtwSogBGqXEUxdEV5a8YVrrFtcnz7UW,4900.3711599999915,4901.348360999993,4899.83217846036,0.9998900120986691,0.4899832178460361,1.0,19265.505221,13250.331025,32513.717273512662
KEN5P7p3asnb23Sw6yAmJRGvijfAzso3RqfyLAQhznt,9zj4aX38Uxf3h6AUjS4EipWS8mwbEofasHAf3a1uKGds,CwQDG1MWunn9cLNwcZLd8YBacweSR7ARo32w4mLua1Yr,35244.59578599897,35250.61675099959,35178.986975290056,0.9981384717501859,3.517898697529006,1.0,1125663.984751,1060009.342825,2183577.8722685874
MATSnbbiTCv7Dc3trJrkrqjx7ckKdr6fwPoVwv9q3sD,631WX9JizSHJm4w6VanZeJAst9T8DeUUnPLesdGkCVtK,211maUSfpnXbPuW1iBu8b4dtJv5EbN1j7JJiEX5TZKEP,6490.041831999992,6494.919371999993,6472.443258779372,0.9972883729140468,2.5889773035117485,0.9961875900927152,26325.196965,19342.678446,45522.7490749257
moFiBS1R4Lf3E3zzmBPnw3NF4RhWPkhREFviuzUaCAU,44ALBrpqi9PfZkBRTvbtRNtFJGsatfY4QydjtMbFWq8S,2ho8qEEie1UjVwWNBo9y4oAJZMyMLx8zPj9bxyUz6uWs,212.89063400500163,213.10704079300194,212.7155646282857,0.9991776558065405,0.08508622585131428,0.9999197894342509,34305.940147346,30134.040618506,64409.35240672434
MATgk4zXLXtYkwBH678J1xZbRDZ45LicNzkRBHkxTuY,y8dALFo1bJrSzPYjMX14HJX448pXqYmrfXHD1K8MXih,GN7Yuet3UyiWS5YVkEHv6oQKi4HGBJc3XDPt9zQhAqZz,10064.522228,10096.335086,10064.512163487838,0.9999990000010001,4.025804865395135,1.0,4297.102026,3810.878627,8107.976355902271
Sid7E679i9ABqptiAVhkmQ27YHN8vaYT4fppPwmxFsJ,GP7KB8o1bv527HG8kTzzzf4wJ5aEGHvcMQvVhLziUfmT,9gYxhAZ1M9wu5pxr8SBoa5NDm21gi3s9vMHaYTME77sa,64.92096899999979,217.5984929999977,0.380931898191284,0.005867624960916484,0.0001523727592765136,0.01951515342881929,137864.179832,8129.001956,967.5740231930341
7dwD9TF6uikvHXxPFK9AsSim54yJoujQjY9vU6gNFumk,CquVr6atkvwueDYficKjn6SSEWq4F4rH4VSiBbW4GBWU,8BCa6ge3b7ho3TfZuM64Vk1hgbrJ3J7EPiAb9uP86CGd,0.00020963100000000005,0.00021310700000000057,0.04534019910834036,216.28575500923216,1.8136079643336143e-05,219.9684257321704,0.004597732,0.002927572,1.6383973410076886
Lee1XZJfJ9Hm2K1qTyeCz1LXNc1YBZaKZszvNY4KCDw,9DgFSWkPDGijNKcLGbr3p5xoJbHsPgXUTr6QvGBJ5vGN,2hNHZg7XBhuhHVZ3JDEi4buq2fPQwuWBdQ9xkH7t1GQX,492.6978831937813,408.5466313400175,108377.97772770886,219.9684257321704,10.837797772770886,181.82899237827414,6283.326390566,53334.518489398,11079895.170401873
B2izdXFYb2sNwbWWHmh75T4aQFtfXsUxem9u2p61HGzf,4DYwgJtxwuJdAjkj5RJSNH4e7U329V5cNp7d3a1nLrZv,EXNW64GEf1ACC6xY9BtKRiunrs6GoJSXBdxWN2eTPmrF,2286.2764120000065,2270.970349000003,2288.9063654138668,1.0011503217196558,0.2288906365413867,1.0,12691.404091,27048.671002,39754.67429077881
vEnkoSUkpnbRrPgBz9DfcVxNz67zjwMYBZraAvDDNSf,DtfyjjsZ5yCjWKLKHvwsfXs5QVsmm1QkK6Sh9JZHoq1g,e5wrKCRv4GhHvEf1VD5Pq2KGaZDXP77nTL612Jyrxwy,9893.538517999972,9893.372216000014,9872.431259966164,0.9978665612919578,0.9872431259966166,0.9961875900927152,39908.475153,33922.138186,73616.14595763305
RajgMbScQbqqrdJfR2rxfHJiTiY5b6bJ2tTXiF4aPxy,725ZA3fhyBAKb5iopNRrcbSuQa3LXA1656Q3mBvYPxeg,GLA6i1dSZpUfk2f9Nj8uiG7xyDdAR2reff8oEiZH3617,5364.564957129987,5365.5483389500005,5360.742908258687,0.9992875379640579,2.144297163303475,0.9999528522230176,111198.44562882,73172.93667258,184288.70768913432
Cob4usZcpHEY7Qt4ZCwj6WVg9S44zvzYV2v9qYF65dTf,NhFM9UXE48PyNAyeyPYA3iXztqKVJwA4bTdLj4ysM8w,6TuFuynuBoeskxyR2cz4wxyidk8dpDK7kAWw3UkjQGx,7.475685000004248,217.2220969999971,0.043864515905973865,0.005867624960916484,1.754580636238955e-05,1.0,39078.235203,71.074472,300.370900305688
ALLwa5WNZbvQsRKAqe1jdRGemdYQnW8E5k4msbRFcYtu,CGoM82Hbz7QVqTgvQatYtjvDWBvoUJp5qm21P8iMs9yb,3dxNNww8TivyN5FMy5dCNdi3Zcxv6e4kUfSPxfFwpdNq,0.0006110650000001883,0.0006109199999997372,2.0195155000336715,3304.911097891467,0.0008078062000134686,3312.8818096285595,3.38954735,5.406350202,29112.7518945311
HEDSDjj84KS7LKhZY7ejkCACTdPen62rKhCby1wXtgxc,EnnjMSFttpCTywBrYNt1J5QQeoSVkvzPipJDa8Y7kJow,6bjVT6JN2rSvpyn9PdfLYC8wJn4LWh49jpY47fnLDXZk,57.192213284997706,67.34968975099036,48.24849235159277,0.843619954191369,0.01929939694063711,0.9999197894342509,44458.908097037,3844.821822727,41350.93543961403
iLiUBQ7Z7im6Ew3b4ewwPcehzWgEQRJ1iQz7g6D62NW,GpugBvKWM3TVhYcZjemSdtehBWgfvuGr6uAm9iPjXT6v,92fMXJ3xy8tEyMUWLHKRLyhPw2nECBo77GtDiBBbYrjX,4.45110065099999,5.921114444999603,3.3442922013284817,0.751340502843302,0.0013377168805313927,0.9999197894342509,2649.352272173,340.816882123,2331.3552133915746
wrmcMSHFi3sWpAEy4rGDvQb3ezh3PhXoV2xNjgLBkKU,8p4mGnARWPBu6P2Gcw4adodLkNDorrXniZMhaY7eJXUn,AyY89zccbsgp9LKFgH4CFZMJmpSgqmPSdTfukhP227rc,0.005827249999999992,0.03916476999999574,2.899158200579106,497.5173882327187,0.0011596632802316426,3305.1295610787943,26.88616395,0.12040595,13774.291332675451
SoN9GaFpSXfpyR5dth3x7PHPVhvJMpQqqDJfCSmPv1t,9kZ9iS68ViMPtoeqtnhAKuF2iqVyfHPdZHoUNdwCELr,BBhm5fJLjw3HRzjtKB8uMEYjGhY6EDm9co3cqpjrSzB9,0.03083741299999998,0.030145012999999832,6.877983832259464,223.0402346740133,0.0027511935329037856,216.72572081349298,1.880524461,3.217675856,1116.7857363274354
KysFMBBoavfov2tLpvefWW6tPFt6rAeZWDJVy1mMQae,B8ka2V21TH3x64dFV8ETcjuQcwmrciJ2qzy1mJUttRew,7fSf7EYxBANyxzk2s5pymFgshA91tFYQNKKs5UnLWcYS,22.035793999995803,17.817969999999605,0.0,0.0,0.0,0.019520190973055556,130627.612584,3044.847516,59.43600499615383
SUiuyGR7SFq3xeRVJonq84fjjeFwRSsFekcevJ53tzy,49GjCCPsv7fBqo6t3iKDrP1xxGDS8uWZbVCdfnp2gjMf,CEwj5xEbbJEjYqM8D6Ai8ByGz1mrh8mkAVsE5fzDSSSx,0.03565200000000002,5.811779999999999,0.00020933916308337572,0.005871736875445294,8.373566523335029e-08,0.9684151402023019,694.183005,1.312545,5.347148398962756
MARpDPs5A7XiyCWPNH8GsMWPLxmwNn9SBmKvPa9LzgA,6YjT74rmcfCpw8LSjPNx5JTmZoYLGrTKnf9arfSgZ4SR,F8GSmi3vA8M8TsybLya1LQ4n1aFHCRbZ6k437PeTdXtg,58364.186327,60487.037114999664,56520.76168465498,0.9684151402023019,22.608304673861994,1.0,292468.765285,20457.722648,303688.90298626735
SAMGk1Nd4haC8zQA63DG37pzuEZy8j4q13tSFtCbcRE,9U9TnkHD3jXMAVZtynCVLgDruuqN4pTvLJTmVHCLWS8g,C6zoEbvqSknmi96QWq96UBiPCyNW3YSTvKhavR2BfifE,0.00255844999999999,0.0048549999999991655,0.004811160380161478,1.880498106338407,1.9244641520645917e-06,0.0,53.64532357,1.13665037,100.87992938729612
C98Sspw7XqnMsgxea3SLQVdbMDL8pKUc3RE82UvX9eq2,CSqgQJurPCzGxb4Cgwx5R61hWQUiaoUHcShNc8r1cKEL,6S2CR5EnukPhC914XkAns8m5GixjMAoUuZMsS5ubHuWc,82.95943199999996,85.00186699999983,0.0,0.0,0.0,1.0,827.994215,216.515734,216.515734
Lid8SLUxQ9RmF7XMqUA8c24RitTwzja8VSKngJxRcUa,4PgzyzLtds9bKZ2to9PMnKqJzKEUpjvNUaeN23phegax,AtymwxoVN9peZo7EXTcDz9jKVc4vRmisJKKrNfe3ewBa,10.624983311000278,8.99836084099968,2299.703280669926,216.4430016834937,0.22997032806699258,182.61167936822204,955.481901459,7632.360641465,1600565.5650878823
BUSDTd9WiT6uBHJRgNvFXBsA7JrifsAtWzKfioN7ERcy,DyBxrn7gSc1EwnpWhDyhzvMHPtxpmBqRqotapLcKcfTM,Cds99GeBgoCpqBsoRWu1C6fF9LiUMd4pXQQD24s9LPff,155.75857814000005,155.51932828999998,155.6988831881857,0.9996167469392234,0.015569888318818571,0.9982580397206873,102.53131464,95.85875776,198.18379481139658
BUSD5rCfUDpCxKGMvYU2yThChxgHoioK74PTPociGnv2,CcFHbafgYDZ8yA8Me1PdtDiVb2eeaS61LbqyKKK5CsNZ,26R9s4nmF3CFDTkiePDwRmtscn8i7r2eygbSijditJ58,31.67124747999999,31.496542000000005,31.644683982924203,0.9991612740517227,0.0031644683982924205,0.9999528522230176,81.39872945,67.14051086,148.46780355762098
BSC8REUo9LpiiWUuqMuLXs2D2yJsJfGd4HdiF3wCLxk5,AZjEH1zWVx1UJ6udMyRijGTzPteuLnaY18yNNmprJEsh,Caf8ypkSVR8xYnXNhjvfvdGCC7mrM3C11rz8Xi6NA6aK,618.6670150099994,618.5607352699999,618.1114082635622,0.9991019292560341,0.2472445633054249,0.9999197894342509,3220.656955602,3024.857260519,6242.379212820647
HDSBGqAuMRr6X2AfmmbXQPpRgU6VEhtfNVVZ3wUTZXg,DCZ1d8kNLgDcdSd99y4udLgwq46mfDXNS9KXj96kQf5L,Fq8GGYQM5Pz3q7LmVMbrXHJgsxA5ev86kTq8yGgGuYsa,3.649774764,3.6978125980000023,3.6313605956024957,0.9949547110196676,0.0014525442382409982,0.9999197894342509,16.367069399,22.699871942,38.98254397654999
AURHmCnNwiW4uA2Qj1XvEh4iKgRUZYXtiY7FKAapUV5Y,BKWm4TRnTeKwfWXRyuzjRHU7iZDkPuXBX5b5V5jSVfGJ,A5Ww74HVrkj9nPeC7pHKLfgeDMEhBCpW1efQdz3TGLEg,0.07752005900016457,0.06899047299992844,15.546216669046037,200.54443804039204,0.006218486667618416,182.21454815529637,282.622571549,1795.388718979,383824.3289806996
SoNcU2iwHMw6dGzsYNQkYFkUjwN1UdAjrWVRnStrZu2,8ivTTid27jZnYNc4w3CTA1Z6QS2twsFb8WMwUabeDJgc,CyXm53PMvHCbeXJBykU46Rcbo28xk5srhMZFg7gv6EYB,0.4056422890000011,0.4015310830000054,89.14658711412324,219.7665024864382,0.035658634845649295,212.71572032987956,11.70021441,15.301635822,5826.213685329343
BSCNHw8CmxbZ8hCWWzMf5FaG2ajPT6JxfznKUNuRVrn4,7n9kgNL633yGzCYksgnzHyjG73ZLBAwvEae5sbAekbzW,SscdxE99omdG9AiMVwmaEMQySQnCgeAh1sPj2Leutm2,8.961606243999995,8.969118134999917,8.956092237735895,0.9993847078175532,0.0035824368950943585,0.9999197894342509,6056.892460266,5661.426545725,11714.138141184098
BUSDgu5JdqP1rndBvXvanbEufS94FNh1w5FJcAj6vawb,Bgzr8cWubt89JQFXndVjtdKmDbGzuPxNhvjH1EhWCwbo,Dxaf8xPBBQsasRKW5Aa4Sw2YrbfGofY9xZueyyF23FBW,3624.0130570300025,3647.201938000004,3600.4615737652266,0.9935012697542328,1.4401846295060907,0.9999528522230176,10389.9969577,4972.49870912,15294.739437077384
daob129AwBGn9Y5r91uLoWZeYiGzbPmksauMhFZKTze,6VW5GQNyj4LStgmxEHLr5zUfW92vQnmbw8jTnCH7a38F,4VPCCUifPeBA1c7HWK358CHn2nyjm8pdTRk6Ps3KmnMQ,5.372615623999863,4.796287893000006,1074.0887633040925,199.91915269465028,0.42963550532163697,182.21454815529637,46.82104736,220.395211539,49519.63800265714
DEDaBEWzMCXohXYXoLzB4jK1xqMsd3SS9izXp2xvg9pe,,,276381.01911991136,975491.3359544473,0.0,0.0,0.0,182.21454815529637,46.82104736,220.395211539,40159.21388616985
SAMyS8Jr2HJrkFwYVKbpUwsNStnQmvz3f8Tup8bWUWF,6jPzm5TFfquvgm25sTyN3MMGBfufRaFHMxobDWv6hMFW,Cj9ECoDmxsHTDzCY5ZA6RWrPbg9uFzEC1Qc2kso2vJG6,349.2546472600009,25.728033759996492,351.5734180974551,1.0066391982344274,0.14062936723898206,0.019484299330842097,448.52931232,110563.51891199,2605.7598848908783
KwnjUuZhTMTSGAaavkLEmSyfobY16JNH4poL9oeeEvE,J63v6qEZmQpDqCD8bd4PXu2Pq5ZbyXrFcSa3Xt1HdAPQ,BnKQtTdLw9qPCDgZkWX3sURkBAoKCUYL1yahh6Mw7mRK,64.02852999999618,2106.5983709998295,1.2267397625947554,0.019159267948129194,0.00012267397625947553,1.0,278627.460395,555.175906,5893.47407741456
