0,1,2,3,4,5,6,7,8,9,10,11
SoN9GaFpSXfpyR5dth3x7PHPVhvJMpQqqDJfCSmPv1t,9kZ9iS68ViMPtoeqtnhAKuF2iqVyfHPdZHoUNdwCELr,BBhm5fJLjw3HRzjtKB8uMEYjGhY6EDm9co3cqpjrSzB9,0.11092415299999958,0.10841165799999986,24.883322404852017,224.32736001916652,0.009953328961940807,218.6734916121222,1.888434152,3.209467112,1125.4528274835075
KwnjUuZhTMTSGAaavkLEmSyfobY16JNH4poL9oeeEvE,J63v6qEZmQpDqCD8bd4PXu2Pq5ZbyXrFcSa3Xt1HdAPQ,BnKQtTdLw9qPCDgZkWX3sURkBAoKCUYL1yahh6Mw7mRK,108.3193030000134,3096.8262529999574,2.1801417954672764,0.02012699246658748,0.00021801417954672765,1.0,278152.459443,564.583479,6162.9559347720415
MATgk4zXLXtYkwBH678J1xZbRDZ45LicNzkRBHkxTuY,y8dALFo1bJrSzPYjMX14HJX448pXqYmrfXHD1K8MXih,GN7Yuet3UyiWS5YVkEHv6oQKi4HGBJc3XDPt9zQhAqZz,201.52246100000002,201.6851489999999,201.438058453508,0.9995811754874708,0.08057522338140322,1.0,4536.988197,3565.567341,8100.65533613004
HEDSDjj84KS7LKhZY7ejkCACTdPen62rKhCby1wXtgxc,EnnjMSFttpCTywBrYNt1J5QQeoSVkvzPipJDa8Y7kJow,6bjVT6JN2rSvpyn9PdfLYC8wJn4LWh49jpY47fnLDXZk,827.4885029969987,956.7477262359753,699.0889254431245,0.844832191518267,0.2796355701772498,1.0,44438.853969566,3861.651038529,41405.02542619769
AURHmCnNwiW4uA2Qj1XvEh4iKgRUZYXtiY7FKAapUV5Y,BKWm4TRnTeKwfWXRyuzjRHU7iZDkPuXBX5b5V5jSVfGJ,A5Ww74HVrkj9nPeC7pHKLfgeDMEhBCpW1efQdz3TGLEg,0.00052398500002937,0.000478543000042464,0.10793114784958951,205.98136939710076,4.3172459139835804e-05,183.62242235434059,282.56948382,1795.448389088,387888.6316436127
KEN5P7p3asnb23Sw6yAmJRGvijfAzso3RqfyLAQhznt,9zj4aX38Uxf3h6AUjS4EipWS8mwbEofasHAf3a1uKGds,CwQDG1MWunn9cLNwcZLd8YBacweSR7ARo32w4mLua1Yr,23735.14126999909,23736.86166200065,23730.70362842058,0.9998130349624621,2.373070362842058,1.0,1104925.890888,1080668.701571,2185388.0099483337
BSC8REUo9LpiiWUuqMuLXs2D2yJsJfGd4HdiF3wCLxk5,AZjEH1zWVx1UJ6udMyRijGTzPteuLnaY18yNNmprJEsh,Caf8ypkSVR8xYnXNhjvfvdGCC7mrM3C11rz8Xi6NA6aK,112.80831649499942,112.7654820280004,112.74361485107784,0.9994264461528025,0.045097445940431136,1.0,3320.017775721,2924.39170618,6242.505272932971
BUSD5rCfUDpCxKGMvYU2yThChxgHoioK74PTPociGnv2,CcFHbafgYDZ8yA8Me1PdtDiVb2eeaS61LbqyKKK5CsNZ,26R9s4nmF3CFDTkiePDwRmtscn8i7r2eygbSijditJ58,3.666910009999995,3.6704043000000013,3.6668520004013487,0.9999841802502685,0.0003666852000401349,1.0,80.8359535,67.69613605,148.53081074544633
SoNcU2iwHMw6dGzsYNQkYFkUjwN1UdAjrWVRnStrZu2,8ivTTid27jZnYNc4w3CTA1Z6QS2twsFb8WMwUabeDJgc,CyXm53PMvHCbeXJBykU46Rcbo28xk5srhMZFg7gv6EYB,1.0820642120000006,1.0705228939999998,239.6978595055164,221.5190714629385,0.09587914380220655,218.09090203269446,11.716335036,15.28338965,5928.559893009061
heyk4SZTeCUV6a65WiVA5bzic3KcxgVf1qxobfeV4tQ,9ZDpBKPqMABtGfq66FbVribaArMvtk63xxy91onZAtDt,DaTP4s6N7xxSPinbNZ3FB52EpRDRt87QShTuN3VPCW52,4.098293185999864,3.5105506510001305,874.5560976504687,213.39520086996959,0.3498224390601875,183.70955519323948,597.705618158,4503.903034518,954957.533552719
BSCrK1Nx9PXU9mF7STWWBqeHLxmtJDr9h7jheEy4tAWX,FfSySSbVJPvEo5a5AvrP3nySoXpRE2QPn1uUMpJJ1x7v,HL7Vcj6838ZmvBHDbQxXfjBNckNi83WvPiZQoMQLFeRM,0.005728945999999846,0.005696662999999935,18.860168752201073,3292.0835267432403,0.007544067500880429,3271.1808963035655,0.588055885,1.217815585,5919.624168685668
DEDaBEWzMCXohXYXoLzB4jK1xqMsd3SS9izXp2xvg9pe,,,2841180.1174035994,3556639.762598727,0.0,0.0,0.0,3271.1808963035655,0.588055885,1.217815585,3983.695076872751
SUiuyGR7SFq3xeRVJonq84fjjeFwRSsFekcevJ53tzy,49GjCCPsv7fBqo6t3iKDrP1xxGDS8uWZbVCdfnp2gjMf,CEwj5xEbbJEjYqM8D6Ai8ByGz1mrh8mkAVsE5fzDSSSx,4.0796040000000175,0.024704999999999977,0.0244153973557139,0.00598474689104967,9.766158942285561e-06,0.9625778605166925,691.133655,1.331042,5.417491553678905
vEnkoSUkpnbRrPgBz9DfcVxNz67zjwMYBZraAvDDNSf,DtfyjjsZ5yCjWKLKHvwsfXs5QVsmm1QkK6Sh9JZHoq1g,e5wrKCRv4GhHvEf1VD5Pq2KGaZDXP77nTL612Jyrxwy,28531.70025700001,28536.133631000062,28537.09376772211,1.0001890357277525,2.853709376772211,0.9982899293510217,37061.057496,47846.765672,84833.00768235081
SEQV6QiTpvTzrceiaYg9Avnwf7oc8ZALpnQMz6TyT4A,3dFMPj4r9mMmPHF32mz1gNDX7f8ftidWof7S8YiYTs1j,Fc1ED3YPeQfXQosHbd8DTaBd2AV5gHQtwiSAL5C5pUhi,795.6471849640002,793.9087177759999,797.0083229510109,1.0017107306011173,0.3188033291804044,0.9982899293510217,1018.292049822,4555.10363761,5567.348161768774
C2ypsDADXcCRz8HbV2zX1AXPSja7a1P3xZtRC91xGhJh,J9bYNuDpY1d1T86gLaw7DGk5D3CsUAf2tzUwxMvb6FTv,A2NGvvPrMGzsJ4jb52KEnSBVmsA7C34dV1GC7PerdgvG,1.6834826719998546,1.7173370039997735,309.8249801192557,184.03811650238504,0.12392999204770229,186.77568389784417,1993.747380503,613.036992593,481425.9162355713
KEnkcdADoLR5jS2CLLLesy8TtFsyWL37BhXNfDMzWzP,3qsjFRuw1qeLMPo4DLwaQevenGAGBj9dA3Q6rb8ax2YR,77iEv8zPQAEyCcEbvBRSB6AFcUdfkhiqnAKtPxk76rNN,1.2827520000000021,0.007496000000000003,0.007682723784892371,0.0059892510671527765,3.0730895139569484e-06,0.9983268042760334,127.403612,0.24015,1.0028004011770077
Cob4usZcpHEY7Qt4ZCwj6WVg9S44zvzYV2v9qYF65dTf,NhFM9UXE48PyNAyeyPYA3iXztqKVJwA4bTdLj4ysM8w,6TuFuynuBoeskxyR2cz4wxyidk8dpDK7kAWw3UkjQGx,120.74756599999819,0.7077859999999987,0.723525743289223,0.0059920524053398636,0.00028941029731568925,1.0,38853.247015,72.379407,305.1900992314946
SRMuKizofcAMicegrfSv7xs9q76tH1w8aAF7oX9FEWu,72Hj2KWntXPfbie4UgKeTPnm1XVkomDfCnRPKbvfTtPi,6aqJQ5wedqpUt4fFEDUqUmXhrdxCu4bEJsQdVPCADLko,2.0657060000003185,2.074493000000075,0.07883644357346002,0.03816440653870777,3.153457742938401e-05,0.03678250753416102,16627.054486,5283.528103,828.9030792004978
GokA1R67GqSavkd15zR62QD68Tuc5AEfvjssntVDEbM8,3YB7hfpBdbQEuZqLGWVDpRPmeZWCUsrrWyqGXegnQ6Cg,4DPCj6Z1DsG6HUtwSogBGqXEUxdEV5a8YVrrFtcnz7UW,22845.592297000014,22838.154109000003,22848.288395030624,1.0001180139256431,2.2848288395030627,1.0,15425.981281,17088.103124,32515.90488560787
MATSnbbiTCv7Dc3trJrkrqjx7ckKdr6fwPoVwv9q3sD,631WX9JizSHJm4w6VanZeJAst9T8DeUUnPLesdGkCVtK,211maUSfpnXbPuW1iBu8b4dtJv5EbN1j7JJiEX5TZKEP,4437.4901650000065,4441.848026999996,4426.768531616432,0.9975838519106724,1.7707074126465727,0.9985620706183095,26873.023178,18787.509092,45568.587955061856
Lee1XZJfJ9Hm2K1qTyeCz1LXNc1YBZaKZszvNY4KCDw,9DgFSWkPDGijNKcLGbr3p5xoJbHsPgXUTr6QvGBJ5vGN,2hNHZg7XBhuhHVZ3JDEi4buq2fPQwuWBdQ9xkH7t1GQX,584.9677159920175,485.3799616139986,129943.38953536289,222.13771116410825,12.99433895353629,184.15185456570455,6293.305996388,53322.969715592,11217504.353770154
RoBgmK8CvjdHvPrqdDyVw54VwjZv2TqJ493xnqJAQHx,ExiHJxM7qPAcy27NDHAF6G7vnW7muNHi2sVJpnaNynGQ,6rkPHSqZb7StM4HwS9EuVrmfkV7tRdc7dnsFhyB6cefE,20.32221599999957,0.3361389999999993,0.0,0.0,0.0,0.9636167233755109,6282.239209,18.680311,18.000660077455514
4xeRVccqvUgiV6VeF6NkWqkAYeewcJPRWFVginvJw1n4,A7VkMFrnCCyeZFUrQ3TzDr4xFep7PZtxvy3jJnBjLB2a,PhfHJ2Yu99BsEjZrefhApqUnLUiExcECcUT1YLoNUUv,3.603085639000028,0.9291450000000019,0.9896437351604545,0.274665615618038,0.00039585749406418177,1.0,1331.764159618,21.490958024,387.28078078351695
AUSejoEUCh2DBs9mof6BNC8Pubs22w4cJa1ccV9h44R,4xkyD7AfGQDwsQMy9MosRRNGoVJ1zosNinesxg1TzHG7,Cbm5gsQe3nSiCsFrvepVzMCD9xLK3ri9g3ypS2hdmVJ7,415.0446759999977,415.06313299999965,415.13392979490357,1.0002150462349404,0.04151339297949036,1.0,14403.119742,14486.617815,28892.834893671912
BUSDTd9WiT6uBHJRgNvFXBsA7JrifsAtWzKfioN7ERcy,DyBxrn7gSc1EwnpWhDyhzvMHPtxpmBqRqotapLcKcfTM,Cds99GeBgoCpqBsoRWu1C6fF9LiUMd4pXQQD24s9LPff,448.37121922,1076.3852511199998,448.92318374210646,1.0012310436050438,0.04489231837421065,0.9986917138548502,91.50745869,106.83405318,198.31439203022853
daob129AwBGn9Y5r91uLoWZeYiGzbPmksauMhFZKTze,6VW5GQNyj4LStgmxEHLr5zUfW92vQnmbw8jTnCH7a38F,4VPCCUifPeBA1c7HWK358CHn2nyjm8pdTRk6Ps3KmnMQ,5.706908016999961,5.106626681999977,1082.6296728402328,189.7051204637,0.43305186913609317,184.4740037389191,47.515877984,219.610159926,49526.370820186734
YAkoNb6HKmSxQN9L8hiBE5tPJRsniSSMzND1boHmZxe,CfWX7o2TswwbxusJ4hCaPobu2jLCb1hfXuXJQjVq3jQF,EnTrdMMpdhugeH6Ban6gYZWXughWxKtVGfCwFn78ZmY3,5522938.601673033,5523269.559573986,5522938.601673033,1.0,552.2938601673034,0.9983248109671969,1740026.763601,1716855.256802,3454005.963305895
KysFMBBoavfov2tLpvefWW6tPFt6rAeZWDJVy1mMQae,B8ka2V21TH3x64dFV8ETcjuQcwmrciJ2qzy1mJUttRew,7fSf7EYxBANyxzk2s5pymFgshA91tFYQNKKs5UnLWcYS,16.420054000000164,20.32221600000048,0.0,0.0,0.0,0.018703461812524805,130648.274377,3028.123079,56.63638437170153
TETFuZgEmET6d9vYmz9iMFCxK1jKdKYxf3oPz8hSzJK,Eu1Ze6Z84LWNkq7SNoAHBJbXx5t1P95EwyqYohrfCRFV,ASMbv7WNu3qe4pkhREmvyEdwFNDZQ6B6iSrjkj4u8bdC,31.435162604,31.325549438000003,31.55967464120553,1.0039609159581597,0.012623869856482213,0.9989660701174286,44.384637312,208.298843694,252.64391842522593
Sid7E679i9ABqptiAVhkmQ27YHN8vaYT4fppPwmxFsJ,GP7KB8o1bv527HG8kTzzzf4wJ5aEGHvcMQvVhLziUfmT,9gYxhAZ1M9wu5pxr8SBoa5NDm21gi3s9vMHaYTME77sa,37.38618200000019,126.10992200000328,0.22401996177957506,0.0059920524053398636,8.960798471183002e-05,0.018703461812524805,138092.565733,8060.868077,978.2240289139456
JSoLLrxK5bYdHwTEWYaGgmeycBCNXKDiBCTw5hXGBg7,xG4wXczA7Dk4hccJ61CHKpDHW4NrNfQwgmWgkb9BuF2,BVR6WgfhsRr9Lob4QDnkEAiNGgAbv7ZieKcY9kSg3QYR,0.8318760610000311,0.6986171040000038,168.45362673741784,202.49846658036182,0.06738145069496713,184.4740037389191,16.993736721,172.323796733,35230.46635030106
KZMu9QBEdL97EFgamLbN5DE1AoKBG4HdrKKJo4Vuon3,DD4ACBWyVqdaKWh7v5btsgqQCCMwbKnuL2xd9pv7Gyuw,GcYqiJ1MAuYbNTNYXm1F1gQYTfTgkErACAhNU5dpVj9T,10.576448159999927,10.50697222000008,10.648876386252258,1.0068480670596254,0.0042595505545009035,1.0,1304.43594507,1786.19117061,3099.559980506825
MARpDPs5A7XiyCWPNH8GsMWPLxmwNn9SBmKvPa9LzgA,6YjT74rmcfCpw8LSjPNx5JTmZoYLGrTKnf9arfSgZ4SR,F8GSmi3vA8M8TsybLya1LQ4n1aFHCRbZ6k437PeTdXtg,24057.415883000012,24894.50176000045,22382.656028335812,0.9303848816178276,8.953062411334326,1.0,294586.884273,18366.603423,292445.7868734998
ALLwa5WNZbvQsRKAqe1jdRGemdYQnW8E5k4msbRFcYtu,CGoM82Hbz7QVqTgvQatYtjvDWBvoUJp5qm21P8iMs9yb,3dxNNww8TivyN5FMy5dCNdi3Zcxv6e4kUfSPxfFwpdNq,2.3264038559999998,2.3186084569999994,7613.823780068728,3272.7867779414173,3.0455295120274912,3270.8171155318023,2.116672354,6.664965418,28727.30025702731
ALBpShJ9NLpE739pcHDF2LNVk5J4VYPvvKuV6jMPitZi,D6d156U1bPiJpDYRLextvDRccgFk7QzkQbJg42ceKEu5,GNcM8U5g8RwTZffwwm3kSQqUNPSwv5d2fbN9sLxPJqt2,4861.907170999999,4858.5010790000015,4865.687810428702,1.0007776041984622,1.9462751241714809,0.999001997004992,44922.771656,55459.550964,100361.9059578824
STK75uPSyBnEhGTTzb1nwmP3n427XoXmfRhXxxhyady,6TYyD5fUmDe6N65avW1Ny2RxzRNobw2RRgKwH9CTzSAU,54zDfk4cx2vGrEajPtodWpArNe5eUurytyxd4X3aZAxK,230.68656249799835,263.8544591379988,42596.7160576074,184.65191728702018,4.259671605760741,211.32003383656382,1896.025380701,310.023229983,415618.8412214203
parEAJhzYzHW87y9VoZAQ22dzQ2MD2ekEtTReaxbMcz,3oyc6hpjYSJEquK6dSvG72NXyz3pqLZz5D8AC71pwgQb,Di2vordgFJVZ1aj1aBpvzXtLfZgJsuLLXawGtVFwX6Rz,0.3098646219999921,0.3698570359999849,53.66427750525829,173.1862035713766,0.02146571100210332,206.83451563389713,1108.136538116,135.270815458,219892.63366969585
C98Sspw7XqnMsgxea3SLQVdbMDL8pKUc3RE82UvX9eq2,CSqgQJurPCzGxb4Cgwx5R61hWQUiaoUHcShNc8r1cKEL,6S2CR5EnukPhC914XkAns8m5GixjMAoUuZMsS5ubHuWc,26.85839900000005,27.560083999999847,0.0,0.0,0.0,1.0,855.131885,190.104942,190.104942
WiiQFxXqp8P9Fs1rt9SVcDyA3KUdJmUsog6wnVQAwba,3S2jpqSYxho6wiz3cafhjXruVY8cg4HYa2v3BqBHYFSj,Dfe67M6TfrG74gKRtdqys4e6E9QirPD53BkF4FujFjuv,9582.605614552003,9588.135598812,9574.375730108173,0.9991411642328958,0.9574375730108172,1.0,18086.919138888,8802.116776604,26873.5022224188
wrmcMSHFi3sWpAEy4rGDvQb3ezh3PhXoV2xNjgLBkKU,8p4mGnARWPBu6P2Gcw4adodLkNDorrXniZMhaY7eJXUn,AyY89zccbsgp9LKFgH4CFZMJmpSgqmPSdTfukhP227rc,0.0212849499999999,0.013172939999999134,10.489537542628428,492.81476078771516,0.004195815017051371,3275.037662933124,26.88517628,0.12053927,13644.182366276218
BUSDgu5JdqP1rndBvXvanbEufS94FNh1w5FJcAj6vawb,Bgzr8cWubt89JQFXndVjtdKmDbGzuPxNhvjH1EhWCwbo,Dxaf8xPBBQsasRKW5Aa4Sw2YrbfGofY9xZueyyF23FBW,14860.9886975,15006.367170099998,14775.957494904076,0.9942782270865849,5.910382997961631,1.0,10398.66669085,4952.36619211,15291.534073552662
RajgMbScQbqqrdJfR2rxfHJiTiY5b6bJ2tTXiF4aPxy,725ZA3fhyBAKb5iopNRrcbSuQa3LXA1656Q3mBvYPxeg,GLA6i1dSZpUfk2f9Nj8uiG7xyDdAR2reff8oEiZH3617,25163.959107579998,25184.237688399997,25145.314359888423,0.9992590693852321,10.05812574395537,1.0,119077.1500872,65295.62922346,184284.55140464107
BSCuChvaSj9b5HUSqgDVRzcnr2sSn7cXaamt1jbKH6hn,GnKpRj5kBVPMJfiwZtEuD9GYApLzPdW5JFuZTcyX4BTc,3dmwD9okkomV9nDwyuh4UMhKdUR13QpuKxRo89ycZB5t,12.003909753000016,12.011483320999787,11.99387347158097,0.99916391562203,0.004797549388632389,0.9989870271544653,1567.554091847,1443.648970766,3008.4300779193136
MAR3XM1n9xWPQ3HJjAcC85o8DopWFP5p2WxGTaZ3fPB,6qG7GUhER8Cg9gDEgnebph9LdS6eu2eoWcA4R7z9uizK,4QV4CwRXVMY227KkFF9voNAfwWHVvVajXSXDKbUHkWZR,0.11597400000000135,0.0023320000000000007,0.11146876685021617,0.9611530761223626,4.458750674008647e-05,0.020176955124756937,0.104321,24.631445,0.5972560104770797
BSCNHw8CmxbZ8hCWWzMf5FaG2ajPT6JxfznKUNuRVrn4,7n9kgNL633yGzCYksgnzHyjG73ZLBAwvEae5sbAekbzW,SscdxE99omdG9AiMVwmaEMQySQnCgeAh1sPj2Leutm2,24.41007858899866,24.411225008000656,24.406694551985638,0.999861367221712,0.009762677820794256,1.0,6061.841631067,5656.46842728,11717.469688400142
SAMyS8Jr2HJrkFwYVKbpUwsNStnQmvz3f8Tup8bWUWF,6jPzm5TFfquvgm25sTyN3MMGBfufRaFHMxobDWv6hMFW,Cj9ECoDmxsHTDzCY5ZA6RWrPbg9uFzEC1Qc2kso2vJG6,516.2662117100117,10.057838140000001,519.8016373484206,1.0068480670596254,0.20792065493936826,0.020013608585383535,455.86810312,110188.07057571,2664.2508337413865
YakoMPuYrybnr9R7VC7hVGxMz94fJvPFCdZ4gmW61Ed,,,0.02075300000000002,0.02075500000000008,0.0,0.0,0.0,0.020013608585383535,455.86810312,110188.07057571,2205.2609152808764
B2izdXFYb2sNwbWWHmh75T4aQFtfXsUxem9u2p61HGzf,4DYwgJtxwuJdAjkj5RJSNH4e7U329V5cNp7d3a1nLrZv,EXNW64GEf1ACC6xY9BtKRiunrs6GoJSXBdxWN2eTPmrF,610.3467479999908,606.2608740000032,613.8870345281144,1.0058004512020824,0.06138870345281145,1.0,12391.202629,27350.457644,39813.53483918463
FrnkTEL6yZ5Aycq2TrEgu29dCrwKG4LPUZydfiwqspkc,DjvZuMZ46fxKBoBpGMPcRcos4xdTtHFxwMh69DpA2ZFY,9rvDPJLAng4uVVqnnSoEXgNDFhBZQTny9AoQioYDZbQX,3.706580554000766,3.0467486409999935,836.4261255347044,225.65977276060883,0.3345704502138818,184.7583250253673,164.539042958,1451.078216583,305228.62382082257
Lid8SLUxQ9RmF7XMqUA8c24RitTwzja8VSKngJxRcUa,4PgzyzLtds9bKZ2to9PMnKqJzKEUpjvNUaeN23phegax,AtymwxoVN9peZo7EXTcDz9jKVc4vRmisJKKrNfe3ewBa,22.94031285899746,19.430625108999834,5002.91095201599,218.08381528039143,0.500291095201599,184.7583250253673,970.99386335,7613.999113006,1618507.7691968358
