0,1,2,3,4,5,6,7,8,9,10,11
MiMuMS9C4vBqcrYeeQPph1E7oAW9aNKvW9k6Zw9XffM,Afy2q2hh6Y474pshJa5fnQ6PfEchGyTbKrQpCZw2hr3m,5pXz9ksgjeL8Wgb37bksUaBFMLdFfsNNY3FQnikkCPtS,1.3937167650003772,1.2467645229995945,0.0,0.0,0.0,0.017819779235031804,25.954449755,7677.310715978,136.8079820774719
vEnkoSUkpnbRrPgBz9DfcVxNz67zjwMYBZraAvDDNSf,DtfyjjsZ5yCjWKLKHvwsfXs5QVsmm1QkK6Sh9JZHoq1g,e5wrKCRv4GhHvEf1VD5Pq2KGaZDXP77nTL612Jyrxwy,28133.603203000024,28147.767354000025,28090.624547442436,0.9984723373238944,2.8090624547442435,0.9980478184670784,38329.426006,35506.245423,73707.80235887592
wrmcMSHFi3sWpAEy4rGDvQb3ezh3PhXoV2xNjgLBkKU,8p4mGnARWPBu6P2Gcw4adodLkNDorrXniZMhaY7eJXUn,AyY89zccbsgp9LKFgH4CFZMJmpSgqmPSdTfukhP227rc,0.012838789999999961,0.08841284000000726,5.851773017319945,455.7885141294439,0.002340709206927978,3194.6840457478756,26.90831823,0.11716493,12638.807316366096
Lid8SLUxQ9RmF7XMqUA8c24RitTwzja8VSKngJxRcUa,4PgzyzLtds9bKZ2to9PMnKqJzKEUpjvNUaeN23phegax,AtymwxoVN9peZo7EXTcDz9jKVc4vRmisJKKrNfe3ewBa,37.45139008699584,31.605582369001695,7434.933856756247,198.52224014878053,0.7434933856756247,167.53090275032133,955.125291915,7632.788111523,1468341.4953990923
Sid7E679i9ABqptiAVhkmQ27YHN8vaYT4fppPwmxFsJ,GP7KB8o1bv527HG8kTzzzf4wJ5aEGHvcMQvVhLziUfmT,9gYxhAZ1M9wu5pxr8SBoa5NDm21gi3s9vMHaYTME77sa,1230.3012549999785,3943.9274390000455,6.716947147741787,0.005459595461228644,0.002686778859096715,0.017656714241918066,137425.734856,8261.886216,896.1666822909824
Lee1XZJfJ9Hm2K1qTyeCz1LXNc1YBZaKZszvNY4KCDw,9DgFSWkPDGijNKcLGbr3p5xoJbHsPgXUTr6QvGBJ5vGN,2hNHZg7XBhuhHVZ3JDEi4buq2fPQwuWBdQ9xkH7t1GQX,716.6057101360548,593.9893822210015,144789.36409487863,202.0488562216298,14.478936409487865,167.5249809063403,6277.299707314,53341.742208099,10204395.570945876
YAkoNb6HKmSxQN9L8hiBE5tPJRsniSSMzND1boHmZxe,CfWX7o2TswwbxusJ4hCaPobu2jLCb1hfXuXJQjVq3jQF,EnTrdMMpdhugeH6Ban6gYZWXughWxKtVGfCwFn78ZmY3,4735400.7772450335,4732756.100297994,4735400.7772450335,1.0,473.54007772450336,0.996228279732931,546176.390496,2907479.221474,3442689.413664284
WiiQFxXqp8P9Fs1rt9SVcDyA3KUdJmUsog6wnVQAwba,3S2jpqSYxho6wiz3cafhjXruVY8cg4HYa2v3BqBHYFSj,Dfe67M6TfrG74gKRtdqys4e6E9QirPD53BkF4FujFjuv,4893.463709512999,4900.360866480998,4888.608075099366,0.9990077305765661,0.48886080750993666,0.9995737377769676,17245.047252105,9646.801835761,26870.625287576397
MAR3XM1n9xWPQ3HJjAcC85o8DopWFP5p2WxGTaZ3fPB,6qG7GUhER8Cg9gDEgnebph9LdS6eu2eoWcA4R7z9uizK,4QV4CwRXVMY227KkFF9voNAfwWHVvVajXSXDKbUHkWZR,0.004970000000000002,0.2526849999999996,0.004801579787377933,0.9661126332752377,1.9206319149511738e-06,0.017831807361558528,0.099351,24.88413,0.5397132687485076
KZMu9QBEdL97EFgamLbN5DE1AoKBG4HdrKKJo4Vuon3,DD4ACBWyVqdaKWh7v5btsgqQCCMwbKnuL2xd9pv7Gyuw,GcYqiJ1MAuYbNTNYXm1F1gQYTfTgkErACAhNU5dpVj9T,73.54278409000017,73.19811925999988,73.8442406489285,1.0040990637308402,0.029537696259571405,0.9996604453365325,1389.91858529,1700.30539189,3095.343995416648
MiMy69CnJDY4V6cQWkU3HHfTyb8pqXJmhX4MisFYDnM,,,0.004734594000000009,0.003714518,0.0,0.0,0.0,0.9996604453365325,1389.91858529,1700.30539189,1699.728045264865
SoNcU2iwHMw6dGzsYNQkYFkUjwN1UdAjrWVRnStrZu2,8ivTTid27jZnYNc4w3CTA1Z6QS2twsFb8WMwUabeDJgc,CyXm53PMvHCbeXJBykU46Rcbo28xk5srhMZFg7gv6EYB,1.2144689080000024,1.2023844320000023,245.9488599588655,202.51556737166385,0.0983795439835462,197.58167927830524,11.595452033,15.408243693,5392.646210986204
MATSnbbiTCv7Dc3trJrkrqjx7ckKdr6fwPoVwv9q3sD,631WX9JizSHJm4w6VanZeJAst9T8DeUUnPLesdGkCVtK,211maUSfpnXbPuW1iBu8b4dtJv5EbN1j7JJiEX5TZKEP,6773.381563000014,6776.236720000004,6755.048361746233,0.9972933458593376,2.7020193446984933,0.9977212047683093,25341.131295,20332.835861,45559.04310864452
KEN5P7p3asnb23Sw6yAmJRGvijfAzso3RqfyLAQhznt,9zj4aX38Uxf3h6AUjS4EipWS8mwbEofasHAf3a1uKGds,CwQDG1MWunn9cLNwcZLd8YBacweSR7ARo32w4mLua1Yr,52051.32845100062,52058.695813000435,52032.07658266503,0.9996301368493657,5.203207658266503,1.0,1123191.940839,1054481.645911,2177258.159439994
JSoLLrxK5bYdHwTEWYaGgmeycBCNXKDiBCTw5hXGBg7,xG4wXczA7Dk4hccJ61CHKpDHW4NrNfQwgmWgkb9BuF2,BVR6WgfhsRr9Lob4QDnkEAiNGgAbv7ZieKcY9kSg3QYR,0.6573197170000178,0.5534140819999891,130.72919304342233,198.8822024692419,0.05229167721736892,167.90987135417296,17.020768149,172.29265786,32314.765873732576
SEQV6QiTpvTzrceiaYg9Avnwf7oc8ZALpnQMz6TyT4A,3dFMPj4r9mMmPHF32mz1gNDX7f8ftidWof7S8YiYTs1j,Fc1ED3YPeQfXQosHbd8DTaBd2AV5gHQtwiSAL5C5pUhi,1067.055643993,1065.6661263,1065.8771984377581,0.9988956100257038,0.42635087937510324,0.9980537950995559,2042.218714973,3530.004786749,5563.097983233301
AUSejoEUCh2DBs9mof6BNC8Pubs22w4cJa1ccV9h44R,4xkyD7AfGQDwsQMy9MosRRNGoVJ1zosNinesxg1TzHG7,Cbm5gsQe3nSiCsFrvepVzMCD9xLK3ri9g3ypS2hdmVJ7,293.5139459999973,293.65916000000107,293.3957075298628,0.9995971623435757,0.029339570752986283,1.0,14519.031993,14371.166581,28884.34976117839
SoN9GaFpSXfpyR5dth3x7PHPVhvJMpQqqDJfCSmPv1t,9kZ9iS68ViMPtoeqtnhAKuF2iqVyfHPdZHoUNdwCELr,BBhm5fJLjw3HRzjtKB8uMEYjGhY6EDm9co3cqpjrSzB9,0.20735640699999935,0.2026890090000002,42.46764018701146,204.80505426105108,0.016987056074804583,198.8822024692419,1.862134916,3.236639532,1025.0846412359542
MARpDPs5A7XiyCWPNH8GsMWPLxmwNn9SBmKvPa9LzgA,6YjT74rmcfCpw8LSjPNx5JTmZoYLGrTKnf9arfSgZ4SR,F8GSmi3vA8M8TsybLya1LQ4n1aFHCRbZ6k437PeTdXtg,29378.061772999987,30443.300372000667,28348.610337214384,0.9649584971350382,11.339444134885754,1.0,293483.319727,19507.447028,302706.6701659679
MiMUFdSLMyCLpqpH6zkqdDrGYs7XBomwENbivdYjv9V,,,0.04860759499999992,0.04696828799999997,0.0,0.0,0.0,1.0,293483.319727,19507.447028,19507.447028
4vezWG46exH6pf9nry3n1VJ7hZHvjBJNgNeF4qEFCML5,,,0.004531000000000063,0.0045000000000001705,0.0,0.0,0.0,1.0,293483.319727,19507.447028,19507.447028
ALBpShJ9NLpE739pcHDF2LNVk5J4VYPvvKuV6jMPitZi,D6d156U1bPiJpDYRLextvDRccgFk7QzkQbJg42ceKEu5,GNcM8U5g8RwTZffwwm3kSQqUNPSwv5d2fbN9sLxPJqt2,468.4358609999981,467.9137719999999,468.11052418568914,0.9993054826895309,0.18724420967427566,0.9982221663217808,44824.29716,55558.636522,100253.02841656802
CZgvH45CRmoaNJ7395Ao5CQZXkGznvqU7cErD6n7FaRg,4ZjU6MKvtqVQKCiowhvZ5yUsPxXX5SCzd5eFsPeXyey5,BsyWeshjDbCvjDojry3vKDCesmFRM37WtwcR4Kfgzqr,47.99187783000002,43.14638627999999,51.7205777144611,1.0776943944070938,0.020688231085784443,0.9996604453365325,139.55564771,669.70255824,819.8734968581317
BUSDgu5JdqP1rndBvXvanbEufS94FNh1w5FJcAj6vawb,Bgzr8cWubt89JQFXndVjtdKmDbGzuPxNhvjH1EhWCwbo,Dxaf8xPBBQsasRKW5Aa4Sw2YrbfGofY9xZueyyF23FBW,22302.436976990004,22479.684598100008,22150.6582302241,0.9931945218846489,8.860263292089641,0.9996604453365325,10402.35662055,4971.50936728,15301.384878310637
NorjjEePhxfwLF4vZjUHCrVVKLzQjEEGQFd3wgjEJmh,34M8pFVqgbV7aqHxvRT5tCv3vu2P1JJYT8J3VaxBK2oG,3AZWBSze3ucsY3xSeuLne3b2pauVqiaJ1SZSV5T9WGWw,5.570756999999958,10.0,3.1029239831228095,0.557002214083801,0.0012411695932491237,1.0,38310.800455,2089.421053,23428.621729757688
AURHmCnNwiW4uA2Qj1XvEh4iKgRUZYXtiY7FKAapUV5Y,BKWm4TRnTeKwfWXRyuzjRHU7iZDkPuXBX5b5V5jSVfGJ,A5Ww74HVrkj9nPeC7pHKLfgeDMEhBCpW1efQdz3TGLEg,0.1930233880001424,0.17198908500012067,36.20890796288275,187.5881898977757,0.0144835631851531,168.0154950610165,282.756021399,1795.238722924,354669.61302171805
KEVpg4SYCVrqFxKijQH6hm4QxsRdoE51ud64bEEFUC9,2bPenuBYfqzD8p5dFjCcggwkHDsc2RQDnx9AoyYGUBjA,AE6n6iLuX8oYu61vt5hoDYkjswpnxFxrhSehxrnQTnbx,42.01338742900043,42.01392632399984,41.96927843084734,0.9989501204056057,0.016787711372338938,0.9995737377769676,5215.648713692,2357.461933242,7566.629946813588
BUSDTd9WiT6uBHJRgNvFXBsA7JrifsAtWzKfioN7ERcy,DyBxrn7gSc1EwnpWhDyhzvMHPtxpmBqRqotapLcKcfTM,Cds99GeBgoCpqBsoRWu1C6fF9LiUMd4pXQQD24s9LPff,182.16834173999996,181.47840289999996,182.0200427303858,0.9991859232608824,0.01820200427303858,0.9963553321948314,97.24339057,101.16779955,197.9633035157644
BUSD5rCfUDpCxKGMvYU2yThChxgHoioK74PTPociGnv2,CcFHbafgYDZ8yA8Me1PdtDiVb2eeaS61LbqyKKK5CsNZ,26R9s4nmF3CFDTkiePDwRmtscn8i7r2eygbSijditJ58,5.0565741200000005,5.065918969999984,5.049637987756398,0.9986282941614227,0.0005049637987756398,0.9996604453365325,85.23294456,63.31317474,148.40770648856602
FrnkTEL6yZ5Aycq2TrEgu29dCrwKG4LPUZydfiwqspkc,DjvZuMZ46fxKBoBpGMPcRcos4xdTtHFxwMh69DpA2ZFY,9rvDPJLAng4uVVqnnSoEXgNDFhBZQTny9AoQioYDZbQX,49.58645934800006,40.3937145029999,10149.726700886331,204.68746577881433,4.059890680354533,167.55234838020442,164.145594597,1451.585640903,276815.1287850983
SUiuyGR7SFq3xeRVJonq84fjjeFwRSsFekcevJ53tzy,49GjCCPsv7fBqo6t3iKDrP1xxGDS8uWZbVCdfnp2gjMf,CEwj5xEbbJEjYqM8D6Ai8ByGz1mrh8mkAVsE5fzDSSSx,0.1902970000000006,32.550690000000145,0.0010400231482306363,0.005465262974353947,4.1600925929225457e-07,0.9649584971350382,706.651885,1.240894,5.059449592191809
HEDSDjj84KS7LKhZY7ejkCACTdPen62rKhCby1wXtgxc,EnnjMSFttpCTywBrYNt1J5QQeoSVkvzPipJDa8Y7kJow,6bjVT6JN2rSvpyn9PdfLYC8wJn4LWh49jpY47fnLDXZk,26.394032443000924,31.3331802649991,22.197071103180516,0.8409882480487235,0.008878828441272208,0.9995737377769676,44471.976358318,3833.834515571,41232.60978159376
SAMGk1Nd4haC8zQA63DG37pzuEZy8j4q13tSFtCbcRE,9U9TnkHD3jXMAVZtynCVLgDruuqN4pTvLJTmVHCLWS8g,C6zoEbvqSknmi96QWq96UBiPCyNW3YSTvKhavR2BfifE,0.004721289999999989,0.00898600000000016,0.008135722606304132,1.723199084636646,3.254289042521653e-06,0.0,53.65430957,1.13192908,92.45705713783525
STK75uPSyBnEhGTTzb1nwmP3n427XoXmfRhXxxhyady,6TYyD5fUmDe6N65avW1Ny2RxzRNobw2RRgKwH9CTzSAU,54zDfk4cx2vGrEajPtodWpArNe5eUurytyxd4X3aZAxK,130.46639559500147,149.3818310360075,21875.191033020004,167.6691605777611,2.1875191033020007,191.885580930718,1967.333422592,320.455124748,391351.8613170701
RajgMbScQbqqrdJfR2rxfHJiTiY5b6bJ2tTXiF4aPxy,725ZA3fhyBAKb5iopNRrcbSuQa3LXA1656Q3mBvYPxeg,GLA6i1dSZpUfk2f9Nj8uiG7xyDdAR2reff8oEiZH3617,37020.97009216,37010.76464993,37037.8011801503,1.0004546366005105,14.815120472060121,0.9996604453365325,79094.3136272,105289.12679884,184383.64818189022
parEAJhzYzHW87y9VoZAQ22dzQ2MD2ekEtTReaxbMcz,3oyc6hpjYSJEquK6dSvG72NXyz3pqLZz5D8AC71pwgQb,Di2vordgFJVZ1aj1aBpvzXtLfZgJsuLLXawGtVFwX6Rz,0.20548671400001695,0.2453183719997014,33.56980430397895,163.3672739736165,0.01342792172159158,193.71870958543423,1108.240245667,135.184166607,207237.89015395925
KysFMBBoavfov2tLpvefWW6tPFt6rAeZWDJVy1mMQae,B8ka2V21TH3x64dFV8ETcjuQcwmrciJ2qzy1mJUttRew,7fSf7EYxBANyxzk2s5pymFgshA91tFYQNKKs5UnLWcYS,40.04917099999602,43.487652999993315,0.0,0.0,0.0,0.017734758455959433,130566.468132,3094.495721,54.88013415493503
DEDaBEWzMCXohXYXoLzB4jK1xqMsd3SS9izXp2xvg9pe,,,237994.4023355306,374304.3146186492,0.0,0.0,0.0,0.017734758455959433,130566.468132,3094.495721,54.88013415493503
heyk4SZTeCUV6a65WiVA5bzic3KcxgVf1qxobfeV4tQ,9ZDpBKPqMABtGfq66FbVribaArMvtk63xxy91onZAtDt,DaTP4s6N7xxSPinbNZ3FB52EpRDRt87QShTuN3VPCW52,2.1071839419994376,1.8092254010006172,408.2009541032795,193.71870958543423,0.1632803816413118,167.54358981576237,597.177697005,4504.521993748,870388.278093605
GokA1R67GqSavkd15zR62QD68Tuc5AEfvjssntVDEbM8,3YB7hfpBdbQEuZqLGWVDpRPmeZWCUsrrWyqGXegnQ6Cg,4DPCj6Z1DsG6HUtwSogBGqXEUxdEV5a8YVrrFtcnz7UW,6697.557385999993,6699.736749000003,6696.211447499047,0.9997990403928811,0.6696211447499048,1.0,20459.397223,12057.990976,32513.27668657218
C2ypsDADXcCRz8HbV2zX1AXPSja7a1P3xZtRC91xGhJh,J9bYNuDpY1d1T86gLaw7DGk5D3CsUAf2tzUwxMvb6FTv,A2NGvvPrMGzsJ4jb52KEnSBVmsA7C34dV1GC7PerdgvG,79.64691594599992,81.20280910299971,13344.330215347114,167.54358981576237,5.337732086138845,170.25739512995747,2105.140580072,625.252913597,459156.7422185408
daob129AwBGn9Y5r91uLoWZeYiGzbPmksauMhFZKTze,6VW5GQNyj4LStgmxEHLr5zUfW92vQnmbw8jTnCH7a38F,4VPCCUifPeBA1c7HWK358CHn2nyjm8pdTRk6Ps3KmnMQ,11.100215814999842,9.871258725000004,2084.2653633188525,187.76800361866495,0.833706145327541,167.71212816963342,45.867229079,221.473351737,45756.16518835785
ALLwa5WNZbvQsRKAqe1jdRGemdYQnW8E5k4msbRFcYtu,CGoM82Hbz7QVqTgvQatYtjvDWBvoUJp5qm21P8iMs9yb,3dxNNww8TivyN5FMy5dCNdi3Zcxv6e4kUfSPxfFwpdNq,0.36348107099999805,0.36307494199999946,1160.9104790801598,3193.8677738741612,0.4643641916320639,3200.2252958608287,3.04280064,5.753513665,28130.84287723362
C98Sspw7XqnMsgxea3SLQVdbMDL8pKUc3RE82UvX9eq2,CSqgQJurPCzGxb4Cgwx5R61hWQUiaoUHcShNc8r1cKEL,6S2CR5EnukPhC914XkAns8m5GixjMAoUuZMsS5ubHuWc,114.67284299999997,119.89426100000003,0.0,0.0,0.0,1.0,820.988814,144.846081,144.846081
DFWzVTzNBrQZLjoQ4yQwkj9HuoXmfkuZP9V5vbymZe23,DhgiEgiNdqZdRdo195UUHnoEJUtefK8buko8nU97XJUZ,2K2kkXsouBHtWVjtcgkyiXd8eP3oVBvq1bTJzcVdLLr2,7.323109561999445,7.341414007005369,7.304689028184821,0.9974846021818095,0.0029218756112739286,0.9995737377769676,36127.044276362,31839.650256553,67862.24860446563
Dg3mAgpwDfVNnbGWcsxL8sUcSkEbjSJQhKAWNigG44Ju,EATxwd8YA2wV93VJcKMmH2Kn2Y9XfJVUB9hHVu3udwEy,GiGvrRi7NMHfHKanG2B8xyCEqe8jaafWins8bhrLVEaa,0.0017860219999999982,0.001772496999999984,0.36603116842021954,204.9421386859848,0.00014641246736808781,202.4029275559442,0.134341576,0.184025784,64.77960732726359
B2izdXFYb2sNwbWWHmh75T4aQFtfXsUxem9u2p61HGzf,4DYwgJtxwuJdAjkj5RJSNH4e7U329V5cNp7d3a1nLrZv,EXNW64GEf1ACC6xY9BtKRiunrs6GoJSXBdxWN2eTPmrF,1557.7775550000042,1548.754850999967,1563.7981779852475,1.0038648797871808,0.15637981779852475,1.0,13074.98257,26663.019128,39788.534933852534
Cob4usZcpHEY7Qt4ZCwj6WVg9S44zvzYV2v9qYF65dTf,NhFM9UXE48PyNAyeyPYA3iXztqKVJwA4bTdLj4ysM8w,6TuFuynuBoeskxyR2cz4wxyidk8dpDK7kAWw3UkjQGx,8.568767000000008,1503.3297519999978,0.04683056502096599,0.005465262974353947,1.8732226008386396e-05,1.0,39491.528831,68.766861,284.59845132069574
RoBgmK8CvjdHvPrqdDyVw54VwjZv2TqJ493xnqJAQHx,ExiHJxM7qPAcy27NDHAF6G7vnW7muNHi2sVJpnaNynGQ,6rkPHSqZb7StM4HwS9EuVrmfkV7tRdc7dnsFhyB6cefE,0.7084519999999976,46.085959,0.0,0.0,0.0,0.9681994878224709,6364.045454,17.387052,16.834134841142667
SAMyS8Jr2HJrkFwYVKbpUwsNStnQmvz3f8Tup8bWUWF,6jPzm5TFfquvgm25sTyN3MMGBfufRaFHMxobDWv6hMFW,Cj9ECoDmxsHTDzCY5ZA6RWrPbg9uFzEC1Qc2kso2vJG6,1125.9061282800067,172.38663381998975,1130.52128925477,1.0040990637308402,0.452208515701908,0.017589578985823,422.12913085,112000.83010714,2393.9069127072803
KEnkcdADoLR5jS2CLLLesy8TtFsyWL37BhXNfDMzWzP,3qsjFRuw1qeLMPo4DLwaQevenGAGBj9dA3Q6rb8ax2YR,77iEv8zPQAEyCcEbvBRSB6AFcUdfkhiqnAKtPxk76rNN,0.029017000000000043,5.121480000000005,0.00015858553572682872,0.005465262974353947,6.343421429073148e-08,0.9969960508986424,130.519379,0.222578,0.935232116501288
KwnjUuZhTMTSGAaavkLEmSyfobY16JNH4poL9oeeEvE,J63v6qEZmQpDqCD8bd4PXu2Pq5ZbyXrFcSa3Xt1HdAPQ,BnKQtTdLw9qPCDgZkWX3sURkBAoKCUYL1yahh6Mw7mRK,123.18767399998865,6647.653488000048,2.197465530008826,0.017838355564770453,0.0002197465530008826,1.0,280148.127823,526.820135,5524.202049911436
MATgk4zXLXtYkwBH678J1xZbRDZ45LicNzkRBHkxTuY,y8dALFo1bJrSzPYjMX14HJX448pXqYmrfXHD1K8MXih,GN7Yuet3UyiWS5YVkEHv6oQKi4HGBJc3XDPt9zQhAqZz,13337.690812999996,13358.577435999996,13317.302023601862,0.9984713403778815,5.326920809440745,1.0,5093.463688,3027.590387,8113.267902723428
ercAoEmXjQzEvAFbdjAo81KtMxRGn9AW1ju882upmPH,CMRhskR2Eg6V42RTSdRTXGdozyPbWB8U9dVpijPWb9T4,7TKLLgrWswt6ZJ1pXhVR3FyufHGjJFqiEXxvWJfDcgRm,1.0708386430000019,0.9420000000000002,179.4041549293654,167.5361233012256,0.07176166197174616,147.2739517886937,46.813054941,401.085532797,66912.32916499033
